#idx, x0, x1, x2, y, f_neval, total_time (us), 
0, 70.925926, 662.143258, 30.000000, 0.179574, 737, 573.0
1, 75.452675, 659.757136, 39.676997, 0.128700, 730, 567.0
2, 74.629630, 661.619475, 30.000000, 0.058341, 725, 586.0
3, 73.888889, 662.143258, 30.000000, 0.118883, 729, 565.0
4, 73.888889, 662.143258, 30.000000, 0.135753, 731, 586.0
5, 75.617284, 658.825967, 30.000000, 0.059001, 732, 567.0
6, 73.888889, 662.143258, 30.000000, 0.177005, 736, 580.0
7, 77.674897, 657.400114, 40.433012, 0.104490, 730, 568.0
8, 73.888889, 662.143258, 30.000000, 0.200624, 734, 569.0
9, 73.888889, 662.143258, 30.000000, 0.112924, 731, 566.0
10, 77.098765, 660.222721, 37.257747, 0.108092, 726, 710.0
11, 79.076360, 663.358951, 33.326468, 0.132047, 743, 574.0
12, 75.617284, 658.825967, 30.000000, 0.090908, 730, 566.0
13, 75.617284, 658.825967, 30.000000, 0.069369, 726, 563.0
14, 77.839506, 659.960830, 36.804138, 0.073074, 733, 586.0
15, 73.888889, 662.143258, 30.000000, 0.066974, 723, 561.0
16, 75.617284, 658.825967, 30.000000, 0.060777, 731, 587.0
17, 75.617284, 658.825967, 30.000000, 0.063044, 728, 563.0
18, 71.426612, 659.718338, 35.040102, 0.055012, 725, 560.0
19, 79.076360, 663.358951, 33.326468, 0.137140, 734, 565.0
20, 75.617284, 658.825967, 30.000000, 0.092454, 736, 570.0
21, 75.617284, 658.825967, 30.000000, 0.091296, 733, 569.0
22, 70.925926, 662.143258, 30.000000, 0.156309, 730, 565.0
23, 73.888889, 662.143258, 30.000000, 0.117108, 728, 564.0
24, 73.888889, 662.143258, 30.000000, 0.141097, 729, 584.0
25, 77.098765, 660.222721, 37.257747, 0.089126, 738, 572.0
26, 73.888889, 662.143258, 30.000000, 0.276268, 734, 568.0
27, 69.828532, 665.237456, 40.937022, 0.189924, 736, 570.0
28, 70.925926, 662.143258, 30.000000, 0.122812, 725, 563.0
29, 77.098765, 660.222721, 37.257747, 0.116559, 734, 570.0
30, 73.888889, 662.143258, 30.000000, 0.105065, 728, 599.0
31, 73.888889, 662.143258, 30.000000, 0.217251, 736, 570.0
32, 75.617284, 658.825967, 30.000000, 0.080336, 725, 561.0
33, 75.617284, 658.825967, 30.000000, 0.055114, 723, 559.0
34, 71.426612, 659.718338, 35.040102, 0.115898, 731, 566.0
35, 73.888889, 662.143258, 30.000000, 0.063165, 732, 568.0
36, 69.828532, 665.237456, 40.937022, 0.252032, 738, 572.0
37, 73.888889, 662.143258, 30.000000, 0.103744, 724, 561.0
38, 67.139918, 661.124791, 40.433012, 0.135455, 725, 562.0
39, 75.617284, 658.825967, 30.000000, 0.086644, 725, 593.0
40, 70.925926, 662.143258, 30.000000, 0.133481, 736, 572.0
41, 73.888889, 662.143258, 30.000000, 0.099113, 729, 571.0
42, 70.925926, 662.143258, 30.000000, 0.121923, 730, 567.0
43, 77.098765, 660.222721, 37.257747, 0.115515, 724, 564.0
44, 73.888889, 662.143258, 30.000000, 0.118622, 728, 564.0
45, 70.925926, 662.143258, 30.000000, 0.075561, 726, 570.0
46, 73.888889, 662.143258, 30.000000, 0.234712, 731, 567.0
47, 75.617284, 658.825967, 30.000000, 0.088854, 731, 567.0
48, 73.888889, 662.143258, 30.000000, 0.108888, 732, 568.0
49, 75.617284, 658.825967, 30.000000, 0.025391, 729, 572.0
50, 70.925926, 662.143258, 30.000000, 0.229531, 732, 568.0
51, 72.407407, 657.952996, 30.000000, 0.229677, 735, 569.0
52, 70.925926, 662.143258, 30.000000, 0.085459, 734, 570.0
53, 73.888889, 662.143258, 30.000000, 0.077521, 727, 577.0
54, 75.617284, 658.825967, 30.000000, 0.047298, 731, 586.0
55, 68.456790, 664.849469, 40.433012, 0.134852, 732, 568.0
56, 73.888889, 662.143258, 30.000000, 0.146750, 738, 572.0
57, 70.925926, 662.143258, 30.000000, 0.358286, 737, 581.0
58, 68.456790, 664.849469, 40.433012, 0.169169, 731, 596.0
59, 70.925926, 662.143258, 30.000000, 0.068226, 732, 568.0
60, 73.888889, 662.143258, 30.000000, 0.093149, 724, 562.0
61, 75.617284, 658.825967, 30.000000, 0.048744, 725, 577.0
62, 70.925926, 662.143258, 30.000000, 0.084183, 729, 585.0
63, 75.617284, 658.825967, 30.000000, 0.084267, 735, 571.0
64, 77.098765, 660.222721, 37.257747, 0.209750, 731, 568.0
65, 70.925926, 662.143258, 30.000000, 0.114386, 729, 572.0
66, 70.925926, 662.143258, 30.000000, 0.178798, 736, 571.0
67, 73.888889, 662.143258, 30.000000, 0.051397, 726, 563.0
68, 73.888889, 662.143258, 30.000000, 0.186609, 732, 594.0
69, 70.925926, 662.143258, 30.000000, 0.147968, 736, 587.0
70, 70.925926, 662.143258, 30.000000, 0.207403, 737, 571.0
71, 77.098765, 660.222721, 37.257747, 0.092018, 726, 563.0
72, 73.888889, 662.143258, 30.000000, 0.116205, 728, 564.0
73, 73.888889, 662.143258, 30.000000, 0.147749, 734, 573.0
74, 70.925926, 662.143258, 30.000000, 0.089467, 737, 570.0
75, 70.925926, 662.143258, 30.000000, 0.067463, 724, 560.0
76, 70.925926, 662.143258, 30.000000, 0.117465, 737, 572.0
77, 70.925926, 662.143258, 30.000000, 0.211484, 735, 581.0
78, 75.617284, 658.825967, 30.000000, 0.065076, 729, 566.0
79, 68.456790, 664.849469, 40.433012, 0.195448, 731, 578.0
80, 70.925926, 662.143258, 30.000000, 0.061899, 734, 587.0
81, 70.925926, 662.143258, 30.000000, 0.082406, 732, 573.0
82, 70.925926, 662.143258, 30.000000, 0.180185, 737, 571.0
83, 70.925926, 662.143258, 30.000000, 0.096022, 738, 571.0
84, 73.888889, 662.143258, 30.000000, 0.216835, 734, 570.0
85, 73.888889, 662.143258, 30.000000, 0.207490, 738, 580.0
86, 75.617284, 658.825967, 30.000000, 0.053288, 734, 569.0
87, 70.925926, 662.143258, 30.000000, 0.137228, 735, 597.0
88, 67.222222, 670.000000, 30.000000, 0.268151, 729, 566.0
89, 70.925926, 662.143258, 30.000000, 0.093176, 726, 563.0
90, 67.139918, 661.124791, 40.433012, 0.098243, 734, 568.0
91, 70.925926, 662.143258, 30.000000, 0.094848, 727, 565.0
92, 74.629630, 661.619475, 30.000000, 0.072664, 729, 564.0
93, 70.925926, 662.143258, 30.000000, 0.118501, 735, 571.0
94, 75.452675, 655.566874, 37.257747, 0.107463, 728, 578.0
95, 75.617284, 658.825967, 30.000000, 0.071956, 720, 559.0
96, 73.888889, 662.143258, 30.000000, 0.082799, 726, 563.0
97, 68.456790, 664.849469, 40.433012, 0.080662, 726, 564.0
98, 73.888889, 662.143258, 30.000000, 0.070751, 729, 565.0
99, 70.925926, 662.143258, 30.000000, 0.075343, 729, 565.0
100, 68.456790, 664.849469, 40.433012, 0.105356, 735, 569.0
101, 68.456790, 664.849469, 40.433012, 0.169547, 734, 585.0
102, 73.888889, 662.143258, 30.000000, 0.171862, 734, 569.0
103, 70.925926, 662.143258, 30.000000, 0.130595, 742, 574.0
104, 70.925926, 662.143258, 30.000000, 0.179494, 738, 571.0
105, 70.925926, 662.143258, 30.000000, 0.091934, 735, 570.0
106, 72.407407, 657.952996, 30.000000, 0.189317, 732, 568.0
107, 80.473251, 655.304983, 36.804138, 0.123296, 730, 568.0
108, 70.925926, 662.143258, 30.000000, 0.106696, 737, 571.0
109, 70.925926, 662.143258, 30.000000, 0.244564, 738, 573.0
110, 73.888889, 662.143258, 30.000000, 0.117787, 729, 565.0
111, 70.925926, 662.143258, 30.000000, 0.084326, 725, 563.0
112, 75.617284, 658.825967, 30.000000, 0.044376, 731, 567.0
113, 73.888889, 662.143258, 30.000000, 0.164347, 737, 598.0
114, 73.888889, 662.143258, 30.000000, 0.157224, 733, 569.0
115, 70.925926, 662.143258, 30.000000, 0.048223, 729, 566.0
116, 70.925926, 662.143258, 30.000000, 0.079738, 730, 592.0
117, 77.098765, 660.222721, 37.257747, 0.092430, 728, 565.0
118, 70.925926, 662.143258, 30.000000, 0.094424, 738, 572.0
119, 75.452675, 655.566874, 37.257747, 0.052626, 725, 561.0
120, 70.925926, 662.143258, 30.000000, 0.106693, 734, 570.0
121, 70.925926, 662.143258, 30.000000, 0.288616, 735, 570.0
122, 75.617284, 658.825967, 30.000000, 0.087923, 727, 564.0
123, 73.888889, 662.143258, 30.000000, 0.082637, 733, 578.0
124, 75.452675, 655.566874, 37.257747, 0.065710, 729, 567.0
125, 69.938272, 662.754338, 36.804138, 0.113201, 728, 561.0
126, 70.925926, 662.143258, 30.000000, 0.138430, 734, 570.0
127, 70.925926, 662.143258, 30.000000, 0.122214, 736, 571.0
128, 70.925926, 662.143258, 30.000000, 0.242693, 739, 573.0
129, 73.888889, 662.143258, 30.000000, 0.185226, 731, 584.0
130, 73.888889, 662.143258, 30.000000, 0.111774, 730, 566.0
131, 70.925926, 662.143258, 30.000000, 0.203808, 738, 571.0
132, 75.452675, 655.566874, 37.257747, 0.053847, 731, 574.0
133, 67.139918, 661.124791, 40.433012, 0.115643, 735, 571.0
134, 73.888889, 662.143258, 30.000000, 0.055549, 731, 567.0
135, 70.925926, 662.143258, 30.000000, 0.091856, 729, 590.0
136, 69.828532, 665.237456, 40.937022, 0.281510, 739, 579.0
137, 68.456790, 664.849469, 40.433012, 0.236156, 729, 591.0
138, 70.925926, 662.143258, 30.000000, 0.327616, 735, 572.0
139, 73.888889, 662.143258, 30.000000, 0.194305, 733, 569.0
140, 70.925926, 662.143258, 30.000000, 0.169925, 737, 578.0
141, 70.925926, 662.143258, 30.000000, 0.116026, 736, 571.0
142, 75.617284, 658.825967, 30.000000, 0.095614, 722, 559.0
143, 75.617284, 658.825967, 30.000000, 0.069081, 720, 559.0
144, 73.888889, 662.143258, 30.000000, 0.135098, 727, 577.0
145, 77.098765, 660.222721, 37.257747, 0.151854, 727, 590.0
146, 70.925926, 662.143258, 30.000000, 0.098141, 734, 608.0
147, 84.259259, 657.952996, 30.000000, 0.099110, 733, 567.0
148, 70.925926, 662.143258, 30.000000, 0.078353, 729, 574.0
149, 73.888889, 662.143258, 30.000000, 0.176740, 730, 566.0
150, 70.925926, 662.143258, 30.000000, 0.093350, 727, 565.0
151, 73.888889, 662.143258, 30.000000, 0.163394, 732, 567.0
152, 73.888889, 662.143258, 30.000000, 0.206357, 732, 578.0
153, 73.888889, 662.143258, 30.000000, 0.344579, 736, 578.0
154, 73.888889, 662.143258, 30.000000, 0.238864, 733, 569.0
155, 73.888889, 662.143258, 30.000000, 0.295044, 733, 569.0
156, 73.888889, 662.143258, 30.000000, 0.216653, 735, 576.0
157, 70.925926, 662.143258, 30.000000, 0.042256, 724, 561.0
158, 71.426612, 659.718338, 35.040102, 0.060251, 722, 561.0
159, 68.456790, 664.849469, 40.433012, 0.112364, 731, 567.0
160, 68.456790, 664.849469, 40.433012, 0.145208, 733, 581.0
161, 71.817558, 665.800038, 35.997722, 0.266405, 736, 572.0
162, 73.888889, 662.143258, 30.000000, 0.237988, 732, 569.0
163, 73.888889, 662.143258, 30.000000, 0.226152, 734, 591.0
164, 73.888889, 662.143258, 30.000000, 0.086345, 725, 688.0
165, 68.456790, 664.849469, 40.433012, 0.104323, 726, 565.0
166, 73.888889, 662.143258, 30.000000, 0.168072, 733, 568.0
167, 70.925926, 662.143258, 30.000000, 0.317051, 738, 574.0
168, 75.617284, 658.825967, 30.000000, 0.073341, 732, 568.0
169, 75.617284, 658.825967, 30.000000, 0.059947, 726, 563.0
170, 73.888889, 662.143258, 30.000000, 0.113204, 729, 568.0
171, 73.888889, 662.143258, 30.000000, 0.121571, 732, 567.0
172, 73.888889, 662.143258, 30.000000, 0.070774, 724, 582.0
173, 77.098765, 660.222721, 37.257747, 0.077793, 727, 564.0
174, 73.888889, 662.143258, 30.000000, 0.191860, 736, 571.0
175, 70.925926, 662.143258, 30.000000, 0.172769, 733, 569.0
176, 70.925926, 662.143258, 30.000000, 0.337791, 734, 571.0
177, 73.888889, 662.143258, 30.000000, 0.131424, 734, 569.0
178, 69.828532, 665.237456, 40.937022, 0.244248, 739, 591.0
179, 73.888889, 662.143258, 30.000000, 0.115851, 726, 610.0
180, 75.617284, 658.825967, 30.000000, 0.090365, 725, 562.0
181, 70.925926, 662.143258, 30.000000, 0.089265, 726, 563.0
182, 68.456790, 664.849469, 40.433012, 0.107612, 738, 589.0
183, 70.925926, 662.143258, 30.000000, 0.174058, 733, 593.0
184, 73.888889, 662.143258, 30.000000, 0.105991, 734, 569.0
185, 70.925926, 662.143258, 30.000000, 0.068876, 734, 569.0
186, 69.938272, 662.754338, 36.804138, 0.094824, 725, 564.0
187, 70.925926, 662.143258, 30.000000, 0.210024, 730, 567.0
188, 70.925926, 662.143258, 30.000000, 0.204420, 736, 572.0
189, 70.925926, 662.143258, 30.000000, 0.048669, 726, 564.0
190, 73.888889, 662.143258, 30.000000, 0.200504, 738, 598.0
191, 73.888889, 662.143258, 30.000000, 0.105120, 728, 564.0
192, 70.925926, 662.143258, 30.000000, 0.076893, 727, 577.0
193, 70.925926, 662.143258, 30.000000, 0.067987, 733, 594.0
194, 75.617284, 658.825967, 30.000000, 0.058489, 725, 563.0
195, 77.839506, 659.960830, 36.804138, 0.130680, 725, 632.0
196, 68.456790, 664.849469, 40.433012, 0.073226, 736, 571.0
197, 70.925926, 662.143258, 30.000000, 0.148178, 737, 571.0
198, 75.617284, 658.825967, 30.000000, 0.060768, 732, 569.0
199, 70.925926, 662.143258, 30.000000, 0.088047, 725, 579.0
200, 73.888889, 662.143258, 30.000000, 0.155560, 731, 567.0
201, 70.925926, 662.143258, 30.000000, 0.099505, 734, 570.0
202, 70.925926, 662.143258, 30.000000, 0.067167, 738, 604.0
203, 80.473251, 655.304983, 36.804138, 0.099082, 727, 569.0
204, 73.888889, 662.143258, 30.000000, 0.076278, 733, 568.0
205, 77.839506, 659.960830, 36.804138, 0.142468, 731, 567.0
206, 70.925926, 662.143258, 30.000000, 0.069141, 724, 563.0
207, 70.925926, 662.143258, 30.000000, 0.177985, 737, 576.0
208, 73.888889, 662.143258, 30.000000, 0.168279, 734, 570.0
209, 73.888889, 662.143258, 30.000000, 0.092493, 727, 564.0
210, 73.888889, 662.143258, 30.000000, 0.064247, 726, 564.0
211, 70.925926, 662.143258, 30.000000, 0.069864, 730, 569.0
212, 73.888889, 662.143258, 30.000000, 0.121792, 729, 583.0
213, 73.888889, 662.143258, 30.000000, 0.060711, 741, 576.0
214, 70.925926, 662.143258, 30.000000, 0.152429, 727, 564.0
215, 77.839506, 659.960830, 36.804138, 0.157145, 732, 583.0
216, 73.888889, 662.143258, 30.000000, 0.207839, 733, 568.0
217, 73.888889, 662.143258, 30.000000, 0.064618, 735, 569.0
218, 75.617284, 658.825967, 30.000000, 0.050524, 732, 567.0
219, 75.617284, 658.825967, 30.000000, 0.104913, 718, 560.0
220, 73.888889, 662.143258, 30.000000, 0.034157, 728, 565.0
221, 75.617284, 658.825967, 30.000000, 0.137281, 724, 563.0
222, 80.473251, 655.304983, 36.804138, 0.182849, 726, 564.0
223, 73.888889, 662.143258, 30.000000, 0.184330, 732, 567.0
224, 70.925926, 662.143258, 30.000000, 0.067285, 732, 568.0
225, 70.925926, 662.143258, 30.000000, 0.192471, 735, 570.0
226, 75.617284, 658.825967, 30.000000, 0.088852, 727, 686.0
227, 70.925926, 662.143258, 30.000000, 0.081232, 727, 580.0
228, 73.888889, 662.143258, 30.000000, 0.164778, 736, 569.0
229, 73.888889, 662.143258, 30.000000, 0.070743, 733, 565.0
230, 73.888889, 662.143258, 30.000000, 0.076422, 727, 562.0
231, 78.827160, 659.960830, 36.804138, 0.128893, 729, 585.0
232, 73.888889, 662.143258, 30.000000, 0.121992, 733, 569.0
233, 70.925926, 662.143258, 30.000000, 0.079765, 730, 566.0
234, 73.888889, 662.143258, 30.000000, 0.183330, 740, 581.0
235, 73.888889, 662.143258, 30.000000, 0.138338, 735, 570.0
236, 77.098765, 660.222721, 37.257747, 0.083814, 731, 566.0
237, 70.925926, 662.143258, 30.000000, 0.130282, 735, 570.0
238, 73.888889, 662.143258, 30.000000, 0.061869, 724, 579.0
239, 77.839506, 659.960830, 36.804138, 0.068806, 724, 562.0
240, 75.617284, 658.825967, 30.000000, 0.039038, 728, 565.0
241, 67.139918, 661.124791, 40.433012, 0.236621, 733, 594.0
242, 68.456790, 664.849469, 40.433012, 0.119574, 734, 577.0
243, 70.925926, 662.143258, 30.000000, 0.070109, 727, 563.0
244, 68.868313, 657.894797, 34.838498, 0.111102, 732, 702.0
245, 73.888889, 662.143258, 30.000000, 0.105347, 718, 557.0
246, 77.674897, 657.400114, 40.433012, 0.083735, 722, 580.0
247, 77.098765, 660.222721, 37.257747, 0.063825, 728, 597.0
248, 73.888889, 662.143258, 30.000000, 0.276083, 736, 569.0
249, 73.888889, 662.143258, 30.000000, 0.277747, 733, 568.0
250, 70.925926, 662.143258, 30.000000, 0.068142, 733, 623.0
251, 73.888889, 662.143258, 30.000000, 0.226007, 731, 566.0
252, 73.888889, 662.143258, 30.000000, 0.083886, 731, 566.0
253, 70.925926, 662.143258, 30.000000, 0.068857, 725, 564.0
254, 70.925926, 662.143258, 30.000000, 0.105253, 725, 570.0
255, 70.925926, 662.143258, 30.000000, 0.066089, 729, 565.0
256, 77.098765, 660.222721, 37.257747, 0.089397, 724, 563.0
257, 73.888889, 662.143258, 30.000000, 0.134259, 729, 565.0
258, 70.925926, 662.143258, 30.000000, 0.080752, 734, 577.0
259, 73.888889, 662.143258, 30.000000, 0.254452, 738, 568.0
260, 70.925926, 662.143258, 30.000000, 0.172879, 741, 617.0
261, 73.888889, 662.143258, 30.000000, 0.178761, 732, 568.0
262, 75.617284, 658.825967, 30.000000, 0.063616, 728, 565.0
263, 73.888889, 662.143258, 30.000000, 0.338977, 741, 576.0
264, 75.617284, 658.825967, 30.000000, 0.080282, 726, 565.0
265, 75.617284, 658.825967, 30.000000, 0.021515, 727, 565.0
266, 68.456790, 664.849469, 40.433012, 0.125928, 733, 568.0
267, 70.925926, 662.143258, 30.000000, 0.066064, 724, 561.0
268, 70.925926, 662.143258, 30.000000, 0.103554, 730, 565.0
269, 73.888889, 662.143258, 30.000000, 0.179171, 736, 603.0
270, 75.617284, 658.825967, 30.000000, 0.052063, 729, 565.0
271, 73.888889, 662.143258, 30.000000, 0.079388, 732, 568.0
272, 73.888889, 662.143258, 30.000000, 0.081012, 732, 567.0
273, 73.888889, 662.143258, 30.000000, 0.239878, 734, 568.0
274, 75.617284, 658.825967, 30.000000, 0.123196, 727, 561.0
275, 75.617284, 658.825967, 30.000000, 0.102287, 730, 563.0
276, 75.617284, 658.825967, 30.000000, 0.051659, 728, 561.0
277, 77.098765, 660.222721, 37.257747, 0.082881, 728, 562.0
278, 75.617284, 658.825967, 30.000000, 0.127206, 733, 567.0
279, 73.888889, 662.143258, 30.000000, 0.200912, 730, 566.0
280, 75.617284, 658.825967, 30.000000, 0.077449, 723, 561.0
281, 73.888889, 662.143258, 30.000000, 0.059456, 727, 563.0
282, 67.139918, 661.124791, 40.433012, 0.170653, 729, 565.0
283, 75.617284, 658.825967, 30.000000, 0.084424, 728, 566.0
284, 73.888889, 662.143258, 30.000000, 0.070769, 728, 566.0
285, 68.694559, 662.030095, 40.937022, 0.412017, 730, 566.0
286, 73.888889, 662.143258, 30.000000, 0.087689, 733, 564.0
287, 70.925926, 662.143258, 30.000000, 0.196003, 734, 567.0
288, 70.925926, 662.143258, 30.000000, 0.124002, 734, 567.0
289, 73.888889, 662.143258, 30.000000, 0.123593, 731, 579.0
290, 73.888889, 662.143258, 30.000000, 0.243808, 739, 574.0
291, 73.888889, 662.143258, 30.000000, 0.146467, 737, 572.0
292, 68.456790, 664.849469, 40.433012, 0.103755, 733, 569.0
293, 70.925926, 662.143258, 30.000000, 0.132858, 733, 631.0
294, 73.888889, 662.143258, 30.000000, 0.171807, 733, 569.0
295, 70.925926, 662.143258, 30.000000, 0.259403, 739, 573.0
296, 73.888889, 662.143258, 30.000000, 0.061660, 731, 569.0
297, 73.888889, 662.143258, 30.000000, 0.077094, 735, 582.0
298, 70.925926, 662.143258, 30.000000, 0.226785, 734, 597.0
299, 73.888889, 662.143258, 30.000000, 0.181223, 735, 570.0
300, 73.888889, 662.143258, 30.000000, 0.065852, 730, 585.0
301, 73.888889, 662.143258, 30.000000, 0.052296, 728, 590.0
302, 70.925926, 662.143258, 30.000000, 0.069632, 733, 568.0
303, 73.888889, 662.143258, 30.000000, 0.076861, 732, 567.0
304, 70.925926, 662.143258, 30.000000, 0.073560, 728, 564.0
305, 75.617284, 658.825967, 30.000000, 0.051537, 734, 573.0
306, 73.888889, 662.143258, 30.000000, 0.161591, 731, 567.0
307, 75.617284, 658.825967, 30.000000, 0.071524, 730, 566.0
308, 70.925926, 662.143258, 30.000000, 0.109504, 730, 568.0
309, 75.617284, 658.825967, 30.000000, 0.084889, 727, 570.0
310, 73.888889, 662.143258, 30.000000, 0.103602, 736, 591.0
311, 70.925926, 662.143258, 30.000000, 0.129916, 735, 571.0
312, 75.617284, 658.825967, 30.000000, 0.097597, 725, 584.0
313, 73.888889, 662.143258, 30.000000, 0.114236, 729, 583.0
314, 73.888889, 662.143258, 30.000000, 0.084458, 731, 566.0
315, 75.617284, 658.825967, 30.000000, 0.066786, 733, 568.0
316, 75.617284, 658.825967, 30.000000, 0.175633, 739, 573.0
317, 75.617284, 658.825967, 30.000000, 0.053446, 726, 698.0
318, 73.888889, 662.143258, 30.000000, 0.166129, 736, 573.0
319, 70.925926, 662.143258, 30.000000, 0.071268, 731, 568.0
320, 70.925926, 662.143258, 30.000000, 0.080224, 725, 563.0
321, 73.888889, 662.143258, 30.000000, 0.066801, 734, 571.0
322, 70.925926, 662.143258, 30.000000, 0.120871, 735, 572.0
323, 74.629630, 661.619475, 30.000000, 0.118673, 728, 563.0
324, 73.888889, 662.143258, 30.000000, 0.047943, 731, 568.0
325, 75.617284, 658.825967, 30.000000, 0.040041, 730, 567.0
326, 75.617284, 658.825967, 30.000000, 0.138508, 732, 600.0
327, 73.888889, 662.143258, 30.000000, 0.100896, 729, 565.0
328, 77.098765, 660.222721, 37.257747, 0.079949, 724, 563.0
329, 70.925926, 662.143258, 30.000000, 0.134965, 735, 589.0
330, 73.888889, 662.143258, 30.000000, 0.093316, 734, 569.0
331, 73.888889, 662.143258, 30.000000, 0.209846, 735, 570.0
332, 73.888889, 662.143258, 30.000000, 0.111879, 730, 567.0
333, 70.925926, 662.143258, 30.000000, 0.149268, 730, 567.0
334, 73.888889, 662.143258, 30.000000, 0.160724, 730, 566.0
335, 68.456790, 664.849469, 40.433012, 0.187363, 727, 563.0
336, 70.925926, 662.143258, 30.000000, 0.217913, 739, 574.0
337, 73.888889, 662.143258, 30.000000, 0.088955, 734, 570.0
338, 70.925926, 662.143258, 30.000000, 0.131817, 736, 572.0
339, 77.098765, 660.222721, 37.257747, 0.084087, 726, 563.0
340, 73.888889, 662.143258, 30.000000, 0.145086, 730, 566.0
341, 70.925926, 662.143258, 30.000000, 0.059770, 727, 564.0
342, 73.888889, 662.143258, 30.000000, 0.151055, 731, 567.0
343, 73.888889, 662.143258, 30.000000, 0.082555, 730, 566.0
344, 73.888889, 662.143258, 30.000000, 0.226607, 734, 568.0
345, 75.617284, 658.825967, 30.000000, 0.104467, 734, 567.0
346, 68.456790, 664.849469, 40.433012, 0.231162, 737, 596.0
347, 73.888889, 662.143258, 30.000000, 0.108925, 723, 561.0
348, 68.456790, 664.849469, 40.433012, 0.184066, 732, 568.0
349, 70.925926, 662.143258, 30.000000, 0.089545, 735, 572.0
350, 75.617284, 658.825967, 30.000000, 0.114086, 734, 569.0
351, 69.828532, 665.237456, 40.937022, 0.278967, 733, 568.0
352, 70.925926, 662.143258, 30.000000, 0.103011, 731, 568.0
353, 73.888889, 662.143258, 30.000000, 0.115407, 734, 568.0
354, 73.888889, 662.143258, 30.000000, 0.087955, 727, 565.0
355, 73.888889, 662.143258, 30.000000, 0.087996, 730, 567.0
356, 70.925926, 662.143258, 30.000000, 0.072594, 734, 573.0
357, 73.888889, 662.143258, 30.000000, 0.182914, 739, 573.0
358, 70.925926, 662.143258, 30.000000, 0.175946, 737, 594.0
359, 77.098765, 660.222721, 37.257747, 0.083298, 726, 602.0
360, 68.456790, 664.849469, 40.433012, 0.116807, 730, 585.0
361, 70.925926, 662.143258, 30.000000, 0.077377, 727, 564.0
362, 70.925926, 662.143258, 30.000000, 0.061067, 728, 593.0
363, 73.888889, 662.143258, 30.000000, 0.035872, 734, 568.0
364, 77.098765, 660.222721, 37.257747, 0.064061, 725, 570.0
365, 73.888889, 662.143258, 30.000000, 0.050276, 725, 757.0
366, 73.888889, 662.143258, 30.000000, 0.124085, 736, 571.0
367, 70.925926, 662.143258, 30.000000, 0.031862, 731, 568.0
368, 77.839506, 659.960830, 36.804138, 0.066650, 728, 586.0
369, 73.888889, 662.143258, 30.000000, 0.083133, 725, 562.0
370, 77.839506, 659.960830, 36.804138, 0.099446, 726, 573.0
371, 77.839506, 659.960830, 36.804138, 0.095258, 734, 569.0
372, 70.925926, 662.143258, 30.000000, 0.075351, 724, 569.0
373, 71.426612, 659.718338, 35.040102, 0.089755, 729, 566.0
374, 73.888889, 662.143258, 30.000000, 0.283761, 731, 570.0
375, 73.888889, 662.143258, 30.000000, 0.093970, 724, 641.0
376, 73.888889, 662.143258, 30.000000, 0.084390, 731, 577.0
377, 73.888889, 662.143258, 30.000000, 0.133971, 731, 567.0
378, 73.888889, 662.143258, 30.000000, 0.116447, 732, 568.0
379, 73.888889, 662.143258, 30.000000, 0.091369, 736, 572.0
380, 75.617284, 658.825967, 30.000000, 0.089249, 726, 570.0
381, 70.925926, 662.143258, 30.000000, 0.116008, 733, 568.0
382, 77.098765, 660.222721, 37.257747, 0.043906, 731, 568.0
383, 75.617284, 658.825967, 30.000000, 0.059290, 726, 562.0
384, 68.456790, 664.849469, 40.433012, 0.181323, 730, 578.0
385, 73.888889, 662.143258, 30.000000, 0.144701, 729, 562.0
386, 75.617284, 658.825967, 30.000000, 0.113199, 732, 565.0
387, 70.925926, 662.143258, 30.000000, 0.194971, 736, 573.0
388, 73.888889, 662.143258, 30.000000, 0.124861, 729, 623.0
389, 69.828532, 665.237456, 40.937022, 0.167845, 734, 570.0
390, 75.617284, 658.825967, 30.000000, 0.110666, 726, 563.0
391, 78.827160, 659.960830, 36.804138, 0.150496, 725, 562.0
392, 73.888889, 662.143258, 30.000000, 0.116167, 728, 566.0
393, 77.839506, 659.960830, 36.804138, 0.081312, 722, 560.0
394, 68.456790, 664.849469, 40.433012, 0.168848, 727, 590.0
395, 75.617284, 658.825967, 30.000000, 0.104164, 730, 566.0
396, 77.098765, 660.222721, 37.257747, 0.063832, 723, 562.0
397, 70.925926, 662.143258, 30.000000, 0.063419, 727, 565.0
398, 71.426612, 659.718338, 35.040102, 0.068316, 727, 618.0
399, 75.617284, 658.825967, 30.000000, 0.106567, 732, 569.0
400, 73.888889, 662.143258, 30.000000, 0.173607, 738, 572.0
401, 73.888889, 662.143258, 30.000000, 0.100851, 733, 569.0
402, 70.925926, 662.143258, 30.000000, 0.153011, 732, 568.0
403, 77.098765, 660.222721, 37.257747, 0.059452, 731, 566.0
404, 73.888889, 662.143258, 30.000000, 0.126835, 732, 568.0
405, 75.617284, 658.825967, 30.000000, 0.058831, 727, 563.0
406, 70.925926, 662.143258, 30.000000, 0.068060, 733, 569.0
407, 75.617284, 658.825967, 30.000000, 0.095390, 723, 561.0
408, 75.617284, 658.825967, 30.000000, 0.067253, 733, 661.0
409, 75.617284, 658.825967, 30.000000, 0.188176, 730, 565.0
410, 70.925926, 662.143258, 30.000000, 0.120479, 734, 570.0
411, 84.259259, 657.952996, 30.000000, 0.085562, 726, 573.0
412, 70.925926, 662.143258, 30.000000, 0.048469, 725, 563.0
413, 77.098765, 660.222721, 37.257747, 0.058994, 719, 558.0
414, 73.888889, 662.143258, 30.000000, 0.082335, 725, 563.0
415, 78.827160, 659.960830, 36.804138, 0.063796, 724, 572.0
416, 75.617284, 658.825967, 30.000000, 0.072604, 728, 566.0
417, 70.925926, 662.143258, 30.000000, 0.348255, 740, 574.0
418, 73.888889, 662.143258, 30.000000, 0.062292, 733, 569.0
419, 70.925926, 662.143258, 30.000000, 0.099592, 733, 573.0
420, 70.925926, 662.143258, 30.000000, 0.155355, 731, 567.0
421, 77.839506, 659.960830, 36.804138, 0.082981, 722, 561.0
422, 73.888889, 662.143258, 30.000000, 0.094194, 724, 563.0
423, 73.888889, 662.143258, 30.000000, 0.148888, 729, 591.0
424, 70.925926, 662.143258, 30.000000, 0.087190, 726, 568.0
425, 75.617284, 658.825967, 30.000000, 0.082207, 725, 577.0
426, 70.925926, 662.143258, 30.000000, 0.091728, 724, 561.0
427, 73.888889, 662.143258, 30.000000, 0.151007, 728, 573.0
428, 75.617284, 658.825967, 30.000000, 0.128467, 730, 565.0
429, 73.888889, 662.143258, 30.000000, 0.227968, 739, 573.0
430, 77.839506, 659.960830, 36.804138, 0.086066, 734, 568.0
431, 73.888889, 662.143258, 30.000000, 0.137861, 736, 591.0
432, 73.888889, 662.143258, 30.000000, 0.076614, 728, 564.0
433, 70.925926, 662.143258, 30.000000, 0.081633, 726, 563.0
434, 73.888889, 662.143258, 30.000000, 0.094007, 728, 564.0
435, 70.925926, 662.143258, 30.000000, 0.149004, 737, 578.0
436, 70.925926, 662.143258, 30.000000, 0.152188, 738, 572.0
437, 73.888889, 662.143258, 30.000000, 0.222276, 731, 568.0
438, 70.925926, 662.143258, 30.000000, 0.111207, 736, 571.0
439, 70.925926, 662.143258, 30.000000, 0.077154, 726, 577.0
440, 73.888889, 662.143258, 30.000000, 0.079727, 731, 567.0
441, 75.617284, 658.825967, 30.000000, 0.082413, 720, 590.0
442, 70.925926, 662.143258, 30.000000, 0.124184, 737, 596.0
443, 75.617284, 658.825967, 30.000000, 0.023929, 730, 571.0
444, 67.139918, 661.124791, 40.433012, 0.146134, 731, 568.0
445, 73.888889, 662.143258, 30.000000, 0.054238, 724, 563.0
446, 77.839506, 659.960830, 36.804138, 0.181235, 730, 566.0
447, 70.925926, 665.547846, 36.804138, 0.166998, 727, 577.0
448, 73.888889, 662.143258, 30.000000, 0.082547, 732, 567.0
449, 73.888889, 662.143258, 30.000000, 0.105182, 735, 570.0
450, 73.888889, 662.143258, 30.000000, 0.090244, 731, 566.0
451, 73.888889, 662.143258, 30.000000, 0.166129, 736, 579.0
452, 70.925926, 662.143258, 30.000000, 0.079773, 732, 592.0
453, 75.617284, 658.825967, 30.000000, 0.048018, 724, 562.0
454, 70.925926, 662.143258, 30.000000, 0.073543, 731, 567.0
455, 73.888889, 662.143258, 30.000000, 0.200702, 733, 570.0
456, 75.617284, 658.825967, 30.000000, 0.173534, 738, 571.0
457, 70.925926, 662.143258, 30.000000, 0.074792, 732, 586.0
458, 73.888889, 662.143258, 30.000000, 0.052346, 727, 565.0
459, 73.888889, 662.143258, 30.000000, 0.228535, 731, 568.0
460, 68.456790, 664.849469, 40.433012, 0.170088, 738, 572.0
461, 73.888889, 662.143258, 30.000000, 0.141628, 724, 562.0
462, 73.888889, 662.143258, 30.000000, 0.101095, 724, 562.0
463, 73.888889, 662.143258, 30.000000, 0.129047, 731, 567.0
464, 77.098765, 660.222721, 37.257747, 0.141131, 728, 565.0
465, 75.452675, 659.757136, 39.676997, 0.084094, 720, 558.0
466, 69.828532, 665.237456, 40.937022, 0.174753, 733, 569.0
467, 77.674897, 657.400114, 40.433012, 0.117138, 723, 573.0
468, 77.674897, 657.400114, 40.433012, 0.066961, 728, 566.0
469, 70.925926, 662.143258, 30.000000, 0.122126, 733, 569.0
470, 70.925926, 662.143258, 30.000000, 0.170104, 731, 567.0
471, 68.456790, 664.849469, 40.433012, 0.158659, 733, 568.0
472, 73.888889, 662.143258, 30.000000, 0.160462, 738, 573.0
473, 70.925926, 662.143258, 30.000000, 0.081904, 729, 566.0
474, 73.888889, 662.143258, 30.000000, 0.280527, 736, 624.0
475, 73.888889, 662.143258, 30.000000, 0.134664, 732, 566.0
476, 73.888889, 662.143258, 30.000000, 0.227708, 735, 568.0
477, 70.925926, 662.143258, 30.000000, 0.060209, 732, 575.0
478, 70.925926, 662.143258, 30.000000, 0.050285, 728, 566.0
479, 77.098765, 660.222721, 37.257747, 0.106397, 723, 563.0
480, 77.098765, 660.222721, 37.257747, 0.101553, 721, 560.0
481, 73.888889, 662.143258, 30.000000, 0.099971, 727, 588.0
482, 75.452675, 659.757136, 39.676997, 0.094324, 729, 567.0
483, 70.925926, 662.143258, 30.000000, 0.201515, 738, 574.0
484, 70.925926, 662.143258, 30.000000, 0.075522, 732, 570.0
485, 70.925926, 662.143258, 30.000000, 0.099681, 736, 571.0
486, 70.925926, 662.143258, 30.000000, 0.081146, 735, 570.0
487, 70.925926, 662.143258, 30.000000, 0.055812, 728, 564.0
488, 73.888889, 662.143258, 30.000000, 0.086507, 730, 566.0
489, 73.888889, 662.143258, 30.000000, 0.070353, 724, 568.0
490, 70.925926, 662.143258, 30.000000, 0.097421, 730, 637.0
491, 73.888889, 662.143258, 30.000000, 0.113404, 731, 568.0
492, 73.888889, 662.143258, 30.000000, 0.116562, 730, 565.0
493, 70.925926, 662.143258, 30.000000, 0.158321, 740, 574.0
494, 73.888889, 662.143258, 30.000000, 0.143557, 735, 575.0
495, 79.076360, 663.358951, 26.673532, 0.105739, 730, 566.0
496, 70.925926, 662.143258, 30.000000, 0.039097, 725, 562.0
497, 73.888889, 662.143258, 30.000000, 0.262247, 735, 570.0
498, 73.888889, 662.143258, 30.000000, 0.167054, 735, 584.0
499, 74.629630, 661.619475, 30.000000, 0.038477, 726, 563.0
500, 77.098765, 660.222721, 37.257747, 0.103448, 725, 587.0
501, 70.925926, 662.143258, 30.000000, 0.085646, 732, 568.0
502, 69.938272, 662.754338, 36.804138, 0.199541, 728, 570.0
503, 70.925926, 662.143258, 30.000000, 0.109431, 734, 570.0
504, 73.888889, 662.143258, 30.000000, 0.071487, 725, 563.0
505, 70.925926, 662.143258, 30.000000, 0.113559, 731, 568.0
506, 73.888889, 662.143258, 30.000000, 0.089150, 741, 584.0
507, 70.925926, 662.143258, 30.000000, 0.076597, 727, 581.0
508, 73.888889, 662.143258, 30.000000, 0.086404, 727, 563.0
509, 73.888889, 662.143258, 30.000000, 0.086448, 733, 568.0
510, 73.888889, 662.143258, 30.000000, 0.125751, 733, 605.0
511, 70.925926, 662.143258, 30.000000, 0.261679, 737, 571.0
512, 73.888889, 662.143258, 30.000000, 0.143939, 735, 571.0
513, 73.888889, 662.143258, 30.000000, 0.103346, 729, 565.0
514, 73.888889, 662.143258, 30.000000, 0.253597, 732, 573.0
515, 77.098765, 660.222721, 37.257747, 0.085185, 723, 561.0
516, 70.925926, 662.143258, 30.000000, 0.207236, 732, 569.0
517, 73.888889, 662.143258, 30.000000, 0.112389, 733, 589.0
518, 70.925926, 662.143258, 30.000000, 0.212507, 735, 586.0
519, 67.139918, 661.124791, 40.433012, 0.144474, 727, 594.0
520, 70.925926, 662.143258, 30.000000, 0.050506, 727, 565.0
521, 70.925926, 662.143258, 30.000000, 0.080058, 732, 569.0
522, 70.925926, 662.143258, 30.000000, 0.164363, 737, 577.0
523, 77.098765, 660.222721, 37.257747, 0.089968, 723, 614.0
524, 77.098765, 660.222721, 37.257747, 0.094404, 730, 563.0
525, 68.456790, 664.849469, 40.433012, 0.058265, 730, 563.0
526, 73.888889, 662.143258, 30.000000, 0.302901, 742, 597.0
527, 73.888889, 662.143258, 30.000000, 0.208087, 732, 568.0
528, 75.617284, 658.825967, 30.000000, 0.056112, 728, 564.0
529, 73.888889, 662.143258, 30.000000, 0.139797, 734, 595.0
530, 75.617284, 658.825967, 30.000000, 0.052809, 721, 560.0
531, 73.888889, 662.143258, 30.000000, 0.085039, 723, 561.0
532, 80.473251, 655.304983, 36.804138, 0.127267, 735, 571.0
533, 73.888889, 662.143258, 30.000000, 0.119390, 736, 571.0
534, 70.925926, 662.143258, 30.000000, 0.164998, 734, 571.0
535, 73.888889, 662.143258, 30.000000, 0.136422, 733, 569.0
536, 75.617284, 658.825967, 30.000000, 0.035203, 731, 614.0
537, 74.629630, 661.619475, 30.000000, 0.063305, 726, 562.0
538, 70.925926, 662.143258, 30.000000, 0.045926, 722, 560.0
539, 73.888889, 662.143258, 30.000000, 0.085132, 728, 565.0
540, 70.925926, 662.143258, 30.000000, 0.081026, 733, 569.0
541, 75.452675, 659.757136, 39.676997, 0.069166, 726, 564.0
542, 73.888889, 662.143258, 30.000000, 0.096471, 732, 569.0
543, 73.888889, 662.143258, 30.000000, 0.099883, 729, 565.0
544, 73.888889, 662.143258, 30.000000, 0.128347, 733, 570.0
545, 73.888889, 662.143258, 30.000000, 0.096042, 737, 574.0
546, 75.617284, 658.825967, 30.000000, 0.121846, 734, 767.0
547, 73.888889, 662.143258, 30.000000, 0.082794, 725, 561.0
548, 70.925926, 662.143258, 30.000000, 0.167185, 738, 598.0
549, 73.888889, 662.143258, 30.000000, 0.105536, 731, 576.0
550, 73.888889, 662.143258, 30.000000, 0.107437, 722, 561.0
551, 73.888889, 662.143258, 30.000000, 0.097156, 729, 566.0
552, 67.222222, 670.000000, 30.000000, 0.426381, 733, 570.0
553, 75.617284, 658.825967, 30.000000, 0.121851, 728, 570.0
554, 70.925926, 662.143258, 30.000000, 0.107451, 728, 608.0
555, 70.925926, 662.143258, 30.000000, 0.065584, 728, 566.0
556, 70.925926, 662.143258, 30.000000, 0.139057, 740, 574.0
557, 73.888889, 662.143258, 30.000000, 0.147018, 729, 608.0
558, 73.888889, 662.143258, 30.000000, 0.081680, 731, 566.0
559, 77.098765, 660.222721, 37.257747, 0.087805, 723, 562.0
560, 75.617284, 658.825967, 30.000000, 0.125713, 730, 565.0
561, 73.888889, 662.143258, 30.000000, 0.075849, 726, 563.0
562, 70.925926, 662.143258, 30.000000, 0.121224, 735, 571.0
563, 70.925926, 662.143258, 30.000000, 0.201782, 738, 572.0
564, 70.925926, 662.143258, 30.000000, 0.098439, 726, 563.0
565, 75.617284, 658.825967, 30.000000, 0.055913, 725, 563.0
566, 73.888889, 662.143258, 30.000000, 0.136607, 730, 567.0
567, 70.925926, 662.143258, 30.000000, 0.075879, 734, 676.0
568, 73.888889, 662.143258, 30.000000, 0.102099, 733, 569.0
569, 75.452675, 659.757136, 39.676997, 0.105258, 728, 565.0
570, 75.617284, 658.825967, 30.000000, 0.089229, 733, 568.0
571, 73.888889, 662.143258, 30.000000, 0.104262, 734, 570.0
572, 73.888889, 662.143258, 30.000000, 0.087542, 734, 624.0
573, 73.888889, 662.143258, 30.000000, 0.182958, 734, 568.0
574, 73.888889, 662.143258, 30.000000, 0.082132, 730, 564.0
575, 73.888889, 662.143258, 30.000000, 0.061567, 726, 598.0
576, 73.888889, 662.143258, 30.000000, 0.088316, 733, 595.0
577, 73.888889, 662.143258, 30.000000, 0.115329, 735, 569.0
578, 73.888889, 662.143258, 30.000000, 0.129505, 730, 566.0
579, 75.617284, 658.825967, 30.000000, 0.040893, 723, 562.0
580, 75.617284, 658.825967, 30.000000, 0.084507, 729, 567.0
581, 70.925926, 662.143258, 30.000000, 0.077149, 727, 564.0
582, 75.617284, 658.825967, 30.000000, 0.079692, 731, 566.0
583, 73.888889, 662.143258, 30.000000, 0.141591, 725, 563.0
584, 73.888889, 662.143258, 30.000000, 0.069805, 728, 565.0
585, 70.925926, 662.143258, 30.000000, 0.151157, 734, 570.0
586, 77.098765, 660.222721, 37.257747, 0.096569, 724, 591.0
587, 75.617284, 658.825967, 30.000000, 0.050467, 725, 564.0
588, 70.925926, 662.143258, 30.000000, 0.123401, 724, 611.0
589, 73.888889, 662.143258, 30.000000, 0.174159, 736, 570.0
590, 73.888889, 662.143258, 30.000000, 0.091744, 733, 569.0
591, 73.888889, 662.143258, 30.000000, 0.232820, 734, 570.0
592, 75.617284, 658.825967, 30.000000, 0.089502, 717, 569.0
593, 77.098765, 660.222721, 37.257747, 0.074384, 730, 567.0
594, 73.888889, 662.143258, 30.000000, 0.193527, 732, 568.0
595, 70.925926, 662.143258, 30.000000, 0.059172, 728, 610.0
596, 73.888889, 662.143258, 30.000000, 0.198087, 738, 582.0
597, 73.888889, 662.143258, 30.000000, 0.037789, 726, 563.0
598, 70.925926, 662.143258, 30.000000, 0.060973, 736, 572.0
599, 75.617284, 658.825967, 30.000000, 0.083295, 735, 569.0
600, 77.839506, 659.960830, 36.804138, 0.071774, 730, 574.0
601, 73.888889, 662.143258, 30.000000, 0.148113, 729, 565.0
602, 70.925926, 662.143258, 30.000000, 0.063491, 732, 569.0
603, 73.888889, 662.143258, 30.000000, 0.066948, 724, 563.0
604, 75.617284, 658.825967, 30.000000, 0.082516, 728, 573.0
605, 80.473251, 655.304983, 36.804138, 0.206264, 731, 569.0
606, 70.925926, 662.143258, 30.000000, 0.107940, 733, 568.0
607, 73.888889, 662.143258, 30.000000, 0.091245, 722, 561.0
608, 73.888889, 662.143258, 30.000000, 0.237207, 730, 587.0
609, 75.617284, 658.825967, 30.000000, 0.081057, 730, 565.0
610, 73.888889, 662.143258, 30.000000, 0.289386, 737, 571.0
611, 68.456790, 664.849469, 40.433012, 0.106619, 738, 572.0
612, 75.617284, 658.825967, 30.000000, 0.065637, 729, 569.0
613, 73.888889, 662.143258, 30.000000, 0.214976, 736, 570.0
614, 70.925926, 662.143258, 30.000000, 0.078883, 726, 564.0
615, 73.888889, 662.143258, 30.000000, 0.225893, 737, 641.0
616, 69.938272, 662.754338, 36.804138, 0.085819, 727, 564.0
617, 70.925926, 662.143258, 30.000000, 0.178471, 730, 567.0
618, 73.888889, 662.143258, 30.000000, 0.095191, 734, 571.0
619, 74.629630, 661.619475, 30.000000, 0.040840, 722, 561.0
620, 69.938272, 662.754338, 36.804138, 0.064075, 725, 564.0
621, 68.456790, 664.849469, 40.433012, 0.132177, 732, 617.0
622, 75.617284, 658.825967, 30.000000, 0.112597, 730, 565.0
623, 73.888889, 662.143258, 30.000000, 0.083128, 729, 565.0
624, 70.925926, 662.143258, 30.000000, 0.108333, 736, 569.0
625, 70.925926, 662.143258, 30.000000, 0.076076, 731, 568.0
626, 73.888889, 662.143258, 30.000000, 0.225228, 737, 570.0
627, 73.888889, 662.143258, 30.000000, 0.121891, 733, 570.0
628, 73.888889, 662.143258, 30.000000, 0.098631, 731, 568.0
629, 70.925926, 662.143258, 30.000000, 0.092631, 729, 567.0
630, 70.925926, 662.143258, 30.000000, 0.065271, 733, 569.0
631, 70.925926, 662.143258, 30.000000, 0.069062, 724, 561.0
632, 73.888889, 662.143258, 30.000000, 0.070051, 723, 561.0
633, 70.925926, 662.143258, 30.000000, 0.105405, 730, 565.0
634, 75.617284, 658.825967, 30.000000, 0.065065, 730, 588.0
635, 73.888889, 662.143258, 30.000000, 0.201509, 732, 568.0
636, 73.888889, 662.143258, 30.000000, 0.047786, 730, 565.0
637, 70.925926, 662.143258, 30.000000, 0.235482, 739, 611.0
638, 75.617284, 658.825967, 30.000000, 0.081212, 729, 566.0
639, 73.888889, 662.143258, 30.000000, 0.255510, 734, 577.0
640, 75.617284, 658.825967, 30.000000, 0.073991, 736, 571.0
641, 70.925926, 662.143258, 30.000000, 0.068351, 727, 565.0
642, 73.888889, 662.143258, 30.000000, 0.186938, 724, 562.0
643, 70.925926, 662.143258, 30.000000, 0.069190, 732, 597.0
644, 75.617284, 658.825967, 30.000000, 0.045763, 727, 564.0
645, 70.925926, 662.143258, 30.000000, 0.073166, 730, 569.0
646, 73.888889, 662.143258, 30.000000, 0.080658, 723, 560.0
647, 70.925926, 662.143258, 30.000000, 0.082800, 732, 573.0
648, 73.888889, 662.143258, 30.000000, 0.140248, 729, 565.0
649, 73.888889, 662.143258, 30.000000, 0.111166, 730, 565.0
650, 70.925926, 662.143258, 30.000000, 0.186842, 734, 569.0
651, 70.925926, 662.143258, 30.000000, 0.041991, 731, 570.0
652, 70.925926, 662.143258, 30.000000, 0.104060, 737, 571.0
653, 70.925926, 662.143258, 30.000000, 0.090427, 732, 592.0
654, 70.925926, 662.143258, 30.000000, 0.140278, 733, 585.0
655, 70.925926, 662.143258, 30.000000, 0.059490, 731, 574.0
656, 70.925926, 662.143258, 30.000000, 0.107159, 737, 572.0
657, 70.925926, 662.143258, 30.000000, 0.133185, 733, 568.0
658, 73.888889, 662.143258, 30.000000, 0.203351, 731, 567.0
659, 73.888889, 662.143258, 30.000000, 0.128401, 736, 584.0
660, 73.888889, 662.143258, 30.000000, 0.172987, 733, 569.0
661, 68.456790, 664.849469, 40.433012, 0.074627, 729, 565.0
662, 70.925926, 662.143258, 30.000000, 0.092647, 737, 571.0
663, 70.925926, 662.143258, 30.000000, 0.232109, 734, 641.0
664, 75.617284, 658.825967, 30.000000, 0.059856, 726, 564.0
665, 70.925926, 662.143258, 30.000000, 0.064368, 726, 577.0
666, 73.888889, 662.143258, 30.000000, 0.123025, 733, 568.0
667, 73.888889, 662.143258, 30.000000, 0.263938, 734, 575.0
668, 73.888889, 662.143258, 30.000000, 0.189225, 730, 567.0
669, 77.839506, 659.960830, 36.804138, 0.074428, 726, 564.0
670, 69.828532, 665.237456, 40.937022, 0.134959, 736, 608.0
671, 73.888889, 662.143258, 30.000000, 0.092596, 732, 581.0
672, 75.617284, 658.825967, 30.000000, 0.062351, 733, 591.0
673, 72.407407, 657.952996, 30.000000, 0.301098, 739, 572.0
674, 75.452675, 655.566874, 37.257747, 0.047164, 729, 610.0
675, 77.098765, 660.222721, 37.257747, 0.073889, 721, 559.0
676, 67.222222, 670.000000, 30.000000, 0.247535, 731, 568.0
677, 70.925926, 662.143258, 30.000000, 0.104909, 731, 568.0
678, 75.617284, 658.825967, 30.000000, 0.071828, 732, 566.0
679, 70.925926, 662.143258, 30.000000, 0.154139, 735, 570.0
680, 73.888889, 662.143258, 30.000000, 0.170111, 735, 571.0
681, 73.888889, 662.143258, 30.000000, 0.172464, 732, 568.0
682, 70.925926, 662.143258, 30.000000, 0.114562, 734, 593.0
683, 73.888889, 662.143258, 30.000000, 0.071997, 726, 562.0
684, 70.925926, 662.143258, 30.000000, 0.084949, 734, 570.0
685, 73.888889, 662.143258, 30.000000, 0.165089, 737, 573.0
686, 72.407407, 657.952996, 30.000000, 0.287553, 733, 568.0
687, 70.925926, 662.143258, 30.000000, 0.157659, 730, 567.0
688, 73.888889, 662.143258, 30.000000, 0.105837, 723, 562.0
689, 73.888889, 662.143258, 30.000000, 0.249000, 736, 569.0
690, 70.925926, 662.143258, 30.000000, 0.084029, 726, 563.0
691, 73.888889, 662.143258, 30.000000, 0.167205, 734, 569.0
692, 73.888889, 662.143258, 30.000000, 0.076453, 728, 564.0
693, 73.888889, 662.143258, 30.000000, 0.070791, 727, 564.0
694, 73.888889, 662.143258, 30.000000, 0.143912, 735, 571.0
695, 77.674897, 657.400114, 40.433012, 0.162953, 725, 563.0
696, 70.925926, 662.143258, 30.000000, 0.091363, 737, 572.0
697, 73.888889, 662.143258, 30.000000, 0.105870, 724, 563.0
698, 70.925926, 662.143258, 30.000000, 0.217820, 742, 574.0
699, 70.925926, 662.143258, 30.000000, 0.132172, 737, 572.0
700, 70.925926, 662.143258, 30.000000, 0.088277, 727, 565.0
701, 77.098765, 660.222721, 37.257747, 0.096680, 723, 581.0
702, 70.925926, 662.143258, 30.000000, 0.074351, 737, 574.0
703, 73.888889, 662.143258, 30.000000, 0.270735, 735, 615.0
704, 70.925926, 662.143258, 30.000000, 0.166940, 732, 568.0
705, 70.925926, 662.143258, 30.000000, 0.165591, 738, 573.0
706, 70.925926, 662.143258, 30.000000, 0.055934, 724, 569.0
707, 73.888889, 662.143258, 30.000000, 0.043176, 730, 567.0
708, 70.925926, 662.143258, 30.000000, 0.323443, 741, 575.0
709, 75.617284, 658.825967, 30.000000, 0.116233, 727, 564.0
710, 73.888889, 662.143258, 30.000000, 0.171830, 734, 580.0
711, 70.925926, 662.143258, 30.000000, 0.089742, 741, 576.0
712, 70.925926, 662.143258, 30.000000, 0.069546, 738, 573.0
713, 73.888889, 662.143258, 30.000000, 0.199712, 741, 574.0
714, 77.098765, 660.222721, 37.257747, 0.057148, 725, 568.0
715, 73.888889, 662.143258, 30.000000, 0.225069, 733, 569.0
716, 70.925926, 662.143258, 30.000000, 0.061680, 725, 563.0
717, 73.888889, 662.143258, 30.000000, 0.260702, 729, 564.0
718, 70.925926, 662.143258, 30.000000, 0.142957, 729, 582.0
719, 72.407407, 657.952996, 30.000000, 0.435025, 734, 570.0
720, 73.888889, 662.143258, 30.000000, 0.130779, 737, 708.0
721, 68.456790, 664.849469, 40.433012, 0.255338, 728, 565.0
722, 70.925926, 662.143258, 30.000000, 0.135215, 733, 585.0
723, 68.456790, 664.849469, 40.433012, 0.252183, 731, 569.0
724, 75.617284, 658.825967, 30.000000, 0.061204, 731, 566.0
725, 70.925926, 662.143258, 30.000000, 0.213218, 739, 573.0
726, 75.452675, 655.566874, 37.257747, 0.087492, 725, 568.0
727, 70.925926, 662.143258, 30.000000, 0.074596, 732, 603.0
728, 73.888889, 662.143258, 30.000000, 0.065015, 731, 568.0
729, 75.617284, 658.825967, 30.000000, 0.058287, 725, 562.0
730, 73.888889, 662.143258, 30.000000, 0.172511, 731, 601.0
731, 70.925926, 662.143258, 30.000000, 0.239284, 733, 569.0
732, 75.617284, 658.825967, 30.000000, 0.090153, 727, 565.0
733, 73.888889, 662.143258, 30.000000, 0.109509, 731, 567.0
734, 68.456790, 664.849469, 40.433012, 0.117270, 735, 597.0
735, 70.925926, 662.143258, 30.000000, 0.084063, 731, 569.0
736, 70.925926, 662.143258, 30.000000, 0.117398, 735, 571.0
737, 73.888889, 662.143258, 30.000000, 0.142853, 735, 571.0
738, 70.925926, 662.143258, 30.000000, 0.101297, 730, 567.0
739, 77.839506, 659.960830, 36.804138, 0.067443, 726, 585.0
740, 70.925926, 662.143258, 30.000000, 0.084409, 731, 567.0
741, 73.888889, 662.143258, 30.000000, 0.138213, 730, 566.0
742, 73.888889, 662.143258, 30.000000, 0.138730, 731, 568.0
743, 77.098765, 660.222721, 37.257747, 0.096383, 722, 560.0
744, 73.888889, 662.143258, 30.000000, 0.071040, 734, 568.0
745, 73.888889, 662.143258, 30.000000, 0.126980, 732, 568.0
746, 70.925926, 662.143258, 30.000000, 0.090323, 736, 572.0
747, 73.888889, 662.143258, 30.000000, 0.208683, 735, 570.0
748, 69.828532, 665.237456, 40.937022, 0.243600, 735, 571.0
749, 70.925926, 662.143258, 30.000000, 0.080761, 733, 590.0
750, 68.456790, 664.849469, 40.433012, 0.101463, 732, 567.0
751, 75.617284, 658.825967, 30.000000, 0.063731, 726, 562.0
752, 73.888889, 662.143258, 30.000000, 0.195729, 737, 606.0
753, 70.925926, 662.143258, 30.000000, 0.176875, 737, 572.0
754, 70.925926, 662.143258, 30.000000, 0.240376, 731, 567.0
755, 70.925926, 662.143258, 30.000000, 0.208057, 735, 568.0
756, 68.456790, 664.849469, 40.433012, 0.076112, 735, 571.0
757, 73.888889, 662.143258, 30.000000, 0.095001, 730, 566.0
758, 70.925926, 662.143258, 30.000000, 0.217428, 738, 572.0
759, 70.925926, 662.143258, 30.000000, 0.174243, 740, 574.0
760, 70.925926, 662.143258, 30.000000, 0.195375, 740, 575.0
761, 75.617284, 658.825967, 30.000000, 0.065153, 732, 567.0
762, 73.888889, 662.143258, 30.000000, 0.104826, 730, 568.0
763, 69.828532, 665.237456, 40.937022, 0.201225, 737, 572.0
764, 70.925926, 662.143258, 30.000000, 0.254346, 736, 571.0
765, 70.925926, 662.143258, 30.000000, 0.105844, 729, 570.0
766, 70.925926, 662.143258, 30.000000, 0.252648, 736, 572.0
767, 73.888889, 662.143258, 30.000000, 0.168868, 739, 574.0
768, 73.888889, 662.143258, 30.000000, 0.095471, 727, 587.0
769, 75.617284, 658.825967, 30.000000, 0.101072, 734, 592.0
770, 73.888889, 662.143258, 30.000000, 0.077866, 733, 567.0
771, 73.888889, 662.143258, 30.000000, 0.054637, 729, 563.0
772, 73.888889, 662.143258, 30.000000, 0.134825, 729, 564.0
773, 73.888889, 662.143258, 30.000000, 0.146320, 738, 580.0
774, 77.098765, 660.222721, 37.257747, 0.077661, 731, 564.0
775, 70.925926, 662.143258, 30.000000, 0.133916, 733, 567.0
776, 73.888889, 662.143258, 30.000000, 0.167129, 730, 564.0
777, 73.888889, 662.143258, 30.000000, 0.157796, 732, 573.0
778, 70.925926, 662.143258, 30.000000, 0.062469, 735, 594.0
779, 73.888889, 662.143258, 30.000000, 0.124189, 729, 564.0
780, 73.888889, 662.143258, 30.000000, 0.075176, 726, 563.0
781, 75.617284, 658.825967, 30.000000, 0.077464, 730, 583.0
782, 73.888889, 662.143258, 30.000000, 0.056632, 724, 562.0
783, 73.888889, 662.143258, 30.000000, 0.144965, 731, 566.0
784, 73.888889, 662.143258, 30.000000, 0.135295, 734, 569.0
785, 70.925926, 662.143258, 30.000000, 0.097242, 731, 608.0
786, 70.925926, 662.143258, 30.000000, 0.126568, 734, 570.0
787, 73.888889, 662.143258, 30.000000, 0.108474, 737, 572.0
788, 73.888889, 662.143258, 30.000000, 0.224050, 739, 573.0
789, 73.888889, 662.143258, 30.000000, 0.151992, 732, 578.0
790, 70.925926, 662.143258, 30.000000, 0.044461, 724, 562.0
791, 70.925926, 662.143258, 30.000000, 0.149836, 734, 570.0
792, 73.888889, 662.143258, 30.000000, 0.083398, 733, 568.0
793, 73.888889, 662.143258, 30.000000, 0.042774, 721, 564.0
794, 73.888889, 662.143258, 30.000000, 0.214298, 739, 573.0
795, 67.139918, 661.124791, 40.433012, 0.122439, 731, 566.0
796, 73.888889, 662.143258, 30.000000, 0.115870, 729, 566.0
797, 70.925926, 662.143258, 30.000000, 0.259082, 727, 587.0
798, 73.888889, 662.143258, 30.000000, 0.107172, 729, 566.0
799, 73.888889, 662.143258, 30.000000, 0.207667, 737, 572.0
800, 77.098765, 660.222721, 37.257747, 0.107615, 721, 559.0
801, 70.925926, 662.143258, 30.000000, 0.091011, 733, 575.0
802, 73.888889, 662.143258, 30.000000, 0.110155, 728, 564.0
803, 69.828532, 665.237456, 40.937022, 0.276647, 736, 572.0
804, 73.888889, 662.143258, 30.000000, 0.193176, 737, 572.0
805, 68.456790, 664.849469, 40.433012, 0.153924, 731, 578.0
806, 70.925926, 662.143258, 30.000000, 0.090530, 725, 562.0
807, 73.888889, 662.143258, 30.000000, 0.229294, 732, 588.0
808, 73.888889, 662.143258, 30.000000, 0.060596, 727, 565.0
809, 73.888889, 662.143258, 30.000000, 0.179968, 739, 578.0
810, 70.925926, 662.143258, 30.000000, 0.384376, 736, 572.0
811, 73.888889, 662.143258, 30.000000, 0.100411, 735, 571.0
812, 70.925926, 662.143258, 30.000000, 0.068211, 735, 571.0
813, 73.888889, 662.143258, 30.000000, 0.156737, 732, 578.0
814, 70.925926, 662.143258, 30.000000, 0.216420, 735, 571.0
815, 69.938272, 662.754338, 36.804138, 0.115487, 731, 568.0
816, 70.925926, 662.143258, 30.000000, 0.227751, 736, 571.0
817, 73.888889, 662.143258, 30.000000, 0.092892, 729, 571.0
818, 70.925926, 662.143258, 30.000000, 0.087308, 731, 604.0
819, 70.925926, 662.143258, 30.000000, 0.092295, 732, 583.0
820, 70.925926, 662.143258, 30.000000, 0.198055, 735, 568.0
821, 73.888889, 662.143258, 30.000000, 0.209492, 736, 574.0
822, 73.888889, 662.143258, 30.000000, 0.084527, 731, 567.0
823, 70.925926, 662.143258, 30.000000, 0.096502, 727, 564.0
824, 70.925926, 662.143258, 30.000000, 0.097113, 735, 570.0
825, 70.925926, 662.143258, 30.000000, 0.065973, 729, 582.0
826, 75.617284, 658.825967, 30.000000, 0.060514, 733, 593.0
827, 70.925926, 662.143258, 30.000000, 0.089228, 739, 574.0
828, 70.925926, 662.143258, 30.000000, 0.263709, 735, 571.0
829, 70.925926, 662.143258, 30.000000, 0.152654, 734, 569.0
830, 70.925926, 662.143258, 30.000000, 0.078469, 731, 566.0
831, 70.925926, 662.143258, 30.000000, 0.101639, 733, 568.0
832, 70.925926, 662.143258, 30.000000, 0.092554, 735, 592.0
833, 70.102881, 665.315054, 36.501732, 0.512152, 735, 570.0
834, 69.828532, 665.237456, 40.937022, 0.304055, 738, 572.0
835, 70.925926, 662.143258, 30.000000, 0.144557, 733, 569.0
836, 69.938272, 662.754338, 36.804138, 0.160677, 731, 567.0
837, 73.888889, 662.143258, 30.000000, 0.224398, 738, 573.0
838, 70.925926, 662.143258, 30.000000, 0.281795, 739, 573.0
839, 73.888889, 662.143258, 30.000000, 0.133724, 734, 569.0
840, 70.925926, 662.143258, 30.000000, 0.124601, 730, 584.0
841, 70.925926, 662.143258, 30.000000, 0.149161, 735, 623.0
842, 73.888889, 662.143258, 30.000000, 0.149363, 730, 567.0
843, 70.925926, 662.143258, 30.000000, 0.157037, 736, 571.0
844, 70.925926, 662.143258, 30.000000, 0.056798, 736, 573.0
845, 75.617284, 658.825967, 30.000000, 0.055689, 727, 572.0
846, 70.925926, 662.143258, 30.000000, 0.228349, 730, 563.0
847, 75.617284, 658.825967, 30.000000, 0.032100, 729, 562.0
848, 69.828532, 665.237456, 40.937022, 0.306008, 742, 589.0
849, 70.925926, 662.143258, 30.000000, 0.091778, 739, 571.0
850, 67.139918, 661.124791, 40.433012, 0.072744, 731, 563.0
851, 73.888889, 662.143258, 30.000000, 0.289680, 739, 610.0
852, 70.925926, 662.143258, 30.000000, 0.081076, 735, 571.0
853, 70.925926, 662.143258, 30.000000, 0.078559, 733, 570.0
854, 70.925926, 662.143258, 30.000000, 0.747002, 728, 566.0
855, 70.925926, 662.143258, 30.000000, 0.080404, 727, 586.0
856, 70.925926, 662.143258, 30.000000, 0.213701, 733, 591.0
857, 69.828532, 665.237456, 40.937022, 0.241467, 738, 573.0
858, 70.925926, 662.143258, 30.000000, 0.190988, 732, 569.0
859, 73.888889, 662.143258, 30.000000, 0.085429, 729, 566.0
860, 70.925926, 662.143258, 30.000000, 0.119871, 730, 577.0
861, 73.888889, 662.143258, 30.000000, 0.082575, 734, 600.0
862, 73.888889, 662.143258, 30.000000, 0.128696, 732, 567.0
863, 70.925926, 662.143258, 30.000000, 0.108290, 733, 568.0
864, 70.925926, 662.143258, 30.000000, 0.156769, 737, 675.0
865, 73.888889, 662.143258, 30.000000, 0.278925, 735, 570.0
866, 69.938272, 662.754338, 36.804138, 0.105426, 732, 567.0
867, 70.925926, 662.143258, 30.000000, 0.069407, 729, 605.0
868, 68.456790, 664.849469, 40.433012, 0.110886, 733, 592.0
869, 73.888889, 662.143258, 30.000000, 0.055670, 729, 564.0
870, 73.888889, 662.143258, 30.000000, 0.101745, 730, 565.0
871, 70.925926, 662.143258, 30.000000, 0.110724, 736, 568.0
872, 73.888889, 662.143258, 30.000000, 0.088580, 729, 571.0
873, 73.888889, 662.143258, 30.000000, 0.127770, 731, 565.0
874, 70.925926, 662.143258, 30.000000, 0.074122, 730, 592.0
875, 69.828532, 665.237456, 40.937022, 0.201322, 737, 572.0
876, 69.938272, 662.754338, 36.804138, 0.103142, 728, 585.0
877, 70.925926, 662.143258, 30.000000, 0.075315, 736, 572.0
878, 73.888889, 662.143258, 30.000000, 0.268581, 740, 574.0
879, 70.925926, 662.143258, 30.000000, 0.155473, 733, 569.0
880, 70.925926, 662.143258, 30.000000, 0.081104, 733, 575.0
881, 70.925926, 662.143258, 30.000000, 0.153960, 737, 574.0
882, 70.925926, 662.143258, 30.000000, 0.129032, 734, 569.0
883, 73.888889, 662.143258, 30.000000, 0.148528, 731, 567.0
884, 70.925926, 662.143258, 30.000000, 0.202998, 735, 589.0
885, 73.888889, 662.143258, 30.000000, 0.093750, 733, 569.0
886, 70.925926, 662.143258, 30.000000, 0.143474, 735, 569.0
887, 69.828532, 665.237456, 40.937022, 0.211921, 736, 584.0
888, 73.888889, 662.143258, 30.000000, 0.133974, 729, 566.0
889, 73.888889, 662.143258, 30.000000, 0.170106, 735, 570.0
890, 70.925926, 662.143258, 30.000000, 0.068723, 734, 570.0
891, 73.888889, 662.143258, 30.000000, 0.140701, 727, 565.0
892, 69.828532, 665.237456, 40.937022, 0.187522, 735, 570.0
893, 73.888889, 662.143258, 30.000000, 0.091058, 724, 585.0
894, 70.925926, 662.143258, 30.000000, 0.305504, 735, 571.0
895, 70.925926, 662.143258, 30.000000, 0.065956, 729, 579.0
896, 70.925926, 662.143258, 30.000000, 0.258931, 739, 589.0
897, 70.925926, 662.143258, 30.000000, 0.072927, 722, 560.0
898, 70.925926, 662.143258, 30.000000, 0.065956, 725, 563.0
899, 75.617284, 658.825967, 30.000000, 0.083046, 728, 564.0
900, 70.925926, 662.143258, 30.000000, 0.112223, 724, 598.0
901, 73.888889, 662.143258, 30.000000, 0.130906, 726, 563.0
902, 73.888889, 662.143258, 30.000000, 0.261815, 737, 571.0
903, 69.938272, 662.754338, 36.804138, 0.108819, 734, 610.0
904, 70.925926, 662.143258, 30.000000, 0.068733, 736, 572.0
905, 70.925926, 662.143258, 30.000000, 0.154582, 731, 568.0
906, 69.828532, 665.237456, 40.937022, 0.253458, 734, 571.0
907, 70.925926, 662.143258, 30.000000, 0.149451, 734, 570.0
908, 70.925926, 662.143258, 30.000000, 0.065389, 728, 566.0
909, 73.888889, 662.143258, 30.000000, 0.135179, 733, 569.0
910, 70.925926, 662.143258, 30.000000, 0.327732, 736, 571.0
911, 69.828532, 665.237456, 40.937022, 0.178367, 736, 581.0
912, 75.452675, 659.757136, 39.676997, 0.154673, 732, 567.0
913, 70.925926, 662.143258, 30.000000, 0.157049, 737, 573.0
914, 70.925926, 662.143258, 30.000000, 0.044949, 734, 569.0
915, 70.925926, 662.143258, 30.000000, 0.306116, 736, 570.0
916, 70.925926, 662.143258, 30.000000, 0.280405, 738, 575.0
917, 75.617284, 658.825967, 30.000000, 0.056401, 728, 565.0
918, 70.925926, 662.143258, 30.000000, 0.161581, 733, 567.0
919, 70.925926, 662.143258, 30.000000, 0.227431, 740, 592.0
920, 69.828532, 665.237456, 40.937022, 0.137521, 735, 569.0
921, 70.925926, 662.143258, 30.000000, 0.097912, 731, 565.0
922, 70.925926, 662.143258, 30.000000, 0.055020, 731, 595.0
923, 73.888889, 662.143258, 30.000000, 0.204642, 732, 587.0
924, 73.888889, 662.143258, 30.000000, 0.114973, 735, 572.0
925, 70.925926, 662.143258, 30.000000, 0.094801, 728, 565.0
926, 70.925926, 662.143258, 30.000000, 0.118537, 735, 570.0
927, 73.888889, 662.143258, 30.000000, 0.083655, 732, 575.0
928, 73.888889, 662.143258, 30.000000, 0.139580, 725, 564.0
929, 70.925926, 662.143258, 30.000000, 0.142502, 733, 570.0
930, 69.938272, 662.754338, 36.804138, 0.076946, 725, 562.0
931, 73.888889, 662.143258, 30.000000, 0.174640, 738, 579.0
932, 71.426612, 659.718338, 35.040102, 0.043911, 726, 611.0
933, 73.888889, 662.143258, 30.000000, 0.133890, 744, 612.0
934, 73.888889, 662.143258, 30.000000, 0.040547, 724, 563.0
935, 77.674897, 657.400114, 40.433012, 0.094800, 731, 577.0
936, 70.925926, 662.143258, 30.000000, 0.076248, 730, 567.0
937, 75.617284, 658.825967, 30.000000, 0.116668, 726, 563.0
938, 75.617284, 658.825967, 30.000000, 0.109161, 730, 568.0
939, 70.925926, 662.143258, 30.000000, 0.060260, 730, 587.0
940, 73.888889, 662.143258, 30.000000, 0.040567, 728, 565.0
941, 73.888889, 662.143258, 30.000000, 0.135379, 725, 590.0
942, 73.888889, 662.143258, 30.000000, 0.166297, 734, 569.0
943, 70.925926, 662.143258, 30.000000, 0.040145, 729, 572.0
944, 73.888889, 662.143258, 30.000000, 0.111509, 734, 570.0
945, 73.888889, 662.143258, 30.000000, 0.064884, 731, 567.0
946, 70.925926, 662.143258, 30.000000, 0.142011, 733, 570.0
947, 70.925926, 662.143258, 30.000000, 0.140960, 736, 574.0
948, 73.888889, 662.143258, 30.000000, 0.105596, 727, 564.0
949, 70.925926, 662.143258, 30.000000, 0.147610, 738, 573.0
950, 73.888889, 662.143258, 30.000000, 0.197527, 734, 584.0
951, 73.888889, 662.143258, 30.000000, 0.080865, 739, 626.0
952, 73.888889, 662.143258, 30.000000, 0.075835, 729, 606.0
953, 70.925926, 662.143258, 30.000000, 0.171499, 730, 565.0
954, 73.888889, 662.143258, 30.000000, 0.158850, 738, 573.0
955, 70.925926, 662.143258, 30.000000, 0.091832, 736, 572.0
956, 73.888889, 662.143258, 30.000000, 0.157391, 733, 569.0
957, 67.139918, 661.124791, 40.433012, 0.154544, 726, 564.0
958, 73.888889, 662.143258, 30.000000, 0.065843, 731, 580.0
959, 70.925926, 662.143258, 30.000000, 0.123553, 729, 566.0
960, 70.925926, 662.143258, 30.000000, 0.161299, 737, 573.0
961, 70.925926, 662.143258, 30.000000, 0.197663, 736, 583.0
962, 76.193416, 655.304983, 36.804138, 0.099063, 730, 566.0
963, 68.456790, 664.849469, 40.433012, 0.102403, 735, 570.0
964, 73.888889, 662.143258, 30.000000, 0.122525, 730, 566.0
965, 75.452675, 655.566874, 37.257747, 0.067183, 728, 564.0
966, 73.888889, 662.143258, 30.000000, 0.080461, 734, 722.0
967, 73.888889, 662.143258, 30.000000, 0.370685, 740, 588.0
968, 70.925926, 662.143258, 30.000000, 0.117992, 730, 566.0
969, 75.617284, 658.825967, 30.000000, 0.043462, 730, 565.0
970, 75.617284, 658.825967, 30.000000, 0.079945, 721, 588.0
971, 68.456790, 664.849469, 40.433012, 0.128347, 733, 569.0
972, 70.925926, 662.143258, 30.000000, 0.064596, 727, 563.0
973, 70.925926, 662.143258, 30.000000, 0.076125, 732, 569.0
974, 73.888889, 662.143258, 30.000000, 0.144680, 732, 575.0
975, 73.888889, 662.143258, 30.000000, 0.264532, 739, 573.0
976, 67.139918, 661.124791, 40.433012, 0.088055, 736, 571.0
977, 75.452675, 659.757136, 39.676997, 0.127752, 733, 568.0
978, 73.888889, 662.143258, 30.000000, 0.117373, 731, 574.0
979, 73.888889, 662.143258, 30.000000, 0.143265, 730, 567.0
980, 70.925926, 662.143258, 30.000000, 0.225298, 732, 568.0
981, 73.888889, 662.143258, 30.000000, 0.149880, 733, 568.0
982, 73.888889, 662.143258, 30.000000, 0.208491, 735, 626.0
983, 73.888889, 662.143258, 30.000000, 0.100707, 734, 570.0
984, 72.407407, 657.952996, 30.000000, 0.293352, 734, 570.0
985, 70.925926, 662.143258, 30.000000, 0.177524, 730, 566.0
986, 70.925926, 662.143258, 30.000000, 0.095334, 727, 568.0
987, 69.828532, 665.237456, 40.937022, 0.217496, 734, 571.0
988, 70.925926, 662.143258, 30.000000, 0.113853, 739, 574.0
989, 70.925926, 662.143258, 30.000000, 0.121829, 733, 594.0
990, 73.888889, 662.143258, 30.000000, 0.247729, 739, 578.0
991, 68.456790, 664.849469, 40.433012, 0.141640, 733, 570.0
992, 73.888889, 662.143258, 30.000000, 0.094375, 723, 561.0
993, 73.888889, 662.143258, 30.000000, 0.127742, 734, 569.0
994, 73.888889, 662.143258, 30.000000, 0.166703, 730, 583.0
995, 70.925926, 662.143258, 30.000000, 0.088005, 731, 568.0
996, 74.629630, 661.619475, 30.000000, 0.069165, 728, 564.0
997, 73.888889, 662.143258, 30.000000, 0.102079, 727, 563.0
998, 70.925926, 662.143258, 30.000000, 0.151959, 739, 578.0
999, 70.925926, 662.143258, 30.000000, 0.127184, 736, 571.0
