#idx, x0, x1, x2, y, f_neval, total_time (us), 
0, 68.309413, 665.532230, 39.432002, 0.108142, 5147, 3730.0
1, 71.969642, 660.196205, 45.946610, 0.102397, 5093, 3691.0
2, 74.995125, 661.163976, 35.314861, 0.042772, 5111, 3748.0
3, 70.671846, 661.311983, 39.125439, 0.078597, 5143, 3858.0
4, 71.392117, 662.624893, 38.599618, 0.107384, 5131, 3723.0
5, 76.460104, 660.827708, 28.605334, 0.034002, 5095, 3695.0
6, 69.664904, 661.759748, 44.457948, 0.084713, 5146, 3750.0
7, 74.103229, 660.105587, 44.177017, 0.081103, 5088, 4615.0
8, 69.749087, 662.253335, 41.788237, 0.135722, 5146, 3758.0
9, 70.764748, 661.389658, 39.742136, 0.070080, 5126, 3783.0
10, 74.043198, 659.992322, 38.984706, 0.086045, 5129, 5734.0
11, 78.437407, 660.516221, 30.982970, 0.081683, 5098, 4035.0
12, 75.126521, 660.102185, 36.878509, 0.062553, 5120, 3712.0
13, 77.298895, 659.634918, 31.221067, 0.052967, 5104, 3689.0
14, 74.593053, 660.412270, 38.503133, 0.051730, 5112, 3758.0
15, 73.155527, 660.581838, 36.115825, 0.044215, 5120, 3704.0
16, 74.967984, 660.639248, 32.044168, 0.044869, 5106, 3697.0
17, 76.327976, 660.939761, 28.380504, 0.037721, 5098, 3682.0
18, 74.153352, 659.546180, 36.034070, 0.034948, 5106, 3727.0
19, 77.133102, 660.822298, 34.666439, 0.087684, 5099, 3751.0
20, 76.021750, 659.996854, 33.763328, 0.074252, 5101, 3862.0
21, 74.725000, 661.372420, 29.661205, 0.065473, 5117, 3728.0
22, 69.608017, 661.801314, 40.616676, 0.102168, 5146, 3727.0
23, 71.905161, 660.488056, 39.995734, 0.066998, 5131, 3731.0
24, 70.916407, 661.962941, 41.739791, 0.085543, 5138, 3842.0
25, 74.147894, 659.385346, 38.453743, 0.059837, 5112, 3695.0
26, 69.763971, 660.960091, 42.668386, 0.193512, 5132, 3782.0
27, 67.726297, 661.024860, 45.363195, 0.147861, 5154, 3733.0
28, 71.862993, 660.312768, 38.974018, 0.072531, 5147, 3779.0
29, 72.396932, 660.553078, 42.243607, 0.074904, 5123, 3799.0
30, 72.590643, 660.375545, 38.994895, 0.062077, 5138, 3713.0
31, 69.062963, 662.043785, 42.611549, 0.136329, 5143, 3783.0
32, 78.431768, 658.687309, 32.687301, 0.056904, 5113, 3697.0
33, 75.574746, 658.521579, 34.896506, 0.045001, 5114, 3826.0
34, 71.659195, 660.230963, 43.893616, 0.068786, 5156, 3738.0
35, 71.762404, 662.922947, 38.223871, 0.040594, 5148, 3781.0
36, 67.196006, 658.836428, 48.296467, 0.172139, 5152, 3749.0
37, 72.748201, 659.493744, 40.338981, 0.037191, 5113, 3742.0
38, 70.359321, 659.107331, 46.857623, 0.060563, 5114, 3770.0
39, 72.654847, 660.196848, 35.157729, 0.065909, 5132, 3705.0
40, 68.063493, 662.068803, 42.449641, 0.073310, 5144, 3738.0
41, 70.735466, 662.721849, 37.970308, 0.071302, 5142, 3718.0
42, 69.642281, 663.566334, 34.806899, 0.101684, 5149, 3776.0
43, 72.244440, 660.754503, 43.670377, 0.071751, 5145, 3736.0
44, 70.799392, 661.750376, 40.075117, 0.075278, 5134, 3779.0
45, 71.457396, 661.201372, 37.691921, 0.040615, 5139, 3735.0
46, 70.631831, 660.544226, 43.548370, 0.145029, 5128, 3755.0
47, 77.437461, 659.240180, 31.906434, 0.073654, 5087, 3753.0
48, 71.962212, 661.149660, 41.376696, 0.052369, 5133, 3731.0
49, 77.130480, 658.629024, 30.543796, 0.020892, 5121, 3754.0
50, 68.337844, 661.408960, 41.745417, 0.163895, 5143, 3737.0
51, 70.714036, 659.448822, 42.251145, 0.139091, 5106, 3770.0
52, 69.070502, 662.693858, 37.852670, 0.061304, 5147, 3710.0
53, 72.237562, 661.098079, 38.159027, 0.047411, 5126, 3762.0
54, 75.393213, 659.751339, 31.566248, 0.041562, 5079, 3675.0
55, 69.593591, 659.965299, 44.638784, 0.076446, 5136, 3968.0
56, 70.157939, 663.091569, 43.095868, 0.076652, 5146, 3856.0
57, 66.634992, 659.582920, 46.474855, 0.220984, 5156, 3796.0
58, 70.328453, 660.876335, 44.632658, 0.121305, 5131, 3732.0
59, 72.898926, 660.497586, 35.536026, 0.036910, 5133, 3722.0
60, 73.293215, 660.395658, 37.470182, 0.061330, 5115, 3775.0
61, 74.517896, 660.695618, 31.214692, 0.034809, 5136, 3731.0
62, 68.856169, 662.508078, 36.987422, 0.065985, 5148, 3766.0
63, 77.452939, 659.297814, 28.902221, 0.072679, 5084, 3689.0
64, 72.540360, 659.440312, 45.041730, 0.141672, 5101, 3695.0
65, 70.096066, 659.949272, 38.907042, 0.068633, 5133, 3738.0
66, 68.662512, 659.693221, 44.075478, 0.076857, 5147, 3771.0
67, 74.100728, 659.782811, 34.744603, 0.024847, 5127, 3710.0
68, 69.209586, 659.818201, 45.052717, 0.070021, 5152, 5127.0
69, 68.429708, 661.774196, 41.838602, 0.082408, 5148, 5302.0
70, 68.188489, 660.059146, 44.215593, 0.107720, 5153, 4081.0
71, 73.674522, 659.817180, 41.211323, 0.061687, 5093, 3705.0
72, 70.811601, 663.700450, 37.711888, 0.083288, 5148, 3728.0
73, 68.673069, 660.716586, 44.531348, 0.041677, 5153, 3816.0
74, 69.039522, 662.635357, 37.625155, 0.065657, 5153, 3727.0
75, 72.038221, 660.646028, 37.120462, 0.032029, 5126, 3925.0
76, 68.483109, 664.144582, 35.533759, 0.094071, 5146, 3720.0
77, 65.858245, 662.286590, 44.229042, 0.114779, 5154, 3939.0
78, 76.044264, 659.102170, 37.654056, 0.035480, 5103, 3703.0
79, 70.644717, 660.207362, 43.770327, 0.139303, 5130, 3782.0
80, 70.045011, 661.085127, 38.463732, 0.028836, 5140, 3720.0
81, 70.316109, 661.826958, 40.428637, 0.038196, 5151, 3733.0
82, 67.533808, 662.360375, 42.824160, 0.105546, 5147, 3754.0
83, 69.134407, 662.241625, 39.647294, 0.061075, 5147, 3818.0
84, 69.632294, 660.100855, 43.520950, 0.119789, 5129, 3782.0
85, 67.856638, 661.679350, 43.922226, 0.112042, 5146, 3754.0
86, 74.435713, 660.803069, 33.636962, 0.032270, 5119, 3784.0
87, 68.330002, 662.253678, 41.289422, 0.077595, 5143, 3810.0
88, 64.732902, 665.079582, 39.720944, 0.214843, 5152, 3775.0
89, 71.853278, 660.934251, 38.441849, 0.051035, 5128, 3784.0
90, 69.065497, 660.247817, 45.541181, 0.059989, 5152, 3742.0
91, 71.591546, 660.676951, 38.468625, 0.051080, 5124, 3786.0
92, 67.511545, 666.083549, 50.830068, 0.047557, 5138, 3841.0
93, 70.261675, 660.676050, 42.608625, 0.042760, 5132, 3730.0
94, 71.032286, 660.710642, 46.600331, 0.057499, 5145, 3891.0
95, 74.877320, 660.994702, 32.205285, 0.049694, 5114, 3793.0
96, 71.842710, 660.095954, 39.427883, 0.029778, 5128, 3727.0
97, 70.354496, 661.617097, 43.655875, 0.043621, 5151, 3727.0
98, 73.106429, 660.752608, 37.011530, 0.044411, 5128, 3730.0
99, 71.029993, 662.085392, 37.788863, 0.043557, 5129, 3716.0
100, 69.499845, 660.548293, 46.130420, 0.046834, 5149, 3768.0
101, 69.617815, 662.821704, 44.307723, 0.145941, 5156, 3795.0
102, 68.449939, 661.679510, 43.409483, 0.079400, 5144, 3791.0
103, 68.268922, 661.050334, 43.857267, 0.047086, 5151, 3754.0
104, 67.819187, 661.148097, 40.791612, 0.127176, 5153, 3761.0
105, 69.562769, 662.012644, 36.265723, 0.076357, 5148, 3727.0
106, 68.867772, 659.519867, 43.526391, 0.083170, 5148, 3805.0
107, 75.709388, 657.719409, 42.979476, 0.076643, 5065, 3685.0
108, 69.656755, 661.933362, 40.965767, 0.056933, 5144, 3733.0
109, 66.174628, 661.539049, 43.786419, 0.156480, 5150, 3749.0
110, 72.064111, 660.803624, 39.287102, 0.076765, 5133, 3736.0
111, 71.866133, 661.759874, 35.416425, 0.062650, 5151, 3879.0
112, 76.256579, 659.547421, 31.466869, 0.037345, 5123, 3717.0
113, 68.900853, 661.630342, 43.619092, 0.078690, 5149, 3877.0
114, 69.455510, 661.580808, 43.811647, 0.076680, 5144, 3750.0
115, 73.600286, 661.414424, 31.887105, 0.028877, 5127, 3713.0
116, 73.053466, 659.461793, 35.195738, 0.041601, 5114, 3809.0
117, 72.055850, 660.834691, 44.263864, 0.047301, 5128, 3734.0
118, 69.261510, 663.174970, 39.460763, 0.059614, 5150, 3754.0
119, 73.177223, 658.701036, 39.609137, 0.029224, 5110, 3960.0
120, 69.077816, 662.334012, 39.748670, 0.062624, 5146, 3870.0
121, 65.259976, 661.870333, 44.452391, 0.186777, 5149, 3911.0
122, 76.871628, 659.719109, 30.581340, 0.076675, 5100, 3777.0
123, 69.977543, 662.273852, 41.870323, 0.032873, 5143, 3739.0
124, 73.937872, 659.100749, 35.942762, 0.033576, 5117, 3722.0
125, 71.903666, 659.176415, 42.897112, 0.052713, 5107, 3821.0
126, 68.303198, 659.947619, 43.302546, 0.050254, 5150, 3789.0
127, 67.708179, 661.811007, 40.079192, 0.079396, 5141, 3779.0
128, 67.918515, 659.473068, 43.907297, 0.143141, 5138, 3736.0
129, 70.556854, 661.415373, 41.850836, 0.123149, 5141, 3831.0
130, 70.306068, 664.137649, 36.793732, 0.079585, 5149, 3788.0
131, 67.263833, 664.548266, 41.405286, 0.123835, 5153, 3813.0
132, 74.311400, 658.138360, 40.016099, 0.035920, 5095, 3812.0
133, 70.191992, 660.181536, 43.612851, 0.075169, 5145, 3741.0
134, 71.072869, 662.490937, 37.886344, 0.033920, 5147, 3748.0
135, 71.382168, 662.644280, 36.049960, 0.063592, 5150, 3785.0
136, 67.853456, 660.809894, 45.563077, 0.236194, 5148, 3736.0
137, 69.003530, 660.409749, 48.870048, 0.164152, 5134, 3730.0
138, 66.155004, 660.935478, 43.428672, 0.238433, 5151, 3760.0
139, 71.080680, 661.580702, 42.396777, 0.127364, 5149, 3807.0
140, 67.962944, 661.946735, 43.597931, 0.090648, 5149, 3852.0
141, 68.622388, 662.023551, 40.566014, 0.074874, 5139, 3730.0
142, 75.156039, 660.141068, 36.532262, 0.071884, 5133, 3721.0
143, 76.937542, 659.462312, 31.386220, 0.058201, 5107, 3823.0
144, 72.642701, 662.128507, 39.707678, 0.094815, 5127, 3802.0
145, 71.675545, 660.153640, 43.885559, 0.093234, 5111, 3763.0
146, 70.805779, 662.335822, 38.091593, 0.068893, 5148, 3726.0
147, 79.262177, 660.198481, 25.437609, 0.050311, 5108, 3688.0
148, 73.991884, 660.949528, 32.673686, 0.052839, 5130, 3708.0
149, 70.918663, 662.852952, 41.715604, 0.121113, 5141, 3823.0
150, 69.809506, 662.710346, 41.040689, 0.047037, 5146, 3818.0
151, 70.981908, 661.373091, 42.474384, 0.094006, 5149, 3761.0
152, 72.489157, 661.246038, 41.725905, 0.145382, 5098, 3688.0
153, 69.493998, 661.111862, 44.357567, 0.240600, 5152, 3766.0
154, 68.404278, 660.465350, 45.748455, 0.114150, 5145, 3925.0
155, 68.741898, 662.289408, 44.682662, 0.179302, 5151, 3742.0
156, 67.872947, 660.611081, 44.815528, 0.100142, 5144, 3743.0
157, 72.443306, 660.960703, 36.431878, 0.009220, 5139, 3835.0
158, 73.246501, 660.608544, 38.238798, 0.035303, 5127, 3746.0
159, 70.372172, 661.448109, 44.045609, 0.072060, 5147, 3735.0
160, 70.884328, 661.203464, 43.148848, 0.102987, 5118, 3703.0
161, 68.607202, 663.511015, 41.213158, 0.240823, 5152, 3727.0
162, 69.468695, 661.975756, 43.079768, 0.154672, 5162, 3775.0
163, 67.317890, 660.801265, 44.783228, 0.108997, 5144, 3794.0
164, 72.472422, 660.447216, 40.221298, 0.033943, 5129, 3716.0
165, 70.975123, 661.891526, 41.997473, 0.074978, 5139, 3785.0
166, 71.229081, 661.034851, 41.323052, 0.110397, 5130, 3751.0
167, 66.016777, 661.300230, 43.141054, 0.231394, 5142, 4005.0
168, 74.442081, 661.519745, 31.914658, 0.043490, 5114, 3790.0
169, 75.226294, 659.681753, 36.183044, 0.038107, 5110, 3773.0
170, 70.828853, 661.332084, 41.694042, 0.057900, 5155, 3739.0
171, 70.877414, 660.588406, 40.341961, 0.065549, 5135, 3757.0
172, 72.583793, 661.263696, 38.244727, 0.042362, 5133, 3754.0
173, 74.050334, 660.065339, 38.568141, 0.055354, 5111, 3699.0
174, 69.080931, 661.690615, 43.618962, 0.109934, 5146, 3721.0
175, 67.641974, 665.431121, 38.574414, 0.113963, 5154, 3784.0
176, 66.158334, 660.241632, 46.104919, 0.209752, 5156, 3770.0
177, 71.339567, 662.520128, 40.124857, 0.084005, 5130, 3708.0
178, 67.467458, 658.993257, 47.387308, 0.156389, 5152, 4023.0
179, 70.723911, 660.678605, 41.674349, 0.051522, 5153, 4339.0
180, 75.816218, 659.954047, 36.694597, 0.059418, 5108, 3723.0
181, 72.801460, 659.372343, 37.379987, 0.036647, 5118, 3824.0
182, 69.396234, 660.886645, 42.897324, 0.070268, 5151, 3730.0
183, 66.938492, 663.888059, 39.810252, 0.120373, 5157, 3710.0
184, 71.861285, 661.585241, 39.138182, 0.074742, 5149, 3797.0
185, 70.156845, 662.808181, 37.415568, 0.042852, 5155, 3827.0
186, 72.509195, 659.170998, 39.772244, 0.051232, 5136, 3722.0
187, 66.188538, 661.941555, 45.904577, 0.103635, 5149, 3736.0
188, 66.384073, 663.909111, 40.134911, 0.138032, 5152, 3734.0
189, 71.586271, 662.028731, 34.335463, 0.035511, 5147, 3782.0
190, 69.108679, 661.874123, 42.683750, 0.124490, 5145, 3741.0
191, 71.760596, 659.933316, 41.245862, 0.037079, 5133, 3883.0
192, 73.825302, 660.826689, 33.538089, 0.048984, 5128, 3702.0
193, 71.562448, 662.501888, 35.834510, 0.043338, 5155, 3753.0
194, 74.359891, 660.765859, 32.693187, 0.041011, 5128, 3867.0
195, 73.449930, 661.504979, 39.318593, 0.099664, 5112, 3716.0
196, 69.779231, 661.828209, 42.110236, 0.050121, 5152, 3733.0
197, 68.300327, 662.643670, 38.478231, 0.115981, 5143, 3707.0
198, 74.484076, 659.468259, 31.778594, 0.057127, 5123, 3761.0
199, 72.876709, 661.964366, 33.625652, 0.064853, 5139, 3725.0
200, 73.102367, 659.763641, 39.731992, 0.098220, 5113, 3713.0
201, 69.613196, 661.998449, 39.668489, 0.057979, 5146, 3747.0
202, 68.713163, 663.489003, 37.839231, 0.039677, 5145, 3746.0
203, 78.423296, 658.189705, 37.268127, 0.078077, 5098, 3725.0
204, 71.434721, 661.206774, 39.667214, 0.034409, 5131, 4102.0
205, 74.701174, 660.176072, 38.903098, 0.120719, 5082, 3681.0
206, 71.293087, 662.070093, 34.354005, 0.057083, 5147, 3780.0
207, 68.006067, 663.239290, 40.579813, 0.116241, 5149, 3781.0
208, 67.906707, 660.876928, 45.278123, 0.048879, 5148, 3750.0
209, 73.019689, 661.031190, 39.174450, 0.055315, 5127, 3719.0
210, 72.148390, 662.394125, 37.826403, 0.041649, 5139, 3725.0
211, 72.157272, 662.981768, 34.088421, 0.041534, 5144, 3919.0
212, 71.048464, 662.306872, 41.779305, 0.068257, 5134, 3781.0
213, 70.577023, 663.558863, 37.765253, 0.035037, 5144, 3727.0
214, 72.645835, 659.379768, 37.942767, 0.096469, 5109, 3698.0
215, 73.217405, 661.042434, 40.914978, 0.117399, 5109, 3701.0
216, 69.635738, 661.783778, 42.743892, 0.130779, 5126, 3747.0
217, 70.717883, 662.711556, 39.612814, 0.031202, 5145, 3928.0
218, 74.624089, 659.826625, 33.105292, 0.041865, 5112, 3703.0
219, 76.193873, 660.182936, 36.232393, 0.072113, 5106, 3695.0
220, 72.947393, 662.321410, 34.761988, 0.025953, 5155, 3766.0
221, 75.167981, 660.516561, 37.864514, 0.102895, 5110, 3779.0
222, 75.311739, 658.954587, 42.812081, 0.128456, 5067, 3683.0
223, 70.310488, 661.359337, 42.562951, 0.111590, 5126, 3926.0
224, 68.282516, 663.338723, 38.612929, 0.041690, 5149, 3720.0
225, 67.879988, 662.345544, 41.968495, 0.126848, 5150, 3846.0
226, 74.119107, 661.714651, 30.525240, 0.057343, 5123, 3713.0
227, 72.230646, 660.531992, 35.232120, 0.056466, 5132, 3719.0
228, 70.457840, 660.544242, 42.409867, 0.085350, 5133, 3722.0
229, 71.112138, 662.104784, 38.806799, 0.040125, 5131, 3806.0
230, 71.445504, 660.462220, 38.807764, 0.032340, 5138, 3721.0
231, 77.452638, 661.494510, 32.032783, 0.106221, 5109, 3724.0
232, 70.643230, 662.893398, 37.352147, 0.094449, 5151, 3724.0
233, 68.878944, 662.826120, 38.621011, 0.050035, 5145, 3727.0
234, 68.742338, 661.968736, 42.674735, 0.107110, 5147, 3788.0
235, 71.547820, 660.459295, 40.916268, 0.079693, 5105, 3705.0
236, 74.107703, 660.843152, 38.346653, 0.066195, 5131, 3877.0
237, 68.731672, 662.695831, 41.097382, 0.074960, 5149, 3727.0
238, 73.527337, 660.564342, 35.740469, 0.040789, 5131, 3800.0
239, 74.396566, 660.813652, 40.065014, 0.050230, 5112, 3701.0
240, 75.242135, 659.203356, 36.240354, 0.021543, 5111, 3740.0
241, 70.955630, 658.446611, 45.341521, 0.159941, 5117, 3711.0
242, 69.264788, 660.534398, 45.526245, 0.068214, 5151, 3744.0
243, 72.154600, 661.557003, 35.864270, 0.044358, 5133, 3802.0
244, 69.914111, 660.469995, 42.397197, 0.043787, 5151, 3745.0
245, 72.786832, 659.697058, 38.793536, 0.054919, 5117, 3710.0
246, 74.079149, 658.963380, 40.014943, 0.054488, 5099, 3689.0
247, 72.547894, 659.684963, 40.871155, 0.013805, 5129, 3753.0
248, 68.040232, 662.180832, 43.360107, 0.178452, 5153, 3753.0
249, 70.207624, 659.733519, 44.093130, 0.173814, 5107, 4068.0
250, 69.867360, 663.523979, 38.110018, 0.029679, 5146, 3773.0
251, 70.490526, 661.007316, 41.502347, 0.161741, 5133, 3739.0
252, 73.540977, 661.058056, 36.592441, 0.062057, 5112, 3820.0
253, 73.144306, 659.449261, 34.920011, 0.031351, 5120, 3706.0
254, 72.315641, 660.631804, 36.988832, 0.069501, 5134, 3726.0
255, 71.072184, 661.716816, 36.211665, 0.045192, 5143, 3743.0
256, 73.810384, 659.573985, 38.106669, 0.056422, 5118, 3898.0
257, 73.329814, 660.273447, 39.836618, 0.082565, 5122, 3724.0
258, 70.108961, 662.309165, 39.749917, 0.040277, 5150, 3810.0
259, 68.830763, 660.791946, 41.935449, 0.170789, 5137, 3734.0
260, 69.329833, 662.525063, 39.026517, 0.130728, 5152, 3876.0
261, 68.945006, 661.798904, 43.848661, 0.089941, 5151, 3977.0
262, 76.984367, 658.836435, 30.919066, 0.058502, 5113, 4965.0
263, 67.724814, 659.566728, 44.961128, 0.207790, 5147, 3736.0
264, 75.481426, 660.073146, 28.307226, 0.073620, 5108, 3711.0
265, 73.940898, 660.138302, 29.327733, 0.013755, 5122, 3929.0
266, 70.270436, 659.757355, 44.182300, 0.062176, 5125, 3715.0
267, 72.539225, 660.370204, 36.123312, 0.032288, 5114, 3818.0
268, 72.266062, 662.029540, 35.905319, 0.075411, 5118, 3941.0
269, 70.863153, 659.751394, 40.832886, 0.106959, 5113, 3966.0
270, 76.073728, 658.673411, 33.247752, 0.046096, 5104, 3710.0
271, 73.486113, 662.538419, 37.286122, 0.053911, 5128, 3695.0
272, 70.768315, 660.814947, 40.018272, 0.030605, 5136, 3727.0
273, 69.633612, 660.006367, 44.716981, 0.122802, 5129, 3836.0
274, 77.789669, 661.327325, 19.741115, 0.060113, 5142, 3876.0
275, 75.820862, 659.723159, 36.188761, 0.075955, 5100, 4363.0
276, 76.474557, 658.955797, 33.636236, 0.042011, 5118, 3805.0
277, 73.711329, 661.393782, 38.467427, 0.064114, 5134, 3737.0
278, 73.924954, 661.722648, 33.654033, 0.089836, 5106, 3702.0
279, 69.460605, 660.419294, 44.195091, 0.097089, 5154, 3751.0
280, 74.593020, 659.099429, 36.862764, 0.059009, 5126, 3722.0
281, 71.669283, 661.902411, 37.553710, 0.036877, 5127, 3788.0
282, 70.397405, 658.687301, 44.388738, 0.116684, 5126, 3731.0
283, 76.813212, 659.746148, 32.841779, 0.067877, 5114, 3694.0
284, 73.825893, 662.602190, 32.215420, 0.066863, 5144, 3837.0
285, 67.988585, 657.705515, 47.377032, 0.359733, 5147, 3811.0
286, 69.739744, 662.498451, 40.348903, 0.040299, 5145, 3734.0
287, 67.517181, 661.828202, 44.786466, 0.109753, 5154, 3888.0
288, 70.451910, 660.281255, 41.119190, 0.059095, 5134, 3726.0
289, 69.898200, 661.677485, 40.209571, 0.072629, 5154, 4579.0
290, 69.306044, 661.886646, 42.697066, 0.162536, 5145, 5764.0
291, 68.686263, 662.424513, 43.309558, 0.063635, 5155, 3746.0
292, 71.505531, 662.416841, 41.713388, 0.073502, 5152, 3741.0
293, 69.596373, 662.542525, 38.335219, 0.097752, 5143, 4730.0
294, 70.230535, 662.308596, 43.273161, 0.095420, 5137, 4888.0
295, 68.079133, 660.051735, 44.552944, 0.150980, 5152, 3859.0
296, 72.622094, 660.661498, 37.383839, 0.032629, 5143, 3731.0
297, 71.682754, 660.707563, 38.782523, 0.038026, 5124, 3722.0
298, 66.841007, 660.734101, 44.182162, 0.133348, 5150, 3730.0
299, 72.745327, 660.583720, 41.293425, 0.117684, 5115, 3810.0
300, 72.590867, 661.754297, 37.121384, 0.046061, 5138, 3729.0
301, 72.716668, 661.578459, 36.656551, 0.034331, 5123, 3714.0
302, 70.860309, 661.803210, 33.135748, 0.065017, 5147, 3727.0
303, 72.311573, 662.160124, 36.385504, 0.061359, 5130, 3789.0
304, 72.687179, 662.676503, 30.506363, 0.061716, 5140, 3716.0
305, 75.433537, 659.775177, 32.287320, 0.044340, 5122, 3700.0
306, 70.994849, 660.164838, 42.623456, 0.079993, 5136, 5577.0
307, 75.517382, 660.750241, 27.720076, 0.055408, 5094, 4374.0
308, 71.996504, 660.432839, 38.554356, 0.060867, 5102, 3749.0
309, 74.107669, 660.636906, 37.351656, 0.051629, 5118, 3702.0
310, 69.662872, 661.612115, 41.924408, 0.040534, 5154, 3731.0
311, 69.116849, 662.351982, 41.272676, 0.074411, 5150, 3749.0
312, 76.213818, 661.274454, 29.372987, 0.065555, 5132, 3735.0
313, 71.273185, 660.826809, 41.368652, 0.055662, 5129, 3789.0
314, 73.651872, 662.023318, 36.397122, 0.065517, 5133, 3807.0
315, 74.594338, 659.903124, 36.249977, 0.046339, 5126, 3707.0
316, 78.267429, 658.911832, 35.445457, 0.139290, 5088, 3731.0
317, 74.482129, 661.167995, 32.820638, 0.027894, 5128, 3721.0
318, 69.300469, 664.976708, 39.168487, 0.122663, 5150, 3755.0
319, 73.172091, 661.845342, 33.887655, 0.043640, 5114, 3696.0
320, 72.551561, 662.790611, 32.456562, 0.060185, 5150, 3794.0
321, 72.290614, 661.940441, 36.765846, 0.050235, 5153, 3779.0
322, 68.534271, 664.153892, 38.815068, 0.072034, 5152, 3719.0
323, 77.008703, 662.757164, 26.243110, 0.096591, 5128, 3696.0
324, 73.753139, 661.342536, 35.128979, 0.035013, 5155, 3740.0
325, 74.918475, 661.070372, 31.363092, 0.017986, 5120, 3731.0
326, 76.572764, 659.552519, 37.285703, 0.103477, 5091, 3695.0
327, 71.318570, 664.093204, 38.202727, 0.073045, 5150, 3729.0
328, 73.728200, 659.862910, 40.010962, 0.052464, 5103, 3704.0
329, 67.440775, 661.364906, 44.040608, 0.053229, 5144, 3752.0
330, 70.566126, 661.968706, 40.709574, 0.048308, 5146, 3757.0
331, 69.703520, 661.125330, 42.331427, 0.134435, 5123, 3738.0
332, 70.900063, 660.821438, 40.058728, 0.062299, 5130, 3727.0
333, 68.655941, 662.259702, 41.072386, 0.098387, 5148, 3832.0
334, 71.226541, 660.012171, 42.829827, 0.076988, 5134, 3718.0
335, 70.109613, 659.548329, 45.660936, 0.112327, 5140, 3726.0
336, 66.263432, 662.360750, 43.973042, 0.134690, 5150, 3706.0
337, 70.862438, 662.227667, 38.588064, 0.060769, 5145, 3730.0
338, 69.702390, 660.693958, 42.445381, 0.059702, 5146, 3761.0
339, 73.179919, 661.485715, 39.319584, 0.058800, 5133, 3719.0
340, 69.560549, 661.484277, 43.455289, 0.067017, 5150, 3750.0
341, 70.670851, 661.516837, 35.725043, 0.043726, 5151, 3740.0
342, 70.806493, 660.424005, 42.426781, 0.074326, 5134, 3722.0
343, 71.024488, 662.378237, 40.672748, 0.039295, 5150, 3746.0
344, 70.499140, 661.444498, 42.290966, 0.152638, 5133, 3724.0
345, 73.968312, 661.894768, 30.230348, 0.070022, 5140, 3768.0
346, 69.141288, 659.252256, 47.771493, 0.160399, 5141, 3851.0
347, 72.459202, 660.084005, 38.837002, 0.062134, 5110, 3706.0
348, 70.120581, 661.029655, 44.942786, 0.135866, 5129, 3734.0
349, 67.979477, 662.560717, 38.960622, 0.058751, 5156, 3933.0
350, 77.148373, 660.458877, 29.880036, 0.087906, 5097, 3717.0
351, 67.699823, 660.270361, 46.573152, 0.222731, 5153, 3777.0
352, 70.160187, 663.068810, 38.851881, 0.069915, 5149, 3786.0
353, 70.857155, 661.139414, 40.554839, 0.064694, 5153, 3750.0
354, 73.323590, 661.864557, 37.021718, 0.068535, 5125, 3725.0
355, 71.029110, 662.273185, 38.954720, 0.055159, 5136, 3728.0
356, 72.203977, 662.105953, 33.812450, 0.057175, 5156, 3746.0
357, 69.562145, 662.743138, 40.280125, 0.131922, 5148, 3795.0
358, 67.050725, 661.070322, 43.270507, 0.100241, 5156, 3897.0
359, 74.570780, 660.181634, 35.970341, 0.064376, 5123, 3768.0
360, 70.972350, 662.664454, 41.205484, 0.096824, 5157, 3849.0
361, 70.842733, 660.228964, 39.284561, 0.027477, 5129, 3708.0
362, 71.997101, 663.536995, 31.187983, 0.042188, 5147, 3726.0
363, 72.736319, 662.236573, 37.364507, 0.015717, 5140, 3727.0
364, 73.908688, 660.591626, 37.493235, 0.042424, 5125, 3727.0
365, 73.094410, 660.348928, 36.388146, 0.023243, 5125, 3703.0
366, 69.491930, 661.249897, 41.287037, 0.062204, 5151, 3736.0
367, 72.515694, 662.604510, 28.496580, 0.025142, 5148, 3733.0
368, 74.485203, 659.943413, 37.175423, 0.038775, 5122, 3711.0
369, 72.721921, 660.938667, 37.142113, 0.058163, 5130, 3707.0
370, 73.245307, 661.123860, 43.459769, 0.064024, 5131, 3952.0
371, 74.866961, 661.714364, 37.896607, 0.079436, 5122, 4452.0
372, 73.182834, 661.868704, 32.835088, 0.055073, 5147, 4294.0
373, 73.120960, 659.974199, 39.427097, 0.064134, 5115, 3815.0
374, 69.100667, 662.756895, 43.564494, 0.194530, 5150, 3743.0
375, 72.768190, 660.719200, 38.991610, 0.055082, 5132, 3718.0
376, 72.019888, 660.685388, 39.348160, 0.042508, 5130, 3741.0
377, 70.916702, 662.766286, 38.766612, 0.103548, 5149, 3901.0
378, 70.410742, 662.012159, 40.393581, 0.073261, 5154, 3744.0
379, 70.608786, 662.458209, 38.604553, 0.060874, 5149, 3737.0
380, 76.155468, 659.377960, 37.837159, 0.057537, 5121, 3700.0
381, 71.542034, 662.242987, 36.275729, 0.087559, 5112, 3700.0
382, 74.031348, 660.148055, 37.189643, 0.020018, 5134, 3713.0
383, 76.268269, 661.005847, 26.527163, 0.033202, 5091, 3674.0
384, 71.047835, 660.674442, 42.376765, 0.135931, 5104, 4892.0
385, 70.192265, 662.229328, 41.879318, 0.083600, 5135, 3724.0
386, 75.148222, 660.007311, 39.645864, 0.070277, 5108, 3703.0
387, 69.090161, 661.582468, 40.658377, 0.140710, 5145, 3736.0
388, 70.725925, 661.786673, 41.154947, 0.070560, 5149, 3747.0
389, 69.073396, 659.807946, 45.378700, 0.111402, 5148, 3748.0
390, 69.570850, 665.915947, 55.549918, 0.087601, 5118, 3774.0
391, 76.033911, 661.497131, 37.032014, 0.135600, 5117, 3714.0
392, 72.220947, 660.313189, 39.873008, 0.063009, 5135, 3742.0
393, 74.008680, 660.745339, 38.217149, 0.054747, 5127, 3718.0
394, 70.275537, 659.627495, 45.100615, 0.096700, 5135, 3719.0
395, 78.193240, 658.250734, 34.145377, 0.082645, 5094, 3731.0
396, 74.094703, 660.328548, 38.117289, 0.043912, 5127, 3713.0
397, 70.687117, 661.746745, 39.206992, 0.024171, 5146, 4463.0
398, 73.574935, 660.368739, 38.033774, 0.043342, 5133, 3719.0
399, 76.489290, 659.846533, 36.242904, 0.078572, 5109, 3810.0
400, 71.096604, 660.833354, 41.723341, 0.108012, 5134, 3723.0
401, 70.107436, 662.195996, 39.254628, 0.061748, 5145, 3728.0
402, 70.926236, 661.591781, 39.561733, 0.106510, 5126, 3920.0
403, 72.909844, 661.520318, 40.034101, 0.031387, 5125, 3790.0
404, 70.009567, 661.366488, 42.611859, 0.054170, 5149, 3795.0
405, 74.863418, 660.778222, 33.808463, 0.036659, 5134, 3735.0
406, 73.250288, 662.458415, 32.378434, 0.043146, 5143, 3736.0
407, 75.245616, 660.770695, 36.267509, 0.059339, 5111, 3698.0
408, 74.663924, 660.027412, 33.342291, 0.056522, 5119, 3696.0
409, 77.356054, 662.145952, 23.654508, 0.112933, 5142, 3721.0
410, 69.615956, 663.367651, 39.177566, 0.079524, 5142, 3930.0
411, 81.464338, 657.735518, 28.687702, 0.064694, 5090, 3675.0
412, 71.976062, 662.065289, 33.397131, 0.035594, 5149, 3731.0
413, 73.724080, 660.698525, 38.475889, 0.037390, 5129, 3763.0
414, 73.104669, 660.110363, 37.586098, 0.045618, 5137, 3735.0
415, 75.412150, 660.230869, 40.665330, 0.040643, 5092, 3684.0
416, 73.467846, 661.417005, 30.499502, 0.047353, 5159, 3766.0
417, 66.500469, 659.231002, 46.125915, 0.216426, 5149, 4392.0
418, 74.392410, 661.824379, 33.794303, 0.053769, 5129, 3724.0
419, 69.995336, 662.417823, 39.972531, 0.054929, 5153, 3754.0
420, 70.459391, 660.870199, 38.469884, 0.119207, 5150, 3726.0
421, 74.613758, 659.995731, 36.933494, 0.056723, 5101, 3686.0
422, 73.283899, 660.596291, 39.272657, 0.051075, 5128, 3714.0
423, 69.613232, 662.245524, 41.548072, 0.085577, 5153, 4071.0
424, 72.122281, 661.951335, 34.592468, 0.068098, 5150, 3740.0
425, 75.327767, 659.158918, 37.071528, 0.061365, 5108, 3750.0
426, 72.104578, 661.468096, 36.578756, 0.059568, 5134, 3712.0
427, 71.986341, 659.729649, 43.060703, 0.060468, 5131, 3802.0
428, 77.061778, 661.397270, 26.454416, 0.084098, 5096, 3684.0
429, 69.167611, 661.350166, 43.743530, 0.136833, 5154, 3933.0
430, 74.976791, 660.719330, 35.629112, 0.065344, 5107, 4532.0
431, 68.755619, 662.074131, 44.028707, 0.055921, 5144, 3828.0
432, 72.484334, 661.634961, 37.121507, 0.056376, 5143, 3773.0
433, 72.563871, 660.701366, 36.363076, 0.047231, 5132, 3722.0
434, 71.127055, 660.379921, 40.119471, 0.037996, 5135, 3729.0
435, 68.353526, 661.124354, 41.901308, 0.085253, 5146, 3840.0
436, 67.131875, 663.524171, 39.159716, 0.110089, 5149, 3796.0
437, 69.346725, 660.972067, 45.123324, 0.115811, 5148, 3862.0
438, 68.425359, 664.610104, 35.358604, 0.081829, 5147, 3709.0
439, 70.695380, 661.937627, 39.256204, 0.039046, 5147, 3742.0
440, 71.341146, 661.180478, 39.614113, 0.038686, 5130, 3726.0
441, 75.014324, 660.072044, 36.806802, 0.052435, 5114, 5402.0
442, 67.274135, 663.136655, 41.959806, 0.063309, 5144, 4541.0
443, 74.542682, 659.692750, 33.874388, 0.013477, 5114, 3694.0
444, 70.455576, 659.438887, 44.975457, 0.088524, 5130, 3725.0
445, 72.798982, 660.526681, 36.618381, 0.027695, 5132, 3746.0
446, 73.013180, 660.892732, 42.171850, 0.136247, 5117, 3723.0
447, 72.731329, 662.618740, 40.620402, 0.130813, 5129, 3783.0
448, 70.879911, 661.823885, 40.016426, 0.043184, 5152, 3975.0
449, 70.244547, 661.976329, 40.703581, 0.057528, 5152, 3847.0
450, 72.678647, 660.964326, 39.610247, 0.048193, 5128, 3721.0
451, 70.114555, 662.594471, 40.961825, 0.111168, 5145, 3721.0
452, 70.416509, 662.821260, 36.037454, 0.058615, 5150, 3721.0
453, 74.665133, 660.378540, 35.754202, 0.025155, 5141, 3717.0
454, 68.586839, 662.074050, 35.934000, 0.057934, 5147, 3718.0
455, 72.039120, 659.563865, 42.356345, 0.114141, 5105, 5317.0
456, 78.610143, 660.406786, 30.072012, 0.125731, 5111, 3810.0
457, 70.839318, 662.523263, 35.609662, 0.056838, 5147, 3721.0
458, 73.838497, 660.168471, 35.384928, 0.028887, 5126, 3785.0
459, 71.986989, 659.704434, 41.859713, 0.149634, 5103, 3697.0
460, 71.456299, 660.919799, 43.247959, 0.117874, 5126, 3715.0
461, 72.934884, 660.905085, 39.153751, 0.101654, 5116, 3889.0
462, 71.644582, 660.710527, 41.115986, 0.044051, 5136, 3746.0
463, 72.976187, 661.295820, 39.093725, 0.090435, 5119, 3709.0
464, 72.481619, 660.349127, 44.589814, 0.093033, 5106, 3701.0
465, 71.867284, 661.181583, 44.883878, 0.065898, 5149, 3757.0
466, 67.605995, 661.174623, 44.099565, 0.135810, 5154, 3737.0
467, 74.518262, 659.332788, 38.334618, 0.088407, 5111, 3720.0
468, 74.187419, 659.487816, 40.312415, 0.039604, 5090, 5104.0
469, 69.245232, 663.464690, 40.304760, 0.075325, 5152, 3728.0
470, 68.451030, 662.442766, 40.830373, 0.120411, 5155, 3723.0
471, 71.831980, 660.545782, 43.300483, 0.096728, 5126, 3737.0
472, 69.256663, 663.004478, 41.647576, 0.105797, 5153, 3726.0
473, 71.471288, 662.203919, 35.552796, 0.061596, 5148, 3726.0
474, 67.866978, 661.641088, 44.217388, 0.182368, 5149, 3754.0
475, 71.563315, 661.052495, 39.060296, 0.095926, 5109, 3717.0
476, 69.533744, 660.768194, 43.642374, 0.136888, 5149, 3756.0
477, 71.702228, 661.515299, 36.807813, 0.029867, 5123, 3733.0
478, 70.930413, 661.296877, 38.480900, 0.014689, 5150, 3726.0
479, 72.790430, 661.922758, 41.004114, 0.081823, 5120, 3719.0
480, 73.578044, 659.308109, 40.367910, 0.061190, 5094, 3706.0
481, 72.163497, 660.417302, 41.858324, 0.032831, 5129, 3761.0
482, 72.531651, 661.853598, 41.581518, 0.079031, 5124, 3715.0
483, 67.431562, 660.414434, 42.838936, 0.118147, 5148, 3750.0
484, 70.161818, 663.025392, 35.973568, 0.056714, 5153, 3773.0
485, 68.243950, 661.645335, 42.473125, 0.035958, 5141, 3747.0
486, 73.218084, 661.919135, 32.996463, 0.059060, 5150, 3787.0
487, 69.956559, 661.054110, 38.057555, 0.025344, 5154, 3800.0
488, 71.016332, 661.627911, 38.883651, 0.051553, 5149, 3732.0
489, 73.149460, 661.066495, 35.898122, 0.052966, 5129, 3741.0
490, 68.279514, 662.829943, 38.243754, 0.072906, 5141, 3712.0
491, 70.614335, 661.488832, 39.713389, 0.071689, 5151, 3878.0
492, 71.188169, 662.754539, 39.593607, 0.080227, 5137, 3748.0
493, 66.277871, 661.521280, 42.748353, 0.085290, 5144, 3756.0
494, 69.538527, 662.382423, 41.492707, 0.082915, 5149, 4341.0
495, 78.330916, 661.091457, 27.648748, 0.071081, 5090, 3804.0
496, 72.411034, 661.159040, 33.731279, 0.023080, 5149, 3858.0
497, 69.569296, 661.480295, 43.218397, 0.179456, 5147, 3746.0
498, 69.559268, 663.826243, 40.657545, 0.107923, 5147, 3767.0
499, 74.840915, 661.629219, 32.220125, 0.035525, 5136, 3728.0
500, 71.632048, 661.558821, 45.224934, 0.065625, 5129, 3776.0
501, 68.643336, 662.588191, 39.918671, 0.050915, 5151, 3719.0
502, 70.888840, 659.076036, 44.522657, 0.134820, 5110, 3727.0
503, 69.059040, 661.000971, 40.520732, 0.060861, 5155, 3737.0
504, 72.906511, 661.050780, 37.986336, 0.042342, 5125, 3743.0
505, 69.196272, 661.133513, 39.444608, 0.073759, 5131, 4821.0
506, 70.727181, 662.623306, 38.307149, 0.061593, 5145, 3718.0
507, 72.416535, 661.320287, 34.298464, 0.058853, 5152, 5253.0
508, 71.152098, 662.636603, 39.538209, 0.049878, 5135, 3762.0
509, 71.168748, 661.368244, 39.798982, 0.045720, 5151, 6124.0
510, 71.231824, 661.013138, 42.118175, 0.061317, 5134, 4771.0
511, 68.925995, 662.175666, 40.132814, 0.206230, 5129, 3710.0
512, 68.711833, 662.163627, 44.744818, 0.055379, 5147, 4251.0
513, 72.336221, 661.513685, 39.044149, 0.068752, 5130, 5754.0
514, 68.866950, 659.645686, 45.831015, 0.110046, 5136, 3717.0
515, 73.551378, 660.295515, 40.566168, 0.058243, 5109, 3701.0
516, 66.662422, 662.324420, 44.378863, 0.110048, 5145, 3722.0
517, 71.304963, 661.266007, 40.993115, 0.061814, 5130, 3710.0
518, 66.789543, 662.252386, 41.314214, 0.149784, 5150, 3964.0
519, 69.803310, 660.118155, 47.316561, 0.074367, 5135, 3724.0
520, 72.666257, 661.613917, 33.345987, 0.033855, 5144, 3727.0
521, 71.838282, 661.482833, 34.463805, 0.066129, 5145, 3770.0
522, 68.812396, 661.572091, 40.463271, 0.114515, 5150, 3746.0
523, 73.362795, 660.660275, 38.950413, 0.062513, 5115, 3710.0
524, 72.716867, 662.199871, 40.543580, 0.067937, 5133, 3715.0
525, 70.740935, 662.467055, 42.953036, 0.029952, 5151, 3789.0
526, 68.673653, 661.728336, 42.927507, 0.219754, 5152, 3855.0
527, 68.135699, 661.211753, 44.431073, 0.102892, 5154, 3754.0
528, 74.124241, 659.523821, 34.984561, 0.042533, 5104, 3699.0
529, 71.077744, 662.614079, 38.629479, 0.107257, 5124, 3712.0
530, 74.050448, 660.526497, 34.463624, 0.032739, 5128, 3764.0
531, 74.965627, 660.492210, 33.720063, 0.069347, 5132, 3769.0
532, 77.971369, 658.369995, 38.451212, 0.103009, 5079, 5266.0
533, 70.186799, 662.914534, 41.112702, 0.071806, 5150, 3748.0
534, 68.895312, 660.236446, 39.842050, 0.113903, 5146, 3719.0
535, 71.507884, 662.355760, 37.743424, 0.113727, 5157, 3723.0
536, 74.526739, 659.831396, 33.260474, 0.026133, 5114, 3719.0
537, 75.594793, 661.521831, 31.816989, 0.058155, 5118, 3708.0
538, 73.213513, 660.809757, 32.040204, 0.030566, 5120, 3760.0
539, 73.192973, 661.719396, 37.539865, 0.061087, 5123, 3765.0
540, 70.524947, 662.774831, 36.205576, 0.058337, 5148, 3817.0
541, 71.931420, 660.976922, 43.780746, 0.048477, 5121, 3723.0
542, 71.587645, 661.557269, 40.422299, 0.053267, 5116, 3705.0
543, 71.437024, 660.696571, 39.913560, 0.052507, 5153, 3740.0
544, 70.768010, 661.874526, 41.170436, 0.077591, 5151, 4182.0
545, 70.288247, 663.150542, 38.236517, 0.065948, 5148, 3749.0
546, 73.553841, 662.194783, 29.169097, 0.080098, 5148, 3735.0
547, 72.437755, 660.665622, 37.148448, 0.054592, 5128, 3714.0
548, 69.459268, 661.811234, 40.073351, 0.117095, 5153, 3766.0
549, 72.703680, 660.645882, 39.639623, 0.060054, 5126, 3733.0
550, 73.168752, 660.495346, 37.219561, 0.077885, 5108, 3875.0
551, 70.682897, 661.362123, 40.387458, 0.049148, 5148, 3757.0
552, 66.577913, 662.776609, 42.278101, 0.339438, 5152, 3844.0
553, 76.310416, 660.671655, 34.891512, 0.081475, 5094, 3717.0
554, 71.969720, 659.959862, 36.409320, 0.072636, 5114, 3782.0
555, 69.998248, 661.376205, 37.157938, 0.044043, 5157, 3786.0
556, 69.023025, 661.894266, 38.208950, 0.110196, 5150, 3731.0
557, 70.982039, 660.962029, 41.108209, 0.092958, 5154, 3742.0
558, 71.402399, 660.871989, 41.088866, 0.027330, 5137, 3909.0
559, 73.864436, 660.211926, 39.324288, 0.064587, 5107, 3701.0
560, 76.227019, 660.170067, 34.391727, 0.100782, 5104, 3702.0
561, 73.194607, 662.652156, 36.675724, 0.057181, 5133, 3710.0
562, 67.709230, 662.995382, 39.495811, 0.077138, 5155, 3741.0
563, 68.111956, 663.231793, 39.366956, 0.153815, 5145, 4507.0
564, 73.666294, 662.054222, 33.285810, 0.066775, 5140, 4325.0
565, 76.485411, 659.277417, 30.503474, 0.051619, 5119, 3715.0
566, 71.146665, 661.473083, 40.489823, 0.092256, 5132, 3837.0
567, 70.871563, 661.986238, 36.637072, 0.054265, 5149, 3816.0
568, 71.306849, 662.621895, 38.777936, 0.070921, 5127, 3731.0
569, 72.286464, 660.238995, 44.513336, 0.086484, 5107, 3813.0
570, 77.395570, 661.055248, 24.263846, 0.048768, 5105, 3681.0
571, 71.961525, 661.041068, 40.472809, 0.055794, 5130, 3799.0
572, 71.550712, 662.908215, 38.424943, 0.060721, 5141, 3722.0
573, 69.118948, 662.066500, 42.502322, 0.106588, 5145, 3759.0
574, 71.966176, 661.308808, 38.018887, 0.053738, 5129, 3725.0
575, 74.364437, 660.744596, 34.632005, 0.046251, 5127, 3694.0
576, 72.022776, 661.440272, 40.637240, 0.042461, 5128, 5228.0
577, 71.638374, 661.245645, 40.140277, 0.070365, 5128, 3773.0
578, 70.390413, 660.982556, 40.444067, 0.078097, 5151, 3746.0
579, 74.892612, 661.000768, 30.170802, 0.022196, 5110, 3703.0
580, 76.749035, 659.918521, 31.585042, 0.069593, 5125, 3761.0
581, 72.900971, 661.138883, 34.904938, 0.051913, 5125, 3704.0
582, 76.648657, 659.778493, 33.424284, 0.059855, 5090, 3764.0
583, 72.737221, 660.667570, 40.497265, 0.088277, 5112, 3703.0
584, 72.557660, 661.461543, 38.125286, 0.041710, 5135, 3808.0
585, 68.822299, 660.750878, 43.157032, 0.070369, 5141, 3757.0
586, 73.309787, 660.251086, 39.649959, 0.067308, 5115, 3712.0
587, 75.127273, 660.286865, 29.988656, 0.042215, 5115, 3734.0
588, 70.261696, 660.687402, 39.161472, 0.081577, 5144, 3732.0
589, 71.091480, 660.851001, 43.161334, 0.093185, 5127, 3740.0
590, 72.106126, 661.303440, 38.736666, 0.058904, 5137, 3730.0
591, 68.648387, 663.286159, 40.915010, 0.159630, 5149, 3839.0
592, 75.933190, 659.385617, 37.092283, 0.062462, 5101, 3687.0
593, 73.351010, 661.213480, 40.062056, 0.052600, 5131, 3738.0
594, 70.640985, 663.980243, 39.626058, 0.136574, 5149, 3736.0
595, 72.348721, 661.134911, 35.736463, 0.032575, 5130, 3740.0
596, 68.261901, 662.598680, 42.264364, 0.118277, 5153, 3733.0
597, 72.712830, 661.956931, 38.277053, 0.011908, 5159, 3746.0
598, 70.417268, 662.098659, 37.872170, 0.031615, 5143, 3724.0
599, 75.650586, 660.635421, 33.997104, 0.057349, 5114, 3708.0
600, 74.204374, 661.391131, 37.401246, 0.047023, 5126, 3723.0
601, 73.379664, 660.548172, 38.594108, 0.108650, 5113, 3707.0
602, 70.001772, 662.710483, 34.828476, 0.052605, 5157, 3862.0
603, 72.370418, 661.474814, 37.929168, 0.042251, 5128, 3726.0
604, 72.901512, 659.778750, 33.661528, 0.067594, 5106, 3812.0
605, 79.656286, 658.119748, 35.600496, 0.180099, 5066, 3672.0
606, 72.068019, 661.160689, 35.786090, 0.082125, 5123, 3712.0
607, 73.185900, 660.714974, 38.673698, 0.053856, 5130, 3850.0
608, 71.173427, 662.365499, 41.290604, 0.178927, 5130, 3754.0
609, 77.371542, 659.701057, 31.920108, 0.060144, 5102, 3816.0
610, 68.782921, 664.712529, 38.685186, 0.214889, 5155, 3738.0
611, 71.747643, 661.122089, 41.777346, 0.061982, 5135, 3746.0
612, 75.353582, 660.048628, 32.915648, 0.053636, 5111, 3707.0
613, 69.506766, 662.364332, 42.533878, 0.137537, 5152, 3761.0
614, 73.413819, 660.434602, 33.073953, 0.056644, 5143, 3725.0
615, 69.600710, 663.448843, 40.209030, 0.170899, 5142, 3893.0
616, 73.633252, 659.160431, 37.365181, 0.043314, 5111, 3699.0
617, 68.084430, 661.576140, 42.858005, 0.109462, 5151, 3734.0
618, 70.812127, 662.793204, 41.067709, 0.050130, 5152, 3753.0
619, 75.299065, 661.309250, 33.810605, 0.031541, 5130, 3720.0
620, 72.713628, 659.360746, 38.611002, 0.026171, 5116, 3739.0
621, 70.600935, 660.332354, 44.899251, 0.073319, 5150, 3812.0
622, 75.449343, 659.676956, 38.261998, 0.077421, 5105, 3720.0
623, 73.625933, 661.432922, 34.602462, 0.073050, 5128, 3723.0
624, 68.971479, 661.779044, 41.096910, 0.057250, 5150, 3744.0
625, 73.153065, 659.564423, 35.158557, 0.037830, 5108, 3708.0
626, 69.686066, 661.769641, 40.511103, 0.168553, 5137, 3806.0
627, 71.288591, 665.078188, 36.166506, 0.088075, 5143, 3878.0
628, 71.145538, 661.507897, 39.278947, 0.063295, 5154, 4284.0
629, 70.371970, 663.197866, 37.822819, 0.062575, 5142, 3854.0
630, 72.627888, 661.608759, 34.840818, 0.041721, 5152, 3744.0
631, 73.810794, 660.365675, 34.283463, 0.035525, 5112, 3727.0
632, 72.360341, 660.954798, 37.785426, 0.040958, 5138, 3715.0
633, 70.521478, 661.189389, 38.470340, 0.069271, 5149, 3841.0
634, 76.194429, 660.440682, 31.999105, 0.044112, 5106, 3830.0
635, 71.376465, 660.053458, 41.714702, 0.127204, 5106, 3814.0
636, 72.048447, 662.736496, 38.115487, 0.022107, 5134, 3734.0
637, 67.653201, 660.653541, 43.841145, 0.143828, 5150, 3747.0
638, 75.075395, 661.472588, 31.373275, 0.050126, 5127, 3888.0
639, 68.770005, 660.207253, 44.859930, 0.145231, 5155, 3778.0
640, 76.006990, 660.298920, 30.349014, 0.060648, 5098, 3706.0
641, 72.962824, 660.662134, 34.907214, 0.039655, 5129, 3830.0
642, 70.634045, 659.570895, 41.651464, 0.109654, 5154, 3763.0
643, 72.099141, 661.080226, 35.793648, 0.044054, 5128, 3881.0
644, 75.349771, 659.420980, 34.142981, 0.035981, 5113, 3976.0
645, 70.859875, 663.055454, 33.681518, 0.061121, 5148, 3739.0
646, 73.055460, 659.779755, 38.732224, 0.032186, 5132, 3721.0
647, 68.967582, 662.651777, 38.984555, 0.051394, 5151, 4232.0
648, 71.159297, 660.484728, 42.095050, 0.069939, 5129, 4395.0
649, 71.471198, 661.873546, 37.763307, 0.085261, 5130, 3837.0
650, 69.005034, 660.855340, 42.311642, 0.114603, 5131, 3730.0
651, 69.232396, 663.559735, 35.883680, 0.023283, 5156, 3982.0
652, 71.212205, 663.994690, 35.265499, 0.066150, 5146, 3733.0
653, 70.126625, 661.328502, 40.472079, 0.041938, 5154, 3944.0
654, 69.691269, 661.061155, 39.801448, 0.096295, 5133, 3720.0
655, 70.606668, 661.078040, 35.950144, 0.041281, 5142, 3741.0
656, 66.554683, 663.251974, 41.738134, 0.047901, 5155, 3899.0
657, 69.872589, 662.088078, 39.432227, 0.088198, 5156, 3749.0
658, 68.148106, 662.789276, 44.555768, 0.102302, 5144, 3744.0
659, 70.790697, 661.339920, 42.200522, 0.065151, 5150, 3779.0
660, 69.298293, 661.057886, 43.913609, 0.078268, 5129, 4136.0
661, 70.586463, 663.432952, 42.899520, 0.053121, 5152, 3746.0
662, 70.177676, 661.717433, 38.792168, 0.057241, 5131, 3727.0
663, 67.306757, 663.075285, 41.262394, 0.166246, 5143, 3721.0
664, 75.631484, 658.468472, 36.050613, 0.044003, 5106, 3711.0
665, 72.166055, 662.296946, 33.881313, 0.046650, 5148, 3774.0
666, 69.962309, 660.920910, 42.189039, 0.053468, 5144, 3769.0
667, 67.367238, 662.554958, 44.561111, 0.148542, 5148, 3726.0
668, 68.249040, 663.411534, 42.510300, 0.123917, 5156, 3789.0
669, 74.158871, 660.689623, 39.470699, 0.051260, 5129, 3726.0
670, 67.879569, 661.330358, 45.258216, 0.098138, 5151, 3741.0
671, 71.050236, 662.377417, 38.773393, 0.061481, 5134, 3733.0
672, 75.358065, 659.079167, 36.200848, 0.046581, 5121, 3693.0
673, 67.818219, 658.795536, 46.411969, 0.140211, 5147, 4886.0
674, 73.688981, 658.441402, 36.527367, 0.025813, 5116, 3697.0
675, 74.445903, 659.529083, 36.798134, 0.048070, 5119, 3695.0
676, 66.593676, 665.418760, 39.609821, 0.185079, 5150, 3728.0
677, 69.142426, 662.655096, 41.658408, 0.055016, 5152, 3763.0
678, 75.151261, 660.350279, 37.652256, 0.037882, 5124, 3704.0
679, 67.618274, 663.241949, 40.760134, 0.103218, 5147, 3828.0
680, 69.250925, 661.837940, 42.907632, 0.091047, 5147, 3792.0
681, 70.864802, 659.874272, 41.225413, 0.101094, 5128, 3730.0
682, 69.732208, 661.133361, 39.651997, 0.071465, 5151, 3815.0
683, 72.710921, 662.216530, 36.825239, 0.055460, 5126, 3717.0
684, 68.698013, 662.600871, 41.190673, 0.032491, 5142, 3752.0
685, 68.865289, 663.367454, 40.743757, 0.106631, 5150, 3770.0
686, 68.505401, 658.909995, 44.524745, 0.162975, 5131, 3800.0
687, 69.399096, 659.960742, 42.216415, 0.079588, 5123, 3718.0
688, 70.779098, 661.926636, 44.348875, 0.042663, 5140, 3722.0
689, 69.637231, 659.445251, 43.592867, 0.144007, 5146, 3863.0
690, 73.016237, 659.883278, 36.267606, 0.043065, 5109, 3705.0
691, 71.934497, 659.803989, 41.795236, 0.092150, 5104, 3720.0
692, 73.085978, 661.611343, 36.795024, 0.057501, 5130, 3724.0
693, 73.273061, 661.043193, 36.361295, 0.050912, 5124, 3711.0
694, 69.270363, 661.330239, 42.104270, 0.074199, 5150, 3745.0
695, 74.171400, 659.467025, 41.321536, 0.137059, 5113, 3746.0
696, 69.879805, 663.034425, 39.739610, 0.045871, 5152, 3734.0
697, 71.630755, 660.207655, 41.891800, 0.035026, 5131, 3801.0
698, 66.819873, 661.087341, 43.054449, 0.139218, 5144, 3746.0
699, 67.970289, 663.426704, 39.712397, 0.096705, 5150, 3764.0
700, 71.944586, 660.515514, 38.232418, 0.043841, 5129, 3757.0
701, 73.735734, 660.344253, 38.528946, 0.072433, 5114, 3704.0
702, 71.083820, 663.065646, 35.843073, 0.048199, 5151, 3723.0
703, 68.805004, 659.108286, 44.413423, 0.147353, 5152, 3744.0
704, 68.499257, 661.544018, 42.227562, 0.102955, 5147, 3853.0
705, 69.073581, 663.024626, 39.167659, 0.120001, 5153, 3779.0
706, 73.010766, 661.815145, 32.985019, 0.036012, 5150, 3838.0
707, 73.501754, 661.400372, 34.385074, 0.033953, 5133, 3725.0
708, 66.886069, 660.883866, 44.490140, 0.218263, 5151, 3740.0
709, 75.566463, 659.671204, 39.989608, 0.071351, 5100, 3827.0
710, 70.546219, 660.717072, 43.695648, 0.084125, 5132, 3740.0
711, 70.467514, 662.319612, 38.135378, 0.057479, 5154, 3722.0
712, 69.468802, 663.510670, 37.540599, 0.039313, 5160, 4126.0
713, 68.989641, 660.368614, 42.822906, 0.112851, 5146, 4515.0
714, 73.463752, 661.210818, 38.313752, 0.034067, 5133, 3917.0
715, 69.689243, 661.507607, 45.183993, 0.116169, 5156, 3752.0
716, 72.794656, 660.003011, 35.763711, 0.026752, 5133, 3717.0
717, 71.517943, 659.316894, 43.572178, 0.155230, 5103, 3710.0
718, 71.243112, 660.898238, 38.813205, 0.097970, 5114, 3772.0
719, 67.525198, 657.773869, 47.923318, 0.237804, 5146, 3741.0
720, 70.529542, 661.722617, 41.069544, 0.078308, 5133, 3730.0
721, 71.123062, 659.757610, 44.835267, 0.183025, 5106, 3701.0
722, 69.961577, 661.508143, 38.941211, 0.098725, 5145, 3828.0
723, 68.535693, 658.897294, 48.870300, 0.166001, 5150, 3866.0
724, 75.827228, 659.411770, 34.877050, 0.046107, 5120, 3710.0
725, 67.055956, 664.199335, 40.898662, 0.133716, 5149, 4600.0
726, 72.917589, 658.661846, 43.002808, 0.057831, 5104, 4409.0
727, 71.129988, 660.589344, 39.079371, 0.029208, 5128, 3734.0
728, 72.692055, 661.271671, 35.111427, 0.052032, 5149, 5212.0
729, 73.909625, 660.247122, 31.576165, 0.048634, 5112, 4426.0
730, 70.076241, 661.729015, 41.727989, 0.111409, 5129, 3822.0
731, 66.845194, 663.749196, 40.683885, 0.169970, 5145, 4091.0
732, 74.473717, 660.913379, 35.261077, 0.060154, 5110, 3990.0
733, 71.609798, 661.073906, 40.104377, 0.063720, 5132, 3727.0
734, 70.169262, 661.197476, 43.990113, 0.077612, 5133, 3801.0
735, 70.338635, 662.606797, 34.853472, 0.071597, 5144, 4050.0
736, 68.732015, 660.986990, 41.689557, 0.056407, 5152, 3743.0
737, 69.851259, 662.839537, 39.783455, 0.101609, 5153, 4809.0
738, 69.716674, 661.525584, 39.666364, 0.061863, 5150, 3808.0
739, 74.052392, 661.613916, 40.961093, 0.044623, 5125, 3732.0
740, 70.630524, 662.177703, 38.372332, 0.050816, 5143, 3771.0
741, 72.271554, 659.829281, 41.252128, 0.068936, 5099, 3691.0
742, 68.430733, 663.193727, 42.386182, 0.063451, 5155, 3754.0
743, 74.331862, 659.488653, 38.132999, 0.071468, 5113, 3913.0
744, 71.569446, 661.082860, 38.123428, 0.039895, 5153, 3733.0
745, 69.531081, 662.401275, 40.285592, 0.075256, 5152, 3732.0
746, 69.616397, 660.565609, 39.947529, 0.042692, 5147, 3732.0
747, 69.987849, 661.921196, 43.891245, 0.119553, 5138, 3745.0
748, 68.613159, 659.990333, 45.902478, 0.179853, 5147, 3752.0
749, 69.696760, 662.289324, 35.976297, 0.067164, 5145, 3730.0
750, 71.288917, 661.553245, 42.458913, 0.063018, 5123, 3933.0
751, 73.906417, 660.083619, 34.323719, 0.049571, 5102, 3693.0
752, 68.499732, 662.392261, 43.366848, 0.103483, 5145, 3824.0
753, 67.550361, 662.636985, 40.597820, 0.131308, 5155, 3795.0
754, 66.280771, 660.763600, 45.145505, 0.135670, 5155, 3737.0
755, 69.199142, 660.710454, 41.238608, 0.144072, 5109, 3703.0
756, 69.511854, 660.472753, 44.650585, 0.027205, 5154, 3822.0
757, 71.212239, 661.513444, 41.176097, 0.045329, 5138, 3791.0
758, 67.418150, 662.028327, 42.396570, 0.145417, 5148, 3749.0
759, 67.245010, 661.199369, 42.404694, 0.102773, 5147, 3755.0
760, 67.794433, 663.913228, 40.945473, 0.123754, 5158, 3720.0
761, 76.217473, 658.914607, 35.732638, 0.047292, 5088, 3707.0
762, 72.790763, 662.620745, 35.940178, 0.089531, 5152, 3716.0
763, 66.449787, 660.075975, 48.529810, 0.128340, 5151, 3762.0
764, 67.423156, 661.104290, 43.801907, 0.165394, 5151, 3729.0
765, 72.879929, 660.254037, 37.562616, 0.059006, 5133, 3743.0
766, 67.588426, 662.973337, 42.260039, 0.170680, 5148, 3724.0
767, 69.536142, 662.703204, 41.045752, 0.112982, 5151, 3731.0
768, 71.531921, 661.067424, 39.190860, 0.056210, 5126, 3738.0
769, 75.651569, 660.173282, 36.810488, 0.071679, 5118, 3689.0
770, 71.860163, 661.413437, 37.658184, 0.052319, 5150, 3849.0
771, 72.994461, 661.179375, 35.121901, 0.041356, 5127, 3719.0
772, 70.753980, 660.847921, 42.190212, 0.066753, 5145, 3745.0
773, 71.070599, 664.152524, 36.999407, 0.117110, 5155, 3755.0
774, 72.635711, 660.704069, 41.169576, 0.043756, 5134, 3791.0
775, 68.170714, 661.068691, 41.933675, 0.070799, 5151, 3738.0
776, 70.286523, 660.794910, 43.150160, 0.085550, 5147, 3751.0
777, 70.722534, 660.206464, 41.390496, 0.085288, 5136, 3728.0
778, 69.325329, 662.021131, 40.001154, 0.023442, 5150, 3730.0
779, 71.502114, 660.512460, 41.079300, 0.064445, 5127, 3735.0
780, 71.253950, 661.992095, 39.807922, 0.040122, 5137, 3723.0
781, 76.281016, 659.432812, 32.328457, 0.068666, 5076, 3685.0
782, 73.081350, 661.023353, 36.100184, 0.037907, 5130, 3711.0
783, 71.370906, 661.406787, 40.965804, 0.094402, 5128, 3775.0
784, 69.850117, 662.297400, 40.136829, 0.092201, 5153, 3740.0
785, 70.940828, 662.319372, 37.636068, 0.068646, 5146, 3753.0
786, 69.429656, 660.284746, 40.989421, 0.065857, 5147, 3742.0
787, 69.762200, 661.652883, 42.698903, 0.040609, 5146, 3772.0
788, 67.358715, 662.207142, 42.792943, 0.135122, 5152, 3751.0
789, 69.359085, 660.702767, 43.397250, 0.060874, 5143, 3743.0
790, 71.751306, 662.076754, 34.138158, 0.030048, 5154, 3743.0
791, 65.360960, 662.744671, 44.132171, 0.057810, 5156, 3733.0
792, 71.493954, 662.997442, 37.731108, 0.057443, 5148, 3751.0
793, 73.132981, 660.924235, 35.636838, 0.025164, 5131, 3813.0
794, 67.809584, 659.963728, 44.927528, 0.095532, 5149, 3756.0
795, 69.910659, 659.229223, 46.192778, 0.064184, 5148, 3738.0
796, 71.721960, 661.553614, 39.687836, 0.078799, 5125, 3987.0
797, 65.312957, 663.547364, 40.053128, 0.193993, 5144, 3934.0
798, 72.000667, 660.410099, 42.163481, 0.036977, 5127, 3759.0
799, 70.388584, 659.983992, 42.849701, 0.118717, 5122, 3718.0
800, 73.296250, 659.692667, 41.820792, 0.069042, 5110, 3708.0
801, 68.967847, 663.791946, 39.948212, 0.044215, 5141, 3744.0
802, 71.971672, 659.868591, 38.916658, 0.057235, 5116, 3864.0
803, 67.417200, 657.834758, 49.205100, 0.158054, 5145, 3742.0
804, 68.650056, 662.508059, 42.386181, 0.122394, 5147, 3721.0
805, 70.555938, 659.824100, 44.642889, 0.087238, 5125, 3748.0
806, 73.598258, 659.478129, 35.842352, 0.044136, 5123, 3976.0
807, 69.063237, 659.778712, 46.346104, 0.090696, 5141, 3775.0
808, 71.606206, 661.716355, 38.076405, 0.033425, 5133, 3721.0
809, 70.034952, 661.118649, 42.006025, 0.114085, 5153, 3866.0
810, 65.603970, 659.002530, 45.721215, 0.260759, 5147, 3753.0
811, 69.471788, 661.867419, 41.479536, 0.042274, 5153, 3757.0
812, 71.452221, 662.838328, 34.475116, 0.048636, 5143, 3731.0
813, 68.572679, 662.944254, 41.675653, 0.088733, 5144, 3736.0
814, 66.866360, 660.464547, 44.309219, 0.117196, 5147, 3897.0
815, 72.183470, 659.251127, 42.178336, 0.059235, 5112, 3708.0
816, 66.396206, 660.900159, 45.217908, 0.123630, 5153, 3762.0
817, 70.204216, 662.453120, 40.676724, 0.055579, 5150, 3740.0
818, 70.158055, 661.215243, 41.071396, 0.030227, 5129, 3717.0
819, 71.356658, 660.505212, 36.270869, 0.065829, 5114, 3732.0
820, 66.125623, 662.883049, 42.796607, 0.119431, 5151, 3738.0
821, 67.905584, 661.698983, 43.755152, 0.110071, 5146, 3740.0
822, 71.714385, 662.370601, 39.790354, 0.048615, 5125, 3804.0
823, 71.161314, 661.040914, 38.227683, 0.058543, 5144, 3737.0
824, 68.019834, 663.509439, 39.930618, 0.065024, 5146, 3724.0
825, 70.134339, 661.257617, 36.287209, 0.047744, 5148, 3845.0
826, 75.821316, 659.221584, 35.439170, 0.045178, 5108, 4121.0
827, 70.569831, 662.412699, 38.052651, 0.053931, 5153, 3722.0
828, 64.550571, 660.749356, 44.466871, 0.148339, 5154, 3770.0
829, 67.426559, 661.327830, 43.126573, 0.074581, 5147, 3861.0
830, 70.591309, 662.006383, 38.781440, 0.039832, 5128, 3740.0
831, 69.412564, 663.240523, 40.214848, 0.055188, 5153, 3870.0
832, 70.747832, 660.139439, 38.610043, 0.047794, 5122, 3739.0
833, 65.724985, 657.955634, 49.130269, 0.410529, 5145, 4046.0
834, 67.572766, 659.516897, 47.274306, 0.224322, 5135, 3743.0
835, 68.502265, 663.542879, 37.378911, 0.117766, 5148, 4024.0
836, 71.685891, 659.204340, 43.417438, 0.098484, 5108, 3715.0
837, 68.339670, 660.782633, 44.383181, 0.123825, 5151, 3773.0
838, 66.538117, 658.950625, 45.048867, 0.157420, 5159, 3739.0
839, 69.431376, 662.141536, 40.324196, 0.082498, 5143, 3808.0
840, 69.375438, 659.911766, 40.961888, 0.061306, 5156, 4041.0
841, 69.235753, 661.878067, 40.847993, 0.096639, 5152, 3814.0
842, 69.137290, 661.104011, 43.058788, 0.066051, 5149, 3811.0
843, 67.316529, 664.051247, 40.369400, 0.102337, 5146, 3723.0
844, 70.190944, 662.769212, 36.118768, 0.040453, 5147, 3731.0
845, 73.878327, 658.976646, 34.799927, 0.042731, 5112, 3699.0
846, 65.025405, 662.622615, 43.018372, 0.147350, 5153, 3759.0
847, 74.706451, 660.044136, 35.292504, 0.014024, 5128, 3721.0
848, 66.495569, 658.572210, 48.221600, 0.203719, 5150, 4598.0
849, 68.861469, 662.747478, 38.403083, 0.062545, 5152, 3712.0
850, 68.937874, 659.360431, 45.558142, 0.036098, 5149, 3780.0
851, 67.954590, 659.198731, 46.782539, 0.128280, 5156, 3806.0
852, 69.489755, 661.346178, 37.595784, 0.055505, 5147, 3913.0
853, 70.236523, 663.650246, 37.970544, 0.042798, 5152, 3735.0
854, 64.631279, 655.449236, 49.146741, 0.522608, 5109, 3967.0
855, 72.081432, 661.714176, 35.874375, 0.053258, 5142, 3749.0
856, 66.568107, 660.080117, 44.806754, 0.104693, 5149, 4012.0
857, 67.650067, 658.128779, 48.734014, 0.129662, 5145, 3745.0
858, 68.277466, 662.114713, 42.781202, 0.111084, 5151, 3735.0
859, 73.950757, 660.714097, 35.717565, 0.065335, 5124, 3724.0
860, 69.389160, 661.271383, 41.171268, 0.062399, 5147, 3800.0
861, 71.099700, 662.290208, 37.464644, 0.060204, 5152, 4059.0
862, 70.165100, 662.201159, 40.397933, 0.079980, 5147, 3724.0
863, 67.657792, 662.524587, 41.432903, 0.058003, 5153, 3743.0
864, 68.218496, 663.455926, 40.685354, 0.105668, 5148, 3709.0
865, 67.689981, 661.888505, 42.539919, 0.182907, 5145, 3726.0
866, 71.643011, 659.862450, 43.826317, 0.047375, 5126, 3723.0
867, 72.080983, 660.367310, 36.900545, 0.034098, 5122, 3770.0
868, 71.370658, 661.648115, 42.095824, 0.074079, 5155, 3806.0
869, 73.455374, 661.740464, 34.836700, 0.046570, 5136, 3736.0
870, 71.124120, 661.959969, 38.390684, 0.070803, 5132, 4079.0
871, 68.987631, 661.583660, 42.394525, 0.046287, 5145, 3752.0
872, 70.374208, 662.004551, 40.537262, 0.043917, 5157, 3802.0
873, 71.413630, 661.005721, 39.686228, 0.083387, 5134, 3732.0
874, 70.186060, 661.639387, 37.666569, 0.046541, 5128, 3847.0
875, 68.508745, 659.426961, 46.064308, 0.133899, 5148, 3757.0
876, 72.521274, 659.165489, 41.512556, 0.047840, 5106, 3703.0
877, 71.186995, 661.914677, 36.475337, 0.050158, 5156, 3726.0
878, 68.094051, 663.041977, 41.609407, 0.188304, 5144, 3732.0
879, 67.274097, 664.602146, 37.600670, 0.117015, 5155, 3772.0
880, 68.627777, 662.430156, 39.396916, 0.044470, 5153, 3940.0
881, 68.571810, 662.900086, 40.467905, 0.099848, 5147, 3855.0
882, 68.197691, 662.978786, 40.175512, 0.080541, 5149, 3735.0
883, 72.281315, 659.923374, 41.736310, 0.074239, 5110, 3708.0
884, 69.002494, 661.386369, 41.208331, 0.141609, 5144, 3740.0
885, 71.524773, 660.477976, 40.986814, 0.033896, 5128, 3719.0
886, 68.813119, 661.886198, 42.172143, 0.077272, 5146, 3755.0
887, 68.153443, 660.356774, 46.251045, 0.154271, 5147, 3814.0
888, 71.577104, 661.165580, 40.999949, 0.081643, 5132, 4032.0
889, 67.644923, 663.408793, 42.607087, 0.100194, 5150, 3805.0
890, 69.893561, 662.113672, 38.585682, 0.038678, 5148, 3874.0
891, 72.301856, 660.633221, 40.888633, 0.086016, 5136, 3733.0
892, 67.708525, 660.412270, 46.407687, 0.134860, 5143, 3742.0
893, 72.428061, 659.622131, 40.111724, 0.027918, 5126, 3803.0
894, 66.556228, 661.889391, 44.173387, 0.198403, 5153, 4959.0
895, 72.824388, 660.821517, 35.050866, 0.039190, 5125, 3710.0
896, 66.812377, 661.999116, 40.526770, 0.202325, 5148, 3852.0
897, 72.334308, 662.116002, 33.515334, 0.055350, 5140, 3804.0
898, 71.729246, 660.175794, 36.466753, 0.034302, 5129, 3713.0
899, 75.870611, 660.094352, 32.070942, 0.070821, 5137, 3726.0
900, 73.154450, 659.029843, 35.467680, 0.065607, 5108, 3879.0
901, 70.949288, 660.228534, 41.483982, 0.060682, 5126, 3728.0
902, 69.133582, 659.663164, 42.278478, 0.171457, 5131, 3905.0
903, 71.332259, 659.642115, 43.513374, 0.053385, 5135, 3768.0
904, 69.317608, 661.429681, 38.012370, 0.041776, 5146, 3731.0
905, 69.073247, 659.851790, 43.021741, 0.066951, 5149, 3739.0
906, 68.389050, 659.227943, 47.681751, 0.179787, 5144, 4196.0
907, 68.975798, 661.878175, 39.708434, 0.107135, 5129, 3801.0
908, 71.391641, 660.520624, 36.241481, 0.039883, 5129, 3712.0
909, 69.666941, 660.425596, 43.534589, 0.042322, 5147, 3756.0
910, 66.711847, 658.862815, 46.607275, 0.187485, 5147, 3978.0
911, 67.513921, 660.437656, 47.227421, 0.122950, 5148, 3745.0
912, 71.982635, 660.283873, 44.241201, 0.129125, 5108, 3824.0
913, 67.137812, 664.493738, 39.609729, 0.117450, 5146, 3720.0
914, 70.764919, 662.313895, 36.203675, 0.025149, 5143, 3785.0
915, 66.886814, 661.325811, 42.757186, 0.224809, 5154, 3853.0
916, 65.331672, 660.827116, 44.957115, 0.174317, 5152, 3764.0
917, 74.597850, 660.257029, 35.251043, 0.036382, 5133, 3725.0
918, 67.538640, 663.876720, 38.216744, 0.119048, 5150, 3736.0
919, 67.877662, 659.870927, 43.665293, 0.135863, 5153, 3945.0
920, 67.892689, 661.259748, 45.991378, 0.099504, 5151, 3744.0
921, 68.268599, 662.382933, 38.707054, 0.069474, 5148, 3764.0
922, 72.653539, 660.591004, 34.063498, 0.035049, 5142, 3731.0
923, 70.687705, 661.148315, 41.478666, 0.140329, 5132, 3723.0
924, 69.119815, 663.233949, 43.589502, 0.048490, 5153, 3744.0
925, 70.397626, 662.368722, 38.315639, 0.064597, 5146, 3992.0
926, 69.860070, 660.973346, 40.416558, 0.065645, 5153, 3747.0
927, 70.270358, 663.417827, 38.434445, 0.048743, 5148, 3708.0
928, 69.929618, 662.114409, 40.645353, 0.086738, 5138, 3729.0
929, 69.521752, 661.680164, 40.398143, 0.094821, 5129, 3971.0
930, 72.046779, 659.388453, 39.167267, 0.042172, 5129, 3724.0
931, 68.338115, 661.874270, 43.911834, 0.082068, 5153, 3807.0
932, 73.583669, 660.008320, 37.223245, 0.024354, 5130, 4806.0
933, 68.849167, 661.211090, 43.555093, 0.049029, 5148, 3741.0
934, 73.535664, 660.364429, 35.838817, 0.017376, 5122, 3757.0
935, 73.546422, 658.944193, 43.998934, 0.061019, 5104, 3846.0
936, 72.724139, 661.892492, 33.809505, 0.053910, 5150, 3742.0
937, 76.467375, 659.703612, 29.453153, 0.109407, 5105, 3700.0
938, 75.047465, 659.461059, 38.921016, 0.071233, 5097, 3754.0
939, 70.565834, 662.607214, 38.479039, 0.022577, 5147, 3738.0
940, 73.603712, 660.780795, 35.227275, 0.024214, 5132, 3969.0
941, 72.392722, 659.946659, 39.644232, 0.079958, 5107, 3711.0
942, 70.531452, 661.434857, 41.619812, 0.109978, 5154, 3753.0
943, 70.024614, 662.767467, 33.081763, 0.035267, 5150, 3839.0
944, 70.436376, 661.156984, 38.800867, 0.071980, 5144, 3738.0
945, 71.868107, 661.061342, 38.227439, 0.033664, 5149, 4640.0
946, 68.916534, 662.025091, 40.476574, 0.094766, 5156, 3738.0
947, 70.503701, 663.737714, 35.925910, 0.108157, 5146, 3711.0
948, 73.333147, 659.495664, 37.409975, 0.060503, 5113, 3707.0
949, 67.596546, 663.116803, 39.978025, 0.103708, 5149, 3713.0
950, 69.455505, 661.258852, 42.717408, 0.119845, 5130, 3725.0
951, 69.975484, 662.241330, 40.096790, 0.040344, 5145, 3799.0
952, 71.120741, 662.278696, 39.328313, 0.044474, 5129, 3920.0
953, 69.655671, 659.051031, 42.044599, 0.083688, 5155, 3735.0
954, 69.440565, 662.459949, 42.472353, 0.096944, 5147, 3754.0
955, 69.719599, 662.993261, 37.454175, 0.065845, 5154, 3729.0
956, 69.889576, 662.289256, 41.550361, 0.091007, 5130, 3802.0
957, 71.304589, 657.892308, 46.398714, 0.063919, 5114, 3707.0
958, 74.081851, 659.597482, 35.742743, 0.031116, 5112, 5096.0
959, 69.283520, 662.687113, 41.636783, 0.073405, 5145, 3727.0
960, 67.948591, 661.632258, 42.561017, 0.091996, 5150, 3821.0
961, 67.184047, 660.848020, 43.927281, 0.106011, 5142, 3780.0
962, 74.268349, 658.369177, 37.140985, 0.076727, 5117, 3724.0
963, 69.924930, 660.763191, 45.295512, 0.050308, 5149, 3760.0
964, 70.706531, 661.729061, 39.702287, 0.081595, 5128, 3865.0
965, 73.177123, 659.152583, 38.188384, 0.037635, 5129, 3718.0
966, 70.968052, 662.998764, 39.516359, 0.048080, 5150, 3745.0
967, 67.668231, 659.584125, 46.211521, 0.215951, 5149, 3746.0
968, 70.174882, 662.064724, 39.208345, 0.078271, 5156, 3739.0
969, 74.532524, 659.530976, 36.202011, 0.024369, 5107, 3742.0
970, 73.810757, 658.519554, 36.512390, 0.057813, 5121, 3816.0
971, 71.435304, 660.585422, 43.059268, 0.073693, 5126, 5464.0
972, 71.113731, 660.700686, 37.335768, 0.033204, 5123, 3814.0
973, 70.823266, 662.938383, 36.026373, 0.052116, 5155, 3719.0
974, 71.093933, 661.137175, 40.217695, 0.096550, 5131, 3720.0
975, 68.492308, 660.329678, 43.725039, 0.154645, 5130, 3727.0
976, 69.860406, 660.257498, 42.712128, 0.060203, 5147, 3724.0
977, 71.616555, 661.257861, 43.786143, 0.103901, 5130, 3782.0
978, 69.905719, 661.051464, 42.193389, 0.047400, 5148, 3737.0
979, 71.375171, 660.331702, 41.225586, 0.075993, 5130, 3763.0
980, 67.331024, 660.974673, 44.487751, 0.130822, 5152, 3750.0
981, 70.626398, 661.080094, 40.791552, 0.097381, 5157, 3744.0
982, 68.193246, 662.972848, 43.536519, 0.120519, 5149, 3729.0
983, 69.510258, 662.009952, 40.681637, 0.054111, 5154, 3838.0
984, 67.875066, 658.593679, 47.265981, 0.125868, 5157, 3769.0
985, 68.040725, 660.101517, 43.998637, 0.084419, 5144, 3733.0
986, 69.548938, 661.942430, 39.560760, 0.053009, 5152, 3731.0
987, 68.520599, 660.161875, 46.271072, 0.164229, 5150, 3807.0
988, 68.964486, 661.562682, 40.504986, 0.066817, 5150, 3737.0
989, 69.291533, 663.662907, 38.925292, 0.077786, 5140, 3721.0
990, 67.837228, 659.956947, 44.545157, 0.128170, 5156, 3803.0
991, 69.637342, 660.887155, 46.241460, 0.085337, 5142, 3738.0
992, 73.006256, 660.531320, 38.393680, 0.057749, 5131, 3880.0
993, 70.824729, 662.922811, 38.373469, 0.093506, 5155, 3797.0
994, 71.228606, 661.095896, 40.446207, 0.116622, 5138, 3737.0
995, 70.370676, 660.663624, 38.760720, 0.048459, 5131, 3721.0
996, 74.580973, 661.894998, 32.709809, 0.065397, 5118, 3851.0
997, 72.947382, 661.284987, 38.422300, 0.070853, 5108, 3696.0
998, 67.455861, 663.589996, 40.142144, 0.097498, 5148, 3791.0
999, 67.751127, 661.441755, 43.591304, 0.049234, 5150, 3735.0
