#idx, x0, x1, x2, y, f_neval, total_time (us), 
0, 68.453544, 665.520316, 38.379453, 0.108602, 2843, 2180.0
1, 71.597900, 660.270913, 46.445557, 0.102642, 2817, 2134.0
2, 74.753972, 661.192790, 35.697235, 0.042861, 2830, 2127.0
3, 70.726411, 661.547027, 38.910700, 0.078784, 2843, 2207.0
4, 71.672961, 662.845101, 37.990774, 0.107802, 2832, 2163.0
5, 76.486343, 660.989758, 28.338583, 0.034151, 2844, 2149.0
6, 69.576123, 661.266389, 44.716813, 0.085208, 2849, 2277.0
7, 73.764540, 660.046872, 44.092731, 0.081619, 2824, 2212.0
8, 70.114642, 661.917923, 41.932068, 0.136253, 2844, 2157.0
9, 70.824399, 661.225475, 40.159655, 0.070278, 2836, 2132.0
10, 74.108497, 660.081379, 39.285269, 0.086141, 2837, 2210.0
11, 78.638662, 660.619013, 31.081564, 0.081910, 2827, 2144.0
12, 75.402265, 660.051723, 36.059304, 0.062813, 2828, 2158.0
13, 77.018494, 659.630792, 31.140802, 0.053162, 2839, 2383.0
14, 74.596744, 660.582322, 37.967661, 0.051943, 2833, 2147.0
15, 72.858544, 660.726263, 36.338983, 0.044333, 2833, 2134.0
16, 74.767357, 660.624246, 32.784693, 0.045116, 2832, 2135.0
17, 76.496586, 661.062274, 28.727785, 0.038065, 2839, 2404.0
18, 74.396366, 659.586184, 36.098909, 0.035130, 2827, 2278.0
19, 77.033296, 661.124332, 35.171243, 0.088039, 2830, 2132.0
20, 76.221249, 659.988095, 33.676424, 0.074332, 2843, 2210.0
21, 74.728425, 661.540438, 29.054544, 0.065728, 2840, 2139.0
22, 69.460487, 662.253625, 41.211295, 0.102748, 2844, 2140.0
23, 71.621755, 660.855974, 39.587491, 0.067505, 2834, 2149.0
24, 70.939412, 661.711060, 41.067380, 0.085951, 2837, 2201.0
25, 73.988341, 659.238374, 39.406534, 0.060384, 2835, 2136.0
26, 69.363532, 661.275273, 42.948821, 0.193852, 2833, 2153.0
27, 67.803789, 660.948613, 45.997972, 0.148316, 2840, 2440.0
28, 71.792591, 660.088200, 38.984331, 0.072694, 2844, 3305.0
29, 72.443341, 660.778871, 42.461724, 0.075137, 2835, 2243.0
30, 72.802214, 660.153976, 39.249392, 0.062281, 2840, 2199.0
31, 68.979449, 662.552334, 42.233183, 0.136812, 2844, 2152.0
32, 78.669867, 658.656524, 32.440400, 0.057038, 2834, 2140.0
33, 75.288442, 658.681971, 35.099065, 0.045192, 2832, 2139.0
34, 71.901845, 659.759979, 43.719958, 0.069095, 2846, 2193.0
35, 71.406479, 662.870770, 38.707482, 0.040820, 2846, 2179.0
36, 66.772988, 659.586780, 48.941222, 0.173381, 2851, 2152.0
37, 72.570144, 659.464109, 41.012680, 0.037422, 2831, 2466.0
38, 70.248920, 658.981587, 46.299344, 0.061024, 2834, 2620.0
39, 72.612385, 660.206212, 35.736868, 0.066059, 2837, 3290.0
40, 68.678428, 662.095454, 41.869382, 0.073946, 2842, 2467.0
41, 70.836239, 662.454723, 37.876485, 0.071487, 2848, 2145.0
42, 69.786315, 663.559956, 35.048876, 0.101871, 2848, 2137.0
43, 71.965753, 660.853760, 44.782843, 0.072118, 2842, 2214.0
44, 70.682342, 661.590155, 39.948363, 0.075487, 2838, 2148.0
45, 71.181036, 661.578253, 38.350393, 0.040967, 2842, 2141.0
46, 70.929338, 660.348200, 43.891801, 0.145464, 2835, 2192.0
47, 77.545729, 659.284605, 31.369908, 0.073774, 2828, 2417.0
48, 71.678743, 661.297913, 41.266574, 0.052572, 2835, 2134.0
49, 77.340754, 658.659841, 30.732944, 0.021061, 2835, 2138.0
50, 68.279408, 661.201499, 42.531272, 0.164304, 2839, 2314.0
51, 70.862970, 659.651056, 42.401629, 0.139427, 2830, 2131.0
52, 69.010292, 662.729675, 38.521491, 0.061489, 2846, 2138.0
53, 72.256262, 661.293949, 37.832875, 0.047565, 2844, 2152.0
54, 75.421717, 659.670784, 31.137471, 0.041710, 2838, 2339.0
55, 69.835942, 660.172272, 44.175939, 0.076791, 2843, 2188.0
56, 70.166921, 662.775520, 43.957760, 0.077291, 2841, 2152.0
57, 67.282800, 659.157166, 45.746607, 0.221839, 2844, 2252.0
58, 70.415616, 660.653312, 45.266947, 0.121658, 2840, 2149.0
59, 72.526818, 660.676255, 35.582615, 0.037173, 2841, 2124.0
60, 73.224307, 660.282534, 38.084093, 0.061560, 2836, 2128.0
61, 74.303065, 660.862736, 31.735257, 0.034999, 2840, 2197.0
62, 68.726425, 662.602070, 37.875887, 0.066290, 2836, 2129.0
63, 77.489032, 659.527858, 28.472417, 0.072964, 2836, 2143.0
64, 73.001207, 659.394658, 44.785420, 0.142279, 2820, 2125.0
65, 70.267757, 659.849627, 37.591376, 0.069449, 2838, 2131.0
66, 68.777423, 659.029731, 45.030786, 0.078360, 2845, 2146.0
67, 73.762083, 659.771851, 34.897021, 0.025078, 2835, 2134.0
68, 69.145156, 659.343026, 45.843755, 0.070683, 2847, 2265.0
69, 68.922202, 661.655732, 41.852950, 0.083018, 2846, 2155.0
70, 68.645398, 660.263906, 43.589652, 0.108424, 2843, 2184.0
71, 73.452777, 660.058817, 41.365881, 0.061785, 2830, 2137.0
72, 70.934376, 663.605751, 38.019069, 0.083460, 2842, 2144.0
73, 69.067168, 660.169216, 44.034074, 0.042199, 2845, 2154.0
74, 69.010292, 662.729675, 38.521491, 0.066082, 2844, 2133.0
75, 71.748385, 660.875478, 36.356922, 0.032739, 2831, 2190.0
76, 68.137706, 663.838700, 35.527487, 0.094791, 2854, 2184.0
77, 66.157170, 661.814961, 44.067238, 0.115236, 2850, 2149.0
78, 76.280770, 659.199467, 37.336079, 0.035691, 2825, 2242.0
79, 70.160432, 660.389634, 44.290291, 0.139668, 2837, 2175.0
80, 69.487414, 661.383603, 39.038783, 0.029296, 2839, 2148.0
81, 69.793120, 661.851540, 41.240112, 0.038564, 2841, 2130.0
82, 67.629915, 662.493098, 42.090757, 0.105878, 2846, 2359.0
83, 68.941480, 662.275338, 39.757318, 0.061164, 2844, 2144.0
84, 69.636671, 660.746305, 42.712942, 0.120904, 2830, 2300.0
85, 68.299955, 661.569332, 43.431428, 0.112342, 2840, 2153.0
86, 74.569059, 660.606790, 33.639965, 0.032393, 2838, 2209.0
87, 67.957296, 662.614243, 41.455907, 0.077960, 2842, 2141.0
88, 64.768423, 664.518321, 40.278929, 0.215243, 2842, 2182.0
89, 72.274308, 660.743202, 37.544833, 0.051359, 2836, 2412.0
90, 68.665424, 660.153896, 45.644919, 0.060586, 2840, 2160.0
91, 71.763914, 660.131007, 38.316978, 0.051816, 2836, 2136.0
92, 72.471109, 661.918094, 38.245632, 0.049278, 2847, 2140.0
93, 69.877299, 660.757055, 42.918413, 0.042987, 2830, 2200.0
94, 70.936554, 660.627793, 45.197282, 0.058527, 2843, 2169.0
95, 75.193707, 660.698382, 31.771049, 0.050041, 2836, 2139.0
96, 72.109341, 659.919302, 39.579725, 0.029998, 2842, 2322.0
97, 70.342643, 661.914738, 43.298583, 0.043940, 2844, 2146.0
98, 73.078933, 660.721238, 36.599578, 0.044518, 2839, 2283.0
99, 71.065466, 662.244274, 38.460019, 0.043956, 2829, 2586.0
100, 70.077890, 660.499824, 45.450137, 0.047358, 2840, 2493.0
101, 69.467716, 662.793383, 44.006094, 0.146169, 2842, 2146.0
102, 68.554114, 661.995571, 42.835972, 0.079801, 2839, 2140.0
103, 68.418076, 660.483620, 44.412868, 0.047985, 2846, 2304.0
104, 68.131290, 660.800254, 40.600579, 0.127491, 2847, 2175.0
105, 69.922402, 661.763283, 36.572465, 0.076829, 2843, 2129.0
106, 68.440726, 660.085793, 44.074681, 0.083687, 2845, 2218.0
107, 75.780182, 657.969506, 43.845953, 0.077124, 2805, 2123.0
108, 69.257901, 661.889505, 41.007796, 0.057452, 2843, 2155.0
109, 65.945651, 661.489671, 43.841622, 0.156611, 2846, 2152.0
110, 72.121027, 660.433110, 40.064773, 0.077387, 2833, 2623.0
111, 72.075078, 661.545181, 35.334196, 0.062806, 2840, 2661.0
112, 76.074932, 659.518252, 31.379544, 0.037468, 2837, 2708.0
113, 69.308719, 661.421463, 43.355891, 0.078991, 2854, 2217.0
114, 69.104821, 661.666135, 43.647458, 0.077084, 2845, 2155.0
115, 73.597271, 661.640058, 32.159009, 0.029141, 2836, 2132.0
116, 73.415854, 659.382560, 35.204055, 0.041877, 2832, 2299.0
117, 72.187357, 660.755228, 44.656901, 0.047510, 2835, 2193.0
118, 69.524304, 662.639979, 38.175255, 0.060576, 2839, 2147.0
119, 73.588638, 658.414683, 39.493152, 0.029562, 2826, 2159.0
120, 69.181485, 662.029897, 40.520182, 0.063177, 2846, 2982.0
121, 65.445387, 662.110180, 44.638047, 0.187111, 2847, 2147.0
122, 76.809591, 659.588773, 30.808442, 0.076799, 2837, 2158.0
123, 69.686160, 662.305845, 41.771461, 0.033127, 2845, 2206.0
124, 73.851596, 659.374333, 35.984040, 0.033791, 2846, 2214.0
125, 71.332269, 659.272354, 44.076878, 0.053388, 2835, 2190.0
126, 68.839717, 659.866104, 42.488407, 0.050698, 2848, 3333.0
127, 68.149890, 661.555520, 40.497580, 0.080214, 2840, 2740.0
128, 68.253316, 658.875718, 43.650739, 0.143791, 2845, 2185.0
129, 70.639581, 661.603986, 41.594095, 0.123293, 2847, 2552.0
130, 70.491520, 664.000066, 37.039611, 0.079752, 2845, 3296.0
131, 66.844619, 664.844283, 42.403510, 0.124372, 2844, 3329.0
132, 74.383250, 658.374256, 39.685303, 0.036162, 2823, 2152.0
133, 69.909996, 660.138073, 44.170797, 0.075369, 2843, 2148.0
134, 70.970014, 662.853934, 38.225329, 0.034226, 2850, 2137.0
135, 71.383635, 663.049551, 36.118432, 0.064063, 2843, 2431.0
136, 67.937029, 660.591910, 44.838878, 0.236768, 2838, 2148.0
137, 69.035203, 660.728918, 49.073134, 0.164623, 2842, 2346.0
138, 65.811787, 661.014003, 44.531031, 0.239109, 2844, 2994.0
139, 71.711160, 660.814761, 42.102867, 0.128769, 2842, 2176.0
140, 68.049084, 662.438883, 43.508704, 0.091173, 2846, 2160.0
141, 68.941480, 662.275338, 39.757318, 0.075376, 2840, 2143.0
142, 75.328056, 659.863996, 36.432547, 0.072063, 2837, 2196.0
143, 76.728361, 659.492302, 31.190575, 0.058325, 2838, 2147.0
144, 72.945087, 661.844158, 39.156102, 0.095037, 2836, 2177.0
145, 72.119570, 659.812418, 44.113760, 0.093864, 2832, 2195.0
146, 70.546551, 662.672265, 38.118839, 0.069189, 2842, 2236.0
147, 79.259917, 660.355888, 25.489736, 0.050476, 2832, 2125.0
148, 73.839024, 660.838627, 33.612883, 0.053220, 2839, 2137.0
149, 70.933620, 662.644378, 41.147154, 0.121444, 2847, 2677.0
150, 70.739125, 662.410614, 39.479978, 0.048075, 2845, 2383.0
151, 71.098834, 661.220087, 42.807195, 0.094162, 2838, 2152.0
152, 72.858662, 660.933971, 41.866147, 0.145855, 2831, 3134.0
153, 69.801934, 660.856374, 45.215673, 0.241969, 2846, 2141.0
154, 68.735324, 660.536495, 45.850650, 0.114669, 2847, 2259.0
155, 69.066597, 661.790243, 44.780547, 0.179907, 2845, 2225.0
156, 67.377880, 660.652339, 45.061860, 0.100676, 2840, 2153.0
157, 72.315601, 660.712572, 36.686414, 0.009538, 2828, 2228.0
158, 73.249641, 660.581448, 37.972388, 0.035345, 2835, 2139.0
159, 70.436028, 661.509477, 44.368334, 0.072180, 2840, 2339.0
160, 71.160604, 661.018853, 42.871866, 0.103090, 2831, 2133.0
161, 68.339943, 662.903178, 42.506698, 0.241743, 2843, 2174.0
162, 69.387302, 661.905551, 43.904939, 0.155123, 2839, 2267.0
163, 67.462847, 660.653435, 45.017446, 0.109153, 2846, 2241.0
164, 72.677659, 660.202484, 40.546487, 0.034200, 2839, 2186.0
165, 70.725085, 662.028920, 41.700909, 0.075252, 2833, 2145.0
166, 71.720724, 660.754367, 41.166582, 0.110855, 2838, 3318.0
167, 66.095994, 661.891903, 42.238757, 0.232139, 2837, 2607.0
168, 74.551641, 661.367189, 32.390583, 0.043687, 2840, 2136.0
169, 75.256704, 659.549459, 36.492186, 0.038211, 2833, 3095.0
170, 70.857055, 661.241349, 42.176719, 0.058077, 2849, 2246.0
171, 70.898685, 660.884268, 39.719902, 0.066016, 2838, 2145.0
172, 72.467239, 661.279456, 37.864609, 0.042516, 2842, 2163.0
173, 74.087983, 660.286872, 38.994842, 0.055608, 2828, 2131.0
174, 69.295587, 661.480227, 42.444359, 0.110708, 2837, 2252.0
175, 67.733563, 665.700757, 38.647883, 0.114204, 2843, 2185.0
176, 66.828179, 660.200924, 45.720972, 0.210966, 2843, 2142.0
177, 71.149159, 662.340657, 40.274565, 0.084192, 2837, 2136.0
178, 67.733086, 659.028743, 47.666338, 0.156865, 2854, 2266.0
179, 70.810751, 660.248445, 42.501423, 0.052311, 2848, 2248.0
180, 76.141515, 659.980665, 36.598483, 0.059697, 2822, 2555.0
181, 72.549310, 659.382710, 37.320513, 0.036798, 2840, 2364.0
182, 69.489683, 661.110237, 42.699965, 0.070428, 2839, 2221.0
183, 67.321589, 663.633921, 40.120067, 0.120997, 2842, 2137.0
184, 71.831099, 661.420276, 39.395702, 0.074871, 2850, 2187.0
185, 70.392612, 662.560105, 37.092890, 0.042984, 2843, 2142.0
186, 72.870651, 658.807658, 39.133269, 0.051583, 2838, 2139.0
187, 66.395757, 662.418246, 45.459884, 0.104188, 2843, 2154.0
188, 66.820620, 663.760482, 39.373250, 0.138438, 2841, 2155.0
189, 71.251967, 662.018315, 34.237145, 0.035806, 2841, 2249.0
190, 69.405164, 661.616868, 41.691396, 0.125015, 2846, 2165.0
191, 71.651824, 660.193633, 42.023549, 0.037424, 2835, 2143.0
192, 74.112526, 660.846106, 33.107889, 0.049175, 2828, 2210.0
193, 71.120762, 662.475729, 35.865169, 0.043829, 2836, 2311.0
194, 74.216232, 660.819479, 32.073010, 0.041275, 2834, 2181.0
195, 73.327308, 661.485569, 38.972981, 0.099820, 2836, 2136.0
196, 69.997007, 661.685622, 42.050944, 0.050197, 2842, 2319.0
197, 68.430992, 662.312564, 39.003704, 0.116451, 2841, 2143.0
198, 74.118240, 659.669909, 31.616332, 0.057393, 2842, 2148.0
199, 72.491743, 661.904574, 33.329983, 0.065441, 2839, 2137.0
200, 73.204237, 659.490296, 39.816513, 0.098409, 2833, 2161.0
201, 69.128163, 662.027015, 39.832079, 0.058441, 2845, 2143.0
202, 68.450535, 663.911772, 37.836678, 0.040099, 2845, 2138.0
203, 78.256167, 658.161929, 36.765778, 0.078268, 2824, 2188.0
204, 71.538560, 660.817211, 39.512701, 0.034724, 2832, 2230.0
205, 74.913469, 660.200900, 39.227065, 0.120952, 2820, 2139.0
206, 71.037746, 662.427561, 33.965188, 0.057594, 2841, 2139.0
207, 68.123258, 662.873078, 40.255967, 0.116598, 2843, 2473.0
208, 68.424307, 660.271806, 44.625909, 0.049662, 2851, 2662.0
209, 73.238755, 660.779896, 39.450930, 0.055588, 2840, 2148.0
210, 72.176232, 662.113474, 38.387380, 0.042080, 2849, 2260.0
211, 72.372418, 663.004233, 34.645991, 0.041944, 2845, 2146.0
212, 71.051244, 662.219785, 42.481300, 0.068578, 2831, 2247.0
213, 70.209804, 663.881635, 38.097286, 0.035259, 2845, 2128.0
214, 72.390045, 659.375876, 38.513376, 0.096711, 2827, 2237.0
215, 73.010181, 660.999386, 40.638895, 0.117650, 2829, 2144.0
216, 69.510103, 661.857824, 41.905892, 0.131545, 2836, 2136.0
217, 70.893284, 662.883669, 39.721233, 0.031484, 2848, 2198.0
218, 74.707073, 659.761795, 32.732000, 0.041950, 2832, 2238.0
219, 75.823397, 660.215790, 36.553367, 0.072367, 2833, 2129.0
220, 72.680485, 662.556027, 35.197128, 0.026150, 2847, 2151.0
221, 75.023572, 660.429018, 37.709946, 0.103062, 2830, 2318.0
222, 75.450523, 658.813559, 43.324176, 0.128710, 2810, 2132.0
223, 70.510679, 661.100417, 42.803870, 0.111834, 2838, 2126.0
224, 68.798727, 663.396279, 38.564780, 0.042389, 2843, 2363.0
225, 67.716075, 662.502548, 41.735971, 0.127050, 2839, 2146.0
226, 74.034308, 661.327350, 29.952236, 0.058449, 2844, 2167.0
227, 71.859437, 660.899552, 34.850064, 0.057153, 2840, 2123.0
228, 70.716382, 660.507228, 41.301676, 0.085896, 2834, 2141.0
229, 71.194628, 661.861735, 38.328076, 0.040390, 2835, 2249.0
230, 71.852708, 660.071416, 38.519481, 0.032810, 2842, 2130.0
231, 77.736982, 661.473524, 31.779859, 0.106366, 2825, 2284.0
232, 70.774487, 663.146034, 36.923845, 0.094738, 2845, 2145.0
233, 69.150943, 663.177469, 38.352158, 0.050657, 2856, 2256.0
234, 68.576825, 661.357808, 43.419577, 0.107997, 2840, 2161.0
235, 71.750616, 660.214503, 41.437353, 0.080170, 2831, 2142.0
236, 74.100400, 660.926364, 38.082790, 0.066261, 2837, 2155.0
237, 68.862175, 662.768084, 41.673224, 0.075400, 2848, 2183.0
238, 73.492173, 660.354283, 36.246280, 0.041050, 2836, 2265.0
239, 74.181070, 660.903831, 40.497296, 0.050308, 2827, 2138.0
240, 75.582792, 659.171036, 35.970828, 0.021765, 2835, 2139.0
241, 70.830504, 658.082651, 45.874083, 0.160429, 2824, 2236.0
242, 68.896293, 660.517154, 46.146540, 0.068482, 2847, 3269.0
243, 72.105034, 661.715975, 35.074257, 0.044767, 2842, 2992.0
244, 70.184495, 660.401015, 42.515284, 0.044019, 2841, 2364.0
245, 72.753843, 659.734585, 39.284784, 0.055053, 2832, 2138.0
246, 74.227178, 658.661691, 40.160934, 0.054754, 2826, 2142.0
247, 72.811555, 659.654901, 41.188522, 0.014140, 2839, 2167.0
248, 68.629547, 662.231637, 42.878836, 0.179216, 2847, 2211.0
249, 70.416079, 659.786187, 44.353758, 0.174151, 2833, 2225.0
250, 70.122763, 663.930290, 36.930393, 0.030706, 2842, 2140.0
251, 70.971767, 660.681482, 41.445017, 0.162325, 2837, 2542.0
252, 73.241835, 661.272253, 36.910777, 0.062233, 2828, 2131.0
253, 73.075488, 659.545317, 35.402818, 0.031468, 2835, 2772.0
254, 72.659273, 660.436646, 37.094943, 0.069789, 2840, 2932.0
255, 71.667648, 661.505081, 36.503766, 0.046051, 2843, 2446.0
256, 73.965974, 659.582128, 38.234662, 0.056530, 2827, 2710.0
257, 73.714448, 660.296767, 39.716135, 0.082985, 2839, 2623.0
258, 70.839290, 661.915918, 38.410658, 0.041046, 2844, 3135.0
259, 68.469337, 660.743415, 42.162145, 0.171103, 2832, 3065.0
260, 69.006484, 662.531909, 38.899559, 0.131034, 2842, 3174.0
261, 68.911435, 662.144762, 44.423312, 0.090455, 2845, 2270.0
262, 77.323333, 658.836281, 30.937507, 0.058734, 2834, 2753.0
263, 67.604613, 659.804314, 44.161325, 0.208500, 2835, 2178.0
264, 75.504785, 660.005467, 27.971300, 0.073700, 2837, 2171.0
265, 73.968231, 660.305943, 29.016039, 0.013917, 2835, 2205.0
266, 70.398768, 660.140447, 43.682851, 0.062688, 2838, 2264.0
267, 72.311987, 660.223489, 36.818577, 0.032612, 2835, 2149.0
268, 71.910729, 662.415913, 36.811678, 0.075906, 2836, 2244.0
269, 70.477894, 659.809207, 41.081488, 0.107268, 2831, 2694.0
270, 75.829849, 658.679011, 33.515531, 0.046239, 2834, 2160.0
271, 73.067564, 662.747872, 36.983760, 0.054469, 2828, 2257.0
272, 70.962650, 660.980694, 39.297322, 0.030927, 2837, 2812.0
273, 69.925954, 660.040258, 43.862937, 0.123236, 2839, 2132.0
274, 77.884271, 661.229648, 20.695866, 0.060439, 2833, 2186.0
275, 76.171892, 659.678317, 35.944706, 0.076220, 2830, 2150.0
276, 76.495558, 659.106044, 33.784713, 0.042144, 2834, 2333.0
277, 73.517012, 661.385243, 38.217030, 0.064290, 2836, 2134.0
278, 74.070468, 661.424908, 33.438388, 0.090100, 2840, 2156.0
279, 69.367189, 660.190764, 44.693748, 0.097342, 2846, 2310.0
280, 74.878227, 658.849666, 36.719840, 0.059186, 2832, 3046.0
281, 71.178604, 662.024263, 37.727990, 0.037306, 2838, 2194.0
282, 70.713279, 658.638896, 44.813974, 0.117292, 2830, 2210.0
283, 76.539237, 659.832341, 33.096973, 0.067998, 2838, 2231.0
284, 73.489933, 662.636132, 32.705282, 0.067024, 2849, 2144.0
285, 67.610822, 657.534408, 47.929474, 0.360316, 2837, 2206.0
286, 69.850869, 662.218844, 40.051625, 0.040506, 2846, 2475.0
287, 68.231156, 661.809659, 43.959242, 0.110478, 2850, 2161.0
288, 70.253194, 660.138386, 40.774179, 0.059448, 2836, 2171.0
289, 70.127641, 661.745852, 40.199973, 0.072845, 2848, 2746.0
290, 69.422389, 662.322453, 42.769645, 0.163133, 2849, 2156.0
291, 68.929054, 662.519397, 43.294652, 0.063822, 2846, 2151.0
292, 71.720524, 662.178195, 41.938799, 0.073743, 2851, 2183.0
293, 69.676663, 662.280555, 39.141764, 0.098356, 2834, 2172.0
294, 69.935062, 662.509857, 44.112242, 0.095816, 2840, 2152.0
295, 68.748493, 659.330724, 43.884787, 0.152426, 2842, 2190.0
296, 72.889326, 660.561648, 37.546184, 0.032806, 2840, 2235.0
297, 71.903857, 660.352495, 38.149519, 0.038390, 2835, 2141.0
298, 66.623268, 660.498949, 44.961172, 0.133675, 2837, 2199.0
299, 73.051565, 660.603467, 41.052927, 0.117916, 2830, 2134.0
300, 72.943900, 661.299936, 36.956114, 0.046556, 2840, 2693.0
301, 72.346702, 661.961463, 37.011445, 0.034685, 2838, 2148.0
302, 70.520466, 661.980142, 33.156795, 0.065256, 2841, 2178.0
303, 72.121517, 662.470359, 36.587325, 0.061590, 2837, 2239.0
304, 72.826656, 662.418069, 30.638478, 0.061965, 2844, 2277.0
305, 75.565505, 659.742844, 32.513528, 0.044411, 2835, 2398.0
306, 71.129527, 659.803975, 43.111564, 0.080496, 2832, 2194.0
307, 75.531308, 660.914392, 27.589549, 0.055527, 2832, 2156.0
308, 72.140620, 660.486809, 38.945081, 0.061088, 2832, 2139.0
309, 73.888386, 660.511373, 37.003367, 0.052043, 2834, 2412.0
310, 69.422530, 661.554957, 42.076110, 0.040690, 2842, 2304.0
311, 69.558172, 662.392010, 41.072806, 0.074899, 2845, 2153.0
312, 76.481231, 661.403277, 29.023924, 0.065852, 2837, 2294.0
313, 71.200523, 660.852860, 40.806758, 0.055887, 2845, 2208.0
314, 73.434875, 662.177992, 36.155777, 0.065698, 2844, 2167.0
315, 74.892707, 659.935542, 36.273741, 0.046607, 2837, 2335.0
316, 78.382490, 658.730327, 34.977630, 0.139496, 2825, 2965.0
317, 74.398662, 661.072523, 32.502985, 0.028048, 2845, 2323.0
318, 68.975365, 664.957579, 39.705090, 0.122816, 2844, 2136.0
319, 73.351727, 661.410124, 33.671382, 0.044240, 2837, 2166.0
320, 72.401044, 662.720906, 32.096391, 0.060463, 2844, 2952.0
321, 72.362615, 661.880377, 35.806282, 0.050602, 2845, 2152.0
322, 68.435959, 663.938309, 38.891551, 0.072171, 2841, 2136.0
323, 76.948639, 662.808021, 27.067356, 0.096939, 2845, 2233.0
324, 73.491016, 661.528643, 35.342399, 0.035130, 2847, 2253.0
325, 75.028128, 661.239008, 30.635866, 0.018295, 2831, 2118.0
326, 76.727110, 659.563023, 37.341987, 0.103559, 2833, 2212.0
327, 71.163596, 664.412681, 38.060267, 0.073351, 2847, 2201.0
328, 74.030939, 659.671772, 40.040904, 0.052651, 2836, 2154.0
329, 67.245113, 661.603940, 44.896185, 0.053555, 2847, 2216.0
330, 70.315140, 662.042245, 40.692880, 0.048460, 2842, 2372.0
331, 69.344714, 661.265349, 42.338618, 0.134721, 2845, 2856.0
332, 70.974800, 660.990558, 39.303623, 0.062656, 2835, 2184.0
333, 68.600424, 662.018320, 40.369108, 0.099065, 2843, 2339.0
334, 70.757364, 660.286702, 43.476724, 0.077286, 2836, 2182.0
335, 69.719708, 659.489483, 45.905604, 0.112777, 2833, 2159.0
336, 66.230899, 661.833888, 43.889988, 0.135180, 2848, 2142.0
337, 70.814484, 662.215017, 39.264613, 0.061007, 2842, 2162.0
338, 69.943186, 660.782902, 40.531893, 0.061403, 2844, 2200.0
339, 73.177217, 661.512145, 39.599175, 0.058843, 2832, 2135.0
340, 69.445686, 661.655616, 43.043543, 0.067227, 2845, 2387.0
341, 70.479981, 661.783795, 36.665791, 0.044252, 2842, 2466.0
342, 71.007351, 660.234186, 42.901540, 0.074667, 2838, 2160.0
343, 71.095195, 662.105414, 41.096862, 0.039559, 2833, 2256.0
344, 70.803663, 661.653566, 42.031482, 0.153119, 2846, 2201.0
345, 74.146502, 661.685888, 29.992901, 0.070225, 2842, 2162.0
346, 68.846567, 659.130983, 47.984974, 0.160710, 2849, 2152.0
347, 72.575325, 660.020922, 38.120998, 0.062328, 2831, 2195.0
348, 70.385173, 661.199511, 45.046236, 0.136355, 2827, 2153.0
349, 67.150908, 662.746691, 40.229655, 0.059709, 2850, 2329.0
350, 77.675395, 660.302507, 30.555623, 0.088738, 2830, 2161.0
351, 67.876953, 660.090003, 46.994937, 0.223032, 2840, 2151.0
352, 70.263237, 663.010902, 37.701959, 0.070345, 2843, 2202.0
353, 70.580374, 661.335126, 40.358264, 0.064967, 2844, 2183.0
354, 73.389778, 661.593391, 36.890921, 0.068738, 2838, 2211.0
355, 70.659416, 662.386043, 39.376747, 0.055359, 2833, 2234.0
356, 72.595307, 661.935076, 33.399372, 0.057363, 2844, 2151.0
357, 69.422462, 663.103763, 40.873105, 0.132335, 2843, 2184.0
358, 66.381559, 661.150535, 44.729109, 0.101113, 2841, 2121.0
359, 74.367032, 660.219879, 36.400553, 0.064469, 2830, 2143.0
360, 71.258624, 662.471353, 41.036928, 0.096959, 2841, 2144.0
361, 70.798592, 659.930421, 38.200209, 0.028586, 2845, 2222.0
362, 72.460873, 663.516652, 30.895206, 0.042555, 2852, 2162.0
363, 72.593415, 662.570959, 37.233006, 0.016054, 2837, 2131.0
364, 73.673961, 660.715946, 37.400864, 0.042579, 2836, 2212.0
365, 72.746737, 660.464165, 36.594741, 0.023468, 2834, 2143.0
366, 69.853726, 661.249891, 41.021382, 0.062467, 2844, 2141.0
367, 72.345312, 662.509725, 28.976404, 0.025270, 2846, 2208.0
368, 74.318219, 659.789196, 37.179234, 0.038996, 2838, 2232.0
369, 72.509484, 660.926003, 37.472857, 0.058258, 2841, 2143.0
370, 73.141236, 661.213583, 43.662808, 0.064051, 2841, 2142.0
371, 75.071019, 661.638345, 38.068793, 0.079563, 2838, 2189.0
372, 73.627776, 661.852432, 32.961139, 0.055516, 2839, 2148.0
373, 72.818280, 660.057569, 39.584126, 0.064297, 2836, 2548.0
374, 69.087901, 663.199565, 43.791180, 0.195036, 2836, 2157.0
375, 72.410050, 660.963131, 39.449060, 0.055266, 2842, 2150.0
376, 71.936540, 660.576692, 39.004503, 0.042699, 2839, 2249.0
377, 70.642762, 662.951024, 39.559848, 0.103824, 2844, 2132.0
378, 70.630026, 662.078536, 40.398103, 0.073462, 2843, 2233.0
379, 70.263084, 662.381352, 39.048989, 0.061142, 2842, 2189.0
380, 76.350964, 659.128351, 37.727677, 0.057691, 2830, 2134.0
381, 71.655563, 661.929238, 35.663484, 0.087989, 2832, 2196.0
382, 73.899272, 660.302988, 37.152536, 0.020085, 2830, 2141.0
383, 76.397202, 660.752299, 26.904985, 0.033474, 2837, 2144.0
384, 70.826337, 660.596651, 42.352239, 0.136163, 2835, 2135.0
385, 70.152005, 662.322200, 41.430168, 0.083751, 2837, 2351.0
386, 75.539046, 659.630659, 39.196893, 0.070606, 2829, 2148.0
387, 68.425013, 662.070860, 41.528181, 0.141630, 2842, 2150.0
388, 71.178183, 661.701993, 41.050833, 0.070982, 2842, 2997.0
389, 69.050907, 660.345205, 45.843699, 0.112391, 2839, 2142.0
390, 76.535437, 659.615044, 35.550606, 0.087885, 2839, 2290.0
391, 75.750064, 661.604812, 37.094015, 0.135745, 2826, 2220.0
392, 72.397615, 660.447892, 39.279541, 0.063303, 2832, 2135.0
393, 74.079564, 660.540433, 38.667218, 0.054996, 2845, 2152.0
394, 69.808601, 659.885594, 45.816611, 0.097031, 2836, 2146.0
395, 78.106519, 658.139389, 34.346258, 0.082742, 2829, 2186.0
396, 73.731828, 660.398799, 38.495573, 0.044121, 2836, 2160.0
397, 70.486655, 662.170768, 39.639722, 0.024554, 2844, 2246.0
398, 73.656345, 660.337626, 37.303927, 0.043530, 2835, 2168.0
399, 76.693366, 659.864954, 36.255056, 0.078692, 2835, 2666.0
400, 71.244192, 661.085396, 41.048414, 0.108445, 2837, 2156.0
401, 70.054614, 662.216886, 38.704137, 0.061990, 2846, 2174.0
402, 71.812700, 661.409014, 37.699337, 0.107760, 2834, 2277.0
403, 72.619017, 661.638405, 40.880836, 0.031611, 2836, 2140.0
404, 70.138195, 661.368984, 43.137947, 0.054560, 2838, 2182.0
405, 75.135262, 660.839903, 33.693523, 0.036867, 2835, 2197.0
406, 73.592151, 662.161945, 32.099585, 0.043504, 2845, 2142.0
407, 75.428527, 660.974735, 36.335044, 0.059713, 2836, 2158.0
408, 74.890007, 659.997517, 33.333932, 0.056620, 2839, 2253.0
409, 75.913574, 661.854246, 28.392992, 0.122010, 2838, 2190.0
410, 69.405223, 662.967400, 40.181542, 0.080498, 2842, 2202.0
411, 81.821982, 657.639232, 28.612652, 0.064892, 2836, 2318.0
412, 72.114875, 662.179593, 33.854252, 0.035917, 2839, 2370.0
413, 73.615535, 660.749586, 38.201447, 0.037494, 2827, 2263.0
414, 72.889644, 660.246773, 38.388315, 0.045841, 2828, 2963.0
415, 75.412865, 660.420833, 40.079910, 0.040909, 2824, 2580.0
416, 73.895625, 661.249886, 30.146233, 0.047684, 2847, 2155.0
417, 67.206823, 659.040357, 45.734249, 0.217606, 2845, 2142.0
418, 74.694592, 661.593902, 33.483705, 0.053979, 2842, 2165.0
419, 70.046169, 662.685531, 40.983126, 0.055897, 2843, 2512.0
420, 69.758896, 661.385356, 38.784977, 0.119998, 2852, 2180.0
421, 74.434468, 660.249501, 37.090915, 0.056887, 2832, 2693.0
422, 73.319119, 660.863837, 38.798998, 0.051410, 2840, 2375.0
423, 69.833247, 662.117684, 41.703544, 0.085775, 2847, 2153.0
424, 71.658270, 662.128279, 35.181584, 0.068414, 2836, 2137.0
425, 75.014837, 659.325728, 37.254845, 0.061528, 2829, 2306.0
426, 71.959370, 661.432720, 36.209749, 0.059799, 2838, 2144.0
427, 71.414940, 660.085720, 43.753164, 0.060961, 2841, 2348.0
428, 77.098471, 661.260022, 26.718287, 0.084182, 2841, 2135.0
429, 69.224696, 661.175550, 43.147874, 0.137224, 2845, 2227.0
430, 75.127473, 660.709364, 35.809234, 0.065448, 2831, 2170.0
431, 68.890831, 662.396611, 44.194217, 0.056342, 2844, 2170.0
432, 72.524141, 661.446249, 37.544836, 0.056594, 2831, 2261.0
433, 72.231244, 660.907811, 36.514439, 0.047427, 2842, 2148.0
434, 71.102280, 660.055252, 40.552111, 0.038347, 2839, 2169.0
435, 68.644690, 661.094932, 42.149385, 0.085611, 2840, 2146.0
436, 67.550015, 663.524390, 38.921085, 0.110448, 2845, 2279.0
437, 68.894727, 660.900933, 44.972539, 0.116621, 2841, 2375.0
438, 68.967122, 664.696994, 33.628560, 0.082960, 2835, 2315.0
439, 70.799818, 661.525507, 38.978465, 0.039369, 2839, 2215.0
440, 71.449727, 661.555224, 39.459150, 0.039136, 2836, 2258.0
441, 75.247593, 660.169617, 36.475807, 0.052652, 2834, 2149.0
442, 67.397106, 662.852947, 41.502116, 0.063546, 2846, 2477.0
443, 74.640648, 659.645616, 33.572893, 0.013537, 2835, 2130.0
444, 70.410311, 659.859198, 45.233700, 0.088953, 2834, 2145.0
445, 72.856959, 660.673883, 35.991970, 0.027921, 2828, 2146.0
446, 73.073053, 660.838776, 41.826245, 0.136295, 2830, 2365.0
447, 72.769792, 662.743994, 40.040932, 0.131041, 2830, 2136.0
448, 71.135624, 661.700615, 40.255066, 0.043449, 2840, 2470.0
449, 69.981664, 661.924637, 40.619182, 0.057817, 2844, 2227.0
450, 72.849854, 660.910468, 38.827859, 0.048422, 2842, 2146.0
451, 69.774402, 662.748534, 41.862868, 0.111523, 2839, 2148.0
452, 70.105063, 663.156091, 35.986935, 0.059021, 2843, 2149.0
453, 74.146553, 660.459596, 36.100301, 0.025603, 2836, 2281.0
454, 68.401036, 662.524368, 35.674088, 0.058499, 2839, 2551.0
455, 71.646794, 659.727752, 43.017079, 0.114452, 2826, 2138.0
456, 78.303861, 660.388434, 30.559100, 0.125934, 2833, 2207.0
457, 70.365364, 662.905902, 35.823532, 0.057378, 2845, 2141.0
458, 73.673153, 660.486238, 35.484029, 0.029152, 2838, 2144.0
459, 71.801705, 659.434270, 41.796789, 0.150163, 2827, 2318.0
460, 70.968547, 660.956860, 43.762900, 0.118314, 2835, 2171.0
461, 72.884303, 660.804518, 39.493932, 0.101730, 2830, 2139.0
462, 71.507648, 660.736724, 42.106882, 0.044372, 2838, 2150.0
463, 72.949168, 660.936544, 38.383818, 0.091194, 2834, 2230.0
464, 72.433516, 660.662451, 45.210465, 0.093404, 2828, 2133.0
465, 71.555126, 661.225590, 45.268901, 0.066037, 2838, 2403.0
466, 67.607421, 661.178037, 44.630780, 0.136091, 2837, 2221.0
467, 74.390183, 659.265258, 38.091315, 0.088567, 2831, 2134.0
468, 74.456445, 659.299083, 40.362944, 0.039763, 2814, 2287.0
469, 68.855925, 663.612846, 39.387008, 0.076600, 2847, 2152.0
470, 68.661343, 662.907683, 41.092315, 0.121301, 2844, 2209.0
471, 71.904422, 660.902094, 42.914778, 0.097105, 2839, 2707.0
472, 68.952502, 662.910789, 42.332500, 0.106051, 2842, 2138.0
473, 71.239335, 662.514197, 35.722255, 0.061849, 2838, 2258.0
474, 68.246342, 661.396766, 44.013857, 0.182680, 2847, 2146.0
475, 71.164318, 661.354040, 38.939028, 0.096415, 2829, 2127.0
476, 70.047140, 660.540195, 43.524446, 0.137440, 2836, 2143.0
477, 71.265147, 661.927317, 36.910843, 0.030384, 2836, 2603.0
478, 70.609519, 661.344591, 38.071279, 0.015095, 2846, 2146.0
479, 72.605080, 662.139682, 41.883508, 0.082073, 2837, 2140.0
480, 73.378403, 659.583632, 40.688156, 0.061364, 2830, 2211.0
481, 72.387232, 660.114868, 41.669511, 0.033014, 2835, 2151.0
482, 72.775408, 661.673947, 41.676697, 0.079217, 2831, 2277.0
483, 67.908432, 660.704534, 41.980197, 0.119176, 2845, 2686.0
484, 70.098746, 663.558691, 35.534114, 0.057572, 2839, 2158.0
485, 68.984936, 661.633067, 41.449180, 0.037071, 2848, 2147.0
486, 73.614129, 662.176444, 32.806790, 0.059756, 2845, 2142.0
487, 70.029649, 661.323551, 37.297262, 0.025875, 2839, 2243.0
488, 71.613549, 661.423156, 38.345295, 0.052125, 2845, 2296.0
489, 72.666753, 661.309448, 36.255948, 0.053273, 2837, 2133.0
490, 68.802589, 662.673747, 37.710717, 0.073262, 2847, 2148.0
491, 70.206185, 661.959723, 39.842610, 0.072235, 2850, 2182.0
492, 71.184294, 662.960025, 39.804339, 0.080404, 2840, 2140.0
493, 66.553126, 662.073596, 42.352445, 0.086068, 2840, 2169.0
494, 69.286280, 662.477866, 41.049434, 0.083398, 2850, 2635.0
495, 78.544144, 661.154334, 27.501464, 0.071231, 2824, 2131.0
496, 72.741828, 661.173339, 33.245373, 0.023287, 2839, 2909.0
497, 69.656316, 660.924821, 43.721207, 0.180157, 2844, 2531.0
498, 69.504372, 664.179252, 41.019357, 0.108259, 2842, 2294.0
499, 74.745506, 661.655385, 31.842481, 0.035631, 2846, 2170.0
500, 71.881545, 661.497208, 45.230251, 0.065776, 2839, 2660.0
501, 67.973013, 662.528614, 40.363059, 0.051729, 2844, 2237.0
502, 70.964127, 659.548040, 43.838875, 0.135541, 2832, 2146.0
503, 68.326023, 661.482617, 40.647121, 0.062060, 2842, 3099.0
504, 73.157445, 660.919744, 37.946133, 0.042468, 2830, 2154.0
505, 69.882391, 661.226921, 39.088846, 0.074988, 2834, 3353.0
506, 70.419910, 662.597650, 38.784505, 0.061749, 2846, 2625.0
507, 72.077209, 661.357593, 33.966179, 0.059222, 2847, 2161.0
508, 70.723501, 662.512902, 39.910429, 0.050384, 2838, 2305.0
509, 71.317839, 661.041025, 39.112977, 0.046128, 2838, 2656.0
510, 71.630832, 660.598682, 41.684705, 0.061667, 2841, 2177.0
511, 68.529152, 662.354119, 39.595584, 0.207066, 2840, 2130.0
512, 69.031588, 661.957287, 45.256887, 0.056014, 2841, 2161.0
513, 72.545949, 661.259234, 39.493664, 0.069161, 2839, 2257.0
514, 68.729413, 659.449131, 45.596093, 0.110437, 2847, 2161.0
515, 73.559599, 660.379659, 40.084615, 0.058376, 2834, 2140.0
516, 66.181466, 662.410421, 44.941582, 0.110388, 2848, 2245.0
517, 71.668923, 661.277204, 40.199017, 0.062128, 2835, 2137.0
518, 66.224428, 661.855101, 42.379362, 0.150644, 2848, 2144.0
519, 69.896624, 659.716993, 47.614074, 0.074748, 2836, 2159.0
520, 72.462567, 661.624775, 32.540908, 0.034469, 2838, 2145.0
521, 72.085082, 661.291296, 34.665886, 0.066376, 2841, 2158.0
522, 68.958257, 661.353155, 41.003808, 0.114938, 2844, 2362.0
523, 73.412082, 660.612108, 38.400111, 0.062650, 2839, 2765.0
524, 72.496405, 662.272130, 40.494771, 0.068069, 2841, 2154.0
525, 70.604766, 662.642461, 43.650551, 0.030140, 2845, 2291.0
526, 68.943372, 662.082815, 42.634053, 0.220257, 2837, 2239.0
527, 67.854147, 661.153740, 44.553305, 0.103134, 2851, 2260.0
528, 73.894452, 659.665450, 35.288869, 0.042654, 2832, 2151.0
529, 71.397502, 662.818789, 38.309957, 0.107655, 2835, 2146.0
530, 74.164898, 660.565420, 34.494568, 0.032795, 2845, 2153.0
531, 74.788840, 660.430841, 33.857235, 0.069454, 2835, 2140.0
532, 77.876334, 658.498532, 38.607248, 0.103038, 2827, 2130.0
533, 69.547589, 663.180503, 42.271038, 0.072322, 2851, 2288.0
534, 68.487845, 659.826323, 39.743369, 0.115026, 2838, 2183.0
535, 71.248224, 662.531723, 38.547573, 0.114008, 2844, 2192.0
536, 74.734428, 659.728374, 33.363132, 0.026231, 2840, 2146.0
537, 75.748825, 661.451567, 32.184647, 0.058314, 2835, 2140.0
538, 73.307453, 660.616182, 32.856386, 0.030978, 2842, 2136.0
539, 73.320752, 661.473789, 37.878763, 0.061361, 2843, 2224.0
540, 70.741168, 663.041589, 35.668908, 0.058690, 2846, 2216.0
541, 71.746326, 661.321795, 44.221147, 0.048724, 2834, 2175.0
542, 71.175261, 661.505084, 40.955166, 0.053608, 2839, 2191.0
543, 71.190903, 661.228862, 39.735164, 0.053121, 2845, 2161.0
544, 71.340398, 661.523976, 40.770678, 0.078159, 2842, 2146.0
545, 70.145449, 662.979060, 38.971031, 0.066243, 2846, 2169.0
546, 73.980628, 661.986163, 28.760088, 0.080396, 2845, 2144.0
547, 72.581888, 660.691995, 37.090062, 0.054635, 2835, 2256.0
548, 69.496327, 662.121840, 39.184988, 0.117760, 2844, 2141.0
549, 73.097208, 660.543125, 38.701601, 0.060441, 2839, 2136.0
550, 73.243425, 660.561441, 37.573181, 0.078013, 2821, 2240.0
551, 71.221514, 661.018441, 39.751042, 0.049601, 2842, 2170.0
552, 66.771716, 663.391701, 40.839772, 0.340391, 2850, 2252.0
553, 76.078239, 660.606134, 35.375444, 0.081685, 2832, 2133.0
554, 72.244802, 659.997111, 36.690569, 0.072933, 2828, 2210.0
555, 70.011249, 661.130528, 36.547398, 0.044386, 2852, 2422.0
556, 68.675957, 662.285698, 38.924496, 0.110766, 2838, 2227.0
557, 71.107121, 661.084306, 41.588583, 0.093321, 2845, 2387.0
558, 71.641226, 660.865949, 41.550756, 0.027744, 2841, 2303.0
559, 73.833600, 660.114900, 38.986821, 0.064683, 2832, 2146.0
560, 76.428931, 659.968303, 34.170896, 0.100914, 2842, 2210.0
561, 73.327954, 662.506991, 36.938759, 0.057308, 2841, 2222.0
562, 67.545451, 663.554658, 40.347957, 0.078264, 2848, 2157.0
563, 68.048762, 663.231097, 38.680940, 0.154283, 2838, 2154.0
564, 73.237003, 662.212073, 32.692237, 0.067584, 2844, 2404.0
565, 76.487078, 659.106629, 30.298523, 0.051777, 2833, 2135.0
566, 71.230293, 661.732045, 40.478874, 0.092538, 2845, 2177.0
567, 70.929990, 661.729736, 37.038908, 0.054572, 2847, 2203.0
568, 71.363375, 662.931012, 39.345559, 0.071492, 2829, 2163.0
569, 72.638178, 660.188195, 44.085000, 0.086719, 2826, 2173.0
570, 77.011884, 660.976985, 24.660230, 0.049122, 2847, 2143.0
571, 72.061070, 661.034991, 40.502597, 0.055837, 2840, 2225.0
572, 71.611763, 663.035306, 38.657615, 0.060827, 2848, 2188.0
573, 69.371387, 662.358056, 42.658590, 0.107194, 2841, 2142.0
574, 72.430250, 661.027458, 37.377682, 0.054070, 2834, 2351.0
575, 74.539636, 660.708167, 35.066616, 0.046484, 2832, 2144.0
576, 71.715691, 661.377339, 41.048589, 0.042708, 2843, 2156.0
577, 71.571124, 661.536033, 39.924901, 0.070609, 2837, 2142.0
578, 70.065492, 661.159101, 40.226814, 0.078471, 2840, 2344.0
579, 75.086488, 661.237457, 29.993906, 0.022609, 2834, 2140.0
580, 76.542035, 659.836877, 31.505421, 0.069767, 2837, 2228.0
581, 72.449611, 661.404396, 36.059500, 0.052511, 2841, 2206.0
582, 76.613449, 659.523014, 33.486602, 0.060150, 2830, 2242.0
583, 72.773601, 660.837375, 40.166120, 0.088424, 2837, 2298.0
584, 72.478102, 661.387249, 39.081668, 0.042073, 2830, 2207.0
585, 68.058954, 660.955479, 44.596908, 0.071352, 2842, 2142.0
586, 73.319942, 660.285059, 39.966600, 0.067385, 2828, 2191.0
587, 75.014378, 660.470037, 30.265542, 0.042417, 2834, 2132.0
588, 69.657429, 660.879522, 39.149699, 0.082319, 2837, 2208.0
589, 71.544733, 660.609831, 43.128793, 0.093681, 2842, 2170.0
590, 72.154230, 661.120263, 39.261890, 0.059152, 2836, 2135.0
591, 68.724879, 663.252387, 40.383213, 0.159859, 2845, 2210.0
592, 75.658047, 659.494052, 37.083694, 0.062631, 2820, 2657.0
593, 72.937697, 661.499735, 40.210629, 0.052909, 2838, 2404.0
594, 70.511449, 664.103001, 40.164560, 0.136764, 2842, 2294.0
595, 72.687486, 661.295718, 34.810371, 0.033106, 2833, 2278.0
596, 67.893793, 662.748343, 42.772667, 0.118514, 2850, 2146.0
597, 72.707151, 662.230153, 37.899257, 0.012213, 2843, 2504.0
598, 69.761305, 662.062612, 38.406361, 0.032490, 2843, 2307.0
599, 75.852279, 660.396887, 33.594460, 0.057554, 2832, 2129.0
600, 74.190953, 661.293784, 37.774085, 0.047111, 2842, 2155.0
601, 73.404037, 660.497417, 37.990798, 0.108879, 2829, 2251.0
602, 70.147519, 662.730814, 34.504628, 0.052633, 2847, 2160.0
603, 72.344043, 661.621035, 37.477559, 0.042442, 2843, 2166.0
604, 72.761953, 659.782509, 33.474463, 0.067682, 2827, 2523.0
605, 79.844405, 657.958855, 36.257957, 0.180397, 2809, 2272.0
606, 72.455344, 661.196798, 35.760942, 0.082550, 2839, 2137.0
607, 73.279846, 660.675427, 39.313741, 0.054124, 2835, 2199.0
608, 71.607122, 662.278090, 41.116280, 0.179242, 2833, 2191.0
609, 77.320657, 659.947413, 32.115674, 0.060403, 2827, 2170.0
610, 68.770234, 664.476020, 38.293699, 0.215223, 2846, 2145.0
611, 71.635752, 661.324901, 41.469363, 0.062164, 2842, 2215.0
612, 75.150055, 660.224178, 32.799917, 0.053761, 2825, 2214.0
613, 69.587967, 662.093515, 42.007262, 0.137939, 2847, 2142.0
614, 73.511287, 660.368619, 33.626595, 0.056853, 2849, 2196.0
615, 69.580287, 663.385325, 39.609313, 0.171202, 2845, 2154.0
616, 73.665875, 659.371353, 37.750549, 0.043598, 2829, 2155.0
617, 68.357091, 661.922509, 43.080164, 0.110302, 2844, 2148.0
618, 71.418616, 662.293189, 41.041888, 0.051044, 2841, 2214.0
619, 75.340342, 661.263367, 34.021241, 0.031577, 2846, 2205.0
620, 72.815652, 659.113846, 38.978559, 0.026360, 2843, 2293.0
621, 70.446316, 660.416620, 44.625883, 0.073489, 2846, 2179.0
622, 75.122186, 659.719663, 38.402700, 0.077678, 2826, 2170.0
623, 73.495605, 661.512813, 34.143603, 0.073256, 2843, 2139.0
624, 69.825212, 660.741066, 40.059652, 0.059165, 2850, 2152.0
625, 73.280977, 659.634898, 35.628625, 0.038062, 2823, 2218.0
626, 70.043598, 661.838147, 40.258994, 0.168894, 2843, 2163.0
627, 71.393725, 664.624187, 35.419392, 0.088899, 2846, 2142.0
628, 70.727499, 661.745960, 40.513839, 0.063814, 2847, 2219.0
629, 70.490689, 662.874856, 37.850540, 0.062836, 2843, 2185.0
630, 72.989561, 661.691883, 34.969564, 0.042229, 2847, 2147.0
631, 73.661380, 660.240695, 33.834579, 0.035820, 2835, 2142.0
632, 72.396638, 661.080541, 37.284847, 0.041130, 2848, 2598.0
633, 70.011472, 661.429358, 38.359920, 0.069855, 2844, 2236.0
634, 75.967778, 660.595634, 32.076040, 0.044233, 2836, 3213.0
635, 71.347049, 660.021513, 41.254589, 0.127390, 2835, 2435.0
636, 71.989427, 663.008058, 38.279576, 0.022289, 2844, 2520.0
637, 67.373173, 660.727245, 44.559175, 0.144068, 2846, 2213.0
638, 75.014176, 661.745600, 30.671011, 0.050569, 2838, 2468.0
639, 68.732229, 659.882900, 45.568397, 0.145593, 2846, 2150.0
640, 75.911696, 660.273230, 30.044394, 0.060745, 2841, 2238.0
641, 73.475847, 660.362908, 34.236815, 0.040143, 2834, 2312.0
642, 70.870002, 659.582446, 41.460839, 0.109732, 2844, 2210.0
643, 72.038176, 661.313102, 36.024020, 0.044217, 2844, 2139.0
644, 75.601030, 659.423537, 34.030101, 0.036128, 2839, 2227.0
645, 70.930118, 663.405912, 33.483233, 0.061631, 2842, 2300.0
646, 72.959481, 659.779273, 38.536052, 0.032252, 2838, 2135.0
647, 69.467718, 662.849222, 38.249121, 0.052073, 2852, 2224.0
648, 70.869838, 660.418294, 42.143791, 0.070235, 2837, 2220.0
649, 71.455038, 661.548944, 37.818285, 0.085587, 2838, 2609.0
650, 69.498904, 660.912409, 42.878208, 0.116280, 2840, 2266.0
651, 69.744508, 663.297750, 35.809510, 0.023754, 2843, 2133.0
652, 71.468050, 663.925711, 35.578765, 0.066423, 2841, 2204.0
653, 70.596159, 661.090102, 39.989598, 0.042241, 2843, 2161.0
654, 69.787396, 661.219886, 39.815316, 0.096433, 2844, 2158.0
655, 71.037648, 660.792133, 36.110903, 0.041711, 2846, 2393.0
656, 66.263728, 662.923627, 41.229305, 0.049100, 2844, 2167.0
657, 69.669887, 662.057957, 38.301140, 0.089496, 2840, 2130.0
658, 68.481165, 663.304339, 44.094159, 0.103085, 2838, 2432.0
659, 70.799703, 661.667640, 42.432730, 0.065449, 2844, 2186.0
660, 69.753288, 660.891826, 43.697645, 0.078728, 2837, 2245.0
661, 70.246295, 663.426403, 43.556968, 0.053307, 2845, 2324.0
662, 70.406660, 661.485490, 38.236175, 0.057457, 2840, 2216.0
663, 67.071941, 662.802703, 41.335020, 0.166558, 2851, 2177.0
664, 75.812719, 658.267868, 35.764748, 0.044118, 2829, 2147.0
665, 71.977451, 662.526340, 33.484594, 0.046964, 2851, 2242.0
666, 69.848711, 661.339146, 42.216465, 0.053790, 2840, 2246.0
667, 68.037121, 662.876356, 43.654437, 0.149522, 2847, 2154.0
668, 68.132842, 663.694705, 43.245934, 0.124255, 2843, 2121.0
669, 73.903845, 660.624276, 39.756666, 0.051452, 2830, 2145.0
670, 68.015145, 661.719641, 44.682206, 0.098495, 2853, 2165.0
671, 71.044695, 662.599818, 39.000074, 0.061635, 2843, 2139.0
672, 75.152532, 658.996875, 36.038798, 0.046781, 2840, 2230.0
673, 68.290873, 658.496060, 46.561867, 0.140897, 2846, 2153.0
674, 73.411685, 658.729369, 36.558230, 0.026043, 2833, 2141.0
675, 74.551858, 659.698227, 36.875030, 0.048268, 2834, 2351.0
676, 66.731952, 665.139763, 39.974370, 0.185341, 2850, 2219.0
677, 68.729315, 662.601939, 41.771957, 0.055541, 2845, 2347.0
678, 75.184240, 660.124356, 37.942732, 0.038081, 2839, 2197.0
679, 68.247747, 663.649869, 40.309033, 0.104771, 2843, 2211.0
680, 68.800474, 662.036497, 43.092795, 0.091488, 2845, 2151.0
681, 70.706794, 659.564489, 41.439158, 0.101440, 2830, 2137.0
682, 70.226592, 661.134521, 39.864778, 0.072196, 2846, 2212.0
683, 72.555906, 662.530514, 36.808199, 0.055727, 2837, 2190.0
684, 68.158004, 662.623356, 41.589113, 0.033030, 2846, 2150.0
685, 68.954308, 662.886600, 41.148724, 0.107141, 2846, 2222.0
686, 68.422456, 658.403322, 44.902051, 0.163669, 2843, 2224.0
687, 69.656323, 660.022630, 42.667547, 0.080192, 2833, 2146.0
688, 72.029271, 660.952161, 40.941721, 0.044106, 2841, 2148.0
689, 69.912807, 659.736807, 43.372900, 0.144560, 2849, 2178.0
690, 72.888314, 660.071153, 35.639831, 0.043397, 2835, 2149.0
691, 71.743468, 659.596282, 41.697532, 0.092566, 2828, 2155.0
692, 73.256003, 661.373190, 36.946556, 0.057681, 2837, 2137.0
693, 73.061466, 661.087973, 36.399388, 0.051004, 2834, 2200.0
694, 68.876429, 661.478478, 42.287101, 0.074514, 2847, 2171.0
695, 74.406393, 659.393366, 41.733799, 0.137413, 2836, 2137.0
696, 70.501465, 662.727809, 39.485744, 0.046628, 2843, 2190.0
697, 71.406676, 660.360604, 42.803691, 0.035316, 2840, 2185.0
698, 65.887040, 661.392094, 44.495961, 0.140525, 2851, 2172.0
699, 67.898124, 663.007013, 39.263566, 0.097298, 2849, 2137.0
700, 72.194512, 660.538262, 38.395009, 0.044054, 2840, 2338.0
701, 73.672312, 660.350903, 38.345317, 0.072479, 2821, 2157.0
702, 70.879738, 662.974361, 36.905314, 0.048682, 2844, 2140.0
703, 68.764680, 659.568248, 44.022143, 0.147879, 2844, 2633.0
704, 69.145959, 660.887581, 42.383220, 0.104368, 2846, 2384.0
705, 69.385959, 662.885475, 39.456602, 0.120448, 2843, 2165.0
706, 72.570234, 661.929322, 32.891703, 0.036447, 2848, 2139.0
707, 73.344551, 661.299086, 34.267457, 0.034101, 2842, 2227.0
708, 67.040994, 660.320074, 44.735113, 0.218796, 2841, 2178.0
709, 75.685113, 659.876795, 39.852794, 0.071621, 2826, 2304.0
710, 70.957112, 660.398557, 43.788270, 0.084563, 2841, 2251.0
711, 70.655937, 662.850623, 38.155308, 0.058380, 2842, 2337.0
712, 69.309175, 663.836639, 37.136948, 0.039747, 2848, 2304.0
713, 69.353391, 660.334755, 42.443606, 0.113101, 2846, 2145.0
714, 73.728251, 661.122607, 38.315333, 0.034196, 2837, 2322.0
715, 70.103134, 661.714018, 43.964154, 0.116982, 2843, 2157.0
716, 72.575844, 660.247003, 36.447585, 0.027051, 2835, 2118.0
717, 71.206155, 659.423459, 43.960128, 0.155426, 2841, 2432.0
718, 71.649115, 660.673907, 38.171950, 0.098322, 2829, 2140.0
719, 67.755459, 657.222029, 47.602344, 0.238498, 2841, 2203.0
720, 70.754206, 661.470612, 41.169098, 0.078503, 2844, 2143.0
721, 70.839014, 659.818015, 45.413214, 0.183260, 2830, 2229.0
722, 70.533178, 661.842252, 38.131629, 0.099802, 2838, 2170.0
723, 68.916655, 658.576364, 49.147056, 0.166713, 2842, 2285.0
724, 76.008855, 659.270751, 34.776981, 0.046188, 2835, 2197.0
725, 66.551540, 664.191626, 41.861776, 0.134257, 2845, 2183.0
726, 73.115532, 658.217674, 43.102290, 0.058204, 2827, 2165.0
727, 71.132301, 660.491726, 37.965599, 0.029810, 2836, 2138.0
728, 72.687486, 661.295718, 34.810371, 0.052096, 2843, 2314.0
729, 74.028994, 660.604689, 31.908616, 0.049469, 2837, 2164.0
730, 70.258767, 661.456212, 42.085324, 0.111745, 2835, 2131.0
731, 66.949818, 663.391079, 41.106260, 0.170326, 2843, 2374.0
732, 74.995624, 660.706164, 34.723550, 0.060526, 2827, 2144.0
733, 71.134380, 661.414580, 40.382075, 0.064178, 2835, 2205.0
734, 70.217029, 661.415578, 44.266841, 0.077842, 2844, 2144.0
735, 70.577072, 662.613811, 35.070433, 0.071806, 2842, 2148.0
736, 69.548178, 660.960612, 40.850138, 0.057488, 2841, 2545.0
737, 70.048994, 662.892222, 39.950885, 0.101841, 2846, 2633.0
738, 69.215011, 661.631428, 40.382675, 0.062252, 2841, 2238.0
739, 74.186495, 661.357602, 41.356181, 0.044925, 2837, 2590.0
740, 70.487235, 661.737550, 38.241998, 0.051583, 2846, 2153.0
741, 72.244473, 660.157265, 41.073108, 0.069206, 2829, 2426.0
742, 68.302652, 663.662243, 41.896146, 0.064031, 2840, 2180.0
743, 74.369634, 659.385669, 37.718956, 0.071564, 2826, 2210.0
744, 71.262840, 661.471266, 38.470008, 0.040181, 2848, 2217.0
745, 69.531862, 662.906715, 40.107826, 0.075799, 2847, 2167.0
746, 69.752154, 660.799594, 40.476125, 0.043256, 2850, 2200.0
747, 70.296284, 661.600016, 43.312272, 0.119946, 2847, 2496.0
748, 68.450864, 659.879916, 46.885098, 0.180433, 2844, 2278.0
749, 70.026559, 662.609113, 35.845131, 0.067883, 2844, 2319.0
750, 70.712011, 661.877721, 42.888535, 0.063587, 2824, 2148.0
751, 74.204910, 660.104628, 34.183476, 0.049788, 2834, 2346.0
752, 68.148277, 662.812874, 43.778648, 0.104028, 2848, 2573.0
753, 67.824061, 662.318857, 40.727401, 0.131691, 2841, 2213.0
754, 66.560851, 660.783862, 45.390487, 0.136121, 2845, 2228.0
755, 68.274021, 660.547491, 42.235570, 0.145924, 2829, 2503.0
756, 69.667394, 660.492264, 43.736299, 0.027557, 2844, 2214.0
757, 71.414313, 661.602091, 41.424251, 0.045613, 2834, 2410.0
758, 67.131620, 661.598026, 42.950098, 0.145900, 2840, 2306.0
759, 66.830695, 661.458347, 42.094670, 0.103445, 2842, 2233.0
760, 68.485672, 663.619992, 40.191882, 0.124615, 2849, 2807.0
761, 76.006360, 659.068316, 35.679258, 0.047414, 2827, 2144.0
762, 72.857228, 662.487423, 35.348382, 0.089763, 2843, 2229.0
763, 67.044821, 659.863969, 48.251164, 0.129149, 2844, 2219.0
764, 67.089480, 661.293031, 44.404527, 0.165625, 2848, 2441.0
765, 73.109772, 660.048675, 37.251555, 0.059130, 2846, 2740.0
766, 68.084673, 662.892055, 41.533867, 0.171071, 2841, 2614.0
767, 69.139128, 662.794082, 41.192084, 0.113324, 2840, 2219.0
768, 70.930867, 661.308635, 40.075542, 0.056747, 2836, 2517.0
769, 75.912398, 660.279473, 36.461711, 0.071929, 2842, 2212.0
770, 72.133525, 661.123788, 37.061469, 0.052591, 2843, 2654.0
771, 73.046505, 661.057974, 35.928464, 0.041732, 2832, 2152.0
772, 71.159418, 660.410761, 41.680210, 0.067191, 2844, 2207.0
773, 71.279695, 664.144984, 36.222996, 0.117283, 2844, 2231.0
774, 72.837421, 660.841354, 40.785595, 0.043946, 2836, 2145.0
775, 67.950557, 661.005471, 41.099035, 0.071706, 2841, 2233.0
776, 70.434922, 660.783147, 43.683339, 0.085912, 2839, 2202.0
777, 70.613979, 660.484772, 41.046762, 0.085594, 2839, 2232.0
778, 69.043602, 661.913120, 40.007742, 0.023692, 2839, 2178.0
779, 71.792556, 660.358673, 41.047525, 0.064638, 2838, 2158.0
780, 70.927521, 662.279938, 40.678217, 0.040355, 2841, 2220.0
781, 75.977265, 659.517366, 32.345092, 0.068824, 2822, 2234.0
782, 73.225143, 661.036467, 36.289869, 0.037995, 2835, 2129.0
783, 71.390689, 661.586145, 41.476028, 0.094688, 2847, 2216.0
784, 69.795211, 662.072879, 39.841848, 0.092428, 2844, 2236.0
785, 70.546551, 662.672265, 38.118839, 0.068926, 2842, 2173.0
786, 70.008284, 660.275943, 40.836274, 0.066529, 2844, 2228.0
787, 70.073121, 661.389215, 42.999622, 0.041086, 2846, 2483.0
788, 67.673765, 662.358727, 42.630245, 0.135407, 2850, 2163.0
789, 69.954667, 660.422523, 42.710225, 0.061478, 2846, 2145.0
790, 71.605377, 661.897983, 34.139358, 0.030242, 2842, 2170.0
791, 66.096420, 662.442600, 43.508185, 0.058757, 2846, 2155.0
792, 71.334284, 662.836236, 37.217409, 0.058006, 2846, 2261.0
793, 73.544986, 660.690910, 35.345392, 0.025411, 2838, 2201.0
794, 67.936876, 660.299831, 45.404673, 0.096184, 2846, 2352.0
795, 70.000622, 659.594226, 46.542567, 0.064682, 2848, 2351.0
796, 71.843465, 661.276250, 39.706451, 0.078950, 2835, 2136.0
797, 64.990162, 663.371711, 40.008107, 0.194431, 2845, 2303.0
798, 71.676937, 660.808286, 42.964902, 0.037338, 2838, 2364.0
799, 70.733500, 660.357339, 42.636788, 0.119538, 2835, 2260.0
800, 73.236507, 659.760789, 41.905531, 0.069054, 2829, 2232.0
801, 69.452330, 663.601035, 39.893216, 0.044640, 2834, 2162.0
802, 71.543259, 659.880587, 39.157037, 0.057635, 2829, 2143.0
803, 67.469533, 658.372059, 49.398048, 0.159201, 2841, 2143.0
804, 68.372217, 662.636588, 41.977239, 0.122952, 2846, 2370.0
805, 70.986428, 659.777545, 44.073663, 0.087625, 2846, 2150.0
806, 73.605024, 659.321866, 35.316448, 0.044327, 2835, 2386.0
807, 69.341933, 659.215213, 46.602993, 0.091430, 2845, 2180.0
808, 71.942676, 661.567163, 38.000994, 0.033629, 2833, 2146.0
809, 69.757904, 661.336252, 41.688194, 0.114467, 2845, 2362.0
810, 66.201102, 658.792093, 44.422611, 0.261996, 2851, 2149.0
811, 69.861491, 661.721761, 41.217804, 0.042529, 2852, 2215.0
812, 71.701496, 662.530632, 33.384308, 0.049422, 2848, 2501.0
813, 68.483115, 663.408894, 42.045039, 0.089229, 2842, 2227.0
814, 66.354292, 660.698748, 44.332074, 0.117921, 2843, 2263.0
815, 72.443939, 658.585239, 41.680629, 0.060145, 2831, 2131.0
816, 66.654853, 661.293197, 44.903019, 0.124114, 2858, 2168.0
817, 70.173746, 662.533094, 41.736538, 0.056045, 2838, 2411.0
818, 70.846146, 661.384654, 40.076372, 0.031380, 2835, 2161.0
819, 71.084805, 660.627546, 36.459252, 0.065965, 2835, 2180.0
820, 65.749154, 662.729389, 43.072854, 0.119831, 2845, 2370.0
821, 67.975003, 661.961510, 43.109122, 0.110341, 2841, 2299.0
822, 71.394108, 662.470475, 39.483079, 0.049039, 2842, 2288.0
823, 70.771921, 661.646459, 38.115297, 0.059499, 2849, 2440.0
824, 68.237702, 663.535972, 40.432555, 0.065420, 2843, 2303.0
825, 70.136997, 660.926737, 36.005988, 0.048174, 2841, 2289.0
826, 75.569053, 659.264150, 35.355170, 0.045342, 2830, 2243.0
827, 69.889425, 662.673552, 39.355357, 0.054590, 2844, 2549.0
828, 64.525227, 660.808848, 43.787206, 0.148739, 2837, 2711.0
829, 67.870066, 661.258085, 41.842267, 0.075312, 2848, 2157.0
830, 71.352229, 661.852021, 38.198045, 0.040656, 2840, 2169.0
831, 69.941952, 662.981101, 39.377947, 0.055459, 2844, 2141.0
832, 70.817921, 659.973562, 39.786704, 0.048564, 2836, 2138.0
833, 65.674923, 658.363385, 49.478176, 0.411337, 2850, 2173.0
834, 67.242350, 659.877117, 46.840285, 0.224947, 2848, 2207.0
835, 68.379575, 663.222887, 37.201865, 0.118168, 2845, 2150.0
836, 71.332269, 659.272354, 44.076878, 0.098815, 2828, 2159.0
837, 68.352385, 661.101576, 43.899408, 0.124119, 2843, 2171.0
838, 66.697966, 659.366935, 44.119773, 0.158152, 2845, 2197.0
839, 69.629206, 661.895787, 39.862398, 0.082717, 2841, 2179.0
840, 68.939607, 660.419171, 40.129932, 0.062665, 2844, 2151.0
841, 69.978880, 661.665771, 40.302605, 0.097516, 2844, 2232.0
842, 69.178595, 661.329458, 42.467249, 0.066318, 2839, 2170.0
843, 66.776062, 664.168116, 41.019177, 0.102776, 2841, 2144.0
844, 69.826532, 662.985182, 36.217694, 0.040696, 2837, 2209.0
845, 73.813121, 659.244449, 35.085609, 0.043011, 2824, 2221.0
846, 64.539811, 662.362067, 43.302853, 0.147924, 2855, 2153.0
847, 74.676436, 659.772846, 34.968068, 0.014335, 2839, 2116.0
848, 66.034239, 658.792206, 48.231811, 0.204314, 2842, 2423.0
849, 68.471640, 662.785140, 38.772044, 0.062773, 2848, 2153.0
850, 69.192200, 659.597364, 45.357753, 0.036499, 2844, 2174.0
851, 68.103191, 658.744567, 47.641533, 0.129081, 2842, 2212.0
852, 69.657978, 661.594836, 36.827681, 0.055996, 2840, 2140.0
853, 70.123730, 663.916880, 36.309097, 0.044799, 2845, 2169.0
854, 64.243993, 655.116579, 49.959820, 0.523626, 2844, 2149.0
855, 72.075078, 661.545181, 35.334196, 0.053602, 2836, 2222.0
856, 65.893033, 660.746355, 45.063654, 0.105936, 2847, 2178.0
857, 67.775131, 657.570451, 47.771981, 0.131311, 2845, 2152.0
858, 68.597940, 662.407095, 42.384858, 0.111523, 2837, 2227.0
859, 73.979434, 660.758571, 35.187823, 0.065465, 2841, 2146.0
860, 70.083801, 660.659770, 39.860630, 0.063673, 2848, 2148.0
861, 71.050437, 662.494099, 37.960189, 0.060430, 2845, 2166.0
862, 70.426041, 662.276167, 40.187399, 0.080176, 2849, 2216.0
863, 67.334413, 662.459125, 42.729673, 0.058613, 2841, 2135.0
864, 68.278683, 663.371493, 41.021198, 0.105810, 2845, 2136.0
865, 68.290309, 662.056343, 41.827147, 0.183689, 2845, 2208.0
866, 71.463583, 659.683049, 44.482512, 0.047797, 2838, 2148.0
867, 72.185195, 660.465779, 37.946776, 0.034790, 2835, 2179.0
868, 71.190095, 661.886479, 41.780852, 0.074358, 2845, 2203.0
869, 73.723599, 661.562002, 34.843965, 0.046727, 2839, 2297.0
870, 71.458251, 661.831749, 38.729515, 0.071348, 2836, 2141.0
871, 68.356131, 662.028874, 44.488668, 0.047980, 2838, 2162.0
872, 70.598266, 662.123295, 40.225249, 0.044097, 2847, 2224.0
873, 71.461999, 661.224321, 39.896248, 0.083580, 2836, 2203.0
874, 70.228032, 661.792627, 37.534585, 0.046594, 2843, 2137.0
875, 67.999606, 659.831412, 46.956720, 0.134648, 2840, 2149.0
876, 71.873137, 659.478820, 42.293280, 0.048448, 2831, 2264.0
877, 71.440096, 662.115412, 35.856533, 0.050562, 2843, 2348.0
878, 68.277491, 662.877302, 40.292545, 0.189491, 2857, 2149.0
879, 67.388277, 664.995900, 37.246392, 0.117431, 2846, 2402.0
880, 68.591035, 662.015887, 40.214037, 0.045274, 2849, 2289.0
881, 68.795161, 662.412792, 40.910607, 0.100460, 2837, 2156.0
882, 67.843368, 662.938494, 40.821359, 0.080750, 2846, 2195.0
883, 72.430538, 659.721970, 41.825988, 0.074332, 2826, 2189.0
884, 69.318079, 661.313298, 41.223652, 0.141830, 2835, 2307.0
885, 71.202262, 660.550034, 40.857325, 0.034238, 2838, 2239.0
886, 69.263430, 662.112607, 40.384763, 0.078651, 2848, 2350.0
887, 68.147551, 660.182560, 46.822386, 0.154493, 2854, 2179.0
888, 71.780217, 660.835221, 40.996430, 0.081869, 2833, 2133.0
889, 68.125296, 662.921285, 41.863110, 0.100622, 2837, 2205.0
890, 69.943660, 662.277579, 39.104595, 0.038959, 2840, 2257.0
891, 72.447312, 660.538217, 40.719091, 0.086054, 2836, 2174.0
892, 67.778366, 660.438073, 45.660019, 0.135256, 2847, 2151.0
893, 72.521359, 659.468617, 40.532938, 0.028090, 2827, 2260.0
894, 67.001767, 662.427503, 43.457783, 0.199164, 2842, 2154.0
895, 73.252393, 660.628602, 34.487264, 0.039521, 2834, 2125.0
896, 66.771680, 661.446540, 41.331938, 0.203010, 2849, 2450.0
897, 72.734196, 661.927043, 33.233577, 0.055660, 2844, 2185.0
898, 71.279771, 660.117098, 36.944492, 0.034707, 2835, 2149.0
899, 75.905540, 659.963556, 31.951366, 0.070893, 2843, 2136.0
900, 73.140696, 659.168008, 35.809213, 0.065753, 2834, 2218.0
901, 70.853910, 660.161340, 42.579540, 0.061176, 2839, 2142.0
902, 68.820621, 660.116821, 42.556389, 0.171884, 2829, 2133.0
903, 71.286172, 659.376630, 44.105518, 0.053762, 2838, 2213.0
904, 69.330417, 661.499972, 38.719881, 0.042047, 2845, 2153.0
905, 68.933758, 659.619060, 42.288799, 0.067869, 2842, 2141.0
906, 68.214278, 659.255394, 48.507269, 0.180264, 2843, 2164.0
907, 68.679570, 661.880163, 39.581335, 0.107471, 2846, 2326.0
908, 71.783365, 660.157108, 36.467399, 0.040525, 2836, 2200.0
909, 70.138672, 659.524759, 42.651583, 0.043920, 2844, 2179.0
910, 66.249570, 659.480379, 46.312665, 0.188481, 2849, 2359.0
911, 67.562904, 660.693544, 46.478090, 0.123274, 2844, 2160.0
912, 72.077498, 659.832975, 44.179833, 0.129570, 2832, 2133.0
913, 67.229550, 665.161384, 38.493205, 0.119225, 2841, 2129.0
914, 70.651255, 662.226826, 35.331189, 0.025759, 2845, 2182.0
915, 67.035902, 661.379841, 41.566384, 0.225733, 2838, 2180.0
916, 65.992255, 660.902415, 43.981461, 0.175112, 2846, 2146.0
917, 74.786448, 659.953833, 35.391278, 0.036641, 2838, 2293.0
918, 67.069854, 663.747452, 38.300008, 0.119698, 2840, 2143.0
919, 67.526698, 660.401603, 44.629290, 0.136783, 2840, 2142.0
920, 68.023266, 661.604419, 45.128300, 0.099999, 2840, 2186.0
921, 68.398624, 662.228468, 37.948787, 0.069726, 2837, 2177.0
922, 72.926522, 660.382162, 34.121729, 0.035262, 2848, 2141.0
923, 70.742685, 661.457113, 41.337924, 0.140608, 2836, 2143.0
924, 69.186731, 663.337472, 43.859101, 0.048626, 2841, 2284.0
925, 70.367696, 661.615768, 38.181187, 0.066042, 2850, 2282.0
926, 69.439298, 661.162101, 40.879412, 0.065944, 2845, 2188.0
927, 69.840722, 663.734165, 38.982254, 0.049048, 2854, 2590.0
928, 70.181606, 662.277342, 40.710750, 0.087160, 2838, 2163.0
929, 68.941480, 662.275338, 39.757318, 0.096549, 2838, 2146.0
930, 71.743775, 659.851484, 39.719720, 0.042685, 2838, 2133.0
931, 68.388784, 661.972346, 43.373839, 0.082249, 2846, 2303.0
932, 73.378145, 660.023967, 37.252280, 0.024457, 2843, 2190.0
933, 69.460661, 660.898004, 42.528238, 0.049648, 2843, 2146.0
934, 73.258460, 660.516319, 35.778662, 0.017572, 2837, 2217.0
935, 73.087636, 659.147811, 43.882502, 0.061546, 2820, 2135.0
936, 72.639844, 661.460277, 32.915799, 0.055608, 2842, 2141.0
937, 76.415522, 659.537630, 29.892213, 0.109594, 2835, 2135.0
938, 75.274339, 659.512023, 39.027886, 0.071454, 2822, 2254.0
939, 71.008274, 662.417600, 37.919767, 0.022855, 2837, 2143.0
940, 73.239609, 660.866735, 35.036150, 0.024554, 2828, 2127.0
941, 72.569910, 659.620057, 39.757821, 0.080194, 2832, 2416.0
942, 70.355982, 661.198824, 42.399655, 0.110397, 2840, 2146.0
943, 69.543005, 662.983195, 33.969466, 0.035640, 2854, 2145.0
944, 70.012387, 661.368780, 38.948055, 0.072340, 2842, 2197.0
945, 71.995939, 661.091959, 38.120066, 0.033705, 2849, 2230.0
946, 68.223237, 662.605560, 41.849905, 0.095831, 2844, 2159.0
947, 70.581253, 664.027635, 35.376886, 0.108520, 2852, 2141.0
948, 73.190856, 659.483696, 38.021211, 0.060685, 2823, 2201.0
949, 68.124177, 662.231438, 40.008344, 0.105236, 2841, 2145.0
950, 70.000212, 661.062956, 42.097967, 0.120334, 2835, 2136.0
951, 69.786933, 661.891363, 40.159523, 0.040797, 2845, 2394.0
952, 70.725165, 662.517808, 40.022207, 0.044658, 2842, 2155.0
953, 69.022717, 659.044499, 41.939372, 0.084848, 2841, 2143.0
954, 69.324769, 662.249640, 42.493633, 0.097137, 2846, 2159.0
955, 70.279366, 662.565912, 36.787614, 0.066330, 2845, 2209.0
956, 69.470943, 662.718049, 41.757540, 0.091585, 2843, 2161.0
957, 71.515116, 657.472057, 46.950944, 0.064566, 2830, 2124.0
958, 74.268667, 659.611374, 36.009813, 0.031297, 2839, 2203.0
959, 69.773054, 662.024667, 41.152043, 0.074069, 2850, 2156.0
960, 67.661409, 661.208378, 42.743117, 0.092589, 2845, 2145.0
961, 67.927146, 660.985520, 42.642580, 0.107282, 2840, 2170.0
962, 74.464305, 658.025547, 37.180624, 0.076990, 2833, 2263.0
963, 69.402811, 660.769244, 45.606019, 0.050986, 2849, 2146.0
964, 70.547250, 661.974307, 40.297322, 0.081794, 2840, 2144.0
965, 73.316631, 659.211763, 37.890491, 0.037719, 2836, 2214.0
966, 70.615654, 662.854096, 39.411962, 0.048618, 2849, 2149.0
967, 67.706685, 659.811296, 45.430474, 0.216418, 2842, 2205.0
968, 69.759286, 662.024718, 39.422065, 0.078723, 2842, 2243.0
969, 74.762991, 659.544902, 35.765839, 0.024512, 2834, 2207.0
970, 74.004293, 658.527457, 36.097707, 0.057933, 2836, 2135.0
971, 71.562976, 660.837783, 42.497092, 0.074048, 2834, 2379.0
972, 70.899264, 660.898191, 36.226579, 0.034246, 2835, 2343.0
973, 70.719939, 662.846012, 35.454188, 0.052513, 2842, 2137.0
974, 71.005187, 661.501955, 40.192863, 0.096817, 2835, 2159.0
975, 68.647792, 660.647686, 43.386145, 0.155036, 2845, 2182.0
976, 69.993187, 660.404858, 41.834053, 0.060627, 2844, 2218.0
977, 71.987251, 661.254537, 43.273102, 0.104186, 2839, 2196.0
978, 70.016171, 661.142109, 41.312601, 0.047808, 2838, 2149.0
979, 71.176770, 660.450059, 40.768480, 0.076280, 2842, 2389.0
980, 67.089480, 661.293031, 44.404527, 0.131054, 2845, 2159.0
981, 70.446200, 661.154164, 40.541100, 0.097538, 2845, 2203.0
982, 68.667000, 662.733149, 43.413613, 0.121020, 2841, 2153.0
983, 69.916743, 661.833713, 40.383020, 0.054325, 2842, 2148.0
984, 68.483934, 658.306030, 46.917569, 0.126660, 2848, 2149.0
985, 67.936687, 660.473169, 44.819259, 0.084898, 2850, 2222.0
986, 69.182682, 662.371700, 39.893784, 0.053425, 2842, 2318.0
987, 68.402049, 660.246626, 47.038425, 0.164591, 2844, 2144.0
988, 68.810473, 661.492033, 40.707877, 0.066925, 2848, 2147.0
989, 69.875320, 663.576220, 38.269731, 0.078180, 2834, 2162.0
990, 67.503135, 659.960116, 45.663293, 0.128740, 2845, 2154.0
991, 69.385325, 660.731752, 46.473913, 0.085626, 2852, 2242.0
992, 73.017266, 660.492139, 37.844652, 0.057887, 2841, 2254.0
993, 71.337550, 662.891860, 37.939287, 0.093934, 2837, 2274.0
994, 71.290671, 660.812134, 41.195052, 0.117132, 2836, 2133.0
995, 70.630995, 660.449931, 39.521364, 0.049113, 2843, 2174.0
996, 74.133248, 662.012165, 33.458013, 0.065666, 2847, 2144.0
997, 72.859880, 661.639991, 38.014385, 0.071261, 2832, 2224.0
998, 67.307510, 663.725752, 39.840273, 0.097725, 2845, 2292.0
999, 67.136347, 661.627142, 43.813344, 0.049943, 2847, 2151.0
