#idx, x0, x1, x2, y, f_neval, total_time (us), 
0, 67.222222, 670.000000, 30.000000, 0.200264, 401, 313.0
1, 73.888889, 662.143258, 30.000000, 0.222382, 399, 311.0
2, 82.777778, 662.143258, 30.000000, 0.176211, 394, 306.0
3, 71.666667, 670.000000, 30.000000, 0.311752, 404, 315.0
4, 71.666667, 670.000000, 30.000000, 0.296268, 402, 313.0
5, 84.259259, 657.952996, 30.000000, 0.143215, 396, 308.0
6, 71.666667, 670.000000, 30.000000, 0.280824, 400, 312.0
7, 73.888889, 662.143258, 30.000000, 0.193316, 396, 317.0
8, 71.666667, 670.000000, 30.000000, 0.316114, 402, 314.0
9, 71.666667, 670.000000, 30.000000, 0.304420, 403, 315.0
10, 73.888889, 662.143258, 30.000000, 0.135129, 395, 309.0
11, 84.259259, 657.952996, 30.000000, 0.138670, 391, 303.0
12, 84.259259, 657.952996, 30.000000, 0.209019, 390, 303.0
13, 84.259259, 657.952996, 30.000000, 0.136620, 393, 306.0
14, 73.888889, 662.143258, 30.000000, 0.095651, 395, 306.0
15, 71.666667, 670.000000, 30.000000, 0.325558, 399, 311.0
16, 84.259259, 657.952996, 30.000000, 0.181391, 393, 305.0
17, 84.259259, 657.952996, 30.000000, 0.141060, 393, 306.0
18, 73.888889, 662.143258, 30.000000, 0.070359, 398, 311.0
19, 84.259259, 657.952996, 30.000000, 0.180451, 395, 308.0
20, 84.259259, 657.952996, 30.000000, 0.193944, 390, 303.0
21, 84.259259, 657.952996, 30.000000, 0.205504, 394, 319.0
22, 67.222222, 670.000000, 30.000000, 0.319685, 403, 314.0
23, 71.666667, 670.000000, 30.000000, 0.343511, 398, 320.0
24, 71.666667, 670.000000, 30.000000, 0.302275, 398, 376.0
25, 73.888889, 662.143258, 30.000000, 0.115010, 393, 305.0
26, 71.666667, 670.000000, 30.000000, 0.397730, 402, 320.0
27, 71.666667, 670.000000, 30.000000, 0.346280, 404, 314.0
28, 67.222222, 670.000000, 30.000000, 0.389056, 399, 310.0
29, 73.888889, 662.143258, 30.000000, 0.146861, 400, 311.0
30, 71.666667, 670.000000, 30.000000, 0.354293, 398, 309.0
31, 71.666667, 670.000000, 30.000000, 0.314089, 405, 315.0
32, 84.259259, 657.952996, 30.000000, 0.127896, 400, 311.0
33, 84.259259, 657.952996, 30.000000, 0.206173, 390, 302.0
34, 73.888889, 662.143258, 30.000000, 0.159368, 400, 310.0
35, 71.666667, 670.000000, 30.000000, 0.218370, 399, 310.0
36, 71.666667, 670.000000, 30.000000, 0.412683, 406, 316.0
37, 74.629630, 661.619475, 130.000000, 0.377209, 395, 307.0
38, 71.666667, 670.000000, 30.000000, 0.441673, 399, 309.0
39, 84.259259, 657.952996, 30.000000, 0.274146, 394, 304.0
40, 67.222222, 670.000000, 30.000000, 0.294873, 404, 313.0
41, 71.666667, 670.000000, 30.000000, 0.253574, 403, 312.0
42, 67.222222, 670.000000, 30.000000, 0.223547, 404, 312.0
43, 73.888889, 662.143258, 30.000000, 0.153920, 399, 309.0
44, 71.666667, 670.000000, 30.000000, 0.284905, 398, 308.0
45, 67.222222, 670.000000, 30.000000, 0.289930, 400, 309.0
46, 71.666667, 670.000000, 30.000000, 0.392675, 400, 311.0
47, 84.259259, 657.952996, 30.000000, 0.158444, 390, 302.0
48, 71.666667, 670.000000, 30.000000, 0.298536, 398, 309.0
49, 84.259259, 657.952996, 30.000000, 0.114583, 397, 309.0
50, 67.222222, 670.000000, 30.000000, 0.368706, 403, 315.0
51, 71.666667, 670.000000, 30.000000, 0.467268, 401, 310.0
52, 67.222222, 670.000000, 30.000000, 0.231232, 403, 314.0
53, 71.666667, 670.000000, 30.000000, 0.322539, 394, 306.0
54, 84.259259, 657.952996, 30.000000, 0.182003, 390, 303.0
55, 71.666667, 670.000000, 30.000000, 0.374921, 400, 311.0
56, 71.666667, 670.000000, 30.000000, 0.243905, 402, 314.0
57, 67.222222, 670.000000, 30.000000, 0.486610, 411, 321.0
58, 71.666667, 670.000000, 30.000000, 0.355171, 399, 311.0
59, 67.222222, 670.000000, 30.000000, 0.322534, 399, 311.0
60, 71.666667, 670.000000, 30.000000, 0.349044, 395, 325.0
61, 84.259259, 657.952996, 30.000000, 0.188699, 397, 309.0
62, 67.222222, 670.000000, 30.000000, 0.240539, 404, 315.0
63, 84.259259, 657.952996, 30.000000, 0.160023, 392, 318.0
64, 73.888889, 662.143258, 30.000000, 0.265497, 395, 307.0
65, 67.222222, 670.000000, 30.000000, 0.357949, 400, 312.0
66, 67.222222, 670.000000, 30.000000, 0.394339, 402, 313.0
67, 71.666667, 670.000000, 30.000000, 0.349159, 397, 309.0
68, 71.666667, 670.000000, 30.000000, 0.336257, 404, 314.0
69, 67.222222, 670.000000, 30.000000, 0.273872, 403, 314.0
70, 67.222222, 670.000000, 30.000000, 0.390551, 403, 335.0
71, 73.888889, 662.143258, 30.000000, 0.131965, 394, 307.0
72, 71.666667, 670.000000, 30.000000, 0.216493, 405, 315.0
73, 71.666667, 670.000000, 30.000000, 0.336310, 402, 314.0
74, 67.222222, 670.000000, 30.000000, 0.234063, 406, 317.0
75, 67.222222, 670.000000, 30.000000, 0.310242, 395, 307.0
76, 67.222222, 670.000000, 30.000000, 0.198904, 398, 310.0
77, 67.222222, 670.000000, 30.000000, 0.268933, 407, 326.0
78, 84.259259, 657.952996, 30.000000, 0.175691, 392, 304.0
79, 71.666667, 670.000000, 30.000000, 0.417741, 399, 311.0
80, 67.222222, 670.000000, 30.000000, 0.276801, 404, 314.0
81, 67.222222, 670.000000, 30.000000, 0.290716, 399, 321.0
82, 67.222222, 670.000000, 30.000000, 0.288982, 403, 314.0
83, 67.222222, 670.000000, 30.000000, 0.265451, 405, 316.0
84, 71.666667, 670.000000, 30.000000, 0.386327, 402, 313.0
85, 71.666667, 670.000000, 30.000000, 0.308406, 405, 316.0
86, 84.259259, 657.952996, 30.000000, 0.183806, 391, 304.0
87, 67.222222, 670.000000, 30.000000, 0.257455, 402, 317.0
88, 67.222222, 670.000000, 30.000000, 0.268151, 404, 315.0
89, 67.222222, 670.000000, 30.000000, 0.330156, 397, 309.0
90, 71.666667, 670.000000, 30.000000, 0.365489, 403, 316.0
91, 67.222222, 670.000000, 30.000000, 0.327701, 398, 310.0
92, 82.777778, 662.143258, 30.000000, 0.211335, 398, 315.0
93, 67.222222, 670.000000, 30.000000, 0.361578, 398, 309.0
94, 72.407407, 657.952996, 30.000000, 0.158942, 397, 310.0
95, 84.259259, 657.952996, 30.000000, 0.184218, 397, 309.0
96, 71.666667, 670.000000, 30.000000, 0.351573, 396, 308.0
97, 71.666667, 670.000000, 30.000000, 0.312171, 398, 310.0
98, 71.666667, 670.000000, 30.000000, 0.334923, 394, 306.0
99, 67.222222, 670.000000, 30.000000, 0.257454, 398, 310.0
100, 71.666667, 670.000000, 30.000000, 0.340312, 402, 314.0
101, 71.666667, 670.000000, 30.000000, 0.326453, 403, 315.0
102, 71.666667, 670.000000, 30.000000, 0.289797, 404, 315.0
103, 67.222222, 670.000000, 30.000000, 0.303510, 403, 322.0
104, 67.222222, 670.000000, 30.000000, 0.342512, 401, 363.0
105, 67.222222, 670.000000, 30.000000, 0.267185, 402, 313.0
106, 71.666667, 670.000000, 30.000000, 0.375783, 406, 316.0
107, 84.259259, 657.952996, 30.000000, 0.296404, 394, 306.0
108, 67.222222, 670.000000, 30.000000, 0.288667, 405, 315.0
109, 67.222222, 670.000000, 30.000000, 0.332085, 408, 318.0
110, 71.666667, 670.000000, 30.000000, 0.339768, 399, 310.0
111, 67.222222, 670.000000, 30.000000, 0.276401, 400, 311.0
112, 84.259259, 657.952996, 30.000000, 0.148319, 395, 308.0
113, 71.666667, 670.000000, 30.000000, 0.303984, 399, 311.0
114, 71.666667, 670.000000, 30.000000, 0.329048, 400, 315.0
115, 67.222222, 670.000000, 30.000000, 0.268100, 394, 325.0
116, 74.629630, 661.619475, 130.000000, 0.374141, 397, 309.0
117, 73.888889, 662.143258, 30.000000, 0.131190, 397, 311.0
118, 67.222222, 670.000000, 30.000000, 0.232633, 400, 313.0
119, 72.407407, 657.952996, 30.000000, 0.079920, 396, 308.0
120, 67.222222, 670.000000, 30.000000, 0.248165, 401, 313.0
121, 67.222222, 670.000000, 30.000000, 0.305211, 405, 316.0
122, 84.259259, 657.952996, 30.000000, 0.160306, 397, 309.0
123, 71.666667, 670.000000, 30.000000, 0.254176, 402, 313.0
124, 72.407407, 657.952996, 30.000000, 0.072626, 396, 308.0
125, 71.666667, 670.000000, 30.000000, 0.406712, 398, 314.0
126, 67.222222, 670.000000, 30.000000, 0.376401, 406, 316.0
127, 67.222222, 670.000000, 30.000000, 0.270284, 399, 311.0
128, 67.222222, 670.000000, 30.000000, 0.419615, 403, 314.0
129, 71.666667, 670.000000, 30.000000, 0.347230, 401, 312.0
130, 71.666667, 670.000000, 30.000000, 0.199693, 404, 324.0
131, 67.222222, 670.000000, 30.000000, 0.235153, 407, 368.0
132, 72.407407, 657.952996, 30.000000, 0.099443, 394, 306.0
133, 71.666667, 670.000000, 30.000000, 0.391546, 402, 313.0
134, 71.666667, 670.000000, 30.000000, 0.235977, 402, 312.0
135, 67.222222, 670.000000, 30.000000, 0.242550, 398, 310.0
136, 71.666667, 670.000000, 30.000000, 0.437459, 405, 320.0
137, 71.666667, 670.000000, 30.000000, 0.425831, 402, 313.0
138, 67.222222, 670.000000, 30.000000, 0.389140, 405, 315.0
139, 71.666667, 670.000000, 30.000000, 0.327354, 399, 312.0
140, 67.222222, 670.000000, 30.000000, 0.307788, 404, 315.0
141, 67.222222, 670.000000, 30.000000, 0.285411, 403, 314.0
142, 84.259259, 657.952996, 30.000000, 0.204162, 395, 308.0
143, 84.259259, 657.952996, 30.000000, 0.151757, 393, 313.0
144, 71.666667, 670.000000, 30.000000, 0.303782, 397, 319.0
145, 73.888889, 662.143258, 30.000000, 0.183460, 401, 313.0
146, 67.222222, 670.000000, 30.000000, 0.281148, 397, 310.0
147, 84.259259, 657.952996, 30.000000, 0.099110, 396, 309.0
148, 67.222222, 670.000000, 30.000000, 0.314182, 395, 308.0
149, 71.666667, 670.000000, 30.000000, 0.296749, 399, 312.0
150, 67.222222, 670.000000, 30.000000, 0.264431, 403, 313.0
151, 71.666667, 670.000000, 30.000000, 0.305203, 400, 312.0
152, 71.666667, 670.000000, 30.000000, 0.400362, 397, 309.0
153, 71.666667, 670.000000, 30.000000, 0.428885, 402, 313.0
154, 71.666667, 670.000000, 30.000000, 0.398963, 406, 317.0
155, 71.666667, 670.000000, 30.000000, 0.299743, 400, 313.0
156, 71.666667, 670.000000, 30.000000, 0.311638, 405, 323.0
157, 67.222222, 670.000000, 30.000000, 0.273583, 395, 308.0
158, 73.888889, 662.143258, 30.000000, 0.070372, 397, 319.0
159, 71.666667, 670.000000, 30.000000, 0.332372, 400, 312.0
160, 71.666667, 670.000000, 30.000000, 0.368519, 397, 309.0
161, 71.666667, 670.000000, 30.000000, 0.331873, 404, 314.0
162, 71.666667, 670.000000, 30.000000, 0.304123, 402, 314.0
163, 71.666667, 670.000000, 30.000000, 0.320171, 408, 318.0
164, 71.666667, 670.000000, 30.000000, 0.339445, 394, 307.0
165, 71.666667, 670.000000, 30.000000, 0.313122, 399, 310.0
166, 71.666667, 670.000000, 30.000000, 0.355686, 400, 311.0
167, 67.222222, 670.000000, 30.000000, 0.376336, 404, 316.0
168, 84.259259, 657.952996, 30.000000, 0.195424, 397, 310.0
169, 84.259259, 657.952996, 30.000000, 0.177430, 394, 312.0
170, 71.666667, 670.000000, 30.000000, 0.324381, 399, 326.0
171, 71.666667, 670.000000, 30.000000, 0.348610, 402, 312.0
172, 71.666667, 670.000000, 30.000000, 0.299052, 396, 309.0
173, 73.888889, 662.143258, 30.000000, 0.100210, 395, 308.0
174, 71.666667, 670.000000, 30.000000, 0.299471, 404, 315.0
175, 67.222222, 670.000000, 30.000000, 0.194115, 398, 309.0
176, 67.222222, 670.000000, 30.000000, 0.398059, 407, 317.0
177, 71.666667, 670.000000, 30.000000, 0.253999, 398, 310.0
178, 71.666667, 670.000000, 30.000000, 0.422721, 403, 314.0
179, 71.666667, 670.000000, 30.000000, 0.308727, 397, 309.0
180, 84.259259, 657.952996, 30.000000, 0.189005, 391, 306.0
181, 74.629630, 661.619475, 130.000000, 0.370578, 396, 308.0
182, 71.666667, 670.000000, 30.000000, 0.357917, 402, 313.0
183, 67.222222, 670.000000, 30.000000, 0.227677, 400, 320.0
184, 71.666667, 670.000000, 30.000000, 0.314864, 399, 311.0
185, 67.222222, 670.000000, 30.000000, 0.218953, 401, 312.0
186, 74.629630, 661.619475, 130.000000, 0.418271, 396, 307.0
187, 67.222222, 670.000000, 30.000000, 0.312949, 410, 319.0
188, 67.222222, 670.000000, 30.000000, 0.239540, 402, 314.0
189, 67.222222, 670.000000, 30.000000, 0.234837, 402, 313.0
190, 71.666667, 670.000000, 30.000000, 0.336793, 402, 313.0
191, 71.666667, 670.000000, 30.000000, 0.349876, 397, 320.0
192, 67.222222, 670.000000, 30.000000, 0.319345, 393, 305.0
193, 67.222222, 670.000000, 30.000000, 0.232548, 404, 315.0
194, 84.259259, 657.952996, 30.000000, 0.201814, 397, 309.0
195, 73.888889, 662.143258, 30.000000, 0.141471, 397, 309.0
196, 71.666667, 670.000000, 30.000000, 0.303504, 402, 313.0
197, 67.222222, 670.000000, 30.000000, 0.270663, 401, 314.0
198, 84.259259, 657.952996, 30.000000, 0.225517, 396, 308.0
199, 67.222222, 670.000000, 30.000000, 0.271072, 401, 312.0
200, 71.666667, 670.000000, 30.000000, 0.431235, 393, 305.0
201, 67.222222, 670.000000, 30.000000, 0.265257, 402, 313.0
202, 67.222222, 670.000000, 30.000000, 0.181345, 402, 313.0
203, 84.259259, 657.952996, 30.000000, 0.168412, 398, 310.0
204, 71.666667, 670.000000, 30.000000, 0.266072, 396, 309.0
205, 73.888889, 662.143258, 30.000000, 0.170879, 390, 304.0
206, 67.222222, 670.000000, 30.000000, 0.250913, 403, 314.0
207, 67.222222, 670.000000, 30.000000, 0.249093, 401, 312.0
208, 71.666667, 670.000000, 30.000000, 0.311508, 402, 313.0
209, 71.666667, 670.000000, 30.000000, 0.328828, 394, 307.0
210, 71.666667, 670.000000, 30.000000, 0.237076, 396, 317.0
211, 67.222222, 670.000000, 30.000000, 0.206437, 397, 311.0
212, 71.666667, 670.000000, 30.000000, 0.273022, 397, 309.0
213, 71.666667, 670.000000, 30.000000, 0.183857, 402, 322.0
214, 74.629630, 661.619475, 130.000000, 0.394857, 393, 306.0
215, 73.888889, 662.143258, 30.000000, 0.178359, 399, 311.0
216, 71.666667, 670.000000, 30.000000, 0.340831, 400, 312.0
217, 71.666667, 670.000000, 30.000000, 0.226016, 400, 312.0
218, 84.259259, 657.952996, 30.000000, 0.194586, 393, 306.0
219, 84.259259, 657.952996, 30.000000, 0.180413, 393, 307.0
220, 71.666667, 670.000000, 30.000000, 0.222641, 399, 310.0
221, 84.259259, 657.952996, 30.000000, 0.241779, 390, 304.0
222, 84.259259, 657.952996, 30.000000, 0.317652, 393, 306.0
223, 71.666667, 670.000000, 30.000000, 0.343681, 401, 312.0
224, 67.222222, 670.000000, 30.000000, 0.199654, 404, 316.0
225, 67.222222, 670.000000, 30.000000, 0.304671, 403, 333.0
226, 84.259259, 657.952996, 30.000000, 0.214664, 396, 307.0
227, 67.222222, 670.000000, 30.000000, 0.331702, 402, 313.0
228, 71.666667, 670.000000, 30.000000, 0.391127, 398, 310.0
229, 71.666667, 670.000000, 30.000000, 0.248022, 403, 314.0
230, 71.666667, 670.000000, 30.000000, 0.317703, 401, 312.0
231, 82.777778, 662.143258, 30.000000, 0.180803, 394, 308.0
232, 71.666667, 670.000000, 30.000000, 0.256700, 402, 313.0
233, 67.222222, 670.000000, 30.000000, 0.226680, 398, 310.0
234, 71.666667, 670.000000, 30.000000, 0.287510, 407, 317.0
235, 71.666667, 670.000000, 30.000000, 0.356136, 398, 309.0
236, 73.888889, 662.143258, 30.000000, 0.103359, 395, 307.0
237, 67.222222, 670.000000, 30.000000, 0.256374, 402, 315.0
238, 71.666667, 670.000000, 30.000000, 0.325945, 396, 310.0
239, 73.888889, 662.143258, 30.000000, 0.104157, 396, 307.0
240, 84.259259, 657.952996, 30.000000, 0.186266, 392, 306.0
241, 71.666667, 670.000000, 30.000000, 0.510338, 399, 315.0
242, 71.666667, 670.000000, 30.000000, 0.343079, 401, 313.0
243, 67.222222, 670.000000, 30.000000, 0.278017, 398, 309.0
244, 71.666667, 670.000000, 30.000000, 0.341791, 401, 313.0
245, 71.666667, 670.000000, 30.000000, 0.378482, 395, 307.0
246, 73.888889, 662.143258, 30.000000, 0.127928, 393, 305.0
247, 73.888889, 662.143258, 30.000000, 0.081766, 397, 309.0
248, 71.666667, 670.000000, 30.000000, 0.339696, 403, 327.0
249, 71.666667, 670.000000, 30.000000, 0.443832, 400, 312.0
250, 67.222222, 670.000000, 30.000000, 0.179056, 404, 324.0
251, 71.666667, 670.000000, 30.000000, 0.373329, 404, 331.0
252, 71.666667, 670.000000, 30.000000, 0.323595, 393, 310.0
253, 74.629630, 661.619475, 130.000000, 0.341727, 395, 308.0
254, 67.222222, 670.000000, 30.000000, 0.353144, 398, 310.0
255, 67.222222, 670.000000, 30.000000, 0.264629, 398, 309.0
256, 73.888889, 662.143258, 30.000000, 0.104904, 393, 306.0
257, 71.666667, 670.000000, 30.000000, 0.376293, 396, 308.0
258, 67.222222, 670.000000, 30.000000, 0.257268, 402, 313.0
259, 71.666667, 670.000000, 30.000000, 0.395404, 403, 314.0
260, 67.222222, 670.000000, 30.000000, 0.295000, 403, 315.0
261, 71.666667, 670.000000, 30.000000, 0.314490, 400, 312.0
262, 84.259259, 657.952996, 30.000000, 0.156405, 394, 307.0
263, 71.666667, 670.000000, 30.000000, 0.442333, 403, 313.0
264, 84.259259, 657.952996, 30.000000, 0.193393, 395, 309.0
265, 84.259259, 657.952996, 30.000000, 0.202017, 396, 307.0
266, 71.666667, 670.000000, 30.000000, 0.371113, 400, 311.0
267, 67.222222, 670.000000, 30.000000, 0.323481, 396, 308.0
268, 67.222222, 670.000000, 30.000000, 0.293223, 396, 307.0
269, 71.666667, 670.000000, 30.000000, 0.423080, 401, 322.0
270, 84.259259, 657.952996, 30.000000, 0.177004, 392, 304.0
271, 71.666667, 670.000000, 30.000000, 0.239622, 394, 305.0
272, 71.666667, 670.000000, 30.000000, 0.303850, 402, 312.0
273, 71.666667, 670.000000, 30.000000, 0.400122, 400, 310.0
274, 84.259259, 657.952996, 30.000000, 0.156994, 400, 311.0
275, 84.259259, 657.952996, 30.000000, 0.212142, 389, 301.0
276, 84.259259, 657.952996, 30.000000, 0.162173, 392, 304.0
277, 73.888889, 662.143258, 30.000000, 0.096882, 397, 309.0
278, 84.259259, 657.952996, 30.000000, 0.254641, 392, 302.0
279, 71.666667, 670.000000, 30.000000, 0.349866, 400, 360.0
280, 84.259259, 657.952996, 30.000000, 0.235785, 397, 307.0
281, 71.666667, 670.000000, 30.000000, 0.264074, 397, 309.0
282, 71.666667, 670.000000, 30.000000, 0.458641, 401, 313.0
283, 84.259259, 657.952996, 30.000000, 0.155032, 396, 309.0
284, 71.666667, 670.000000, 30.000000, 0.249884, 399, 326.0
285, 71.666667, 670.000000, 30.000000, 0.679597, 404, 315.0
286, 71.666667, 670.000000, 30.000000, 0.234738, 401, 312.0
287, 67.222222, 670.000000, 30.000000, 0.351877, 408, 318.0
288, 67.222222, 670.000000, 30.000000, 0.369374, 401, 312.0
289, 71.666667, 670.000000, 30.000000, 0.290964, 404, 315.0
290, 71.666667, 670.000000, 30.000000, 0.335708, 403, 323.0
291, 71.666667, 670.000000, 30.000000, 0.268568, 401, 312.0
292, 71.666667, 670.000000, 30.000000, 0.281048, 401, 312.0
293, 67.222222, 670.000000, 30.000000, 0.269648, 405, 315.0
294, 71.666667, 670.000000, 30.000000, 0.289185, 397, 308.0
295, 67.222222, 670.000000, 30.000000, 0.432547, 403, 333.0
296, 71.666667, 670.000000, 30.000000, 0.306903, 398, 309.0
297, 71.666667, 670.000000, 30.000000, 0.303268, 402, 313.0
298, 67.222222, 670.000000, 30.000000, 0.321288, 406, 316.0
299, 71.666667, 670.000000, 30.000000, 0.393415, 395, 307.0
300, 71.666667, 670.000000, 30.000000, 0.276768, 394, 306.0
301, 71.666667, 670.000000, 30.000000, 0.263614, 396, 307.0
302, 67.222222, 670.000000, 30.000000, 0.269693, 399, 312.0
303, 71.666667, 670.000000, 30.000000, 0.261794, 400, 312.0
304, 67.222222, 670.000000, 30.000000, 0.227632, 398, 312.0
305, 84.259259, 657.952996, 30.000000, 0.177964, 393, 306.0
306, 71.666667, 670.000000, 30.000000, 0.377079, 399, 321.0
307, 84.259259, 657.952996, 30.000000, 0.174590, 395, 307.0
308, 67.222222, 670.000000, 30.000000, 0.361493, 396, 325.0
309, 84.259259, 657.952996, 30.000000, 0.219615, 395, 308.0
310, 71.666667, 670.000000, 30.000000, 0.272756, 402, 313.0
311, 67.222222, 670.000000, 30.000000, 0.279662, 402, 314.0
312, 84.259259, 657.952996, 30.000000, 0.171585, 396, 308.0
313, 71.666667, 670.000000, 30.000000, 0.330612, 400, 311.0
314, 71.666667, 670.000000, 30.000000, 0.270321, 393, 306.0
315, 84.259259, 657.952996, 30.000000, 0.211084, 391, 304.0
316, 84.259259, 657.952996, 30.000000, 0.215060, 394, 307.0
317, 84.259259, 657.952996, 30.000000, 0.177264, 395, 315.0
318, 71.666667, 670.000000, 30.000000, 0.238453, 401, 313.0
319, 67.222222, 670.000000, 30.000000, 0.264707, 394, 305.0
320, 67.222222, 670.000000, 30.000000, 0.226862, 399, 310.0
321, 71.666667, 670.000000, 30.000000, 0.265120, 399, 310.0
322, 67.222222, 670.000000, 30.000000, 0.186735, 403, 314.0
323, 82.777778, 662.143258, 30.000000, 0.181280, 397, 319.0
324, 71.666667, 670.000000, 30.000000, 0.265773, 401, 312.0
325, 84.259259, 657.952996, 30.000000, 0.170911, 394, 307.0
326, 84.259259, 657.952996, 30.000000, 0.226617, 390, 304.0
327, 71.666667, 670.000000, 30.000000, 0.217734, 399, 310.0
328, 73.888889, 662.143258, 30.000000, 0.111554, 396, 320.0
329, 67.222222, 670.000000, 30.000000, 0.289530, 404, 315.0
330, 71.666667, 670.000000, 30.000000, 0.261211, 401, 313.0
331, 71.666667, 670.000000, 30.000000, 0.352734, 402, 313.0
332, 71.666667, 670.000000, 30.000000, 0.334496, 399, 311.0
333, 67.222222, 670.000000, 30.000000, 0.297207, 405, 316.0
334, 71.666667, 670.000000, 30.000000, 0.382075, 399, 310.0
335, 71.666667, 670.000000, 30.000000, 0.427142, 400, 311.0
336, 67.222222, 670.000000, 30.000000, 0.302532, 402, 313.0
337, 71.666667, 670.000000, 30.000000, 0.266880, 402, 313.0
338, 67.222222, 670.000000, 30.000000, 0.354522, 402, 313.0
339, 73.888889, 662.143258, 30.000000, 0.094484, 398, 318.0
340, 71.666667, 670.000000, 30.000000, 0.295665, 401, 314.0
341, 67.222222, 670.000000, 30.000000, 0.261665, 397, 309.0
342, 71.666667, 670.000000, 30.000000, 0.373489, 398, 309.0
343, 71.666667, 670.000000, 30.000000, 0.231473, 400, 311.0
344, 71.666667, 670.000000, 30.000000, 0.375748, 403, 313.0
345, 84.259259, 657.952996, 30.000000, 0.239012, 398, 311.0
346, 71.666667, 670.000000, 30.000000, 0.404159, 401, 312.0
347, 71.666667, 670.000000, 30.000000, 0.380053, 395, 308.0
348, 71.666667, 670.000000, 30.000000, 0.397193, 398, 323.0
349, 67.222222, 670.000000, 30.000000, 0.237659, 403, 313.0
350, 84.259259, 657.952996, 30.000000, 0.166816, 393, 321.0
351, 71.666667, 670.000000, 30.000000, 0.448604, 409, 319.0
352, 67.222222, 670.000000, 30.000000, 0.254344, 400, 312.0
353, 71.666667, 670.000000, 30.000000, 0.287817, 402, 313.0
354, 71.666667, 670.000000, 30.000000, 0.293573, 396, 307.0
355, 71.666667, 670.000000, 30.000000, 0.257888, 401, 312.0
356, 67.222222, 670.000000, 30.000000, 0.257395, 399, 311.0
357, 71.666667, 670.000000, 30.000000, 0.295152, 401, 313.0
358, 67.222222, 670.000000, 30.000000, 0.322669, 405, 314.0
359, 73.888889, 662.143258, 30.000000, 0.092135, 394, 305.0
360, 71.666667, 670.000000, 30.000000, 0.297301, 399, 309.0
361, 67.222222, 670.000000, 30.000000, 0.318225, 399, 317.0
362, 67.222222, 670.000000, 30.000000, 0.172589, 395, 306.0
363, 71.666667, 670.000000, 30.000000, 0.216840, 397, 307.0
364, 73.888889, 662.143258, 30.000000, 0.073575, 396, 307.0
365, 71.666667, 670.000000, 30.000000, 0.323354, 396, 307.0
366, 71.666667, 670.000000, 30.000000, 0.306085, 400, 310.0
367, 67.222222, 670.000000, 30.000000, 0.203281, 398, 308.0
368, 73.888889, 662.143258, 30.000000, 0.076380, 392, 302.0
369, 71.666667, 670.000000, 30.000000, 0.320717, 400, 310.0
370, 73.888889, 662.143258, 30.000000, 0.143784, 397, 308.0
371, 73.888889, 662.143258, 30.000000, 0.117704, 394, 306.0
372, 67.222222, 670.000000, 30.000000, 0.265415, 398, 316.0
373, 73.888889, 662.143258, 30.000000, 0.115496, 396, 308.0
374, 71.666667, 670.000000, 30.000000, 0.352432, 403, 313.0
375, 71.666667, 670.000000, 30.000000, 0.339356, 394, 307.0
376, 71.666667, 670.000000, 30.000000, 0.311671, 401, 314.0
377, 71.666667, 670.000000, 30.000000, 0.274730, 401, 312.0
378, 71.666667, 670.000000, 30.000000, 0.293464, 398, 311.0
379, 71.666667, 670.000000, 30.000000, 0.246759, 404, 314.0
380, 84.259259, 657.952996, 30.000000, 0.187227, 392, 305.0
381, 67.222222, 670.000000, 30.000000, 0.287119, 399, 312.0
382, 73.888889, 662.143258, 30.000000, 0.053881, 398, 309.0
383, 84.259259, 657.952996, 30.000000, 0.149456, 395, 313.0
384, 71.666667, 670.000000, 30.000000, 0.398114, 400, 312.0
385, 71.666667, 670.000000, 30.000000, 0.273791, 400, 310.0
386, 84.259259, 657.952996, 30.000000, 0.231869, 391, 302.0
387, 67.222222, 670.000000, 30.000000, 0.343738, 403, 312.0
388, 71.666667, 670.000000, 30.000000, 0.268965, 399, 310.0
389, 71.666667, 670.000000, 30.000000, 0.348663, 403, 313.0
390, 84.259259, 657.952996, 30.000000, 0.183013, 395, 306.0
391, 82.777778, 662.143258, 30.000000, 0.229678, 394, 306.0
392, 71.666667, 670.000000, 30.000000, 0.378615, 396, 306.0
393, 73.888889, 662.143258, 30.000000, 0.090644, 396, 307.0
394, 71.666667, 670.000000, 30.000000, 0.418316, 400, 315.0
395, 84.259259, 657.952996, 30.000000, 0.170574, 399, 309.0
396, 73.888889, 662.143258, 30.000000, 0.082783, 397, 307.0
397, 67.222222, 670.000000, 30.000000, 0.262418, 401, 340.0
398, 73.888889, 662.143258, 30.000000, 0.079732, 396, 309.0
399, 84.259259, 657.952996, 30.000000, 0.183752, 393, 324.0
400, 71.666667, 670.000000, 30.000000, 0.363351, 399, 311.0
401, 71.666667, 670.000000, 30.000000, 0.256891, 403, 314.0
402, 67.222222, 670.000000, 30.000000, 0.357682, 398, 309.0
403, 73.888889, 662.143258, 30.000000, 0.073878, 395, 308.0
404, 71.666667, 670.000000, 30.000000, 0.275927, 402, 312.0
405, 84.259259, 657.952996, 30.000000, 0.182940, 394, 312.0
406, 67.222222, 670.000000, 30.000000, 0.229252, 400, 311.0
407, 84.259259, 657.952996, 30.000000, 0.197353, 394, 307.0
408, 84.259259, 657.952996, 30.000000, 0.193454, 393, 305.0
409, 84.259259, 657.952996, 30.000000, 0.216144, 394, 307.0
410, 67.222222, 670.000000, 30.000000, 0.242534, 403, 330.0
411, 84.259259, 657.952996, 30.000000, 0.085562, 401, 314.0
412, 67.222222, 670.000000, 30.000000, 0.234930, 397, 309.0
413, 73.888889, 662.143258, 30.000000, 0.074492, 398, 310.0
414, 71.666667, 670.000000, 30.000000, 0.351879, 398, 310.0
415, 82.777778, 662.143258, 30.000000, 0.192214, 393, 306.0
416, 84.259259, 657.952996, 30.000000, 0.232436, 399, 317.0
417, 67.222222, 670.000000, 30.000000, 0.457803, 406, 317.0
418, 71.666667, 670.000000, 30.000000, 0.271220, 395, 307.0
419, 67.222222, 670.000000, 30.000000, 0.261820, 400, 311.0
420, 67.222222, 670.000000, 30.000000, 0.381004, 405, 316.0
421, 73.888889, 662.143258, 30.000000, 0.092074, 395, 326.0
422, 71.666667, 670.000000, 30.000000, 0.338568, 394, 307.0
423, 71.666667, 670.000000, 30.000000, 0.260401, 402, 314.0
424, 67.222222, 670.000000, 30.000000, 0.275203, 399, 342.0
425, 84.259259, 657.952996, 30.000000, 0.222360, 391, 305.0
426, 67.222222, 670.000000, 30.000000, 0.297765, 398, 311.0
427, 71.666667, 670.000000, 30.000000, 0.402994, 398, 316.0
428, 84.259259, 657.952996, 30.000000, 0.171909, 394, 307.0
429, 71.666667, 670.000000, 30.000000, 0.314141, 404, 315.0
430, 73.888889, 662.143258, 30.000000, 0.088319, 392, 305.0
431, 71.666667, 670.000000, 30.000000, 0.264577, 403, 314.0
432, 71.666667, 670.000000, 30.000000, 0.280731, 396, 325.0
433, 67.222222, 670.000000, 30.000000, 0.320920, 398, 310.0
434, 71.666667, 670.000000, 30.000000, 0.335810, 400, 311.0
435, 67.222222, 670.000000, 30.000000, 0.301888, 404, 316.0
436, 67.222222, 670.000000, 30.000000, 0.234076, 401, 313.0
437, 71.666667, 670.000000, 30.000000, 0.370518, 399, 340.0
438, 67.222222, 670.000000, 30.000000, 0.172996, 397, 316.0
439, 67.222222, 670.000000, 30.000000, 0.272505, 402, 313.0
440, 71.666667, 670.000000, 30.000000, 0.278606, 398, 310.0
441, 84.259259, 657.952996, 30.000000, 0.205584, 395, 308.0
442, 67.222222, 670.000000, 30.000000, 0.220147, 400, 312.0
443, 84.259259, 657.952996, 30.000000, 0.177174, 397, 353.0
444, 71.666667, 670.000000, 30.000000, 0.437761, 399, 311.0
445, 71.666667, 670.000000, 30.000000, 0.316131, 396, 308.0
446, 73.888889, 662.143258, 30.000000, 0.214235, 398, 311.0
447, 71.666667, 670.000000, 30.000000, 0.320030, 397, 308.0
448, 71.666667, 670.000000, 30.000000, 0.266722, 400, 311.0
449, 71.666667, 670.000000, 30.000000, 0.269808, 403, 319.0
450, 71.666667, 670.000000, 30.000000, 0.306494, 397, 308.0
451, 71.666667, 670.000000, 30.000000, 0.256679, 403, 314.0
452, 67.222222, 670.000000, 30.000000, 0.222945, 401, 312.0
453, 84.259259, 657.952996, 30.000000, 0.181836, 396, 308.0
454, 67.222222, 670.000000, 30.000000, 0.248137, 405, 315.0
455, 71.666667, 670.000000, 30.000000, 0.458579, 396, 309.0
456, 84.259259, 657.952996, 30.000000, 0.176938, 394, 307.0
457, 67.222222, 670.000000, 30.000000, 0.236610, 404, 314.0
458, 71.666667, 670.000000, 30.000000, 0.331037, 397, 308.0
459, 71.666667, 670.000000, 30.000000, 0.473851, 398, 310.0
460, 71.666667, 670.000000, 30.000000, 0.367660, 400, 316.0
461, 71.666667, 670.000000, 30.000000, 0.368460, 397, 309.0
462, 71.666667, 670.000000, 30.000000, 0.342814, 397, 309.0
463, 71.666667, 670.000000, 30.000000, 0.327045, 398, 309.0
464, 73.888889, 662.143258, 30.000000, 0.193179, 397, 338.0
465, 73.888889, 662.143258, 30.000000, 0.156593, 399, 310.0
466, 71.666667, 670.000000, 30.000000, 0.306119, 403, 318.0
467, 73.888889, 662.143258, 30.000000, 0.142836, 393, 307.0
468, 73.888889, 662.143258, 30.000000, 0.107604, 395, 308.0
469, 67.222222, 670.000000, 30.000000, 0.247491, 401, 312.0
470, 67.222222, 670.000000, 30.000000, 0.298887, 404, 315.0
471, 71.666667, 670.000000, 30.000000, 0.358751, 398, 319.0
472, 71.666667, 670.000000, 30.000000, 0.277849, 405, 317.0
473, 67.222222, 670.000000, 30.000000, 0.256960, 400, 313.0
474, 71.666667, 670.000000, 30.000000, 0.352786, 407, 318.0
475, 71.666667, 670.000000, 30.000000, 0.342415, 402, 313.0
476, 71.666667, 670.000000, 30.000000, 0.362544, 400, 312.0
477, 67.222222, 670.000000, 30.000000, 0.263959, 396, 308.0
478, 67.222222, 670.000000, 30.000000, 0.264284, 400, 312.0
479, 73.888889, 662.143258, 30.000000, 0.129715, 397, 308.0
480, 73.888889, 662.143258, 30.000000, 0.132250, 395, 306.0
481, 71.666667, 670.000000, 30.000000, 0.342376, 399, 310.0
482, 73.888889, 662.143258, 30.000000, 0.138083, 397, 317.0
483, 67.222222, 670.000000, 30.000000, 0.371864, 402, 314.0
484, 67.222222, 670.000000, 30.000000, 0.212777, 404, 315.0
485, 67.222222, 670.000000, 30.000000, 0.271928, 403, 315.0
486, 67.222222, 670.000000, 30.000000, 0.268914, 396, 309.0
487, 67.222222, 670.000000, 30.000000, 0.271258, 400, 311.0
488, 71.666667, 670.000000, 30.000000, 0.278294, 400, 311.0
489, 71.666667, 670.000000, 30.000000, 0.308866, 397, 309.0
490, 67.222222, 670.000000, 30.000000, 0.239592, 405, 316.0
491, 71.666667, 670.000000, 30.000000, 0.308360, 398, 310.0
492, 71.666667, 670.000000, 30.000000, 0.262726, 398, 310.0
493, 67.222222, 670.000000, 30.000000, 0.275528, 403, 314.0
494, 71.666667, 670.000000, 30.000000, 0.262672, 403, 314.0
495, 84.259259, 657.952996, 30.000000, 0.138483, 395, 326.0
496, 67.222222, 670.000000, 30.000000, 0.263565, 399, 310.0
497, 71.666667, 670.000000, 30.000000, 0.377000, 403, 315.0
498, 71.666667, 670.000000, 30.000000, 0.234469, 405, 324.0
499, 82.777778, 662.143258, 30.000000, 0.175743, 399, 310.0
500, 73.888889, 662.143258, 30.000000, 0.140135, 398, 309.0
501, 67.222222, 670.000000, 30.000000, 0.239907, 405, 316.0
502, 71.666667, 670.000000, 30.000000, 0.472380, 397, 309.0
503, 67.222222, 670.000000, 30.000000, 0.315786, 406, 316.0
504, 71.666667, 670.000000, 30.000000, 0.298231, 396, 386.0
505, 67.222222, 670.000000, 30.000000, 0.315204, 401, 312.0
506, 71.666667, 670.000000, 30.000000, 0.239627, 404, 315.0
507, 67.222222, 670.000000, 30.000000, 0.294274, 401, 311.0
508, 71.666667, 670.000000, 30.000000, 0.234821, 399, 310.0
509, 71.666667, 670.000000, 30.000000, 0.286343, 398, 318.0
510, 71.666667, 670.000000, 30.000000, 0.337588, 398, 309.0
511, 67.222222, 670.000000, 30.000000, 0.375187, 403, 314.0
512, 71.666667, 670.000000, 30.000000, 0.268864, 400, 311.0
513, 71.666667, 670.000000, 30.000000, 0.292892, 397, 310.0
514, 71.666667, 670.000000, 30.000000, 0.411504, 401, 312.0
515, 73.888889, 662.143258, 30.000000, 0.115838, 396, 309.0
516, 67.222222, 670.000000, 30.000000, 0.275968, 406, 316.0
517, 71.666667, 670.000000, 30.000000, 0.316928, 398, 310.0
518, 67.222222, 670.000000, 30.000000, 0.290247, 400, 313.0
519, 71.666667, 670.000000, 30.000000, 0.431487, 398, 326.0
520, 67.222222, 670.000000, 30.000000, 0.257776, 397, 316.0
521, 67.222222, 670.000000, 30.000000, 0.292373, 397, 310.0
522, 67.222222, 670.000000, 30.000000, 0.314032, 402, 313.0
523, 73.888889, 662.143258, 30.000000, 0.102705, 394, 308.0
524, 73.888889, 662.143258, 30.000000, 0.109136, 397, 309.0
525, 71.666667, 670.000000, 30.000000, 0.241542, 400, 311.0
526, 71.666667, 670.000000, 30.000000, 0.399313, 403, 315.0
527, 71.666667, 670.000000, 30.000000, 0.307321, 406, 317.0
528, 84.259259, 657.952996, 30.000000, 0.213067, 396, 308.0
529, 71.666667, 670.000000, 30.000000, 0.280047, 402, 314.0
530, 84.259259, 657.952996, 30.000000, 0.200272, 396, 322.0
531, 73.888889, 662.143258, 30.000000, 0.085039, 395, 313.0
532, 84.259259, 657.952996, 30.000000, 0.208757, 398, 311.0
533, 71.666667, 670.000000, 30.000000, 0.250833, 399, 312.0
534, 67.222222, 670.000000, 30.000000, 0.388861, 407, 317.0
535, 71.666667, 670.000000, 30.000000, 0.304310, 400, 312.0
536, 84.259259, 657.952996, 30.000000, 0.191393, 395, 307.0
537, 82.777778, 662.143258, 30.000000, 0.177572, 396, 308.0
538, 67.222222, 670.000000, 30.000000, 0.295355, 398, 309.0
539, 71.666667, 670.000000, 30.000000, 0.280960, 392, 305.0
540, 67.222222, 670.000000, 30.000000, 0.224822, 399, 310.0
541, 73.888889, 662.143258, 30.000000, 0.134491, 399, 310.0
542, 71.666667, 670.000000, 30.000000, 0.305773, 397, 313.0
543, 71.666667, 670.000000, 30.000000, 0.316297, 399, 311.0
544, 71.666667, 670.000000, 30.000000, 0.281570, 398, 310.0
545, 71.666667, 670.000000, 30.000000, 0.228589, 404, 314.0
546, 84.259259, 657.952996, 30.000000, 0.263962, 399, 312.0
547, 71.666667, 670.000000, 30.000000, 0.334492, 398, 310.0
548, 67.222222, 670.000000, 30.000000, 0.318541, 403, 314.0
549, 71.666667, 670.000000, 30.000000, 0.344642, 396, 308.0
550, 71.666667, 670.000000, 30.000000, 0.360386, 397, 309.0
551, 71.666667, 670.000000, 30.000000, 0.287621, 397, 310.0
552, 67.222222, 670.000000, 30.000000, 0.426381, 405, 333.0
553, 84.259259, 657.952996, 30.000000, 0.191747, 392, 310.0
554, 67.222222, 670.000000, 30.000000, 0.380562, 399, 311.0
555, 67.222222, 670.000000, 30.000000, 0.278413, 404, 314.0
556, 67.222222, 670.000000, 30.000000, 0.300807, 403, 313.0
557, 71.666667, 670.000000, 30.000000, 0.346178, 402, 314.0
558, 71.666667, 670.000000, 30.000000, 0.301146, 397, 310.0
559, 73.888889, 662.143258, 30.000000, 0.113160, 395, 307.0
560, 84.259259, 657.952996, 30.000000, 0.202966, 391, 304.0
561, 71.666667, 670.000000, 30.000000, 0.238958, 398, 310.0
562, 67.222222, 670.000000, 30.000000, 0.219107, 402, 313.0
563, 67.222222, 670.000000, 30.000000, 0.285002, 404, 332.0
564, 67.222222, 670.000000, 30.000000, 0.279247, 399, 324.0
565, 84.259259, 657.952996, 30.000000, 0.160902, 396, 308.0
566, 71.666667, 670.000000, 30.000000, 0.350185, 402, 313.0
567, 67.222222, 670.000000, 30.000000, 0.260559, 402, 314.0
568, 71.666667, 670.000000, 30.000000, 0.255827, 400, 310.0
569, 73.888889, 662.143258, 30.000000, 0.188428, 398, 320.0
570, 84.259259, 657.952996, 30.000000, 0.136830, 393, 307.0
571, 71.666667, 670.000000, 30.000000, 0.316740, 399, 310.0
572, 71.666667, 670.000000, 30.000000, 0.228781, 400, 311.0
573, 71.666667, 670.000000, 30.000000, 0.261711, 406, 317.0
574, 71.666667, 670.000000, 30.000000, 0.302602, 398, 310.0
575, 71.666667, 670.000000, 30.000000, 0.318429, 394, 307.0
576, 71.666667, 670.000000, 30.000000, 0.287336, 397, 309.0
577, 71.666667, 670.000000, 30.000000, 0.319253, 399, 310.0
578, 71.666667, 670.000000, 30.000000, 0.345341, 404, 315.0
579, 84.259259, 657.952996, 30.000000, 0.166118, 397, 308.0
580, 84.259259, 657.952996, 30.000000, 0.159361, 395, 317.0
581, 67.222222, 670.000000, 30.000000, 0.307158, 396, 308.0
582, 84.259259, 657.952996, 30.000000, 0.164478, 392, 304.0
583, 71.666667, 670.000000, 30.000000, 0.366162, 398, 346.0
584, 71.666667, 670.000000, 30.000000, 0.270327, 395, 308.0
585, 67.222222, 670.000000, 30.000000, 0.338553, 401, 312.0
586, 73.888889, 662.143258, 30.000000, 0.117509, 398, 311.0
587, 84.259259, 657.952996, 30.000000, 0.177737, 395, 308.0
588, 67.222222, 670.000000, 30.000000, 0.349120, 406, 317.0
589, 71.666667, 670.000000, 30.000000, 0.323226, 399, 311.0
590, 71.666667, 670.000000, 30.000000, 0.287840, 401, 312.0
591, 71.666667, 670.000000, 30.000000, 0.277616, 404, 335.0
592, 84.259259, 657.952996, 30.000000, 0.194768, 395, 307.0
593, 73.888889, 662.143258, 30.000000, 0.097402, 394, 307.0
594, 71.666667, 670.000000, 30.000000, 0.243589, 403, 314.0
595, 67.222222, 670.000000, 30.000000, 0.283971, 399, 310.0
596, 71.666667, 670.000000, 30.000000, 0.274832, 406, 347.0
597, 71.666667, 670.000000, 30.000000, 0.225962, 397, 309.0
598, 67.222222, 670.000000, 30.000000, 0.235100, 401, 312.0
599, 84.259259, 657.952996, 30.000000, 0.179721, 392, 305.0
600, 73.888889, 662.143258, 30.000000, 0.076109, 394, 307.0
601, 71.666667, 670.000000, 30.000000, 0.393105, 391, 305.0
602, 67.222222, 670.000000, 30.000000, 0.215853, 402, 326.0
603, 71.666667, 670.000000, 30.000000, 0.295420, 397, 309.0
604, 84.259259, 657.952996, 30.000000, 0.271480, 395, 307.0
605, 84.259259, 657.952996, 30.000000, 0.237957, 395, 308.0
606, 67.222222, 670.000000, 30.000000, 0.325935, 397, 309.0
607, 71.666667, 670.000000, 30.000000, 0.334515, 395, 307.0
608, 71.666667, 670.000000, 30.000000, 0.357062, 400, 312.0
609, 84.259259, 657.952996, 30.000000, 0.142037, 390, 304.0
610, 71.666667, 670.000000, 30.000000, 0.299188, 400, 338.0
611, 71.666667, 670.000000, 30.000000, 0.294328, 397, 309.0
612, 84.259259, 657.952996, 30.000000, 0.184419, 390, 304.0
613, 71.666667, 670.000000, 30.000000, 0.292203, 401, 318.0
614, 67.222222, 670.000000, 30.000000, 0.340589, 399, 310.0
615, 71.666667, 670.000000, 30.000000, 0.300588, 405, 316.0
616, 82.777778, 662.143258, 130.000000, 0.401295, 392, 304.0
617, 67.222222, 670.000000, 30.000000, 0.340158, 405, 316.0
618, 71.666667, 670.000000, 30.000000, 0.243075, 400, 311.0
619, 82.777778, 662.143258, 30.000000, 0.159598, 394, 307.0
620, 74.629630, 661.619475, 130.000000, 0.323030, 398, 310.0
621, 71.666667, 670.000000, 30.000000, 0.332382, 398, 311.0
622, 84.259259, 657.952996, 30.000000, 0.234699, 391, 304.0
623, 71.666667, 670.000000, 30.000000, 0.309623, 395, 335.0
624, 67.222222, 670.000000, 30.000000, 0.278901, 406, 323.0
625, 74.629630, 661.619475, 130.000000, 0.357073, 397, 310.0
626, 71.666667, 670.000000, 30.000000, 0.358978, 404, 315.0
627, 71.666667, 670.000000, 30.000000, 0.182128, 401, 312.0
628, 71.666667, 670.000000, 30.000000, 0.295043, 400, 311.0
629, 67.222222, 670.000000, 30.000000, 0.233175, 400, 312.0
630, 67.222222, 670.000000, 30.000000, 0.269498, 397, 309.0
631, 67.222222, 670.000000, 30.000000, 0.328850, 398, 310.0
632, 71.666667, 670.000000, 30.000000, 0.317803, 396, 308.0
633, 67.222222, 670.000000, 30.000000, 0.308592, 400, 311.0
634, 84.259259, 657.952996, 30.000000, 0.152920, 393, 306.0
635, 71.666667, 670.000000, 30.000000, 0.439226, 400, 312.0
636, 71.666667, 670.000000, 30.000000, 0.200777, 399, 310.0
637, 67.222222, 670.000000, 30.000000, 0.402781, 404, 315.0
638, 84.259259, 657.952996, 30.000000, 0.184823, 396, 308.0
639, 71.666667, 670.000000, 30.000000, 0.362160, 404, 315.0
640, 84.259259, 657.952996, 30.000000, 0.167955, 394, 306.0
641, 67.222222, 670.000000, 30.000000, 0.311191, 399, 310.0
642, 71.666667, 670.000000, 30.000000, 0.410421, 404, 315.0
643, 67.222222, 670.000000, 30.000000, 0.294174, 399, 311.0
644, 84.259259, 657.952996, 30.000000, 0.173606, 395, 308.0
645, 67.222222, 670.000000, 30.000000, 0.211526, 402, 314.0
646, 71.666667, 670.000000, 30.000000, 0.351525, 396, 309.0
647, 67.222222, 670.000000, 30.000000, 0.230362, 403, 314.0
648, 71.666667, 670.000000, 30.000000, 0.370599, 401, 313.0
649, 71.666667, 670.000000, 30.000000, 0.301257, 398, 310.0
650, 67.222222, 670.000000, 30.000000, 0.369423, 402, 333.0
651, 67.222222, 670.000000, 30.000000, 0.157300, 400, 311.0
652, 67.222222, 670.000000, 30.000000, 0.197317, 400, 312.0
653, 67.222222, 670.000000, 30.000000, 0.295149, 403, 313.0
654, 67.222222, 670.000000, 30.000000, 0.356488, 398, 310.0
655, 67.222222, 670.000000, 30.000000, 0.289088, 400, 311.0
656, 67.222222, 670.000000, 30.000000, 0.198203, 401, 312.0
657, 67.222222, 670.000000, 30.000000, 0.284023, 404, 315.0
658, 71.666667, 670.000000, 30.000000, 0.265450, 403, 313.0
659, 71.666667, 670.000000, 30.000000, 0.297615, 398, 379.0
660, 71.666667, 670.000000, 30.000000, 0.306504, 399, 310.0
661, 71.666667, 670.000000, 30.000000, 0.253287, 399, 311.0
662, 67.222222, 670.000000, 30.000000, 0.279402, 402, 313.0
663, 67.222222, 670.000000, 30.000000, 0.296358, 403, 315.0
664, 84.259259, 657.952996, 30.000000, 0.193715, 390, 303.0
665, 67.222222, 670.000000, 30.000000, 0.236829, 401, 312.0
666, 71.666667, 670.000000, 30.000000, 0.318772, 400, 312.0
667, 71.666667, 670.000000, 30.000000, 0.290899, 406, 316.0
668, 71.666667, 670.000000, 30.000000, 0.300362, 403, 320.0
669, 73.888889, 662.143258, 30.000000, 0.097514, 396, 308.0
670, 71.666667, 670.000000, 30.000000, 0.300396, 408, 319.0
671, 71.666667, 670.000000, 30.000000, 0.258041, 400, 311.0
672, 84.259259, 657.952996, 30.000000, 0.199834, 392, 305.0
673, 71.666667, 670.000000, 30.000000, 0.452949, 405, 315.0
674, 72.407407, 657.952996, 30.000000, 0.055213, 390, 303.0
675, 73.888889, 662.143258, 30.000000, 0.088383, 395, 308.0
676, 67.222222, 670.000000, 30.000000, 0.247535, 405, 316.0
677, 67.222222, 670.000000, 30.000000, 0.272215, 403, 314.0
678, 84.259259, 657.952996, 30.000000, 0.182241, 394, 307.0
679, 67.222222, 670.000000, 30.000000, 0.257294, 403, 325.0
680, 71.666667, 670.000000, 30.000000, 0.294297, 399, 311.0
681, 71.666667, 670.000000, 30.000000, 0.387129, 402, 313.0
682, 67.222222, 670.000000, 30.000000, 0.307519, 406, 316.0
683, 71.666667, 670.000000, 30.000000, 0.263082, 395, 308.0
684, 67.222222, 670.000000, 30.000000, 0.221141, 404, 315.0
685, 71.666667, 670.000000, 30.000000, 0.263957, 403, 314.0
686, 71.666667, 670.000000, 30.000000, 0.476455, 407, 317.0
687, 67.222222, 670.000000, 30.000000, 0.384020, 402, 313.0
688, 71.666667, 670.000000, 30.000000, 0.342726, 396, 308.0
689, 71.666667, 670.000000, 30.000000, 0.420698, 403, 314.0
690, 67.222222, 670.000000, 30.000000, 0.362068, 395, 338.0
691, 71.666667, 670.000000, 30.000000, 0.402915, 397, 309.0
692, 71.666667, 670.000000, 30.000000, 0.287252, 394, 306.0
693, 71.666667, 670.000000, 30.000000, 0.316259, 395, 307.0
694, 71.666667, 670.000000, 30.000000, 0.319402, 402, 313.0
695, 73.888889, 662.143258, 30.000000, 0.218949, 397, 310.0
696, 67.222222, 670.000000, 30.000000, 0.228152, 401, 313.0
697, 71.666667, 670.000000, 30.000000, 0.340863, 399, 310.0
698, 67.222222, 670.000000, 30.000000, 0.356396, 401, 312.0
699, 67.222222, 670.000000, 30.000000, 0.252641, 404, 315.0
700, 67.222222, 670.000000, 30.000000, 0.336143, 397, 309.0
701, 73.888889, 662.143258, 30.000000, 0.113839, 396, 308.0
702, 67.222222, 670.000000, 30.000000, 0.210065, 400, 311.0
703, 71.666667, 670.000000, 30.000000, 0.438047, 406, 316.0
704, 67.222222, 670.000000, 30.000000, 0.336019, 402, 313.0
705, 67.222222, 670.000000, 30.000000, 0.270734, 402, 314.0
706, 67.222222, 670.000000, 30.000000, 0.251106, 395, 307.0
707, 71.666667, 670.000000, 30.000000, 0.266983, 397, 309.0
708, 67.222222, 670.000000, 30.000000, 0.392609, 403, 313.0
709, 84.259259, 657.952996, 30.000000, 0.225137, 393, 305.0
710, 71.666667, 670.000000, 30.000000, 0.324748, 397, 310.0
711, 67.222222, 670.000000, 30.000000, 0.252686, 402, 312.0
712, 67.222222, 670.000000, 30.000000, 0.181506, 402, 313.0
713, 71.666667, 670.000000, 30.000000, 0.359197, 402, 313.0
714, 73.888889, 662.143258, 30.000000, 0.065676, 396, 320.0
715, 71.666667, 670.000000, 30.000000, 0.305632, 395, 308.0
716, 74.629630, 661.619475, 130.000000, 0.336356, 395, 307.0
717, 71.666667, 670.000000, 30.000000, 0.481617, 398, 333.0
718, 67.222222, 670.000000, 30.000000, 0.365982, 400, 312.0
719, 71.666667, 670.000000, 30.000000, 0.605438, 406, 317.0
720, 71.666667, 670.000000, 30.000000, 0.316594, 398, 311.0
721, 71.666667, 670.000000, 30.000000, 0.450328, 398, 309.0
722, 67.222222, 670.000000, 30.000000, 0.318360, 404, 314.0
723, 71.666667, 670.000000, 30.000000, 0.456559, 401, 313.0
724, 84.259259, 657.952996, 30.000000, 0.166919, 391, 305.0
725, 67.222222, 670.000000, 30.000000, 0.231394, 403, 314.0
726, 72.407407, 657.952996, 30.000000, 0.143094, 397, 309.0
727, 67.222222, 670.000000, 30.000000, 0.320016, 398, 310.0
728, 71.666667, 670.000000, 30.000000, 0.291797, 403, 314.0
729, 84.259259, 657.952996, 30.000000, 0.219597, 394, 307.0
730, 71.666667, 670.000000, 30.000000, 0.323331, 401, 312.0
731, 67.222222, 670.000000, 30.000000, 0.271728, 403, 314.0
732, 84.259259, 657.952996, 30.000000, 0.213090, 396, 308.0
733, 71.666667, 670.000000, 30.000000, 0.317434, 398, 309.0
734, 71.666667, 670.000000, 30.000000, 0.321631, 397, 310.0
735, 67.222222, 670.000000, 30.000000, 0.235036, 404, 315.0
736, 67.222222, 670.000000, 30.000000, 0.299235, 403, 314.0
737, 71.666667, 670.000000, 30.000000, 0.279359, 404, 316.0
738, 67.222222, 670.000000, 30.000000, 0.292150, 402, 313.0
739, 73.888889, 662.143258, 30.000000, 0.108121, 394, 306.0
740, 67.222222, 670.000000, 30.000000, 0.261609, 399, 314.0
741, 71.666667, 670.000000, 30.000000, 0.386823, 399, 311.0
742, 71.666667, 670.000000, 30.000000, 0.224732, 405, 328.0
743, 73.888889, 662.143258, 30.000000, 0.121706, 395, 309.0
744, 71.666667, 670.000000, 30.000000, 0.287273, 402, 336.0
745, 71.666667, 670.000000, 30.000000, 0.254931, 404, 315.0
746, 67.222222, 670.000000, 30.000000, 0.310600, 403, 314.0
747, 71.666667, 670.000000, 30.000000, 0.320304, 399, 311.0
748, 71.666667, 670.000000, 30.000000, 0.439597, 403, 314.0
749, 67.222222, 670.000000, 30.000000, 0.251312, 404, 315.0
750, 71.666667, 670.000000, 30.000000, 0.308394, 397, 308.0
751, 84.259259, 657.952996, 30.000000, 0.227652, 391, 304.0
752, 71.666667, 670.000000, 30.000000, 0.269104, 400, 312.0
753, 67.222222, 670.000000, 30.000000, 0.295540, 400, 312.0
754, 67.222222, 670.000000, 30.000000, 0.307660, 404, 314.0
755, 67.222222, 670.000000, 30.000000, 0.381622, 403, 313.0
756, 71.666667, 670.000000, 30.000000, 0.303233, 401, 313.0
757, 71.666667, 670.000000, 30.000000, 0.303547, 397, 331.0
758, 67.222222, 670.000000, 30.000000, 0.307017, 402, 314.0
759, 67.222222, 670.000000, 30.000000, 0.302082, 404, 315.0
760, 67.222222, 670.000000, 30.000000, 0.241687, 401, 326.0
761, 84.259259, 657.952996, 30.000000, 0.185054, 390, 302.0
762, 71.666667, 670.000000, 30.000000, 0.255922, 401, 312.0
763, 71.666667, 670.000000, 30.000000, 0.380466, 407, 317.0
764, 67.222222, 670.000000, 30.000000, 0.375960, 403, 314.0
765, 67.222222, 670.000000, 30.000000, 0.373229, 394, 307.0
766, 67.222222, 670.000000, 30.000000, 0.310625, 401, 313.0
767, 71.666667, 670.000000, 30.000000, 0.280662, 403, 314.0
768, 71.666667, 670.000000, 30.000000, 0.313390, 400, 311.0
769, 84.259259, 657.952996, 30.000000, 0.199122, 390, 303.0
770, 71.666667, 670.000000, 30.000000, 0.280697, 398, 310.0
771, 71.666667, 670.000000, 30.000000, 0.289121, 399, 310.0
772, 71.666667, 670.000000, 30.000000, 0.319361, 399, 350.0
773, 71.666667, 670.000000, 30.000000, 0.233473, 405, 315.0
774, 73.888889, 662.143258, 30.000000, 0.101698, 397, 316.0
775, 67.222222, 670.000000, 30.000000, 0.300951, 401, 313.0
776, 71.666667, 670.000000, 30.000000, 0.326016, 400, 311.0
777, 71.666667, 670.000000, 30.000000, 0.389348, 400, 311.0
778, 67.222222, 670.000000, 30.000000, 0.242270, 403, 319.0
779, 71.666667, 670.000000, 30.000000, 0.347128, 398, 309.0
780, 71.666667, 670.000000, 30.000000, 0.272547, 402, 313.0
781, 84.259259, 657.952996, 30.000000, 0.170118, 392, 305.0
782, 71.666667, 670.000000, 30.000000, 0.304545, 397, 308.0
783, 71.666667, 670.000000, 30.000000, 0.338347, 398, 396.0
784, 71.666667, 670.000000, 30.000000, 0.294800, 404, 315.0
785, 67.222222, 670.000000, 30.000000, 0.276644, 402, 312.0
786, 67.222222, 670.000000, 30.000000, 0.339853, 402, 321.0
787, 71.666667, 670.000000, 30.000000, 0.269814, 401, 312.0
788, 71.666667, 670.000000, 30.000000, 0.291450, 403, 313.0
789, 71.666667, 670.000000, 30.000000, 0.345695, 398, 310.0
790, 67.222222, 670.000000, 30.000000, 0.227117, 396, 308.0
791, 67.222222, 670.000000, 30.000000, 0.211402, 402, 313.0
792, 71.666667, 670.000000, 30.000000, 0.216910, 399, 310.0
793, 71.666667, 670.000000, 30.000000, 0.293519, 398, 310.0
794, 71.666667, 670.000000, 30.000000, 0.351499, 409, 319.0
795, 71.666667, 670.000000, 30.000000, 0.417523, 403, 313.0
796, 71.666667, 670.000000, 30.000000, 0.314011, 401, 312.0
797, 67.222222, 670.000000, 30.000000, 0.292503, 403, 371.0
798, 71.666667, 670.000000, 30.000000, 0.342028, 398, 309.0
799, 71.666667, 670.000000, 30.000000, 0.415761, 400, 312.0
800, 73.888889, 662.143258, 30.000000, 0.147802, 394, 307.0
801, 67.222222, 670.000000, 30.000000, 0.195041, 402, 313.0
802, 73.888889, 662.143258, 130.000000, 0.380324, 397, 308.0
803, 71.666667, 670.000000, 30.000000, 0.462797, 404, 315.0
804, 71.666667, 670.000000, 30.000000, 0.295645, 403, 315.0
805, 71.666667, 670.000000, 30.000000, 0.387066, 397, 323.0
806, 67.222222, 670.000000, 30.000000, 0.394402, 396, 308.0
807, 71.666667, 670.000000, 30.000000, 0.379352, 400, 312.0
808, 71.666667, 670.000000, 30.000000, 0.259068, 398, 310.0
809, 71.666667, 670.000000, 30.000000, 0.320136, 400, 312.0
810, 67.222222, 670.000000, 30.000000, 0.461749, 409, 343.0
811, 71.666667, 670.000000, 30.000000, 0.264544, 404, 315.0
812, 67.222222, 670.000000, 30.000000, 0.212055, 400, 312.0
813, 71.666667, 670.000000, 30.000000, 0.246229, 404, 316.0
814, 67.222222, 670.000000, 30.000000, 0.373783, 404, 315.0
815, 71.666667, 670.000000, 30.000000, 0.417812, 397, 310.0
816, 67.222222, 670.000000, 30.000000, 0.345201, 404, 337.0
817, 71.666667, 670.000000, 30.000000, 0.280966, 402, 313.0
818, 67.222222, 670.000000, 30.000000, 0.297190, 397, 310.0
819, 67.222222, 670.000000, 30.000000, 0.343572, 399, 311.0
820, 67.222222, 670.000000, 30.000000, 0.257860, 404, 315.0
821, 71.666667, 670.000000, 30.000000, 0.281972, 408, 318.0
822, 71.666667, 670.000000, 30.000000, 0.254597, 396, 307.0
823, 67.222222, 670.000000, 30.000000, 0.314944, 398, 310.0
824, 67.222222, 670.000000, 30.000000, 0.228029, 402, 335.0
825, 67.222222, 670.000000, 30.000000, 0.275978, 406, 316.0
826, 84.259259, 657.952996, 30.000000, 0.189452, 390, 304.0
827, 67.222222, 670.000000, 30.000000, 0.243500, 405, 328.0
828, 67.222222, 670.000000, 30.000000, 0.329894, 405, 316.0
829, 67.222222, 670.000000, 30.000000, 0.287446, 405, 315.0
830, 67.222222, 670.000000, 30.000000, 0.256782, 402, 312.0
831, 67.222222, 670.000000, 30.000000, 0.231244, 406, 316.0
832, 73.888889, 662.143258, 130.000000, 0.312240, 399, 310.0
833, 71.666667, 670.000000, 30.000000, 0.602283, 405, 315.0
834, 71.666667, 670.000000, 30.000000, 0.486664, 405, 316.0
835, 67.222222, 670.000000, 30.000000, 0.248146, 403, 313.0
836, 71.666667, 670.000000, 30.000000, 0.473073, 397, 308.0
837, 71.666667, 670.000000, 30.000000, 0.343141, 404, 315.0
838, 67.222222, 670.000000, 30.000000, 0.449940, 405, 322.0
839, 71.666667, 670.000000, 30.000000, 0.274930, 404, 314.0
840, 67.222222, 670.000000, 30.000000, 0.359981, 406, 316.0
841, 67.222222, 670.000000, 30.000000, 0.310142, 407, 317.0
842, 71.666667, 670.000000, 30.000000, 0.313501, 401, 312.0
843, 67.222222, 670.000000, 30.000000, 0.219220, 400, 311.0
844, 67.222222, 670.000000, 30.000000, 0.211457, 400, 312.0
845, 84.259259, 657.952996, 30.000000, 0.239448, 394, 307.0
846, 67.222222, 670.000000, 30.000000, 0.282198, 403, 315.0
847, 84.259259, 657.952996, 30.000000, 0.171508, 395, 307.0
848, 71.666667, 670.000000, 30.000000, 0.457057, 405, 316.0
849, 67.222222, 670.000000, 30.000000, 0.226509, 404, 332.0
850, 71.666667, 670.000000, 30.000000, 0.385532, 403, 372.0
851, 71.666667, 670.000000, 30.000000, 0.412716, 404, 315.0
852, 67.222222, 670.000000, 30.000000, 0.272267, 407, 318.0
853, 67.222222, 670.000000, 30.000000, 0.202146, 399, 310.0
854, 67.222222, 670.000000, 30.000000, 0.779360, 409, 328.0
855, 67.222222, 670.000000, 30.000000, 0.278793, 396, 307.0
856, 67.222222, 670.000000, 30.000000, 0.339088, 405, 315.0
857, 71.666667, 670.000000, 30.000000, 0.437968, 404, 314.0
858, 67.222222, 670.000000, 30.000000, 0.303259, 402, 313.0
859, 71.666667, 670.000000, 30.000000, 0.346151, 394, 307.0
860, 67.222222, 670.000000, 30.000000, 0.299802, 404, 316.0
861, 71.666667, 670.000000, 30.000000, 0.255387, 402, 313.0
862, 71.666667, 670.000000, 30.000000, 0.268102, 402, 313.0
863, 67.222222, 670.000000, 30.000000, 0.239622, 404, 336.0
864, 67.222222, 670.000000, 30.000000, 0.256142, 403, 313.0
865, 71.666667, 670.000000, 30.000000, 0.318257, 402, 328.0
866, 73.888889, 662.143258, 130.000000, 0.396257, 397, 308.0
867, 67.222222, 670.000000, 30.000000, 0.328692, 396, 308.0
868, 71.666667, 670.000000, 30.000000, 0.305926, 398, 310.0
869, 71.666667, 670.000000, 30.000000, 0.276479, 398, 311.0
870, 71.666667, 670.000000, 30.000000, 0.271264, 402, 313.0
871, 67.222222, 670.000000, 30.000000, 0.285636, 402, 313.0
872, 71.666667, 670.000000, 30.000000, 0.271140, 400, 311.0
873, 71.666667, 670.000000, 30.000000, 0.325699, 400, 312.0
874, 67.222222, 670.000000, 30.000000, 0.258671, 400, 311.0
875, 71.666667, 670.000000, 30.000000, 0.388531, 405, 315.0
876, 73.888889, 662.143258, 130.000000, 0.416956, 397, 313.0
877, 67.222222, 670.000000, 30.000000, 0.255329, 405, 332.0
878, 71.666667, 670.000000, 30.000000, 0.322503, 404, 315.0
879, 67.222222, 670.000000, 30.000000, 0.210577, 400, 325.0
880, 67.222222, 670.000000, 30.000000, 0.223841, 403, 313.0
881, 67.222222, 670.000000, 30.000000, 0.256325, 404, 334.0
882, 67.222222, 670.000000, 30.000000, 0.232742, 403, 315.0
883, 71.666667, 670.000000, 30.000000, 0.383640, 397, 309.0
884, 67.222222, 670.000000, 30.000000, 0.360547, 403, 314.0
885, 71.666667, 670.000000, 30.000000, 0.329370, 399, 309.0
886, 67.222222, 670.000000, 30.000000, 0.292412, 404, 316.0
887, 71.666667, 670.000000, 30.000000, 0.401435, 405, 341.0
888, 71.666667, 670.000000, 30.000000, 0.339597, 397, 308.0
889, 71.666667, 670.000000, 30.000000, 0.262666, 402, 314.0
890, 67.222222, 670.000000, 30.000000, 0.244715, 403, 314.0
891, 71.666667, 670.000000, 30.000000, 0.383324, 396, 308.0
892, 71.666667, 670.000000, 30.000000, 0.356542, 405, 316.0
893, 71.666667, 670.000000, 30.000000, 0.361405, 397, 308.0
894, 67.222222, 670.000000, 30.000000, 0.337710, 406, 316.0
895, 67.222222, 670.000000, 30.000000, 0.305889, 396, 308.0
896, 67.222222, 670.000000, 30.000000, 0.353871, 404, 329.0
897, 67.222222, 670.000000, 30.000000, 0.251769, 401, 311.0
898, 67.222222, 670.000000, 30.000000, 0.321913, 399, 328.0
899, 84.259259, 657.952996, 30.000000, 0.182543, 398, 307.0
900, 67.222222, 670.000000, 30.000000, 0.426452, 399, 309.0
901, 71.666667, 670.000000, 30.000000, 0.380335, 402, 312.0
902, 71.666667, 670.000000, 30.000000, 0.443315, 404, 312.0
903, 71.666667, 670.000000, 30.000000, 0.415155, 399, 310.0
904, 67.222222, 670.000000, 30.000000, 0.269486, 406, 316.0
905, 67.222222, 670.000000, 30.000000, 0.375393, 403, 314.0
906, 71.666667, 670.000000, 30.000000, 0.428709, 401, 312.0
907, 67.222222, 670.000000, 30.000000, 0.301747, 401, 313.0
908, 67.222222, 670.000000, 30.000000, 0.308766, 399, 311.0
909, 71.666667, 670.000000, 30.000000, 0.330454, 399, 333.0
910, 67.222222, 670.000000, 30.000000, 0.448343, 404, 314.0
911, 71.666667, 670.000000, 30.000000, 0.352081, 407, 318.0
912, 73.888889, 662.143258, 30.000000, 0.231737, 397, 309.0
913, 67.222222, 670.000000, 30.000000, 0.235734, 402, 313.0
914, 67.222222, 670.000000, 30.000000, 0.213319, 398, 310.0
915, 67.222222, 670.000000, 30.000000, 0.383982, 401, 313.0
916, 67.222222, 670.000000, 30.000000, 0.339991, 408, 318.0
917, 84.259259, 657.952996, 30.000000, 0.192648, 396, 308.0
918, 67.222222, 670.000000, 30.000000, 0.222710, 399, 312.0
919, 67.222222, 670.000000, 30.000000, 0.381183, 402, 313.0
920, 71.666667, 670.000000, 30.000000, 0.308120, 405, 323.0
921, 67.222222, 670.000000, 30.000000, 0.248776, 399, 312.0
922, 67.222222, 670.000000, 30.000000, 0.304888, 398, 311.0
923, 71.666667, 670.000000, 30.000000, 0.376782, 402, 312.0
924, 71.666667, 670.000000, 30.000000, 0.242670, 401, 312.0
925, 67.222222, 670.000000, 30.000000, 0.267698, 399, 311.0
926, 67.222222, 670.000000, 30.000000, 0.312655, 400, 312.0
927, 71.666667, 670.000000, 30.000000, 0.198419, 405, 315.0
928, 71.666667, 670.000000, 30.000000, 0.290258, 402, 313.0
929, 67.222222, 670.000000, 30.000000, 0.323768, 399, 313.0
930, 71.666667, 670.000000, 30.000000, 0.386102, 397, 308.0
931, 71.666667, 670.000000, 30.000000, 0.277788, 404, 315.0
932, 73.888889, 662.143258, 30.000000, 0.058960, 400, 312.0
933, 71.666667, 670.000000, 30.000000, 0.290113, 404, 315.0
934, 71.666667, 670.000000, 30.000000, 0.303324, 398, 310.0
935, 73.888889, 662.143258, 30.000000, 0.176742, 396, 309.0
936, 67.222222, 670.000000, 30.000000, 0.262248, 400, 311.0
937, 84.259259, 657.952996, 30.000000, 0.204520, 392, 305.0
938, 84.259259, 657.952996, 30.000000, 0.242843, 393, 306.0
939, 67.222222, 670.000000, 30.000000, 0.216866, 398, 310.0
940, 71.666667, 670.000000, 30.000000, 0.295623, 394, 305.0
941, 71.666667, 670.000000, 30.000000, 0.402419, 397, 310.0
942, 71.666667, 670.000000, 30.000000, 0.348356, 402, 318.0
943, 67.222222, 670.000000, 30.000000, 0.198182, 399, 310.0
944, 71.666667, 670.000000, 30.000000, 0.302688, 402, 313.0
945, 71.666667, 670.000000, 30.000000, 0.301646, 397, 309.0
946, 67.222222, 670.000000, 30.000000, 0.289089, 405, 316.0
947, 67.222222, 670.000000, 30.000000, 0.238533, 403, 315.0
948, 74.629630, 661.619475, 130.000000, 0.392206, 394, 307.0
949, 67.222222, 670.000000, 30.000000, 0.249168, 403, 315.0
950, 71.666667, 670.000000, 30.000000, 0.379428, 401, 312.0
951, 71.666667, 670.000000, 30.000000, 0.252064, 401, 312.0
952, 71.666667, 670.000000, 30.000000, 0.257959, 399, 311.0
953, 67.222222, 670.000000, 30.000000, 0.432498, 405, 321.0
954, 71.666667, 670.000000, 30.000000, 0.293945, 404, 315.0
955, 67.222222, 670.000000, 30.000000, 0.228014, 404, 315.0
956, 71.666667, 670.000000, 30.000000, 0.259551, 398, 335.0
957, 71.666667, 670.000000, 30.000000, 0.504574, 400, 312.0
958, 82.777778, 662.143258, 130.000000, 0.352619, 391, 306.0
959, 67.222222, 670.000000, 30.000000, 0.289341, 401, 313.0
960, 67.222222, 670.000000, 30.000000, 0.290952, 406, 317.0
961, 67.222222, 670.000000, 30.000000, 0.323268, 404, 315.0
962, 72.407407, 657.952996, 30.000000, 0.123446, 397, 309.0
963, 71.666667, 670.000000, 30.000000, 0.322023, 401, 311.0
964, 71.666667, 670.000000, 30.000000, 0.308492, 401, 326.0
965, 72.407407, 657.952996, 30.000000, 0.082138, 400, 311.0
966, 71.666667, 670.000000, 30.000000, 0.226476, 400, 310.0
967, 71.666667, 670.000000, 30.000000, 0.482245, 404, 315.0
968, 67.222222, 670.000000, 30.000000, 0.291170, 400, 312.0
969, 84.259259, 657.952996, 30.000000, 0.197461, 392, 321.0
970, 84.259259, 657.952996, 30.000000, 0.263669, 398, 311.0
971, 71.666667, 670.000000, 30.000000, 0.356585, 399, 311.0
972, 67.222222, 670.000000, 30.000000, 0.298621, 401, 312.0
973, 67.222222, 670.000000, 30.000000, 0.216178, 403, 314.0
974, 71.666667, 670.000000, 30.000000, 0.327470, 402, 314.0
975, 71.666667, 670.000000, 30.000000, 0.403486, 404, 315.0
976, 71.666667, 670.000000, 30.000000, 0.370925, 399, 311.0
977, 73.888889, 662.143258, 30.000000, 0.189225, 399, 310.0
978, 71.666667, 670.000000, 30.000000, 0.304811, 401, 313.0
979, 71.666667, 670.000000, 30.000000, 0.402517, 398, 310.0
980, 67.222222, 670.000000, 30.000000, 0.371328, 403, 315.0
981, 71.666667, 670.000000, 30.000000, 0.327383, 401, 313.0
982, 71.666667, 670.000000, 30.000000, 0.276088, 406, 317.0
983, 71.666667, 670.000000, 30.000000, 0.270124, 402, 314.0
984, 71.666667, 670.000000, 30.000000, 0.448088, 405, 316.0
985, 67.222222, 670.000000, 30.000000, 0.384600, 405, 316.0
986, 67.222222, 670.000000, 30.000000, 0.254635, 403, 314.0
987, 71.666667, 670.000000, 30.000000, 0.388689, 403, 315.0
988, 67.222222, 670.000000, 30.000000, 0.284926, 407, 317.0
989, 67.222222, 670.000000, 30.000000, 0.222484, 404, 315.0
990, 71.666667, 670.000000, 30.000000, 0.369953, 405, 316.0
991, 71.666667, 670.000000, 30.000000, 0.369932, 400, 312.0
992, 71.666667, 670.000000, 30.000000, 0.347894, 394, 306.0
993, 71.666667, 670.000000, 30.000000, 0.250906, 403, 314.0
994, 71.666667, 670.000000, 30.000000, 0.344061, 402, 312.0
995, 67.222222, 670.000000, 30.000000, 0.320847, 400, 312.0
996, 82.777778, 662.143258, 30.000000, 0.201757, 397, 309.0
997, 71.666667, 670.000000, 30.000000, 0.323118, 395, 307.0
998, 67.222222, 670.000000, 30.000000, 0.217372, 398, 311.0
999, 67.222222, 670.000000, 30.000000, 0.280438, 404, 315.0
