#idx, x0, x1, x2, y, f_neval, total_time (us), 
0, 70.925926, 662.143258, 30.000000, 0.179574, 470, 366.0
1, 73.888889, 662.143258, 30.000000, 0.222382, 476, 370.0
2, 74.629630, 661.619475, 30.000000, 0.058341, 477, 386.0
3, 73.888889, 662.143258, 30.000000, 0.118883, 468, 364.0
4, 73.888889, 662.143258, 30.000000, 0.135753, 472, 367.0
5, 75.617284, 658.825967, 30.000000, 0.059001, 477, 371.0
6, 73.888889, 662.143258, 30.000000, 0.177005, 475, 371.0
7, 73.888889, 662.143258, 30.000000, 0.193316, 479, 378.0
8, 73.888889, 662.143258, 30.000000, 0.200624, 472, 367.0
9, 73.888889, 662.143258, 30.000000, 0.112924, 470, 366.0
10, 73.888889, 662.143258, 30.000000, 0.135129, 478, 371.0
11, 75.617284, 658.825967, 30.000000, 0.132282, 487, 378.0
12, 75.617284, 658.825967, 30.000000, 0.090908, 483, 379.0
13, 75.617284, 658.825967, 30.000000, 0.069369, 477, 371.0
14, 73.888889, 662.143258, 30.000000, 0.095651, 481, 373.0
15, 73.888889, 662.143258, 30.000000, 0.066974, 475, 369.0
16, 75.617284, 658.825967, 30.000000, 0.060777, 480, 374.0
17, 75.617284, 658.825967, 30.000000, 0.063044, 484, 389.0
18, 73.888889, 662.143258, 30.000000, 0.070359, 473, 368.0
19, 75.617284, 658.825967, 30.000000, 0.141249, 479, 372.0
20, 75.617284, 658.825967, 30.000000, 0.092454, 482, 374.0
21, 75.617284, 658.825967, 30.000000, 0.091296, 483, 376.0
22, 70.925926, 662.143258, 30.000000, 0.156309, 471, 371.0
23, 73.888889, 662.143258, 30.000000, 0.117108, 474, 369.0
24, 73.888889, 662.143258, 30.000000, 0.141097, 473, 368.0
25, 73.888889, 662.143258, 30.000000, 0.115010, 478, 371.0
26, 73.888889, 662.143258, 30.000000, 0.276268, 470, 365.0
27, 73.888889, 662.143258, 30.000000, 0.267587, 473, 381.0
28, 70.925926, 662.143258, 30.000000, 0.122812, 476, 370.0
29, 73.888889, 662.143258, 30.000000, 0.146861, 475, 368.0
30, 73.888889, 662.143258, 30.000000, 0.105065, 474, 369.0
31, 73.888889, 662.143258, 30.000000, 0.217251, 468, 364.0
32, 75.617284, 658.825967, 30.000000, 0.080336, 473, 501.0
33, 75.617284, 658.825967, 30.000000, 0.055114, 484, 409.0
34, 73.888889, 662.143258, 30.000000, 0.159368, 468, 364.0
35, 73.888889, 662.143258, 30.000000, 0.063165, 477, 371.0
36, 73.888889, 662.143258, 30.000000, 0.346199, 470, 366.0
37, 73.888889, 662.143258, 30.000000, 0.103744, 478, 376.0
38, 72.407407, 657.952996, 30.000000, 0.193284, 474, 369.0
39, 75.617284, 658.825967, 30.000000, 0.086644, 481, 374.0
40, 70.925926, 662.143258, 30.000000, 0.133481, 472, 368.0
41, 73.888889, 662.143258, 30.000000, 0.099113, 467, 377.0
42, 70.925926, 662.143258, 30.000000, 0.121923, 467, 371.0
43, 73.888889, 662.143258, 30.000000, 0.153920, 476, 370.0
44, 73.888889, 662.143258, 30.000000, 0.118622, 474, 368.0
45, 70.925926, 662.143258, 30.000000, 0.075561, 476, 399.0
46, 73.888889, 662.143258, 30.000000, 0.234712, 473, 368.0
47, 75.617284, 658.825967, 30.000000, 0.088854, 485, 397.0
48, 73.888889, 662.143258, 30.000000, 0.108888, 473, 369.0
49, 75.617284, 658.825967, 30.000000, 0.025391, 476, 371.0
50, 70.925926, 662.143258, 30.000000, 0.229531, 472, 368.0
51, 72.407407, 657.952996, 30.000000, 0.229677, 471, 366.0
52, 70.925926, 662.143258, 30.000000, 0.085459, 470, 370.0
53, 73.888889, 662.143258, 30.000000, 0.077521, 478, 371.0
54, 75.617284, 658.825967, 30.000000, 0.047298, 482, 375.0
55, 73.888889, 662.143258, 30.000000, 0.188812, 472, 368.0
56, 73.888889, 662.143258, 30.000000, 0.146750, 473, 369.0
57, 70.925926, 662.143258, 30.000000, 0.358286, 467, 364.0
58, 73.888889, 662.143258, 30.000000, 0.222219, 474, 369.0
59, 70.925926, 662.143258, 30.000000, 0.068226, 477, 371.0
60, 73.888889, 662.143258, 30.000000, 0.093149, 478, 371.0
61, 75.617284, 658.825967, 30.000000, 0.048744, 476, 371.0
62, 70.925926, 662.143258, 30.000000, 0.084183, 470, 366.0
63, 75.617284, 658.825967, 30.000000, 0.084267, 478, 372.0
64, 73.888889, 662.143258, 30.000000, 0.265497, 480, 373.0
65, 70.925926, 662.143258, 30.000000, 0.114386, 473, 368.0
66, 70.925926, 662.143258, 30.000000, 0.178798, 472, 367.0
67, 73.888889, 662.143258, 30.000000, 0.051397, 475, 370.0
68, 73.888889, 662.143258, 30.000000, 0.186609, 467, 363.0
69, 70.925926, 662.143258, 30.000000, 0.147968, 469, 365.0
70, 70.925926, 662.143258, 30.000000, 0.207403, 472, 367.0
71, 73.888889, 662.143258, 30.000000, 0.131965, 479, 373.0
72, 73.888889, 662.143258, 30.000000, 0.116205, 464, 362.0
73, 73.888889, 662.143258, 30.000000, 0.147749, 473, 369.0
74, 70.925926, 662.143258, 30.000000, 0.089467, 471, 367.0
75, 70.925926, 662.143258, 30.000000, 0.067463, 480, 374.0
76, 70.925926, 662.143258, 30.000000, 0.117465, 478, 372.0
77, 70.925926, 662.143258, 30.000000, 0.211484, 470, 367.0
78, 75.617284, 658.825967, 30.000000, 0.065076, 481, 374.0
79, 73.888889, 662.143258, 30.000000, 0.234912, 472, 368.0
80, 70.925926, 662.143258, 30.000000, 0.061899, 470, 366.0
81, 70.925926, 662.143258, 30.000000, 0.082406, 472, 367.0
82, 70.925926, 662.143258, 30.000000, 0.180185, 473, 368.0
83, 70.925926, 662.143258, 30.000000, 0.096022, 475, 367.0
84, 73.888889, 662.143258, 30.000000, 0.216835, 469, 363.0
85, 73.888889, 662.143258, 30.000000, 0.207490, 471, 365.0
86, 75.617284, 658.825967, 30.000000, 0.053288, 484, 373.0
87, 70.925926, 662.143258, 30.000000, 0.137228, 471, 365.0
88, 67.222222, 670.000000, 30.000000, 0.268151, 470, 364.0
89, 70.925926, 662.143258, 30.000000, 0.093176, 475, 367.0
90, 72.407407, 657.952996, 30.000000, 0.177108, 474, 367.0
91, 70.925926, 662.143258, 30.000000, 0.094848, 477, 370.0
92, 74.629630, 661.619475, 30.000000, 0.072664, 476, 368.0
93, 70.925926, 662.143258, 30.000000, 0.118501, 472, 365.0
94, 72.407407, 657.952996, 30.000000, 0.158942, 476, 369.0
95, 75.617284, 658.825967, 30.000000, 0.071956, 475, 369.0
96, 73.888889, 662.143258, 30.000000, 0.082799, 476, 371.0
97, 73.888889, 662.143258, 30.000000, 0.114104, 474, 369.0
98, 73.888889, 662.143258, 30.000000, 0.070751, 477, 375.0
99, 70.925926, 662.143258, 30.000000, 0.075343, 477, 370.0
100, 73.888889, 662.143258, 30.000000, 0.163720, 473, 368.0
101, 73.888889, 662.143258, 30.000000, 0.230275, 474, 369.0
102, 73.888889, 662.143258, 30.000000, 0.171862, 467, 363.0
103, 70.925926, 662.143258, 30.000000, 0.130595, 473, 371.0
104, 70.925926, 662.143258, 30.000000, 0.179494, 476, 371.0
105, 70.925926, 662.143258, 30.000000, 0.091934, 472, 368.0
106, 72.407407, 657.952996, 30.000000, 0.189317, 471, 368.0
107, 75.617284, 658.825967, 30.000000, 0.146619, 480, 394.0
108, 70.925926, 662.143258, 30.000000, 0.106696, 474, 383.0
109, 70.925926, 662.143258, 30.000000, 0.244564, 468, 365.0
110, 73.888889, 662.143258, 30.000000, 0.117787, 473, 368.0
111, 70.925926, 662.143258, 30.000000, 0.084326, 475, 370.0
112, 75.617284, 658.825967, 30.000000, 0.044376, 475, 370.0
113, 73.888889, 662.143258, 30.000000, 0.164347, 474, 372.0
114, 73.888889, 662.143258, 30.000000, 0.157224, 472, 368.0
115, 70.925926, 662.143258, 30.000000, 0.048223, 478, 371.0
116, 70.925926, 662.143258, 30.000000, 0.079738, 477, 371.0
117, 73.888889, 662.143258, 30.000000, 0.131190, 474, 369.0
118, 70.925926, 662.143258, 30.000000, 0.094424, 478, 376.0
119, 72.407407, 657.952996, 30.000000, 0.079920, 476, 391.0
120, 70.925926, 662.143258, 30.000000, 0.106693, 472, 367.0
121, 70.925926, 662.143258, 30.000000, 0.288616, 470, 367.0
122, 75.617284, 658.825967, 30.000000, 0.087923, 472, 369.0
123, 73.888889, 662.143258, 30.000000, 0.082637, 474, 375.0
124, 72.407407, 657.952996, 30.000000, 0.072626, 476, 392.0
125, 72.407407, 657.952996, 30.000000, 0.143729, 477, 371.0
126, 70.925926, 662.143258, 30.000000, 0.138430, 471, 366.0
127, 70.925926, 662.143258, 30.000000, 0.122214, 474, 369.0
128, 70.925926, 662.143258, 30.000000, 0.242693, 475, 385.0
129, 73.888889, 662.143258, 30.000000, 0.185226, 469, 365.0
130, 73.888889, 662.143258, 30.000000, 0.111774, 467, 365.0
131, 70.925926, 662.143258, 30.000000, 0.203808, 470, 366.0
132, 72.407407, 657.952996, 30.000000, 0.099443, 480, 373.0
133, 72.407407, 657.952996, 30.000000, 0.167370, 472, 374.0
134, 73.888889, 662.143258, 30.000000, 0.055549, 472, 367.0
135, 70.925926, 662.143258, 30.000000, 0.091856, 473, 368.0
136, 73.888889, 662.143258, 30.000000, 0.361769, 470, 366.0
137, 73.888889, 662.143258, 30.000000, 0.337032, 472, 369.0
138, 70.925926, 662.143258, 30.000000, 0.327616, 471, 371.0
139, 73.888889, 662.143258, 30.000000, 0.194305, 476, 371.0
140, 70.925926, 662.143258, 30.000000, 0.169925, 475, 370.0
141, 70.925926, 662.143258, 30.000000, 0.116026, 474, 369.0
142, 75.617284, 658.825967, 30.000000, 0.095614, 476, 371.0
143, 75.617284, 658.825967, 30.000000, 0.069081, 475, 405.0
144, 73.888889, 662.143258, 30.000000, 0.135098, 474, 369.0
145, 73.888889, 662.143258, 30.000000, 0.183460, 473, 370.0
146, 70.925926, 662.143258, 30.000000, 0.098141, 484, 377.0
147, 84.259259, 657.952996, 30.000000, 0.099110, 480, 374.0
148, 70.925926, 662.143258, 30.000000, 0.078353, 476, 375.0
149, 73.888889, 662.143258, 30.000000, 0.176740, 472, 367.0
150, 70.925926, 662.143258, 30.000000, 0.093350, 470, 367.0
151, 73.888889, 662.143258, 30.000000, 0.163394, 473, 369.0
152, 73.888889, 662.143258, 30.000000, 0.206357, 477, 370.0
153, 73.888889, 662.143258, 30.000000, 0.344579, 470, 367.0
154, 73.888889, 662.143258, 30.000000, 0.238864, 469, 366.0
155, 73.888889, 662.143258, 30.000000, 0.295044, 469, 392.0
156, 73.888889, 662.143258, 30.000000, 0.216653, 470, 366.0
157, 70.925926, 662.143258, 30.000000, 0.042256, 476, 386.0
158, 73.888889, 662.143258, 30.000000, 0.070372, 472, 367.0
159, 73.888889, 662.143258, 30.000000, 0.150166, 470, 366.0
160, 73.888889, 662.143258, 30.000000, 0.176458, 470, 366.0
161, 71.666667, 670.000000, 30.000000, 0.331873, 469, 365.0
162, 73.888889, 662.143258, 30.000000, 0.237988, 469, 365.0
163, 73.888889, 662.143258, 30.000000, 0.226152, 467, 364.0
164, 73.888889, 662.143258, 30.000000, 0.086345, 477, 370.0
165, 73.888889, 662.143258, 30.000000, 0.129095, 472, 367.0
166, 73.888889, 662.143258, 30.000000, 0.168072, 475, 370.0
167, 70.925926, 662.143258, 30.000000, 0.317051, 471, 367.0
168, 75.617284, 658.825967, 30.000000, 0.073341, 479, 373.0
169, 75.617284, 658.825967, 30.000000, 0.059947, 480, 373.0
170, 73.888889, 662.143258, 30.000000, 0.113204, 473, 368.0
171, 73.888889, 662.143258, 30.000000, 0.121571, 470, 366.0
172, 73.888889, 662.143258, 30.000000, 0.070774, 477, 372.0
173, 73.888889, 662.143258, 30.000000, 0.100210, 476, 370.0
174, 73.888889, 662.143258, 30.000000, 0.191860, 473, 369.0
175, 70.925926, 662.143258, 30.000000, 0.172769, 478, 372.0
176, 70.925926, 662.143258, 30.000000, 0.337791, 467, 364.0
177, 73.888889, 662.143258, 30.000000, 0.131424, 473, 368.0
178, 73.888889, 662.143258, 30.000000, 0.327750, 469, 364.0
179, 73.888889, 662.143258, 30.000000, 0.115851, 474, 370.0
180, 75.617284, 658.825967, 30.000000, 0.090365, 484, 399.0
181, 70.925926, 662.143258, 30.000000, 0.089265, 475, 370.0
182, 73.888889, 662.143258, 30.000000, 0.149318, 474, 369.0
183, 70.925926, 662.143258, 30.000000, 0.174058, 476, 370.0
184, 73.888889, 662.143258, 30.000000, 0.105991, 478, 372.0
185, 70.925926, 662.143258, 30.000000, 0.068876, 472, 367.0
186, 72.407407, 657.952996, 30.000000, 0.102105, 477, 370.0
187, 70.925926, 662.143258, 30.000000, 0.210024, 466, 363.0
188, 70.925926, 662.143258, 30.000000, 0.204420, 474, 368.0
189, 70.925926, 662.143258, 30.000000, 0.048669, 474, 369.0
190, 73.888889, 662.143258, 30.000000, 0.200504, 472, 367.0
191, 73.888889, 662.143258, 30.000000, 0.105120, 478, 370.0
192, 70.925926, 662.143258, 30.000000, 0.076893, 479, 393.0
193, 70.925926, 662.143258, 30.000000, 0.067987, 473, 369.0
194, 75.617284, 658.825967, 30.000000, 0.058489, 473, 369.0
195, 73.888889, 662.143258, 30.000000, 0.141471, 472, 368.0
196, 73.888889, 662.143258, 30.000000, 0.106274, 475, 370.0
197, 70.925926, 662.143258, 30.000000, 0.148178, 476, 371.0
198, 75.617284, 658.825967, 30.000000, 0.060768, 473, 368.0
199, 70.925926, 662.143258, 30.000000, 0.088047, 476, 374.0
200, 73.888889, 662.143258, 30.000000, 0.155560, 483, 375.0
201, 70.925926, 662.143258, 30.000000, 0.099505, 469, 365.0
202, 70.925926, 662.143258, 30.000000, 0.067167, 470, 367.0
203, 75.617284, 658.825967, 30.000000, 0.116895, 474, 370.0
204, 73.888889, 662.143258, 30.000000, 0.076278, 477, 380.0
205, 73.888889, 662.143258, 30.000000, 0.170879, 481, 374.0
206, 70.925926, 662.143258, 30.000000, 0.069141, 473, 367.0
207, 70.925926, 662.143258, 30.000000, 0.177985, 472, 366.0
208, 73.888889, 662.143258, 30.000000, 0.168279, 468, 364.0
209, 73.888889, 662.143258, 30.000000, 0.092493, 475, 374.0
210, 73.888889, 662.143258, 30.000000, 0.064247, 476, 369.0
211, 70.925926, 662.143258, 30.000000, 0.069864, 475, 369.0
212, 73.888889, 662.143258, 30.000000, 0.121792, 475, 369.0
213, 73.888889, 662.143258, 30.000000, 0.060711, 472, 367.0
214, 70.925926, 662.143258, 30.000000, 0.152429, 476, 455.0
215, 73.888889, 662.143258, 30.000000, 0.178359, 474, 368.0
216, 73.888889, 662.143258, 30.000000, 0.207839, 472, 367.0
217, 73.888889, 662.143258, 30.000000, 0.064618, 474, 368.0
218, 75.617284, 658.825967, 30.000000, 0.050524, 479, 372.0
219, 75.617284, 658.825967, 30.000000, 0.104913, 477, 380.0
220, 73.888889, 662.143258, 30.000000, 0.034157, 474, 369.0
221, 75.617284, 658.825967, 30.000000, 0.137281, 479, 372.0
222, 75.617284, 658.825967, 30.000000, 0.197281, 479, 373.0
223, 73.888889, 662.143258, 30.000000, 0.184330, 472, 367.0
224, 70.925926, 662.143258, 30.000000, 0.067285, 471, 373.0
225, 70.925926, 662.143258, 30.000000, 0.192471, 474, 369.0
226, 75.617284, 658.825967, 30.000000, 0.088852, 478, 372.0
227, 70.925926, 662.143258, 30.000000, 0.081232, 471, 366.0
228, 73.888889, 662.143258, 30.000000, 0.164778, 476, 370.0
229, 73.888889, 662.143258, 30.000000, 0.070743, 471, 503.0
230, 73.888889, 662.143258, 30.000000, 0.076422, 475, 389.0
231, 74.629630, 661.619475, 30.000000, 0.132774, 481, 374.0
232, 73.888889, 662.143258, 30.000000, 0.121992, 468, 365.0
233, 70.925926, 662.143258, 30.000000, 0.079765, 472, 367.0
234, 73.888889, 662.143258, 30.000000, 0.183330, 470, 422.0
235, 73.888889, 662.143258, 30.000000, 0.138338, 474, 376.0
236, 73.888889, 662.143258, 30.000000, 0.103359, 481, 373.0
237, 70.925926, 662.143258, 30.000000, 0.130282, 474, 368.0
238, 73.888889, 662.143258, 30.000000, 0.061869, 475, 412.0
239, 73.888889, 662.143258, 30.000000, 0.104157, 479, 372.0
240, 75.617284, 658.825967, 30.000000, 0.039038, 484, 376.0
241, 72.407407, 657.952996, 30.000000, 0.294983, 476, 388.0
242, 73.888889, 662.143258, 30.000000, 0.182606, 470, 365.0
243, 70.925926, 662.143258, 30.000000, 0.070109, 474, 369.0
244, 73.888889, 662.143258, 30.000000, 0.121949, 472, 368.0
245, 73.888889, 662.143258, 30.000000, 0.105347, 475, 370.0
246, 73.888889, 662.143258, 30.000000, 0.127928, 478, 372.0
247, 73.888889, 662.143258, 30.000000, 0.081766, 477, 380.0
248, 73.888889, 662.143258, 30.000000, 0.276083, 471, 545.0
249, 73.888889, 662.143258, 30.000000, 0.277747, 475, 398.0
250, 70.925926, 662.143258, 30.000000, 0.068142, 468, 377.0
251, 73.888889, 662.143258, 30.000000, 0.226007, 470, 568.0
252, 73.888889, 662.143258, 30.000000, 0.083886, 481, 539.0
253, 70.925926, 662.143258, 30.000000, 0.068857, 476, 379.0
254, 70.925926, 662.143258, 30.000000, 0.105253, 475, 369.0
255, 70.925926, 662.143258, 30.000000, 0.066089, 475, 369.0
256, 73.888889, 662.143258, 30.000000, 0.104904, 479, 373.0
257, 73.888889, 662.143258, 30.000000, 0.134259, 480, 384.0
258, 70.925926, 662.143258, 30.000000, 0.080752, 472, 367.0
259, 73.888889, 662.143258, 30.000000, 0.254452, 471, 367.0
260, 70.925926, 662.143258, 30.000000, 0.172879, 471, 368.0
261, 73.888889, 662.143258, 30.000000, 0.178761, 471, 366.0
262, 75.617284, 658.825967, 30.000000, 0.063616, 475, 381.0
263, 73.888889, 662.143258, 30.000000, 0.338977, 474, 369.0
264, 75.617284, 658.825967, 30.000000, 0.080282, 477, 371.0
265, 75.617284, 658.825967, 30.000000, 0.021515, 476, 370.0
266, 73.888889, 662.143258, 30.000000, 0.169456, 474, 369.0
267, 70.925926, 662.143258, 30.000000, 0.066064, 477, 394.0
268, 70.925926, 662.143258, 30.000000, 0.103554, 477, 370.0
269, 73.888889, 662.143258, 30.000000, 0.179171, 473, 368.0
270, 75.617284, 658.825967, 30.000000, 0.052063, 484, 376.0
271, 73.888889, 662.143258, 30.000000, 0.079388, 479, 441.0
272, 73.888889, 662.143258, 30.000000, 0.081012, 470, 378.0
273, 73.888889, 662.143258, 30.000000, 0.239878, 475, 369.0
274, 75.617284, 658.825967, 30.000000, 0.123196, 477, 371.0
275, 75.617284, 658.825967, 30.000000, 0.102287, 484, 376.0
276, 75.617284, 658.825967, 30.000000, 0.051659, 482, 374.0
277, 73.888889, 662.143258, 30.000000, 0.096882, 476, 384.0
278, 75.617284, 658.825967, 30.000000, 0.127206, 481, 374.0
279, 73.888889, 662.143258, 30.000000, 0.200912, 470, 367.0
280, 75.617284, 658.825967, 30.000000, 0.077449, 477, 371.0
281, 73.888889, 662.143258, 30.000000, 0.059456, 475, 369.0
282, 72.407407, 657.952996, 30.000000, 0.230967, 471, 367.0
283, 75.617284, 658.825967, 30.000000, 0.084424, 473, 453.0
284, 73.888889, 662.143258, 30.000000, 0.070769, 474, 369.0
285, 72.407407, 657.952996, 30.000000, 0.562813, 470, 381.0
286, 73.888889, 662.143258, 30.000000, 0.087689, 470, 396.0
287, 70.925926, 662.143258, 30.000000, 0.196003, 468, 365.0
288, 70.925926, 662.143258, 30.000000, 0.124002, 474, 368.0
289, 73.888889, 662.143258, 30.000000, 0.123593, 469, 365.0
290, 73.888889, 662.143258, 30.000000, 0.243808, 470, 366.0
291, 73.888889, 662.143258, 30.000000, 0.146467, 468, 365.0
292, 73.888889, 662.143258, 30.000000, 0.123749, 472, 366.0
293, 70.925926, 662.143258, 30.000000, 0.132858, 466, 361.0
294, 73.888889, 662.143258, 30.000000, 0.171807, 473, 366.0
295, 70.925926, 662.143258, 30.000000, 0.259403, 472, 369.0
296, 73.888889, 662.143258, 30.000000, 0.061660, 475, 484.0
297, 73.888889, 662.143258, 30.000000, 0.077094, 474, 369.0
298, 70.925926, 662.143258, 30.000000, 0.226785, 469, 381.0
299, 73.888889, 662.143258, 30.000000, 0.181223, 481, 408.0
300, 73.888889, 662.143258, 30.000000, 0.065852, 480, 394.0
301, 73.888889, 662.143258, 30.000000, 0.052296, 476, 460.0
302, 70.925926, 662.143258, 30.000000, 0.069632, 478, 540.0
303, 73.888889, 662.143258, 30.000000, 0.076861, 473, 529.0
304, 70.925926, 662.143258, 30.000000, 0.073560, 478, 373.0
305, 75.617284, 658.825967, 30.000000, 0.051537, 478, 571.0
306, 73.888889, 662.143258, 30.000000, 0.161591, 472, 576.0
307, 75.617284, 658.825967, 30.000000, 0.071524, 475, 395.0
308, 70.925926, 662.143258, 30.000000, 0.109504, 478, 425.0
309, 75.617284, 658.825967, 30.000000, 0.084889, 478, 583.0
310, 73.888889, 662.143258, 30.000000, 0.103602, 471, 366.0
311, 70.925926, 662.143258, 30.000000, 0.129916, 468, 364.0
312, 75.617284, 658.825967, 30.000000, 0.097597, 477, 460.0
313, 73.888889, 662.143258, 30.000000, 0.114236, 472, 367.0
314, 73.888889, 662.143258, 30.000000, 0.084458, 479, 372.0
315, 75.617284, 658.825967, 30.000000, 0.066786, 481, 374.0
316, 75.617284, 658.825967, 30.000000, 0.175633, 483, 375.0
317, 75.617284, 658.825967, 30.000000, 0.053446, 477, 372.0
318, 73.888889, 662.143258, 30.000000, 0.166129, 472, 367.0
319, 70.925926, 662.143258, 30.000000, 0.071268, 481, 375.0
320, 70.925926, 662.143258, 30.000000, 0.080224, 475, 370.0
321, 73.888889, 662.143258, 30.000000, 0.066801, 475, 408.0
322, 70.925926, 662.143258, 30.000000, 0.120871, 470, 365.0
323, 74.629630, 661.619475, 30.000000, 0.118673, 481, 374.0
324, 73.888889, 662.143258, 30.000000, 0.047943, 475, 369.0
325, 75.617284, 658.825967, 30.000000, 0.040041, 481, 372.0
326, 75.617284, 658.825967, 30.000000, 0.138508, 482, 375.0
327, 73.888889, 662.143258, 30.000000, 0.100896, 469, 364.0
328, 73.888889, 662.143258, 30.000000, 0.111554, 475, 369.0
329, 70.925926, 662.143258, 30.000000, 0.134965, 473, 368.0
330, 73.888889, 662.143258, 30.000000, 0.093316, 475, 369.0
331, 73.888889, 662.143258, 30.000000, 0.209846, 469, 409.0
332, 73.888889, 662.143258, 30.000000, 0.111879, 477, 371.0
333, 70.925926, 662.143258, 30.000000, 0.149268, 470, 415.0
334, 73.888889, 662.143258, 30.000000, 0.160724, 470, 365.0
335, 73.888889, 662.143258, 30.000000, 0.242716, 475, 369.0
336, 70.925926, 662.143258, 30.000000, 0.217913, 473, 368.0
337, 73.888889, 662.143258, 30.000000, 0.088955, 473, 387.0
338, 70.925926, 662.143258, 30.000000, 0.131817, 472, 453.0
339, 73.888889, 662.143258, 30.000000, 0.094484, 476, 370.0
340, 73.888889, 662.143258, 30.000000, 0.145086, 472, 366.0
341, 70.925926, 662.143258, 30.000000, 0.059770, 474, 382.0
342, 73.888889, 662.143258, 30.000000, 0.151055, 469, 365.0
343, 73.888889, 662.143258, 30.000000, 0.082555, 474, 501.0
344, 73.888889, 662.143258, 30.000000, 0.226607, 470, 365.0
345, 75.617284, 658.825967, 30.000000, 0.104467, 477, 428.0
346, 73.888889, 662.143258, 30.000000, 0.314891, 473, 365.0
347, 73.888889, 662.143258, 30.000000, 0.108925, 475, 368.0
348, 73.888889, 662.143258, 30.000000, 0.237973, 473, 369.0
349, 70.925926, 662.143258, 30.000000, 0.089545, 471, 367.0
350, 75.617284, 658.825967, 30.000000, 0.114086, 478, 372.0
351, 73.888889, 662.143258, 30.000000, 0.361954, 469, 365.0
352, 70.925926, 662.143258, 30.000000, 0.103011, 471, 366.0
353, 73.888889, 662.143258, 30.000000, 0.115407, 473, 376.0
354, 73.888889, 662.143258, 30.000000, 0.087955, 474, 369.0
355, 73.888889, 662.143258, 30.000000, 0.087996, 472, 367.0
356, 70.925926, 662.143258, 30.000000, 0.072594, 475, 370.0
357, 73.888889, 662.143258, 30.000000, 0.182914, 475, 453.0
358, 70.925926, 662.143258, 30.000000, 0.175946, 470, 366.0
359, 73.888889, 662.143258, 30.000000, 0.092135, 477, 371.0
360, 73.888889, 662.143258, 30.000000, 0.138546, 476, 371.0
361, 70.925926, 662.143258, 30.000000, 0.077377, 477, 371.0
362, 70.925926, 662.143258, 30.000000, 0.061067, 478, 389.0
363, 73.888889, 662.143258, 30.000000, 0.035872, 476, 370.0
364, 73.888889, 662.143258, 30.000000, 0.073575, 476, 370.0
365, 73.888889, 662.143258, 30.000000, 0.050276, 474, 369.0
366, 73.888889, 662.143258, 30.000000, 0.124085, 475, 369.0
367, 70.925926, 662.143258, 30.000000, 0.031862, 475, 369.0
368, 73.888889, 662.143258, 30.000000, 0.076380, 480, 580.0
369, 73.888889, 662.143258, 30.000000, 0.083133, 473, 368.0
370, 73.888889, 662.143258, 30.000000, 0.143784, 477, 393.0
371, 73.888889, 662.143258, 30.000000, 0.117704, 482, 413.0
372, 70.925926, 662.143258, 30.000000, 0.075351, 477, 371.0
373, 73.888889, 662.143258, 30.000000, 0.115496, 474, 369.0
374, 73.888889, 662.143258, 30.000000, 0.283761, 473, 369.0
375, 73.888889, 662.143258, 30.000000, 0.093970, 477, 383.0
376, 73.888889, 662.143258, 30.000000, 0.084390, 471, 367.0
377, 73.888889, 662.143258, 30.000000, 0.133971, 473, 368.0
378, 73.888889, 662.143258, 30.000000, 0.116447, 476, 370.0
379, 73.888889, 662.143258, 30.000000, 0.091369, 470, 367.0
380, 75.617284, 658.825967, 30.000000, 0.089249, 483, 386.0
381, 70.925926, 662.143258, 30.000000, 0.116008, 477, 370.0
382, 73.888889, 662.143258, 30.000000, 0.053881, 474, 367.0
383, 75.617284, 658.825967, 30.000000, 0.059290, 478, 370.0
384, 73.888889, 662.143258, 30.000000, 0.207867, 472, 367.0
385, 73.888889, 662.143258, 30.000000, 0.144701, 469, 364.0
386, 75.617284, 658.825967, 30.000000, 0.113199, 483, 373.0
387, 70.925926, 662.143258, 30.000000, 0.194971, 474, 370.0
388, 73.888889, 662.143258, 30.000000, 0.124861, 470, 367.0
389, 73.888889, 662.143258, 30.000000, 0.229158, 466, 363.0
390, 75.617284, 658.825967, 30.000000, 0.110666, 475, 387.0
391, 74.629630, 661.619475, 30.000000, 0.175161, 479, 372.0
392, 73.888889, 662.143258, 30.000000, 0.116167, 477, 370.0
393, 73.888889, 662.143258, 30.000000, 0.090644, 476, 370.0
394, 73.888889, 662.143258, 30.000000, 0.218975, 475, 369.0
395, 75.617284, 658.825967, 30.000000, 0.104164, 476, 403.0
396, 73.888889, 662.143258, 30.000000, 0.082783, 474, 369.0
397, 70.925926, 662.143258, 30.000000, 0.063419, 471, 366.0
398, 73.888889, 662.143258, 30.000000, 0.079732, 475, 370.0
399, 75.617284, 658.825967, 30.000000, 0.106567, 479, 382.0
400, 73.888889, 662.143258, 30.000000, 0.173607, 473, 368.0
401, 73.888889, 662.143258, 30.000000, 0.100851, 470, 364.0
402, 70.925926, 662.143258, 30.000000, 0.153011, 476, 370.0
403, 73.888889, 662.143258, 30.000000, 0.073878, 477, 370.0
404, 73.888889, 662.143258, 30.000000, 0.126835, 470, 366.0
405, 75.617284, 658.825967, 30.000000, 0.058831, 477, 433.0
406, 70.925926, 662.143258, 30.000000, 0.068060, 475, 369.0
407, 75.617284, 658.825967, 30.000000, 0.095390, 478, 372.0
408, 75.617284, 658.825967, 30.000000, 0.067253, 483, 376.0
409, 75.617284, 658.825967, 30.000000, 0.188176, 481, 373.0
410, 70.925926, 662.143258, 30.000000, 0.120479, 471, 366.0
411, 84.259259, 657.952996, 30.000000, 0.085562, 477, 517.0
412, 70.925926, 662.143258, 30.000000, 0.048469, 476, 443.0
413, 73.888889, 662.143258, 30.000000, 0.074492, 473, 368.0
414, 73.888889, 662.143258, 30.000000, 0.082335, 476, 370.0
415, 74.629630, 661.619475, 30.000000, 0.106309, 483, 376.0
416, 75.617284, 658.825967, 30.000000, 0.072604, 475, 378.0
417, 70.925926, 662.143258, 30.000000, 0.348255, 470, 400.0
418, 73.888889, 662.143258, 30.000000, 0.062292, 476, 370.0
419, 70.925926, 662.143258, 30.000000, 0.099592, 468, 364.0
420, 70.925926, 662.143258, 30.000000, 0.155355, 473, 368.0
421, 73.888889, 662.143258, 30.000000, 0.092074, 479, 389.0
422, 73.888889, 662.143258, 30.000000, 0.094194, 477, 369.0
423, 73.888889, 662.143258, 30.000000, 0.148888, 470, 367.0
424, 70.925926, 662.143258, 30.000000, 0.087190, 473, 378.0
425, 75.617284, 658.825967, 30.000000, 0.082207, 483, 376.0
426, 70.925926, 662.143258, 30.000000, 0.091728, 479, 380.0
427, 73.888889, 662.143258, 30.000000, 0.151007, 478, 372.0
428, 75.617284, 658.825967, 30.000000, 0.128467, 482, 375.0
429, 73.888889, 662.143258, 30.000000, 0.227968, 466, 381.0
430, 73.888889, 662.143258, 30.000000, 0.088319, 479, 531.0
431, 73.888889, 662.143258, 30.000000, 0.137861, 475, 387.0
432, 73.888889, 662.143258, 30.000000, 0.076614, 476, 393.0
433, 70.925926, 662.143258, 30.000000, 0.081633, 473, 368.0
434, 73.888889, 662.143258, 30.000000, 0.094007, 472, 367.0
435, 70.925926, 662.143258, 30.000000, 0.149004, 472, 367.0
436, 70.925926, 662.143258, 30.000000, 0.152188, 476, 522.0
437, 73.888889, 662.143258, 30.000000, 0.222276, 473, 379.0
438, 70.925926, 662.143258, 30.000000, 0.111207, 480, 371.0
439, 70.925926, 662.143258, 30.000000, 0.077154, 473, 366.0
440, 73.888889, 662.143258, 30.000000, 0.079727, 475, 366.0
441, 75.617284, 658.825967, 30.000000, 0.082413, 477, 378.0
442, 70.925926, 662.143258, 30.000000, 0.124184, 475, 369.0
443, 75.617284, 658.825967, 30.000000, 0.023929, 474, 369.0
444, 72.407407, 657.952996, 30.000000, 0.204199, 475, 370.0
445, 73.888889, 662.143258, 30.000000, 0.054238, 475, 369.0
446, 73.888889, 662.143258, 30.000000, 0.214235, 475, 368.0
447, 73.888889, 662.143258, 30.000000, 0.187019, 472, 366.0
448, 73.888889, 662.143258, 30.000000, 0.082547, 477, 368.0
449, 73.888889, 662.143258, 30.000000, 0.105182, 468, 374.0
450, 73.888889, 662.143258, 30.000000, 0.090244, 475, 369.0
451, 73.888889, 662.143258, 30.000000, 0.166129, 474, 370.0
452, 70.925926, 662.143258, 30.000000, 0.079773, 469, 382.0
453, 75.617284, 658.825967, 30.000000, 0.048018, 476, 484.0
454, 70.925926, 662.143258, 30.000000, 0.073543, 468, 365.0
455, 73.888889, 662.143258, 30.000000, 0.200702, 477, 387.0
456, 75.617284, 658.825967, 30.000000, 0.173534, 483, 376.0
457, 70.925926, 662.143258, 30.000000, 0.074792, 470, 366.0
458, 73.888889, 662.143258, 30.000000, 0.052346, 475, 371.0
459, 73.888889, 662.143258, 30.000000, 0.228535, 475, 370.0
460, 73.888889, 662.143258, 30.000000, 0.200437, 474, 369.0
461, 73.888889, 662.143258, 30.000000, 0.141628, 472, 367.0
462, 73.888889, 662.143258, 30.000000, 0.101095, 474, 369.0
463, 73.888889, 662.143258, 30.000000, 0.129047, 474, 368.0
464, 73.888889, 662.143258, 30.000000, 0.193179, 477, 370.0
465, 73.888889, 662.143258, 30.000000, 0.156593, 473, 399.0
466, 73.888889, 662.143258, 30.000000, 0.243111, 471, 366.0
467, 73.888889, 662.143258, 30.000000, 0.142836, 479, 373.0
468, 73.888889, 662.143258, 30.000000, 0.107604, 483, 375.0
469, 70.925926, 662.143258, 30.000000, 0.122126, 469, 366.0
470, 70.925926, 662.143258, 30.000000, 0.170104, 472, 368.0
471, 73.888889, 662.143258, 30.000000, 0.181161, 478, 371.0
472, 73.888889, 662.143258, 30.000000, 0.160462, 474, 370.0
473, 70.925926, 662.143258, 30.000000, 0.081904, 475, 370.0
474, 73.888889, 662.143258, 30.000000, 0.280527, 470, 377.0
475, 73.888889, 662.143258, 30.000000, 0.134664, 470, 365.0
476, 73.888889, 662.143258, 30.000000, 0.227708, 472, 368.0
477, 70.925926, 662.143258, 30.000000, 0.060209, 480, 372.0
478, 70.925926, 662.143258, 30.000000, 0.050285, 474, 368.0
479, 73.888889, 662.143258, 30.000000, 0.129715, 472, 366.0
480, 73.888889, 662.143258, 30.000000, 0.132250, 479, 372.0
481, 73.888889, 662.143258, 30.000000, 0.099971, 473, 368.0
482, 73.888889, 662.143258, 30.000000, 0.138083, 473, 368.0
483, 70.925926, 662.143258, 30.000000, 0.201515, 471, 366.0
484, 70.925926, 662.143258, 30.000000, 0.075522, 468, 365.0
485, 70.925926, 662.143258, 30.000000, 0.099681, 471, 367.0
486, 70.925926, 662.143258, 30.000000, 0.081146, 477, 371.0
487, 70.925926, 662.143258, 30.000000, 0.055812, 471, 367.0
488, 73.888889, 662.143258, 30.000000, 0.086507, 473, 368.0
489, 73.888889, 662.143258, 30.000000, 0.070353, 477, 400.0
490, 70.925926, 662.143258, 30.000000, 0.097421, 471, 367.0
491, 73.888889, 662.143258, 30.000000, 0.113404, 479, 373.0
492, 73.888889, 662.143258, 30.000000, 0.116562, 475, 385.0
493, 70.925926, 662.143258, 30.000000, 0.158321, 472, 387.0
494, 73.888889, 662.143258, 30.000000, 0.143557, 469, 385.0
495, 75.617284, 658.825967, 30.000000, 0.129665, 482, 374.0
496, 70.925926, 662.143258, 30.000000, 0.039097, 474, 369.0
497, 73.888889, 662.143258, 30.000000, 0.262247, 472, 368.0
498, 73.888889, 662.143258, 30.000000, 0.167054, 467, 365.0
499, 74.629630, 661.619475, 30.000000, 0.038477, 473, 369.0
500, 73.888889, 662.143258, 30.000000, 0.140135, 472, 378.0
501, 70.925926, 662.143258, 30.000000, 0.085646, 471, 399.0
502, 72.407407, 657.952996, 30.000000, 0.254007, 476, 371.0
503, 70.925926, 662.143258, 30.000000, 0.109431, 472, 367.0
504, 73.888889, 662.143258, 30.000000, 0.071487, 478, 372.0
505, 70.925926, 662.143258, 30.000000, 0.113559, 473, 368.0
506, 73.888889, 662.143258, 30.000000, 0.089150, 471, 367.0
507, 70.925926, 662.143258, 30.000000, 0.076597, 472, 367.0
508, 73.888889, 662.143258, 30.000000, 0.086404, 473, 367.0
509, 73.888889, 662.143258, 30.000000, 0.086448, 474, 368.0
510, 73.888889, 662.143258, 30.000000, 0.125751, 471, 366.0
511, 70.925926, 662.143258, 30.000000, 0.261679, 472, 366.0
512, 73.888889, 662.143258, 30.000000, 0.143939, 475, 435.0
513, 73.888889, 662.143258, 30.000000, 0.103346, 475, 426.0
514, 73.888889, 662.143258, 30.000000, 0.253597, 472, 367.0
515, 73.888889, 662.143258, 30.000000, 0.115838, 476, 369.0
516, 70.925926, 662.143258, 30.000000, 0.207236, 469, 364.0
517, 73.888889, 662.143258, 30.000000, 0.112389, 471, 366.0
518, 70.925926, 662.143258, 30.000000, 0.212507, 474, 369.0
519, 72.407407, 657.952996, 30.000000, 0.216396, 474, 368.0
520, 70.925926, 662.143258, 30.000000, 0.050506, 476, 370.0
521, 70.925926, 662.143258, 30.000000, 0.080058, 478, 372.0
522, 70.925926, 662.143258, 30.000000, 0.164363, 472, 367.0
523, 73.888889, 662.143258, 30.000000, 0.102705, 475, 369.0
524, 73.888889, 662.143258, 30.000000, 0.109136, 473, 367.0
525, 73.888889, 662.143258, 30.000000, 0.088000, 473, 367.0
526, 73.888889, 662.143258, 30.000000, 0.302901, 475, 369.0
527, 73.888889, 662.143258, 30.000000, 0.208087, 470, 365.0
528, 75.617284, 658.825967, 30.000000, 0.056112, 477, 371.0
529, 73.888889, 662.143258, 30.000000, 0.139797, 470, 365.0
530, 75.617284, 658.825967, 30.000000, 0.052809, 476, 370.0
531, 73.888889, 662.143258, 30.000000, 0.085039, 477, 397.0
532, 75.617284, 658.825967, 30.000000, 0.145064, 479, 372.0
533, 73.888889, 662.143258, 30.000000, 0.119390, 476, 371.0
534, 70.925926, 662.143258, 30.000000, 0.164998, 472, 368.0
535, 73.888889, 662.143258, 30.000000, 0.136422, 475, 370.0
536, 75.617284, 658.825967, 30.000000, 0.035203, 478, 372.0
537, 74.629630, 661.619475, 30.000000, 0.063305, 475, 417.0
538, 70.925926, 662.143258, 30.000000, 0.045926, 475, 400.0
539, 73.888889, 662.143258, 30.000000, 0.085132, 478, 372.0
540, 70.925926, 662.143258, 30.000000, 0.081026, 472, 367.0
541, 73.888889, 662.143258, 30.000000, 0.134491, 473, 367.0
542, 73.888889, 662.143258, 30.000000, 0.096471, 474, 368.0
543, 73.888889, 662.143258, 30.000000, 0.099883, 476, 370.0
544, 73.888889, 662.143258, 30.000000, 0.128347, 478, 372.0
545, 73.888889, 662.143258, 30.000000, 0.096042, 469, 366.0
546, 75.617284, 658.825967, 30.000000, 0.121846, 478, 373.0
547, 73.888889, 662.143258, 30.000000, 0.082794, 476, 370.0
548, 70.925926, 662.143258, 30.000000, 0.167185, 473, 368.0
549, 73.888889, 662.143258, 30.000000, 0.105536, 475, 369.0
550, 73.888889, 662.143258, 30.000000, 0.107437, 476, 398.0
551, 73.888889, 662.143258, 30.000000, 0.097156, 475, 370.0
552, 67.222222, 670.000000, 30.000000, 0.426381, 468, 365.0
553, 75.617284, 658.825967, 30.000000, 0.121851, 483, 376.0
554, 70.925926, 662.143258, 30.000000, 0.107451, 478, 371.0
555, 70.925926, 662.143258, 30.000000, 0.065584, 471, 368.0
556, 70.925926, 662.143258, 30.000000, 0.139057, 473, 389.0
557, 73.888889, 662.143258, 30.000000, 0.147018, 473, 368.0
558, 73.888889, 662.143258, 30.000000, 0.081680, 474, 367.0
559, 73.888889, 662.143258, 30.000000, 0.113160, 478, 370.0
560, 75.617284, 658.825967, 30.000000, 0.125713, 481, 374.0
561, 73.888889, 662.143258, 30.000000, 0.075849, 477, 371.0
562, 70.925926, 662.143258, 30.000000, 0.121224, 472, 451.0
563, 70.925926, 662.143258, 30.000000, 0.201782, 474, 369.0
564, 70.925926, 662.143258, 30.000000, 0.098439, 475, 369.0
565, 75.617284, 658.825967, 30.000000, 0.055913, 472, 367.0
566, 73.888889, 662.143258, 30.000000, 0.136607, 471, 366.0
567, 70.925926, 662.143258, 30.000000, 0.075879, 474, 369.0
568, 73.888889, 662.143258, 30.000000, 0.102099, 470, 366.0
569, 73.888889, 662.143258, 30.000000, 0.188428, 476, 370.0
570, 75.617284, 658.825967, 30.000000, 0.089229, 482, 375.0
571, 73.888889, 662.143258, 30.000000, 0.104262, 472, 367.0
572, 73.888889, 662.143258, 30.000000, 0.087542, 475, 370.0
573, 73.888889, 662.143258, 30.000000, 0.182958, 467, 364.0
574, 73.888889, 662.143258, 30.000000, 0.082132, 476, 369.0
575, 73.888889, 662.143258, 30.000000, 0.061567, 475, 368.0
576, 73.888889, 662.143258, 30.000000, 0.088316, 475, 368.0
577, 73.888889, 662.143258, 30.000000, 0.115329, 469, 383.0
578, 73.888889, 662.143258, 30.000000, 0.129505, 471, 367.0
579, 75.617284, 658.825967, 30.000000, 0.040893, 473, 367.0
580, 75.617284, 658.825967, 30.000000, 0.084507, 476, 370.0
581, 70.925926, 662.143258, 30.000000, 0.077149, 473, 368.0
582, 75.617284, 658.825967, 30.000000, 0.079692, 483, 375.0
583, 73.888889, 662.143258, 30.000000, 0.141591, 475, 371.0
584, 73.888889, 662.143258, 30.000000, 0.069805, 478, 372.0
585, 70.925926, 662.143258, 30.000000, 0.151157, 474, 369.0
586, 73.888889, 662.143258, 30.000000, 0.117509, 471, 367.0
587, 75.617284, 658.825967, 30.000000, 0.050467, 474, 401.0
588, 70.925926, 662.143258, 30.000000, 0.123401, 473, 367.0
589, 73.888889, 662.143258, 30.000000, 0.174159, 478, 371.0
590, 73.888889, 662.143258, 30.000000, 0.091744, 476, 370.0
591, 73.888889, 662.143258, 30.000000, 0.232820, 470, 366.0
592, 75.617284, 658.825967, 30.000000, 0.089502, 478, 372.0
593, 73.888889, 662.143258, 30.000000, 0.097402, 482, 374.0
594, 73.888889, 662.143258, 30.000000, 0.193527, 469, 365.0
595, 70.925926, 662.143258, 30.000000, 0.059172, 476, 370.0
596, 73.888889, 662.143258, 30.000000, 0.198087, 469, 366.0
597, 73.888889, 662.143258, 30.000000, 0.037789, 477, 378.0
598, 70.925926, 662.143258, 30.000000, 0.060973, 472, 478.0
599, 75.617284, 658.825967, 30.000000, 0.083295, 482, 383.0
600, 73.888889, 662.143258, 30.000000, 0.076109, 478, 371.0
601, 73.888889, 662.143258, 30.000000, 0.148113, 482, 375.0
602, 70.925926, 662.143258, 30.000000, 0.063491, 471, 366.0
603, 73.888889, 662.143258, 30.000000, 0.066948, 475, 368.0
604, 75.617284, 658.825967, 30.000000, 0.082516, 477, 370.0
605, 75.617284, 658.825967, 30.000000, 0.234882, 477, 372.0
606, 70.925926, 662.143258, 30.000000, 0.107940, 479, 372.0
607, 73.888889, 662.143258, 30.000000, 0.091245, 474, 378.0
608, 73.888889, 662.143258, 30.000000, 0.237207, 473, 368.0
609, 75.617284, 658.825967, 30.000000, 0.081057, 481, 374.0
610, 73.888889, 662.143258, 30.000000, 0.289386, 477, 385.0
611, 73.888889, 662.143258, 30.000000, 0.124101, 478, 370.0
612, 75.617284, 658.825967, 30.000000, 0.065637, 482, 424.0
613, 73.888889, 662.143258, 30.000000, 0.214976, 472, 367.0
614, 70.925926, 662.143258, 30.000000, 0.078883, 474, 369.0
615, 73.888889, 662.143258, 30.000000, 0.225893, 471, 367.0
616, 72.407407, 657.952996, 30.000000, 0.087389, 480, 373.0
617, 70.925926, 662.143258, 30.000000, 0.178471, 470, 371.0
618, 73.888889, 662.143258, 30.000000, 0.095191, 470, 388.0
619, 74.629630, 661.619475, 30.000000, 0.040840, 482, 374.0
620, 72.407407, 657.952996, 30.000000, 0.078147, 473, 368.0
621, 73.888889, 662.143258, 30.000000, 0.178204, 475, 370.0
622, 75.617284, 658.825967, 30.000000, 0.112597, 482, 375.0
623, 73.888889, 662.143258, 30.000000, 0.083128, 480, 374.0
624, 70.925926, 662.143258, 30.000000, 0.108333, 471, 367.0
625, 70.925926, 662.143258, 30.000000, 0.076076, 477, 379.0
626, 73.888889, 662.143258, 30.000000, 0.225228, 469, 379.0
627, 73.888889, 662.143258, 30.000000, 0.121891, 473, 368.0
628, 73.888889, 662.143258, 30.000000, 0.098631, 478, 372.0
629, 70.925926, 662.143258, 30.000000, 0.092631, 474, 369.0
630, 70.925926, 662.143258, 30.000000, 0.065271, 479, 372.0
631, 70.925926, 662.143258, 30.000000, 0.069062, 477, 368.0
632, 73.888889, 662.143258, 30.000000, 0.070051, 478, 369.0
633, 70.925926, 662.143258, 30.000000, 0.105405, 474, 369.0
634, 75.617284, 658.825967, 30.000000, 0.065065, 481, 373.0
635, 73.888889, 662.143258, 30.000000, 0.201509, 470, 366.0
636, 73.888889, 662.143258, 30.000000, 0.047786, 476, 368.0
637, 70.925926, 662.143258, 30.000000, 0.235482, 471, 364.0
638, 75.617284, 658.825967, 30.000000, 0.081212, 478, 371.0
639, 73.888889, 662.143258, 30.000000, 0.255510, 469, 364.0
640, 75.617284, 658.825967, 30.000000, 0.073991, 481, 374.0
641, 70.925926, 662.143258, 30.000000, 0.068351, 473, 366.0
642, 73.888889, 662.143258, 30.000000, 0.186938, 474, 366.0
643, 70.925926, 662.143258, 30.000000, 0.069190, 475, 366.0
644, 75.617284, 658.825967, 30.000000, 0.045763, 479, 370.0
645, 70.925926, 662.143258, 30.000000, 0.073166, 472, 444.0
646, 73.888889, 662.143258, 30.000000, 0.080658, 476, 370.0
647, 70.925926, 662.143258, 30.000000, 0.082800, 471, 398.0
648, 73.888889, 662.143258, 30.000000, 0.140248, 470, 366.0
649, 73.888889, 662.143258, 30.000000, 0.111166, 473, 367.0
650, 70.925926, 662.143258, 30.000000, 0.186842, 471, 365.0
651, 70.925926, 662.143258, 30.000000, 0.041991, 472, 364.0
652, 70.925926, 662.143258, 30.000000, 0.104060, 470, 365.0
653, 70.925926, 662.143258, 30.000000, 0.090427, 470, 366.0
654, 70.925926, 662.143258, 30.000000, 0.140278, 476, 370.0
655, 70.925926, 662.143258, 30.000000, 0.059490, 478, 371.0
656, 70.925926, 662.143258, 30.000000, 0.107159, 472, 368.0
657, 70.925926, 662.143258, 30.000000, 0.133185, 469, 365.0
658, 73.888889, 662.143258, 30.000000, 0.203351, 472, 377.0
659, 73.888889, 662.143258, 30.000000, 0.128401, 472, 467.0
660, 73.888889, 662.143258, 30.000000, 0.172987, 472, 367.0
661, 73.888889, 662.143258, 30.000000, 0.095612, 476, 370.0
662, 70.925926, 662.143258, 30.000000, 0.092647, 470, 365.0
663, 70.925926, 662.143258, 30.000000, 0.232109, 474, 369.0
664, 75.617284, 658.825967, 30.000000, 0.059856, 482, 387.0
665, 70.925926, 662.143258, 30.000000, 0.064368, 472, 368.0
666, 73.888889, 662.143258, 30.000000, 0.123025, 476, 369.0
667, 73.888889, 662.143258, 30.000000, 0.263938, 467, 362.0
668, 73.888889, 662.143258, 30.000000, 0.189225, 471, 366.0
669, 73.888889, 662.143258, 30.000000, 0.097514, 474, 367.0
670, 73.888889, 662.143258, 30.000000, 0.206938, 469, 363.0
671, 73.888889, 662.143258, 30.000000, 0.092596, 474, 368.0
672, 75.617284, 658.825967, 30.000000, 0.062351, 480, 373.0
673, 72.407407, 657.952996, 30.000000, 0.301098, 470, 365.0
674, 72.407407, 657.952996, 30.000000, 0.055213, 482, 375.0
675, 73.888889, 662.143258, 30.000000, 0.088383, 474, 369.0
676, 67.222222, 670.000000, 30.000000, 0.247535, 469, 365.0
677, 70.925926, 662.143258, 30.000000, 0.104909, 466, 365.0
678, 75.617284, 658.825967, 30.000000, 0.071828, 482, 374.0
679, 70.925926, 662.143258, 30.000000, 0.154139, 476, 369.0
680, 73.888889, 662.143258, 30.000000, 0.170111, 471, 366.0
681, 73.888889, 662.143258, 30.000000, 0.172464, 470, 382.0
682, 70.925926, 662.143258, 30.000000, 0.114562, 472, 367.0
683, 73.888889, 662.143258, 30.000000, 0.071997, 477, 422.0
684, 70.925926, 662.143258, 30.000000, 0.084949, 472, 367.0
685, 73.888889, 662.143258, 30.000000, 0.165089, 473, 368.0
686, 72.407407, 657.952996, 30.000000, 0.287553, 470, 366.0
687, 70.925926, 662.143258, 30.000000, 0.157659, 475, 370.0
688, 73.888889, 662.143258, 30.000000, 0.105837, 474, 369.0
689, 73.888889, 662.143258, 30.000000, 0.249000, 470, 367.0
690, 70.925926, 662.143258, 30.000000, 0.084029, 476, 370.0
691, 73.888889, 662.143258, 30.000000, 0.167205, 477, 371.0
692, 73.888889, 662.143258, 30.000000, 0.076453, 479, 372.0
693, 73.888889, 662.143258, 30.000000, 0.070791, 475, 369.0
694, 73.888889, 662.143258, 30.000000, 0.143912, 473, 368.0
695, 73.888889, 662.143258, 30.000000, 0.218949, 474, 369.0
696, 70.925926, 662.143258, 30.000000, 0.091363, 469, 422.0
697, 73.888889, 662.143258, 30.000000, 0.105870, 474, 367.0
698, 70.925926, 662.143258, 30.000000, 0.217820, 477, 370.0
699, 70.925926, 662.143258, 30.000000, 0.132172, 473, 367.0
700, 70.925926, 662.143258, 30.000000, 0.088277, 477, 369.0
701, 73.888889, 662.143258, 30.000000, 0.113839, 474, 387.0
702, 70.925926, 662.143258, 30.000000, 0.074351, 471, 379.0
703, 73.888889, 662.143258, 30.000000, 0.270735, 468, 364.0
704, 70.925926, 662.143258, 30.000000, 0.166940, 476, 371.0
705, 70.925926, 662.143258, 30.000000, 0.165591, 472, 375.0
706, 70.925926, 662.143258, 30.000000, 0.055934, 479, 372.0
707, 73.888889, 662.143258, 30.000000, 0.043176, 480, 374.0
708, 70.925926, 662.143258, 30.000000, 0.323443, 472, 378.0
709, 75.617284, 658.825967, 30.000000, 0.116233, 480, 373.0
710, 73.888889, 662.143258, 30.000000, 0.171830, 476, 377.0
711, 70.925926, 662.143258, 30.000000, 0.089742, 472, 367.0
712, 70.925926, 662.143258, 30.000000, 0.069546, 470, 366.0
713, 73.888889, 662.143258, 30.000000, 0.199712, 474, 370.0
714, 73.888889, 662.143258, 30.000000, 0.065676, 476, 370.0
715, 73.888889, 662.143258, 30.000000, 0.225069, 474, 368.0
716, 70.925926, 662.143258, 30.000000, 0.061680, 477, 370.0
717, 73.888889, 662.143258, 30.000000, 0.260702, 477, 372.0
718, 70.925926, 662.143258, 30.000000, 0.142957, 471, 367.0
719, 72.407407, 657.952996, 30.000000, 0.435025, 467, 363.0
720, 73.888889, 662.143258, 30.000000, 0.130779, 471, 367.0
721, 73.888889, 662.143258, 30.000000, 0.297124, 476, 382.0
722, 70.925926, 662.143258, 30.000000, 0.135215, 473, 379.0
723, 73.888889, 662.143258, 30.000000, 0.355146, 471, 367.0
724, 75.617284, 658.825967, 30.000000, 0.061204, 482, 374.0
725, 70.925926, 662.143258, 30.000000, 0.213218, 474, 368.0
726, 72.407407, 657.952996, 30.000000, 0.143094, 474, 369.0
727, 70.925926, 662.143258, 30.000000, 0.074596, 473, 367.0
728, 73.888889, 662.143258, 30.000000, 0.065015, 471, 367.0
729, 75.617284, 658.825967, 30.000000, 0.058287, 476, 370.0
730, 73.888889, 662.143258, 30.000000, 0.172511, 473, 369.0
731, 70.925926, 662.143258, 30.000000, 0.239284, 472, 368.0
732, 75.617284, 658.825967, 30.000000, 0.090153, 479, 404.0
733, 73.888889, 662.143258, 30.000000, 0.109509, 471, 366.0
734, 73.888889, 662.143258, 30.000000, 0.165037, 476, 369.0
735, 70.925926, 662.143258, 30.000000, 0.084063, 476, 424.0
736, 70.925926, 662.143258, 30.000000, 0.117398, 476, 371.0
737, 73.888889, 662.143258, 30.000000, 0.142853, 470, 365.0
738, 70.925926, 662.143258, 30.000000, 0.101297, 477, 430.0
739, 73.888889, 662.143258, 30.000000, 0.108121, 480, 373.0
740, 70.925926, 662.143258, 30.000000, 0.084409, 472, 467.0
741, 73.888889, 662.143258, 30.000000, 0.138213, 472, 368.0
742, 73.888889, 662.143258, 30.000000, 0.138730, 467, 364.0
743, 73.888889, 662.143258, 30.000000, 0.121706, 476, 389.0
744, 73.888889, 662.143258, 30.000000, 0.071040, 472, 396.0
745, 73.888889, 662.143258, 30.000000, 0.126980, 467, 386.0
746, 70.925926, 662.143258, 30.000000, 0.090323, 476, 383.0
747, 73.888889, 662.143258, 30.000000, 0.208683, 472, 367.0
748, 73.888889, 662.143258, 30.000000, 0.311429, 471, 365.0
749, 70.925926, 662.143258, 30.000000, 0.080761, 475, 369.0
750, 73.888889, 662.143258, 30.000000, 0.128218, 476, 377.0
751, 75.617284, 658.825967, 30.000000, 0.063731, 480, 374.0
752, 73.888889, 662.143258, 30.000000, 0.195729, 470, 365.0
753, 70.925926, 662.143258, 30.000000, 0.176875, 476, 370.0
754, 70.925926, 662.143258, 30.000000, 0.240376, 472, 367.0
755, 70.925926, 662.143258, 30.000000, 0.208057, 471, 403.0
756, 73.888889, 662.143258, 30.000000, 0.128770, 470, 396.0
757, 73.888889, 662.143258, 30.000000, 0.095001, 472, 367.0
758, 70.925926, 662.143258, 30.000000, 0.217428, 474, 369.0
759, 70.925926, 662.143258, 30.000000, 0.174243, 470, 379.0
760, 70.925926, 662.143258, 30.000000, 0.195375, 474, 375.0
761, 75.617284, 658.825967, 30.000000, 0.065153, 485, 377.0
762, 73.888889, 662.143258, 30.000000, 0.104826, 475, 383.0
763, 73.888889, 662.143258, 30.000000, 0.301986, 470, 415.0
764, 70.925926, 662.143258, 30.000000, 0.254346, 475, 368.0
765, 70.925926, 662.143258, 30.000000, 0.105844, 478, 393.0
766, 70.925926, 662.143258, 30.000000, 0.252648, 475, 369.0
767, 73.888889, 662.143258, 30.000000, 0.168868, 474, 370.0
768, 73.888889, 662.143258, 30.000000, 0.095471, 475, 382.0
769, 75.617284, 658.825967, 30.000000, 0.101072, 482, 375.0
770, 73.888889, 662.143258, 30.000000, 0.077866, 480, 381.0
771, 73.888889, 662.143258, 30.000000, 0.054637, 474, 368.0
772, 73.888889, 662.143258, 30.000000, 0.134825, 472, 367.0
773, 73.888889, 662.143258, 30.000000, 0.146320, 468, 364.0
774, 73.888889, 662.143258, 30.000000, 0.101698, 472, 367.0
775, 70.925926, 662.143258, 30.000000, 0.133916, 473, 379.0
776, 73.888889, 662.143258, 30.000000, 0.167129, 473, 367.0
777, 73.888889, 662.143258, 30.000000, 0.157796, 469, 365.0
778, 70.925926, 662.143258, 30.000000, 0.062469, 469, 374.0
779, 73.888889, 662.143258, 30.000000, 0.124189, 474, 368.0
780, 73.888889, 662.143258, 30.000000, 0.075176, 470, 430.0
781, 75.617284, 658.825967, 30.000000, 0.077464, 479, 372.0
782, 73.888889, 662.143258, 30.000000, 0.056632, 475, 368.0
783, 73.888889, 662.143258, 30.000000, 0.144965, 472, 364.0
784, 73.888889, 662.143258, 30.000000, 0.135295, 470, 376.0
785, 70.925926, 662.143258, 30.000000, 0.097242, 472, 409.0
786, 70.925926, 662.143258, 30.000000, 0.126568, 476, 371.0
787, 73.888889, 662.143258, 30.000000, 0.108474, 472, 368.0
788, 73.888889, 662.143258, 30.000000, 0.224050, 472, 368.0
789, 73.888889, 662.143258, 30.000000, 0.151992, 474, 370.0
790, 70.925926, 662.143258, 30.000000, 0.044461, 476, 478.0
791, 70.925926, 662.143258, 30.000000, 0.149836, 473, 367.0
792, 73.888889, 662.143258, 30.000000, 0.083398, 471, 392.0
793, 73.888889, 662.143258, 30.000000, 0.042774, 473, 369.0
794, 73.888889, 662.143258, 30.000000, 0.214298, 469, 366.0
795, 72.407407, 657.952996, 30.000000, 0.185359, 468, 380.0
796, 73.888889, 662.143258, 30.000000, 0.115870, 473, 368.0
797, 70.925926, 662.143258, 30.000000, 0.259082, 472, 367.0
798, 73.888889, 662.143258, 30.000000, 0.107172, 474, 368.0
799, 73.888889, 662.143258, 30.000000, 0.207667, 472, 368.0
800, 73.888889, 662.143258, 30.000000, 0.147802, 481, 380.0
801, 70.925926, 662.143258, 30.000000, 0.091011, 474, 369.0
802, 73.888889, 662.143258, 30.000000, 0.110155, 476, 370.0
803, 73.888889, 662.143258, 30.000000, 0.371442, 469, 374.0
804, 73.888889, 662.143258, 30.000000, 0.193176, 474, 369.0
805, 73.888889, 662.143258, 30.000000, 0.195875, 477, 435.0
806, 70.925926, 662.143258, 30.000000, 0.090530, 479, 372.0
807, 73.888889, 662.143258, 30.000000, 0.229294, 471, 367.0
808, 73.888889, 662.143258, 30.000000, 0.060596, 475, 369.0
809, 73.888889, 662.143258, 30.000000, 0.179968, 477, 371.0
810, 70.925926, 662.143258, 30.000000, 0.384376, 467, 377.0
811, 73.888889, 662.143258, 30.000000, 0.100411, 468, 366.0
812, 70.925926, 662.143258, 30.000000, 0.068211, 473, 369.0
813, 73.888889, 662.143258, 30.000000, 0.156737, 469, 366.0
814, 70.925926, 662.143258, 30.000000, 0.216420, 472, 367.0
815, 72.407407, 657.952996, 30.000000, 0.139191, 474, 376.0
816, 70.925926, 662.143258, 30.000000, 0.227751, 473, 378.0
817, 73.888889, 662.143258, 30.000000, 0.092892, 472, 367.0
818, 70.925926, 662.143258, 30.000000, 0.087308, 472, 366.0
819, 70.925926, 662.143258, 30.000000, 0.092295, 476, 370.0
820, 70.925926, 662.143258, 30.000000, 0.198055, 472, 380.0
821, 73.888889, 662.143258, 30.000000, 0.209492, 467, 364.0
822, 73.888889, 662.143258, 30.000000, 0.084527, 476, 385.0
823, 70.925926, 662.143258, 30.000000, 0.096502, 475, 369.0
824, 70.925926, 662.143258, 30.000000, 0.097113, 474, 369.0
825, 70.925926, 662.143258, 30.000000, 0.065973, 467, 368.0
826, 75.617284, 658.825967, 30.000000, 0.060514, 482, 375.0
827, 70.925926, 662.143258, 30.000000, 0.089228, 469, 366.0
828, 70.925926, 662.143258, 30.000000, 0.263709, 470, 366.0
829, 70.925926, 662.143258, 30.000000, 0.152654, 470, 366.0
830, 70.925926, 662.143258, 30.000000, 0.078469, 470, 380.0
831, 70.925926, 662.143258, 30.000000, 0.101639, 465, 362.0
832, 70.925926, 662.143258, 30.000000, 0.092554, 476, 369.0
833, 71.666667, 670.000000, 30.000000, 0.602283, 469, 365.0
834, 73.888889, 662.143258, 30.000000, 0.390367, 469, 365.0
835, 70.925926, 662.143258, 30.000000, 0.144557, 474, 373.0
836, 72.407407, 657.952996, 30.000000, 0.190482, 478, 373.0
837, 73.888889, 662.143258, 30.000000, 0.224398, 472, 367.0
838, 70.925926, 662.143258, 30.000000, 0.281795, 477, 371.0
839, 73.888889, 662.143258, 30.000000, 0.133724, 469, 365.0
840, 70.925926, 662.143258, 30.000000, 0.124601, 473, 371.0
841, 70.925926, 662.143258, 30.000000, 0.149161, 470, 366.0
842, 73.888889, 662.143258, 30.000000, 0.149363, 470, 366.0
843, 70.925926, 662.143258, 30.000000, 0.157037, 473, 368.0
844, 70.925926, 662.143258, 30.000000, 0.056798, 477, 371.0
845, 75.617284, 658.825967, 30.000000, 0.055689, 480, 374.0
846, 70.925926, 662.143258, 30.000000, 0.228349, 470, 366.0
847, 75.617284, 658.825967, 30.000000, 0.032100, 477, 371.0
848, 73.888889, 662.143258, 30.000000, 0.403314, 470, 385.0
849, 70.925926, 662.143258, 30.000000, 0.091778, 472, 367.0
850, 72.407407, 657.952996, 30.000000, 0.155455, 466, 363.0
851, 73.888889, 662.143258, 30.000000, 0.289680, 468, 364.0
852, 70.925926, 662.143258, 30.000000, 0.081076, 469, 365.0
853, 70.925926, 662.143258, 30.000000, 0.078559, 471, 476.0
854, 70.925926, 662.143258, 30.000000, 0.747002, 472, 368.0
855, 70.925926, 662.143258, 30.000000, 0.080404, 478, 390.0
856, 70.925926, 662.143258, 30.000000, 0.213701, 472, 367.0
857, 73.888889, 662.143258, 30.000000, 0.330694, 468, 365.0
858, 70.925926, 662.143258, 30.000000, 0.190988, 470, 365.0
859, 73.888889, 662.143258, 30.000000, 0.085429, 478, 371.0
860, 70.925926, 662.143258, 30.000000, 0.119871, 469, 377.0
861, 73.888889, 662.143258, 30.000000, 0.082575, 469, 366.0
862, 73.888889, 662.143258, 30.000000, 0.128696, 468, 365.0
863, 70.925926, 662.143258, 30.000000, 0.108290, 469, 364.0
864, 70.925926, 662.143258, 30.000000, 0.156769, 471, 366.0
865, 73.888889, 662.143258, 30.000000, 0.278925, 473, 495.0
866, 72.407407, 657.952996, 30.000000, 0.136758, 479, 372.0
867, 70.925926, 662.143258, 30.000000, 0.069407, 477, 387.0
868, 73.888889, 662.143258, 30.000000, 0.132704, 472, 367.0
869, 73.888889, 662.143258, 30.000000, 0.055670, 475, 369.0
870, 73.888889, 662.143258, 30.000000, 0.101745, 471, 371.0
871, 70.925926, 662.143258, 30.000000, 0.110724, 475, 369.0
872, 73.888889, 662.143258, 30.000000, 0.088580, 469, 364.0
873, 73.888889, 662.143258, 30.000000, 0.127770, 472, 367.0
874, 70.925926, 662.143258, 30.000000, 0.074122, 470, 364.0
875, 73.888889, 662.143258, 30.000000, 0.266326, 471, 366.0
876, 72.407407, 657.952996, 30.000000, 0.119676, 476, 370.0
877, 70.925926, 662.143258, 30.000000, 0.075315, 471, 366.0
878, 73.888889, 662.143258, 30.000000, 0.268581, 470, 366.0
879, 70.925926, 662.143258, 30.000000, 0.155473, 477, 371.0
880, 70.925926, 662.143258, 30.000000, 0.081104, 470, 366.0
881, 70.925926, 662.143258, 30.000000, 0.153960, 472, 368.0
882, 70.925926, 662.143258, 30.000000, 0.129032, 471, 366.0
883, 73.888889, 662.143258, 30.000000, 0.148528, 478, 372.0
884, 70.925926, 662.143258, 30.000000, 0.202998, 471, 366.0
885, 73.888889, 662.143258, 30.000000, 0.093750, 473, 367.0
886, 70.925926, 662.143258, 30.000000, 0.143474, 471, 368.0
887, 73.888889, 662.143258, 30.000000, 0.290497, 470, 366.0
888, 73.888889, 662.143258, 30.000000, 0.133974, 475, 369.0
889, 73.888889, 662.143258, 30.000000, 0.170106, 471, 367.0
890, 70.925926, 662.143258, 30.000000, 0.068723, 471, 367.0
891, 73.888889, 662.143258, 30.000000, 0.140701, 476, 371.0
892, 73.888889, 662.143258, 30.000000, 0.271463, 469, 365.0
893, 73.888889, 662.143258, 30.000000, 0.091058, 475, 370.0
894, 70.925926, 662.143258, 30.000000, 0.305504, 470, 365.0
895, 70.925926, 662.143258, 30.000000, 0.065956, 476, 368.0
896, 70.925926, 662.143258, 30.000000, 0.258931, 475, 370.0
897, 70.925926, 662.143258, 30.000000, 0.072927, 474, 369.0
898, 70.925926, 662.143258, 30.000000, 0.065956, 476, 369.0
899, 75.617284, 658.825967, 30.000000, 0.083046, 474, 367.0
900, 70.925926, 662.143258, 30.000000, 0.112223, 477, 371.0
901, 73.888889, 662.143258, 30.000000, 0.130906, 473, 368.0
902, 73.888889, 662.143258, 30.000000, 0.261815, 476, 394.0
903, 72.407407, 657.952996, 30.000000, 0.134468, 474, 368.0
904, 70.925926, 662.143258, 30.000000, 0.068733, 469, 365.0
905, 70.925926, 662.143258, 30.000000, 0.154582, 471, 368.0
906, 73.888889, 662.143258, 30.000000, 0.347068, 470, 425.0
907, 70.925926, 662.143258, 30.000000, 0.149451, 473, 367.0
908, 70.925926, 662.143258, 30.000000, 0.065389, 478, 371.0
909, 73.888889, 662.143258, 30.000000, 0.135179, 474, 369.0
910, 70.925926, 662.143258, 30.000000, 0.327732, 473, 367.0
911, 73.888889, 662.143258, 30.000000, 0.271062, 467, 410.0
912, 73.888889, 662.143258, 30.000000, 0.231737, 477, 372.0
913, 70.925926, 662.143258, 30.000000, 0.157049, 474, 369.0
914, 70.925926, 662.143258, 30.000000, 0.044949, 474, 411.0
915, 70.925926, 662.143258, 30.000000, 0.306116, 473, 368.0
916, 70.925926, 662.143258, 30.000000, 0.280405, 467, 363.0
917, 75.617284, 658.825967, 30.000000, 0.056401, 472, 366.0
918, 70.925926, 662.143258, 30.000000, 0.161581, 477, 370.0
919, 70.925926, 662.143258, 30.000000, 0.227431, 473, 368.0
920, 73.888889, 662.143258, 30.000000, 0.216717, 471, 367.0
921, 70.925926, 662.143258, 30.000000, 0.097912, 477, 372.0
922, 70.925926, 662.143258, 30.000000, 0.055020, 477, 371.0
923, 73.888889, 662.143258, 30.000000, 0.204642, 471, 366.0
924, 73.888889, 662.143258, 30.000000, 0.114973, 471, 367.0
925, 70.925926, 662.143258, 30.000000, 0.094801, 475, 389.0
926, 70.925926, 662.143258, 30.000000, 0.118537, 474, 563.0
927, 73.888889, 662.143258, 30.000000, 0.083655, 464, 406.0
928, 73.888889, 662.143258, 30.000000, 0.139580, 467, 363.0
929, 70.925926, 662.143258, 30.000000, 0.142502, 470, 364.0
930, 72.407407, 657.952996, 30.000000, 0.095642, 477, 378.0
931, 73.888889, 662.143258, 30.000000, 0.174640, 473, 367.0
932, 73.888889, 662.143258, 30.000000, 0.058960, 474, 388.0
933, 73.888889, 662.143258, 30.000000, 0.133890, 472, 368.0
934, 73.888889, 662.143258, 30.000000, 0.040547, 476, 368.0
935, 73.888889, 662.143258, 30.000000, 0.176742, 479, 407.0
936, 70.925926, 662.143258, 30.000000, 0.076248, 474, 377.0
937, 75.617284, 658.825967, 30.000000, 0.116668, 479, 371.0
938, 75.617284, 658.825967, 30.000000, 0.109161, 475, 403.0
939, 70.925926, 662.143258, 30.000000, 0.060260, 472, 472.0
940, 73.888889, 662.143258, 30.000000, 0.040567, 478, 379.0
941, 73.888889, 662.143258, 30.000000, 0.135379, 475, 370.0
942, 73.888889, 662.143258, 30.000000, 0.166297, 476, 370.0
943, 70.925926, 662.143258, 30.000000, 0.040145, 477, 371.0
944, 73.888889, 662.143258, 30.000000, 0.111509, 469, 364.0
945, 73.888889, 662.143258, 30.000000, 0.064884, 476, 530.0
946, 70.925926, 662.143258, 30.000000, 0.142011, 471, 366.0
947, 70.925926, 662.143258, 30.000000, 0.140960, 475, 369.0
948, 73.888889, 662.143258, 30.000000, 0.105596, 477, 370.0
949, 70.925926, 662.143258, 30.000000, 0.147610, 473, 420.0
950, 73.888889, 662.143258, 30.000000, 0.197527, 474, 438.0
951, 73.888889, 662.143258, 30.000000, 0.080865, 475, 369.0
952, 73.888889, 662.143258, 30.000000, 0.075835, 472, 367.0
953, 70.925926, 662.143258, 30.000000, 0.171499, 473, 368.0
954, 73.888889, 662.143258, 30.000000, 0.158850, 474, 369.0
955, 70.925926, 662.143258, 30.000000, 0.091832, 471, 368.0
956, 73.888889, 662.143258, 30.000000, 0.157391, 471, 367.0
957, 72.407407, 657.952996, 30.000000, 0.188594, 473, 368.0
958, 73.888889, 662.143258, 30.000000, 0.065843, 482, 374.0
959, 70.925926, 662.143258, 30.000000, 0.123553, 477, 371.0
960, 70.925926, 662.143258, 30.000000, 0.161299, 470, 366.0
961, 70.925926, 662.143258, 30.000000, 0.197663, 472, 367.0
962, 72.407407, 657.952996, 30.000000, 0.123446, 480, 375.0
963, 73.888889, 662.143258, 30.000000, 0.154648, 472, 367.0
964, 73.888889, 662.143258, 30.000000, 0.122525, 473, 368.0
965, 72.407407, 657.952996, 30.000000, 0.082138, 474, 368.0
966, 73.888889, 662.143258, 30.000000, 0.080461, 471, 367.0
967, 73.888889, 662.143258, 30.000000, 0.370685, 471, 366.0
968, 70.925926, 662.143258, 30.000000, 0.117992, 472, 367.0
969, 75.617284, 658.825967, 30.000000, 0.043462, 479, 372.0
970, 75.617284, 658.825967, 30.000000, 0.079945, 478, 372.0
971, 73.888889, 662.143258, 30.000000, 0.154512, 477, 371.0
972, 70.925926, 662.143258, 30.000000, 0.064596, 474, 367.0
973, 70.925926, 662.143258, 30.000000, 0.076125, 473, 389.0
974, 73.888889, 662.143258, 30.000000, 0.144680, 468, 364.0
975, 73.888889, 662.143258, 30.000000, 0.264532, 471, 386.0
976, 72.407407, 657.952996, 30.000000, 0.142552, 475, 369.0
977, 73.888889, 662.143258, 30.000000, 0.189225, 473, 368.0
978, 73.888889, 662.143258, 30.000000, 0.117373, 470, 367.0
979, 73.888889, 662.143258, 30.000000, 0.143265, 473, 369.0
980, 70.925926, 662.143258, 30.000000, 0.225298, 474, 369.0
981, 73.888889, 662.143258, 30.000000, 0.149880, 474, 369.0
982, 73.888889, 662.143258, 30.000000, 0.208491, 470, 366.0
983, 73.888889, 662.143258, 30.000000, 0.100707, 476, 370.0
984, 72.407407, 657.952996, 30.000000, 0.293352, 469, 365.0
985, 70.925926, 662.143258, 30.000000, 0.177524, 470, 366.0
986, 70.925926, 662.143258, 30.000000, 0.095334, 467, 391.0
987, 73.888889, 662.143258, 30.000000, 0.301539, 468, 363.0
988, 70.925926, 662.143258, 30.000000, 0.113853, 468, 365.0
989, 70.925926, 662.143258, 30.000000, 0.121829, 469, 366.0
990, 73.888889, 662.143258, 30.000000, 0.247729, 470, 374.0
991, 73.888889, 662.143258, 30.000000, 0.205527, 472, 368.0
992, 73.888889, 662.143258, 30.000000, 0.094375, 476, 370.0
993, 73.888889, 662.143258, 30.000000, 0.127742, 469, 365.0
994, 73.888889, 662.143258, 30.000000, 0.166703, 472, 366.0
995, 70.925926, 662.143258, 30.000000, 0.088005, 476, 391.0
996, 74.629630, 661.619475, 30.000000, 0.069165, 477, 388.0
997, 73.888889, 662.143258, 30.000000, 0.102079, 477, 370.0
998, 70.925926, 662.143258, 30.000000, 0.151959, 478, 372.0
999, 70.925926, 662.143258, 30.000000, 0.127184, 473, 368.0
