#idx, x0, x1, x2, y, f_neval, total_time (us), 
0, 68.342080, 665.499175, 39.387921, 0.108142, 5020, 3965.0
1, 71.969642, 660.196205, 45.946610, 0.102397, 4962, 3679.0
2, 74.987011, 661.146722, 35.317021, 0.042772, 4984, 3626.0
3, 70.671846, 661.311983, 39.125439, 0.078597, 5016, 3641.0
4, 71.392117, 662.624893, 38.599618, 0.107384, 5001, 3758.0
5, 76.459711, 660.807870, 28.592538, 0.034003, 4974, 3613.0
6, 69.664904, 661.759748, 44.457948, 0.084713, 5018, 3832.0
7, 74.103229, 660.105587, 44.177017, 0.081103, 4963, 3682.0
8, 69.680660, 662.273146, 41.829831, 0.135722, 5021, 3925.0
9, 70.766475, 661.383659, 39.704969, 0.070080, 5002, 3651.0
10, 74.057953, 659.968102, 38.927868, 0.086045, 5005, 3654.0
11, 78.455063, 660.522927, 30.975297, 0.081684, 4974, 3634.0
12, 75.121608, 660.122070, 36.847567, 0.062554, 4991, 3704.0
13, 77.283084, 659.631478, 31.179869, 0.052967, 4980, 3620.0
14, 74.593053, 660.412270, 38.503133, 0.051730, 4984, 3779.0
15, 73.155527, 660.581838, 36.115825, 0.044215, 4990, 3701.0
16, 74.979470, 660.617503, 32.055528, 0.044869, 4978, 3785.0
17, 76.305367, 660.952281, 28.367349, 0.037721, 4978, 3613.0
18, 74.153352, 659.546180, 36.034070, 0.034948, 4979, 3644.0
19, 77.090285, 660.856033, 34.630179, 0.087685, 4973, 3649.0
20, 76.021750, 659.996854, 33.763328, 0.074252, 4975, 3678.0
21, 74.723003, 661.345089, 29.767065, 0.065474, 4992, 3790.0
22, 69.668915, 661.807014, 40.487553, 0.102172, 5015, 3656.0
23, 71.840938, 660.543939, 39.999329, 0.067001, 4998, 3774.0
24, 70.886131, 661.962789, 41.766561, 0.085544, 5012, 3661.0
25, 74.147894, 659.385346, 38.453743, 0.059837, 4986, 3705.0
26, 69.763971, 660.960091, 42.668386, 0.193512, 5006, 3652.0
27, 67.731174, 661.042085, 45.319431, 0.147862, 5024, 3672.0
28, 71.862993, 660.312768, 38.974018, 0.072531, 5015, 3673.0
29, 72.425666, 660.528612, 42.214496, 0.074904, 4996, 3670.0
30, 72.614904, 660.344315, 39.033240, 0.062078, 5005, 3638.0
31, 69.062963, 662.043785, 42.611549, 0.136329, 5017, 3715.0
32, 78.429753, 658.721665, 32.652720, 0.056905, 4989, 3708.0
33, 75.574746, 658.521579, 34.896506, 0.045001, 4987, 3779.0
34, 71.703340, 660.165368, 43.850453, 0.068786, 5026, 3813.0
35, 71.732957, 662.907117, 38.273908, 0.040595, 5019, 3669.0
36, 67.222312, 658.837433, 48.205053, 0.172139, 5026, 3905.0
37, 72.743511, 659.488583, 40.285550, 0.037192, 4982, 3623.0
38, 70.359329, 659.141435, 46.927572, 0.060564, 4988, 3924.0
39, 72.654847, 660.196848, 35.157729, 0.065909, 4999, 3641.0
40, 68.116419, 662.026822, 42.510059, 0.073311, 5021, 3792.0
41, 70.736691, 662.752600, 37.944346, 0.071303, 5022, 3926.0
42, 69.621926, 663.550246, 34.755275, 0.101686, 5018, 3686.0
43, 72.244440, 660.754503, 43.670377, 0.071751, 5017, 3899.0
44, 70.799392, 661.750376, 40.075117, 0.075278, 5010, 3658.0
45, 71.457396, 661.201372, 37.691921, 0.040615, 5015, 3662.0
46, 70.631831, 660.544226, 43.548370, 0.145029, 4997, 3677.0
47, 77.462036, 659.244674, 31.885379, 0.073654, 4965, 3813.0
48, 71.927891, 661.183198, 41.378968, 0.052370, 5010, 3938.0
49, 77.154556, 658.639379, 30.508587, 0.020894, 4990, 3784.0
50, 68.337844, 661.408960, 41.745417, 0.163895, 5016, 3705.0
51, 70.694398, 659.492390, 42.296305, 0.139091, 4976, 3783.0
52, 69.072331, 662.676822, 37.818929, 0.061305, 5026, 3641.0
53, 72.218903, 661.109594, 38.158018, 0.047411, 5002, 3634.0
54, 75.393213, 659.751339, 31.566248, 0.041562, 4958, 3631.0
55, 69.593591, 659.965299, 44.638784, 0.076446, 5008, 3841.0
56, 70.134465, 663.139515, 43.072592, 0.076653, 5017, 4671.0
57, 66.637039, 659.512335, 46.511092, 0.220987, 5022, 5237.0
58, 70.366635, 660.848457, 44.603779, 0.121305, 5007, 3790.0
59, 72.908968, 660.502309, 35.508203, 0.036910, 5006, 3721.0
60, 73.281174, 660.430223, 37.465650, 0.061332, 4982, 4225.0
61, 74.503136, 660.689973, 31.229733, 0.034809, 5010, 3641.0
62, 68.856169, 662.508078, 36.987422, 0.065985, 5024, 3642.0
63, 77.452939, 659.297814, 28.902221, 0.072679, 4964, 3609.0
64, 72.524750, 659.412186, 45.028444, 0.141673, 4971, 3622.0
65, 70.099431, 659.995882, 38.889608, 0.068634, 5006, 3671.0
66, 68.680649, 659.736295, 44.000912, 0.076858, 5021, 3667.0
67, 74.073294, 659.783749, 34.743265, 0.024847, 5002, 3905.0
68, 69.185199, 659.831885, 45.051289, 0.070022, 5022, 4046.0
69, 68.474728, 661.805316, 41.774498, 0.082409, 5023, 4193.0
70, 68.146093, 660.096261, 44.169486, 0.107721, 5022, 3914.0
71, 73.674522, 659.817180, 41.211323, 0.061687, 4967, 3754.0
72, 70.818872, 663.729614, 37.647535, 0.083290, 5016, 3768.0
73, 68.673069, 660.716586, 44.531348, 0.041677, 5023, 3680.0
74, 69.039522, 662.635357, 37.625155, 0.065657, 5023, 3772.0
75, 71.957911, 660.631734, 37.192338, 0.032030, 5000, 3636.0
76, 68.414897, 664.192555, 35.594974, 0.094075, 5021, 3765.0
77, 65.831278, 662.329914, 44.233337, 0.114780, 5027, 3662.0
78, 76.044264, 659.102170, 37.654056, 0.035480, 4969, 3662.0
79, 70.644717, 660.207362, 43.770327, 0.139303, 4998, 3667.0
80, 70.045011, 661.085127, 38.463732, 0.028836, 5013, 3657.0
81, 70.316109, 661.826958, 40.428637, 0.038196, 5020, 3660.0
82, 67.533808, 662.360375, 42.824160, 0.105546, 5018, 3664.0
83, 69.212216, 662.273205, 39.601187, 0.061081, 5016, 3727.0
84, 69.605483, 660.103622, 43.418338, 0.119790, 5002, 3706.0
85, 67.871929, 661.717475, 43.871379, 0.112042, 5018, 3644.0
86, 74.455555, 660.809785, 33.613960, 0.032271, 4992, 3735.0
87, 68.331442, 662.207442, 41.325645, 0.077597, 5021, 3655.0
88, 64.732902, 665.079582, 39.720944, 0.214843, 5024, 3829.0
89, 71.853278, 660.934251, 38.441849, 0.051035, 5004, 3639.0
90, 69.113340, 660.270976, 45.514622, 0.059990, 5022, 3679.0
91, 71.613096, 660.695683, 38.375998, 0.051081, 4995, 3639.0
92, 67.629083, 666.075124, 50.798497, 0.047560, 5010, 3685.0
93, 70.256942, 660.649684, 42.679420, 0.042760, 5004, 3723.0
94, 71.056839, 660.621402, 46.473853, 0.057499, 5014, 3644.0
95, 74.855397, 660.967989, 32.281856, 0.049694, 4996, 3634.0
96, 71.842710, 660.095954, 39.427883, 0.029778, 5002, 3662.0
97, 70.375030, 661.585919, 43.667922, 0.043621, 5026, 3725.0
98, 73.106429, 660.752608, 37.011530, 0.044411, 5004, 3650.0
99, 71.014206, 662.066493, 37.700389, 0.043560, 4999, 3633.0
100, 69.499845, 660.548293, 46.130420, 0.046834, 5024, 3738.0
101, 69.617815, 662.821704, 44.307723, 0.145941, 5023, 3773.0
102, 68.449939, 661.679510, 43.409483, 0.079400, 5014, 3667.0
103, 68.283975, 661.089025, 43.771843, 0.047087, 5023, 3783.0
104, 67.812135, 661.142139, 40.836212, 0.127177, 5024, 3669.0
105, 69.632336, 661.990576, 36.151173, 0.076358, 5025, 4060.0
106, 68.822571, 659.560108, 43.541508, 0.083171, 5020, 3788.0
107, 75.709388, 657.719409, 42.979476, 0.076643, 4945, 3614.0
108, 69.678019, 661.914711, 41.030373, 0.056933, 5017, 3773.0
109, 66.174628, 661.539049, 43.786419, 0.156480, 5020, 3750.0
110, 72.064111, 660.803624, 39.287102, 0.076765, 5008, 3656.0
111, 71.817807, 661.809411, 35.474685, 0.062651, 5014, 3701.0
112, 76.256579, 659.547421, 31.466869, 0.037345, 4987, 3928.0
113, 68.870080, 661.663018, 43.598021, 0.078690, 5018, 4979.0
114, 69.461942, 661.532157, 43.777664, 0.076682, 5014, 3703.0
115, 73.598241, 661.440747, 31.937940, 0.028878, 5000, 3695.0
116, 73.053281, 659.466460, 35.133974, 0.041601, 4987, 3609.0
117, 72.068220, 660.807203, 44.229320, 0.047301, 5001, 3633.0
118, 69.261510, 663.174970, 39.460763, 0.059614, 5022, 3631.0
119, 73.169789, 658.753236, 39.598765, 0.029226, 4983, 3614.0
120, 69.020294, 662.338984, 39.802357, 0.062624, 5020, 3633.0
121, 65.306981, 661.896099, 44.371472, 0.186779, 5016, 3636.0
122, 76.871628, 659.719109, 30.581340, 0.076675, 4970, 3593.0
123, 69.977543, 662.273852, 41.870323, 0.032873, 5013, 3634.0
124, 73.954889, 659.099810, 35.906436, 0.033576, 4989, 3610.0
125, 71.903666, 659.176415, 42.897112, 0.052713, 4993, 3621.0
126, 68.360759, 659.925044, 43.240968, 0.050255, 5019, 3638.0
127, 67.776687, 661.793827, 40.041562, 0.079396, 5016, 3646.0
128, 67.960851, 659.470514, 43.881109, 0.143142, 5011, 3647.0
129, 70.556854, 661.415373, 41.850836, 0.123149, 5014, 3650.0
130, 70.306068, 664.137649, 36.793732, 0.079585, 5026, 3641.0
131, 67.224451, 664.575127, 41.509263, 0.123836, 5027, 3659.0
132, 74.311400, 658.138360, 40.016099, 0.035920, 4972, 3623.0
133, 70.191992, 660.181536, 43.612851, 0.075169, 5024, 3656.0
134, 71.033850, 662.485177, 37.928454, 0.033921, 5022, 3651.0
135, 71.416929, 662.670624, 36.013805, 0.063593, 5024, 3657.0
136, 67.853456, 660.809894, 45.563077, 0.236194, 5021, 3669.0
137, 69.006924, 660.318261, 48.874791, 0.164154, 5003, 3650.0
138, 66.111716, 660.929315, 43.490492, 0.238433, 5028, 3659.0
139, 71.030747, 661.617981, 42.403008, 0.127367, 5015, 3658.0
140, 67.951787, 661.968115, 43.658955, 0.090649, 5020, 3664.0
141, 68.579130, 662.017191, 40.562191, 0.074876, 5017, 3640.0
142, 75.149772, 660.129001, 36.476118, 0.071884, 5001, 3619.0
143, 76.941624, 659.449211, 31.415707, 0.058201, 4983, 3622.0
144, 72.642701, 662.128507, 39.707678, 0.094815, 5001, 3641.0
145, 71.719941, 660.122293, 43.782860, 0.093234, 4984, 3643.0
146, 70.842682, 662.285222, 38.060758, 0.068894, 5017, 3672.0
147, 79.268022, 660.213783, 25.391978, 0.050312, 4984, 3769.0
148, 73.968469, 660.966636, 32.754397, 0.052839, 5004, 3629.0
149, 70.978834, 662.840000, 41.674164, 0.121114, 5012, 3651.0
150, 69.818847, 662.730377, 40.968574, 0.047037, 5019, 3661.0
151, 70.981908, 661.373091, 42.474384, 0.094006, 5016, 3663.0
152, 72.461430, 661.290625, 41.712145, 0.145383, 4971, 3634.0
153, 69.493998, 661.111862, 44.357567, 0.240600, 5025, 3666.0
154, 68.377969, 660.417509, 45.865894, 0.114154, 5017, 3687.0
155, 68.741898, 662.289408, 44.682662, 0.179302, 5027, 3649.0
156, 67.857634, 660.627918, 44.763285, 0.100144, 5019, 3721.0
157, 72.443306, 660.960703, 36.431878, 0.009220, 5013, 3654.0
158, 73.260414, 660.594223, 38.263092, 0.035304, 4999, 3642.0
159, 70.383338, 661.468614, 44.005002, 0.072060, 5018, 3670.0
160, 70.925523, 661.172527, 43.119722, 0.102989, 4999, 3703.0
161, 68.607202, 663.511015, 41.213158, 0.240823, 5022, 3778.0
162, 69.468695, 661.975756, 43.079768, 0.154672, 5030, 3668.0
163, 67.295411, 660.830504, 44.820102, 0.108998, 5015, 3633.0
164, 72.472422, 660.447216, 40.221298, 0.033943, 5004, 3635.0
165, 70.975123, 661.891526, 41.997473, 0.074978, 5009, 3757.0
166, 71.273187, 661.004269, 41.225421, 0.110397, 4998, 3652.0
167, 66.003546, 661.351875, 43.171996, 0.231394, 5017, 3656.0
168, 74.448942, 661.498581, 31.923077, 0.043491, 4988, 3629.0
169, 75.202292, 659.694660, 36.153671, 0.038107, 4983, 3622.0
170, 70.848194, 661.301820, 41.630933, 0.057901, 5024, 3674.0
171, 70.890743, 660.538845, 40.383250, 0.065551, 5005, 3633.0
172, 72.595775, 661.254124, 38.290616, 0.042362, 5005, 3654.0
173, 74.050334, 660.065339, 38.568141, 0.055354, 4982, 3828.0
174, 69.074686, 661.676401, 43.702161, 0.109934, 5020, 4760.0
175, 67.717380, 665.433216, 38.481685, 0.113963, 5025, 4481.0
176, 66.106675, 660.234572, 46.131941, 0.209753, 5023, 3876.0
177, 71.300004, 662.489496, 40.175222, 0.084005, 4997, 3679.0
178, 67.467458, 658.993257, 47.387308, 0.156389, 5026, 3746.0
179, 70.723911, 660.678605, 41.674349, 0.051522, 5020, 4875.0
180, 75.816218, 659.954047, 36.694597, 0.059418, 4982, 6124.0
181, 72.798548, 659.354691, 37.341460, 0.036647, 4988, 6093.0
182, 69.398092, 660.891727, 42.965151, 0.070268, 5029, 6207.0
183, 67.017135, 663.881241, 39.699100, 0.120375, 5025, 6463.0
184, 71.876932, 661.595653, 39.065115, 0.074743, 5018, 5028.0
185, 70.186492, 662.780989, 37.366775, 0.042852, 5026, 5617.0
186, 72.502483, 659.202584, 39.741926, 0.051232, 5010, 3643.0
187, 66.136617, 661.990573, 45.879967, 0.103637, 5019, 3669.0
188, 66.384073, 663.909111, 40.134911, 0.138032, 5025, 3655.0
189, 71.581535, 662.052213, 34.323734, 0.035511, 5021, 3656.0
190, 69.122856, 661.859581, 42.678944, 0.124490, 5015, 3651.0
191, 71.770426, 659.942793, 41.201606, 0.037080, 5003, 3636.0
192, 73.841517, 660.797017, 33.546465, 0.048984, 5002, 3619.0
193, 71.562448, 662.501888, 35.834510, 0.043338, 5023, 3996.0
194, 74.359891, 660.765859, 32.693187, 0.041011, 4999, 5460.0
195, 73.449930, 661.504979, 39.318593, 0.099664, 4985, 5957.0
196, 69.779231, 661.828209, 42.110236, 0.050121, 5023, 6014.0
197, 68.317462, 662.608962, 38.452716, 0.115982, 5018, 6176.0
198, 74.484076, 659.468259, 31.778594, 0.057127, 4995, 3640.0
199, 72.830669, 661.993750, 33.603851, 0.064854, 5008, 5819.0
200, 73.102367, 659.763641, 39.731992, 0.098220, 4988, 4172.0
201, 69.527901, 662.022369, 39.763484, 0.057980, 5021, 3646.0
202, 68.736902, 663.507921, 37.800016, 0.039677, 5017, 3652.0
203, 78.407757, 658.180393, 37.230213, 0.078077, 4973, 3637.0
204, 71.448199, 661.171947, 39.646188, 0.034409, 5002, 3637.0
205, 74.701174, 660.176072, 38.903098, 0.120719, 4962, 3610.0
206, 71.337344, 662.034236, 34.302423, 0.057085, 5014, 3917.0
207, 68.001227, 663.245811, 40.544643, 0.116241, 5019, 5230.0
208, 67.941577, 660.835836, 45.310882, 0.048879, 5021, 3691.0
209, 72.989994, 661.063042, 39.225681, 0.055316, 5000, 4293.0
210, 72.123250, 662.391926, 37.804277, 0.041650, 5013, 5861.0
211, 72.157272, 662.981768, 34.088421, 0.041534, 5018, 3634.0
212, 71.032064, 662.340797, 41.803320, 0.068257, 5007, 3948.0
213, 70.544530, 663.582752, 37.772845, 0.035037, 5015, 4068.0
214, 72.653595, 659.368085, 37.930920, 0.096469, 4982, 4318.0
215, 73.177817, 661.048503, 40.835375, 0.117400, 4983, 3659.0
216, 69.629129, 661.749200, 42.755882, 0.130780, 5002, 3623.0
217, 70.691917, 662.693379, 39.633026, 0.031202, 5015, 3631.0
218, 74.624089, 659.826625, 33.105292, 0.041865, 4988, 3614.0
219, 76.192539, 660.213029, 36.261220, 0.072114, 4979, 3861.0
220, 72.947393, 662.321410, 34.761988, 0.025953, 5023, 3899.0
221, 75.167981, 660.516561, 37.864514, 0.102895, 4984, 4531.0
222, 75.336660, 658.942523, 42.845904, 0.128457, 4940, 3641.0
223, 70.310488, 661.359337, 42.562951, 0.111590, 4998, 3634.0
224, 68.300132, 663.343192, 38.638052, 0.041693, 5022, 4524.0
225, 67.879988, 662.345544, 41.968495, 0.126848, 5022, 3645.0
226, 74.071405, 661.685991, 30.507053, 0.057346, 4997, 3664.0
227, 72.260138, 660.493800, 35.352088, 0.056467, 5008, 3625.0
228, 70.472776, 660.499202, 42.414341, 0.085352, 5007, 3858.0
229, 71.080578, 662.133793, 38.901692, 0.040125, 5004, 3767.0
230, 71.445504, 660.462220, 38.807764, 0.032340, 5006, 3633.0
231, 77.477811, 661.474607, 31.967746, 0.106222, 4987, 3624.0
232, 70.639987, 662.898729, 37.387985, 0.094450, 5024, 3635.0
233, 68.878944, 662.826120, 38.621011, 0.050035, 5018, 3642.0
234, 68.763111, 661.991793, 42.581545, 0.107110, 5020, 3713.0
235, 71.547820, 660.459295, 40.916268, 0.079693, 4983, 3621.0
236, 74.111592, 660.820110, 38.343333, 0.066196, 5004, 3633.0
237, 68.704660, 662.652155, 41.138156, 0.074961, 5023, 3713.0
238, 73.540067, 660.586490, 35.759610, 0.040789, 5000, 4180.0
239, 74.373848, 660.844672, 40.057981, 0.050231, 4986, 3617.0
240, 75.274157, 659.206076, 36.239457, 0.021543, 4987, 3623.0
241, 70.925655, 658.444944, 45.359502, 0.159941, 4992, 3627.0
242, 69.210096, 660.577598, 45.558723, 0.068216, 5022, 3670.0
243, 72.197952, 661.566113, 35.848335, 0.044360, 5004, 3635.0
244, 69.920640, 660.448718, 42.234282, 0.043790, 5023, 3654.0
245, 72.785739, 659.695647, 38.728057, 0.054920, 4986, 3625.0
246, 74.079149, 658.963380, 40.014943, 0.054488, 4970, 3610.0
247, 72.560454, 659.672093, 40.867034, 0.013805, 5005, 4148.0
248, 68.040232, 662.180832, 43.360107, 0.178452, 5028, 3655.0
249, 70.207624, 659.733519, 44.093130, 0.173814, 4980, 3672.0
250, 69.867360, 663.523979, 38.110018, 0.029679, 5019, 4667.0
251, 70.490526, 661.007316, 41.502347, 0.161741, 5005, 3659.0
252, 73.540977, 661.058056, 36.592441, 0.062057, 4986, 3603.0
253, 73.135394, 659.467793, 34.968670, 0.031351, 4997, 3620.0
254, 72.315641, 660.631804, 36.988832, 0.069501, 5005, 3618.0
255, 71.072184, 661.716816, 36.211665, 0.045192, 5022, 3668.0
256, 73.810384, 659.573985, 38.106669, 0.056422, 4991, 3627.0
257, 73.306554, 660.279710, 39.794948, 0.082566, 4992, 3686.0
258, 70.093412, 662.328448, 39.851270, 0.040278, 5020, 3649.0
259, 68.856014, 660.770716, 41.924617, 0.170791, 5008, 3713.0
260, 69.329833, 662.525063, 39.026517, 0.130728, 5019, 3637.0
261, 68.945006, 661.798904, 43.848661, 0.089941, 5020, 3654.0
262, 76.985136, 658.855884, 30.921435, 0.058503, 4987, 3623.0
263, 67.724814, 659.566728, 44.961128, 0.207790, 5023, 3649.0
264, 75.498135, 660.056077, 28.322057, 0.073620, 4980, 3606.0
265, 73.940898, 660.138302, 29.327733, 0.013755, 4994, 3605.0
266, 70.291568, 659.768505, 44.078513, 0.062177, 5003, 4873.0
267, 72.505421, 660.342687, 36.165214, 0.032288, 4993, 5608.0
268, 72.239896, 662.023318, 35.903290, 0.075412, 4985, 5587.0
269, 70.863153, 659.751394, 40.832886, 0.106959, 4988, 3714.0
270, 76.073812, 658.663536, 33.258792, 0.046096, 4978, 3609.0
271, 73.426497, 662.589397, 37.352143, 0.053914, 4999, 3666.0
272, 70.807747, 660.826300, 39.970215, 0.030606, 5009, 3633.0
273, 69.628927, 659.977769, 44.832209, 0.122805, 5007, 4225.0
274, 77.789669, 661.327325, 19.741115, 0.060113, 5014, 4061.0
275, 75.820862, 659.723159, 36.188761, 0.075955, 4973, 3612.0
276, 76.453840, 658.953501, 33.620785, 0.042011, 4995, 3968.0
277, 73.663922, 661.408324, 38.513682, 0.064114, 5007, 5675.0
278, 73.924954, 661.722648, 33.654033, 0.089836, 4975, 6185.0
279, 69.457472, 660.397708, 44.170272, 0.097090, 5026, 6255.0
280, 74.614047, 659.079581, 36.806974, 0.059010, 5001, 5244.0
281, 71.669283, 661.902411, 37.553710, 0.036877, 5002, 6026.0
282, 70.416864, 658.702666, 44.422478, 0.116686, 5003, 6034.0
283, 76.822966, 659.755391, 32.866480, 0.067877, 4990, 5749.0
284, 73.825893, 662.602190, 32.215420, 0.066863, 5015, 5781.0
285, 67.988585, 657.705515, 47.377032, 0.359733, 5018, 3657.0
286, 69.739744, 662.498451, 40.348903, 0.040299, 5016, 3650.0
287, 67.517181, 661.828202, 44.786466, 0.109753, 5028, 3660.0
288, 70.425653, 660.287025, 41.165280, 0.059095, 4997, 5627.0
289, 69.898200, 661.677485, 40.209571, 0.072629, 5025, 3666.0
290, 69.274141, 661.917846, 42.761508, 0.162536, 5015, 3651.0
291, 68.769794, 662.418962, 43.283130, 0.063636, 5021, 3667.0
292, 71.505531, 662.416841, 41.713388, 0.073502, 5021, 3655.0
293, 69.596373, 662.542525, 38.335219, 0.097752, 5019, 3635.0
294, 70.226890, 662.283617, 43.213189, 0.095422, 5003, 3636.0
295, 68.043086, 660.114831, 44.592037, 0.150982, 5026, 3672.0
296, 72.626985, 660.648242, 37.398076, 0.032630, 5016, 3638.0
297, 71.682754, 660.707563, 38.782523, 0.038026, 5001, 3666.0
298, 66.848125, 660.708697, 44.261513, 0.133348, 5021, 3700.0
299, 72.741901, 660.603852, 41.349460, 0.117684, 4986, 3618.0
300, 72.596169, 661.710013, 37.103032, 0.046062, 5006, 3640.0
301, 72.716668, 661.578459, 36.656551, 0.034331, 4996, 3684.0
302, 70.860309, 661.803210, 33.135748, 0.065017, 5020, 3649.0
303, 72.283713, 662.182273, 36.475404, 0.061361, 5004, 3632.0
304, 72.687179, 662.676503, 30.506363, 0.061716, 5011, 3631.0
305, 75.457820, 659.775550, 32.243795, 0.044340, 4993, 3622.0
306, 70.994849, 660.164838, 42.623456, 0.079993, 5002, 4472.0
307, 75.527014, 660.750118, 27.672891, 0.055408, 4968, 3634.0
308, 71.975607, 660.440708, 38.618918, 0.060868, 4979, 3627.0
309, 74.107669, 660.636906, 37.351656, 0.051629, 4994, 3609.0
310, 69.677231, 661.612594, 41.936967, 0.040534, 5022, 3663.0
311, 69.107643, 662.348374, 41.156270, 0.074412, 5019, 3650.0
312, 76.213818, 661.274454, 29.372987, 0.065555, 5006, 3629.0
313, 71.276225, 660.846472, 41.391831, 0.055662, 5004, 3632.0
314, 73.645542, 662.043193, 36.381122, 0.065518, 4999, 3636.0
315, 74.560173, 659.905658, 36.252595, 0.046340, 5002, 3636.0
316, 78.275250, 658.921410, 35.400155, 0.139291, 4963, 5866.0
317, 74.464655, 661.162269, 32.775816, 0.027895, 5004, 3816.0
318, 69.256181, 664.994450, 39.268250, 0.122663, 5024, 3699.0
319, 73.172091, 661.845342, 33.887655, 0.043640, 4985, 3614.0
320, 72.551561, 662.790611, 32.456562, 0.060185, 5024, 3656.0
321, 72.305346, 661.912050, 36.720755, 0.050236, 5023, 3674.0
322, 68.534271, 664.153892, 38.815068, 0.072034, 5024, 3627.0
323, 77.008703, 662.757164, 26.243110, 0.096591, 5002, 3665.0
324, 73.745240, 661.340839, 35.075643, 0.035013, 5029, 4013.0
325, 74.940978, 661.055810, 31.342328, 0.017987, 4990, 3685.0
326, 76.595312, 659.534007, 37.249301, 0.103478, 4969, 3617.0
327, 71.318570, 664.093204, 38.202727, 0.073045, 5021, 3709.0
328, 73.728200, 659.862910, 40.010962, 0.052464, 4975, 3617.0
329, 67.429534, 661.366477, 44.144491, 0.053229, 5018, 3655.0
330, 70.564193, 661.960379, 40.682829, 0.048308, 5022, 3649.0
331, 69.703520, 661.125330, 42.331427, 0.134435, 4996, 3639.0
332, 70.870746, 660.820158, 40.111822, 0.062299, 5005, 3674.0
333, 68.691193, 662.271328, 41.195871, 0.098388, 5021, 3650.0
334, 71.222719, 659.990751, 42.874175, 0.076990, 5004, 4201.0
335, 70.116504, 659.500492, 45.673963, 0.112328, 5007, 3641.0
336, 66.300472, 662.336156, 43.952383, 0.134692, 5022, 3673.0
337, 70.911371, 662.190287, 38.498453, 0.060770, 5019, 3647.0
338, 69.786116, 660.649182, 42.348813, 0.059707, 5018, 3697.0
339, 73.208537, 661.474127, 39.287917, 0.058800, 5003, 3632.0
340, 69.573689, 661.470406, 43.443343, 0.067018, 5024, 3659.0
341, 70.640116, 661.553199, 35.798131, 0.043728, 5025, 3845.0
342, 70.794488, 660.423644, 42.537529, 0.074327, 5006, 3638.0
343, 71.042249, 662.368001, 40.681523, 0.039296, 5018, 3664.0
344, 70.499140, 661.444498, 42.290966, 0.152638, 5006, 3638.0
345, 73.957739, 661.925766, 30.258519, 0.070023, 5011, 3631.0
346, 69.141288, 659.252256, 47.771493, 0.160399, 5015, 3652.0
347, 72.459202, 660.084005, 38.837002, 0.062134, 4983, 3610.0
348, 70.144871, 661.009683, 44.930610, 0.135866, 5004, 3632.0
349, 67.998722, 662.502178, 38.939417, 0.058753, 5026, 3644.0
350, 77.076652, 660.522743, 29.940092, 0.087906, 4972, 3666.0
351, 67.699823, 660.270361, 46.573152, 0.222731, 5026, 3654.0
352, 70.160187, 663.068810, 38.851881, 0.069915, 5021, 3635.0
353, 70.819596, 661.145646, 40.611824, 0.064695, 5029, 4310.0
354, 73.290249, 661.894177, 37.094549, 0.068535, 4996, 3631.0
355, 71.029110, 662.273185, 38.954720, 0.055159, 5011, 3667.0
356, 72.247299, 662.088403, 33.752369, 0.057175, 5018, 3634.0
357, 69.579510, 662.789212, 40.214199, 0.131923, 5023, 3648.0
358, 67.081206, 661.021496, 43.236751, 0.100243, 5028, 3646.0
359, 74.575686, 660.180959, 35.942678, 0.064376, 4992, 3656.0
360, 70.937055, 662.674114, 41.278199, 0.096824, 5023, 3653.0
361, 70.842733, 660.228964, 39.284561, 0.027477, 5001, 3632.0
362, 71.997101, 663.536995, 31.187983, 0.042188, 5018, 3667.0
363, 72.736319, 662.236573, 37.364507, 0.015717, 5010, 3641.0
364, 73.908688, 660.591626, 37.493235, 0.042424, 5003, 3646.0
365, 73.089564, 660.359971, 36.368202, 0.023243, 5000, 3634.0
366, 69.491930, 661.249897, 41.287037, 0.062204, 5023, 3652.0
367, 72.536910, 662.596338, 28.495452, 0.025142, 5019, 3632.0
368, 74.500839, 659.934267, 37.217455, 0.038775, 4995, 3645.0
369, 72.730849, 660.926485, 37.177720, 0.058163, 5002, 3625.0
370, 73.239195, 661.141896, 43.438895, 0.064025, 5003, 3635.0
371, 74.856671, 661.723817, 37.947259, 0.079436, 4997, 3623.0
372, 73.182834, 661.868704, 32.835088, 0.055073, 5020, 3644.0
373, 73.120960, 659.974199, 39.427097, 0.064134, 4985, 3691.0
374, 69.104602, 662.749361, 43.500698, 0.194531, 5028, 3663.0
375, 72.758448, 660.726827, 39.041256, 0.055082, 5002, 3700.0
376, 72.030151, 660.708645, 39.375251, 0.042508, 5004, 3662.0
377, 70.951459, 662.733068, 38.679382, 0.103548, 5026, 3633.0
378, 70.410742, 662.012159, 40.393581, 0.073261, 5024, 3689.0
379, 70.604087, 662.450438, 38.571467, 0.060875, 5022, 3634.0
380, 76.152831, 659.353055, 37.792064, 0.057537, 4991, 3619.0
381, 71.542034, 662.242987, 36.275729, 0.087559, 4983, 3631.0
382, 74.043786, 660.168056, 37.214343, 0.020020, 5005, 3671.0
383, 76.243598, 661.003530, 26.548329, 0.033202, 4967, 3600.0
384, 71.047835, 660.674442, 42.376765, 0.135931, 4972, 3608.0
385, 70.202445, 662.239389, 41.800069, 0.083601, 5005, 3639.0
386, 75.148222, 660.007311, 39.645864, 0.070277, 4982, 3616.0
387, 69.090161, 661.582468, 40.658377, 0.140710, 5021, 3650.0
388, 70.759046, 661.781041, 41.172051, 0.070560, 5021, 3712.0
389, 69.083066, 659.801286, 45.287276, 0.111404, 5018, 3655.0
390, 69.640134, 665.898491, 55.403111, 0.087604, 4991, 3638.0
391, 76.060434, 661.480186, 37.008929, 0.135601, 4990, 3660.0
392, 72.197383, 660.299894, 39.914636, 0.063010, 5003, 3641.0
393, 74.046712, 660.744467, 38.192901, 0.054747, 5003, 3636.0
394, 70.243745, 659.605912, 45.146555, 0.096703, 5005, 3632.0
395, 78.162216, 658.244731, 34.129433, 0.082646, 4969, 3613.0
396, 74.094703, 660.328548, 38.117289, 0.043912, 4999, 3652.0
397, 70.687117, 661.746745, 39.206992, 0.024171, 5017, 3651.0
398, 73.551545, 660.372632, 38.040719, 0.043342, 5002, 3663.0
399, 76.489290, 659.846533, 36.242904, 0.078572, 4987, 3621.0
400, 71.096604, 660.833354, 41.723341, 0.108012, 5001, 3653.0
401, 70.107436, 662.195996, 39.254628, 0.061748, 5014, 3695.0
402, 71.049631, 661.543018, 39.337488, 0.106512, 4994, 3622.0
403, 72.909844, 661.520318, 40.034101, 0.031387, 4999, 3638.0
404, 69.966826, 661.362705, 42.671820, 0.054171, 5025, 3656.0
405, 74.882524, 660.761063, 33.832511, 0.036659, 5009, 3655.0
406, 73.250288, 662.458415, 32.378434, 0.043146, 5018, 3648.0
407, 75.247114, 660.747450, 36.263274, 0.059339, 4980, 3611.0
408, 74.663924, 660.027412, 33.342291, 0.056522, 4991, 3609.0
409, 77.212717, 662.285076, 23.651679, 0.112954, 5019, 3672.0
410, 69.615956, 663.367651, 39.177566, 0.079524, 5013, 4433.0
411, 81.499982, 657.719677, 28.719020, 0.064694, 4963, 3591.0
412, 71.976062, 662.065289, 33.397131, 0.035594, 5023, 3650.0
413, 73.724080, 660.698525, 38.475889, 0.037390, 5003, 3630.0
414, 73.084572, 660.129045, 37.631591, 0.045618, 5006, 3661.0
415, 75.358262, 660.250566, 40.677598, 0.040644, 4960, 3593.0
416, 73.467846, 661.417005, 30.499502, 0.047353, 5030, 3639.0
417, 66.513962, 659.208653, 46.175618, 0.216428, 5020, 3637.0
418, 74.342416, 661.846155, 33.840093, 0.053769, 5004, 3631.0
419, 70.016171, 662.450253, 39.983347, 0.054935, 5025, 4356.0
420, 70.407255, 660.869603, 38.455819, 0.119208, 5020, 3642.0
421, 74.613758, 659.995731, 36.933494, 0.056723, 4978, 3603.0
422, 73.295248, 660.598825, 39.340374, 0.051075, 4999, 3626.0
423, 69.613352, 662.237953, 41.600915, 0.085577, 5020, 3679.0
424, 72.122281, 661.951335, 34.592468, 0.068098, 5020, 3646.0
425, 75.357674, 659.152065, 37.017524, 0.061365, 4983, 3614.0
426, 72.089016, 661.470290, 36.631340, 0.059569, 5008, 3628.0
427, 71.967421, 659.772767, 43.104356, 0.060470, 5003, 3630.0
428, 77.078730, 661.408505, 26.469816, 0.084098, 4971, 3622.0
429, 69.217612, 661.327511, 43.665335, 0.136834, 5023, 6096.0
430, 74.976791, 660.719330, 35.629112, 0.065344, 4990, 3713.0
431, 68.761546, 662.040871, 44.088503, 0.055923, 5013, 3648.0
432, 72.453041, 661.616091, 37.119775, 0.056378, 5014, 3636.0
433, 72.563871, 660.701366, 36.363076, 0.047231, 5004, 3634.0
434, 71.127055, 660.379921, 40.119471, 0.037996, 5009, 3638.0
435, 68.353526, 661.124354, 41.901308, 0.085253, 5021, 3663.0
436, 67.131875, 663.524171, 39.159716, 0.110089, 5021, 3633.0
437, 69.346725, 660.972067, 45.123324, 0.115811, 5021, 3693.0
438, 68.425359, 664.610104, 35.358604, 0.081829, 5020, 3623.0
439, 70.645090, 661.961384, 39.238973, 0.039048, 5017, 3642.0
440, 71.348339, 661.155472, 39.594109, 0.038686, 4998, 3627.0
441, 75.029935, 660.054469, 36.825188, 0.052435, 4988, 3624.0
442, 67.201662, 663.164051, 42.069773, 0.063309, 5014, 3620.0
443, 74.528481, 659.693694, 33.961586, 0.013477, 4988, 3595.0
444, 70.435541, 659.501715, 44.967575, 0.088525, 5000, 3624.0
445, 72.798982, 660.526681, 36.618381, 0.027695, 5004, 3632.0
446, 73.012960, 660.925356, 42.151660, 0.136248, 4987, 3622.0
447, 72.710990, 662.643718, 40.665195, 0.130813, 5008, 4449.0
448, 70.879911, 661.823885, 40.016426, 0.043184, 5026, 3645.0
449, 70.244547, 661.976329, 40.703581, 0.057528, 5028, 3653.0
450, 72.689968, 660.970280, 39.547961, 0.048194, 5002, 3640.0
451, 70.150768, 662.601098, 40.887297, 0.111169, 5018, 3641.0
452, 70.400259, 662.797259, 36.098847, 0.058615, 5025, 3631.0
453, 74.623219, 660.393154, 35.771827, 0.025156, 5011, 3630.0
454, 68.557460, 662.101828, 35.925197, 0.057935, 5018, 3626.0
455, 72.039120, 659.563865, 42.356345, 0.114141, 4983, 3644.0
456, 78.583212, 660.410767, 30.146983, 0.125732, 4989, 3700.0
457, 70.842193, 662.542593, 35.610277, 0.056840, 5021, 3897.0
458, 73.838497, 660.168471, 35.384928, 0.028887, 4995, 3624.0
459, 72.005141, 659.718617, 41.864284, 0.149634, 4971, 3595.0
460, 71.456299, 660.919799, 43.247959, 0.117874, 4997, 3628.0
461, 72.895633, 660.917515, 39.185883, 0.101654, 4982, 3613.0
462, 71.613182, 660.733201, 41.152596, 0.044052, 5008, 3686.0
463, 73.010968, 661.246441, 39.084378, 0.090436, 4992, 3695.0
464, 72.479106, 660.328830, 44.623086, 0.093033, 4980, 3763.0
465, 71.834655, 661.185847, 44.933241, 0.065899, 5025, 3657.0
466, 67.605995, 661.174623, 44.099565, 0.135810, 5023, 3672.0
467, 74.529969, 659.339009, 38.315517, 0.088407, 4989, 3636.0
468, 74.187419, 659.487816, 40.312415, 0.039604, 4964, 3817.0
469, 69.177335, 663.506129, 40.304014, 0.075326, 5021, 3642.0
470, 68.492770, 662.463346, 40.755348, 0.120412, 5026, 3634.0
471, 71.863010, 660.557317, 43.193823, 0.096729, 4995, 3626.0
472, 69.256663, 663.004478, 41.647576, 0.105797, 5023, 3639.0
473, 71.471288, 662.203919, 35.552796, 0.061596, 5019, 3673.0
474, 67.890328, 661.614523, 44.131165, 0.182369, 5024, 3647.0
475, 71.563315, 661.052495, 39.060296, 0.095926, 4981, 3679.0
476, 69.533744, 660.768194, 43.642374, 0.136888, 5020, 3862.0
477, 71.725688, 661.516205, 36.886334, 0.029869, 5000, 3623.0
478, 70.930413, 661.296877, 38.480900, 0.014689, 5021, 3698.0
479, 72.820470, 661.930730, 40.962667, 0.081823, 4993, 3631.0
480, 73.603283, 659.272388, 40.347347, 0.061190, 4966, 3596.0
481, 72.130917, 660.444090, 41.854548, 0.032832, 4996, 3626.0
482, 72.514354, 661.832243, 41.668704, 0.079032, 4996, 3663.0
483, 67.431562, 660.414434, 42.838936, 0.118147, 5016, 3647.0
484, 70.161818, 663.025392, 35.973568, 0.056714, 5027, 3635.0
485, 68.258472, 661.577098, 42.402201, 0.035959, 5017, 4447.0
486, 73.233178, 661.945053, 32.930849, 0.059061, 5028, 3653.0
487, 69.965983, 661.041270, 38.136764, 0.025344, 5024, 3682.0
488, 71.013622, 661.612945, 38.941314, 0.051554, 5027, 3658.0
489, 73.126104, 661.087469, 35.962956, 0.052967, 5004, 3624.0
490, 68.210516, 662.858548, 38.380089, 0.072907, 5010, 3608.0
491, 70.686073, 661.446090, 39.580224, 0.071691, 5027, 3676.0
492, 71.196033, 662.715020, 39.505774, 0.080229, 5007, 3638.0
493, 66.254522, 661.540278, 42.701241, 0.085292, 5018, 3639.0
494, 69.538527, 662.382423, 41.492707, 0.082915, 5024, 4356.0
495, 78.332548, 661.110448, 27.613600, 0.071081, 4967, 5942.0
496, 72.411034, 661.159040, 33.731279, 0.023080, 5026, 5615.0
497, 69.569296, 661.480295, 43.218397, 0.179456, 5018, 3664.0
498, 69.526502, 663.833833, 40.745040, 0.107923, 5018, 3649.0
499, 74.840915, 661.629219, 32.220125, 0.035525, 5005, 3656.0
500, 71.630089, 661.538016, 45.229648, 0.065625, 5003, 3637.0
501, 68.690639, 662.551411, 39.743770, 0.050915, 5022, 3634.0
502, 70.888840, 659.076036, 44.522657, 0.134820, 4986, 3646.0
503, 69.114000, 660.953757, 40.575965, 0.060865, 5032, 3647.0
504, 72.898728, 661.046580, 38.018283, 0.042343, 5005, 3636.0
505, 69.158132, 661.068561, 39.404729, 0.073759, 5004, 3629.0
506, 70.727181, 662.623306, 38.307149, 0.061593, 5019, 3625.0
507, 72.416535, 661.320287, 34.298464, 0.058853, 5021, 3631.0
508, 71.115158, 662.630421, 39.621098, 0.049879, 5009, 3633.0
509, 71.168748, 661.368244, 39.798982, 0.045720, 5027, 3640.0
510, 71.231824, 661.013138, 42.118175, 0.061317, 5008, 3635.0
511, 68.925995, 662.175666, 40.132814, 0.206230, 5003, 3622.0
512, 68.755249, 662.135178, 44.776838, 0.055381, 5020, 4633.0
513, 72.303814, 661.572523, 39.079089, 0.068753, 5003, 4828.0
514, 68.859090, 659.640523, 45.901953, 0.110046, 5012, 3636.0
515, 73.578277, 660.271158, 40.495435, 0.058243, 4981, 3611.0
516, 66.624307, 662.356329, 44.443289, 0.110048, 5018, 3637.0
517, 71.305424, 661.271251, 40.938762, 0.061814, 5008, 3636.0
518, 66.737422, 662.320275, 41.334987, 0.149785, 5019, 3633.0
519, 69.775517, 660.104154, 47.351453, 0.074369, 5008, 3635.0
520, 72.666257, 661.613917, 33.345987, 0.033855, 5020, 3648.0
521, 71.838282, 661.482833, 34.463805, 0.066129, 5012, 4228.0
522, 68.792872, 661.584774, 40.414404, 0.114517, 5028, 3712.0
523, 73.364122, 660.651062, 39.009269, 0.062513, 4985, 3646.0
524, 72.745537, 662.196255, 40.500590, 0.067937, 5001, 3624.0
525, 70.749555, 662.457371, 42.886324, 0.029952, 5024, 3644.0
526, 68.688899, 661.659852, 42.967644, 0.219755, 5024, 3654.0
527, 68.121174, 661.257782, 44.428631, 0.102892, 5025, 3637.0
528, 74.124241, 659.523821, 34.984561, 0.042533, 4978, 3611.0
529, 71.077744, 662.614079, 38.629479, 0.107257, 4997, 3622.0
530, 74.061481, 660.506823, 34.439023, 0.032740, 4997, 3651.0
531, 74.997330, 660.471389, 33.712789, 0.069347, 5005, 3624.0
532, 77.959000, 658.396886, 38.486136, 0.103009, 4950, 3576.0
533, 70.169756, 662.956735, 41.197890, 0.071809, 5020, 3638.0
534, 68.895312, 660.236446, 39.842050, 0.113903, 5023, 3638.0
535, 71.481959, 662.367158, 37.742291, 0.113728, 5024, 3636.0
536, 74.526739, 659.831396, 33.260474, 0.026133, 4988, 3608.0
537, 75.586850, 661.540128, 31.776625, 0.058155, 4993, 3640.0
538, 73.257584, 660.769337, 32.061099, 0.030568, 4995, 3603.0
539, 73.192973, 661.719396, 37.539865, 0.061087, 5001, 3607.0
540, 70.524947, 662.774831, 36.205576, 0.058337, 5023, 3711.0
541, 71.952399, 660.996002, 43.795757, 0.048478, 4994, 3762.0
542, 71.588946, 661.541342, 40.470853, 0.053267, 4992, 3620.0
543, 71.399105, 660.696483, 39.929661, 0.052507, 5025, 3655.0
544, 70.768010, 661.874526, 41.170436, 0.077591, 5019, 3647.0
545, 70.277010, 663.164873, 38.217665, 0.065948, 5019, 3639.0
546, 73.553841, 662.194783, 29.169097, 0.080098, 5018, 3678.0
547, 72.459206, 660.660369, 37.107696, 0.054592, 5003, 3627.0
548, 69.437855, 661.783055, 40.227406, 0.117100, 5025, 3648.0
549, 72.692196, 660.650567, 39.637115, 0.060055, 4998, 3652.0
550, 73.181416, 660.483999, 37.204540, 0.077885, 4989, 5698.0
551, 70.683215, 661.385698, 40.445426, 0.049150, 5021, 5635.0
552, 66.610166, 662.699146, 42.336781, 0.339440, 5021, 4716.0
553, 76.333419, 660.664913, 34.845639, 0.081475, 4969, 3610.0
554, 71.942087, 659.960239, 36.432793, 0.072636, 4986, 3603.0
555, 69.996136, 661.371849, 37.123919, 0.044043, 5027, 3645.0
556, 69.044420, 661.919180, 38.116736, 0.110197, 5021, 3641.0
557, 70.982039, 660.962029, 41.108209, 0.092958, 5024, 3648.0
558, 71.443503, 660.840968, 41.049721, 0.027331, 5006, 3637.0
559, 73.870484, 660.208782, 39.269825, 0.064587, 4985, 3621.0
560, 76.227019, 660.170067, 34.391727, 0.100782, 4974, 3620.0
561, 73.194607, 662.652156, 36.675724, 0.057181, 5005, 3646.0
562, 67.709230, 662.995382, 39.495811, 0.077138, 5024, 3639.0
563, 68.111956, 663.231793, 39.366956, 0.153815, 5021, 3636.0
564, 73.666294, 662.054222, 33.285810, 0.066775, 5014, 3636.0
565, 76.485411, 659.277417, 30.503474, 0.051619, 4989, 3621.0
566, 71.146665, 661.473083, 40.489823, 0.092256, 5003, 3647.0
567, 70.897416, 661.993751, 36.554073, 0.054267, 5023, 4167.0
568, 71.306849, 662.621895, 38.777936, 0.070921, 5005, 3635.0
569, 72.286464, 660.238995, 44.513336, 0.086484, 4981, 3610.0
570, 77.395570, 661.055248, 24.263846, 0.048768, 4976, 3592.0
571, 71.961525, 661.041068, 40.472809, 0.055794, 5006, 3635.0
572, 71.542883, 662.942074, 38.492686, 0.060722, 5015, 3630.0
573, 69.085692, 662.127940, 42.531886, 0.106591, 5021, 3664.0
574, 71.966176, 661.308808, 38.018887, 0.053738, 4999, 3635.0
575, 74.364437, 660.744596, 34.632005, 0.046251, 5004, 3614.0
576, 72.055440, 661.450622, 40.616340, 0.042461, 5003, 3656.0
577, 71.650204, 661.249695, 40.118801, 0.070365, 4999, 4097.0
578, 70.423468, 660.977178, 40.404887, 0.078097, 5023, 3646.0
579, 74.892612, 661.000768, 30.170802, 0.022196, 4984, 3599.0
580, 76.713884, 659.933775, 31.635732, 0.069594, 4998, 3631.0
581, 72.899119, 661.108765, 34.884643, 0.051914, 4998, 3622.0
582, 76.645962, 659.781203, 33.494648, 0.059856, 4968, 3615.0
583, 72.704977, 660.669056, 40.574012, 0.088277, 4980, 3610.0
584, 72.543520, 661.461134, 38.136968, 0.041711, 5006, 3633.0
585, 68.749091, 660.780738, 43.226883, 0.070373, 5013, 3648.0
586, 73.309787, 660.251086, 39.649959, 0.067308, 4992, 4220.0
587, 75.127273, 660.286865, 29.988656, 0.042215, 4995, 5590.0
588, 70.261696, 660.687402, 39.161472, 0.081577, 5017, 4540.0
589, 71.088494, 660.838699, 43.110487, 0.093186, 4997, 3626.0
590, 72.152902, 661.287487, 38.663370, 0.058904, 5007, 3616.0
591, 68.648387, 663.286159, 40.915010, 0.159630, 5020, 3639.0
592, 75.933190, 659.385617, 37.092283, 0.062462, 4976, 3613.0
593, 73.325052, 661.214046, 40.100545, 0.052600, 5005, 3637.0
594, 70.668956, 663.966085, 39.563900, 0.136575, 5022, 3647.0
595, 72.381076, 661.108710, 35.718051, 0.032577, 5001, 3656.0
596, 68.231484, 662.619744, 42.257902, 0.118277, 5026, 3643.0
597, 72.743675, 661.944290, 38.267443, 0.011909, 5029, 3656.0
598, 70.418972, 662.138185, 37.853814, 0.031617, 5014, 3629.0
599, 75.655469, 660.613582, 33.964970, 0.057349, 4986, 3617.0
600, 74.204374, 661.391131, 37.401246, 0.047023, 5002, 3624.0
601, 73.353896, 660.558786, 38.732551, 0.108651, 4985, 3614.0
602, 70.001772, 662.710483, 34.828476, 0.052605, 5030, 3638.0
603, 72.372382, 661.450463, 37.968475, 0.042252, 5003, 3621.0
604, 72.901512, 659.778750, 33.661528, 0.067594, 4978, 3640.0
605, 79.656286, 658.119748, 35.600496, 0.180099, 4940, 3988.0
606, 72.001559, 661.189163, 35.780060, 0.082127, 4995, 3619.0
607, 73.185900, 660.714974, 38.673698, 0.053856, 5001, 3628.0
608, 71.173427, 662.365499, 41.290604, 0.178927, 5007, 3633.0
609, 77.371542, 659.701057, 31.920108, 0.060144, 4968, 3610.0
610, 68.782921, 664.712529, 38.685186, 0.214889, 5025, 3630.0
611, 71.786440, 661.092354, 41.746619, 0.061982, 5005, 3636.0
612, 75.353582, 660.048628, 32.915648, 0.053636, 4983, 3618.0
613, 69.483804, 662.389867, 42.542141, 0.137537, 5028, 3655.0
614, 73.413819, 660.434602, 33.073953, 0.056644, 5015, 5650.0
615, 69.600710, 663.448843, 40.209030, 0.170899, 5018, 3872.0
616, 73.676409, 659.127773, 37.353371, 0.043316, 4984, 3592.0
617, 68.098366, 661.500011, 42.823433, 0.109463, 5024, 3642.0
618, 70.812127, 662.793204, 41.067709, 0.050130, 5022, 3639.0
619, 75.302546, 661.320391, 33.772938, 0.031541, 5001, 3622.0
620, 72.746129, 659.361326, 38.600951, 0.026172, 4994, 3630.0
621, 70.555522, 660.357516, 44.970927, 0.073319, 5022, 3647.0
622, 75.449343, 659.676956, 38.261998, 0.077421, 4979, 3651.0
623, 73.641731, 661.410951, 34.649899, 0.073050, 5001, 5080.0
624, 69.099746, 661.651553, 40.954015, 0.057252, 5021, 3649.0
625, 73.153065, 659.564423, 35.158557, 0.037830, 4982, 3613.0
626, 69.687740, 661.745864, 40.483195, 0.168554, 5011, 3643.0
627, 71.277468, 665.059174, 36.285288, 0.088079, 5019, 3627.0
628, 71.197600, 661.451612, 39.235678, 0.063295, 5024, 3639.0
629, 70.341491, 663.251609, 37.857771, 0.062577, 5019, 3643.0
630, 72.590469, 661.587083, 34.824140, 0.041721, 5023, 3646.0
631, 73.810794, 660.365675, 34.283463, 0.035525, 4987, 3623.0
632, 72.395243, 660.943958, 37.770712, 0.040958, 5008, 3641.0
633, 70.481270, 661.201449, 38.443397, 0.069272, 5022, 3699.0
634, 76.225012, 660.428150, 31.975867, 0.044113, 4982, 3620.0
635, 71.376465, 660.053458, 41.714702, 0.127204, 4978, 3616.0
636, 72.041284, 662.761908, 38.107481, 0.022107, 5004, 3637.0
637, 67.653201, 660.653541, 43.841145, 0.143828, 5021, 3665.0
638, 74.994930, 661.480670, 31.461171, 0.050126, 4999, 3618.0
639, 68.774217, 660.168418, 44.885802, 0.145231, 5025, 3658.0
640, 76.033691, 660.312907, 30.306795, 0.060648, 4970, 3600.0
641, 73.009633, 660.658216, 34.946529, 0.039655, 5001, 3628.0
642, 70.634045, 659.570895, 41.651464, 0.109654, 5024, 4585.0
643, 72.105744, 661.104495, 35.784524, 0.044054, 5002, 3622.0
644, 75.349771, 659.420980, 34.142981, 0.035981, 4992, 3611.0
645, 70.793481, 663.031288, 33.872100, 0.061132, 5014, 3644.0
646, 73.075708, 659.788739, 38.698474, 0.032186, 5009, 3632.0
647, 68.967582, 662.651777, 38.984555, 0.051394, 5020, 3627.0
648, 71.159297, 660.484728, 42.095050, 0.069939, 5004, 3627.0
649, 71.452407, 661.911997, 37.783654, 0.085262, 5004, 3635.0
650, 69.047435, 660.824330, 42.216168, 0.114604, 5001, 3636.0
651, 69.232396, 663.559735, 35.883680, 0.023283, 5024, 4300.0
652, 71.212205, 663.994690, 35.265499, 0.066150, 5020, 3637.0
653, 70.179040, 661.322631, 40.379410, 0.041938, 5022, 3633.0
654, 69.718320, 661.038611, 39.841404, 0.096297, 5003, 3627.0
655, 70.606668, 661.078040, 35.950144, 0.041281, 5014, 3685.0
656, 66.554683, 663.251974, 41.738134, 0.047901, 5024, 3643.0
657, 69.872589, 662.088078, 39.432227, 0.088198, 5023, 3649.0
658, 68.148106, 662.789276, 44.555768, 0.102302, 5019, 3653.0
659, 70.757236, 661.353080, 42.177577, 0.065151, 5021, 3653.0
660, 69.270491, 661.048338, 43.875201, 0.078270, 5003, 3798.0
661, 70.586463, 663.432952, 42.899520, 0.053121, 5021, 5620.0
662, 70.177676, 661.717433, 38.792168, 0.057241, 5007, 3821.0
663, 67.306757, 663.075285, 41.262394, 0.166246, 5008, 3625.0
664, 75.631484, 658.468472, 36.050613, 0.044003, 4981, 3604.0
665, 72.200109, 662.301221, 33.801143, 0.046651, 5016, 3613.0
666, 69.939926, 660.925836, 42.139873, 0.053468, 5018, 3644.0
667, 67.367238, 662.554958, 44.561111, 0.148542, 5017, 3634.0
668, 68.286828, 663.377384, 42.461750, 0.123917, 5024, 3636.0
669, 74.158871, 660.689623, 39.470699, 0.051260, 5000, 3659.0
670, 67.867423, 661.315793, 45.286505, 0.098139, 5024, 3641.0
671, 71.089924, 662.396630, 38.712005, 0.061482, 5004, 3636.0
672, 75.358065, 659.079167, 36.200848, 0.046581, 4993, 3608.0
673, 67.884012, 658.724130, 46.360410, 0.140211, 5020, 3708.0
674, 73.697859, 658.458108, 36.562486, 0.025814, 4990, 3606.0
675, 74.426854, 659.515577, 36.824357, 0.048070, 4988, 3604.0
676, 66.593676, 665.418760, 39.609821, 0.185079, 5020, 3657.0
677, 69.206709, 662.612836, 41.629262, 0.055016, 5017, 3633.0
678, 75.114083, 660.355989, 37.720087, 0.037882, 5000, 3698.0
679, 67.538864, 663.289741, 40.798369, 0.103219, 5022, 4561.0
680, 69.291770, 661.857728, 42.941149, 0.091047, 5021, 3661.0
681, 70.864802, 659.874272, 41.225413, 0.101094, 5002, 3637.0
682, 69.761634, 661.106683, 39.713975, 0.071467, 5021, 3638.0
683, 72.730232, 662.176527, 36.778984, 0.055461, 4997, 3620.0
684, 68.723697, 662.628863, 41.121836, 0.032492, 5014, 3649.0
685, 68.886407, 663.323275, 40.745605, 0.106631, 5020, 3636.0
686, 68.496592, 658.904460, 44.578752, 0.162976, 5004, 3637.0
687, 69.390694, 659.925252, 42.225185, 0.079589, 4992, 3616.0
688, 70.779098, 661.926636, 44.348875, 0.042663, 5010, 4408.0
689, 69.534224, 659.471151, 43.695084, 0.144011, 5021, 3651.0
690, 73.016237, 659.883278, 36.267606, 0.043065, 4981, 3606.0
691, 71.934497, 659.803989, 41.795236, 0.092150, 4977, 3602.0
692, 73.155755, 661.585033, 36.678778, 0.057501, 5000, 3630.0
693, 73.273061, 661.043193, 36.361295, 0.050912, 5000, 3633.0
694, 69.337067, 661.330580, 42.045900, 0.074201, 5020, 3647.0
695, 74.187913, 659.435282, 41.284033, 0.137060, 4980, 3665.0
696, 69.782234, 663.074889, 39.751406, 0.045873, 5026, 3645.0
697, 71.662371, 660.166381, 41.858017, 0.035027, 5000, 3715.0
698, 66.819873, 661.087341, 43.054449, 0.139218, 5019, 3759.0
699, 68.036785, 663.366927, 39.592395, 0.096708, 5024, 3633.0
700, 71.935511, 660.541526, 38.233857, 0.043841, 5004, 3706.0
701, 73.748752, 660.351173, 38.538358, 0.072433, 4990, 3614.0
702, 71.110390, 663.037281, 35.795999, 0.048200, 5023, 3688.0
703, 68.805004, 659.108286, 44.413423, 0.147353, 5027, 3658.0
704, 68.363350, 661.580892, 42.498514, 0.102957, 5019, 3652.0
705, 69.070900, 663.012708, 39.124457, 0.120001, 5027, 3636.0
706, 72.973721, 661.816694, 33.116342, 0.036017, 5021, 3675.0
707, 73.468778, 661.416598, 34.396511, 0.033953, 5010, 3659.0
708, 66.870740, 660.879443, 44.602334, 0.218263, 5018, 3645.0
709, 75.558873, 659.638414, 39.991817, 0.071352, 4968, 3659.0
710, 70.526276, 660.721015, 43.714644, 0.084127, 5002, 3635.0
711, 70.467514, 662.319612, 38.135378, 0.057479, 5024, 3678.0
712, 69.512799, 663.496080, 37.453110, 0.039315, 5030, 3689.0
713, 68.935707, 660.419016, 42.846999, 0.112852, 5020, 3660.0
714, 73.468517, 661.215350, 38.374372, 0.034067, 5008, 3686.0
715, 69.661861, 661.562532, 45.244463, 0.116170, 5026, 3656.0
716, 72.781467, 659.979427, 35.780983, 0.026753, 5008, 3777.0
717, 71.517943, 659.316894, 43.572178, 0.155230, 4972, 4006.0
718, 71.243112, 660.898238, 38.813205, 0.097970, 4986, 3675.0
719, 67.461545, 657.826746, 47.949668, 0.237807, 5021, 3644.0
720, 70.529542, 661.722617, 41.069544, 0.078308, 5007, 3664.0
721, 71.093372, 659.776590, 44.811025, 0.183026, 4979, 3610.0
722, 70.060194, 661.464796, 38.723631, 0.098727, 5018, 3691.0
723, 68.529183, 658.892351, 48.923654, 0.166003, 5024, 3667.0
724, 75.807946, 659.423733, 34.879017, 0.046107, 4991, 3619.0
725, 67.111091, 664.206147, 40.824881, 0.133717, 5023, 3640.0
726, 72.902194, 658.619630, 43.018099, 0.057831, 4979, 5314.0
727, 71.129988, 660.589344, 39.079371, 0.029208, 5002, 4641.0
728, 72.695646, 661.256081, 35.159836, 0.052032, 5020, 3651.0
729, 73.864681, 660.287094, 31.576022, 0.048637, 4984, 3616.0
730, 70.037791, 661.717878, 41.791793, 0.111410, 5001, 3649.0
731, 66.805367, 663.773951, 40.720614, 0.169972, 5011, 3636.0
732, 74.473717, 660.913379, 35.261077, 0.060154, 4982, 3612.0
733, 71.661878, 661.065508, 40.084880, 0.063720, 5006, 3630.0
734, 70.141954, 661.224273, 44.022141, 0.077613, 5006, 3642.0
735, 70.342977, 662.643318, 34.871624, 0.071600, 5016, 5496.0
736, 68.784537, 660.924464, 41.636823, 0.056408, 5023, 3780.0
737, 69.798341, 662.841209, 39.802652, 0.101610, 5023, 3630.0
738, 69.749897, 661.516012, 39.550296, 0.061864, 5021, 3645.0
739, 74.027515, 661.619711, 40.944354, 0.044624, 5003, 3637.0
740, 70.670513, 662.120326, 38.310466, 0.050818, 5016, 3638.0
741, 72.271554, 659.829281, 41.252128, 0.068936, 4979, 3604.0
742, 68.519105, 663.143314, 42.310247, 0.063457, 5022, 3654.0
743, 74.331862, 659.488653, 38.132999, 0.071468, 4985, 3609.0
744, 71.541131, 661.076294, 38.172310, 0.039895, 5019, 3639.0
745, 69.562135, 662.420788, 40.201944, 0.075257, 5022, 3640.0
746, 69.616397, 660.565609, 39.947529, 0.042692, 5016, 3638.0
747, 69.950342, 661.961562, 43.961071, 0.119553, 5008, 3626.0
748, 68.613159, 659.990333, 45.902478, 0.179853, 5020, 3661.0
749, 69.696760, 662.289324, 35.976297, 0.067164, 5013, 3641.0
750, 71.288917, 661.553245, 42.458913, 0.063018, 4995, 3634.0
751, 73.906417, 660.083619, 34.323719, 0.049571, 4976, 3600.0
752, 68.499732, 662.392261, 43.366848, 0.103483, 5017, 3635.0
753, 67.550361, 662.636985, 40.597820, 0.131308, 5031, 4135.0
754, 66.280771, 660.763600, 45.145505, 0.135670, 5028, 3874.0
755, 69.199142, 660.710454, 41.238608, 0.144072, 4979, 3615.0
756, 69.535697, 660.449377, 44.558574, 0.027205, 5028, 3661.0
757, 71.212239, 661.513444, 41.176097, 0.045329, 5010, 3641.0
758, 67.418150, 662.028327, 42.396570, 0.145417, 5021, 3635.0
759, 67.245010, 661.199369, 42.404694, 0.102773, 5020, 3643.0
760, 67.794433, 663.913228, 40.945473, 0.123754, 5024, 3629.0
761, 76.217473, 658.914607, 35.732638, 0.047292, 4963, 3599.0
762, 72.790763, 662.620745, 35.940178, 0.089531, 5024, 3644.0
763, 66.447478, 660.121427, 48.467537, 0.128341, 5024, 6211.0
764, 67.423156, 661.104290, 43.801907, 0.165394, 5017, 5677.0
765, 72.879929, 660.254037, 37.562616, 0.059006, 5006, 3636.0
766, 67.574129, 662.959515, 42.209690, 0.170682, 5017, 3692.0
767, 69.536142, 662.703204, 41.045752, 0.112982, 5020, 3646.0
768, 71.501394, 661.092246, 39.203408, 0.056210, 4996, 3625.0
769, 75.651569, 660.173282, 36.810488, 0.071679, 4994, 3608.0
770, 71.860163, 661.413437, 37.658184, 0.052319, 5021, 3639.0
771, 72.988672, 661.169049, 35.198337, 0.041357, 5000, 3655.0
772, 70.762872, 660.822839, 42.235627, 0.066753, 5015, 3655.0
773, 71.107577, 664.154906, 36.880338, 0.117111, 5027, 3625.0
774, 72.635711, 660.704069, 41.169576, 0.043756, 5009, 3635.0
775, 68.164263, 661.119841, 41.847340, 0.070802, 5018, 3644.0
776, 70.286523, 660.794910, 43.150160, 0.085550, 5017, 3651.0
777, 70.722534, 660.206464, 41.390496, 0.085288, 5005, 3626.0
778, 69.367081, 661.999986, 39.940576, 0.023443, 5020, 3640.0
779, 71.532633, 660.499049, 41.010204, 0.064447, 5000, 3621.0
780, 71.253950, 661.992095, 39.807922, 0.040122, 5012, 3657.0
781, 76.280542, 659.435908, 32.309083, 0.068666, 4955, 4324.0
782, 73.098618, 661.016617, 36.072851, 0.037907, 4995, 3621.0
783, 71.370906, 661.406787, 40.965804, 0.094402, 5000, 3633.0
784, 69.825839, 662.278998, 40.120975, 0.092202, 5029, 3663.0
785, 70.940828, 662.319372, 37.636068, 0.068646, 5016, 3642.0
786, 69.504922, 660.240086, 40.909578, 0.065859, 5024, 3645.0
787, 69.790064, 661.681762, 42.698431, 0.040610, 5014, 3656.0
788, 67.337123, 662.211219, 42.797849, 0.135122, 5023, 3644.0
789, 69.306317, 660.738819, 43.522744, 0.060876, 5008, 3642.0
790, 71.777614, 662.042856, 34.069259, 0.030050, 5027, 5023.0
791, 65.283811, 662.760711, 44.234609, 0.057812, 5025, 3640.0
792, 71.493954, 662.997442, 37.731108, 0.057443, 5020, 3635.0
793, 73.132981, 660.924235, 35.636838, 0.025164, 5004, 3627.0
794, 67.828201, 659.950563, 44.850199, 0.095534, 5017, 3651.0
795, 69.910659, 659.229223, 46.192778, 0.064184, 5020, 3646.0
796, 71.734553, 661.507831, 39.676136, 0.078800, 4999, 3650.0
797, 65.297437, 663.595973, 39.990704, 0.193994, 5016, 3622.0
798, 72.066702, 660.365238, 42.152839, 0.036977, 5000, 3626.0
799, 70.388584, 659.983992, 42.849701, 0.118717, 5001, 4713.0
800, 73.296250, 659.692667, 41.820792, 0.069042, 4986, 4743.0
801, 68.967847, 663.791946, 39.948212, 0.044215, 5017, 3676.0
802, 71.971672, 659.868591, 38.916658, 0.057235, 4988, 3616.0
803, 67.346088, 657.846813, 49.236644, 0.158055, 5013, 3644.0
804, 68.650056, 662.508059, 42.386181, 0.122394, 5023, 3624.0
805, 70.587452, 659.786699, 44.621163, 0.087239, 4998, 3630.0
806, 73.567125, 659.500417, 35.898987, 0.044137, 4995, 3611.0
807, 69.015338, 659.812952, 46.382612, 0.090697, 5017, 3649.0
808, 71.610404, 661.733116, 38.086508, 0.033425, 5002, 3652.0
809, 70.052041, 661.141811, 41.985687, 0.114087, 5026, 3657.0
810, 65.603970, 659.002530, 45.721215, 0.260759, 5022, 3660.0
811, 69.471788, 661.867419, 41.479536, 0.042274, 5024, 3664.0
812, 71.478978, 662.847144, 34.575252, 0.048636, 5013, 3635.0
813, 68.572679, 662.944254, 41.675653, 0.088733, 5017, 3642.0
814, 66.864535, 660.438560, 44.354596, 0.117197, 5019, 3659.0
815, 72.185299, 659.229289, 42.255965, 0.059236, 4985, 3611.0
816, 66.410681, 660.962729, 45.208505, 0.123631, 5024, 3654.0
817, 70.221313, 662.456972, 40.619995, 0.055579, 5021, 3651.0
818, 70.214001, 661.248206, 41.080165, 0.030230, 5000, 4969.0
819, 71.356658, 660.505212, 36.270869, 0.065829, 4984, 3619.0
820, 66.125623, 662.883049, 42.796607, 0.119431, 5024, 3638.0
821, 67.902835, 661.736306, 43.726998, 0.110072, 5014, 3648.0
822, 71.724992, 662.337962, 39.825328, 0.048615, 4999, 3633.0
823, 71.181501, 660.988893, 38.297015, 0.058545, 5017, 3640.0
824, 68.019834, 663.509439, 39.930618, 0.065024, 5018, 3624.0
825, 70.086168, 661.298511, 36.307149, 0.047745, 5020, 3634.0
826, 75.821316, 659.221584, 35.439170, 0.045178, 4982, 3603.0
827, 70.521029, 662.416768, 38.143839, 0.053932, 5019, 4675.0
828, 64.581991, 660.726720, 44.493439, 0.148341, 5030, 3655.0
829, 67.381481, 661.305737, 43.155934, 0.074581, 5019, 3647.0
830, 70.591309, 662.006383, 38.781440, 0.039832, 5002, 3638.0
831, 69.412564, 663.240523, 40.214848, 0.055188, 5029, 3645.0
832, 70.747832, 660.139439, 38.610043, 0.047794, 4993, 3607.0
833, 65.724985, 657.955634, 49.130269, 0.410529, 5023, 3698.0
834, 67.569476, 659.518838, 47.186177, 0.224323, 5012, 3639.0
835, 68.509922, 663.507246, 37.331413, 0.117766, 5024, 3625.0
836, 71.657713, 659.235720, 43.414122, 0.098484, 4981, 4051.0
837, 68.339670, 660.782633, 44.383181, 0.123825, 5020, 5913.0
838, 66.579017, 658.961206, 44.961065, 0.157421, 5031, 3651.0
839, 69.443800, 662.168620, 40.294201, 0.082499, 5015, 3649.0
840, 69.370785, 659.966316, 40.844655, 0.061307, 5025, 3638.0
841, 69.226022, 661.828197, 40.875460, 0.096642, 5028, 3648.0
842, 69.137290, 661.104011, 43.058788, 0.066051, 5027, 3659.0
843, 67.316529, 664.051247, 40.369400, 0.102337, 5018, 3620.0
844, 70.190944, 662.769212, 36.118768, 0.040453, 5019, 3657.0
845, 73.911356, 658.945089, 34.801476, 0.042731, 4982, 4118.0
846, 65.067838, 662.644547, 42.946756, 0.147354, 5024, 3631.0
847, 74.706451, 660.044136, 35.292504, 0.014024, 5000, 3627.0
848, 66.441928, 658.558163, 48.271609, 0.203723, 5021, 3641.0
849, 68.861469, 662.747478, 38.403083, 0.062545, 5015, 3624.0
850, 68.960531, 659.392063, 45.554801, 0.036099, 5021, 3641.0
851, 67.954962, 659.244031, 46.868882, 0.128281, 5026, 3661.0
852, 69.489755, 661.346178, 37.595784, 0.055505, 5018, 3632.0
853, 70.174055, 663.594591, 38.177860, 0.042803, 5023, 3633.0
854, 64.631279, 655.449236, 49.146741, 0.522608, 4991, 3633.0
855, 72.038818, 661.763177, 35.896711, 0.053261, 5013, 3686.0
856, 66.573783, 660.130837, 44.769853, 0.104699, 5021, 3651.0
857, 67.670525, 658.134627, 48.800386, 0.129663, 5024, 3648.0
858, 68.308523, 662.165332, 42.752445, 0.111084, 5020, 3641.0
859, 73.945924, 660.703865, 35.720366, 0.065336, 5002, 3624.0
860, 69.453560, 661.265129, 41.047005, 0.062400, 5023, 3648.0
861, 71.101782, 662.306246, 37.437939, 0.060204, 5025, 3637.0
862, 70.165100, 662.201159, 40.397933, 0.079980, 5021, 3632.0
863, 67.662294, 662.497713, 41.372189, 0.058004, 5029, 3626.0
864, 68.218496, 663.455926, 40.685354, 0.105668, 5020, 3767.0
865, 67.624018, 661.881991, 42.561924, 0.182909, 5018, 3648.0
866, 71.643011, 659.862450, 43.826317, 0.047375, 4999, 3637.0
867, 72.080983, 660.367310, 36.900545, 0.034098, 4998, 3629.0
868, 71.370097, 661.627887, 42.088462, 0.074080, 5030, 3651.0
869, 73.476033, 661.726907, 34.818849, 0.046570, 5004, 3623.0
870, 71.071521, 661.993008, 38.403325, 0.070803, 5008, 3639.0
871, 68.987631, 661.583660, 42.394525, 0.046287, 5019, 4231.0
872, 70.370145, 661.985426, 40.513117, 0.043918, 5031, 3646.0
873, 71.407951, 660.989269, 39.742474, 0.083387, 5010, 3637.0
874, 70.186060, 661.639387, 37.666569, 0.046541, 5006, 3644.0
875, 68.508745, 659.426961, 46.064308, 0.133899, 5020, 3661.0
876, 72.537092, 659.171649, 41.570836, 0.047840, 4981, 3617.0
877, 71.145578, 661.950247, 36.537763, 0.050158, 5030, 3632.0
878, 67.978689, 663.071720, 41.696165, 0.188307, 5018, 5657.0
879, 67.274097, 664.602146, 37.600670, 0.117015, 5026, 3951.0
880, 68.627777, 662.430156, 39.396916, 0.044470, 5020, 3644.0
881, 68.571810, 662.900086, 40.467905, 0.099848, 5014, 3685.0
882, 68.173037, 662.969928, 40.256078, 0.080542, 5019, 3734.0
883, 72.281315, 659.923374, 41.736310, 0.074239, 4989, 3675.0
884, 69.002494, 661.386369, 41.208331, 0.141609, 5013, 3794.0
885, 71.592779, 660.462139, 40.918806, 0.033897, 4997, 3629.0
886, 68.834129, 661.882975, 42.052240, 0.077273, 5019, 3656.0
887, 68.129261, 660.389860, 46.258846, 0.154272, 5024, 3663.0
888, 71.595917, 661.149088, 41.007003, 0.081644, 5009, 3689.0
889, 67.693341, 663.376890, 42.493831, 0.100196, 5016, 3625.0
890, 69.924691, 662.103306, 38.504021, 0.038678, 5016, 3734.0
891, 72.320929, 660.643027, 40.816775, 0.086017, 5006, 3643.0
892, 67.704974, 660.380496, 46.511640, 0.134861, 5016, 3894.0
893, 72.454972, 659.611134, 40.042109, 0.027918, 5002, 3628.0
894, 66.513706, 661.899714, 44.200562, 0.198405, 5018, 3712.0
895, 72.824388, 660.821517, 35.050866, 0.039190, 4999, 3677.0
896, 66.784862, 661.962342, 40.672852, 0.202328, 5027, 3641.0
897, 72.321162, 662.099608, 33.583025, 0.055351, 5014, 3792.0
898, 71.662690, 660.200459, 36.485021, 0.034302, 4999, 3629.0
899, 75.886144, 660.098740, 32.058985, 0.070821, 5011, 3633.0
900, 73.136973, 659.012079, 35.466978, 0.065608, 4979, 3638.0
901, 70.955813, 660.228995, 41.598174, 0.060683, 4992, 3691.0
902, 69.089911, 659.669063, 42.401380, 0.171459, 5005, 3713.0
903, 71.296191, 659.640744, 43.623439, 0.053386, 5008, 3728.0
904, 69.331548, 661.400013, 38.049126, 0.041777, 5019, 4932.0
905, 69.073247, 659.851790, 43.021741, 0.066951, 5019, 3643.0
906, 68.389050, 659.227943, 47.681751, 0.179787, 5019, 3701.0
907, 69.026440, 661.858837, 39.701152, 0.107136, 5004, 3638.0
908, 71.346065, 660.570808, 36.140193, 0.039885, 5004, 3674.0
909, 69.666941, 660.425596, 43.534589, 0.042322, 5019, 3658.0
910, 66.642647, 658.911137, 46.633633, 0.187490, 5020, 3843.0
911, 67.513921, 660.437656, 47.227421, 0.122950, 5020, 3739.0
912, 71.982635, 660.283873, 44.241201, 0.129125, 4988, 3618.0
913, 67.186374, 664.395424, 39.583344, 0.117454, 5016, 3672.0
914, 70.775242, 662.337397, 36.209007, 0.025151, 5018, 3632.0
915, 66.886814, 661.325811, 42.757186, 0.224809, 5031, 3759.0
916, 65.331672, 660.827116, 44.957115, 0.174317, 5028, 3658.0
917, 74.632663, 660.264486, 35.228494, 0.036383, 5003, 5626.0
918, 67.501100, 663.917135, 38.148088, 0.119052, 5016, 3808.0
919, 67.843734, 659.893483, 43.669254, 0.135864, 5024, 4127.0
920, 67.905258, 661.242184, 45.902479, 0.099506, 5021, 4599.0
921, 68.261086, 662.360092, 38.797834, 0.069474, 5020, 3682.0
922, 72.624389, 660.623561, 34.075819, 0.035049, 5010, 3709.0
923, 70.656818, 661.170924, 41.525174, 0.140329, 5003, 3686.0
924, 69.119815, 663.233949, 43.589502, 0.048490, 5025, 3657.0
925, 70.418126, 662.364709, 38.214303, 0.064598, 5017, 3695.0
926, 69.892432, 660.956820, 40.343020, 0.065646, 5021, 3707.0
927, 70.236167, 663.409567, 38.476003, 0.048744, 5019, 3626.0
928, 69.929618, 662.114409, 40.645353, 0.086738, 5007, 3761.0
929, 69.528806, 661.660179, 40.244209, 0.094823, 5003, 3770.0
930, 72.004844, 659.372666, 39.194894, 0.042172, 5008, 3692.0
931, 68.276226, 661.860643, 44.047834, 0.082069, 5025, 3660.0
932, 73.583669, 660.008320, 37.223245, 0.024354, 5004, 3684.0
933, 68.849167, 661.211090, 43.555093, 0.049029, 5022, 3648.0
934, 73.575931, 660.347320, 35.762312, 0.017376, 5003, 3631.0
935, 73.502961, 658.960430, 43.930357, 0.061022, 4977, 3658.0
936, 72.724139, 661.892492, 33.809505, 0.053910, 5025, 3719.0
937, 76.476565, 659.694410, 29.394296, 0.109408, 4980, 3741.0
938, 75.012447, 659.472799, 38.970568, 0.071234, 4968, 3683.0
939, 70.548879, 662.600208, 38.596067, 0.022577, 5019, 3686.0
940, 73.585045, 660.793937, 35.187340, 0.024214, 5005, 3631.0
941, 72.389421, 659.928709, 39.629836, 0.079959, 4981, 3666.0
942, 70.531452, 661.434857, 41.619812, 0.109978, 5023, 3739.0
943, 70.024614, 662.767467, 33.081763, 0.035267, 5020, 3641.0
944, 70.426256, 661.117178, 38.826263, 0.071981, 5019, 3703.0
945, 71.868107, 661.061342, 38.227439, 0.033664, 5014, 3633.0
946, 68.917229, 662.087470, 40.391970, 0.094768, 5029, 3761.0
947, 70.503701, 663.737714, 35.925910, 0.108157, 5022, 3784.0
948, 73.333147, 659.495664, 37.409975, 0.060503, 4986, 3809.0
949, 67.596546, 663.116803, 39.978025, 0.103708, 5021, 3722.0
950, 69.455505, 661.258852, 42.717408, 0.119845, 5001, 3680.0
951, 69.975484, 662.241330, 40.096790, 0.040344, 5017, 3736.0
952, 71.120741, 662.278696, 39.328313, 0.044474, 5004, 3645.0
953, 69.671903, 659.025033, 41.910817, 0.083691, 5023, 3691.0
954, 69.440565, 662.459949, 42.472353, 0.096944, 5014, 3646.0
955, 69.719599, 662.993261, 37.454175, 0.065845, 5024, 3760.0
956, 69.889576, 662.289256, 41.550361, 0.091007, 5002, 3793.0
957, 71.296515, 657.873012, 46.434842, 0.063919, 4983, 3706.0
958, 74.032664, 659.603866, 35.731921, 0.031116, 4984, 3699.0
959, 69.283520, 662.687113, 41.636783, 0.073405, 5017, 3698.0
960, 67.914719, 661.598268, 42.571970, 0.091997, 5021, 3690.0
961, 67.175325, 660.809607, 43.959490, 0.106013, 5016, 3647.0
962, 74.238621, 658.366293, 37.181900, 0.076727, 4985, 3783.0
963, 69.924930, 660.763191, 45.295512, 0.050308, 5022, 3655.0
964, 70.679114, 661.746503, 39.719505, 0.081595, 5003, 3738.0
965, 73.149052, 659.172467, 38.179960, 0.037636, 4997, 3625.0
966, 71.015822, 662.984829, 39.447908, 0.048081, 5022, 3715.0
967, 67.668231, 659.584125, 46.211521, 0.215951, 5022, 3658.0
968, 70.174882, 662.064724, 39.208345, 0.078271, 5027, 3646.0
969, 74.555163, 659.518923, 36.149123, 0.024370, 4981, 4581.0
970, 73.810757, 658.519554, 36.512390, 0.057813, 4996, 5583.0
971, 71.435304, 660.585422, 43.059268, 0.073693, 5002, 5614.0
972, 71.144235, 660.673723, 37.280564, 0.033206, 4999, 4531.0
973, 70.839870, 662.963084, 36.043939, 0.052117, 5028, 3637.0
974, 71.084736, 661.168053, 40.187332, 0.096550, 5002, 3831.0
975, 68.496512, 660.303002, 43.696221, 0.154646, 5001, 3642.0
976, 69.895407, 660.218808, 42.614772, 0.060204, 5021, 3641.0
977, 71.616555, 661.257861, 43.786143, 0.103901, 5007, 3635.0
978, 69.920238, 661.064971, 42.160952, 0.047401, 5020, 3648.0
979, 71.361226, 660.327716, 41.176881, 0.075993, 5005, 3637.0
980, 67.255710, 661.052605, 44.568340, 0.130826, 5025, 3656.0
981, 70.589266, 661.104195, 40.781435, 0.097382, 5027, 3877.0
982, 68.194684, 662.984714, 43.581668, 0.120519, 5022, 3650.0
983, 69.510258, 662.009952, 40.681637, 0.054111, 5021, 3649.0
984, 67.890796, 658.541847, 47.278563, 0.125869, 5024, 3699.0
985, 68.004520, 660.171204, 44.079351, 0.084421, 5018, 3658.0
986, 69.522987, 661.974387, 39.588293, 0.053010, 5020, 3647.0
987, 68.505168, 660.150018, 46.350192, 0.164230, 5022, 3654.0
988, 68.964486, 661.562682, 40.504986, 0.066817, 5022, 4746.0
989, 69.297368, 663.631511, 38.971044, 0.077787, 5015, 3640.0
990, 67.794879, 660.006998, 44.628761, 0.128171, 5024, 3659.0
991, 69.612862, 660.881024, 46.302544, 0.085338, 5005, 3654.0
992, 73.019467, 660.513849, 38.359615, 0.057749, 5000, 3629.0
993, 70.824729, 662.922811, 38.373469, 0.093506, 5026, 3710.0
994, 71.198356, 661.115947, 40.549968, 0.116624, 5009, 3736.0
995, 70.370676, 660.663624, 38.760720, 0.048459, 5003, 3627.0
996, 74.549199, 661.892011, 32.710046, 0.065397, 4991, 3623.0
997, 72.947382, 661.284987, 38.422300, 0.070853, 4981, 3609.0
998, 67.505000, 663.568938, 40.045310, 0.097499, 5014, 3629.0
999, 67.759469, 661.474037, 43.632236, 0.049234, 5019, 3644.0
