#idx, x0, x1, x2, y, f_neval, total_time (us), 
0, 68.580357, 665.263150, 39.428632, 0.108389, 3232, 2415.0
1, 71.916018, 660.196599, 46.404337, 0.102500, 3194, 2395.0
2, 75.024647, 661.085220, 35.228925, 0.042790, 3217, 2395.0
3, 70.647305, 661.196467, 39.401657, 0.078654, 3232, 2419.0
4, 71.271447, 662.563730, 38.629889, 0.107439, 3220, 2403.0
5, 76.399064, 660.729124, 28.844730, 0.034066, 3218, 2429.0
6, 69.421300, 661.964310, 44.854594, 0.084881, 3229, 2423.0
7, 74.289402, 660.077950, 44.434309, 0.081262, 3197, 2398.0
8, 69.519591, 662.111939, 42.014408, 0.135878, 3230, 2433.0
9, 70.590675, 661.360079, 39.819944, 0.070157, 3220, 2412.0
10, 73.868116, 659.979108, 39.159972, 0.086122, 3223, 2408.0
11, 78.280267, 660.493479, 31.225989, 0.081752, 3214, 2395.0
12, 75.131218, 659.966080, 36.601227, 0.062654, 3210, 2424.0
13, 77.430162, 659.627717, 31.001271, 0.053003, 3216, 2404.0
14, 74.697833, 660.364375, 38.728405, 0.051819, 3212, 2406.0
15, 73.162938, 660.490622, 36.377467, 0.044276, 3216, 2417.0
16, 74.741410, 660.747399, 32.370157, 0.044982, 3224, 2408.0
17, 76.425480, 660.997274, 28.416161, 0.037773, 3211, 2395.0
18, 74.014806, 659.588859, 36.090994, 0.034984, 3209, 2416.0
19, 76.913643, 660.705522, 35.111796, 0.087937, 3215, 2401.0
20, 75.911886, 659.952901, 33.836226, 0.074296, 3213, 2410.0
21, 74.456705, 661.466787, 29.996799, 0.065586, 3217, 2401.0
22, 69.744078, 662.008456, 40.074665, 0.102380, 3227, 2409.0
23, 71.952030, 660.370685, 40.593795, 0.067276, 3216, 2404.0
24, 71.035648, 662.096065, 41.662360, 0.085665, 3222, 2434.0
25, 74.387927, 659.450145, 38.497029, 0.060010, 3213, 2420.0
26, 69.779046, 660.605357, 42.770001, 0.193810, 3222, 2401.0
27, 67.538002, 660.947095, 45.983000, 0.148038, 3227, 2411.0
28, 71.792591, 660.088200, 38.984331, 0.072694, 3229, 2426.0
29, 72.319164, 660.530447, 42.164700, 0.074936, 3222, 2412.0
30, 72.478562, 660.361850, 38.805250, 0.062166, 3219, 2402.0
31, 69.213226, 662.070328, 42.755653, 0.136466, 3232, 2429.0
32, 78.411374, 658.799611, 32.425727, 0.056968, 3222, 2411.0
33, 75.779307, 658.372857, 34.782700, 0.045073, 3206, 2407.0
34, 71.654076, 660.218135, 43.340205, 0.068973, 3229, 2411.0
35, 71.780784, 663.063934, 38.104518, 0.040668, 3224, 2412.0
36, 67.001571, 658.821718, 48.075747, 0.172444, 3235, 2434.0
37, 72.981385, 659.414418, 39.988958, 0.037282, 3211, 2405.0
38, 70.435449, 658.814583, 47.120010, 0.060809, 3207, 2419.0
39, 72.682799, 660.280986, 34.685840, 0.066019, 3209, 2392.0
40, 67.894913, 662.276668, 42.111856, 0.073625, 3225, 2414.0
41, 70.847114, 662.739030, 38.062295, 0.071356, 3229, 2421.0
42, 69.786315, 663.559956, 35.048876, 0.101871, 3226, 2409.0
43, 72.247758, 660.468299, 43.734606, 0.071914, 3226, 2417.0
44, 70.877687, 661.888631, 39.614592, 0.075407, 3218, 2410.0
45, 71.609386, 661.186810, 37.105618, 0.040768, 3224, 2434.0
46, 70.929338, 660.348200, 43.891801, 0.145464, 3217, 2410.0
47, 77.252066, 659.291667, 31.945128, 0.073717, 3205, 2484.0
48, 71.790893, 661.394791, 41.419081, 0.052477, 3218, 2430.0
49, 76.865020, 658.707519, 30.427199, 0.021012, 3213, 2402.0
50, 68.170264, 661.076618, 41.968986, 0.164270, 3215, 2434.0
51, 70.862970, 659.651056, 42.401629, 0.139427, 3208, 2399.0
52, 69.010292, 662.729675, 38.521491, 0.061489, 3237, 2418.0
53, 72.134335, 661.065046, 38.276063, 0.047452, 3210, 2408.0
54, 75.579669, 659.655139, 31.420335, 0.041636, 3222, 2423.0
55, 69.279310, 660.114030, 45.228594, 0.076608, 3216, 2404.0
56, 70.259065, 663.406879, 43.317273, 0.076980, 3229, 2416.0
57, 66.962688, 659.660362, 46.052484, 0.221276, 3226, 2421.0
58, 70.116482, 660.839167, 45.038879, 0.121416, 3220, 2428.0
59, 72.944674, 660.396596, 35.753024, 0.036962, 3224, 2408.0
60, 73.344295, 660.245148, 37.555686, 0.061404, 3218, 2408.0
61, 74.587686, 660.613013, 30.932303, 0.034880, 3223, 2412.0
62, 68.907170, 662.333907, 36.850034, 0.066079, 3221, 2407.0
63, 77.291853, 659.294113, 28.977018, 0.072753, 3210, 2400.0
64, 72.337724, 659.293294, 45.338541, 0.141911, 3200, 2393.0
65, 69.818231, 660.159583, 38.520460, 0.068981, 3224, 2409.0
66, 68.460200, 659.560886, 43.983462, 0.077180, 3230, 2417.0
67, 74.140395, 659.845545, 34.493830, 0.024890, 3217, 2404.0
68, 69.101590, 659.989833, 44.815485, 0.070151, 3238, 2424.0
69, 68.095176, 661.863124, 42.470445, 0.082663, 3224, 2426.0
70, 68.239362, 659.701966, 44.224909, 0.108031, 3223, 2413.0
71, 73.452777, 660.058817, 41.365881, 0.061785, 3209, 2421.0
72, 70.791713, 663.518309, 37.663068, 0.083403, 3229, 2476.0
73, 68.587362, 660.987398, 44.678023, 0.041777, 3229, 2427.0
74, 69.256390, 662.335857, 37.693782, 0.065867, 3229, 2432.0
75, 72.026197, 660.691302, 36.522598, 0.032235, 3218, 2407.0
76, 69.014892, 663.913514, 35.029999, 0.094494, 3233, 2410.0
77, 65.570298, 662.410068, 44.567348, 0.114913, 3226, 2429.0
78, 75.874953, 659.220516, 37.891814, 0.035547, 3211, 2409.0
79, 70.692633, 659.941999, 43.707044, 0.139453, 3221, 2409.0
80, 69.795527, 660.984338, 38.919774, 0.029020, 3227, 2410.0
81, 70.691818, 661.654194, 39.879194, 0.038365, 3227, 2441.0
82, 67.278515, 662.238044, 43.428016, 0.105742, 3223, 2417.0
83, 68.941480, 662.275338, 39.757318, 0.061164, 3231, 2433.0
84, 69.631817, 660.201460, 43.951898, 0.120025, 3211, 2405.0
85, 67.856490, 661.478282, 44.099132, 0.112135, 3234, 2421.0
86, 74.330005, 660.755805, 33.724286, 0.032317, 3220, 2418.0
87, 68.141254, 662.140680, 41.554633, 0.077686, 3225, 2433.0
88, 64.702996, 665.096264, 39.360650, 0.215006, 3221, 2400.0
89, 71.876147, 660.961680, 37.899033, 0.051151, 3218, 2402.0
90, 69.302232, 660.398539, 45.512820, 0.060237, 3227, 2419.0
91, 71.909326, 660.675820, 38.106326, 0.051295, 3225, 2434.0
92, 67.038225, 666.392445, 50.445048, 0.048412, 3230, 2402.0
93, 69.877299, 660.757055, 42.918413, 0.042987, 3217, 2433.0
94, 71.003215, 661.063691, 47.136909, 0.057880, 3227, 2443.0
95, 75.005212, 660.766371, 32.290013, 0.049830, 3220, 2411.0
96, 71.845381, 659.999825, 39.877471, 0.029930, 3222, 2406.0
97, 70.250967, 661.455086, 43.921021, 0.043735, 3227, 2415.0
98, 73.169080, 660.706968, 37.308491, 0.044469, 3220, 2409.0
99, 70.772143, 662.188796, 37.522503, 0.043798, 3214, 2407.0
100, 69.286468, 660.651065, 46.274485, 0.046938, 3227, 2418.0
101, 69.560617, 662.843884, 44.135180, 0.145989, 3230, 2417.0
102, 68.182421, 661.963359, 43.861923, 0.079624, 3227, 2425.0
103, 68.523150, 661.275758, 43.343790, 0.047406, 3234, 2424.0
104, 68.131290, 660.800254, 40.600579, 0.127491, 3229, 2436.0
105, 69.922402, 661.763283, 36.572465, 0.076829, 3224, 2396.0
106, 68.767002, 659.606017, 44.211653, 0.083382, 3232, 2428.0
107, 75.783286, 657.428071, 42.681233, 0.076828, 3180, 2399.0
108, 69.763043, 662.193416, 41.294593, 0.057227, 3229, 2423.0
109, 65.945651, 661.489671, 43.841622, 0.156611, 3227, 2409.0
110, 71.678041, 660.973144, 39.550642, 0.077028, 3215, 2407.0
111, 72.075078, 661.545181, 35.334196, 0.062806, 3227, 2441.0
112, 76.263297, 659.708942, 31.304753, 0.037455, 3218, 2404.0
113, 68.809387, 661.505685, 44.082580, 0.078847, 3223, 2416.0
114, 69.316894, 661.915325, 44.044623, 0.076887, 3226, 2428.0
115, 73.568660, 661.366467, 31.420365, 0.029050, 3210, 2398.0
116, 73.123429, 659.375964, 34.785869, 0.041683, 3215, 2411.0
117, 72.092120, 660.957907, 44.123927, 0.047359, 3216, 2422.0
118, 69.016625, 663.478603, 40.130453, 0.059741, 3228, 2410.0
119, 73.114097, 658.847108, 39.464838, 0.029280, 3210, 2415.0
120, 68.809125, 662.296537, 39.752608, 0.062849, 3233, 2414.0
121, 64.978374, 661.575350, 45.366090, 0.187094, 3230, 2414.0
122, 76.959103, 659.793739, 30.466450, 0.076719, 3215, 2397.0
123, 69.660208, 662.349953, 42.708303, 0.033032, 3225, 2433.0
124, 73.926350, 658.992060, 36.139326, 0.033630, 3215, 2412.0
125, 71.557310, 659.180994, 43.571973, 0.052951, 3211, 2400.0
126, 68.309718, 660.230589, 43.457614, 0.050426, 3231, 2415.0
127, 67.318352, 661.791726, 40.697594, 0.079713, 3227, 2425.0
128, 67.584992, 659.567735, 43.909895, 0.143476, 3223, 2423.0
129, 70.596973, 661.256336, 42.144420, 0.123237, 3227, 2414.0
130, 70.194352, 664.231753, 36.802474, 0.079632, 3232, 2430.0
131, 67.579277, 664.340244, 41.195470, 0.124045, 3224, 2416.0
132, 74.488834, 657.859022, 39.788330, 0.036089, 3200, 2404.0
133, 70.057041, 660.270814, 43.457966, 0.075257, 3232, 2419.0
134, 71.038150, 662.371631, 37.721422, 0.033980, 3234, 2436.0
135, 71.087665, 662.665353, 36.218772, 0.063759, 3234, 2419.0
136, 67.943823, 660.699481, 45.759020, 0.236298, 3222, 2430.0
137, 69.035203, 660.728918, 49.073134, 0.164623, 3224, 2417.0
138, 66.247381, 661.300235, 42.893211, 0.238657, 3227, 2409.0
139, 71.052047, 661.944469, 41.545156, 0.127985, 3224, 2414.0
140, 68.211333, 661.925578, 42.760943, 0.090913, 3223, 2435.0
141, 68.621380, 661.720949, 41.192269, 0.075345, 3229, 2416.0
142, 75.242167, 660.095164, 36.869451, 0.071984, 3225, 2402.0
143, 77.102963, 659.451680, 31.190643, 0.058265, 3213, 2406.0
144, 72.455030, 662.150032, 39.998730, 0.094886, 3225, 2435.0
145, 71.514265, 660.300763, 44.256467, 0.093290, 3207, 2410.0
146, 70.944380, 662.031580, 37.795505, 0.069036, 3228, 2414.0
147, 79.017704, 660.274683, 25.326747, 0.050425, 3216, 2407.0
148, 74.275295, 660.860523, 32.653414, 0.052999, 3217, 2407.0
149, 71.262204, 662.797216, 41.654258, 0.121353, 3227, 2414.0
150, 69.736424, 662.409197, 40.517024, 0.047399, 3233, 2441.0
151, 71.022380, 661.575098, 42.249263, 0.094121, 3225, 2415.0
152, 72.399413, 661.519995, 41.831872, 0.145534, 3209, 2397.0
153, 69.368947, 661.137836, 44.099627, 0.240734, 3235, 2419.0
154, 68.575807, 660.472177, 45.195087, 0.114293, 3233, 2421.0
155, 68.562320, 662.479822, 44.415742, 0.179513, 3235, 2419.0
156, 67.859954, 660.815911, 44.541275, 0.100254, 3232, 2437.0
157, 72.602700, 661.114989, 36.205755, 0.009390, 3218, 2423.0
158, 73.249641, 660.581448, 37.972388, 0.035345, 3219, 2403.0
159, 70.409789, 661.542066, 43.701048, 0.072131, 3223, 2407.0
160, 71.160604, 661.018853, 42.871866, 0.103090, 3218, 2443.0
161, 68.927232, 663.252988, 41.045402, 0.241066, 3226, 2420.0
162, 69.533805, 661.679998, 42.968215, 0.154845, 3232, 2419.0
163, 67.462847, 660.653435, 45.017446, 0.109153, 3230, 2428.0
164, 72.562702, 660.512068, 39.930399, 0.034023, 3217, 2391.0
165, 70.938752, 661.802762, 42.486260, 0.075133, 3219, 2399.0
166, 71.482802, 660.956160, 41.211044, 0.110506, 3217, 2381.0
167, 65.857759, 661.393200, 42.888036, 0.231632, 3226, 2417.0
168, 74.263835, 661.675015, 31.751592, 0.043612, 3223, 2408.0
169, 75.385278, 659.755829, 35.990798, 0.038210, 3216, 2418.0
170, 70.788470, 661.188764, 41.383550, 0.058008, 3234, 2418.0
171, 70.557264, 660.666550, 40.424941, 0.065779, 3215, 2402.0
172, 72.469968, 661.383389, 38.876987, 0.042485, 3215, 2407.0
173, 74.199415, 659.868135, 38.305522, 0.055456, 3211, 2416.0
174, 68.753075, 661.636841, 44.459016, 0.110232, 3228, 2412.0
175, 67.392115, 665.355277, 38.614501, 0.114180, 3227, 2409.0
176, 66.309853, 660.408049, 46.186383, 0.210057, 3226, 2417.0
177, 71.149159, 662.340657, 40.274565, 0.084192, 3225, 2421.0
178, 67.797349, 658.815622, 47.077581, 0.156599, 3229, 2410.0
179, 70.588831, 660.942487, 41.887619, 0.051638, 3230, 2421.0
180, 75.694085, 659.916498, 36.734668, 0.059467, 3207, 2417.0
181, 72.851309, 659.478984, 37.250686, 0.036701, 3208, 2399.0
182, 69.380073, 661.049837, 42.690295, 0.070348, 3226, 2418.0
183, 66.506613, 664.128101, 40.098580, 0.120757, 3223, 2403.0
184, 71.991427, 661.604406, 38.801654, 0.074783, 3230, 2427.0
185, 70.003460, 662.988036, 37.335450, 0.042969, 3226, 2409.0
186, 72.589159, 659.328845, 39.782088, 0.051347, 3218, 2407.0
187, 66.340932, 661.773061, 45.918194, 0.103738, 3232, 2419.0
188, 66.562380, 663.840006, 40.425464, 0.138310, 3223, 2422.0
189, 71.730557, 661.968268, 34.735942, 0.035711, 3228, 2418.0
190, 69.398366, 661.749724, 42.611090, 0.124676, 3226, 2434.0
191, 71.581842, 660.000239, 41.159420, 0.037156, 3221, 2407.0
192, 73.825166, 660.707241, 33.724053, 0.049036, 3223, 2407.0
193, 71.728400, 662.277517, 35.941468, 0.043463, 3226, 2455.0
194, 74.589238, 660.736076, 32.470640, 0.041101, 3218, 2406.0
195, 73.232039, 661.621560, 39.545156, 0.099720, 3210, 2404.0
196, 69.753249, 661.733376, 41.929951, 0.050168, 3230, 2419.0
197, 67.892185, 662.574088, 38.895327, 0.116295, 3218, 2392.0
198, 74.495807, 659.451347, 32.078543, 0.057182, 3224, 2395.0
199, 73.098123, 661.919990, 33.610706, 0.064965, 3216, 2388.0
200, 72.980363, 659.723473, 40.061441, 0.098308, 3213, 2416.0
201, 69.179851, 662.322685, 40.728855, 0.058425, 3231, 2419.0
202, 68.803790, 663.295320, 37.930212, 0.039773, 3226, 2415.0
203, 78.338668, 658.299866, 36.878481, 0.078194, 3202, 2406.0
204, 71.680367, 661.008480, 39.583613, 0.034542, 3208, 2394.0
205, 74.527975, 660.192790, 38.756930, 0.120857, 3199, 2405.0
206, 71.057628, 662.317709, 34.756811, 0.057299, 3226, 2411.0
207, 67.944481, 663.558371, 40.644606, 0.116425, 3220, 2403.0
208, 68.186550, 660.974541, 45.000680, 0.049093, 3229, 2423.0
209, 72.852923, 661.122759, 39.090130, 0.055397, 3222, 2432.0
210, 72.160333, 662.548065, 37.468934, 0.041756, 3226, 2415.0
211, 71.968937, 662.969157, 34.068027, 0.041661, 3231, 2408.0
212, 71.152571, 662.118536, 41.826694, 0.068347, 3216, 2463.0
213, 70.616336, 663.733012, 37.596643, 0.035119, 3228, 2430.0
214, 72.799967, 659.426140, 37.794709, 0.096539, 3211, 2404.0
215, 73.010181, 660.999386, 40.638895, 0.117650, 3210, 2403.0
216, 69.477174, 661.584167, 42.818546, 0.130988, 3222, 2408.0
217, 70.528039, 662.664179, 39.622452, 0.031304, 3223, 2394.0
218, 74.542421, 659.846439, 33.378346, 0.041893, 3220, 2387.0
219, 76.314010, 660.245964, 36.266751, 0.072175, 3216, 2383.0
220, 73.164864, 662.195039, 34.393900, 0.026019, 3225, 2415.0
221, 75.299136, 660.528315, 38.090224, 0.102966, 3208, 2410.0
222, 75.141625, 659.037819, 42.893308, 0.128512, 3194, 2397.0
223, 70.119253, 661.452356, 42.710008, 0.111663, 3220, 2418.0
224, 68.172479, 663.117300, 38.766244, 0.041856, 3230, 2412.0
225, 68.200502, 662.239277, 41.618021, 0.126995, 3220, 2420.0
226, 74.369323, 661.912387, 29.776025, 0.057833, 3233, 2400.0
227, 72.241890, 660.691831, 35.893615, 0.056777, 3219, 2401.0
228, 70.728473, 660.395930, 42.387640, 0.085515, 3217, 2402.0
229, 71.403822, 662.016814, 38.529740, 0.040239, 3223, 2408.0
230, 71.275312, 660.691610, 38.944767, 0.032417, 3226, 2438.0
231, 77.316482, 661.459542, 32.219242, 0.106272, 3210, 2398.0
232, 70.534900, 662.758163, 37.759188, 0.094545, 3234, 2408.0
233, 68.570515, 662.894111, 38.633804, 0.050299, 3233, 2424.0
234, 68.547720, 662.187422, 42.522913, 0.107293, 3226, 2401.0
235, 71.364237, 660.516277, 40.473271, 0.079952, 3214, 2384.0
236, 74.205043, 660.769605, 38.478102, 0.066233, 3222, 2395.0
237, 69.010503, 662.372770, 41.069999, 0.075186, 3235, 2418.0
238, 73.662196, 660.565339, 35.850256, 0.040840, 3228, 2414.0
239, 74.181070, 660.903831, 40.497296, 0.050308, 3207, 2396.0
240, 75.093098, 659.280894, 36.625523, 0.021617, 3208, 2396.0
241, 71.188682, 658.242649, 45.218366, 0.160067, 3203, 2400.0
242, 69.457245, 660.520499, 45.190846, 0.068302, 3229, 2423.0
243, 72.326850, 661.635073, 36.009649, 0.044510, 3221, 2412.0
244, 70.184495, 660.401015, 42.515284, 0.044019, 3226, 2413.0
245, 72.958613, 659.639951, 38.712447, 0.054976, 3216, 2408.0
246, 73.902496, 659.224160, 40.179597, 0.054603, 3207, 2413.0
247, 72.346914, 659.735300, 40.704217, 0.013931, 3219, 2407.0
248, 67.847947, 662.576986, 43.689378, 0.178769, 3226, 2415.0
249, 70.147983, 659.601060, 44.347937, 0.173899, 3211, 2416.0
250, 69.670874, 663.692684, 37.693713, 0.030049, 3231, 2414.0
251, 70.464629, 660.859699, 41.478097, 0.161832, 3217, 2403.0
252, 73.474522, 661.149548, 36.153511, 0.062210, 3205, 2391.0
253, 73.148188, 659.366156, 34.686809, 0.031417, 3217, 2419.0
254, 72.061505, 660.739895, 36.851857, 0.069641, 3221, 2408.0
255, 70.763695, 661.875977, 36.224133, 0.045419, 3230, 2420.0
256, 73.620758, 659.582724, 38.061247, 0.056500, 3207, 2399.0
257, 73.188810, 660.134832, 39.845108, 0.082719, 3224, 2419.0
258, 69.727293, 662.405107, 40.336648, 0.040419, 3230, 2444.0
259, 68.883689, 660.944431, 41.698172, 0.170879, 3215, 2405.0
260, 69.006484, 662.531909, 38.899559, 0.131034, 3223, 2416.0
261, 68.910029, 662.058842, 43.609439, 0.090070, 3234, 2430.0
262, 76.752207, 658.882100, 31.004887, 0.058612, 3219, 2422.0
263, 67.748062, 659.439927, 45.503593, 0.208005, 3222, 2419.0
264, 75.304557, 660.115580, 28.187392, 0.073678, 3218, 2402.0
265, 73.750612, 660.205333, 29.369937, 0.013822, 3209, 2398.0
266, 70.198239, 659.818321, 43.641005, 0.062405, 3221, 2420.0
267, 72.418572, 660.596737, 35.935706, 0.032474, 3211, 2403.0
268, 72.166717, 661.888183, 35.992995, 0.075537, 3214, 2396.0
269, 71.104028, 659.814764, 40.583712, 0.107105, 3214, 2410.0
270, 76.168283, 658.697035, 33.247054, 0.046121, 3206, 2400.0
271, 73.828852, 662.394699, 36.713085, 0.054083, 3214, 2402.0
272, 70.566825, 660.855704, 40.486322, 0.030710, 3219, 2402.0
273, 69.457501, 659.912771, 45.343814, 0.123003, 3220, 2418.0
274, 77.884271, 661.229648, 20.695866, 0.060439, 3220, 2385.0
275, 75.575782, 659.759366, 36.296788, 0.076059, 3196, 2408.0
276, 76.427976, 658.883637, 33.635498, 0.042040, 3214, 2404.0
277, 73.561290, 661.454200, 38.602966, 0.064134, 3220, 2410.0
278, 73.642721, 661.791768, 33.802725, 0.089957, 3216, 2405.0
279, 69.431356, 660.622906, 43.998895, 0.097172, 3230, 2413.0
280, 74.405797, 659.188786, 37.013752, 0.059071, 3221, 2382.0
281, 71.589842, 661.769031, 37.896573, 0.036972, 3213, 2387.0
282, 70.259660, 658.945872, 44.753251, 0.116850, 3215, 2389.0
283, 76.841979, 659.823864, 32.919776, 0.067909, 3220, 2404.0
284, 73.779211, 662.557393, 32.007077, 0.066914, 3236, 2399.0
285, 67.969222, 657.933055, 47.678661, 0.360032, 3219, 2384.0
286, 69.470660, 662.509500, 40.527858, 0.040433, 3231, 2415.0
287, 67.281395, 661.725120, 44.810348, 0.110011, 3234, 2431.0
288, 70.684044, 660.144339, 41.126815, 0.059215, 3218, 2399.0
289, 70.000888, 661.544923, 40.359783, 0.072711, 3223, 2417.0
290, 69.270636, 661.491420, 42.879136, 0.162885, 3228, 2417.0
291, 68.929054, 662.519397, 43.294652, 0.063822, 3232, 2445.0
292, 71.454676, 662.562924, 41.780661, 0.073548, 3232, 2420.0
293, 69.323930, 662.556760, 38.750036, 0.097895, 3220, 2410.0
294, 70.481197, 662.203275, 42.706870, 0.095542, 3214, 2411.0
295, 67.896584, 659.621756, 44.801003, 0.151657, 3230, 2423.0
296, 72.565169, 660.605030, 37.295630, 0.032667, 3226, 2425.0
297, 71.447803, 660.918768, 39.184201, 0.038207, 3217, 2405.0
298, 66.811067, 660.482079, 44.021242, 0.133576, 3229, 2416.0
299, 72.482179, 660.722591, 41.601942, 0.117788, 3207, 2416.0
300, 72.520326, 661.509002, 37.491909, 0.046311, 3220, 2402.0
301, 72.825905, 661.414908, 36.695996, 0.034408, 3223, 2406.0
302, 71.101960, 661.667951, 32.987687, 0.065100, 3218, 2407.0
303, 72.351990, 661.984591, 36.211150, 0.061457, 3216, 2420.0
304, 72.744756, 662.766535, 30.684064, 0.061794, 3236, 2413.0
305, 75.256344, 659.823895, 32.196334, 0.044411, 3224, 2401.0
306, 70.979115, 660.211995, 42.194422, 0.080100, 3218, 2421.0
307, 75.464012, 660.715752, 27.907905, 0.055433, 3211, 2402.0
308, 72.004671, 660.382565, 38.913671, 0.060933, 3207, 2398.0
309, 74.218119, 660.820714, 37.419375, 0.051798, 3216, 2407.0
310, 69.825008, 661.491259, 42.077704, 0.040644, 3234, 2416.0
311, 69.558172, 662.392010, 41.072806, 0.074899, 3226, 2401.0
312, 76.055667, 661.180039, 29.559101, 0.065661, 3227, 2390.0
313, 71.470387, 660.722319, 41.224008, 0.055728, 3216, 2414.0
314, 73.679168, 662.171151, 36.200909, 0.065604, 3215, 2410.0
315, 74.580995, 660.016367, 35.717460, 0.046501, 3215, 2416.0
316, 78.206850, 659.049054, 35.757972, 0.139367, 3199, 2391.0
317, 74.398662, 661.072523, 32.502985, 0.028048, 3222, 2406.0
318, 69.263635, 664.903678, 38.988726, 0.122719, 3223, 2407.0
319, 72.983688, 661.900683, 33.887480, 0.043725, 3217, 2414.0
320, 72.552070, 662.793764, 32.744531, 0.060213, 3233, 2413.0
321, 72.381684, 661.687506, 36.724451, 0.050389, 3226, 2414.0
322, 68.269060, 664.313794, 39.151820, 0.072148, 3231, 2410.0
323, 77.050760, 662.562195, 26.776911, 0.096820, 3225, 2413.0
324, 73.962381, 661.192870, 34.904134, 0.035101, 3228, 2415.0
325, 74.951133, 660.926755, 31.168704, 0.018078, 3222, 2403.0
326, 76.727110, 659.563023, 37.341987, 0.103559, 3206, 2416.0
327, 71.333860, 663.911043, 38.034717, 0.073131, 3229, 2418.0
328, 73.616114, 659.936886, 40.010971, 0.052496, 3208, 2407.0
329, 67.847866, 661.139743, 43.511381, 0.053439, 3224, 2426.0
330, 70.721949, 661.783228, 40.438612, 0.048365, 3227, 2411.0
331, 69.870180, 661.075819, 42.357468, 0.134539, 3217, 2407.0
332, 70.926434, 660.808762, 40.476757, 0.062415, 3219, 2406.0
333, 69.082284, 662.065322, 40.674442, 0.098645, 3223, 2409.0
334, 71.273301, 659.762707, 42.521421, 0.077178, 3215, 2406.0
335, 70.043720, 659.824386, 45.866804, 0.112540, 3215, 2419.0
336, 66.716337, 662.264225, 43.863710, 0.135144, 3231, 2414.0
337, 71.008279, 662.099536, 38.332496, 0.060802, 3233, 2414.0
338, 70.125955, 660.551219, 42.368830, 0.060030, 3229, 2418.0
339, 73.177217, 661.512145, 39.599175, 0.058843, 3223, 2425.0
340, 69.454468, 661.325504, 43.453330, 0.067126, 3225, 2421.0
341, 70.895654, 661.402115, 35.347478, 0.043839, 3227, 2414.0
342, 70.553178, 660.674729, 42.461058, 0.074502, 3220, 2410.0
343, 71.096938, 662.471959, 40.484892, 0.039350, 3223, 2415.0
344, 70.334468, 661.466758, 42.896538, 0.152812, 3224, 2413.0
345, 73.768402, 661.850458, 30.761910, 0.070150, 3231, 2413.0
346, 69.338497, 659.131825, 47.931725, 0.160566, 3228, 2435.0
347, 72.549229, 660.001445, 39.066163, 0.062216, 3211, 2407.0
348, 70.169933, 661.191863, 45.026224, 0.135988, 3217, 2411.0
349, 68.310094, 662.224838, 38.287115, 0.059025, 3230, 2415.0
350, 76.908746, 660.689468, 30.553771, 0.088234, 3216, 2402.0
351, 67.436086, 660.426428, 46.459143, 0.223023, 3226, 2417.0
352, 70.511330, 662.840215, 38.684453, 0.070123, 3227, 2415.0
353, 70.942533, 661.088820, 40.718249, 0.064756, 3223, 2421.0
354, 73.223994, 661.824482, 37.548398, 0.068634, 3218, 2407.0
355, 70.985776, 662.435523, 39.006559, 0.055236, 3223, 2420.0
356, 71.975545, 662.242028, 33.915061, 0.057271, 3227, 2415.0
357, 69.757668, 662.915687, 40.162433, 0.132092, 3229, 2412.0
358, 67.501476, 660.948761, 42.824127, 0.100585, 3226, 2428.0
359, 74.655977, 660.201319, 35.950116, 0.064400, 3216, 2415.0
360, 70.970285, 662.703435, 41.528821, 0.096878, 3226, 2424.0
361, 71.312847, 660.103300, 39.175435, 0.027862, 3215, 2396.0
362, 71.942537, 663.496840, 30.967757, 0.042246, 3234, 2415.0
363, 72.760423, 662.038393, 37.030630, 0.015856, 3222, 2415.0
364, 73.946571, 660.539937, 37.745534, 0.042467, 3215, 2410.0
365, 73.235759, 660.411501, 36.419288, 0.023324, 3221, 2407.0
366, 69.257442, 661.131799, 41.735978, 0.062363, 3226, 2423.0
367, 72.463532, 662.533059, 28.466255, 0.025188, 3229, 2409.0
368, 74.311318, 660.099342, 37.386060, 0.038845, 3217, 2411.0
369, 72.759234, 660.801141, 36.989188, 0.058221, 3221, 2417.0
370, 73.141236, 661.213583, 43.662808, 0.064051, 3215, 2404.0
371, 74.762721, 661.823921, 37.865394, 0.079479, 3226, 2416.0
372, 73.010550, 662.036414, 32.980695, 0.055164, 3223, 2415.0
373, 73.099002, 659.908978, 39.175880, 0.064191, 3209, 2402.0
374, 69.523508, 662.602715, 42.903720, 0.194837, 3229, 2416.0
375, 72.901858, 660.732376, 39.076660, 0.055145, 3222, 2484.0
376, 72.141863, 660.625919, 39.462582, 0.042559, 3223, 2420.0
377, 71.077051, 662.584225, 38.394069, 0.103630, 3230, 2405.0
378, 70.520729, 661.717974, 40.058577, 0.073445, 3229, 2431.0
379, 70.577751, 662.634078, 38.614673, 0.060940, 3225, 2422.0
380, 75.936214, 659.543900, 37.844151, 0.057628, 3221, 2418.0
381, 71.340435, 662.369172, 36.608261, 0.087651, 3215, 2399.0
382, 73.899272, 660.302988, 37.152536, 0.020085, 3207, 2398.0
383, 76.272880, 661.060208, 26.838130, 0.033306, 3211, 2417.0
384, 70.878091, 660.906620, 42.480049, 0.136042, 3209, 2406.0
385, 70.348997, 662.151706, 41.317834, 0.083734, 3222, 2432.0
386, 75.315032, 659.910502, 39.816138, 0.070378, 3205, 2404.0
387, 69.358376, 661.185616, 40.887741, 0.141185, 3231, 2427.0
388, 70.706229, 662.052507, 41.193759, 0.070726, 3228, 2434.0
389, 69.156184, 659.791838, 45.614420, 0.111520, 3229, 2441.0
390, 69.268100, 666.180196, 55.722184, 0.087862, 3221, 2404.0
391, 76.233029, 661.403937, 36.986023, 0.135664, 3213, 2427.0
392, 72.288985, 660.361489, 39.684857, 0.063049, 3214, 2410.0
393, 73.915002, 660.730167, 38.059301, 0.054810, 3217, 2417.0
394, 69.808601, 659.885594, 45.816611, 0.097031, 3214, 2423.0
395, 78.106519, 658.139389, 34.346258, 0.082742, 3210, 2411.0
396, 73.942259, 660.314826, 38.541796, 0.043988, 3224, 2413.0
397, 70.486655, 662.170768, 39.639722, 0.024554, 3226, 2428.0
398, 73.621761, 660.316027, 38.243601, 0.043388, 3217, 2405.0
399, 76.447271, 659.741189, 36.265886, 0.078616, 3225, 2413.0
400, 71.135064, 660.598955, 42.083947, 0.108182, 3220, 2427.0
401, 70.269041, 662.302134, 39.199840, 0.061870, 3227, 2415.0
402, 70.575666, 661.549456, 40.434019, 0.106931, 3206, 2409.0
403, 72.911904, 661.515078, 39.682962, 0.031462, 3214, 2409.0
404, 70.005587, 661.372316, 42.196704, 0.054279, 3230, 2444.0
405, 74.711440, 660.762740, 33.935635, 0.036717, 3223, 2409.0
406, 73.198106, 662.400555, 32.083593, 0.043302, 3225, 2410.0
407, 75.414195, 660.560724, 36.243178, 0.059455, 3212, 2402.0
408, 74.512740, 660.015089, 33.565526, 0.056566, 3223, 2506.0
409, 76.568881, 661.721112, 25.332061, 0.116045, 3227, 2403.0
410, 69.547904, 663.844003, 39.335022, 0.079954, 3227, 2404.0
411, 81.311826, 657.845766, 28.561863, 0.064756, 3208, 2397.0
412, 71.841719, 662.057952, 33.140878, 0.035751, 3229, 2420.0
413, 73.696462, 660.701950, 38.393018, 0.037401, 3215, 2407.0
414, 72.844312, 660.289291, 37.746365, 0.045723, 3224, 2429.0
415, 75.262370, 660.269787, 41.220016, 0.040755, 3205, 2397.0
416, 73.243252, 661.583701, 30.027392, 0.047597, 3229, 2441.0
417, 66.779426, 659.103624, 46.055531, 0.216636, 3229, 2417.0
418, 74.052459, 661.910651, 34.301579, 0.053920, 3218, 2405.0
419, 69.847617, 662.473076, 39.643701, 0.055075, 3233, 2419.0
420, 70.738086, 661.070913, 38.648015, 0.119727, 3234, 2424.0
421, 74.862039, 659.826714, 36.940194, 0.056864, 3211, 2406.0
422, 73.312516, 660.613366, 39.839303, 0.051242, 3221, 2408.0
423, 69.475949, 662.434156, 41.570780, 0.085645, 3223, 2411.0
424, 72.430242, 661.917921, 33.919890, 0.068273, 3228, 2418.0
425, 75.474110, 659.049912, 37.043868, 0.061417, 3207, 2408.0
426, 72.054964, 661.513663, 37.098523, 0.059682, 3211, 2394.0
427, 72.140837, 659.767832, 42.605851, 0.060565, 3214, 2422.0
428, 77.098471, 661.260022, 26.718287, 0.084182, 3218, 2402.0
429, 69.522549, 661.502324, 43.182758, 0.137119, 3232, 2423.0
430, 74.846505, 660.665572, 35.479416, 0.065441, 3209, 2415.0
431, 68.675188, 661.938996, 43.847671, 0.056032, 3231, 2423.0
432, 72.408911, 661.821419, 36.790666, 0.056519, 3215, 2408.0
433, 72.231244, 660.907811, 36.514439, 0.047427, 3224, 2449.0
434, 71.044571, 660.565819, 40.039415, 0.038098, 3216, 2403.0
435, 68.631464, 660.910690, 41.910173, 0.085438, 3222, 2415.0
436, 67.550015, 663.524390, 38.921085, 0.110448, 3221, 2406.0
437, 68.954798, 661.245741, 45.440049, 0.116076, 3225, 2419.0
438, 68.956873, 664.677542, 34.750024, 0.082295, 3229, 2414.0
439, 71.025084, 661.877710, 38.902455, 0.039211, 3223, 2410.0
440, 71.544797, 661.000817, 39.694658, 0.038810, 3219, 2413.0
441, 74.879525, 660.070906, 36.813454, 0.052477, 3215, 2437.0
442, 67.397106, 662.852947, 41.502116, 0.063546, 3225, 2421.0
443, 74.640648, 659.645616, 33.572893, 0.013537, 3219, 2415.0
444, 70.324576, 659.751600, 44.701908, 0.088754, 3222, 2415.0
445, 72.969575, 660.542142, 36.473734, 0.027757, 3217, 2406.0
446, 73.073053, 660.838776, 41.826245, 0.136295, 3210, 2411.0
447, 72.650334, 662.531404, 40.713918, 0.130863, 3214, 2408.0
448, 70.831603, 661.573344, 40.067234, 0.043336, 3233, 2428.0
449, 70.137366, 662.206617, 41.079482, 0.057664, 3235, 2427.0
450, 72.532877, 660.957370, 39.529846, 0.048257, 3220, 2400.0
451, 69.993384, 662.668491, 40.591017, 0.111380, 3229, 2398.0
452, 70.614370, 662.700354, 36.246236, 0.058762, 3225, 2396.0
453, 74.839123, 660.467597, 35.494140, 0.025273, 3223, 2422.0
454, 68.516688, 662.212944, 36.555427, 0.058166, 3227, 2405.0
455, 72.147738, 659.707250, 42.107670, 0.114245, 3206, 2395.0
456, 78.619520, 660.403133, 30.020376, 0.125734, 3211, 2404.0
457, 71.184860, 662.383424, 35.640866, 0.057035, 3229, 2413.0
458, 73.645743, 660.176293, 35.327935, 0.028974, 3219, 2421.0
459, 72.147145, 659.712367, 41.864285, 0.149711, 3204, 2388.0
460, 71.570458, 660.864240, 42.899960, 0.117927, 3220, 2411.0
461, 72.884303, 660.804518, 39.493932, 0.101730, 3210, 2412.0
462, 71.791635, 660.697508, 40.626325, 0.044152, 3223, 2414.0
463, 72.886896, 661.459257, 38.879917, 0.090551, 3206, 2419.0
464, 72.550768, 660.100002, 44.535868, 0.093163, 3204, 2408.0
465, 71.930274, 661.165053, 45.261138, 0.066024, 3225, 2424.0
466, 67.618749, 661.228849, 44.297712, 0.135884, 3232, 2433.0
467, 74.663078, 659.277830, 38.322681, 0.088440, 3206, 2400.0
468, 74.130495, 659.574218, 39.986525, 0.039710, 3194, 2398.0
469, 68.815108, 663.757804, 39.987495, 0.075949, 3230, 2421.0
470, 68.353710, 662.394312, 40.433486, 0.120595, 3231, 2414.0
471, 71.976142, 660.439463, 42.799941, 0.096831, 3219, 2420.0
472, 69.121372, 662.961556, 41.591344, 0.105895, 3226, 2423.0
473, 71.751133, 662.041541, 35.430003, 0.061715, 3230, 2436.0
474, 67.742584, 661.566721, 44.657581, 0.182473, 3231, 2438.0
475, 71.748998, 660.817672, 39.007894, 0.096036, 3210, 2397.0
476, 69.237188, 660.763413, 44.464979, 0.137206, 3226, 2415.0
477, 71.438154, 661.707231, 36.632206, 0.030109, 3219, 2410.0
478, 70.569571, 661.643265, 38.829292, 0.014939, 3230, 2419.0
479, 72.734671, 662.074370, 40.872684, 0.081896, 3222, 2415.0
480, 73.775577, 659.101729, 40.095297, 0.061276, 3205, 2398.0
481, 72.115329, 660.674625, 41.726696, 0.032990, 3219, 2419.0
482, 72.382054, 662.126067, 41.695274, 0.079164, 3213, 2429.0
483, 67.214626, 660.202470, 42.701187, 0.118543, 3232, 2426.0
484, 70.429231, 662.897470, 35.768277, 0.056844, 3233, 2413.0
485, 67.462695, 661.832452, 43.140633, 0.036679, 3229, 2435.0
486, 73.528149, 661.925506, 32.983926, 0.059210, 3229, 2420.0
487, 69.921221, 660.826155, 38.373426, 0.025501, 3227, 2415.0
488, 70.916496, 661.643197, 39.457533, 0.051689, 3227, 2412.0
489, 73.254086, 661.213527, 35.939311, 0.053108, 3220, 2410.0
490, 68.027918, 662.790622, 38.468634, 0.073001, 3230, 2407.0
491, 70.923152, 661.437036, 39.024325, 0.071857, 3228, 2426.0
492, 71.168845, 662.534080, 39.343606, 0.080399, 3227, 2433.0
493, 66.319663, 661.605551, 42.229837, 0.085422, 3229, 2421.0
494, 69.740646, 662.284590, 41.687238, 0.083105, 3227, 2411.0
495, 78.242807, 661.015735, 27.857558, 0.071148, 3205, 2387.0
496, 72.595842, 661.010246, 33.269713, 0.023225, 3229, 2416.0
497, 69.466165, 661.484073, 42.804611, 0.179668, 3227, 2413.0
498, 69.731173, 663.707561, 40.237696, 0.108030, 3223, 2422.0
499, 74.894293, 661.621782, 32.459440, 0.035579, 3225, 2424.0
500, 71.424265, 661.576086, 45.338274, 0.065693, 3219, 2409.0
501, 68.851590, 662.228810, 39.372626, 0.051137, 3229, 2413.0
502, 71.202496, 659.078673, 44.478377, 0.135139, 3208, 2423.0
503, 69.471057, 660.760570, 40.633639, 0.061259, 3231, 2422.0
504, 72.846425, 661.137489, 37.869801, 0.042372, 3220, 2406.0
505, 68.555193, 661.365560, 39.944166, 0.074346, 3218, 2409.0
506, 70.695450, 662.756836, 38.477072, 0.061653, 3227, 2412.0
507, 72.724050, 661.226908, 33.870697, 0.058977, 3221, 2507.0
508, 71.209881, 662.822523, 39.620921, 0.050011, 3220, 2419.0
509, 71.090581, 661.573572, 39.987993, 0.045788, 3227, 2416.0
510, 71.430155, 661.072716, 41.801841, 0.061455, 3219, 2433.0
511, 69.142380, 662.064182, 40.278197, 0.206481, 3216, 2401.0
512, 68.484084, 662.200214, 44.726651, 0.055538, 3226, 2422.0
513, 72.265718, 661.742768, 38.854476, 0.068886, 3223, 2428.0
514, 68.547832, 660.074228, 46.118112, 0.110399, 3226, 2417.0
515, 73.462970, 660.277094, 40.870171, 0.058288, 3210, 2409.0
516, 66.724685, 662.636314, 44.000331, 0.110246, 3237, 2437.0
517, 71.369160, 661.194650, 40.450245, 0.061939, 3218, 2417.0
518, 66.939759, 662.625690, 41.385330, 0.150219, 3229, 2416.0
519, 69.771911, 660.059489, 46.723506, 0.074655, 3217, 2416.0
520, 72.555810, 661.488022, 33.895995, 0.033995, 3224, 2428.0
521, 71.878681, 661.540840, 33.856252, 0.066273, 3224, 2409.0
522, 68.536107, 661.658779, 40.360653, 0.114742, 3230, 2419.0
523, 73.403074, 660.597475, 39.171720, 0.062548, 3215, 2410.0
524, 72.535242, 662.422501, 40.936103, 0.068018, 3216, 2402.0
525, 70.564368, 662.464279, 43.310023, 0.030011, 3232, 2420.0
526, 68.625754, 661.449378, 43.111663, 0.219888, 3231, 2426.0
527, 68.167054, 661.033802, 44.243459, 0.103000, 3228, 2420.0
528, 74.313203, 659.410207, 34.626387, 0.042615, 3214, 2404.0
529, 71.135838, 662.527278, 38.343185, 0.107326, 3221, 2406.0
530, 74.164898, 660.565420, 34.494568, 0.032795, 3223, 2415.0
531, 75.050024, 660.415649, 33.808165, 0.069370, 3220, 2420.0
532, 77.876334, 658.498532, 38.607248, 0.103038, 3201, 2393.0
533, 69.853289, 663.047971, 41.853247, 0.071969, 3232, 2425.0
534, 69.189408, 660.166868, 39.847856, 0.114157, 3225, 2415.0
535, 71.763883, 662.170215, 37.189995, 0.113861, 3225, 2410.0
536, 74.415544, 659.913075, 33.435153, 0.026175, 3221, 2402.0
537, 75.648254, 661.482931, 32.057087, 0.058202, 3221, 2407.0
538, 73.038248, 660.954147, 32.042946, 0.030668, 3220, 2411.0
539, 73.167532, 661.749744, 37.122851, 0.061175, 3214, 2429.0
540, 70.774051, 662.734883, 35.365009, 0.058585, 3230, 2407.0
541, 71.807825, 660.944391, 43.910550, 0.048533, 3216, 2422.0
542, 71.494516, 661.744515, 40.351074, 0.053363, 3224, 2419.0
543, 71.335930, 660.518751, 39.864108, 0.052653, 3230, 2427.0
544, 70.836365, 661.702918, 40.795925, 0.077737, 3225, 2411.0
545, 70.404672, 663.268816, 37.928920, 0.066047, 3229, 2412.0
546, 73.768242, 662.263567, 29.069432, 0.080219, 3223, 2418.0
547, 72.581888, 660.691995, 37.090062, 0.054635, 3217, 2413.0
548, 69.683648, 661.363903, 40.206273, 0.117487, 3227, 2412.0
549, 72.615937, 660.463918, 39.413998, 0.060237, 3218, 2430.0
550, 73.153458, 660.638696, 37.065776, 0.077958, 3210, 2402.0
551, 70.778889, 661.088297, 40.608141, 0.049332, 3226, 2421.0
552, 66.927477, 662.859924, 42.009731, 0.339633, 3226, 2415.0
553, 76.222980, 660.800919, 34.794858, 0.081530, 3208, 2401.0
554, 71.805119, 660.028150, 36.400711, 0.072689, 3203, 2411.0
555, 69.985280, 661.302793, 37.544602, 0.044144, 3236, 2492.0
556, 69.374256, 661.773571, 37.626363, 0.110380, 3226, 2409.0
557, 70.927235, 660.965356, 40.768059, 0.093036, 3228, 2413.0
558, 71.583301, 660.856351, 41.046906, 0.027397, 3224, 2431.0
559, 73.823164, 660.208262, 39.581185, 0.064618, 3210, 2424.0
560, 76.080788, 660.185438, 34.502954, 0.100811, 3217, 2410.0
561, 73.245216, 662.575070, 36.418768, 0.057217, 3226, 2411.0
562, 67.857927, 663.158996, 38.849277, 0.077416, 3222, 2410.0
563, 68.093175, 663.362941, 39.554697, 0.153869, 3230, 2415.0
564, 73.477891, 662.204588, 33.202421, 0.066914, 3219, 2402.0
565, 76.303549, 659.391740, 30.517523, 0.051696, 3212, 2392.0
566, 70.960509, 661.361703, 40.837353, 0.092380, 3222, 2426.0
567, 70.847205, 662.099213, 36.438388, 0.054306, 3223, 2419.0
568, 71.015181, 662.682339, 38.895363, 0.071089, 3215, 2420.0
569, 72.420177, 660.410390, 44.069943, 0.086710, 3207, 2418.0
570, 77.558285, 660.986061, 24.397413, 0.048815, 3218, 2403.0
571, 72.061070, 661.034991, 40.502597, 0.055837, 3213, 2414.0
572, 71.611763, 663.035306, 38.657615, 0.060827, 3225, 2417.0
573, 68.992886, 662.049011, 42.219765, 0.106768, 3232, 2417.0
574, 71.777347, 661.547927, 38.144134, 0.053892, 3223, 2428.0
575, 74.282573, 660.773268, 34.286227, 0.046323, 3217, 2416.0
576, 72.233493, 661.358331, 39.957479, 0.042600, 3220, 2413.0
577, 71.650123, 661.118535, 40.338465, 0.070419, 3215, 2405.0
578, 70.556788, 660.836419, 40.684437, 0.078235, 3226, 2419.0
579, 75.004804, 660.796054, 30.179411, 0.022351, 3215, 2422.0
580, 76.939558, 659.804956, 31.346365, 0.069685, 3219, 2405.0
581, 73.185265, 661.102447, 34.315469, 0.052074, 3227, 2408.0
582, 76.503074, 659.829528, 33.661917, 0.059904, 3205, 2410.0
583, 72.639593, 660.615198, 40.882533, 0.088347, 3218, 2427.0
584, 72.478102, 661.387249, 39.081668, 0.042073, 3216, 2411.0
585, 69.136947, 660.769420, 42.938791, 0.070589, 3219, 2409.0
586, 73.350009, 660.195648, 39.351681, 0.067340, 3214, 2404.0
587, 75.152109, 660.278189, 29.572351, 0.042283, 3216, 2406.0
588, 70.343450, 660.622313, 39.334232, 0.081641, 3233, 2433.0
589, 71.037940, 660.904098, 42.764074, 0.093328, 3215, 2424.0
590, 72.207029, 661.508291, 38.433758, 0.059083, 3217, 2408.0
591, 68.724879, 663.252387, 40.383213, 0.159859, 3227, 2549.0
592, 75.978567, 659.406962, 37.454900, 0.062534, 3202, 2400.0
593, 73.328336, 661.342977, 40.464768, 0.052692, 3218, 2408.0
594, 70.674329, 663.841663, 39.858664, 0.136655, 3226, 2411.0
595, 72.203032, 661.152199, 35.400244, 0.032708, 3220, 2413.0
596, 68.114693, 662.437721, 42.362833, 0.118388, 3226, 2431.0
597, 72.814746, 661.787139, 38.424103, 0.011989, 3227, 2415.0
598, 70.628489, 662.151554, 37.932793, 0.031746, 3224, 2425.0
599, 75.747400, 660.690366, 34.067567, 0.057420, 3211, 2419.0
600, 74.122850, 661.502416, 37.257287, 0.047079, 3222, 2416.0
601, 73.277333, 660.766953, 38.604699, 0.108759, 3214, 2403.0
602, 70.147519, 662.730814, 34.504628, 0.052633, 3240, 2419.0
603, 72.339405, 661.364160, 38.152864, 0.042309, 3218, 2411.0
604, 72.835384, 659.818523, 33.984940, 0.067633, 3213, 2405.0
605, 79.564895, 658.195994, 35.517416, 0.180136, 3190, 2398.0
606, 71.870483, 661.215950, 35.802047, 0.082181, 3222, 2406.0
607, 72.986684, 660.898494, 38.747902, 0.053968, 3219, 2500.0
608, 70.938291, 662.512438, 41.991766, 0.179172, 3216, 2425.0
609, 77.047798, 659.776635, 32.321742, 0.060341, 3206, 2406.0
610, 68.863134, 664.754648, 38.869520, 0.215004, 3223, 2424.0
611, 71.862483, 660.952559, 41.521217, 0.062042, 3221, 2409.0
612, 75.343781, 659.970710, 32.829875, 0.053677, 3206, 2401.0
613, 69.378620, 662.342071, 42.971059, 0.137609, 3237, 2429.0
614, 73.315333, 660.430006, 32.887677, 0.056690, 3235, 2420.0
615, 69.708356, 663.696534, 40.093226, 0.171059, 3229, 2417.0
616, 73.665875, 659.371353, 37.750549, 0.043598, 3211, 2417.0
617, 68.092383, 661.199179, 43.171986, 0.109742, 3222, 2418.0
618, 70.644839, 662.616029, 40.980489, 0.050365, 3224, 2443.0
619, 75.340342, 661.263367, 34.021241, 0.031577, 3228, 2414.0
620, 72.692587, 659.453357, 38.165221, 0.026336, 3221, 2409.0
621, 70.533192, 660.421837, 45.051205, 0.073337, 3225, 2426.0
622, 75.294761, 659.848193, 37.858917, 0.077634, 3206, 2401.0
623, 73.700129, 661.369808, 34.761468, 0.073077, 3224, 2427.0
624, 69.414828, 661.506206, 41.082249, 0.057604, 3231, 2446.0
625, 73.208785, 659.451727, 34.923032, 0.037902, 3204, 2406.0
626, 69.356438, 661.730180, 40.835777, 0.168756, 3221, 2406.0
627, 71.480902, 665.273557, 35.149961, 0.088595, 3227, 2435.0
628, 71.236779, 661.546183, 38.666109, 0.063467, 3229, 2418.0
629, 70.547446, 663.271865, 37.733813, 0.062665, 3229, 2416.0
630, 72.414277, 661.535482, 35.042236, 0.041822, 3221, 2411.0
631, 74.110817, 660.264811, 34.208674, 0.035705, 3222, 2407.0
632, 72.451570, 661.056411, 37.832403, 0.041028, 3218, 2410.0
633, 70.584435, 661.154230, 39.085374, 0.069596, 3224, 2412.0
634, 76.182785, 660.370743, 31.993215, 0.044141, 3212, 2400.0
635, 71.131484, 660.314304, 41.917670, 0.127371, 3217, 2402.0
636, 72.100137, 662.671760, 38.408809, 0.022195, 3225, 2417.0
637, 67.373173, 660.727245, 44.559175, 0.144068, 3227, 2534.0
638, 75.014176, 661.745600, 30.671011, 0.050569, 3221, 2418.0
639, 68.584113, 660.379255, 44.992957, 0.145326, 3234, 2438.0
640, 76.105344, 660.382918, 30.200308, 0.060707, 3222, 2471.0
641, 72.722249, 660.570783, 35.293899, 0.039895, 3217, 2427.0
642, 70.870002, 659.582446, 41.460839, 0.109732, 3236, 2422.0
643, 72.038176, 661.313102, 36.024020, 0.044217, 3221, 2408.0
644, 75.177504, 659.480917, 34.262329, 0.036018, 3221, 2411.0
645, 70.835141, 663.265821, 33.518113, 0.061287, 3228, 2415.0
646, 72.980581, 659.838978, 39.038870, 0.032224, 3222, 2415.0
647, 68.752609, 662.843622, 38.386553, 0.051819, 3231, 2429.0
648, 71.087819, 660.456346, 42.661007, 0.070073, 3213, 2408.0
649, 71.679706, 661.725751, 37.300539, 0.085404, 3222, 2456.0
650, 69.362985, 660.964192, 41.485718, 0.115017, 3219, 2409.0
651, 69.248669, 663.493675, 35.066428, 0.023712, 3224, 2414.0
652, 71.120101, 663.971099, 35.037402, 0.066257, 3228, 2410.0
653, 70.066726, 661.632279, 40.762649, 0.042147, 3227, 2429.0
654, 69.787396, 661.219886, 39.815316, 0.096433, 3231, 2413.0
655, 70.602039, 660.988729, 35.277568, 0.041521, 3233, 2413.0
656, 66.372221, 663.677293, 42.741379, 0.048543, 3235, 2423.0
657, 70.361032, 662.118020, 39.010698, 0.088714, 3230, 2440.0
658, 68.149839, 662.590358, 44.772050, 0.102413, 3226, 2431.0
659, 70.746428, 661.306251, 41.904373, 0.065232, 3231, 2416.0
660, 69.225724, 660.957244, 44.481465, 0.078481, 3225, 2411.0
661, 70.418325, 663.655770, 42.949323, 0.053196, 3228, 2426.0
662, 69.937511, 661.751996, 38.726831, 0.057413, 3223, 2413.0
663, 67.502849, 662.935943, 40.832662, 0.166367, 3228, 2425.0
664, 75.465545, 658.547226, 36.013886, 0.044064, 3208, 2396.0
665, 72.509599, 662.091890, 33.592417, 0.046810, 3233, 2417.0
666, 69.977089, 661.002697, 41.708221, 0.053595, 3227, 2440.0
667, 67.244713, 663.008021, 44.472488, 0.148780, 3225, 2405.0
668, 68.083959, 663.623927, 43.032082, 0.124054, 3224, 2400.0
669, 74.139357, 660.733127, 39.214147, 0.051314, 3218, 2407.0
670, 68.013827, 661.207096, 45.443231, 0.098274, 3231, 2428.0
671, 71.351926, 662.375917, 38.268432, 0.061630, 3219, 2404.0
672, 75.341762, 659.047374, 35.754845, 0.046667, 3216, 2400.0
673, 67.905329, 658.304687, 46.327703, 0.140624, 3224, 2431.0
674, 73.745242, 658.340026, 36.664651, 0.025858, 3214, 2421.0
675, 74.461764, 659.622978, 36.805248, 0.048111, 3212, 2381.0
676, 66.611842, 665.542107, 39.250967, 0.185161, 3230, 2417.0
677, 69.369122, 662.478302, 40.475901, 0.055487, 3223, 2414.0
678, 74.908123, 660.390261, 37.619115, 0.037998, 3218, 2409.0
679, 67.233520, 663.106689, 41.208072, 0.103590, 3227, 2421.0
680, 69.493896, 662.005845, 42.613757, 0.091237, 3226, 2410.0
681, 70.846676, 660.070143, 40.891746, 0.101244, 3217, 2412.0
682, 69.866657, 661.287266, 39.271201, 0.071584, 3226, 2440.0
683, 72.845970, 662.046313, 36.610104, 0.055513, 3221, 2410.0
684, 68.823513, 662.582616, 40.626658, 0.032592, 3231, 2423.0
685, 68.729273, 663.373059, 40.429093, 0.106813, 3226, 2411.0
686, 68.497998, 659.219343, 44.864563, 0.163286, 3224, 2431.0
687, 68.942546, 660.078352, 42.306870, 0.079941, 3216, 2411.0
688, 71.595372, 661.387300, 42.282214, 0.043117, 3217, 2402.0
689, 69.912807, 659.736807, 43.372900, 0.144560, 3221, 2410.0
690, 73.107340, 659.896157, 36.487709, 0.043121, 3211, 2404.0
691, 72.124834, 659.736722, 41.951748, 0.092267, 3211, 2400.0
692, 73.256003, 661.373190, 36.946556, 0.057681, 3219, 2418.0
693, 73.338700, 660.933351, 36.167042, 0.050951, 3218, 2412.0
694, 69.565197, 661.322728, 41.954116, 0.074354, 3231, 2421.0
695, 73.965382, 659.585512, 41.268568, 0.137179, 3211, 2407.0
696, 69.574383, 662.792449, 40.626375, 0.046452, 3226, 2430.0
697, 71.491231, 660.306697, 41.907570, 0.035079, 3221, 2413.0
698, 66.752257, 661.503380, 42.384757, 0.139853, 3230, 2421.0
699, 67.946239, 663.607591, 39.927992, 0.096819, 3226, 2418.0
700, 71.837924, 660.658937, 38.087618, 0.043916, 3222, 2410.0
701, 73.672312, 660.350903, 38.345317, 0.072479, 3210, 2412.0
702, 71.343302, 663.186382, 35.325786, 0.048389, 3225, 2433.0
703, 69.088854, 658.806013, 44.091563, 0.147568, 3223, 2418.0
704, 67.926179, 661.526314, 43.261804, 0.103469, 3231, 2416.0
705, 69.083494, 663.079787, 38.736380, 0.120106, 3225, 2412.0
706, 73.179678, 661.888569, 33.128583, 0.036169, 3236, 2530.0
707, 73.387203, 661.576406, 34.641191, 0.034071, 3218, 2441.0
708, 67.035176, 661.129474, 44.080548, 0.218420, 3226, 2413.0
709, 75.638226, 659.467320, 39.892805, 0.071430, 3206, 2404.0
710, 70.243254, 660.732834, 43.545219, 0.084549, 3220, 2409.0
711, 70.006382, 662.487354, 38.871411, 0.057800, 3223, 2411.0
712, 69.697874, 663.393194, 37.585297, 0.039429, 3233, 2411.0
713, 69.353391, 660.334755, 42.443606, 0.113101, 3227, 2422.0
714, 73.389765, 661.170860, 38.680677, 0.034122, 3220, 2409.0
715, 69.943885, 661.674737, 44.883848, 0.116424, 3229, 2420.0
716, 72.576711, 659.965453, 35.749928, 0.026879, 3219, 2400.0
717, 71.508628, 659.184057, 43.402843, 0.155334, 3214, 2397.0
718, 71.359505, 660.896926, 38.986335, 0.098057, 3210, 2408.0
719, 67.748486, 657.729823, 47.776746, 0.237966, 3222, 2414.0
720, 70.512462, 661.809810, 41.267816, 0.078340, 3219, 2407.0
721, 71.270048, 659.441404, 44.928775, 0.183240, 3210, 2396.0
722, 70.317121, 661.121402, 38.306230, 0.099064, 3228, 2417.0
723, 68.211970, 658.889391, 49.230479, 0.166212, 3227, 2418.0
724, 75.907993, 659.465966, 34.833692, 0.046142, 3215, 2400.0
725, 67.283235, 664.271264, 40.739668, 0.133824, 3231, 2438.0
726, 72.961771, 658.683540, 42.600438, 0.057917, 3205, 2408.0
727, 71.438533, 660.528698, 38.285644, 0.029467, 3224, 2418.0
728, 72.687486, 661.295718, 34.810371, 0.052096, 3228, 2413.0
729, 73.686710, 660.440058, 31.366293, 0.048792, 3215, 2400.0
730, 69.942987, 661.561543, 41.956641, 0.111527, 3217, 2408.0
731, 66.958286, 664.049908, 40.315228, 0.170122, 3232, 2417.0
732, 74.162051, 660.941691, 35.768363, 0.060359, 3210, 2395.0
733, 71.538700, 661.338168, 40.081646, 0.063884, 3223, 2406.0
734, 70.004550, 661.187619, 44.300681, 0.077679, 3233, 2430.0
735, 69.984154, 662.739780, 35.501970, 0.071802, 3225, 2433.0
736, 68.844490, 660.995204, 42.603273, 0.057080, 3226, 2416.0
737, 69.789971, 662.795500, 39.518600, 0.101694, 3232, 2407.0
738, 69.962587, 661.475599, 39.725809, 0.061985, 3226, 2415.0
739, 74.071265, 661.403917, 40.855827, 0.044728, 3212, 2412.0
740, 70.521784, 662.476532, 38.570956, 0.051042, 3227, 2414.0
741, 72.331043, 659.813911, 41.498639, 0.069008, 3205, 2391.0
742, 68.743562, 663.295549, 41.981582, 0.063645, 3225, 2422.0
743, 74.433560, 659.436605, 38.361958, 0.071522, 3206, 2404.0
744, 71.795588, 660.852933, 38.010211, 0.040045, 3228, 2407.0
745, 69.332201, 662.279511, 40.648571, 0.075406, 3229, 2426.0
746, 69.752154, 660.799594, 40.476125, 0.043256, 3229, 2420.0
747, 70.065923, 661.893495, 43.946193, 0.119574, 3226, 2409.0
748, 68.607182, 660.059558, 45.486232, 0.179949, 3222, 2408.0
749, 69.956295, 662.175093, 36.178066, 0.067349, 3226, 2412.0
750, 71.558175, 661.345912, 42.588424, 0.063243, 3217, 2412.0
751, 73.707293, 660.121816, 34.812974, 0.049678, 3210, 2403.0
752, 68.498487, 662.065504, 43.363533, 0.103668, 3228, 2412.0
753, 67.506979, 663.060377, 40.511642, 0.131593, 3226, 2395.0
754, 66.054747, 660.958812, 45.662676, 0.135934, 3237, 2425.0
755, 68.757791, 661.156450, 41.599858, 0.144567, 3206, 2412.0
756, 69.347945, 660.563560, 44.979606, 0.027267, 3222, 2416.0
757, 70.936398, 661.674320, 41.742057, 0.045452, 3227, 2416.0
758, 67.276258, 662.353739, 42.608231, 0.145581, 3225, 2414.0
759, 66.892159, 661.174974, 42.920025, 0.102964, 3232, 2418.0
760, 67.783351, 664.207611, 41.359702, 0.124082, 3231, 2424.0
761, 76.331993, 658.863189, 35.732472, 0.047312, 3209, 2402.0
762, 72.616753, 662.714787, 36.421670, 0.089607, 3230, 2411.0
763, 65.987846, 660.229482, 48.825781, 0.128753, 3220, 2418.0
764, 67.347502, 661.459833, 43.748135, 0.165584, 3233, 2419.0
765, 72.746396, 660.416693, 37.487353, 0.059081, 3218, 2398.0
766, 68.084673, 662.892055, 41.533867, 0.171071, 3226, 2415.0
767, 69.689046, 662.584716, 41.226300, 0.113106, 3229, 2421.0
768, 71.206593, 661.253458, 39.246210, 0.056416, 3214, 2408.0
769, 75.475312, 660.196960, 36.850316, 0.071751, 3216, 2401.0
770, 72.008242, 661.500842, 37.542582, 0.052408, 3231, 2415.0
771, 72.816223, 661.300018, 35.327005, 0.041426, 3214, 2405.0
772, 70.446673, 661.149214, 42.489569, 0.066956, 3223, 2427.0
773, 70.860896, 664.185155, 37.483609, 0.117207, 3233, 2405.0
774, 72.501571, 660.762472, 41.155482, 0.043803, 3225, 2422.0
775, 68.411682, 660.817171, 42.377506, 0.071307, 3220, 2415.0
776, 70.131664, 660.620849, 43.250409, 0.085736, 3224, 2412.0
777, 70.869720, 660.220676, 41.755184, 0.085502, 3225, 2409.0
778, 69.043602, 661.913120, 40.007742, 0.023692, 3228, 2421.0
779, 71.504938, 660.321423, 41.218149, 0.064556, 3224, 2408.0
780, 71.452729, 661.736648, 39.470475, 0.040228, 3228, 2425.0
781, 76.432542, 659.438963, 32.367063, 0.068714, 3203, 2396.0
782, 73.069139, 661.105065, 35.933439, 0.037940, 3224, 2408.0
783, 71.374851, 661.597585, 40.743306, 0.094504, 3220, 2411.0
784, 69.561534, 662.280453, 40.286104, 0.092356, 3235, 2437.0
785, 70.546551, 662.672265, 38.118839, 0.068926, 3235, 2418.0
786, 69.943070, 660.035246, 40.935433, 0.066324, 3226, 2417.0
787, 69.761068, 661.530754, 42.327509, 0.040744, 3226, 2423.0
788, 67.078567, 662.161039, 43.138313, 0.135256, 3232, 2418.0
789, 69.127329, 660.858783, 44.241727, 0.061140, 3232, 2418.0
790, 71.885609, 662.180846, 33.917017, 0.030163, 3225, 2411.0
791, 64.984254, 662.876103, 44.153234, 0.058129, 3225, 2414.0
792, 71.806915, 662.893615, 37.503603, 0.057579, 3232, 2418.0
793, 72.897033, 661.111082, 35.617308, 0.025332, 3213, 2401.0
794, 67.817514, 659.930627, 44.500047, 0.095673, 3227, 2441.0
795, 69.697871, 659.074111, 46.436966, 0.064457, 3234, 2422.0
796, 71.843465, 661.276250, 39.706451, 0.078950, 3212, 2409.0
797, 65.227316, 663.420677, 40.553669, 0.194138, 3232, 2412.0
798, 72.133416, 660.027750, 42.149104, 0.037264, 3218, 2405.0
799, 70.453317, 659.720249, 42.808224, 0.118910, 3221, 2412.0
800, 73.236507, 659.760789, 41.905531, 0.069054, 3211, 2408.0
801, 68.740180, 663.706060, 39.969655, 0.044429, 3228, 2403.0
802, 71.787479, 660.144130, 39.045470, 0.057445, 3202, 2396.0
803, 67.123841, 657.768710, 49.209210, 0.158398, 3222, 2423.0
804, 68.761791, 662.354958, 42.582745, 0.122488, 3230, 2446.0
805, 70.717440, 659.830141, 44.336880, 0.087315, 3226, 2408.0
806, 73.499319, 659.661437, 36.226530, 0.044260, 3215, 2402.0
807, 68.764179, 659.760617, 46.934232, 0.090948, 3229, 2458.0
808, 71.717313, 661.576086, 37.769287, 0.033504, 3217, 2410.0
809, 70.193544, 661.165094, 42.220399, 0.114295, 3229, 2417.0
810, 65.654086, 658.826689, 46.476133, 0.261195, 3230, 2420.0
811, 69.861491, 661.721761, 41.217804, 0.042529, 3230, 2425.0
812, 71.658350, 662.754193, 34.127694, 0.048709, 3233, 2428.0
813, 68.656143, 662.817321, 41.562060, 0.088777, 3227, 2426.0
814, 67.279598, 660.361120, 43.489652, 0.117545, 3228, 2417.0
815, 71.773517, 659.448158, 42.531179, 0.059452, 3211, 2402.0
816, 66.126137, 660.977440, 45.129769, 0.123868, 3237, 2447.0
817, 70.170508, 662.690077, 41.075663, 0.055708, 3222, 2424.0
818, 70.178805, 660.858224, 40.769675, 0.030641, 3217, 2409.0
819, 71.084805, 660.627546, 36.459252, 0.065965, 3217, 2411.0
820, 66.205460, 663.119414, 43.033950, 0.119625, 3228, 2421.0
821, 68.097215, 661.510248, 43.822338, 0.110228, 3225, 2416.0
822, 71.854320, 662.191455, 39.990635, 0.048737, 3221, 2410.0
823, 70.888215, 661.130283, 37.955403, 0.058820, 3226, 2420.0
824, 68.086626, 663.312822, 39.277685, 0.065262, 3229, 2422.0
825, 69.872420, 661.544485, 36.253445, 0.047973, 3229, 2427.0
826, 75.863215, 659.210447, 35.759555, 0.045228, 3215, 2406.0
827, 70.293431, 662.538149, 38.019146, 0.054087, 3230, 2417.0
828, 64.585761, 661.028678, 44.079923, 0.148519, 3228, 2432.0
829, 67.188863, 661.239428, 43.624949, 0.074744, 3233, 2420.0
830, 70.989956, 661.641078, 38.289741, 0.040131, 3216, 2390.0
831, 69.941952, 662.981101, 39.377947, 0.055459, 3238, 2431.0
832, 70.569694, 660.194566, 38.276949, 0.048031, 3213, 2402.0
833, 65.570050, 657.804380, 49.643455, 0.410762, 3226, 2451.0
834, 67.630213, 659.434626, 47.679447, 0.224523, 3214, 2401.0
835, 68.644154, 663.376413, 37.674873, 0.117953, 3226, 2407.0
836, 71.332269, 659.272354, 44.076878, 0.098815, 3209, 2407.0
837, 68.391727, 660.623443, 44.558479, 0.123879, 3230, 2427.0
838, 66.198781, 659.299993, 45.537868, 0.157784, 3229, 2413.0
839, 69.629206, 661.895787, 39.862398, 0.082717, 3224, 2530.0
840, 69.417524, 659.858660, 41.532151, 0.061579, 3226, 2506.0
841, 69.330135, 662.073433, 40.135128, 0.097020, 3228, 2429.0
842, 69.030294, 660.926535, 43.265443, 0.066194, 3232, 2417.0
843, 67.161576, 664.279941, 40.214886, 0.102511, 3229, 2422.0
844, 70.458167, 662.617074, 36.071262, 0.040578, 3222, 2428.0
845, 73.964893, 658.822694, 34.934956, 0.042790, 3208, 2403.0
846, 64.507278, 662.777614, 43.696785, 0.147730, 3235, 2413.0
847, 74.459506, 660.202558, 35.468082, 0.014146, 3225, 2401.0
848, 66.244913, 658.650964, 48.852958, 0.203963, 3225, 2415.0
849, 69.193474, 662.756057, 38.180974, 0.062705, 3229, 2406.0
850, 68.908329, 659.176417, 45.718171, 0.036214, 3226, 2413.0
851, 67.823497, 659.366953, 46.467741, 0.128495, 3224, 2415.0
852, 69.630548, 661.427017, 38.000566, 0.055762, 3229, 2413.0
853, 69.552489, 663.869214, 38.372303, 0.043533, 3228, 2408.0
854, 64.901285, 655.468555, 49.017809, 0.523016, 3228, 2404.0
855, 72.075078, 661.545181, 35.334196, 0.053602, 3219, 2400.0
856, 66.444362, 660.015195, 44.232814, 0.105224, 3237, 2424.0
857, 67.379782, 657.980328, 48.760358, 0.130147, 3222, 2413.0
858, 67.925485, 662.502138, 42.906997, 0.111458, 3225, 2430.0
859, 74.089039, 660.638828, 35.708221, 0.065364, 3221, 2401.0
860, 69.796715, 660.891690, 41.292233, 0.062923, 3230, 2581.0
861, 71.223277, 662.311449, 37.007701, 0.060280, 3231, 2582.0
862, 70.189281, 662.206733, 39.940149, 0.080087, 3233, 2621.0
863, 67.865367, 662.592339, 41.637169, 0.058258, 3233, 2407.0
864, 68.278683, 663.371493, 41.021198, 0.105810, 3234, 2427.0
865, 67.360937, 662.345090, 42.735839, 0.183351, 3230, 2428.0
866, 72.024237, 659.676351, 43.409883, 0.047575, 3219, 2523.0
867, 71.749374, 660.526057, 37.012964, 0.034295, 3215, 2408.0
868, 71.456383, 661.467717, 41.682205, 0.074194, 3225, 2421.0
869, 73.357763, 661.783526, 35.097780, 0.046597, 3216, 2403.0
870, 70.961245, 662.215502, 38.447716, 0.070936, 3226, 2415.0
871, 68.740006, 661.336807, 42.775978, 0.046697, 3230, 2435.0
872, 70.217428, 662.015295, 40.634908, 0.043967, 3232, 2438.0
873, 71.407188, 660.939848, 39.559298, 0.083427, 3219, 2437.0
874, 70.228032, 661.792627, 37.534585, 0.046594, 3226, 2417.0
875, 68.535084, 659.416486, 45.588228, 0.134032, 3229, 2462.0
876, 72.432691, 659.496036, 41.885635, 0.048055, 3213, 2388.0
877, 71.440096, 662.115412, 35.856533, 0.050562, 3226, 2405.0
878, 68.428371, 663.115023, 40.925994, 0.188567, 3226, 2421.0
879, 67.016820, 664.678878, 37.592231, 0.117190, 3235, 2432.0
880, 68.365976, 662.638980, 39.226866, 0.044718, 3228, 2407.0
881, 68.890420, 662.972676, 40.051894, 0.100071, 3223, 2453.0
882, 68.326644, 663.076874, 39.765754, 0.080646, 3224, 2425.0
883, 72.430538, 659.721970, 41.825988, 0.074332, 3212, 2442.0
884, 69.318079, 661.313298, 41.223652, 0.141830, 3220, 2566.0
885, 71.681668, 660.539455, 41.317627, 0.034095, 3213, 2412.0
886, 68.854398, 661.446329, 42.277519, 0.077717, 3229, 2449.0
887, 67.993624, 660.584887, 46.494450, 0.154375, 3228, 2500.0
888, 71.626444, 661.232201, 40.646458, 0.081719, 3213, 2430.0
889, 67.891844, 663.098971, 42.317167, 0.100324, 3229, 2420.0
890, 70.044428, 661.983685, 38.090474, 0.038766, 3223, 2420.0
891, 72.447312, 660.538217, 40.719091, 0.086054, 3221, 2469.0
892, 67.789276, 660.413929, 46.699685, 0.134969, 3228, 2447.0
893, 72.402912, 659.773892, 39.906808, 0.028009, 3211, 2402.0
894, 66.729371, 662.317273, 43.509142, 0.198708, 3228, 2612.0
895, 72.465573, 660.737152, 35.621656, 0.039500, 3219, 2413.0
896, 67.063056, 661.796393, 40.736747, 0.202570, 3220, 2537.0
897, 72.537085, 661.950558, 33.725090, 0.055545, 3233, 2432.0
898, 71.488161, 660.432233, 36.341722, 0.034503, 3224, 2418.0
899, 75.905540, 659.963556, 31.951366, 0.070893, 3221, 2559.0
900, 73.181352, 658.858909, 35.182166, 0.065742, 3213, 2438.0
901, 70.788632, 660.283475, 41.240432, 0.060829, 3225, 2456.0
902, 69.331575, 659.498036, 41.986621, 0.171569, 3215, 2417.0
903, 71.119215, 659.843736, 43.187422, 0.053633, 3230, 2431.0
904, 69.497853, 661.122580, 37.978098, 0.041979, 3231, 2447.0
905, 68.832063, 659.690587, 43.453655, 0.067246, 3227, 2465.0
906, 68.483650, 659.520351, 47.536043, 0.180057, 3231, 2420.0
907, 69.249804, 661.928398, 39.287549, 0.107273, 3221, 2428.0
908, 71.127948, 660.672771, 35.784431, 0.040185, 3220, 2421.0
909, 70.011568, 660.702819, 43.193196, 0.042967, 3234, 2444.0
910, 66.950403, 658.500016, 46.165163, 0.187863, 3225, 2441.0
911, 67.562904, 660.693544, 46.478090, 0.123274, 3224, 2415.0
912, 72.114623, 660.361104, 44.019692, 0.129217, 3211, 2471.0
913, 67.495813, 664.628605, 39.315490, 0.117779, 3231, 2411.0
914, 70.506864, 662.312918, 36.774429, 0.025306, 3228, 2407.0
915, 66.775265, 661.046015, 43.194450, 0.225024, 3224, 2420.0
916, 65.529140, 660.485816, 45.187052, 0.174556, 3231, 2430.0
917, 74.823276, 660.259934, 35.159922, 0.036472, 3212, 2421.0
918, 67.528210, 664.025247, 38.892618, 0.119499, 3229, 2409.0
919, 67.915226, 659.624960, 44.098607, 0.136085, 3231, 2422.0
920, 67.998615, 661.147810, 46.032636, 0.099559, 3224, 2451.0
921, 68.122474, 662.370150, 39.447123, 0.069658, 3221, 2401.0
922, 72.495199, 660.787909, 33.757377, 0.035219, 3229, 2421.0
923, 70.805123, 661.037902, 41.259099, 0.140386, 3215, 2413.0
924, 69.186731, 663.337472, 43.859101, 0.048626, 3231, 2441.0
925, 69.752903, 662.368834, 38.865980, 0.065261, 3236, 2434.0
926, 69.924675, 660.700504, 40.520900, 0.065805, 3226, 2434.0
927, 70.293384, 663.588434, 38.198244, 0.048837, 3230, 2422.0
928, 69.727953, 661.951437, 41.040708, 0.086898, 3218, 2414.0
929, 69.874670, 661.682469, 40.527096, 0.095285, 3217, 2410.0
930, 71.816696, 659.326436, 39.477530, 0.042307, 3218, 2500.0
931, 68.388784, 661.972346, 43.373839, 0.082249, 3228, 2420.0
932, 73.809346, 659.912615, 37.195388, 0.024433, 3219, 2430.0
933, 68.977000, 661.351861, 43.526910, 0.049157, 3229, 2429.0
934, 73.828683, 660.182649, 35.365766, 0.017544, 3220, 2419.0
935, 73.713987, 658.666882, 43.300362, 0.061312, 3200, 2404.0
936, 72.683710, 661.718745, 33.574437, 0.054169, 3228, 2414.0
937, 76.787729, 659.551653, 29.305438, 0.109557, 3213, 2452.0
938, 74.932191, 659.591596, 38.766605, 0.071295, 3205, 2447.0
939, 71.008274, 662.417600, 37.919767, 0.022855, 3224, 2405.0
940, 73.759189, 660.716096, 35.259958, 0.024270, 3215, 2416.0
941, 72.377271, 659.868461, 40.161501, 0.080085, 3208, 2403.0
942, 70.451851, 661.274038, 41.990662, 0.110102, 3226, 2420.0
943, 70.220346, 662.598953, 33.300354, 0.035432, 3229, 2411.0
944, 70.439347, 661.362283, 38.498802, 0.072132, 3223, 2409.0
945, 71.995939, 661.091959, 38.120066, 0.033705, 3226, 2423.0
946, 69.186278, 661.962041, 40.653329, 0.095057, 3235, 2424.0
947, 70.386514, 663.662043, 35.851554, 0.108234, 3231, 2408.0
948, 73.339826, 659.684361, 37.044335, 0.060658, 3209, 2406.0
949, 67.154960, 662.831044, 40.497548, 0.104211, 3225, 2488.0
950, 69.361602, 660.984059, 43.041070, 0.120099, 3218, 2428.0
951, 70.136341, 662.270718, 39.916749, 0.040408, 3230, 2422.0
952, 70.907719, 662.304466, 39.445943, 0.044547, 3223, 2412.0
953, 69.560392, 659.061420, 42.719874, 0.083939, 3223, 2426.0
954, 69.682855, 662.551763, 42.167942, 0.097080, 3222, 2433.0
955, 69.368129, 663.019512, 37.915153, 0.066006, 3229, 2414.0
956, 70.096640, 662.094488, 41.737838, 0.091194, 3225, 2406.0
957, 71.061841, 657.880086, 46.347626, 0.064113, 3209, 2426.0
958, 73.829638, 659.769675, 35.616800, 0.031260, 3222, 2414.0
959, 69.091789, 663.067760, 42.126602, 0.073599, 3231, 2443.0
960, 68.152274, 661.811495, 42.258736, 0.092179, 3224, 2485.0
961, 67.122892, 660.552470, 44.220282, 0.106200, 3223, 2412.0
962, 74.352637, 658.472516, 36.992095, 0.076806, 3209, 2411.0
963, 70.102371, 660.851092, 45.454269, 0.050506, 3230, 2428.0
964, 70.547250, 661.974307, 40.297322, 0.081794, 3218, 2427.0
965, 73.316631, 659.211763, 37.890491, 0.037719, 3216, 2606.0
966, 71.181553, 663.024175, 39.434638, 0.048200, 3234, 2468.0
967, 67.362140, 659.794102, 46.823721, 0.216249, 3228, 2440.0
968, 70.229467, 661.955186, 39.381352, 0.078326, 3224, 2613.0
969, 74.510729, 659.533548, 36.600256, 0.024440, 3221, 2948.0
970, 73.630546, 658.615231, 36.416051, 0.057886, 3213, 2396.0
971, 71.650631, 660.541516, 42.422345, 0.073871, 3221, 2491.0
972, 71.461971, 660.649266, 37.258752, 0.033478, 3220, 2410.0
973, 70.659355, 662.797402, 35.978222, 0.052318, 3222, 2481.0
974, 71.046184, 661.017951, 40.470003, 0.096628, 3216, 2401.0
975, 68.499206, 660.191993, 44.032447, 0.154716, 3226, 2436.0
976, 69.785122, 660.471261, 43.133974, 0.060360, 3227, 2695.0
977, 71.440119, 661.282100, 44.109138, 0.103955, 3222, 4052.0
978, 70.217611, 660.898771, 42.062924, 0.047554, 3228, 4141.0
979, 71.629886, 660.153925, 41.076065, 0.076109, 3221, 4405.0
980, 67.089480, 661.293031, 44.404527, 0.131054, 3226, 3742.0
981, 70.569072, 661.266585, 41.034298, 0.097482, 3224, 2840.0
982, 68.236639, 662.852217, 44.021549, 0.120715, 3225, 2421.0
983, 69.556367, 662.128168, 40.430998, 0.054187, 3234, 2418.0
984, 68.095977, 658.469200, 46.259758, 0.126321, 3226, 2438.0
985, 67.936687, 660.473169, 44.819259, 0.084898, 3233, 2429.0
986, 69.641434, 661.734294, 39.619677, 0.053121, 3224, 2412.0
987, 68.161364, 660.473139, 46.286632, 0.164588, 3226, 2414.0
988, 68.810473, 661.492033, 40.707877, 0.066925, 3230, 2414.0
989, 69.266222, 663.680361, 38.576477, 0.077899, 3220, 2622.0
990, 67.889429, 660.031070, 44.198359, 0.128244, 3231, 2432.0
991, 69.979567, 660.910508, 45.839709, 0.085601, 3231, 2424.0
992, 73.051628, 660.399427, 38.531743, 0.057813, 3226, 2414.0
993, 70.553117, 662.970436, 38.590832, 0.093650, 3226, 2417.0
994, 71.124833, 661.105361, 40.141718, 0.116783, 3223, 2447.0
995, 70.144179, 660.964415, 38.738130, 0.048724, 3225, 2434.0
996, 74.475586, 661.893303, 32.488287, 0.065461, 3219, 2399.0
997, 72.579149, 661.540137, 38.681252, 0.071060, 3212, 2412.0
998, 67.552646, 663.737322, 40.404590, 0.097699, 3230, 2419.0
999, 67.642348, 661.267451, 44.285903, 0.049516, 3230, 2422.0
