#idx, x0, x1, x2, y, f_neval, total_time (us), 
0, 68.335997, 665.550479, 39.409766, 0.108145, 4958, 3718.0
1, 71.969642, 660.196205, 45.946610, 0.102397, 4905, 3752.0
2, 74.987011, 661.146722, 35.317021, 0.042772, 4933, 4307.0
3, 70.671846, 661.311983, 39.125439, 0.078597, 4957, 3610.0
4, 71.392117, 662.624893, 38.599618, 0.107384, 4940, 3736.0
5, 76.478488, 660.803520, 28.625348, 0.034003, 4907, 5231.0
6, 69.664904, 661.759748, 44.457948, 0.084713, 4955, 4315.0
7, 74.103229, 660.105587, 44.177017, 0.081103, 4911, 3698.0
8, 69.680660, 662.273146, 41.829831, 0.135722, 4957, 4454.0
9, 70.759887, 661.413245, 39.718622, 0.070080, 4942, 3808.0
10, 74.057953, 659.968102, 38.927868, 0.086045, 4943, 3720.0
11, 78.455063, 660.522927, 30.975297, 0.081684, 4913, 3570.0
12, 75.121608, 660.122070, 36.847567, 0.062554, 4923, 4493.0
13, 77.283084, 659.631478, 31.179869, 0.052967, 4919, 4416.0
14, 74.550958, 660.442465, 38.477662, 0.051730, 4932, 3636.0
15, 73.155527, 660.581838, 36.115825, 0.044215, 4929, 4476.0
16, 74.979470, 660.617503, 32.055528, 0.044869, 4912, 3598.0
17, 76.318454, 660.937736, 28.421318, 0.037722, 4904, 3573.0
18, 74.153352, 659.546180, 36.034070, 0.034948, 4917, 4345.0
19, 77.113236, 660.826108, 34.763842, 0.087685, 4924, 4292.0
20, 76.021750, 659.996854, 33.763328, 0.074252, 4909, 3665.0
21, 74.723003, 661.345089, 29.767065, 0.065474, 4936, 3589.0
22, 69.668915, 661.807014, 40.487553, 0.102172, 4962, 4604.0
23, 71.840938, 660.543939, 39.999329, 0.067001, 4943, 4301.0
24, 70.910229, 661.925609, 41.703765, 0.085544, 4933, 3639.0
25, 74.184297, 659.404090, 38.515048, 0.059838, 4925, 3572.0
26, 69.722859, 661.008343, 42.664366, 0.193512, 4924, 4445.0
27, 67.731174, 661.042085, 45.319431, 0.147862, 4954, 3632.0
28, 71.862993, 660.312768, 38.974018, 0.072531, 4963, 3600.0
29, 72.425666, 660.528612, 42.214496, 0.074904, 4943, 3580.0
30, 72.614904, 660.344315, 39.033240, 0.062078, 4944, 4990.0
31, 69.101212, 662.073461, 42.608053, 0.136333, 4958, 3611.0
32, 78.429753, 658.721665, 32.652720, 0.056905, 4918, 3634.0
33, 75.574746, 658.521579, 34.896506, 0.045001, 4926, 4379.0
34, 71.703340, 660.165368, 43.850453, 0.068786, 4953, 3715.0
35, 71.732957, 662.907117, 38.273908, 0.040595, 4961, 3669.0
36, 67.222312, 658.837433, 48.205053, 0.172139, 4954, 3673.0
37, 72.769900, 659.489482, 40.266760, 0.037192, 4917, 4495.0
38, 70.359329, 659.141435, 46.927572, 0.060564, 4918, 3623.0
39, 72.654847, 660.196848, 35.157729, 0.065909, 4928, 3717.0
40, 68.167530, 662.039577, 42.352230, 0.073314, 4958, 4103.0
41, 70.736691, 662.752600, 37.944346, 0.071303, 4954, 3622.0
42, 69.621926, 663.550246, 34.755275, 0.101686, 4958, 3677.0
43, 72.244462, 660.727092, 43.617896, 0.071753, 4940, 3683.0
44, 70.799392, 661.750376, 40.075117, 0.075278, 4938, 4495.0
45, 71.447308, 661.232096, 37.816237, 0.040618, 4934, 3586.0
46, 70.631831, 660.544226, 43.548370, 0.145029, 4933, 3793.0
47, 77.462036, 659.244674, 31.885379, 0.073654, 4904, 5232.0
48, 71.927891, 661.183198, 41.378968, 0.052370, 4939, 4924.0
49, 77.154556, 658.639379, 30.508587, 0.020894, 4929, 3590.0
50, 68.417468, 661.380619, 41.656133, 0.163897, 4949, 4485.0
51, 70.620001, 659.483363, 42.341360, 0.139094, 4923, 3689.0
52, 69.054642, 662.666466, 37.963461, 0.061305, 4947, 4816.0
53, 72.218903, 661.109594, 38.158018, 0.047411, 4935, 5612.0
54, 75.393213, 659.751339, 31.566248, 0.041562, 4903, 3698.0
55, 69.525032, 659.983537, 44.729328, 0.076448, 4945, 3720.0
56, 70.134465, 663.139515, 43.072592, 0.076653, 4962, 4347.0
57, 66.700815, 659.509124, 46.454997, 0.220987, 4957, 3925.0
58, 70.366635, 660.848457, 44.603779, 0.121305, 4942, 3608.0
59, 72.908968, 660.502309, 35.508203, 0.036910, 4934, 3779.0
60, 73.251367, 660.437472, 37.438110, 0.061333, 4930, 3607.0
61, 74.503136, 660.689973, 31.229733, 0.034809, 4933, 3592.0
62, 68.856169, 662.508078, 36.987422, 0.065985, 4948, 3575.0
63, 77.503936, 659.266623, 28.930174, 0.072680, 4898, 3718.0
64, 72.487764, 659.453992, 45.166234, 0.141675, 4900, 3573.0
65, 70.147781, 659.951126, 38.845675, 0.068635, 4937, 4798.0
66, 68.680649, 659.736295, 44.000912, 0.076858, 4957, 3692.0
67, 74.073294, 659.783749, 34.743265, 0.024847, 4947, 4055.0
68, 69.185199, 659.831885, 45.051289, 0.070022, 4957, 4141.0
69, 68.484852, 661.738772, 41.802897, 0.082411, 4955, 3670.0
70, 68.227790, 660.085099, 44.086707, 0.107723, 4955, 4397.0
71, 73.674522, 659.817180, 41.211323, 0.061687, 4901, 3548.0
72, 70.818872, 663.729614, 37.647535, 0.083290, 4960, 3636.0
73, 68.673069, 660.716586, 44.531348, 0.041677, 4955, 3610.0
74, 69.039522, 662.635357, 37.625155, 0.065657, 4957, 5155.0
75, 71.957911, 660.631734, 37.192338, 0.032030, 4940, 3659.0
76, 68.414897, 664.192555, 35.594974, 0.094075, 4959, 3651.0
77, 65.851357, 662.319655, 44.263670, 0.114780, 4954, 3704.0
78, 76.049751, 659.089498, 37.640295, 0.035481, 4908, 3865.0
79, 70.644717, 660.207362, 43.770327, 0.139303, 4937, 3698.0
80, 70.043439, 661.066975, 38.560859, 0.028838, 4956, 3807.0
81, 70.316109, 661.826958, 40.428637, 0.038196, 4955, 3605.0
82, 67.533808, 662.360375, 42.824160, 0.105546, 4959, 3649.0
83, 69.195483, 662.221415, 39.443700, 0.061083, 4961, 4226.0
84, 69.605483, 660.103622, 43.418338, 0.119790, 4941, 3601.0
85, 67.870152, 661.671376, 43.853497, 0.112044, 4956, 3608.0
86, 74.455555, 660.809785, 33.613960, 0.032271, 4927, 3618.0
87, 68.331442, 662.207442, 41.325645, 0.077597, 4962, 3599.0
88, 64.732902, 665.079582, 39.720944, 0.214843, 4959, 3595.0
89, 71.844298, 660.920008, 38.439282, 0.051036, 4938, 3611.0
90, 69.113340, 660.270976, 45.514622, 0.059990, 4958, 3645.0
91, 71.597214, 660.649994, 38.389738, 0.051081, 4933, 3759.0
92, 67.629083, 666.075124, 50.798497, 0.047560, 4951, 4944.0
93, 70.256942, 660.649684, 42.679420, 0.042760, 4939, 3666.0
94, 71.043912, 660.616020, 46.515620, 0.057502, 4957, 3612.0
95, 74.855397, 660.967989, 32.281856, 0.049694, 4930, 3574.0
96, 71.842710, 660.095954, 39.427883, 0.029778, 4942, 3599.0
97, 70.375030, 661.585919, 43.667922, 0.043621, 4953, 3637.0
98, 73.106429, 660.752608, 37.011530, 0.044411, 4936, 3720.0
99, 71.014206, 662.066493, 37.700389, 0.043560, 4949, 3588.0
100, 69.486477, 660.548573, 46.108593, 0.046836, 4952, 3618.0
101, 69.617815, 662.821704, 44.307723, 0.145941, 4954, 3662.0
102, 68.449939, 661.679510, 43.409483, 0.079400, 4963, 3584.0
103, 68.283975, 661.089025, 43.771843, 0.047087, 4954, 3636.0
104, 67.812135, 661.142139, 40.836212, 0.127177, 4953, 3691.0
105, 69.581665, 662.077978, 36.268720, 0.076358, 4955, 3675.0
106, 68.807095, 659.607573, 43.602728, 0.083171, 4953, 3791.0
107, 75.709388, 657.719409, 42.979476, 0.076643, 4880, 3835.0
108, 69.724484, 661.932695, 40.860807, 0.056934, 4964, 3639.0
109, 66.129649, 661.549888, 43.762620, 0.156481, 4959, 3591.0
110, 72.064111, 660.803624, 39.287102, 0.076765, 4938, 4704.0
111, 71.835300, 661.818729, 35.447475, 0.062652, 4959, 5178.0
112, 76.256579, 659.547421, 31.466869, 0.037345, 4935, 4853.0
113, 68.888199, 661.678435, 43.573732, 0.078690, 4959, 3631.0
114, 69.461942, 661.532157, 43.777664, 0.076682, 4956, 3613.0
115, 73.598241, 661.440747, 31.937940, 0.028878, 4921, 3834.0
116, 73.053281, 659.466460, 35.133974, 0.041601, 4928, 3554.0
117, 72.068220, 660.807203, 44.229320, 0.047301, 4942, 3595.0
118, 69.217795, 663.234748, 39.626027, 0.059614, 4953, 3592.0
119, 73.169789, 658.753236, 39.598765, 0.029226, 4920, 4026.0
120, 69.020294, 662.338984, 39.802357, 0.062624, 4959, 3671.0
121, 65.306981, 661.896099, 44.371472, 0.186779, 4961, 3608.0
122, 76.886805, 659.747292, 30.560521, 0.076676, 4912, 3644.0
123, 69.977543, 662.273852, 41.870323, 0.032873, 4960, 3609.0
124, 73.954889, 659.099810, 35.906436, 0.033576, 4938, 3823.0
125, 71.903666, 659.176415, 42.897112, 0.052713, 4922, 3589.0
126, 68.360759, 659.925044, 43.240968, 0.050255, 4955, 3636.0
127, 67.776687, 661.793827, 40.041562, 0.079396, 4962, 3608.0
128, 67.960455, 659.437595, 43.866944, 0.143142, 4967, 3622.0
129, 70.534737, 661.389727, 41.903479, 0.123150, 4958, 4322.0
130, 70.306068, 664.137649, 36.793732, 0.079585, 4951, 4189.0
131, 67.224451, 664.575127, 41.509263, 0.123836, 4955, 3619.0
132, 74.311400, 658.138360, 40.016099, 0.035920, 4906, 3572.0
133, 70.176897, 660.205464, 43.657384, 0.075169, 4950, 3658.0
134, 71.033850, 662.485177, 37.928454, 0.033921, 4954, 3670.0
135, 71.416929, 662.670624, 36.013805, 0.063593, 4954, 3590.0
136, 67.853456, 660.809894, 45.563077, 0.236194, 4950, 3633.0
137, 69.006924, 660.318261, 48.874791, 0.164154, 4946, 5883.0
138, 66.111716, 660.929315, 43.490492, 0.238433, 4951, 3621.0
139, 71.030747, 661.617981, 42.403008, 0.127367, 4963, 4374.0
140, 67.928286, 661.986075, 43.585044, 0.090650, 4961, 3639.0
141, 68.579130, 662.017191, 40.562191, 0.074876, 4958, 3575.0
142, 75.149772, 660.129001, 36.476118, 0.071884, 4941, 3664.0
143, 76.941624, 659.449211, 31.415707, 0.058201, 4922, 3585.0
144, 72.680541, 662.101325, 39.656745, 0.094815, 4927, 3725.0
145, 71.717214, 660.115556, 43.836572, 0.093235, 4922, 3589.0
146, 70.842682, 662.285222, 38.060758, 0.068894, 4962, 3656.0
147, 79.268022, 660.213783, 25.391978, 0.050312, 4924, 4514.0
148, 73.968469, 660.966636, 32.754397, 0.052839, 4925, 3597.0
149, 70.978834, 662.840000, 41.674164, 0.121114, 4965, 3614.0
150, 69.818847, 662.730377, 40.968574, 0.047037, 4956, 3618.0
151, 70.981908, 661.373091, 42.474384, 0.094006, 4959, 3675.0
152, 72.461430, 661.290625, 41.712145, 0.145383, 4924, 3594.0
153, 69.409032, 661.112542, 44.530185, 0.240604, 4953, 3604.0
154, 68.377969, 660.417509, 45.865894, 0.114154, 4959, 3868.0
155, 68.741898, 662.289408, 44.682662, 0.179302, 4949, 6105.0
156, 67.857634, 660.627918, 44.763285, 0.100144, 4961, 6012.0
157, 72.437008, 660.959178, 36.504026, 0.009221, 4927, 5925.0
158, 73.238240, 660.600906, 38.288933, 0.035304, 4937, 5315.0
159, 70.383338, 661.468614, 44.005002, 0.072060, 4961, 5266.0
160, 70.896232, 661.195304, 43.204720, 0.102989, 4938, 3647.0
161, 68.680723, 663.460688, 41.148071, 0.240824, 4955, 3583.0
162, 69.468695, 661.975756, 43.079768, 0.154672, 4947, 3606.0
163, 67.295411, 660.830504, 44.820102, 0.108998, 4961, 3633.0
164, 72.472422, 660.447216, 40.221298, 0.033943, 4934, 3647.0
165, 70.975123, 661.891526, 41.997473, 0.074978, 4944, 3593.0
166, 71.273187, 661.004269, 41.225421, 0.110397, 4945, 3668.0
167, 66.003546, 661.351875, 43.171996, 0.231394, 4959, 3605.0
168, 74.456098, 661.514888, 31.817578, 0.043492, 4932, 3584.0
169, 75.221766, 659.698087, 36.143398, 0.038108, 4923, 3570.0
170, 70.791877, 661.332540, 41.670908, 0.057901, 4958, 3672.0
171, 70.890743, 660.538845, 40.383250, 0.065551, 4936, 3638.0
172, 72.595775, 661.254124, 38.290616, 0.042362, 4950, 3644.0
173, 74.046518, 660.090436, 38.617367, 0.055354, 4935, 3681.0
174, 69.058313, 661.655352, 43.639264, 0.109935, 4958, 3650.0
175, 67.717380, 665.433216, 38.481685, 0.113963, 4950, 3934.0
176, 66.106675, 660.234572, 46.131941, 0.209753, 4959, 3651.0
177, 71.300004, 662.489496, 40.175222, 0.084005, 4944, 3631.0
178, 67.467458, 658.993257, 47.387308, 0.156389, 4952, 3604.0
179, 70.702872, 660.720342, 41.741267, 0.051523, 4958, 3631.0
180, 75.816218, 659.954047, 36.694597, 0.059418, 4907, 3632.0
181, 72.798548, 659.354691, 37.341460, 0.036647, 4916, 3620.0
182, 69.398092, 660.891727, 42.965151, 0.070268, 4947, 5173.0
183, 67.017135, 663.881241, 39.699100, 0.120375, 4955, 4195.0
184, 71.876932, 661.595653, 39.065115, 0.074743, 4963, 4466.0
185, 70.126154, 662.810317, 37.433253, 0.042852, 4955, 3899.0
186, 72.521504, 659.168587, 39.710941, 0.051233, 4934, 5138.0
187, 66.196339, 661.991499, 45.836152, 0.103638, 4957, 3874.0
188, 66.321037, 663.929959, 40.146447, 0.138034, 4954, 3661.0
189, 71.581535, 662.052213, 34.323734, 0.035511, 4956, 3886.0
190, 69.122856, 661.859581, 42.678944, 0.124490, 4961, 3616.0
191, 71.770426, 659.942793, 41.201606, 0.037080, 4946, 3605.0
192, 73.841517, 660.797017, 33.546465, 0.048984, 4933, 3719.0
193, 71.562448, 662.501888, 35.834510, 0.043338, 4954, 3859.0
194, 74.359891, 660.765859, 32.693187, 0.041011, 4942, 3584.0
195, 73.449930, 661.504979, 39.318593, 0.099664, 4927, 3637.0
196, 69.779231, 661.828209, 42.110236, 0.050121, 4956, 3653.0
197, 68.317462, 662.608962, 38.452716, 0.115982, 4952, 3658.0
198, 74.484076, 659.468259, 31.778594, 0.057127, 4948, 3659.0
199, 72.830669, 661.993750, 33.603851, 0.064854, 4938, 4249.0
200, 73.102367, 659.763641, 39.731992, 0.098220, 4923, 4007.0
201, 69.527901, 662.022369, 39.763484, 0.057980, 4957, 3645.0
202, 68.736902, 663.507921, 37.800016, 0.039677, 4954, 3737.0
203, 78.407757, 658.180393, 37.230213, 0.078077, 4897, 3523.0
204, 71.448199, 661.171947, 39.646188, 0.034409, 4938, 3692.0
205, 74.701174, 660.176072, 38.903098, 0.120719, 4905, 3622.0
206, 71.337344, 662.034236, 34.302423, 0.057085, 4962, 3631.0
207, 68.001227, 663.245811, 40.544643, 0.116241, 4960, 3647.0
208, 67.851696, 660.892104, 45.406160, 0.048880, 4959, 4855.0
209, 72.989994, 661.063042, 39.225681, 0.055316, 4934, 4598.0
210, 72.087720, 662.465989, 37.829961, 0.041652, 4935, 3620.0
211, 72.157272, 662.981768, 34.088421, 0.041534, 4957, 3767.0
212, 71.049553, 662.336030, 41.732682, 0.068257, 4943, 3598.0
213, 70.544530, 663.582752, 37.772845, 0.035037, 4962, 3599.0
214, 72.653595, 659.368085, 37.930920, 0.096469, 4923, 3706.0
215, 73.177817, 661.048503, 40.835375, 0.117400, 4919, 3632.0
216, 69.629129, 661.749200, 42.755882, 0.130780, 4941, 3586.0
217, 70.721102, 662.682240, 39.569895, 0.031202, 4963, 3745.0
218, 74.601706, 659.842675, 33.172609, 0.041865, 4922, 4066.0
219, 76.192539, 660.213029, 36.261220, 0.072114, 4922, 3614.0
220, 72.999359, 662.280383, 34.694855, 0.025954, 4955, 3597.0
221, 75.167981, 660.516561, 37.864514, 0.102895, 4923, 3585.0
222, 75.336660, 658.942523, 42.845904, 0.128457, 4877, 3748.0
223, 70.310488, 661.359337, 42.562951, 0.111590, 4942, 3642.0
224, 68.238212, 663.307041, 38.670289, 0.041694, 4958, 3599.0
225, 67.879988, 662.345544, 41.968495, 0.126848, 4958, 3606.0
226, 74.071405, 661.685991, 30.507053, 0.057346, 4933, 3639.0
227, 72.260138, 660.493800, 35.352088, 0.056467, 4939, 3869.0
228, 70.472776, 660.499202, 42.414341, 0.085352, 4936, 3593.0
229, 71.080578, 662.133793, 38.901692, 0.040125, 4939, 3595.0
230, 71.445504, 660.462220, 38.807764, 0.032340, 4949, 3799.0
231, 77.477811, 661.474607, 31.967746, 0.106222, 4918, 3579.0
232, 70.608260, 662.897336, 37.409917, 0.094450, 4956, 3607.0
233, 68.974604, 662.833518, 38.553963, 0.050038, 4964, 3636.0
234, 68.763111, 661.991793, 42.581545, 0.107110, 4961, 3634.0
235, 71.549640, 660.423965, 40.757738, 0.079698, 4922, 3589.0
236, 74.111592, 660.820110, 38.343333, 0.066196, 4939, 4088.0
237, 68.704660, 662.652155, 41.138156, 0.074961, 4956, 3938.0
238, 73.566628, 660.568086, 35.747684, 0.040789, 4942, 3609.0
239, 74.373848, 660.844672, 40.057981, 0.050231, 4919, 3564.0
240, 75.274157, 659.206076, 36.239457, 0.021543, 4921, 3578.0
241, 70.925655, 658.444944, 45.359502, 0.159941, 4925, 3703.0
242, 69.210096, 660.577598, 45.558723, 0.068216, 4954, 3614.0
243, 72.197952, 661.566113, 35.848335, 0.044360, 4942, 3632.0
244, 69.920640, 660.448718, 42.234282, 0.043790, 4959, 3612.0
245, 72.785739, 659.695647, 38.728057, 0.054920, 4923, 3799.0
246, 74.079149, 658.963380, 40.014943, 0.054488, 4913, 3590.0
247, 72.560454, 659.672093, 40.867034, 0.013805, 4948, 3664.0
248, 68.040232, 662.180832, 43.360107, 0.178452, 4949, 3771.0
249, 70.207624, 659.733519, 44.093130, 0.173814, 4925, 3735.0
250, 69.867360, 663.523979, 38.110018, 0.029679, 4960, 3995.0
251, 70.490526, 661.007316, 41.502347, 0.161741, 4947, 4598.0
252, 73.540977, 661.058056, 36.592441, 0.062057, 4917, 4153.0
253, 73.135394, 659.467793, 34.968670, 0.031351, 4918, 3568.0
254, 72.315641, 660.631804, 36.988832, 0.069501, 4938, 4373.0
255, 71.147220, 661.686531, 36.208062, 0.045194, 4960, 3626.0
256, 73.810384, 659.573985, 38.106669, 0.056422, 4920, 3590.0
257, 73.294784, 660.283097, 39.862762, 0.082568, 4925, 3585.0
258, 70.074021, 662.358754, 39.786181, 0.040279, 4960, 3677.0
259, 68.856014, 660.770716, 41.924617, 0.170791, 4942, 3653.0
260, 69.271124, 662.517220, 38.988822, 0.130729, 4959, 3602.0
261, 68.945006, 661.798904, 43.848661, 0.089941, 4956, 3713.0
262, 76.985136, 658.855884, 30.921435, 0.058503, 4927, 3584.0
263, 67.772323, 659.508140, 44.886142, 0.207791, 4956, 4326.0
264, 75.494520, 660.070822, 28.278487, 0.073620, 4906, 3933.0
265, 73.940898, 660.138302, 29.327733, 0.013755, 4931, 3580.0
266, 70.291568, 659.768505, 44.078513, 0.062177, 4939, 3602.0
267, 72.505421, 660.342687, 36.165214, 0.032288, 4931, 3797.0
268, 72.239896, 662.023318, 35.903290, 0.075412, 4928, 3588.0
269, 70.863153, 659.751394, 40.832886, 0.106959, 4923, 3591.0
270, 76.073812, 658.663536, 33.258792, 0.046096, 4906, 3819.0
271, 73.426497, 662.589397, 37.352143, 0.053914, 4941, 3700.0
272, 70.807747, 660.826300, 39.970215, 0.030606, 4947, 3673.0
273, 69.628927, 659.977769, 44.832209, 0.122805, 4942, 3585.0
274, 77.789669, 661.327325, 19.741115, 0.060113, 4946, 3632.0
275, 75.820862, 659.723159, 36.188761, 0.075955, 4908, 3686.0
276, 76.470320, 658.937781, 33.613510, 0.042011, 4919, 3610.0
277, 73.663922, 661.408324, 38.513682, 0.064114, 4936, 3616.0
278, 73.899125, 661.713942, 33.645626, 0.089837, 4908, 4436.0
279, 69.457472, 660.397708, 44.170272, 0.097090, 4954, 5810.0
280, 74.614047, 659.079581, 36.806974, 0.059010, 4940, 3762.0
281, 71.669283, 661.902411, 37.553710, 0.036877, 4943, 4106.0
282, 70.416864, 658.702666, 44.422478, 0.116686, 4935, 3692.0
283, 76.822966, 659.755391, 32.866480, 0.067877, 4932, 3646.0
284, 73.825893, 662.602190, 32.215420, 0.066863, 4959, 4127.0
285, 67.988585, 657.705515, 47.377032, 0.359733, 4943, 3637.0
286, 69.739744, 662.498451, 40.348903, 0.040299, 4962, 3768.0
287, 67.517181, 661.828202, 44.786466, 0.109753, 4949, 4136.0
288, 70.480230, 660.247773, 41.097827, 0.059096, 4945, 3728.0
289, 69.912730, 661.675104, 40.169411, 0.072630, 4954, 4513.0
290, 69.274141, 661.917846, 42.761508, 0.162536, 4957, 3613.0
291, 68.769794, 662.418962, 43.283130, 0.063636, 4958, 4709.0
292, 71.505531, 662.416841, 41.713388, 0.073502, 4953, 3944.0
293, 69.628971, 662.571717, 38.280314, 0.097754, 4928, 3678.0
294, 70.226890, 662.283617, 43.213189, 0.095422, 4944, 3898.0
295, 68.035337, 660.120113, 44.681089, 0.150983, 4953, 3879.0
296, 72.626985, 660.648242, 37.398076, 0.032630, 4949, 3710.0
297, 71.682754, 660.707563, 38.782523, 0.038026, 4939, 3603.0
298, 66.848125, 660.708697, 44.261513, 0.133348, 4963, 3837.0
299, 72.741901, 660.603852, 41.349460, 0.117684, 4922, 3614.0
300, 72.596169, 661.710013, 37.103032, 0.046062, 4936, 3618.0
301, 72.716668, 661.578459, 36.656551, 0.034331, 4948, 3781.0
302, 70.898678, 661.777847, 33.112365, 0.065018, 4953, 3811.0
303, 72.283713, 662.182273, 36.475404, 0.061361, 4938, 3670.0
304, 72.687179, 662.676503, 30.506363, 0.061716, 4960, 3593.0
305, 75.464133, 659.763018, 32.276959, 0.044341, 4926, 3755.0
306, 70.994849, 660.164838, 42.623456, 0.079993, 4934, 3627.0
307, 75.527014, 660.750118, 27.672891, 0.055408, 4908, 3691.0
308, 71.975607, 660.440708, 38.618918, 0.060868, 4921, 4241.0
309, 74.107669, 660.636906, 37.351656, 0.051629, 4934, 3782.0
310, 69.677231, 661.612594, 41.936967, 0.040534, 4956, 3640.0
311, 69.094266, 662.433828, 41.176379, 0.074414, 4960, 3622.0
312, 76.213818, 661.274454, 29.372987, 0.065555, 4930, 3605.0
313, 71.276225, 660.846472, 41.391831, 0.055662, 4936, 3618.0
314, 73.645542, 662.043193, 36.381122, 0.065518, 4943, 3665.0
315, 74.593360, 659.882764, 36.188947, 0.046340, 4921, 3613.0
316, 78.263735, 658.951203, 35.452162, 0.139291, 4900, 3767.0
317, 74.464655, 661.162269, 32.775816, 0.027895, 4939, 3617.0
318, 69.256181, 664.994450, 39.268250, 0.122663, 4957, 6310.0
319, 73.240161, 661.827359, 33.825209, 0.043642, 4926, 3609.0
320, 72.551561, 662.790611, 32.456562, 0.060185, 4957, 3621.0
321, 72.303523, 661.951212, 36.658062, 0.050236, 4955, 3596.0
322, 68.541009, 664.142240, 38.737833, 0.072035, 4954, 3703.0
323, 77.008703, 662.757164, 26.243110, 0.096591, 4931, 3808.0
324, 73.728910, 661.376151, 35.122110, 0.035014, 4948, 3642.0
325, 74.940978, 661.055810, 31.342328, 0.017987, 4947, 3646.0
326, 76.574294, 659.534076, 37.254194, 0.103478, 4909, 3665.0
327, 71.292629, 664.065388, 38.224089, 0.073046, 4957, 3810.0
328, 73.723327, 659.864566, 40.070945, 0.052464, 4921, 3749.0
329, 67.429534, 661.366477, 44.144491, 0.053229, 4960, 3616.0
330, 70.595500, 661.928079, 40.704393, 0.048308, 4947, 3589.0
331, 69.661769, 661.142788, 42.279888, 0.134437, 4943, 3621.0
332, 70.870683, 660.847965, 40.065931, 0.062300, 4940, 3567.0
333, 68.691193, 662.271328, 41.195871, 0.098388, 4962, 3598.0
334, 71.222719, 659.990751, 42.874175, 0.076990, 4936, 3589.0
335, 70.116504, 659.500492, 45.673963, 0.112328, 4947, 3633.0
336, 66.300472, 662.336156, 43.952383, 0.134692, 4956, 3671.0
337, 70.911371, 662.190287, 38.498453, 0.060770, 4958, 3604.0
338, 69.786116, 660.649182, 42.348813, 0.059707, 4961, 3608.0
339, 73.208537, 661.474127, 39.287917, 0.058800, 4945, 3616.0
340, 69.573689, 661.470406, 43.443343, 0.067018, 4954, 3618.0
341, 70.640116, 661.553199, 35.798131, 0.043728, 4955, 3660.0
342, 70.794488, 660.423644, 42.537529, 0.074327, 4932, 3805.0
343, 71.042249, 662.368001, 40.681523, 0.039296, 4961, 3636.0
344, 70.508427, 661.391263, 42.365786, 0.152639, 4936, 3621.0
345, 73.957739, 661.925766, 30.258519, 0.070023, 4961, 4042.0
346, 69.141288, 659.252256, 47.771493, 0.160399, 4956, 4122.0
347, 72.459202, 660.084005, 38.837002, 0.062134, 4920, 3647.0
348, 70.133760, 661.032630, 44.968687, 0.135867, 4943, 3592.0
349, 67.998722, 662.502178, 38.939417, 0.058753, 4952, 3616.0
350, 77.076652, 660.522743, 29.940092, 0.087906, 4903, 4118.0
351, 67.699823, 660.270361, 46.573152, 0.222731, 4952, 3673.0
352, 70.160187, 663.068810, 38.851881, 0.069915, 4954, 3602.0
353, 70.831756, 661.126604, 40.560015, 0.064696, 4947, 3800.0
354, 73.290249, 661.894177, 37.094549, 0.068535, 4942, 3748.0
355, 71.029297, 662.233175, 38.929509, 0.055160, 4937, 3612.0
356, 72.247299, 662.088403, 33.752369, 0.057175, 4957, 3573.0
357, 69.528332, 662.791226, 40.247352, 0.131925, 4959, 3778.0
358, 67.058985, 661.049209, 43.156416, 0.100244, 4947, 3622.0
359, 74.572355, 660.189701, 35.975223, 0.064376, 4935, 3570.0
360, 70.970151, 662.649204, 41.224919, 0.096824, 4959, 3840.0
361, 70.842733, 660.228964, 39.284561, 0.027477, 4943, 3636.0
362, 71.997101, 663.536995, 31.187983, 0.042188, 4958, 3606.0
363, 72.736319, 662.236573, 37.364507, 0.015717, 4941, 3794.0
364, 73.908688, 660.591626, 37.493235, 0.042424, 4933, 5504.0
365, 73.139255, 660.352811, 36.358628, 0.023244, 4938, 3581.0
366, 69.487140, 661.251614, 41.382809, 0.062205, 4957, 3606.0
367, 72.512614, 662.607742, 28.538106, 0.025143, 4958, 3661.0
368, 74.500839, 659.934267, 37.217455, 0.038775, 4922, 3589.0
369, 72.745663, 660.942836, 37.134942, 0.058164, 4946, 3715.0
370, 73.301949, 661.101283, 43.398513, 0.064026, 4934, 3565.0
371, 74.866500, 661.728061, 37.897244, 0.079436, 4939, 3629.0
372, 73.182834, 661.868704, 32.835088, 0.055073, 4957, 3609.0
373, 73.109431, 659.982853, 39.390669, 0.064135, 4928, 4766.0
374, 69.098220, 662.779487, 43.500956, 0.194531, 4949, 3610.0
375, 72.758448, 660.726827, 39.041256, 0.055082, 4944, 3597.0
376, 72.030151, 660.708645, 39.375251, 0.042508, 4935, 3631.0
377, 70.907969, 662.751967, 38.735203, 0.103549, 4950, 3586.0
378, 70.410742, 662.012159, 40.393581, 0.073261, 4956, 3609.0
379, 70.604087, 662.450438, 38.571467, 0.060875, 4957, 3668.0
380, 76.152831, 659.353055, 37.792064, 0.057537, 4913, 3560.0
381, 71.542034, 662.242987, 36.275729, 0.087559, 4919, 3564.0
382, 74.043786, 660.168056, 37.214343, 0.020020, 4935, 3753.0
383, 76.243598, 661.003530, 26.548329, 0.033202, 4907, 3560.0
384, 71.047835, 660.674442, 42.376765, 0.135931, 4915, 3616.0
385, 70.177320, 662.263237, 41.828780, 0.083601, 4945, 3597.0
386, 75.148222, 660.007311, 39.645864, 0.070277, 4931, 3585.0
387, 69.090161, 661.582468, 40.658377, 0.140710, 4955, 3687.0
388, 70.759046, 661.781041, 41.172051, 0.070560, 4957, 3625.0
389, 69.083066, 659.801286, 45.287276, 0.111404, 4961, 3622.0
390, 69.640134, 665.898491, 55.403111, 0.087604, 4926, 3588.0
391, 76.060434, 661.480186, 37.008929, 0.135601, 4922, 3588.0
392, 72.222171, 660.275718, 39.887069, 0.063010, 4944, 4715.0
393, 74.019953, 660.759695, 38.252372, 0.054747, 4935, 3608.0
394, 70.243745, 659.605912, 45.146555, 0.096703, 4939, 3591.0
395, 78.162216, 658.244731, 34.129433, 0.082646, 4905, 3577.0
396, 74.094703, 660.328548, 38.117289, 0.043912, 4933, 3581.0
397, 70.700829, 661.641356, 39.149868, 0.024172, 4957, 3609.0
398, 73.560673, 660.377319, 38.060811, 0.043342, 4944, 3562.0
399, 76.489290, 659.846533, 36.242904, 0.078572, 4934, 3553.0
400, 71.096604, 660.833354, 41.723341, 0.108012, 4947, 3569.0
401, 70.117423, 662.219682, 39.222363, 0.061750, 4965, 4249.0
402, 70.919383, 661.627074, 39.633447, 0.106513, 4925, 3554.0
403, 72.909844, 661.520318, 40.034101, 0.031387, 4936, 4113.0
404, 69.966826, 661.362705, 42.671820, 0.054171, 4950, 4178.0
405, 74.906074, 660.759681, 33.769784, 0.036660, 4939, 3893.0
406, 73.250288, 662.458415, 32.378434, 0.043146, 4963, 3608.0
407, 75.234912, 660.771750, 36.311008, 0.059339, 4920, 3552.0
408, 74.663924, 660.027412, 33.342291, 0.056522, 4939, 3567.0
409, 77.371897, 662.279052, 23.713425, 0.112978, 4935, 3720.0
410, 69.615956, 663.367651, 39.177566, 0.079524, 4960, 3675.0
411, 81.499982, 657.719677, 28.719020, 0.064694, 4903, 3550.0
412, 72.043205, 662.029417, 33.344735, 0.035594, 4951, 3673.0
413, 73.732553, 660.714078, 38.488726, 0.037390, 4947, 3778.0
414, 73.075928, 660.125360, 37.604399, 0.045618, 4943, 3706.0
415, 75.358262, 660.250566, 40.677598, 0.040644, 4910, 3615.0
416, 73.467846, 661.417005, 30.499502, 0.047353, 4950, 3813.0
417, 66.513962, 659.208653, 46.175618, 0.216428, 4960, 3664.0
418, 74.342416, 661.846155, 33.840093, 0.053769, 4935, 3611.0
419, 70.016171, 662.450253, 39.983347, 0.054935, 4955, 3612.0
420, 70.357960, 660.892193, 38.586034, 0.119209, 4953, 4674.0
421, 74.631710, 660.016238, 36.869122, 0.056724, 4916, 3616.0
422, 73.295248, 660.598825, 39.340374, 0.051075, 4945, 3591.0
423, 69.613352, 662.237953, 41.600915, 0.085577, 4961, 3661.0
424, 72.186158, 661.911153, 34.509678, 0.068099, 4958, 3753.0
425, 75.357674, 659.152065, 37.017524, 0.061365, 4918, 3561.0
426, 72.089016, 661.470290, 36.631340, 0.059569, 4936, 3569.0
427, 72.049798, 659.718642, 42.971914, 0.060471, 4946, 3582.0
428, 77.078730, 661.408505, 26.469816, 0.084098, 4908, 3622.0
429, 69.217612, 661.327511, 43.665335, 0.136834, 4957, 4610.0
430, 74.943281, 660.737621, 35.658598, 0.065345, 4920, 3642.0
431, 68.761546, 662.040871, 44.088503, 0.055923, 4965, 3783.0
432, 72.440527, 661.632539, 37.166438, 0.056378, 4935, 3659.0
433, 72.563871, 660.701366, 36.363076, 0.047231, 4941, 3579.0
434, 71.127055, 660.379921, 40.119471, 0.037996, 4940, 3587.0
435, 68.353526, 661.124354, 41.901308, 0.085253, 4957, 3828.0
436, 67.131875, 663.524171, 39.159716, 0.110089, 4958, 3605.0
437, 69.346725, 660.972067, 45.123324, 0.115811, 4958, 3625.0
438, 68.425359, 664.610104, 35.358604, 0.081829, 4959, 3673.0
439, 70.645090, 661.961384, 39.238973, 0.039048, 4961, 3972.0
440, 71.348339, 661.155472, 39.594109, 0.038686, 4942, 3592.0
441, 75.029935, 660.054469, 36.825188, 0.052435, 4917, 3584.0
442, 67.201662, 663.164051, 42.069773, 0.063309, 4959, 3747.0
443, 74.528481, 659.693694, 33.961586, 0.013477, 4941, 3620.0
444, 70.435541, 659.501715, 44.967575, 0.088525, 4949, 3595.0
445, 72.798982, 660.526681, 36.618381, 0.027695, 4938, 3720.0
446, 73.012960, 660.925356, 42.151660, 0.136248, 4921, 4328.0
447, 72.710990, 662.643718, 40.665195, 0.130813, 4940, 3824.0
448, 70.879911, 661.823885, 40.016426, 0.043184, 4952, 3781.0
449, 70.244547, 661.976329, 40.703581, 0.057528, 4951, 3606.0
450, 72.689968, 660.970280, 39.547961, 0.048194, 4933, 3697.0
451, 70.150768, 662.601098, 40.887297, 0.111169, 4955, 3592.0
452, 70.454337, 662.771083, 36.030694, 0.058615, 4954, 3653.0
453, 74.623219, 660.393154, 35.771827, 0.025156, 4931, 3580.0
454, 68.557460, 662.101828, 35.925197, 0.057935, 4957, 3675.0
455, 72.039120, 659.563865, 42.356345, 0.114141, 4910, 3592.0
456, 78.583212, 660.410767, 30.146983, 0.125732, 4910, 3554.0
457, 70.842193, 662.542593, 35.610277, 0.056840, 4961, 4095.0
458, 73.838497, 660.168471, 35.384928, 0.028887, 4938, 3602.0
459, 72.007613, 659.714359, 41.784372, 0.149635, 4922, 3611.0
460, 71.456299, 660.919799, 43.247959, 0.117874, 4936, 3592.0
461, 72.896376, 660.920210, 39.253920, 0.101656, 4923, 3584.0
462, 71.613182, 660.733201, 41.152596, 0.044052, 4951, 3613.0
463, 73.010968, 661.246441, 39.084378, 0.090436, 4917, 3572.0
464, 72.501942, 660.354450, 44.632699, 0.093034, 4918, 3576.0
465, 71.839838, 661.203458, 44.892690, 0.065899, 4951, 4501.0
466, 67.605995, 661.174623, 44.099565, 0.135810, 4956, 3620.0
467, 74.548312, 659.325700, 38.347218, 0.088407, 4919, 3705.0
468, 74.219797, 659.463774, 40.360263, 0.039605, 4901, 3640.0
469, 69.177335, 663.506129, 40.304014, 0.075326, 4958, 4454.0
470, 68.492770, 662.463346, 40.755348, 0.120412, 4954, 3584.0
471, 71.860634, 660.507698, 43.180897, 0.096730, 4943, 3823.0
472, 69.256663, 663.004478, 41.647576, 0.105797, 4955, 4346.0
473, 71.471288, 662.203919, 35.552796, 0.061596, 4962, 3593.0
474, 67.902386, 661.654841, 44.088767, 0.182370, 4956, 3719.0
475, 71.588504, 660.988334, 39.079592, 0.095928, 4923, 3726.0
476, 69.572287, 660.697116, 43.680069, 0.136891, 4955, 3614.0
477, 71.725688, 661.516205, 36.886334, 0.029869, 4937, 3594.0
478, 70.878665, 661.315109, 38.418571, 0.014692, 4954, 3597.0
479, 72.820470, 661.930730, 40.962667, 0.081823, 4950, 3606.0
480, 73.603283, 659.272388, 40.347347, 0.061190, 4915, 3569.0
481, 72.130917, 660.444090, 41.854548, 0.032832, 4942, 3592.0
482, 72.514354, 661.832243, 41.668704, 0.079032, 4940, 3632.0
483, 67.431562, 660.414434, 42.838936, 0.118147, 4963, 3576.0
484, 70.161818, 663.025392, 35.973568, 0.056714, 4954, 3553.0
485, 68.258472, 661.577098, 42.402201, 0.035959, 4958, 5120.0
486, 73.233178, 661.945053, 32.930849, 0.059061, 4953, 5363.0
487, 69.992989, 661.038684, 38.010384, 0.025345, 4955, 3612.0
488, 71.013622, 661.612945, 38.941314, 0.051554, 4956, 3630.0
489, 73.126104, 661.087469, 35.962956, 0.052967, 4943, 3603.0
490, 68.210516, 662.858548, 38.380089, 0.072907, 4964, 3588.0
491, 70.686073, 661.446090, 39.580224, 0.071691, 4955, 3592.0
492, 71.196033, 662.715020, 39.505774, 0.080229, 4945, 3606.0
493, 66.280373, 661.569974, 42.639828, 0.085293, 4959, 3597.0
494, 69.538527, 662.382423, 41.492707, 0.082915, 4955, 3597.0
495, 78.332548, 661.110448, 27.613600, 0.071081, 4904, 3629.0
496, 72.411034, 661.159040, 33.731279, 0.023080, 4952, 3598.0
497, 69.566492, 661.493340, 43.103891, 0.179459, 4959, 3601.0
498, 69.526502, 663.833833, 40.745040, 0.107923, 4955, 3603.0
499, 74.858496, 661.620939, 32.197649, 0.035526, 4938, 3596.0
500, 71.591889, 661.560041, 45.256420, 0.065626, 4934, 3587.0
501, 68.690639, 662.551411, 39.743770, 0.050915, 4957, 3587.0
502, 70.888840, 659.076036, 44.522657, 0.134820, 4916, 3674.0
503, 69.135690, 660.945668, 40.511715, 0.060866, 4946, 4245.0
504, 72.911645, 661.052041, 38.019979, 0.042343, 4934, 3591.0
505, 69.158132, 661.068561, 39.404729, 0.073759, 4944, 3685.0
506, 70.727181, 662.623306, 38.307149, 0.061593, 4958, 3834.0
507, 72.416535, 661.320287, 34.298464, 0.058853, 4956, 3610.0
508, 71.115158, 662.630421, 39.621098, 0.049879, 4935, 3707.0
509, 71.168748, 661.368244, 39.798982, 0.045720, 4955, 3765.0
510, 71.246774, 660.969950, 42.118168, 0.061319, 4943, 3713.0
511, 68.920180, 662.134372, 40.113583, 0.206230, 4945, 3588.0
512, 68.755249, 662.135178, 44.776838, 0.055381, 4956, 3747.0
513, 72.303814, 661.572523, 39.079089, 0.068753, 4938, 3977.0
514, 68.859090, 659.640523, 45.901953, 0.110046, 4946, 3693.0
515, 73.540987, 660.277686, 40.580130, 0.058244, 4923, 3580.0
516, 66.624307, 662.356329, 44.443289, 0.110048, 4961, 3621.0
517, 71.305424, 661.271251, 40.938762, 0.061814, 4939, 3842.0
518, 66.703821, 662.256142, 41.409424, 0.149788, 4961, 3600.0
519, 69.775517, 660.104154, 47.351453, 0.074369, 4938, 3591.0
520, 72.666257, 661.613917, 33.345987, 0.033855, 4959, 3601.0
521, 71.838282, 661.482833, 34.463805, 0.066129, 4963, 3654.0
522, 68.799982, 661.555999, 40.401048, 0.114518, 4955, 3672.0
523, 73.364122, 660.651062, 39.009269, 0.062513, 4930, 3588.0
524, 72.758169, 662.170951, 40.542770, 0.067938, 4938, 3636.0
525, 70.749555, 662.457371, 42.886324, 0.029952, 4951, 3646.0
526, 68.688899, 661.659852, 42.967644, 0.219755, 4956, 3611.0
527, 68.121174, 661.257782, 44.428631, 0.102892, 4951, 3596.0
528, 74.124241, 659.523821, 34.984561, 0.042533, 4918, 3866.0
529, 71.077744, 662.614079, 38.629479, 0.107257, 4939, 3646.0
530, 74.070030, 660.531262, 34.416573, 0.032740, 4941, 3632.0
531, 74.997330, 660.471389, 33.712789, 0.069347, 4937, 3576.0
532, 77.959000, 658.396886, 38.486136, 0.103009, 4889, 3743.0
533, 70.169756, 662.956735, 41.197890, 0.071809, 4959, 3569.0
534, 68.895312, 660.236446, 39.842050, 0.113903, 4954, 3582.0
535, 71.481959, 662.367158, 37.742291, 0.113728, 4954, 3591.0
536, 74.526739, 659.831396, 33.260474, 0.026133, 4919, 3819.0
537, 75.586850, 661.540128, 31.776625, 0.058155, 4930, 3580.0
538, 73.257584, 660.769337, 32.061099, 0.030568, 4921, 3568.0
539, 73.147758, 661.734243, 37.540232, 0.061088, 4941, 3651.0
540, 70.524947, 662.774831, 36.205576, 0.058337, 4957, 3607.0
541, 71.952399, 660.996002, 43.795757, 0.048478, 4940, 4300.0
542, 71.588946, 661.541342, 40.470853, 0.053267, 4937, 3640.0
543, 71.399105, 660.696483, 39.929661, 0.052507, 4954, 5862.0
544, 70.766817, 661.930059, 41.235880, 0.077592, 4956, 6007.0
545, 70.277010, 663.164873, 38.217665, 0.065948, 4953, 4304.0
546, 73.553841, 662.194783, 29.169097, 0.080098, 4960, 3841.0
547, 72.441854, 660.653200, 37.166349, 0.054592, 4938, 5575.0
548, 69.437855, 661.783055, 40.227406, 0.117100, 4952, 4451.0
549, 72.699130, 660.624505, 39.586123, 0.060055, 4945, 3866.0
550, 73.187157, 660.507591, 37.225506, 0.077886, 4919, 3575.0
551, 70.683215, 661.385698, 40.445426, 0.049150, 4953, 3602.0
552, 66.615920, 662.695974, 42.277315, 0.339441, 4954, 5837.0
553, 76.333419, 660.664913, 34.845639, 0.081475, 4896, 4653.0
554, 71.942087, 659.960239, 36.432793, 0.072636, 4919, 5361.0
555, 69.995371, 661.403256, 37.122926, 0.044043, 4954, 3603.0
556, 69.044420, 661.919180, 38.116736, 0.110197, 4958, 4407.0
557, 70.982039, 660.962029, 41.108209, 0.092958, 4957, 3954.0
558, 71.443503, 660.840968, 41.049721, 0.027331, 4947, 4114.0
559, 73.870484, 660.208782, 39.269825, 0.064587, 4930, 3578.0
560, 76.227019, 660.170067, 34.391727, 0.100782, 4921, 3581.0
561, 73.194607, 662.652156, 36.675724, 0.057181, 4947, 3603.0
562, 67.709230, 662.995382, 39.495811, 0.077138, 4958, 3613.0
563, 68.065527, 663.268526, 39.368791, 0.153817, 4955, 3598.0
564, 73.749063, 662.019933, 33.218911, 0.066777, 4939, 3622.0
565, 76.510191, 659.264155, 30.506261, 0.051619, 4934, 3994.0
566, 71.146665, 661.473083, 40.489823, 0.092256, 4941, 3604.0
567, 70.885188, 661.963779, 36.575435, 0.054268, 4956, 3636.0
568, 71.285264, 662.673510, 38.861088, 0.070924, 4931, 3593.0
569, 72.286464, 660.238995, 44.513336, 0.086484, 4920, 3576.0
570, 77.395570, 661.055248, 24.263846, 0.048768, 4921, 3586.0
571, 71.906548, 661.048109, 40.493738, 0.055795, 4937, 3608.0
572, 71.542883, 662.942074, 38.492686, 0.060722, 4960, 3591.0
573, 69.081311, 662.076516, 42.565233, 0.106591, 4958, 3588.0
574, 71.966176, 661.308808, 38.018887, 0.053738, 4945, 3602.0
575, 74.364437, 660.744596, 34.632005, 0.046251, 4934, 3575.0
576, 72.055440, 661.450622, 40.616340, 0.042461, 4938, 3589.0
577, 71.650204, 661.249695, 40.118801, 0.070365, 4940, 3598.0
578, 70.425560, 660.960421, 40.494299, 0.078099, 4951, 3616.0
579, 74.892612, 661.000768, 30.170802, 0.022196, 4925, 3595.0
580, 76.725429, 659.937188, 31.590005, 0.069594, 4921, 3655.0
581, 72.899119, 661.108765, 34.884643, 0.051914, 4950, 3963.0
582, 76.688623, 659.768227, 33.421513, 0.059857, 4897, 3540.0
583, 72.704977, 660.669056, 40.574012, 0.088277, 4927, 3547.0
584, 72.543520, 661.461134, 38.136968, 0.041711, 4935, 3981.0
585, 68.749091, 660.780738, 43.226883, 0.070373, 4960, 3640.0
586, 73.309787, 660.251086, 39.649959, 0.067308, 4926, 3583.0
587, 75.127273, 660.286865, 29.988656, 0.042215, 4920, 3573.0
588, 70.261696, 660.687402, 39.161472, 0.081577, 4963, 3641.0
589, 71.126950, 660.807117, 43.145006, 0.093186, 4955, 3755.0
590, 72.123658, 661.265393, 38.732407, 0.058905, 4946, 3596.0
591, 68.648387, 663.286159, 40.915010, 0.159630, 4956, 3592.0
592, 75.973182, 659.372329, 37.035410, 0.062463, 4902, 3612.0
593, 73.351049, 661.216118, 40.147534, 0.052601, 4942, 3640.0
594, 70.668956, 663.966085, 39.563900, 0.136575, 4958, 4016.0
595, 72.343892, 661.107555, 35.647875, 0.032577, 4946, 3600.0
596, 68.231484, 662.619744, 42.257902, 0.118277, 4954, 3715.0
597, 72.722939, 661.932361, 38.324025, 0.011909, 4951, 3669.0
598, 70.483425, 662.110899, 37.871752, 0.031619, 4959, 3649.0
599, 75.655469, 660.613582, 33.964970, 0.057349, 4930, 3677.0
600, 74.204374, 661.391131, 37.401246, 0.047023, 4935, 3587.0
601, 73.353896, 660.558786, 38.732551, 0.108651, 4923, 3572.0
602, 70.001772, 662.710483, 34.828476, 0.052605, 4949, 3588.0
603, 72.372382, 661.450463, 37.968475, 0.042252, 4947, 4021.0
604, 72.901512, 659.778750, 33.661528, 0.067594, 4926, 3581.0
605, 79.652640, 658.099132, 35.654142, 0.180100, 4878, 3555.0
606, 72.001559, 661.189163, 35.780060, 0.082127, 4927, 3590.0
607, 73.185900, 660.714974, 38.673698, 0.053856, 4940, 3613.0
608, 71.173427, 662.365499, 41.290604, 0.178927, 4941, 3596.0
609, 77.371542, 659.701057, 31.920108, 0.060144, 4910, 3626.0
610, 68.782921, 664.712529, 38.685186, 0.214889, 4956, 3625.0
611, 71.786440, 661.092354, 41.746619, 0.061982, 4942, 3586.0
612, 75.353582, 660.048628, 32.915648, 0.053636, 4924, 3579.0
613, 69.483804, 662.389867, 42.542141, 0.137537, 4952, 3651.0
614, 73.437737, 660.416624, 33.038286, 0.056645, 4958, 3625.0
615, 69.600710, 663.448843, 40.209030, 0.170899, 4961, 3617.0
616, 73.676409, 659.127773, 37.353371, 0.043316, 4923, 3584.0
617, 68.098366, 661.500011, 42.823433, 0.109463, 4957, 3637.0
618, 70.812127, 662.793204, 41.067709, 0.050130, 4960, 3597.0
619, 75.302546, 661.320391, 33.772938, 0.031541, 4938, 3585.0
620, 72.719822, 659.317726, 38.715932, 0.026172, 4938, 3598.0
621, 70.560553, 660.334541, 44.993221, 0.073319, 4958, 3609.0
622, 75.492555, 659.679371, 38.274080, 0.077422, 4903, 3786.0
623, 73.641731, 661.410951, 34.649899, 0.073050, 4936, 3639.0
624, 68.980810, 661.704205, 41.227516, 0.057257, 4958, 3869.0
625, 73.153065, 659.564423, 35.158557, 0.037830, 4910, 3568.0
626, 69.635231, 661.755290, 40.543519, 0.168556, 4944, 3615.0
627, 71.257931, 665.112406, 36.354855, 0.088079, 4956, 3655.0
628, 71.197600, 661.451612, 39.235678, 0.063295, 4953, 3568.0
629, 70.341491, 663.251609, 37.857771, 0.062577, 4956, 3593.0
630, 72.590469, 661.587083, 34.824140, 0.041721, 4954, 3588.0
631, 73.810794, 660.365675, 34.283463, 0.035525, 4929, 3582.0
632, 72.395243, 660.943958, 37.770712, 0.040958, 4947, 4725.0
633, 70.559660, 661.148725, 38.383357, 0.069272, 4955, 3648.0
634, 76.225012, 660.428150, 31.975867, 0.044113, 4929, 3596.0
635, 71.376465, 660.053458, 41.714702, 0.127204, 4923, 3661.0
636, 72.036388, 662.752581, 38.073661, 0.022107, 4939, 3586.0
637, 67.653201, 660.653541, 43.841145, 0.143828, 4956, 3606.0
638, 74.994930, 661.480670, 31.461171, 0.050126, 4939, 3589.0
639, 68.741532, 660.194310, 44.893424, 0.145232, 4953, 3606.0
640, 76.033691, 660.312907, 30.306795, 0.060648, 4913, 3556.0
641, 73.009633, 660.658216, 34.946529, 0.039655, 4940, 4029.0
642, 70.712999, 659.570410, 41.591816, 0.109654, 4950, 3620.0
643, 72.105744, 661.104495, 35.784524, 0.044054, 4938, 3582.0
644, 75.310843, 659.437582, 34.165114, 0.035981, 4925, 3626.0
645, 70.793481, 663.031288, 33.872100, 0.061132, 4960, 3638.0
646, 73.075708, 659.788739, 38.698474, 0.032186, 4934, 3769.0
647, 68.967582, 662.651777, 38.984555, 0.051394, 4959, 3603.0
648, 71.159297, 660.484728, 42.095050, 0.069939, 4937, 3583.0
649, 71.452407, 661.911997, 37.783654, 0.085262, 4948, 3931.0
650, 69.047435, 660.824330, 42.216168, 0.114604, 4941, 4664.0
651, 69.257210, 663.555423, 35.987894, 0.023285, 4957, 3619.0
652, 71.212205, 663.994690, 35.265499, 0.066150, 4959, 3595.0
653, 70.179040, 661.322631, 40.379410, 0.041938, 4959, 3715.0
654, 69.718320, 661.038611, 39.841404, 0.096297, 4948, 3592.0
655, 70.550109, 661.086678, 36.022101, 0.041284, 4963, 3825.0
656, 66.554683, 663.251974, 41.738134, 0.047901, 4953, 3585.0
657, 69.872589, 662.088078, 39.432227, 0.088198, 4958, 3612.0
658, 68.148106, 662.789276, 44.555768, 0.102302, 4960, 3611.0
659, 70.757236, 661.353080, 42.177577, 0.065151, 4956, 3620.0
660, 69.270491, 661.048338, 43.875201, 0.078270, 4934, 4562.0
661, 70.586463, 663.432952, 42.899520, 0.053121, 4956, 4010.0
662, 70.177676, 661.717433, 38.792168, 0.057241, 4949, 3611.0
663, 67.291439, 663.083560, 41.214909, 0.166248, 4964, 3640.0
664, 75.631484, 658.468472, 36.050613, 0.044003, 4914, 3566.0
665, 72.200109, 662.301221, 33.801143, 0.046651, 4963, 3669.0
666, 69.997490, 660.887114, 42.106513, 0.053471, 4961, 3623.0
667, 67.367238, 662.554958, 44.561111, 0.148542, 4952, 3594.0
668, 68.286828, 663.377384, 42.461750, 0.123917, 4955, 3607.0
669, 74.158871, 660.689623, 39.470699, 0.051260, 4943, 4018.0
670, 67.858354, 661.381167, 45.207197, 0.098140, 4956, 3604.0
671, 71.089924, 662.396630, 38.712005, 0.061482, 4944, 3614.0
672, 75.358065, 659.079167, 36.200848, 0.046581, 4924, 3577.0
673, 67.884012, 658.724130, 46.360410, 0.140211, 4962, 3624.0
674, 73.697859, 658.458108, 36.562486, 0.025814, 4930, 3581.0
675, 74.426854, 659.515577, 36.824357, 0.048070, 4925, 3567.0
676, 66.593676, 665.418760, 39.609821, 0.185079, 4958, 3601.0
677, 69.186662, 662.713835, 41.610281, 0.055021, 4963, 3769.0
678, 75.114083, 660.355989, 37.720087, 0.037882, 4934, 3579.0
679, 67.632127, 663.264931, 40.668739, 0.103220, 4956, 3608.0
680, 69.291770, 661.857728, 42.941149, 0.091047, 4950, 3616.0
681, 70.864802, 659.874272, 41.225413, 0.101094, 4937, 3597.0
682, 69.761634, 661.106683, 39.713975, 0.071467, 4958, 3607.0
683, 72.730232, 662.176527, 36.778984, 0.055461, 4948, 3608.0
684, 68.723697, 662.628863, 41.121836, 0.032492, 4961, 3603.0
685, 68.886407, 663.323275, 40.745605, 0.106631, 4955, 3605.0
686, 68.528473, 658.944367, 44.557248, 0.162977, 4945, 3678.0
687, 69.330487, 659.986997, 42.184333, 0.079589, 4944, 3564.0
688, 70.779098, 661.926636, 44.348875, 0.042663, 4942, 3584.0
689, 69.534224, 659.471151, 43.695084, 0.144011, 4955, 3625.0
690, 73.016237, 659.883278, 36.267606, 0.043065, 4918, 3565.0
691, 71.934497, 659.803989, 41.795236, 0.092150, 4921, 3640.0
692, 73.152065, 661.576613, 36.763403, 0.057501, 4936, 3605.0
693, 73.273061, 661.043193, 36.361295, 0.050912, 4940, 3594.0
694, 69.337067, 661.330580, 42.045900, 0.074201, 4954, 3613.0
695, 74.175337, 659.448430, 41.376049, 0.137061, 4921, 3588.0
696, 69.782234, 663.074889, 39.751406, 0.045873, 4954, 3590.0
697, 71.662371, 660.166381, 41.858017, 0.035027, 4941, 3605.0
698, 66.800547, 661.084016, 43.272711, 0.139220, 4961, 3617.0
699, 68.036785, 663.366927, 39.592395, 0.096708, 4953, 3592.0
700, 71.935511, 660.541526, 38.233857, 0.043841, 4947, 3606.0
701, 73.748752, 660.351173, 38.538358, 0.072433, 4917, 3576.0
702, 71.110390, 663.037281, 35.795999, 0.048200, 4957, 3623.0
703, 68.805004, 659.108286, 44.413423, 0.147353, 4952, 3608.0
704, 68.363350, 661.580892, 42.498514, 0.102957, 4959, 3607.0
705, 69.070900, 663.012708, 39.124457, 0.120001, 4953, 3599.0
706, 72.973721, 661.816694, 33.116342, 0.036017, 4958, 3601.0
707, 73.468778, 661.416598, 34.396511, 0.033953, 4935, 3607.0
708, 66.870740, 660.879443, 44.602334, 0.218263, 4962, 3633.0
709, 75.558873, 659.638414, 39.991817, 0.071352, 4912, 3575.0
710, 70.608651, 660.672292, 43.750458, 0.084128, 4942, 3597.0
711, 70.488996, 662.405651, 38.127678, 0.057484, 4954, 3638.0
712, 69.512799, 663.496080, 37.453110, 0.039315, 4947, 3713.0
713, 69.020255, 660.385508, 42.754692, 0.112854, 4958, 3608.0
714, 73.468517, 661.215350, 38.374372, 0.034067, 4938, 3597.0
715, 69.626193, 661.539191, 45.188221, 0.116170, 4953, 3624.0
716, 72.781467, 659.979427, 35.780983, 0.026753, 4937, 3578.0
717, 71.517943, 659.316894, 43.572178, 0.155230, 4915, 3581.0
718, 71.243112, 660.898238, 38.813205, 0.097970, 4926, 3633.0
719, 67.461545, 657.826746, 47.949668, 0.237807, 4946, 3602.0
720, 70.529542, 661.722617, 41.069544, 0.078308, 4937, 3665.0
721, 71.093372, 659.776590, 44.811025, 0.183026, 4928, 3571.0
722, 70.060194, 661.464796, 38.723631, 0.098727, 4958, 3608.0
723, 68.529183, 658.892351, 48.923654, 0.166003, 4950, 3609.0
724, 75.819416, 659.427627, 34.874437, 0.046108, 4916, 3570.0
725, 67.111091, 664.206147, 40.824881, 0.133717, 4955, 3629.0
726, 72.902194, 658.619630, 43.018099, 0.057831, 4915, 3582.0
727, 71.129988, 660.589344, 39.079371, 0.029208, 4933, 4132.0
728, 72.695646, 661.256081, 35.159836, 0.052032, 4961, 3756.0
729, 73.864681, 660.287094, 31.576022, 0.048637, 4922, 3591.0
730, 70.037791, 661.717878, 41.791793, 0.111410, 4941, 3601.0
731, 66.840492, 663.787363, 40.705086, 0.169972, 4964, 3624.0
732, 74.473717, 660.913379, 35.261077, 0.060154, 4919, 3561.0
733, 71.646328, 661.028169, 40.079950, 0.063721, 4938, 3589.0
734, 70.141954, 661.224273, 44.022141, 0.077613, 4941, 3597.0
735, 70.342977, 662.643318, 34.871624, 0.071600, 4954, 3601.0
736, 68.784537, 660.924464, 41.636823, 0.056408, 4952, 4035.0
737, 69.811503, 662.872405, 39.858925, 0.101610, 4955, 3592.0
738, 69.749897, 661.516012, 39.550296, 0.061864, 4961, 3624.0
739, 74.057413, 661.583336, 40.970689, 0.044625, 4936, 3597.0
740, 70.670513, 662.120326, 38.310466, 0.050818, 4962, 3613.0
741, 72.259253, 659.853527, 41.203514, 0.068937, 4911, 3539.0
742, 68.465355, 663.206714, 42.427173, 0.063458, 4953, 3581.0
743, 74.349970, 659.483902, 38.089526, 0.071468, 4918, 3572.0
744, 71.568802, 661.091211, 38.180942, 0.039896, 4957, 3585.0
745, 69.562135, 662.420788, 40.201944, 0.075257, 4959, 3610.0
746, 69.667839, 660.481006, 39.797989, 0.042699, 4957, 3598.0
747, 69.950342, 661.961562, 43.961071, 0.119553, 4940, 3581.0
748, 68.618813, 660.000283, 45.791912, 0.179853, 4961, 3658.0
749, 69.696760, 662.289324, 35.976297, 0.067164, 4958, 3630.0
750, 71.288917, 661.553245, 42.458913, 0.063018, 4936, 3595.0
751, 73.887550, 660.068134, 34.363151, 0.049571, 4925, 3574.0
752, 68.499732, 662.392261, 43.366848, 0.103483, 4960, 3606.0
753, 67.550361, 662.636985, 40.597820, 0.131308, 4945, 3572.0
754, 66.299685, 660.722593, 45.150758, 0.135672, 4952, 3620.0
755, 69.084023, 660.718302, 41.385965, 0.144074, 4929, 3585.0
756, 69.535697, 660.449377, 44.558574, 0.027205, 4947, 4390.0
757, 71.259524, 661.474423, 41.098643, 0.045329, 4937, 3602.0
758, 67.418150, 662.028327, 42.396570, 0.145417, 4960, 3627.0
759, 67.211931, 661.223292, 42.517448, 0.102776, 4959, 3607.0
760, 67.741936, 663.963375, 40.939109, 0.123757, 4958, 3590.0
761, 76.217473, 658.914607, 35.732638, 0.047292, 4908, 3571.0
762, 72.790763, 662.620745, 35.940178, 0.089531, 4953, 3582.0
763, 66.447478, 660.121427, 48.467537, 0.128341, 4957, 3608.0
764, 67.409931, 661.170003, 43.780864, 0.165397, 4963, 3615.0
765, 72.867213, 660.253332, 37.548720, 0.059007, 4939, 4462.0
766, 67.574129, 662.959515, 42.209690, 0.170682, 4962, 3619.0
767, 69.536142, 662.703204, 41.045752, 0.112982, 4956, 3601.0
768, 71.501394, 661.092246, 39.203408, 0.056210, 4944, 3615.0
769, 75.651569, 660.173282, 36.810488, 0.071679, 4926, 3754.0
770, 71.898713, 661.377930, 37.602150, 0.052320, 4957, 3654.0
771, 72.988672, 661.169049, 35.198337, 0.041357, 4940, 3590.0
772, 70.762872, 660.822839, 42.235627, 0.066753, 4963, 3636.0
773, 71.107577, 664.154906, 36.880338, 0.117111, 4953, 3590.0
774, 72.635711, 660.704069, 41.169576, 0.043756, 4936, 3588.0
775, 68.164263, 661.119841, 41.847340, 0.070802, 4957, 3639.0
776, 70.284922, 660.789143, 43.282325, 0.085554, 4959, 3653.0
777, 70.722534, 660.206464, 41.390496, 0.085288, 4945, 3592.0
778, 69.268666, 661.972654, 40.077626, 0.023444, 4954, 3597.0
779, 71.473332, 660.546236, 41.027874, 0.064447, 4934, 3576.0
780, 71.253950, 661.992095, 39.807922, 0.040122, 4937, 3589.0
781, 76.307587, 659.426398, 32.297154, 0.068666, 4888, 3586.0
782, 73.098618, 661.016617, 36.072851, 0.037907, 4946, 3586.0
783, 71.370906, 661.406787, 40.965804, 0.094402, 4949, 3591.0
784, 69.825839, 662.278998, 40.120975, 0.092202, 4953, 4117.0
785, 70.946789, 662.269388, 37.731403, 0.068648, 4958, 3605.0
786, 69.504922, 660.240086, 40.909578, 0.065859, 4956, 3599.0
787, 69.790064, 661.681762, 42.698431, 0.040610, 4959, 3607.0
788, 67.385351, 662.209392, 42.723175, 0.135122, 4957, 3589.0
789, 69.279141, 660.707765, 43.452606, 0.060877, 4968, 3614.0
790, 71.777614, 662.042856, 34.069259, 0.030050, 4956, 3598.0
791, 65.283811, 662.760711, 44.234609, 0.057812, 4950, 3620.0
792, 71.541808, 662.989233, 37.720364, 0.057444, 4961, 3601.0
793, 73.132981, 660.924235, 35.636838, 0.025164, 4926, 3576.0
794, 67.828201, 659.950563, 44.850199, 0.095534, 4962, 4117.0
795, 69.910659, 659.229223, 46.192778, 0.064184, 4959, 3610.0
796, 71.734553, 661.507831, 39.676136, 0.078800, 4941, 3602.0
797, 65.297437, 663.595973, 39.990704, 0.193994, 4961, 3589.0
798, 72.074134, 660.375294, 42.046799, 0.036978, 4942, 3585.0
799, 70.388584, 659.983992, 42.849701, 0.118717, 4947, 3597.0
800, 73.327200, 659.671724, 41.850283, 0.069043, 4929, 3604.0
801, 68.967847, 663.791946, 39.948212, 0.044215, 4948, 3588.0
802, 71.971672, 659.868591, 38.916658, 0.057235, 4918, 3590.0
803, 67.346088, 657.846813, 49.236644, 0.158055, 4963, 3605.0
804, 68.650056, 662.508059, 42.386181, 0.122394, 4953, 3577.0
805, 70.587452, 659.786699, 44.621163, 0.087239, 4941, 3587.0
806, 73.567125, 659.500417, 35.898987, 0.044137, 4934, 3571.0
807, 69.015338, 659.812952, 46.382612, 0.090697, 4958, 3607.0
808, 71.597727, 661.722382, 38.169920, 0.033426, 4946, 3586.0
809, 70.052041, 661.141811, 41.985687, 0.114087, 4953, 3598.0
810, 65.623700, 658.922191, 45.830177, 0.260761, 4956, 3597.0
811, 69.460508, 661.845764, 41.460904, 0.042275, 4954, 3600.0
812, 71.500881, 662.822337, 34.414579, 0.048639, 4961, 3563.0
813, 68.572679, 662.944254, 41.675653, 0.088733, 4962, 3595.0
814, 66.939258, 660.407399, 44.312705, 0.117200, 4959, 3604.0
815, 72.185299, 659.229289, 42.255965, 0.059236, 4922, 3558.0
816, 66.410681, 660.962729, 45.208505, 0.123631, 4958, 3604.0
817, 70.247075, 662.465130, 40.662003, 0.055581, 4958, 3598.0
818, 70.243525, 661.244447, 40.975706, 0.030236, 4934, 3583.0
819, 71.356658, 660.505212, 36.270869, 0.065829, 4924, 3570.0
820, 66.125623, 662.883049, 42.796607, 0.119431, 4956, 3585.0
821, 67.891684, 661.711134, 43.808281, 0.110072, 4965, 3604.0
822, 71.724992, 662.337962, 39.825328, 0.048615, 4932, 3582.0
823, 71.181501, 660.988893, 38.297015, 0.058545, 4959, 3599.0
824, 68.009215, 663.539558, 40.045245, 0.065026, 4955, 3580.0
825, 70.086168, 661.298511, 36.307149, 0.047745, 4961, 3588.0
826, 75.821316, 659.221584, 35.439170, 0.045178, 4928, 3566.0
827, 70.557786, 662.431975, 38.125105, 0.053932, 4958, 3578.0
828, 64.581991, 660.726720, 44.493439, 0.148341, 4952, 3602.0
829, 67.381481, 661.305737, 43.155934, 0.074581, 4960, 3601.0
830, 70.666575, 661.983690, 38.657705, 0.039836, 4943, 3594.0
831, 69.412564, 663.240523, 40.214848, 0.055188, 4951, 3585.0
832, 70.769031, 660.136380, 38.762272, 0.047796, 4923, 3554.0
833, 65.750847, 657.998730, 49.065202, 0.410530, 4950, 3585.0
834, 67.569476, 659.518838, 47.186177, 0.224323, 4941, 3593.0
835, 68.509922, 663.507246, 37.331413, 0.117766, 4954, 3570.0
836, 71.657713, 659.235720, 43.414122, 0.098484, 4913, 3561.0
837, 68.339670, 660.782633, 44.383181, 0.123825, 4958, 3607.0
838, 66.559297, 658.910604, 44.999595, 0.157421, 4949, 3582.0
839, 69.413193, 662.190068, 40.379412, 0.082500, 4964, 3596.0
840, 69.370785, 659.966316, 40.844655, 0.061307, 4955, 3581.0
841, 69.306098, 661.827606, 40.868941, 0.096646, 4953, 3589.0
842, 69.153572, 661.139646, 43.001907, 0.066053, 4956, 3603.0
843, 67.331275, 664.070289, 40.302810, 0.102337, 4959, 3576.0
844, 70.281433, 662.759258, 36.025117, 0.040460, 4949, 3589.0
845, 73.911356, 658.945089, 34.801476, 0.042731, 4923, 3565.0
846, 65.067838, 662.644547, 42.946756, 0.147354, 4956, 3578.0
847, 74.706451, 660.044136, 35.292504, 0.014024, 4942, 3580.0
848, 66.441928, 658.558163, 48.271609, 0.203723, 4959, 3589.0
849, 68.894840, 662.762781, 38.405896, 0.062546, 4964, 3580.0
850, 68.960531, 659.392063, 45.554801, 0.036099, 4955, 3591.0
851, 67.954962, 659.244031, 46.868882, 0.128281, 4954, 3602.0
852, 69.489755, 661.346178, 37.595784, 0.055505, 4962, 3599.0
853, 70.248097, 663.528485, 38.004364, 0.042803, 4957, 3583.0
854, 64.584383, 655.424205, 49.118536, 0.522611, 4924, 3571.0
855, 72.097061, 661.753348, 35.913023, 0.053261, 4938, 3587.0
856, 66.573783, 660.130837, 44.769853, 0.104699, 4958, 3606.0
857, 67.677117, 658.041427, 48.792398, 0.129668, 4956, 3608.0
858, 68.308523, 662.165332, 42.752445, 0.111084, 4956, 3615.0
859, 73.945924, 660.703865, 35.720366, 0.065336, 4944, 3570.0
860, 69.453560, 661.265129, 41.047005, 0.062400, 4954, 3603.0
861, 71.101782, 662.306246, 37.437939, 0.060204, 4952, 3598.0
862, 70.165100, 662.201159, 40.397933, 0.079980, 4955, 3596.0
863, 67.662294, 662.497713, 41.372189, 0.058004, 4948, 3589.0
864, 68.218496, 663.455926, 40.685354, 0.105668, 4961, 3597.0
865, 67.624018, 661.881991, 42.561924, 0.182909, 4959, 3607.0
866, 71.662008, 659.837560, 43.753420, 0.047377, 4932, 3585.0
867, 72.030565, 660.395066, 36.991234, 0.034099, 4943, 3600.0
868, 71.348429, 661.654839, 42.101378, 0.074080, 4952, 3606.0
869, 73.476033, 661.726907, 34.818849, 0.046570, 4942, 3593.0
870, 71.071521, 661.993008, 38.403325, 0.070803, 4941, 3596.0
871, 68.987631, 661.583660, 42.394525, 0.046287, 4959, 3628.0
872, 70.370145, 661.985426, 40.513117, 0.043918, 4956, 3597.0
873, 71.407951, 660.989269, 39.742474, 0.083387, 4934, 3589.0
874, 70.186060, 661.639387, 37.666569, 0.046541, 4942, 3586.0
875, 68.508745, 659.426961, 46.064308, 0.133899, 4952, 3628.0
876, 72.537092, 659.171649, 41.570836, 0.047840, 4913, 3569.0
877, 71.145578, 661.950247, 36.537763, 0.050158, 4953, 3583.0
878, 67.978689, 663.071720, 41.696165, 0.188307, 4958, 3598.0
879, 67.323497, 664.564471, 37.563835, 0.117017, 4954, 3575.0
880, 68.728975, 662.406773, 39.260999, 0.044475, 4957, 3594.0
881, 68.571810, 662.900086, 40.467905, 0.099848, 4963, 3629.0
882, 68.173037, 662.969928, 40.256078, 0.080542, 4959, 3597.0
883, 72.299503, 659.866367, 41.801116, 0.074241, 4924, 3574.0
884, 69.060449, 661.360446, 41.216930, 0.141609, 4938, 3594.0
885, 71.592779, 660.462139, 40.918806, 0.033897, 4942, 3591.0
886, 68.834129, 661.882975, 42.052240, 0.077273, 4958, 3612.0
887, 68.129261, 660.389860, 46.258846, 0.154272, 4955, 3625.0
888, 71.595917, 661.149088, 41.007003, 0.081644, 4943, 3592.0
889, 67.693341, 663.376890, 42.493831, 0.100196, 4966, 3590.0
890, 69.924691, 662.103306, 38.504021, 0.038678, 4960, 3602.0
891, 72.318273, 660.668538, 40.830948, 0.086018, 4934, 3586.0
892, 67.704974, 660.380496, 46.511640, 0.134861, 4967, 3610.0
893, 72.454972, 659.611134, 40.042109, 0.027918, 4942, 3603.0
894, 66.513706, 661.899714, 44.200562, 0.198405, 4956, 3596.0
895, 72.824388, 660.821517, 35.050866, 0.039190, 4943, 3579.0
896, 66.784862, 661.962342, 40.672852, 0.202328, 4952, 3592.0
897, 72.321162, 662.099608, 33.583025, 0.055351, 4965, 3603.0
898, 71.662690, 660.200459, 36.485021, 0.034302, 4950, 3591.0
899, 75.866929, 660.111504, 32.050603, 0.070821, 4946, 3597.0
900, 73.136973, 659.012079, 35.466978, 0.065608, 4927, 3595.0
901, 70.867428, 660.256698, 41.587160, 0.060685, 4946, 3626.0
902, 69.089911, 659.669063, 42.401380, 0.171459, 4937, 3611.0
903, 71.296191, 659.640744, 43.623439, 0.053386, 4941, 3579.0
904, 69.331548, 661.400013, 38.049126, 0.041777, 4959, 3596.0
905, 69.073247, 659.851790, 43.021741, 0.066951, 4957, 3608.0
906, 68.389050, 659.227943, 47.681751, 0.179787, 4955, 3612.0
907, 69.026440, 661.858837, 39.701152, 0.107136, 4942, 3593.0
908, 71.346065, 660.570808, 36.140193, 0.039885, 4938, 3606.0
909, 69.642285, 660.398568, 43.515674, 0.042325, 4955, 3611.0
910, 66.642647, 658.911137, 46.633633, 0.187490, 4957, 3640.0
911, 67.513921, 660.437656, 47.227421, 0.122950, 4961, 3627.0
912, 71.982635, 660.283873, 44.241201, 0.129125, 4911, 3566.0
913, 67.186374, 664.395424, 39.583344, 0.117454, 4963, 3586.0
914, 70.775242, 662.337397, 36.209007, 0.025151, 4961, 3591.0
915, 66.917508, 661.386176, 42.663689, 0.224809, 4947, 3602.0
916, 65.323922, 660.791278, 45.124259, 0.174319, 4951, 3573.0
917, 74.632663, 660.264486, 35.228494, 0.036383, 4933, 3576.0
918, 67.501100, 663.917135, 38.148088, 0.119052, 4958, 3576.0
919, 67.843734, 659.893483, 43.669254, 0.135864, 4953, 3612.0
920, 67.840970, 661.242017, 46.039057, 0.099506, 4956, 3629.0
921, 68.261086, 662.360092, 38.797834, 0.069474, 4958, 3624.0
922, 72.624389, 660.623561, 34.075819, 0.035049, 4966, 3750.0
923, 70.656818, 661.170924, 41.525174, 0.140329, 4935, 3699.0
924, 69.119815, 663.233949, 43.589502, 0.048490, 4952, 3603.0
925, 70.418126, 662.364709, 38.214303, 0.064598, 4963, 3747.0
926, 69.892432, 660.956820, 40.343020, 0.065646, 4957, 3728.0
927, 70.254309, 663.451274, 38.424464, 0.048745, 4959, 3605.0
928, 69.929618, 662.114409, 40.645353, 0.086738, 4945, 3630.0
929, 69.528806, 661.660179, 40.244209, 0.094823, 4937, 3630.0
930, 72.004844, 659.372666, 39.194894, 0.042172, 4938, 3588.0
931, 68.276226, 661.860643, 44.047834, 0.082069, 4954, 3613.0
932, 73.583669, 660.008320, 37.223245, 0.024354, 4946, 3633.0
933, 68.817711, 661.236604, 43.565152, 0.049031, 4959, 3615.0
934, 73.575931, 660.347320, 35.762312, 0.017376, 4938, 3839.0
935, 73.502961, 658.960430, 43.930357, 0.061022, 4914, 3607.0
936, 72.724139, 661.892492, 33.809505, 0.053910, 4953, 3609.0
937, 76.476565, 659.694410, 29.394296, 0.109408, 4919, 3588.0
938, 75.019495, 659.480490, 38.987198, 0.071234, 4907, 3572.0
939, 70.548879, 662.600208, 38.596067, 0.022577, 4955, 3669.0
940, 73.585045, 660.793937, 35.187340, 0.024214, 4939, 3604.0
941, 72.389421, 659.928709, 39.629836, 0.079959, 4928, 3596.0
942, 70.531452, 661.434857, 41.619812, 0.109978, 4952, 3652.0
943, 70.024614, 662.767467, 33.081763, 0.035267, 4962, 3691.0
944, 70.426256, 661.117178, 38.826263, 0.071981, 4956, 3605.0
945, 71.868107, 661.061342, 38.227439, 0.033664, 4955, 3585.0
946, 68.917229, 662.087470, 40.391970, 0.094768, 4947, 3705.0
947, 70.503701, 663.737714, 35.925910, 0.108157, 4956, 3598.0
948, 73.333147, 659.495664, 37.409975, 0.060503, 4920, 3622.0
949, 67.599684, 663.097222, 39.877090, 0.103708, 4956, 3716.0
950, 69.455505, 661.258852, 42.717408, 0.119845, 4937, 3957.0
951, 69.975484, 662.241330, 40.096790, 0.040344, 4962, 3751.0
952, 71.120741, 662.278696, 39.328313, 0.044474, 4936, 3865.0
953, 69.671903, 659.025033, 41.910817, 0.083691, 4956, 3729.0
954, 69.438564, 662.512018, 42.436123, 0.096944, 4955, 3623.0
955, 69.719599, 662.993261, 37.454175, 0.065845, 4954, 4077.0
956, 69.889576, 662.289256, 41.550361, 0.091007, 4946, 3623.0
957, 71.234663, 657.958923, 46.425785, 0.063921, 4920, 4084.0
958, 74.032664, 659.603866, 35.731921, 0.031116, 4928, 3689.0
959, 69.283520, 662.687113, 41.636783, 0.073405, 4964, 3758.0
960, 67.919936, 661.583091, 42.580703, 0.091997, 4959, 3821.0
961, 67.204464, 660.779493, 44.030291, 0.106015, 4961, 3681.0
962, 74.278790, 658.366943, 37.182308, 0.076727, 4914, 3652.0
963, 69.924930, 660.763191, 45.295512, 0.050308, 4959, 3694.0
964, 70.679114, 661.746503, 39.719505, 0.081595, 4942, 3758.0
965, 73.149052, 659.172467, 38.179960, 0.037636, 4948, 3606.0
966, 71.015822, 662.984829, 39.447908, 0.048081, 4954, 3750.0
967, 67.668231, 659.584125, 46.211521, 0.215951, 4951, 3772.0
968, 70.169163, 662.078183, 39.166038, 0.078273, 4951, 3749.0
969, 74.555163, 659.518923, 36.149123, 0.024370, 4932, 4161.0
970, 73.810757, 658.519554, 36.512390, 0.057813, 4921, 3619.0
971, 71.435304, 660.585422, 43.059268, 0.073693, 4930, 3644.0
972, 71.118395, 660.707971, 37.217054, 0.033214, 4950, 3596.0
973, 70.839870, 662.963084, 36.043939, 0.052117, 4949, 4080.0
974, 71.084736, 661.168053, 40.187332, 0.096550, 4939, 3727.0
975, 68.496512, 660.303002, 43.696221, 0.154646, 4945, 3692.0
976, 69.895407, 660.218808, 42.614772, 0.060204, 4954, 3781.0
977, 71.616555, 661.257861, 43.786143, 0.103901, 4937, 3716.0
978, 69.920238, 661.064971, 42.160952, 0.047401, 4957, 3615.0
979, 71.361226, 660.327716, 41.176881, 0.075993, 4938, 3616.0
980, 67.255710, 661.052605, 44.568340, 0.130826, 4951, 3618.0
981, 70.589266, 661.104195, 40.781435, 0.097382, 4951, 3762.0
982, 68.188152, 662.954891, 43.597009, 0.120520, 4955, 3708.0
983, 69.510258, 662.009952, 40.681637, 0.054111, 4961, 3603.0
984, 67.839490, 658.602846, 47.192004, 0.125869, 4957, 3634.0
985, 68.004520, 660.171204, 44.079351, 0.084421, 4960, 3699.0
986, 69.554819, 661.975686, 39.551875, 0.053011, 4958, 3769.0
987, 68.515250, 660.189514, 46.350322, 0.164230, 4961, 3617.0
988, 68.964486, 661.562682, 40.504986, 0.066817, 4954, 3707.0
989, 69.341149, 663.674772, 38.940795, 0.077789, 4957, 3608.0
990, 67.794879, 660.006998, 44.628761, 0.128171, 4955, 3676.0
991, 69.680606, 660.869751, 46.263166, 0.085339, 4943, 3704.0
992, 73.038944, 660.526236, 38.376294, 0.057750, 4935, 3727.0
993, 70.852476, 662.903611, 38.416263, 0.093508, 4951, 3601.0
994, 71.198356, 661.115947, 40.549968, 0.116624, 4939, 3595.0
995, 70.416292, 660.657282, 38.782730, 0.048460, 4938, 3646.0
996, 74.555316, 661.890647, 32.804397, 0.065397, 4928, 3708.0
997, 72.947382, 661.284987, 38.422300, 0.070853, 4919, 3580.0
998, 67.505000, 663.568938, 40.045310, 0.097499, 4963, 3622.0
999, 67.759469, 661.474037, 43.632236, 0.049234, 4961, 3755.0
