#idx, x0, x1, x2, y, f_neval, total_time (us), 
0, 68.335997, 665.550479, 39.409766, 0.108145, 4890, 3544.0
1, 71.969642, 660.196205, 45.946610, 0.102397, 4836, 3514.0
2, 74.972680, 661.178130, 35.337718, 0.042772, 4854, 3581.0
3, 70.630098, 661.312017, 39.182843, 0.078598, 4892, 3563.0
4, 71.432390, 662.623260, 38.465516, 0.107387, 4876, 4366.0
5, 76.478488, 660.803520, 28.625348, 0.034003, 4853, 3884.0
6, 69.664904, 661.759748, 44.457948, 0.084713, 4897, 3642.0
7, 74.103229, 660.105587, 44.177017, 0.081103, 4837, 3605.0
8, 69.732396, 662.283395, 41.827828, 0.135724, 4893, 3654.0
9, 70.759887, 661.413245, 39.718622, 0.070080, 4876, 3535.0
10, 74.065148, 659.983387, 38.986037, 0.086045, 4878, 3570.0
11, 78.438351, 660.538795, 30.965143, 0.081684, 4856, 3654.0
12, 75.121608, 660.122070, 36.847567, 0.062554, 4862, 3540.0
13, 77.283084, 659.631478, 31.179869, 0.052967, 4856, 3601.0
14, 74.550958, 660.442465, 38.477662, 0.051730, 4854, 3539.0
15, 73.137408, 660.596249, 36.087707, 0.044216, 4866, 3553.0
16, 74.979470, 660.617503, 32.055528, 0.044869, 4857, 3525.0
17, 76.318454, 660.937736, 28.421318, 0.037722, 4852, 3599.0
18, 74.153352, 659.546180, 36.034070, 0.034948, 4856, 3520.0
19, 77.113236, 660.826108, 34.763842, 0.087685, 4847, 3582.0
20, 76.033988, 659.968505, 33.774389, 0.074252, 4851, 3521.0
21, 74.723003, 661.345089, 29.767065, 0.065474, 4869, 3529.0
22, 69.668915, 661.807014, 40.487553, 0.102172, 4889, 3702.0
23, 71.840938, 660.543939, 39.999329, 0.067001, 4870, 3548.0
24, 70.910229, 661.925609, 41.703765, 0.085544, 4883, 3648.0
25, 74.184297, 659.404090, 38.515048, 0.059838, 4857, 3525.0
26, 69.722859, 661.008343, 42.664366, 0.193512, 4876, 3697.0
27, 67.718545, 660.962418, 45.367928, 0.147862, 4897, 3554.0
28, 71.856050, 660.279350, 38.966529, 0.072531, 4891, 3638.0
29, 72.425666, 660.528612, 42.214496, 0.074904, 4875, 3540.0
30, 72.626391, 660.362979, 39.023634, 0.062078, 4876, 3564.0
31, 69.101212, 662.073461, 42.608053, 0.136333, 4886, 3673.0
32, 78.429753, 658.721665, 32.652720, 0.056905, 4863, 3534.0
33, 75.574746, 658.521579, 34.896506, 0.045001, 4861, 3723.0
34, 71.703340, 660.165368, 43.850453, 0.068786, 4889, 3556.0
35, 71.747739, 662.905946, 38.282031, 0.040595, 4890, 3709.0
36, 67.158561, 658.895926, 48.319244, 0.172142, 4896, 3573.0
37, 72.769900, 659.489482, 40.266760, 0.037192, 4855, 3621.0
38, 70.359329, 659.141435, 46.927572, 0.060564, 4861, 3560.0
39, 72.654847, 660.196848, 35.157729, 0.065909, 4872, 3563.0
40, 68.167530, 662.039577, 42.352230, 0.073314, 4892, 3617.0
41, 70.736691, 662.752600, 37.944346, 0.071303, 4894, 3548.0
42, 69.668588, 663.531738, 34.797947, 0.101688, 4892, 3572.0
43, 72.244462, 660.727092, 43.617896, 0.071753, 4884, 3558.0
44, 70.799392, 661.750376, 40.075117, 0.075278, 4887, 3636.0
45, 71.447308, 661.232096, 37.816237, 0.040618, 4885, 3559.0
46, 70.699462, 660.570808, 43.495763, 0.145033, 4872, 3613.0
47, 77.462036, 659.244674, 31.885379, 0.073654, 4834, 3528.0
48, 71.897351, 661.180059, 41.464546, 0.052372, 4882, 3610.0
49, 77.154556, 658.639379, 30.508587, 0.020894, 4861, 3532.0
50, 68.417468, 661.380619, 41.656133, 0.163897, 4886, 4036.0
51, 70.620001, 659.483363, 42.341360, 0.139094, 4844, 3526.0
52, 69.054642, 662.666466, 37.963461, 0.061305, 4897, 3521.0
53, 72.218903, 661.109594, 38.158018, 0.047411, 4879, 3622.0
54, 75.393213, 659.751339, 31.566248, 0.041562, 4831, 3526.0
55, 69.525032, 659.983537, 44.729328, 0.076448, 4880, 3637.0
56, 70.102418, 663.166596, 43.233022, 0.076655, 4888, 3563.0
57, 66.700815, 659.509124, 46.454997, 0.220987, 4890, 3641.0
58, 70.366635, 660.848457, 44.603779, 0.121305, 4882, 3567.0
59, 72.904340, 660.509725, 35.583385, 0.036911, 4878, 3723.0
60, 73.251367, 660.437472, 37.438110, 0.061333, 4853, 3553.0
61, 74.503136, 660.689973, 31.229733, 0.034809, 4882, 3558.0
62, 68.840886, 662.534010, 37.099414, 0.065987, 4899, 3620.0
63, 77.503936, 659.266623, 28.930174, 0.072680, 4838, 3541.0
64, 72.487764, 659.453992, 45.166234, 0.141675, 4842, 3632.0
65, 70.147781, 659.951126, 38.845675, 0.068635, 4875, 3547.0
66, 68.736884, 659.712627, 44.066675, 0.076864, 4890, 3679.0
67, 74.094704, 659.794826, 34.704507, 0.024848, 4871, 3550.0
68, 69.185199, 659.831885, 45.051289, 0.070022, 4897, 3744.0
69, 68.484852, 661.738772, 41.802897, 0.082411, 4899, 4160.0
70, 68.227790, 660.085099, 44.086707, 0.107723, 4897, 3541.0
71, 73.674522, 659.817180, 41.211323, 0.061687, 4844, 3694.0
72, 70.818872, 663.729614, 37.647535, 0.083290, 4890, 3546.0
73, 68.685662, 660.724667, 44.612096, 0.041681, 4897, 3755.0
74, 69.039522, 662.635357, 37.625155, 0.065657, 4896, 3549.0
75, 71.957911, 660.631734, 37.192338, 0.032030, 4871, 3595.0
76, 68.383389, 664.147499, 35.662248, 0.094079, 4894, 3544.0
77, 65.851357, 662.319655, 44.263670, 0.114780, 4897, 3554.0
78, 76.049751, 659.089498, 37.640295, 0.035481, 4844, 3528.0
79, 70.635259, 660.171254, 43.791182, 0.139304, 4871, 5188.0
80, 70.043439, 661.066975, 38.560859, 0.028838, 4887, 3639.0
81, 70.316109, 661.826958, 40.428637, 0.038196, 4895, 3567.0
82, 67.534548, 662.338817, 42.946687, 0.105550, 4891, 3563.0
83, 69.082328, 662.293036, 39.644479, 0.061089, 4886, 3558.0
84, 69.605483, 660.103622, 43.418338, 0.119790, 4874, 3700.0
85, 67.870152, 661.671376, 43.853497, 0.112044, 4897, 3574.0
86, 74.455555, 660.809785, 33.613960, 0.032271, 4866, 3607.0
87, 68.261715, 662.242695, 41.384711, 0.077597, 4894, 3566.0
88, 64.732902, 665.079582, 39.720944, 0.214843, 4891, 4074.0
89, 71.844298, 660.920008, 38.439282, 0.051036, 4876, 3545.0
90, 69.113340, 660.270976, 45.514622, 0.059990, 4892, 3746.0
91, 71.597214, 660.649994, 38.389738, 0.051081, 4871, 3752.0
92, 67.629083, 666.075124, 50.798497, 0.047560, 4885, 3559.0
93, 70.256942, 660.649684, 42.679420, 0.042760, 4874, 3574.0
94, 71.064558, 660.697060, 46.609493, 0.057504, 4883, 3566.0
95, 74.831327, 661.006807, 32.187143, 0.049698, 4870, 3610.0
96, 71.842710, 660.095954, 39.427883, 0.029778, 4873, 3551.0
97, 70.329415, 661.599290, 43.733907, 0.043621, 4897, 3661.0
98, 73.106429, 660.752608, 37.011530, 0.044411, 4876, 3632.0
99, 71.056244, 662.037806, 37.645789, 0.043562, 4873, 3615.0
100, 69.486477, 660.548573, 46.108593, 0.046836, 4897, 3577.0
101, 69.587718, 662.804523, 44.349279, 0.145944, 4895, 3703.0
102, 68.449939, 661.679510, 43.409483, 0.079400, 4889, 3582.0
103, 68.239233, 661.123745, 43.894665, 0.047088, 4894, 3570.0
104, 67.897746, 661.169523, 40.698108, 0.127178, 4894, 3672.0
105, 69.581665, 662.077978, 36.268720, 0.076358, 4895, 3557.0
106, 68.807095, 659.607573, 43.602728, 0.083171, 4895, 3751.0
107, 75.709388, 657.719409, 42.979476, 0.076643, 4819, 4267.0
108, 69.724484, 661.932695, 40.860807, 0.056934, 4889, 3625.0
109, 66.129649, 661.549888, 43.762620, 0.156481, 4894, 3548.0
110, 72.064111, 660.803624, 39.287102, 0.076765, 4879, 3629.0
111, 71.835300, 661.818729, 35.447475, 0.062652, 4892, 3571.0
112, 76.256579, 659.547421, 31.466869, 0.037345, 4860, 3530.0
113, 68.888199, 661.678435, 43.573732, 0.078690, 4894, 3600.0
114, 69.461942, 661.532157, 43.777664, 0.076682, 4891, 3581.0
115, 73.598241, 661.440747, 31.937940, 0.028878, 4865, 3742.0
116, 73.030865, 659.459086, 35.185723, 0.041601, 4861, 3969.0
117, 72.068220, 660.807203, 44.229320, 0.047301, 4874, 3644.0
118, 69.217795, 663.234748, 39.626027, 0.059614, 4895, 3558.0
119, 73.169789, 658.753236, 39.598765, 0.029226, 4854, 3585.0
120, 69.020294, 662.338984, 39.802357, 0.062624, 4892, 3549.0
121, 65.311940, 661.923942, 44.444273, 0.186781, 4892, 3558.0
122, 76.886805, 659.747292, 30.560521, 0.076676, 4845, 3518.0
123, 69.917578, 662.300541, 41.965759, 0.032873, 4890, 3559.0
124, 73.958615, 659.081085, 35.949387, 0.033576, 4861, 3604.0
125, 71.903666, 659.176415, 42.897112, 0.052713, 4865, 3541.0
126, 68.360759, 659.925044, 43.240968, 0.050255, 4896, 4264.0
127, 67.776687, 661.793827, 40.041562, 0.079396, 4887, 3563.0
128, 67.960455, 659.437595, 43.866944, 0.143142, 4884, 3722.0
129, 70.534737, 661.389727, 41.903479, 0.123150, 4889, 3578.0
130, 70.306068, 664.137649, 36.793732, 0.079585, 4899, 3562.0
131, 67.224451, 664.575127, 41.509263, 0.123836, 4894, 3570.0
132, 74.311400, 658.138360, 40.016099, 0.035920, 4843, 3535.0
133, 70.176897, 660.205464, 43.657384, 0.075169, 4891, 3634.0
134, 71.033850, 662.485177, 37.928454, 0.033921, 4896, 3572.0
135, 71.441059, 662.643885, 35.981546, 0.063594, 4890, 3683.0
136, 67.853456, 660.809894, 45.563077, 0.236194, 4891, 3706.0
137, 69.006924, 660.318261, 48.874791, 0.164154, 4877, 3643.0
138, 66.111716, 660.929315, 43.490492, 0.238433, 4897, 3586.0
139, 71.073619, 661.670866, 42.451988, 0.127368, 4887, 3593.0
140, 67.928286, 661.986075, 43.585044, 0.090650, 4893, 3616.0
141, 68.661125, 661.943220, 40.484948, 0.074878, 4891, 3569.0
142, 75.130453, 660.163294, 36.501350, 0.071885, 4875, 3603.0
143, 76.915823, 659.466109, 31.419871, 0.058201, 4858, 3568.0
144, 72.680541, 662.101325, 39.656745, 0.094815, 4874, 3636.0
145, 71.717214, 660.115556, 43.836572, 0.093235, 4859, 3641.0
146, 70.853857, 662.307222, 37.978810, 0.068895, 4888, 3619.0
147, 79.268022, 660.213783, 25.391978, 0.050312, 4859, 3545.0
148, 73.968469, 660.966636, 32.754397, 0.052839, 4885, 3556.0
149, 70.978834, 662.840000, 41.674164, 0.121114, 4886, 3602.0
150, 69.883945, 662.628618, 40.851114, 0.047043, 4891, 3591.0
151, 70.981908, 661.373091, 42.474384, 0.094006, 4892, 3637.0
152, 72.461430, 661.290625, 41.712145, 0.145383, 4849, 3540.0
153, 69.409032, 661.112542, 44.530185, 0.240604, 4898, 3631.0
154, 68.377969, 660.417509, 45.865894, 0.114154, 4895, 3700.0
155, 68.706782, 662.357737, 44.707191, 0.179305, 4897, 3637.0
156, 67.857634, 660.627918, 44.763285, 0.100144, 4890, 3712.0
157, 72.437008, 660.959178, 36.504026, 0.009221, 4879, 3559.0
158, 73.238240, 660.600906, 38.288933, 0.035304, 4876, 3633.0
159, 70.383338, 661.468614, 44.005002, 0.072060, 4892, 3583.0
160, 70.896232, 661.195304, 43.204720, 0.102989, 4872, 3698.0
161, 68.680723, 663.460688, 41.148071, 0.240824, 4895, 3579.0
162, 69.468695, 661.975756, 43.079768, 0.154672, 4905, 3632.0
163, 67.338315, 660.822824, 44.802687, 0.108998, 4894, 3652.0
164, 72.472422, 660.447216, 40.221298, 0.033943, 4879, 3647.0
165, 70.975123, 661.891526, 41.997473, 0.074978, 4879, 3575.0
166, 71.236263, 661.066679, 41.225353, 0.110399, 4872, 3545.0
167, 66.003546, 661.351875, 43.171996, 0.231394, 4889, 3569.0
168, 74.456098, 661.514888, 31.817578, 0.043492, 4860, 3560.0
169, 75.221766, 659.698087, 36.143398, 0.038108, 4863, 3595.0
170, 70.791877, 661.332540, 41.670908, 0.057901, 4891, 3597.0
171, 70.912983, 660.604864, 40.339078, 0.065551, 4880, 3691.0
172, 72.579799, 661.278114, 38.320340, 0.042364, 4874, 3596.0
173, 74.046518, 660.090436, 38.617367, 0.055354, 4854, 3790.0
174, 69.058313, 661.655352, 43.639264, 0.109935, 4891, 3985.0
175, 67.680582, 665.389450, 38.476617, 0.113963, 4897, 3803.0
176, 66.148461, 660.277710, 46.112192, 0.209756, 4893, 4435.0
177, 71.300004, 662.489496, 40.175222, 0.084005, 4871, 3635.0
178, 67.467458, 658.993257, 47.387308, 0.156389, 4899, 3581.0
179, 70.702872, 660.720342, 41.741267, 0.051523, 4890, 3645.0
180, 75.816218, 659.954047, 36.694597, 0.059418, 4852, 3531.0
181, 72.798548, 659.354691, 37.341460, 0.036647, 4864, 3620.0
182, 69.398092, 660.891727, 42.965151, 0.070268, 4899, 3642.0
183, 67.017135, 663.881241, 39.699100, 0.120375, 4894, 3617.0
184, 71.876932, 661.595653, 39.065115, 0.074743, 4887, 3683.0
185, 70.126154, 662.810317, 37.433253, 0.042852, 4890, 4170.0
186, 72.521504, 659.168587, 39.710941, 0.051233, 4873, 3619.0
187, 66.196339, 661.991499, 45.836152, 0.103638, 4895, 3563.0
188, 66.321037, 663.929959, 40.146447, 0.138034, 4897, 3610.0
189, 71.521712, 662.040323, 34.388815, 0.035511, 4892, 3918.0
190, 69.096323, 661.867377, 42.632558, 0.124492, 4890, 3583.0
191, 71.760620, 659.926965, 41.163273, 0.037080, 4871, 3554.0
192, 73.841517, 660.797017, 33.546465, 0.048984, 4872, 3769.0
193, 71.562448, 662.501888, 35.834510, 0.043338, 4895, 3640.0
194, 74.397978, 660.750255, 32.668285, 0.041013, 4874, 3552.0
195, 73.427542, 661.505182, 39.376348, 0.099664, 4858, 3606.0
196, 69.811460, 661.803018, 42.095289, 0.050122, 4892, 3884.0
197, 68.317462, 662.608962, 38.452716, 0.115982, 4892, 3654.0
198, 74.484076, 659.468259, 31.778594, 0.057127, 4869, 3557.0
199, 72.830669, 661.993750, 33.603851, 0.064854, 4877, 3558.0
200, 73.102367, 659.763641, 39.731992, 0.098220, 4861, 4046.0
201, 69.527901, 662.022369, 39.763484, 0.057980, 4895, 3690.0
202, 68.736902, 663.507921, 37.800016, 0.039677, 4893, 3626.0
203, 78.390348, 658.200242, 37.266579, 0.078078, 4847, 3522.0
204, 71.432045, 661.201251, 39.609095, 0.034410, 4879, 3907.0
205, 74.701174, 660.176072, 38.903098, 0.120719, 4836, 3536.0
206, 71.337344, 662.034236, 34.302423, 0.057085, 4892, 3621.0
207, 68.049736, 663.221591, 40.518431, 0.116242, 4888, 3564.0
208, 67.851696, 660.892104, 45.406160, 0.048880, 4896, 4058.0
209, 72.989994, 661.063042, 39.225681, 0.055316, 4873, 3660.0
210, 72.087720, 662.465989, 37.829961, 0.041652, 4882, 3774.0
211, 72.157272, 662.981768, 34.088421, 0.041534, 4892, 3990.0
212, 71.049553, 662.336030, 41.732682, 0.068257, 4878, 3562.0
213, 70.531429, 663.599695, 37.810094, 0.035037, 4892, 3560.0
214, 72.653595, 659.368085, 37.930920, 0.096469, 4856, 3737.0
215, 73.177817, 661.048503, 40.835375, 0.117400, 4856, 4080.0
216, 69.673197, 661.773184, 42.725935, 0.130781, 4873, 3563.0
217, 70.721102, 662.682240, 39.569895, 0.031202, 4891, 3898.0
218, 74.601706, 659.842675, 33.172609, 0.041865, 4863, 3556.0
219, 76.223681, 660.193663, 36.211202, 0.072114, 4858, 4025.0
220, 72.999359, 662.280383, 34.694855, 0.025954, 4897, 3597.0
221, 75.167981, 660.516561, 37.864514, 0.102895, 4855, 3703.0
222, 75.322890, 658.969005, 42.849810, 0.128457, 4816, 3734.0
223, 70.310488, 661.359337, 42.562951, 0.111590, 4871, 3760.0
224, 68.238212, 663.307041, 38.670289, 0.041694, 4894, 3565.0
225, 67.879988, 662.345544, 41.968495, 0.126848, 4888, 3636.0
226, 74.178159, 661.643070, 30.466280, 0.057348, 4871, 3901.0
227, 72.260138, 660.493800, 35.352088, 0.056467, 4884, 3572.0
228, 70.472776, 660.499202, 42.414341, 0.085352, 4877, 3628.0
229, 71.080578, 662.133793, 38.901692, 0.040125, 4871, 3594.0
230, 71.445504, 660.462220, 38.807764, 0.032340, 4877, 4294.0
231, 77.435943, 661.480655, 32.083470, 0.106223, 4863, 3544.0
232, 70.608260, 662.897336, 37.409917, 0.094450, 4892, 3765.0
233, 68.974604, 662.833518, 38.553963, 0.050038, 4890, 3620.0
234, 68.766518, 661.925450, 42.551867, 0.107111, 4888, 3760.0
235, 71.549640, 660.423965, 40.757738, 0.079698, 4857, 3538.0
236, 74.111592, 660.820110, 38.343333, 0.066196, 4876, 3644.0
237, 68.700706, 662.631490, 41.175689, 0.074965, 4892, 3590.0
238, 73.566628, 660.568086, 35.747684, 0.040789, 4873, 3671.0
239, 74.407788, 660.845100, 40.033077, 0.050231, 4852, 3526.0
240, 75.274157, 659.206076, 36.239457, 0.021543, 4866, 3615.0
241, 70.946707, 658.417132, 45.395118, 0.159942, 4862, 3888.0
242, 69.195285, 660.550585, 45.617315, 0.068217, 4896, 3643.0
243, 72.227870, 661.533864, 35.789478, 0.044361, 4881, 3595.0
244, 69.920640, 660.448718, 42.234282, 0.043790, 4893, 3721.0
245, 72.785739, 659.695647, 38.728057, 0.054920, 4858, 4045.0
246, 74.079149, 658.963380, 40.014943, 0.054488, 4847, 3527.0
247, 72.560454, 659.672093, 40.867034, 0.013805, 4875, 3727.0
248, 68.040232, 662.180832, 43.360107, 0.178452, 4901, 3580.0
249, 70.240117, 659.726578, 44.089481, 0.173816, 4851, 3710.0
250, 69.938322, 663.537422, 38.059565, 0.029683, 4893, 3566.0
251, 70.490526, 661.007316, 41.502347, 0.161741, 4875, 3849.0
252, 73.558557, 661.022625, 36.630361, 0.062059, 4859, 3860.0
253, 73.135394, 659.467793, 34.968670, 0.031351, 4871, 3618.0
254, 72.315641, 660.631804, 36.988832, 0.069501, 4875, 3598.0
255, 71.147220, 661.686531, 36.208062, 0.045194, 4889, 3725.0
256, 73.810384, 659.573985, 38.106669, 0.056422, 4862, 4086.0
257, 73.294784, 660.283097, 39.862762, 0.082568, 4865, 3657.0
258, 70.074021, 662.358754, 39.786181, 0.040279, 4889, 3653.0
259, 68.833170, 660.744880, 41.933672, 0.170791, 4879, 3569.0
260, 69.271124, 662.517220, 38.988822, 0.130729, 4890, 4426.0
261, 68.945006, 661.798904, 43.848661, 0.089941, 4895, 3589.0
262, 77.026565, 658.853750, 30.846523, 0.058504, 4858, 3773.0
263, 67.772323, 659.508140, 44.886142, 0.207791, 4894, 4143.0
264, 75.494520, 660.070822, 28.278487, 0.073620, 4854, 3598.0
265, 73.940898, 660.138302, 29.327733, 0.013755, 4867, 3553.0
266, 70.233456, 659.779867, 44.204982, 0.062179, 4875, 3677.0
267, 72.505421, 660.342687, 36.165214, 0.032288, 4866, 4083.0
268, 72.281232, 662.039955, 35.807613, 0.075413, 4860, 3615.0
269, 70.863153, 659.751394, 40.832886, 0.106959, 4860, 3540.0
270, 76.103150, 658.662410, 33.253451, 0.046096, 4852, 3592.0
271, 73.440989, 662.571128, 37.269696, 0.053915, 4873, 3880.0
272, 70.807747, 660.826300, 39.970215, 0.030606, 4880, 3625.0
273, 69.628927, 659.977769, 44.832209, 0.122805, 4879, 3543.0
274, 77.877987, 661.318640, 19.654694, 0.060119, 4883, 3634.0
275, 75.820862, 659.723159, 36.188761, 0.075955, 4842, 3562.0
276, 76.470320, 658.937781, 33.613510, 0.042011, 4868, 4030.0
277, 73.690891, 661.388778, 38.544814, 0.064115, 4873, 3773.0
278, 73.899125, 661.713942, 33.645626, 0.089837, 4848, 4121.0
279, 69.457472, 660.397708, 44.170272, 0.097090, 4897, 3587.0
280, 74.639498, 659.081248, 36.801300, 0.059010, 4876, 3605.0
281, 71.659354, 661.871172, 37.620627, 0.036877, 4877, 3647.0
282, 70.416864, 658.702666, 44.422478, 0.116686, 4877, 3637.0
283, 76.820361, 659.758668, 32.835513, 0.067877, 4866, 3593.0
284, 73.825893, 662.602190, 32.215420, 0.066863, 4887, 3564.0
285, 67.988585, 657.705515, 47.377032, 0.359733, 4888, 5005.0
286, 69.739744, 662.498451, 40.348903, 0.040299, 4891, 4311.0
287, 67.517181, 661.828202, 44.786466, 0.109753, 4900, 3853.0
288, 70.480230, 660.247773, 41.097827, 0.059096, 4871, 3537.0
289, 69.912730, 661.675104, 40.169411, 0.072630, 4891, 3996.0
290, 69.260447, 661.873654, 42.727278, 0.162538, 4891, 3561.0
291, 68.769794, 662.418962, 43.283130, 0.063636, 4892, 3617.0
292, 71.508867, 662.377083, 41.723159, 0.073502, 4893, 3894.0
293, 69.628971, 662.571717, 38.280314, 0.097754, 4894, 3625.0
294, 70.226890, 662.283617, 43.213189, 0.095422, 4879, 3702.0
295, 68.035337, 660.120113, 44.681089, 0.150983, 4887, 3564.0
296, 72.636168, 660.651050, 37.336466, 0.032630, 4890, 4038.0
297, 71.682754, 660.707563, 38.782523, 0.038026, 4870, 3551.0
298, 66.848125, 660.708697, 44.261513, 0.133348, 4890, 3625.0
299, 72.763899, 660.581247, 41.319655, 0.117685, 4859, 3552.0
300, 72.596169, 661.710013, 37.103032, 0.046062, 4881, 3819.0
301, 72.716668, 661.578459, 36.656551, 0.034331, 4869, 3673.0
302, 70.898678, 661.777847, 33.112365, 0.065018, 4888, 3661.0
303, 72.283713, 662.182273, 36.475404, 0.061361, 4872, 4304.0
304, 72.687179, 662.676503, 30.506363, 0.061716, 4886, 3603.0
305, 75.464133, 659.763018, 32.276959, 0.044341, 4871, 3522.0
306, 70.994849, 660.164838, 42.623456, 0.079993, 4873, 3550.0
307, 75.504701, 660.759999, 27.688597, 0.055408, 4841, 4113.0
308, 72.011502, 660.426734, 38.593590, 0.060868, 4853, 3543.0
309, 74.107669, 660.636906, 37.351656, 0.051629, 4869, 3664.0
310, 69.639605, 661.601806, 41.977507, 0.040535, 4893, 3577.0
311, 69.094266, 662.433828, 41.176379, 0.074414, 4889, 4093.0
312, 76.159549, 661.277226, 29.373337, 0.065555, 4878, 5115.0
313, 71.276225, 660.846472, 41.391831, 0.055662, 4876, 3645.0
314, 73.619806, 662.048880, 36.378644, 0.065519, 4874, 3782.0
315, 74.593360, 659.882764, 36.188947, 0.046340, 4873, 3721.0
316, 78.263735, 658.951203, 35.452162, 0.139291, 4832, 3514.0
317, 74.464655, 661.162269, 32.775816, 0.027895, 4878, 3601.0
318, 69.256181, 664.994450, 39.268250, 0.122663, 4892, 3571.0
319, 73.240161, 661.827359, 33.825209, 0.043642, 4859, 3525.0
320, 72.551561, 662.790611, 32.456562, 0.060185, 4894, 3634.0
321, 72.303523, 661.951212, 36.658062, 0.050236, 4892, 4055.0
322, 68.541009, 664.142240, 38.737833, 0.072035, 4896, 4083.0
323, 77.008703, 662.757164, 26.243110, 0.096591, 4878, 3528.0
324, 73.728910, 661.376151, 35.122110, 0.035014, 4900, 3631.0
325, 74.894717, 661.076376, 31.283936, 0.017987, 4861, 3556.0
326, 76.574294, 659.534076, 37.254194, 0.103478, 4843, 3615.0
327, 71.292629, 664.065388, 38.224089, 0.073046, 4890, 3556.0
328, 73.723327, 659.864566, 40.070945, 0.052464, 4853, 3545.0
329, 67.429534, 661.366477, 44.144491, 0.053229, 4892, 3601.0
330, 70.595500, 661.928079, 40.704393, 0.048308, 4893, 3576.0
331, 69.661769, 661.142788, 42.279888, 0.134437, 4868, 3626.0
332, 70.870683, 660.847965, 40.065931, 0.062300, 4875, 3556.0
333, 68.691193, 662.271328, 41.195871, 0.098388, 4886, 4053.0
334, 71.208905, 660.036053, 42.924735, 0.076990, 4879, 3550.0
335, 70.116504, 659.500492, 45.673963, 0.112328, 4874, 3700.0
336, 66.300472, 662.336156, 43.952383, 0.134692, 4895, 3560.0
337, 70.911371, 662.190287, 38.498453, 0.060770, 4893, 3661.0
338, 69.755827, 660.634888, 42.521364, 0.059711, 4887, 3556.0
339, 73.208537, 661.474127, 39.287917, 0.058800, 4879, 3577.0
340, 69.573689, 661.470406, 43.443343, 0.067018, 4894, 4575.0
341, 70.640116, 661.553199, 35.798131, 0.043728, 4896, 3876.0
342, 70.791305, 660.464524, 42.474705, 0.074327, 4875, 3612.0
343, 71.026975, 662.338296, 40.707519, 0.039296, 4892, 3587.0
344, 70.508427, 661.391263, 42.365786, 0.152639, 4878, 3644.0
345, 73.957739, 661.925766, 30.258519, 0.070023, 4883, 3534.0
346, 69.141288, 659.252256, 47.771493, 0.160399, 4892, 3624.0
347, 72.459202, 660.084005, 38.837002, 0.062134, 4854, 3541.0
348, 70.133760, 661.032630, 44.968687, 0.135867, 4877, 3665.0
349, 67.998722, 662.502178, 38.939417, 0.058753, 4894, 3562.0
350, 77.205670, 660.455835, 29.885123, 0.087915, 4845, 5288.0
351, 67.699823, 660.270361, 46.573152, 0.222731, 4897, 3581.0
352, 70.160187, 663.068810, 38.851881, 0.069915, 4886, 4194.0
353, 70.831756, 661.126604, 40.560015, 0.064696, 4900, 3578.0
354, 73.290249, 661.894177, 37.094549, 0.068535, 4872, 3584.0
355, 71.029297, 662.233175, 38.929509, 0.055160, 4883, 3931.0
356, 72.247299, 662.088403, 33.752369, 0.057175, 4893, 3557.0
357, 69.528332, 662.791226, 40.247352, 0.131925, 4888, 3622.0
358, 67.058985, 661.049209, 43.156416, 0.100244, 4898, 3564.0
359, 74.572355, 660.189701, 35.975223, 0.064376, 4870, 4376.0
360, 70.970151, 662.649204, 41.224919, 0.096824, 4890, 3564.0
361, 70.846592, 660.167988, 39.288339, 0.027480, 4870, 3597.0
362, 71.985683, 663.531307, 31.114890, 0.042189, 4889, 3557.0
363, 72.736319, 662.236573, 37.364507, 0.015717, 4881, 3580.0
364, 73.908688, 660.591626, 37.493235, 0.042424, 4875, 3607.0
365, 73.139255, 660.352811, 36.358628, 0.023244, 4870, 3534.0
366, 69.487140, 661.251614, 41.382809, 0.062205, 4894, 3623.0
367, 72.512614, 662.607742, 28.538106, 0.025143, 4891, 3889.0
368, 74.464503, 659.965163, 37.242359, 0.038775, 4869, 3630.0
369, 72.745663, 660.942836, 37.134942, 0.058164, 4878, 3536.0
370, 73.301949, 661.101283, 43.398513, 0.064026, 4870, 3549.0
371, 74.866500, 661.728061, 37.897244, 0.079436, 4870, 3509.0
372, 73.182834, 661.868704, 32.835088, 0.055073, 4891, 3531.0
373, 73.109431, 659.982853, 39.390669, 0.064135, 4865, 3831.0
374, 69.098220, 662.779487, 43.500956, 0.194531, 4900, 3585.0
375, 72.758448, 660.726827, 39.041256, 0.055082, 4874, 3618.0
376, 72.030151, 660.708645, 39.375251, 0.042508, 4878, 3562.0
377, 70.907969, 662.751967, 38.735203, 0.103549, 4904, 3610.0
378, 70.368439, 662.053550, 40.393405, 0.073263, 4895, 4343.0
379, 70.639636, 662.467863, 38.549843, 0.060875, 4893, 3634.0
380, 76.152831, 659.353055, 37.792064, 0.057537, 4865, 3548.0
381, 71.542034, 662.242987, 36.275729, 0.087559, 4859, 3536.0
382, 74.007489, 660.181862, 37.201996, 0.020020, 4874, 3644.0
383, 76.260842, 660.994481, 26.503632, 0.033202, 4838, 3533.0
384, 71.092222, 660.652916, 42.323068, 0.135932, 4848, 3590.0
385, 70.177320, 662.263237, 41.828780, 0.083601, 4882, 3557.0
386, 75.159625, 659.982501, 39.695061, 0.070279, 4856, 3607.0
387, 69.050320, 661.533120, 40.638217, 0.140713, 4890, 3809.0
388, 70.759046, 661.781041, 41.172051, 0.070560, 4893, 4797.0
389, 69.041460, 659.819613, 45.342422, 0.111405, 4892, 3573.0
390, 69.640134, 665.898491, 55.403111, 0.087604, 4864, 3608.0
391, 76.030375, 661.485085, 37.009472, 0.135601, 4865, 3542.0
392, 72.222171, 660.275718, 39.887069, 0.063010, 4875, 3553.0
393, 74.019953, 660.759695, 38.252372, 0.054747, 4878, 3555.0
394, 70.243745, 659.605912, 45.146555, 0.096703, 4876, 3549.0
395, 78.162216, 658.244731, 34.129433, 0.082646, 4842, 3568.0
396, 74.094703, 660.328548, 38.117289, 0.043912, 4870, 3543.0
397, 70.700829, 661.641356, 39.149868, 0.024172, 4892, 4326.0
398, 73.560673, 660.377319, 38.060811, 0.043342, 4873, 3518.0
399, 76.468048, 659.847984, 36.209892, 0.078573, 4857, 3583.0
400, 71.096604, 660.833354, 41.723341, 0.108012, 4872, 3544.0
401, 70.117423, 662.219682, 39.222363, 0.061750, 4887, 3602.0
402, 70.919383, 661.627074, 39.633447, 0.106513, 4864, 3541.0
403, 72.929657, 661.523734, 40.076587, 0.031388, 4871, 3548.0
404, 69.966826, 661.362705, 42.671820, 0.054171, 4901, 3569.0
405, 74.906074, 660.759681, 33.769784, 0.036660, 4883, 3540.0
406, 73.250288, 662.458415, 32.378434, 0.043146, 4886, 4359.0
407, 75.234912, 660.771750, 36.311008, 0.059339, 4855, 3525.0
408, 74.663924, 660.027412, 33.342291, 0.056522, 4863, 3583.0
409, 77.371897, 662.279052, 23.713425, 0.112978, 4884, 3558.0
410, 69.615956, 663.367651, 39.177566, 0.079524, 4889, 3678.0
411, 81.499982, 657.719677, 28.719020, 0.064694, 4838, 3509.0
412, 72.043205, 662.029417, 33.344735, 0.035594, 4899, 3560.0
413, 73.732553, 660.714078, 38.488726, 0.037390, 4875, 3550.0
414, 73.075928, 660.125360, 37.604399, 0.045618, 4880, 3537.0
415, 75.358262, 660.250566, 40.677598, 0.040644, 4833, 3561.0
416, 73.467846, 661.417005, 30.499502, 0.047353, 4896, 3556.0
417, 66.529658, 659.247203, 46.142894, 0.216429, 4890, 3624.0
418, 74.342416, 661.846155, 33.840093, 0.053769, 4875, 3541.0
419, 70.016171, 662.450253, 39.983347, 0.054935, 4893, 3623.0
420, 70.357960, 660.892193, 38.586034, 0.119209, 4898, 3559.0
421, 74.631710, 660.016238, 36.869122, 0.056724, 4849, 3546.0
422, 73.295248, 660.598825, 39.340374, 0.051075, 4867, 3538.0
423, 69.613352, 662.237953, 41.600915, 0.085577, 4889, 3559.0
424, 72.186158, 661.911153, 34.509678, 0.068099, 4895, 3603.0
425, 75.357674, 659.152065, 37.017524, 0.061365, 4856, 3531.0
426, 72.089016, 661.470290, 36.631340, 0.059569, 4879, 4456.0
427, 72.049798, 659.718642, 42.971914, 0.060471, 4871, 3556.0
428, 77.078730, 661.408505, 26.469816, 0.084098, 4842, 3631.0
429, 69.217612, 661.327511, 43.665335, 0.136834, 4893, 3560.0
430, 74.943281, 660.737621, 35.658598, 0.065345, 4863, 3608.0
431, 68.761546, 662.040871, 44.088503, 0.055923, 4887, 3593.0
432, 72.440527, 661.632539, 37.166438, 0.056378, 4880, 3559.0
433, 72.648514, 660.703450, 36.204980, 0.047233, 4879, 3674.0
434, 71.127055, 660.379921, 40.119471, 0.037996, 4879, 3649.0
435, 68.353526, 661.124354, 41.901308, 0.085253, 4890, 5132.0
436, 67.131875, 663.524171, 39.159716, 0.110089, 4892, 5107.0
437, 69.366480, 660.912273, 45.085534, 0.115813, 4891, 3615.0
438, 68.425359, 664.610104, 35.358604, 0.081829, 4893, 3548.0
439, 70.645090, 661.961384, 39.238973, 0.039048, 4891, 3580.0
440, 71.398863, 661.167596, 39.512016, 0.038687, 4871, 3548.0
441, 74.999049, 660.049825, 36.800843, 0.052436, 4863, 3662.0
442, 67.201662, 663.164051, 42.069773, 0.063309, 4893, 3675.0
443, 74.528481, 659.693694, 33.961586, 0.013477, 4865, 3635.0
444, 70.435541, 659.501715, 44.967575, 0.088525, 4874, 3553.0
445, 72.798982, 660.526681, 36.618381, 0.027695, 4873, 3721.0
446, 73.031630, 660.882746, 42.015005, 0.136250, 4859, 3549.0
447, 72.710990, 662.643718, 40.665195, 0.130813, 4881, 3555.0
448, 70.879911, 661.823885, 40.016426, 0.043184, 4897, 3559.0
449, 70.244547, 661.976329, 40.703581, 0.057528, 4898, 3579.0
450, 72.689968, 660.970280, 39.547961, 0.048194, 4882, 3624.0
451, 70.150768, 662.601098, 40.887297, 0.111169, 4896, 3568.0
452, 70.454337, 662.771083, 36.030694, 0.058615, 4898, 3631.0
453, 74.623219, 660.393154, 35.771827, 0.025156, 4886, 3573.0
454, 68.523911, 662.066181, 36.035935, 0.057936, 4894, 3621.0
455, 72.039120, 659.563865, 42.356345, 0.114141, 4862, 3528.0
456, 78.588226, 660.422797, 30.138291, 0.125732, 4862, 3536.0
457, 70.842193, 662.542593, 35.610277, 0.056840, 4887, 3550.0
458, 73.838497, 660.168471, 35.384928, 0.028887, 4870, 3543.0
459, 72.007613, 659.714359, 41.784372, 0.149635, 4850, 3583.0
460, 71.396946, 660.935448, 43.322905, 0.117878, 4875, 3545.0
461, 72.896376, 660.920210, 39.253920, 0.101656, 4854, 3585.0
462, 71.624767, 660.706796, 41.241935, 0.044052, 4883, 3552.0
463, 73.010968, 661.246441, 39.084378, 0.090436, 4864, 4258.0
464, 72.501942, 660.354450, 44.632699, 0.093034, 4853, 3528.0
465, 71.839838, 661.203458, 44.892690, 0.065899, 4898, 3596.0
466, 67.605995, 661.174623, 44.099565, 0.135810, 4896, 3648.0
467, 74.548312, 659.325700, 38.347218, 0.088407, 4863, 3540.0
468, 74.219797, 659.463774, 40.360263, 0.039605, 4837, 3572.0
469, 69.177335, 663.506129, 40.304014, 0.075326, 4891, 3554.0
470, 68.476102, 662.417823, 40.679862, 0.120414, 4894, 3596.0
471, 71.860634, 660.507698, 43.180897, 0.096730, 4868, 3554.0
472, 69.256663, 663.004478, 41.647576, 0.105797, 4891, 3618.0
473, 71.471288, 662.203919, 35.552796, 0.061596, 4889, 3554.0
474, 67.902386, 661.654841, 44.088767, 0.182370, 4894, 3558.0
475, 71.588504, 660.988334, 39.079592, 0.095928, 4855, 3575.0
476, 69.572287, 660.697116, 43.680069, 0.136891, 4892, 3571.0
477, 71.667508, 661.554671, 36.927894, 0.029869, 4873, 3604.0
478, 70.878665, 661.315109, 38.418571, 0.014692, 4895, 3555.0
479, 72.820470, 661.930730, 40.962667, 0.081823, 4866, 3604.0
480, 73.578284, 659.289526, 40.424333, 0.061191, 4843, 3515.0
481, 72.135995, 660.460283, 41.890938, 0.032833, 4871, 3549.0
482, 72.520157, 661.853616, 41.693184, 0.079033, 4868, 3765.0
483, 67.431566, 660.350041, 42.961598, 0.118148, 4886, 3559.0
484, 70.063181, 663.058703, 36.030853, 0.056717, 4889, 3601.0
485, 68.083818, 661.649959, 42.645634, 0.035960, 4897, 3568.0
486, 73.233178, 661.945053, 32.930849, 0.059061, 4898, 3625.0
487, 69.992989, 661.038684, 38.010384, 0.025345, 4899, 3570.0
488, 71.013622, 661.612945, 38.941314, 0.051554, 4893, 3608.0
489, 73.155517, 661.060905, 35.927814, 0.052967, 4878, 3546.0
490, 68.210516, 662.858548, 38.380089, 0.072907, 4885, 3531.0
491, 70.692684, 661.484517, 39.582039, 0.071691, 4895, 3601.0
492, 71.196033, 662.715020, 39.505774, 0.080229, 4875, 5236.0
493, 66.280373, 661.569974, 42.639828, 0.085293, 4890, 3906.0
494, 69.548754, 662.431810, 41.596796, 0.082924, 4885, 3546.0
495, 78.281061, 661.115860, 27.634776, 0.071083, 4841, 3515.0
496, 72.422226, 661.164700, 33.797640, 0.023081, 4898, 3563.0
497, 69.566492, 661.493340, 43.103891, 0.179459, 4892, 3608.0
498, 69.522088, 663.846941, 40.693344, 0.107924, 4890, 3564.0
499, 74.858496, 661.620939, 32.197649, 0.035526, 4877, 3613.0
500, 71.591889, 661.560041, 45.256420, 0.065626, 4877, 3549.0
501, 68.690639, 662.551411, 39.743770, 0.050915, 4896, 4271.0
502, 70.888840, 659.076036, 44.522657, 0.134820, 4862, 3631.0
503, 69.135690, 660.945668, 40.511715, 0.060866, 4895, 3554.0
504, 72.911645, 661.052041, 38.019979, 0.042343, 4878, 3547.0
505, 69.202815, 661.025197, 39.435517, 0.073765, 4874, 3545.0
506, 70.744968, 662.615538, 38.228985, 0.061594, 4892, 3638.0
507, 72.416535, 661.320287, 34.298464, 0.058853, 4894, 3549.0
508, 71.161955, 662.587179, 39.575132, 0.049881, 4881, 3613.0
509, 71.168748, 661.368244, 39.798982, 0.045720, 4896, 3557.0
510, 71.246774, 660.969950, 42.118168, 0.061319, 4880, 3768.0
511, 68.857224, 662.226953, 40.055605, 0.206233, 4877, 3609.0
512, 68.755249, 662.135178, 44.776838, 0.055381, 4895, 4765.0
513, 72.303814, 661.572523, 39.079089, 0.068753, 4880, 4350.0
514, 68.875920, 659.673802, 45.831228, 0.110049, 4888, 3627.0
515, 73.540987, 660.277686, 40.580130, 0.058244, 4848, 3525.0
516, 66.624307, 662.356329, 44.443289, 0.110048, 4888, 3553.0
517, 71.305424, 661.271251, 40.938762, 0.061814, 4885, 3551.0
518, 66.703821, 662.256142, 41.409424, 0.149788, 4894, 3559.0
519, 69.775517, 660.104154, 47.351453, 0.074369, 4874, 4633.0
520, 72.666257, 661.613917, 33.345987, 0.033855, 4890, 3808.0
521, 71.838282, 661.482833, 34.463805, 0.066129, 4888, 3618.0
522, 68.799982, 661.555999, 40.401048, 0.114518, 4898, 3573.0
523, 73.364122, 660.651062, 39.009269, 0.062513, 4857, 3595.0
524, 72.758169, 662.170951, 40.542770, 0.067938, 4875, 3552.0
525, 70.749555, 662.457371, 42.886324, 0.029952, 4903, 4147.0
526, 68.688899, 661.659852, 42.967644, 0.219755, 4892, 3925.0
527, 68.119575, 661.213398, 44.420366, 0.102893, 4899, 3615.0
528, 74.162552, 659.499557, 34.903343, 0.042534, 4850, 3527.0
529, 71.077744, 662.614079, 38.629479, 0.107257, 4868, 4411.0
530, 74.070030, 660.531262, 34.416573, 0.032740, 4876, 3552.0
531, 74.997330, 660.471389, 33.712789, 0.069347, 4878, 3546.0
532, 77.959000, 658.396886, 38.486136, 0.103009, 4832, 3515.0
533, 70.222549, 662.905470, 41.121973, 0.071810, 4891, 3654.0
534, 68.895312, 660.236446, 39.842050, 0.113903, 4891, 3618.0
535, 71.541616, 662.325897, 37.594092, 0.113731, 4895, 3552.0
536, 74.526739, 659.831396, 33.260474, 0.026133, 4861, 3618.0
537, 75.586850, 661.540128, 31.776625, 0.058155, 4865, 3530.0
538, 73.257584, 660.769337, 32.061099, 0.030568, 4868, 4299.0
539, 73.147758, 661.734243, 37.540232, 0.061088, 4869, 4559.0
540, 70.556047, 662.826600, 36.140171, 0.058340, 4891, 4003.0
541, 71.952399, 660.996002, 43.795757, 0.048478, 4865, 3557.0
542, 71.588946, 661.541342, 40.470853, 0.053267, 4869, 3591.0
543, 71.422855, 660.717329, 39.971411, 0.052507, 4896, 3568.0
544, 70.766817, 661.930059, 41.235880, 0.077592, 4893, 3621.0
545, 70.243300, 663.145352, 38.314856, 0.065948, 4896, 3554.0
546, 73.553841, 662.194783, 29.169097, 0.080098, 4888, 3563.0
547, 72.441854, 660.653200, 37.166349, 0.054592, 4879, 3633.0
548, 69.532921, 661.803453, 40.041720, 0.117102, 4898, 3609.0
549, 72.699130, 660.624505, 39.586123, 0.060055, 4874, 3595.0
550, 73.187157, 660.507591, 37.225506, 0.077886, 4864, 3532.0
551, 70.731751, 661.326379, 40.408120, 0.049151, 4896, 3581.0
552, 66.615920, 662.695974, 42.277315, 0.339441, 4898, 3577.0
553, 76.331060, 660.679195, 34.871639, 0.081475, 4844, 3501.0
554, 71.994436, 659.933838, 36.414789, 0.072637, 4854, 3569.0
555, 69.995371, 661.403256, 37.122926, 0.044043, 4895, 3599.0
556, 69.061098, 661.846263, 38.101196, 0.110198, 4892, 3613.0
557, 70.982039, 660.962029, 41.108209, 0.092958, 4894, 4664.0
558, 71.407868, 660.888694, 41.061496, 0.027331, 4875, 3624.0
559, 73.870484, 660.208782, 39.269825, 0.064587, 4854, 3649.0
560, 76.230567, 660.154288, 34.360754, 0.100783, 4850, 3589.0
561, 73.194607, 662.652156, 36.675724, 0.057181, 4875, 3543.0
562, 67.709230, 662.995382, 39.495811, 0.077138, 4892, 3595.0
563, 68.065527, 663.268526, 39.368791, 0.153817, 4894, 3720.0
564, 73.749063, 662.019933, 33.218911, 0.066777, 4881, 3538.0
565, 76.510191, 659.264155, 30.506261, 0.051619, 4857, 3631.0
566, 71.146665, 661.473083, 40.489823, 0.092256, 4878, 3754.0
567, 70.885188, 661.963779, 36.575435, 0.054268, 4896, 5511.0
568, 71.285264, 662.673510, 38.861088, 0.070924, 4876, 3720.0
569, 72.269891, 660.211059, 44.594561, 0.086485, 4858, 3528.0
570, 77.395570, 661.055248, 24.263846, 0.048768, 4852, 3583.0
571, 71.906548, 661.048109, 40.493738, 0.055795, 4875, 3554.0
572, 71.542883, 662.942074, 38.492686, 0.060722, 4890, 3607.0
573, 69.167897, 662.097274, 42.382503, 0.106591, 4892, 3567.0
574, 72.029669, 661.266386, 37.887198, 0.053740, 4870, 3775.0
575, 74.352737, 660.730132, 34.555274, 0.046252, 4876, 3974.0
576, 72.044550, 661.454245, 40.557617, 0.042461, 4877, 3614.0
577, 71.650204, 661.249695, 40.118801, 0.070365, 4873, 3705.0
578, 70.425560, 660.960421, 40.494299, 0.078099, 4899, 3607.0
579, 74.892612, 661.000768, 30.170802, 0.022196, 4858, 3535.0
580, 76.725429, 659.937188, 31.590005, 0.069594, 4867, 3538.0
581, 72.914033, 661.118096, 34.777578, 0.051914, 4872, 3632.0
582, 76.688623, 659.768227, 33.421513, 0.059857, 4845, 3530.0
583, 72.704977, 660.669056, 40.574012, 0.088277, 4847, 3576.0
584, 72.543520, 661.461134, 38.136968, 0.041711, 4879, 3547.0
585, 68.749091, 660.780738, 43.226883, 0.070373, 4884, 3846.0
586, 73.309787, 660.251086, 39.649959, 0.067308, 4858, 3543.0
587, 75.127273, 660.286865, 29.988656, 0.042215, 4866, 3533.0
588, 70.236749, 660.733097, 39.108870, 0.081580, 4889, 3556.0
589, 71.126950, 660.807117, 43.145006, 0.093186, 4870, 3651.0
590, 72.123658, 661.265393, 38.732407, 0.058905, 4877, 3718.0
591, 68.586592, 663.315411, 41.048231, 0.159630, 4894, 3547.0
592, 75.973182, 659.372329, 37.035410, 0.062463, 4851, 3588.0
593, 73.351049, 661.216118, 40.147534, 0.052601, 4877, 3591.0
594, 70.668956, 663.966085, 39.563900, 0.136575, 4893, 3614.0
595, 72.343892, 661.107555, 35.647875, 0.032577, 4874, 3729.0
596, 68.231484, 662.619744, 42.257902, 0.118277, 4895, 3573.0
597, 72.722939, 661.932361, 38.324025, 0.011909, 4897, 3563.0
598, 70.483425, 662.110899, 37.871752, 0.031619, 4890, 3541.0
599, 75.655469, 660.613582, 33.964970, 0.057349, 4862, 3771.0
600, 74.204374, 661.391131, 37.401246, 0.047023, 4871, 3590.0
601, 73.353896, 660.558786, 38.732551, 0.108651, 4854, 3583.0
602, 70.001772, 662.710483, 34.828476, 0.052605, 4899, 3547.0
603, 72.375439, 661.469212, 37.992333, 0.042252, 4878, 3577.0
604, 72.905906, 659.777995, 33.724068, 0.067594, 4854, 4116.0
605, 79.652640, 658.099132, 35.654142, 0.180100, 4815, 3762.0
606, 72.001559, 661.189163, 35.780060, 0.082127, 4868, 3549.0
607, 73.185900, 660.714974, 38.673698, 0.053856, 4876, 3586.0
608, 71.238467, 662.375327, 41.183902, 0.178929, 4872, 3699.0
609, 77.371542, 659.701057, 31.920108, 0.060144, 4842, 3521.0
610, 68.786330, 664.723690, 38.603585, 0.214890, 4898, 3607.0
611, 71.771159, 661.078704, 41.764688, 0.061983, 4878, 3541.0
612, 75.372522, 660.051343, 32.920846, 0.053636, 4859, 3898.0
613, 69.462550, 662.367184, 42.646151, 0.137538, 4895, 3923.0
614, 73.437737, 660.416624, 33.038286, 0.056645, 4888, 6716.0
615, 69.604571, 663.482672, 40.075141, 0.170904, 4890, 3772.0
616, 73.598154, 659.106191, 37.332164, 0.043320, 4863, 3548.0
617, 68.053857, 661.520299, 42.920342, 0.109464, 4892, 3579.0
618, 70.775766, 662.806117, 41.226481, 0.050132, 4887, 4065.0
619, 75.302546, 661.320391, 33.772938, 0.031541, 4874, 3612.0
620, 72.719822, 659.317726, 38.715932, 0.026172, 4869, 3537.0
621, 70.560553, 660.334541, 44.993221, 0.073319, 4892, 3605.0
622, 75.492555, 659.679371, 38.274080, 0.077422, 4851, 4859.0
623, 73.641731, 661.410951, 34.649899, 0.073050, 4872, 3550.0
624, 68.980810, 661.704205, 41.227516, 0.057257, 4890, 4328.0
625, 73.153065, 659.564423, 35.158557, 0.037830, 4851, 3795.0
626, 69.635231, 661.755290, 40.543519, 0.168556, 4879, 3548.0
627, 71.257931, 665.112406, 36.354855, 0.088079, 4892, 3630.0
628, 71.197600, 661.451612, 39.235678, 0.063295, 4895, 3568.0
629, 70.363094, 663.225156, 37.900490, 0.062577, 4891, 3643.0
630, 72.590469, 661.587083, 34.824140, 0.041721, 4898, 3558.0
631, 73.810794, 660.365675, 34.283463, 0.035525, 4860, 4507.0
632, 72.373598, 660.970463, 37.797802, 0.040959, 4881, 3538.0
633, 70.559660, 661.148725, 38.383357, 0.069272, 4896, 4679.0
634, 76.218977, 660.457674, 31.989411, 0.044113, 4861, 3542.0
635, 71.415531, 660.027429, 41.755068, 0.127205, 4856, 3541.0
636, 72.036388, 662.752581, 38.073661, 0.022107, 4876, 3568.0
637, 67.640576, 660.658012, 43.739527, 0.143833, 4894, 3744.0
638, 74.994930, 661.480670, 31.461171, 0.050126, 4869, 3591.0
639, 68.741532, 660.194310, 44.893424, 0.145232, 4895, 3599.0
640, 76.033691, 660.312907, 30.306795, 0.060648, 4848, 4389.0
641, 72.946037, 660.707340, 34.917465, 0.039656, 4877, 3597.0
642, 70.712999, 659.570410, 41.591816, 0.109654, 4900, 3552.0
643, 72.105744, 661.104495, 35.784524, 0.044054, 4875, 3544.0
644, 75.310843, 659.437582, 34.165114, 0.035981, 4872, 3648.0
645, 70.793481, 663.031288, 33.872100, 0.061132, 4889, 3782.0
646, 73.075708, 659.788739, 38.698474, 0.032186, 4876, 3743.0
647, 68.875783, 662.684352, 38.965610, 0.051395, 4888, 3557.0
648, 71.159297, 660.484728, 42.095050, 0.069939, 4878, 3554.0
649, 71.476135, 661.894172, 37.837063, 0.085264, 4876, 4038.0
650, 69.047435, 660.824330, 42.216168, 0.114604, 4880, 3968.0
651, 69.257210, 663.555423, 35.987894, 0.023285, 4893, 3696.0
652, 71.212205, 663.994690, 35.265499, 0.066150, 4895, 4067.0
653, 70.179040, 661.322631, 40.379410, 0.041938, 4895, 3703.0
654, 69.718320, 661.038611, 39.841404, 0.096297, 4877, 3548.0
655, 70.550109, 661.086678, 36.022101, 0.041284, 4886, 3616.0
656, 66.554683, 663.251974, 41.738134, 0.047901, 4894, 3558.0
657, 69.872589, 662.088078, 39.432227, 0.088198, 4895, 3596.0
658, 68.148106, 662.789276, 44.555768, 0.102302, 4889, 3743.0
659, 70.762945, 661.339439, 42.239241, 0.065152, 4895, 4081.0
660, 69.246311, 661.076730, 44.011363, 0.078274, 4876, 3568.0
661, 70.586463, 663.432952, 42.899520, 0.053121, 4896, 3572.0
662, 70.126675, 661.770879, 38.890753, 0.057244, 4878, 3567.0
663, 67.291439, 663.083560, 41.214909, 0.166248, 4884, 3662.0
664, 75.636107, 658.467265, 35.987868, 0.044003, 4856, 3519.0
665, 72.200109, 662.301221, 33.801143, 0.046651, 4891, 3581.0
666, 69.997490, 660.887114, 42.106513, 0.053471, 4890, 3855.0
667, 67.367238, 662.554958, 44.561111, 0.148542, 4893, 3582.0
668, 68.248691, 663.348500, 42.497616, 0.123918, 4896, 3764.0
669, 74.158871, 660.689623, 39.470699, 0.051260, 4873, 3546.0
670, 67.858354, 661.381167, 45.207197, 0.098140, 4893, 4033.0
671, 71.061228, 662.414979, 38.785986, 0.061482, 4877, 3564.0
672, 75.358065, 659.079167, 36.200848, 0.046581, 4871, 3550.0
673, 67.884012, 658.724130, 46.360410, 0.140211, 4888, 3575.0
674, 73.677861, 658.473253, 36.493703, 0.025814, 4862, 3874.0
675, 74.426854, 659.515577, 36.824357, 0.048070, 4860, 3715.0
676, 66.637316, 665.368456, 39.582630, 0.185079, 4893, 3574.0
677, 69.186662, 662.713835, 41.610281, 0.055021, 4887, 3569.0
678, 75.132735, 660.380160, 37.725074, 0.037884, 4871, 4413.0
679, 67.632127, 663.264931, 40.668739, 0.103220, 4897, 3806.0
680, 69.291770, 661.857728, 42.941149, 0.091047, 4902, 3686.0
681, 70.844042, 659.844120, 41.218472, 0.101094, 4874, 3593.0
682, 69.761634, 661.106683, 39.713975, 0.071467, 4893, 3568.0
683, 72.730232, 662.176527, 36.778984, 0.055461, 4871, 3671.0
684, 68.726889, 662.635581, 41.099684, 0.032493, 4891, 3587.0
685, 68.886407, 663.323275, 40.745605, 0.106631, 4897, 3744.0
686, 68.528473, 658.944367, 44.557248, 0.162977, 4875, 3626.0
687, 69.330487, 659.986997, 42.184333, 0.079589, 4865, 3601.0
688, 70.779098, 661.926636, 44.348875, 0.042663, 4880, 3631.0
689, 69.534224, 659.471151, 43.695084, 0.144011, 4891, 3624.0
690, 73.016237, 659.883278, 36.267606, 0.043065, 4848, 3702.0
691, 71.974093, 659.815329, 41.825179, 0.092151, 4855, 3625.0
692, 73.152065, 661.576613, 36.763403, 0.057501, 4877, 3560.0
693, 73.273061, 661.043193, 36.361295, 0.050912, 4875, 3567.0
694, 69.337067, 661.330580, 42.045900, 0.074201, 4891, 3588.0
695, 74.175337, 659.448430, 41.376049, 0.137061, 4857, 3668.0
696, 69.782234, 663.074889, 39.751406, 0.045873, 4892, 3563.0
697, 71.662371, 660.166381, 41.858017, 0.035027, 4875, 3593.0
698, 66.800547, 661.084016, 43.272711, 0.139220, 4889, 3728.0
699, 68.036785, 663.366927, 39.592395, 0.096708, 4896, 3586.0
700, 71.935511, 660.541526, 38.233857, 0.043841, 4876, 3575.0
701, 73.734741, 660.352179, 38.576816, 0.072433, 4864, 3736.0
702, 71.158427, 663.068757, 35.720322, 0.048201, 4897, 3566.0
703, 68.805004, 659.108286, 44.413423, 0.147353, 4897, 3654.0
704, 68.363350, 661.580892, 42.498514, 0.102957, 4891, 3661.0
705, 69.113872, 663.044482, 39.080274, 0.120003, 4898, 3579.0
706, 72.978406, 661.851080, 32.995681, 0.036017, 4892, 3672.0
707, 73.479941, 661.390506, 34.429453, 0.033953, 4885, 3561.0
708, 66.870740, 660.879443, 44.602334, 0.218263, 4888, 3787.0
709, 75.558873, 659.638414, 39.991817, 0.071352, 4846, 3539.0
710, 70.608651, 660.672292, 43.750458, 0.084128, 4875, 3607.0
711, 70.488996, 662.405651, 38.127678, 0.057484, 4897, 3557.0
712, 69.512799, 663.496080, 37.453110, 0.039315, 4902, 3806.0
713, 69.020255, 660.385508, 42.754692, 0.112854, 4893, 3615.0
714, 73.468517, 661.215350, 38.374372, 0.034067, 4887, 3559.0
715, 69.626193, 661.539191, 45.188221, 0.116170, 4895, 3600.0
716, 72.753608, 659.997894, 35.766638, 0.026753, 4883, 4031.0
717, 71.548909, 659.340765, 43.548810, 0.155232, 4846, 3552.0
718, 71.243112, 660.898238, 38.813205, 0.097970, 4859, 3542.0
719, 67.461545, 657.826746, 47.949668, 0.237807, 4893, 3614.0
720, 70.542879, 661.706681, 41.102585, 0.078308, 4879, 3672.0
721, 71.093372, 659.776590, 44.811025, 0.183026, 4854, 3539.0
722, 70.060194, 661.464796, 38.723631, 0.098727, 4893, 3746.0
723, 68.529183, 658.892351, 48.923654, 0.166003, 4898, 3642.0
724, 75.819416, 659.427627, 34.874437, 0.046108, 4860, 3554.0
725, 67.111091, 664.206147, 40.824881, 0.133717, 4895, 3583.0
726, 72.902194, 658.619630, 43.018099, 0.057831, 4849, 3541.0
727, 71.129988, 660.589344, 39.079371, 0.029208, 4873, 3888.0
728, 72.647622, 661.293880, 35.223833, 0.052033, 4892, 3682.0
729, 73.909411, 660.286836, 31.497474, 0.048638, 4856, 3580.0
730, 70.037791, 661.717878, 41.791793, 0.111410, 4875, 3550.0
731, 66.840492, 663.787363, 40.705086, 0.169972, 4887, 3706.0
732, 74.527915, 660.893557, 35.219259, 0.060155, 4851, 3522.0
733, 71.646328, 661.028169, 40.079950, 0.063721, 4882, 3557.0
734, 70.141954, 661.224273, 44.022141, 0.077613, 4881, 3601.0
735, 70.397702, 662.618598, 34.806400, 0.071600, 4892, 3782.0
736, 68.784537, 660.924464, 41.636823, 0.056408, 4898, 3619.0
737, 69.811503, 662.872405, 39.858925, 0.101610, 4889, 3585.0
738, 69.749897, 661.516012, 39.550296, 0.061864, 4891, 3814.0
739, 74.057413, 661.583336, 40.970689, 0.044625, 4878, 3547.0
740, 70.672498, 662.137924, 38.206959, 0.050821, 4888, 3567.0
741, 72.259253, 659.853527, 41.203514, 0.068937, 4853, 3528.0
742, 68.465355, 663.206714, 42.427173, 0.063458, 4895, 3781.0
743, 74.349970, 659.483902, 38.089526, 0.071468, 4861, 3539.0
744, 71.568802, 661.091211, 38.180942, 0.039896, 4894, 3570.0
745, 69.562135, 662.420788, 40.201944, 0.075257, 4892, 3754.0
746, 69.612133, 660.573887, 40.025457, 0.042701, 4894, 3890.0
747, 69.986431, 661.969381, 43.914440, 0.119553, 4876, 3553.0
748, 68.618813, 660.000283, 45.791912, 0.179853, 4890, 3575.0
749, 69.696760, 662.289324, 35.976297, 0.067164, 4890, 3577.0
750, 71.288917, 661.553245, 42.458913, 0.063018, 4870, 3643.0
751, 73.887550, 660.068134, 34.363151, 0.049571, 4851, 3538.0
752, 68.499732, 662.392261, 43.366848, 0.103483, 4890, 3559.0
753, 67.550361, 662.636985, 40.597820, 0.131308, 4906, 3538.0
754, 66.299685, 660.722593, 45.150758, 0.135672, 4898, 3894.0
755, 69.084023, 660.718302, 41.385965, 0.144074, 4856, 3542.0
756, 69.535697, 660.449377, 44.558574, 0.027205, 4903, 3587.0
757, 71.259524, 661.474423, 41.098643, 0.045329, 4883, 3580.0
758, 67.357158, 662.056107, 42.502994, 0.145418, 4890, 3604.0
759, 67.211931, 661.223292, 42.517448, 0.102776, 4894, 3605.0
760, 67.741936, 663.963375, 40.939109, 0.123757, 4891, 3549.0
761, 76.217473, 658.914607, 35.732638, 0.047292, 4837, 3542.0
762, 72.800294, 662.643693, 35.985604, 0.089532, 4896, 3548.0
763, 66.400827, 660.107342, 48.526546, 0.128342, 4897, 3565.0
764, 67.409931, 661.170003, 43.780864, 0.165397, 4889, 3614.0
765, 72.867213, 660.253332, 37.548720, 0.059007, 4877, 3673.0
766, 67.574129, 662.959515, 42.209690, 0.170682, 4889, 3539.0
767, 69.536469, 662.693912, 40.989302, 0.112984, 4894, 3541.0
768, 71.533292, 661.108861, 39.216004, 0.056213, 4871, 3579.0
769, 75.651569, 660.173282, 36.810488, 0.071679, 4869, 3779.0
770, 71.898713, 661.377930, 37.602150, 0.052320, 4895, 3549.0
771, 72.977376, 661.197582, 35.183826, 0.041358, 4877, 3584.0
772, 70.762872, 660.822839, 42.235627, 0.066753, 4888, 3578.0
773, 71.107577, 664.154906, 36.880338, 0.117111, 4895, 3960.0
774, 72.651569, 660.720594, 41.207725, 0.043757, 4885, 3571.0
775, 68.132975, 661.040567, 41.951950, 0.070803, 4898, 3562.0
776, 70.284922, 660.789143, 43.282325, 0.085554, 4889, 3609.0
777, 70.728380, 660.181874, 41.342034, 0.085290, 4876, 3630.0
778, 69.268666, 661.972654, 40.077626, 0.023444, 4895, 3738.0
779, 71.473332, 660.546236, 41.027874, 0.064447, 4875, 3556.0
780, 71.253950, 661.992095, 39.807922, 0.040122, 4886, 3561.0
781, 76.307587, 659.426398, 32.297154, 0.068666, 4828, 3598.0
782, 73.093639, 661.013049, 36.114980, 0.037908, 4874, 3624.0
783, 71.349321, 661.440837, 40.988037, 0.094404, 4872, 3556.0
784, 69.863624, 662.321904, 40.044633, 0.092203, 4897, 3908.0
785, 70.946789, 662.269388, 37.731403, 0.068648, 4894, 3576.0
786, 69.483203, 660.291229, 40.912564, 0.065860, 4898, 3591.0
787, 69.790064, 661.681762, 42.698431, 0.040610, 4891, 3720.0
788, 67.385351, 662.209392, 42.723175, 0.135122, 4895, 3827.0
789, 69.279141, 660.707765, 43.452606, 0.060877, 4882, 3560.0
790, 71.762727, 662.042308, 34.060913, 0.030050, 4895, 3556.0
791, 65.274617, 662.779431, 44.170778, 0.057816, 4898, 3822.0
792, 71.541808, 662.989233, 37.720364, 0.057444, 4893, 3940.0
793, 73.132981, 660.924235, 35.636838, 0.025164, 4877, 3509.0
794, 67.856412, 659.897653, 44.884161, 0.095535, 4888, 3515.0
795, 69.910659, 659.229223, 46.192778, 0.064184, 4893, 3548.0
796, 71.734553, 661.507831, 39.676136, 0.078800, 4870, 3871.0
797, 65.297437, 663.595973, 39.990704, 0.193994, 4884, 3547.0
798, 72.074134, 660.375294, 42.046799, 0.036978, 4875, 3566.0
799, 70.388584, 659.983992, 42.849701, 0.118717, 4869, 3538.0
800, 73.327200, 659.671724, 41.850283, 0.069043, 4860, 3603.0
801, 68.967847, 663.791946, 39.948212, 0.044215, 4890, 3617.0
802, 71.971672, 659.868591, 38.916658, 0.057235, 4862, 3549.0
803, 67.362685, 657.784122, 49.262193, 0.158057, 4889, 3581.0
804, 68.650056, 662.508059, 42.386181, 0.122394, 4894, 3567.0
805, 70.526023, 659.800116, 44.637258, 0.087241, 4872, 3571.0
806, 73.567125, 659.500417, 35.898987, 0.044137, 4866, 3537.0
807, 69.074683, 659.794545, 46.227446, 0.090697, 4893, 3664.0
808, 71.597727, 661.722382, 38.169920, 0.033426, 4871, 3547.0
809, 70.004960, 661.117285, 41.963790, 0.114088, 4895, 3572.0
810, 65.571451, 658.995298, 45.773589, 0.260764, 4893, 3691.0
811, 69.460508, 661.845764, 41.460904, 0.042275, 4898, 3810.0
812, 71.500881, 662.822337, 34.414579, 0.048639, 4890, 3565.0
813, 68.572679, 662.944254, 41.675653, 0.088733, 4892, 3571.0
814, 66.939258, 660.407399, 44.312705, 0.117200, 4892, 3681.0
815, 72.185299, 659.229289, 42.255965, 0.059236, 4860, 3875.0
816, 66.342701, 660.947483, 45.278088, 0.123632, 4889, 3578.0
817, 70.247075, 662.465130, 40.662003, 0.055581, 4893, 3577.0
818, 70.243525, 661.244447, 40.975706, 0.030236, 4874, 3568.0
819, 71.419984, 660.475499, 36.326375, 0.065832, 4862, 3631.0
820, 66.184251, 662.933683, 42.725161, 0.119432, 4895, 3552.0
821, 67.891684, 661.711134, 43.808281, 0.110072, 4884, 3771.0
822, 71.724992, 662.337962, 39.825328, 0.048615, 4871, 3611.0
823, 71.181501, 660.988893, 38.297015, 0.058545, 4888, 3721.0
824, 68.009215, 663.539558, 40.045245, 0.065026, 4888, 3556.0
825, 70.086168, 661.298511, 36.307149, 0.047745, 4891, 3623.0
826, 75.847978, 659.209360, 35.448260, 0.045178, 4855, 3613.0
827, 70.557786, 662.431975, 38.125105, 0.053932, 4893, 3576.0
828, 64.581991, 660.726720, 44.493439, 0.148341, 4896, 3633.0
829, 67.381481, 661.305737, 43.155934, 0.074581, 4893, 3646.0
830, 70.666575, 661.983690, 38.657705, 0.039836, 4879, 4021.0
831, 69.412564, 663.240523, 40.214848, 0.055188, 4897, 3673.0
832, 70.769031, 660.136380, 38.762272, 0.047796, 4864, 3539.0
833, 65.750847, 657.998730, 49.065202, 0.410530, 4895, 3711.0
834, 67.569476, 659.518838, 47.186177, 0.224323, 4881, 4018.0
835, 68.465753, 663.541808, 37.435265, 0.117767, 4899, 3566.0
836, 71.751717, 659.218213, 43.290368, 0.098490, 4857, 3577.0
837, 68.339670, 660.782633, 44.383181, 0.123825, 4894, 3678.0
838, 66.619954, 658.918970, 44.930516, 0.157423, 4902, 3775.0
839, 69.413193, 662.190068, 40.379412, 0.082500, 4887, 3578.0
840, 69.370785, 659.966316, 40.844655, 0.061307, 4895, 3645.0
841, 69.306098, 661.827606, 40.868941, 0.096646, 4898, 3835.0
842, 69.153572, 661.139646, 43.001907, 0.066053, 4896, 3667.0
843, 67.331275, 664.070289, 40.302810, 0.102337, 4890, 3568.0
844, 70.281433, 662.759258, 36.025117, 0.040460, 4894, 3574.0
845, 73.911356, 658.945089, 34.801476, 0.042731, 4853, 3594.0
846, 64.989024, 662.564367, 43.019164, 0.147354, 4896, 3588.0
847, 74.706451, 660.044136, 35.292504, 0.014024, 4874, 3549.0
848, 66.469051, 658.560910, 48.182662, 0.203724, 4894, 3564.0
849, 68.894840, 662.762781, 38.405896, 0.062546, 4889, 3982.0
850, 68.926646, 659.397356, 45.516908, 0.036100, 4895, 3621.0
851, 67.954962, 659.244031, 46.868882, 0.128281, 4894, 3682.0
852, 69.489755, 661.346178, 37.595784, 0.055505, 4889, 3574.0
853, 70.248097, 663.528485, 38.004364, 0.042803, 4893, 3806.0
854, 64.584383, 655.424205, 49.118536, 0.522611, 4865, 3709.0
855, 72.097061, 661.753348, 35.913023, 0.053261, 4885, 3562.0
856, 66.573783, 660.130837, 44.769853, 0.104699, 4891, 3620.0
857, 67.677117, 658.041427, 48.792398, 0.129668, 4889, 3839.0
858, 68.354684, 662.113039, 42.653850, 0.111092, 4895, 3696.0
859, 73.945924, 660.703865, 35.720366, 0.065336, 4870, 4765.0
860, 69.453560, 661.265129, 41.047005, 0.062400, 4895, 4059.0
861, 71.113010, 662.280331, 37.397357, 0.060205, 4899, 3586.0
862, 70.165100, 662.201159, 40.397933, 0.079980, 4897, 3722.0
863, 67.662294, 662.497713, 41.372189, 0.058004, 4899, 3566.0
864, 68.218496, 663.455926, 40.685354, 0.105668, 4888, 3895.0
865, 67.636161, 661.879746, 42.677133, 0.182914, 4890, 4505.0
866, 71.662008, 659.837560, 43.753420, 0.047377, 4865, 3551.0
867, 72.030565, 660.395066, 36.991234, 0.034099, 4873, 3623.0
868, 71.348429, 661.654839, 42.101378, 0.074080, 4895, 4342.0
869, 73.478008, 661.744785, 34.820115, 0.046570, 4881, 4114.0
870, 71.083189, 661.950102, 38.413131, 0.070804, 4881, 3588.0
871, 69.097329, 661.606745, 42.232685, 0.046294, 4888, 3788.0
872, 70.411850, 662.000080, 40.469697, 0.043918, 4897, 3637.0
873, 71.407951, 660.989269, 39.742474, 0.083387, 4883, 3657.0
874, 70.138081, 661.688653, 37.734458, 0.046543, 4881, 3628.0
875, 68.508745, 659.426961, 46.064308, 0.133899, 4894, 3655.0
876, 72.537092, 659.171649, 41.570836, 0.047840, 4857, 3544.0
877, 71.145578, 661.950247, 36.537763, 0.050158, 4895, 4136.0
878, 67.978689, 663.071720, 41.696165, 0.188307, 4892, 3833.0
879, 67.323497, 664.564471, 37.563835, 0.117017, 4899, 3553.0
880, 68.728975, 662.406773, 39.260999, 0.044475, 4895, 3576.0
881, 68.553578, 662.829263, 40.532402, 0.099849, 4888, 3565.0
882, 68.173037, 662.969928, 40.256078, 0.080542, 4893, 3919.0
883, 72.299503, 659.866367, 41.801116, 0.074241, 4859, 3545.0
884, 69.060449, 661.360446, 41.216930, 0.141609, 4884, 3589.0
885, 71.592779, 660.462139, 40.918806, 0.033897, 4870, 3558.0
886, 68.901618, 661.903157, 41.952404, 0.077276, 4891, 4692.0
887, 68.129261, 660.389860, 46.258846, 0.154272, 4895, 3592.0
888, 71.574197, 661.181125, 41.040009, 0.081644, 4877, 3561.0
889, 67.709708, 663.362720, 42.575996, 0.100196, 4887, 3538.0
890, 69.906130, 662.124347, 38.607178, 0.038680, 4891, 3606.0
891, 72.318273, 660.668538, 40.830948, 0.086018, 4877, 3638.0
892, 67.704974, 660.380496, 46.511640, 0.134861, 4885, 3598.0
893, 72.454972, 659.611134, 40.042109, 0.027918, 4874, 3566.0
894, 66.513706, 661.899714, 44.200562, 0.198405, 4894, 3580.0
895, 72.788083, 660.836216, 35.242363, 0.039194, 4868, 3548.0
896, 66.784862, 661.962342, 40.672852, 0.202328, 4897, 3670.0
897, 72.321162, 662.099608, 33.583025, 0.055351, 4891, 3835.0
898, 71.662690, 660.200459, 36.485021, 0.034302, 4871, 3521.0
899, 75.866929, 660.111504, 32.050603, 0.070821, 4884, 3545.0
900, 73.154551, 658.995446, 35.512030, 0.065609, 4859, 3739.0
901, 70.867428, 660.256698, 41.587160, 0.060685, 4868, 3650.0
902, 69.156421, 659.602827, 42.318562, 0.171461, 4880, 3557.0
903, 71.296191, 659.640744, 43.623439, 0.053386, 4884, 3573.0
904, 69.331548, 661.400013, 38.049126, 0.041777, 4893, 3566.0
905, 69.073247, 659.851790, 43.021741, 0.066951, 4895, 3750.0
906, 68.389050, 659.227943, 47.681751, 0.179787, 4897, 3616.0
907, 69.004620, 661.840340, 39.676391, 0.107137, 4877, 3554.0
908, 71.346065, 660.570808, 36.140193, 0.039885, 4870, 3550.0
909, 69.642285, 660.398568, 43.515674, 0.042325, 4893, 3613.0
910, 66.643669, 658.919971, 46.633619, 0.187491, 4892, 3600.0
911, 67.513921, 660.437656, 47.227421, 0.122950, 4888, 3593.0
912, 71.927977, 660.295844, 44.289611, 0.129127, 4862, 3530.0
913, 67.125073, 664.451169, 39.787236, 0.117457, 4886, 3552.0
914, 70.822336, 662.307730, 36.082672, 0.025151, 4888, 3732.0
915, 66.917508, 661.386176, 42.663689, 0.224809, 4902, 3833.0
916, 65.323922, 660.791278, 45.124259, 0.174319, 4899, 5220.0
917, 74.632698, 660.227279, 35.239806, 0.036383, 4874, 4375.0
918, 67.501100, 663.917135, 38.148088, 0.119052, 4891, 3743.0
919, 67.823744, 659.910678, 43.779661, 0.135864, 4892, 3614.0
920, 67.840970, 661.242017, 46.039057, 0.099506, 4894, 3842.0
921, 68.261086, 662.360092, 38.797834, 0.069474, 4894, 4428.0
922, 72.591428, 660.615894, 34.055190, 0.035050, 4886, 5586.0
923, 70.676982, 661.180507, 41.502066, 0.140330, 4876, 4827.0
924, 69.119815, 663.233949, 43.589502, 0.048490, 4894, 3787.0
925, 70.418126, 662.364709, 38.214303, 0.064598, 4891, 4544.0
926, 69.922387, 660.964251, 40.356628, 0.065647, 4891, 4281.0
927, 70.254309, 663.451274, 38.424464, 0.048745, 4890, 3629.0
928, 69.929618, 662.114409, 40.645353, 0.086738, 4879, 4266.0
929, 69.528806, 661.660179, 40.244209, 0.094823, 4874, 3709.0
930, 72.004844, 659.372666, 39.194894, 0.042172, 4883, 3654.0
931, 68.276226, 661.860643, 44.047834, 0.082069, 4897, 3630.0
932, 73.583669, 660.008320, 37.223245, 0.024354, 4876, 3554.0
933, 68.817711, 661.236604, 43.565152, 0.049031, 4888, 3705.0
934, 73.543815, 660.350287, 35.900981, 0.017378, 4873, 3607.0
935, 73.544716, 658.927486, 43.864671, 0.061025, 4849, 3615.0
936, 72.724139, 661.892492, 33.809505, 0.053910, 4896, 4344.0
937, 76.476565, 659.694410, 29.394296, 0.109408, 4856, 3569.0
938, 75.019495, 659.480490, 38.987198, 0.071234, 4847, 3532.0
939, 70.541018, 662.556569, 38.486839, 0.022581, 4891, 3700.0
940, 73.639133, 660.772080, 35.188561, 0.024215, 4877, 3619.0
941, 72.422303, 659.920957, 39.647015, 0.079959, 4854, 3562.0
942, 70.589346, 661.383328, 41.583548, 0.109978, 4899, 3586.0
943, 70.078840, 662.745636, 33.070445, 0.035270, 4890, 3555.0
944, 70.426256, 661.117178, 38.826263, 0.071981, 4896, 3644.0
945, 71.868107, 661.061342, 38.227439, 0.033664, 4885, 3561.0
946, 68.917229, 662.087470, 40.391970, 0.094768, 4903, 3647.0
947, 70.503701, 663.737714, 35.925910, 0.108157, 4895, 3646.0
948, 73.333147, 659.495664, 37.409975, 0.060503, 4855, 3626.0
949, 67.599684, 663.097222, 39.877090, 0.103708, 4895, 3695.0
950, 69.400114, 661.273442, 42.758170, 0.119846, 4874, 3564.0
951, 69.963960, 662.237335, 40.035829, 0.040346, 4886, 3655.0
952, 71.120741, 662.278696, 39.328313, 0.044474, 4876, 3735.0
953, 69.645841, 659.087287, 41.898364, 0.083693, 4894, 3674.0
954, 69.438564, 662.512018, 42.436123, 0.096944, 4888, 3672.0
955, 69.770109, 662.974661, 37.367188, 0.065847, 4895, 3653.0
956, 69.882599, 662.248069, 41.590132, 0.091009, 4875, 3668.0
957, 71.234663, 657.958923, 46.425785, 0.063921, 4854, 3771.0
958, 74.057536, 659.587982, 35.681436, 0.031117, 4860, 3736.0
959, 69.353969, 662.652267, 41.599341, 0.073407, 4887, 3555.0
960, 67.919936, 661.583091, 42.580703, 0.091997, 4891, 3652.0
961, 67.204464, 660.779493, 44.030291, 0.106015, 4888, 3570.0
962, 74.278790, 658.366943, 37.182308, 0.076727, 4860, 3808.0
963, 69.924930, 660.763191, 45.295512, 0.050308, 4892, 3601.0
964, 70.679114, 661.746503, 39.719505, 0.081595, 4878, 3560.0
965, 73.149052, 659.172467, 38.179960, 0.037636, 4871, 3560.0
966, 71.010791, 662.957645, 39.478077, 0.048082, 4897, 3558.0
967, 67.699081, 659.545195, 46.235677, 0.215953, 4894, 3650.0
968, 70.169163, 662.078183, 39.166038, 0.078273, 4895, 3644.0
969, 74.563724, 659.507269, 36.211311, 0.024370, 4855, 3556.0
970, 73.816096, 658.533824, 36.480481, 0.057813, 4871, 3556.0
971, 71.435304, 660.585422, 43.059268, 0.073693, 4875, 3771.0
972, 71.118395, 660.707971, 37.217054, 0.033214, 4872, 3639.0
973, 70.783157, 662.949120, 36.100037, 0.052117, 4898, 3556.0
974, 71.084736, 661.168053, 40.187332, 0.096550, 4875, 3575.0
975, 68.489390, 660.293645, 43.809018, 0.154647, 4873, 3718.0
976, 69.895407, 660.218808, 42.614772, 0.060204, 4895, 3598.0
977, 71.616555, 661.257861, 43.786143, 0.103901, 4877, 3620.0
978, 69.903081, 661.062160, 42.274239, 0.047402, 4895, 3589.0
979, 71.382418, 660.299712, 41.243813, 0.075995, 4875, 3806.0
980, 67.353725, 661.088010, 44.447219, 0.130831, 4895, 3585.0
981, 70.589266, 661.104195, 40.781435, 0.097382, 4897, 3704.0
982, 68.188152, 662.954891, 43.597009, 0.120520, 4895, 3560.0
983, 69.510258, 662.009952, 40.681637, 0.054111, 4890, 3891.0
984, 67.839490, 658.602846, 47.192004, 0.125869, 4895, 3637.0
985, 68.095653, 660.135060, 43.980074, 0.084426, 4889, 4431.0
986, 69.554819, 661.975686, 39.551875, 0.053011, 4892, 3652.0
987, 68.515250, 660.189514, 46.350322, 0.164230, 4893, 3696.0
988, 68.964486, 661.562682, 40.504986, 0.066817, 4894, 4662.0
989, 69.341149, 663.674772, 38.940795, 0.077789, 4885, 5016.0
990, 67.794879, 660.006998, 44.628761, 0.128171, 4892, 3629.0
991, 69.680606, 660.869751, 46.263166, 0.085339, 4881, 3700.0
992, 73.038944, 660.526236, 38.376294, 0.057750, 4872, 4392.0
993, 70.852476, 662.903611, 38.416263, 0.093508, 4895, 4553.0
994, 71.216264, 661.139861, 40.433237, 0.116624, 4883, 3738.0
995, 70.416292, 660.657282, 38.782730, 0.048460, 4878, 4394.0
996, 74.555316, 661.890647, 32.804397, 0.065397, 4861, 4428.0
997, 72.947382, 661.284987, 38.422300, 0.070853, 4854, 4621.0
998, 67.505000, 663.568938, 40.045310, 0.097499, 4888, 4395.0
999, 67.759469, 661.474037, 43.632236, 0.049234, 4890, 3674.0
