#idx, x0, x1, x2, y, f_neval, total_time (us), 
0, 68.340918, 665.507203, 39.270191, 0.108145, 4630, 3562.0
1, 72.000570, 660.223491, 45.879077, 0.102401, 4581, 3362.0
2, 74.972680, 661.178130, 35.337718, 0.042772, 4607, 3365.0
3, 70.660244, 661.281107, 39.204787, 0.078599, 4636, 3473.0
4, 71.376603, 662.599684, 38.530254, 0.107388, 4619, 4854.0
5, 76.441151, 660.803298, 28.649669, 0.034005, 4589, 4458.0
6, 69.672742, 661.712215, 44.382297, 0.084716, 4638, 3391.0
7, 74.127398, 660.063350, 44.240706, 0.081106, 4584, 3426.0
8, 69.786757, 662.237942, 41.735414, 0.135728, 4638, 4282.0
9, 70.771001, 661.382225, 39.760909, 0.070081, 4628, 3449.0
10, 74.084118, 659.946862, 38.917048, 0.086046, 4624, 3380.0
11, 78.438351, 660.538795, 30.965143, 0.081684, 4605, 3367.0
12, 75.178963, 660.094621, 36.765547, 0.062555, 4605, 3374.0
13, 77.334698, 659.627097, 31.168469, 0.052968, 4604, 3951.0
14, 74.606302, 660.409615, 38.521740, 0.051732, 4600, 3482.0
15, 73.106516, 660.606763, 36.162195, 0.044217, 4613, 3362.0
16, 75.003719, 660.635527, 31.965618, 0.044870, 4602, 3426.0
17, 76.336211, 660.968265, 28.390635, 0.037723, 4601, 3367.0
18, 74.122374, 659.548671, 36.096716, 0.034950, 4600, 3358.0
19, 77.113236, 660.826108, 34.763842, 0.087685, 4594, 3374.0
20, 76.047542, 659.988386, 33.790194, 0.074253, 4597, 3355.0
21, 74.710171, 661.389371, 29.642657, 0.065476, 4619, 3429.0
22, 69.605026, 661.874420, 40.645027, 0.102174, 4639, 3407.0
23, 71.941799, 660.470171, 39.951867, 0.067004, 4619, 3431.0
24, 70.924601, 661.983730, 41.732979, 0.085546, 4624, 3717.0
25, 74.123571, 659.372993, 38.467515, 0.059844, 4608, 3356.0
26, 69.787871, 660.979710, 42.638162, 0.193514, 4621, 3378.0
27, 67.743212, 661.036294, 45.351130, 0.147865, 4638, 3663.0
28, 71.888389, 660.261923, 38.986056, 0.072533, 4637, 3507.0
29, 72.390782, 660.528222, 42.272232, 0.074905, 4621, 3377.0
30, 72.607665, 660.357944, 38.941020, 0.062078, 4621, 3619.0
31, 69.028517, 662.143449, 42.608532, 0.136337, 4637, 3388.0
32, 78.423865, 658.730497, 32.598235, 0.056911, 4604, 3513.0
33, 75.626898, 658.486982, 34.782720, 0.045003, 4606, 3389.0
34, 71.646246, 660.256046, 43.928178, 0.068790, 4632, 3483.0
35, 71.761356, 662.887126, 38.196468, 0.040596, 4642, 3516.0
36, 67.214886, 658.929989, 48.226476, 0.172145, 4634, 3659.0
37, 72.761736, 659.470716, 40.339629, 0.037192, 4597, 3447.0
38, 70.348550, 659.093435, 46.844009, 0.060567, 4613, 3363.0
39, 72.664997, 660.174726, 35.034625, 0.065913, 4620, 3359.0
40, 68.167530, 662.039577, 42.352230, 0.073314, 4633, 3592.0
41, 70.725916, 662.707389, 37.971284, 0.071305, 4644, 3387.0
42, 69.630188, 663.576456, 34.867922, 0.101691, 4632, 3438.0
43, 72.234380, 660.699553, 43.719839, 0.071754, 4621, 4712.0
44, 70.802087, 661.755417, 40.140959, 0.075279, 4631, 3522.0
45, 71.447308, 661.232096, 37.816237, 0.040618, 4628, 3385.0
46, 70.625555, 660.515633, 43.571264, 0.145036, 4625, 3434.0
47, 77.462036, 659.244674, 31.885379, 0.073654, 4584, 3377.0
48, 71.945744, 661.123574, 41.389761, 0.052372, 4627, 3477.0
49, 77.111018, 658.635694, 30.428447, 0.020896, 4607, 3438.0
50, 68.435365, 661.349447, 41.662901, 0.163902, 4628, 3394.0
51, 70.742537, 659.418478, 42.230786, 0.139097, 4591, 3448.0
52, 69.133270, 662.656392, 37.806138, 0.061307, 4638, 3498.0
53, 72.245982, 661.130031, 38.088631, 0.047412, 4617, 5008.0
54, 75.391299, 659.775371, 31.647977, 0.041564, 4587, 3349.0
55, 69.556361, 660.042472, 44.640484, 0.076452, 4628, 3711.0
56, 70.198059, 663.056823, 43.042268, 0.076659, 4635, 3389.0
57, 66.602094, 659.546449, 46.551345, 0.220988, 4636, 3392.0
58, 70.321922, 660.888214, 44.604966, 0.121308, 4627, 3496.0
59, 72.934582, 660.473124, 35.538011, 0.036911, 4619, 3737.0
60, 73.275253, 660.382313, 37.516334, 0.061333, 4602, 3429.0
61, 74.452575, 660.724925, 31.268329, 0.034811, 4627, 3386.0
62, 68.827933, 662.504182, 37.091465, 0.065989, 4639, 3833.0
63, 77.421426, 659.309112, 28.885667, 0.072683, 4580, 3355.0
64, 72.476636, 659.450566, 45.001436, 0.141678, 4585, 3552.0
65, 70.103889, 659.907737, 38.845017, 0.068639, 4619, 3369.0
66, 68.639853, 659.682703, 44.057157, 0.076865, 4636, 3527.0
67, 74.114368, 659.774000, 34.757725, 0.024848, 4612, 3357.0
68, 69.269169, 659.768967, 45.014025, 0.070032, 4634, 3390.0
69, 68.425677, 661.813161, 41.767814, 0.082412, 4642, 3456.0
70, 68.227790, 660.085099, 44.086707, 0.107723, 4640, 3412.0
71, 73.670990, 659.844460, 41.149816, 0.061689, 4590, 3407.0
72, 70.814220, 663.687770, 37.758042, 0.083292, 4637, 3393.0
73, 68.721783, 660.755942, 44.521487, 0.041683, 4639, 3601.0
74, 69.116493, 662.617561, 37.665437, 0.065663, 4637, 3406.0
75, 72.074097, 660.660583, 37.037362, 0.032043, 4618, 3685.0
76, 68.546108, 664.130172, 35.487194, 0.094082, 4634, 3438.0
77, 65.877261, 662.260578, 44.209159, 0.114782, 4634, 3403.0
78, 76.091114, 659.085332, 37.623480, 0.035482, 4599, 3571.0
79, 70.571389, 660.224378, 43.852235, 0.139306, 4617, 3634.0
80, 70.035923, 661.056166, 38.427431, 0.028838, 4635, 3454.0
81, 70.244905, 661.822905, 40.658808, 0.038202, 4643, 3418.0
82, 67.526870, 662.402662, 42.808348, 0.105552, 4635, 4302.0
83, 69.085907, 662.233163, 39.633189, 0.061092, 4635, 3641.0
84, 69.626834, 660.121122, 43.578033, 0.119798, 4617, 3400.0
85, 67.837465, 661.666367, 43.966841, 0.112045, 4639, 3467.0
86, 74.429757, 660.792324, 33.651308, 0.032272, 4618, 3392.0
87, 68.261715, 662.242695, 41.384711, 0.077597, 4636, 3566.0
88, 64.720534, 665.139977, 39.766243, 0.214848, 4639, 3418.0
89, 71.829658, 660.947024, 38.358184, 0.051037, 4623, 3458.0
90, 69.058670, 660.227605, 45.524801, 0.059993, 4633, 3450.0
91, 71.534694, 660.739580, 38.470387, 0.051081, 4618, 3445.0
92, 67.491250, 666.055028, 50.819786, 0.047569, 4630, 5446.0
93, 70.192877, 660.669403, 42.749876, 0.042764, 4626, 4564.0
94, 71.127466, 660.670503, 46.321905, 0.057515, 4631, 3744.0
95, 74.899127, 660.928299, 32.253221, 0.049699, 4614, 3594.0
96, 71.819817, 660.132130, 39.401258, 0.029779, 4619, 3437.0
97, 70.354423, 661.637881, 43.643189, 0.043624, 4635, 3636.0
98, 73.118487, 660.753072, 37.091356, 0.044413, 4618, 3402.0
99, 71.035750, 662.111848, 37.836033, 0.043565, 4621, 3367.0
100, 69.604817, 660.474712, 45.895784, 0.046839, 4645, 3486.0
101, 69.642258, 662.792759, 44.343357, 0.145944, 4639, 4719.0
102, 68.449939, 661.679510, 43.409483, 0.079400, 4634, 3437.0
103, 68.200835, 661.104687, 43.828350, 0.047092, 4642, 3402.0
104, 67.794542, 661.248710, 40.747448, 0.127183, 4640, 3566.0
105, 69.689819, 662.020949, 36.173021, 0.076366, 4636, 3438.0
106, 68.887789, 659.487414, 43.522565, 0.083176, 4630, 3452.0
107, 75.709388, 657.719409, 42.979476, 0.076643, 4565, 3495.0
108, 69.686189, 661.988241, 41.037775, 0.056939, 4632, 3381.0
109, 66.129649, 661.549888, 43.762620, 0.156481, 4635, 3483.0
110, 72.131730, 660.752406, 39.362609, 0.076772, 4625, 3601.0
111, 71.886901, 661.732933, 35.374303, 0.062655, 4636, 3450.0
112, 76.278226, 659.572421, 31.507852, 0.037348, 4611, 3387.0
113, 68.908892, 661.613475, 43.647017, 0.078694, 4634, 3724.0
114, 69.445777, 661.610287, 43.805880, 0.076684, 4636, 3384.0
115, 73.609007, 661.410217, 31.852968, 0.028878, 4618, 3373.0
116, 73.058221, 659.463450, 35.230120, 0.041603, 4611, 3439.0
117, 72.117719, 660.798327, 44.106331, 0.047303, 4610, 3594.0
118, 69.282163, 663.202738, 39.482275, 0.059617, 4637, 3435.0
119, 73.169789, 658.753236, 39.598765, 0.029226, 4596, 3423.0
120, 69.020294, 662.338984, 39.802357, 0.062624, 4627, 3852.0
121, 65.240081, 661.864186, 44.443507, 0.186783, 4635, 3628.0
122, 76.897087, 659.714434, 30.528986, 0.076676, 4593, 3350.0
123, 69.961702, 662.297107, 42.033678, 0.032877, 4634, 3504.0
124, 73.955744, 659.060309, 35.900314, 0.033577, 4615, 3442.0
125, 71.842726, 659.217515, 42.850849, 0.052724, 4612, 3516.0
126, 68.298048, 659.933073, 43.257369, 0.050256, 4636, 3401.0
127, 67.684015, 661.793714, 40.125903, 0.079402, 4633, 3387.0
128, 67.964899, 659.414284, 43.869216, 0.143145, 4632, 3396.0
129, 70.548188, 661.402767, 41.821843, 0.123151, 4636, 3680.0
130, 70.304369, 664.088874, 36.850753, 0.079588, 4644, 4909.0
131, 67.187666, 664.549182, 41.511143, 0.123840, 4637, 3645.0
132, 74.311400, 658.138360, 40.016099, 0.035920, 4596, 3361.0
133, 70.150821, 660.184451, 43.697044, 0.075170, 4638, 3471.0
134, 71.075901, 662.456311, 37.825867, 0.033922, 4644, 3402.0
135, 71.350654, 662.637403, 36.069558, 0.063597, 4626, 3518.0
136, 67.847115, 660.867483, 45.477018, 0.236197, 4633, 3549.0
137, 69.006924, 660.318261, 48.874791, 0.164154, 4621, 3435.0
138, 66.111716, 660.929315, 43.490492, 0.238433, 4640, 3479.0
139, 71.084815, 661.634793, 42.263862, 0.127371, 4637, 3678.0
140, 67.945089, 661.933345, 43.592346, 0.090653, 4635, 3702.0
141, 68.681320, 662.025386, 40.328905, 0.074880, 4639, 3378.0
142, 75.168879, 660.140253, 36.544084, 0.071886, 4618, 3437.0
143, 76.915823, 659.466109, 31.419871, 0.058201, 4603, 3376.0
144, 72.694893, 662.135588, 39.608963, 0.094817, 4618, 3394.0
145, 71.646631, 660.170387, 43.933734, 0.093236, 4603, 3392.0
146, 70.866777, 662.324807, 38.049936, 0.068898, 4632, 3421.0
147, 79.307097, 660.181488, 25.452632, 0.050313, 4609, 3639.0
148, 74.014162, 660.936224, 32.647553, 0.052842, 4627, 3398.0
149, 70.899362, 662.842268, 41.742951, 0.121116, 4639, 3674.0
150, 69.698207, 662.736940, 41.098596, 0.047044, 4633, 3444.0
151, 70.999583, 661.321334, 42.477708, 0.094009, 4637, 3411.0
152, 72.507193, 661.233389, 41.747811, 0.145386, 4594, 3778.0
153, 69.399050, 661.105585, 44.354412, 0.240612, 4637, 3397.0
154, 68.445584, 660.426495, 45.616355, 0.114155, 4642, 3483.0
155, 68.706782, 662.357737, 44.707191, 0.179305, 4642, 3417.0
156, 67.798556, 660.648360, 44.868837, 0.100151, 4635, 3619.0
157, 72.411402, 661.027274, 36.491192, 0.009223, 4614, 3381.0
158, 73.245123, 660.613992, 38.207085, 0.035305, 4620, 3425.0
159, 70.376568, 661.430262, 44.057461, 0.072061, 4634, 3931.0
160, 70.858857, 661.216921, 43.150731, 0.102990, 4625, 3600.0
161, 68.648571, 663.435784, 41.135780, 0.240830, 4633, 3387.0
162, 69.418273, 662.008960, 43.094150, 0.154675, 4644, 3407.0
163, 67.320788, 660.777100, 44.779011, 0.108999, 4641, 3458.0
164, 72.472422, 660.447216, 40.221298, 0.033943, 4618, 3607.0
165, 70.974791, 661.887923, 41.880832, 0.074980, 4625, 3442.0
166, 71.221619, 661.035529, 41.376562, 0.110401, 4623, 3369.0
167, 66.021950, 661.258310, 43.298979, 0.231400, 4632, 3381.0
168, 74.433909, 661.503205, 31.819646, 0.043494, 4616, 3392.0
169, 75.230979, 659.678961, 36.204241, 0.038108, 4612, 4203.0
170, 70.791877, 661.332540, 41.670908, 0.057901, 4634, 3405.0
171, 70.852702, 660.568766, 40.509438, 0.065553, 4623, 3379.0
172, 72.585448, 661.263048, 38.191838, 0.042364, 4628, 3685.0
173, 74.028000, 660.076465, 38.548616, 0.055355, 4603, 3360.0
174, 69.115293, 661.637177, 43.675018, 0.109936, 4634, 3432.0
175, 67.751500, 665.370704, 38.417913, 0.113967, 4637, 3440.0
176, 66.171369, 660.240383, 45.905186, 0.209764, 4642, 3437.0
177, 71.340999, 662.511650, 40.188392, 0.084007, 4617, 3625.0
178, 67.540547, 658.967738, 47.355559, 0.156394, 4640, 3385.0
179, 70.712124, 660.669496, 41.816511, 0.051526, 4628, 3833.0
180, 75.780970, 659.956336, 36.636008, 0.059421, 4603, 3364.0
181, 72.810569, 659.364089, 37.274414, 0.036648, 4606, 3429.0
182, 69.407494, 660.939009, 42.882726, 0.070271, 4640, 3393.0
183, 67.017135, 663.881241, 39.699100, 0.120375, 4641, 3374.0
184, 71.876932, 661.595653, 39.065115, 0.074743, 4636, 3469.0
185, 70.213523, 662.765901, 37.320206, 0.042855, 4632, 3417.0
186, 72.461014, 659.204067, 39.798968, 0.051233, 4628, 3434.0
187, 66.206048, 661.901442, 45.944668, 0.103644, 4637, 3415.0
188, 66.355181, 663.973741, 40.126751, 0.138036, 4637, 3386.0
189, 71.521712, 662.040323, 34.388815, 0.035511, 4640, 3404.0
190, 69.066364, 661.852160, 42.732934, 0.124492, 4635, 3462.0
191, 71.770021, 659.929615, 41.276041, 0.037082, 4619, 3580.0
192, 73.822466, 660.795306, 33.545334, 0.048985, 4618, 3382.0
193, 71.647203, 662.467746, 35.742316, 0.043342, 4633, 3444.0
194, 74.397161, 660.765992, 32.649996, 0.041014, 4619, 3365.0
195, 73.398822, 661.523951, 39.292110, 0.099667, 4604, 3390.0
196, 69.787645, 661.829688, 42.151582, 0.050122, 4638, 3451.0
197, 68.317462, 662.608962, 38.452716, 0.115982, 4630, 3385.0
198, 74.493359, 659.481136, 31.636198, 0.057130, 4613, 3435.0
199, 72.896446, 661.956538, 33.656137, 0.064858, 4621, 3938.0
200, 73.142701, 659.755864, 39.623910, 0.098222, 4609, 3440.0
201, 69.665246, 661.957362, 39.631883, 0.057993, 4634, 3409.0
202, 68.689331, 663.494869, 37.871531, 0.039679, 4637, 3414.0
203, 78.438101, 658.189265, 37.262025, 0.078079, 4591, 3407.0
204, 71.438653, 661.217277, 39.678062, 0.034410, 4619, 3378.0
205, 74.759536, 660.179645, 38.911055, 0.120724, 4585, 3432.0
206, 71.324156, 662.106014, 34.281338, 0.057086, 4637, 3472.0
207, 68.019510, 663.292355, 40.546705, 0.116243, 4635, 3468.0
208, 67.851696, 660.892104, 45.406160, 0.048880, 4636, 3402.0
209, 72.989994, 661.063042, 39.225681, 0.055316, 4621, 4580.0
210, 72.119541, 662.390065, 37.894783, 0.041652, 4621, 3377.0
211, 72.157272, 662.981768, 34.088421, 0.041534, 4634, 3388.0
212, 71.059482, 662.287455, 41.786491, 0.068259, 4617, 3552.0
213, 70.606885, 663.583717, 37.713427, 0.035038, 4634, 3386.0
214, 72.680034, 659.395976, 37.891071, 0.096471, 4607, 3542.0
215, 73.136689, 661.082677, 41.017184, 0.117405, 4603, 3374.0
216, 69.651639, 661.784163, 42.811569, 0.130781, 4615, 3382.0
217, 70.725864, 662.729547, 39.604789, 0.031205, 4638, 3434.0
218, 74.601706, 659.842675, 33.172609, 0.041865, 4610, 3358.0
219, 76.223681, 660.193663, 36.211202, 0.072114, 4602, 4059.0
220, 72.920194, 662.331378, 34.792762, 0.025956, 4637, 3499.0
221, 75.191683, 660.532709, 37.985026, 0.102898, 4604, 3453.0
222, 75.364071, 658.939445, 42.771377, 0.128458, 4567, 3358.0
223, 70.321357, 661.328713, 42.579636, 0.111592, 4616, 3447.0
224, 68.373523, 663.271470, 38.472565, 0.041696, 4646, 3431.0
225, 67.918116, 662.332772, 42.006985, 0.126850, 4637, 3416.0
226, 74.106598, 661.745746, 30.590731, 0.057358, 4619, 3605.0
227, 72.201298, 660.504281, 35.252740, 0.056467, 4621, 3432.0
228, 70.399750, 660.545774, 42.542672, 0.085353, 4626, 3474.0
229, 71.145465, 662.090111, 38.783712, 0.040127, 4624, 5206.0
230, 71.438114, 660.501776, 38.703836, 0.032344, 4623, 3452.0
231, 77.435943, 661.480655, 32.083470, 0.106223, 4600, 3476.0
232, 70.610798, 662.866296, 37.427417, 0.094450, 4636, 3436.0
233, 68.974604, 662.833518, 38.553963, 0.050038, 4629, 3411.0
234, 68.766518, 661.925450, 42.551867, 0.107111, 4636, 3392.0
235, 71.549640, 660.423965, 40.757738, 0.079698, 4603, 3664.0
236, 74.105002, 660.855853, 38.324440, 0.066197, 4620, 3369.0
237, 68.769019, 662.694493, 41.119423, 0.074965, 4640, 3442.0
238, 73.516795, 660.556484, 35.714897, 0.040792, 4617, 4365.0
239, 74.395619, 660.801831, 40.088689, 0.050232, 4606, 3936.0
240, 75.224971, 659.208617, 36.311506, 0.021545, 4612, 3369.0
241, 70.957420, 658.467607, 45.333486, 0.159945, 4614, 3371.0
242, 69.305118, 660.520696, 45.499073, 0.068219, 4643, 3426.0
243, 72.120817, 661.567053, 35.873183, 0.044362, 4628, 3373.0
244, 69.920640, 660.448718, 42.234282, 0.043790, 4635, 3463.0
245, 72.786745, 659.705731, 38.815398, 0.054921, 4606, 3484.0
246, 74.050545, 659.029694, 40.046659, 0.054490, 4590, 3450.0
247, 72.560454, 659.672093, 40.867034, 0.013805, 4624, 3387.0
248, 67.978999, 662.293081, 43.370842, 0.178461, 4639, 5455.0
249, 70.224409, 659.747820, 43.985576, 0.173818, 4597, 5210.0
250, 69.977409, 663.510865, 37.917710, 0.029689, 4638, 3642.0
251, 70.499310, 661.082175, 41.449995, 0.161745, 4617, 3380.0
252, 73.591923, 661.013628, 36.548982, 0.062060, 4606, 3451.0
253, 73.152942, 659.442877, 34.893197, 0.031352, 4613, 3387.0
254, 72.274080, 660.620112, 36.968862, 0.069505, 4619, 3373.0
255, 71.123398, 661.725123, 36.136536, 0.045197, 4639, 3407.0
256, 73.798235, 659.585857, 38.035205, 0.056425, 4603, 3482.0
257, 73.349386, 660.275316, 39.841273, 0.082568, 4613, 3461.0
258, 70.142667, 662.286989, 39.680582, 0.040282, 4634, 3396.0
259, 68.788899, 660.743187, 42.043834, 0.170793, 4625, 3465.0
260, 69.271124, 662.517220, 38.988822, 0.130729, 4635, 3423.0
261, 68.895460, 661.867722, 43.772848, 0.089948, 4641, 3396.0
262, 77.026565, 658.853750, 30.846523, 0.058504, 4610, 3386.0
263, 67.772323, 659.508140, 44.886142, 0.207791, 4639, 3391.0
264, 75.477253, 660.055789, 28.270241, 0.073621, 4609, 3417.0
265, 73.951346, 660.102174, 29.408763, 0.013757, 4618, 3380.0
266, 70.269370, 659.752048, 44.233473, 0.062180, 4617, 3500.0
267, 72.550575, 660.377176, 36.154854, 0.032293, 4609, 3960.0
268, 72.231525, 662.064732, 35.932569, 0.075414, 4603, 3436.0
269, 70.897241, 659.800869, 40.817083, 0.106965, 4612, 3384.0
270, 76.078970, 658.673361, 33.288375, 0.046096, 4599, 3477.0
271, 73.514651, 662.503983, 37.266293, 0.053917, 4620, 3447.0
272, 70.807747, 660.826300, 39.970215, 0.030606, 4621, 3367.0
273, 69.670271, 659.974876, 44.660665, 0.122806, 4630, 3451.0
274, 77.809270, 661.383927, 19.573510, 0.060122, 4627, 3362.0
275, 75.780492, 659.746348, 36.264229, 0.075956, 4590, 3351.0
276, 76.470320, 658.937781, 33.613510, 0.042011, 4616, 3388.0
277, 73.739637, 661.380394, 38.415934, 0.064117, 4618, 3635.0
278, 73.937149, 661.671657, 33.626125, 0.089840, 4600, 3415.0
279, 69.423093, 660.427735, 44.149722, 0.097094, 4633, 3403.0
280, 74.574708, 659.124657, 36.864700, 0.059010, 4624, 3436.0
281, 71.644620, 661.886405, 37.576214, 0.036878, 4628, 3402.0
282, 70.394213, 658.676332, 44.354017, 0.116688, 4617, 3393.0
283, 76.802490, 659.743512, 32.834080, 0.067878, 4614, 3359.0
284, 73.802995, 662.579166, 32.219997, 0.066865, 4632, 3529.0
285, 67.963635, 657.632479, 47.413998, 0.359744, 4633, 3434.0
286, 69.741418, 662.545303, 40.355938, 0.040301, 4637, 3411.0
287, 67.620988, 661.759196, 44.719359, 0.109761, 4636, 3462.0
288, 70.433231, 660.259687, 41.093575, 0.059096, 4621, 3369.0
289, 69.865997, 661.683603, 40.171357, 0.072631, 4636, 3405.0
290, 69.296902, 661.951618, 42.675532, 0.162539, 4637, 3399.0
291, 68.726339, 662.474304, 43.224893, 0.063643, 4638, 3418.0
292, 71.508867, 662.377083, 41.723159, 0.073502, 4635, 3450.0
293, 69.683078, 662.528303, 38.277174, 0.097757, 4632, 3365.0
294, 70.209924, 662.321366, 43.344656, 0.095426, 4623, 3457.0
295, 68.035337, 660.120113, 44.681089, 0.150983, 4636, 3389.0
296, 72.636168, 660.651050, 37.336466, 0.032630, 4629, 3410.0
297, 71.682754, 660.707563, 38.782523, 0.038026, 4612, 4761.0
298, 66.906839, 660.755775, 44.192906, 0.133353, 4634, 4047.0
299, 72.695393, 660.590798, 41.395683, 0.117686, 4607, 3435.0
300, 72.605415, 661.766476, 37.099494, 0.046064, 4622, 3419.0
301, 72.768119, 661.550999, 36.677201, 0.034336, 4612, 3458.0
302, 70.838915, 661.818772, 33.128558, 0.065020, 4629, 3375.0
303, 72.312340, 662.169202, 36.346073, 0.061362, 4615, 3453.0
304, 72.750961, 662.701046, 30.443683, 0.061721, 4637, 3379.0
305, 75.421086, 659.778772, 32.312396, 0.044341, 4616, 3371.0
306, 70.995190, 660.178440, 42.489760, 0.079999, 4616, 3843.0
307, 75.514645, 660.743274, 27.748388, 0.055409, 4593, 3355.0
308, 72.006941, 660.408544, 38.614606, 0.060869, 4602, 3470.0
309, 74.107669, 660.636906, 37.351656, 0.051629, 4613, 3365.0
310, 69.629925, 661.655225, 41.999963, 0.040535, 4638, 3513.0
311, 69.145838, 662.330175, 41.312862, 0.074424, 4635, 3388.0
312, 76.190043, 661.309686, 29.321764, 0.065557, 4626, 3499.0
313, 71.276225, 660.846472, 41.391831, 0.055662, 4620, 3577.0
314, 73.663971, 662.012606, 36.423283, 0.065519, 4620, 3372.0
315, 74.550862, 659.925963, 36.224709, 0.046341, 4620, 3594.0
316, 78.273275, 658.913161, 35.366602, 0.139293, 4583, 3343.0
317, 74.498844, 661.160295, 32.830114, 0.027897, 4621, 3401.0
318, 69.313899, 664.977582, 39.129062, 0.122664, 4644, 3397.0
319, 73.240161, 661.827359, 33.825209, 0.043642, 4605, 3376.0
320, 72.591564, 662.756110, 32.503834, 0.060187, 4632, 3446.0
321, 72.306090, 661.894227, 36.712772, 0.050239, 4635, 3443.0
322, 68.522140, 664.185320, 38.795580, 0.072036, 4639, 3471.0
323, 77.104190, 662.713479, 26.443420, 0.096621, 4620, 3356.0
324, 73.784747, 661.337514, 35.090395, 0.035014, 4641, 3448.0
325, 74.907222, 661.030247, 31.310150, 0.017990, 4610, 3358.0
326, 76.591734, 659.538491, 37.311173, 0.103478, 4593, 3705.0
327, 71.292629, 664.065388, 38.224089, 0.073046, 4639, 3476.0
328, 73.756939, 659.828314, 40.001154, 0.052465, 4609, 3362.0
329, 67.436456, 661.388020, 44.017095, 0.053234, 4631, 3466.0
330, 70.552215, 661.964141, 40.673363, 0.048309, 4638, 3384.0
331, 69.732448, 661.112129, 42.315028, 0.134439, 4622, 3382.0
332, 70.857566, 660.815071, 40.157094, 0.062302, 4624, 3404.0
333, 68.680150, 662.221147, 41.246654, 0.098397, 4631, 3409.0
334, 71.149687, 660.045493, 42.914127, 0.076991, 4621, 3611.0
335, 70.109704, 659.567644, 45.669395, 0.112330, 4621, 3375.0
336, 66.232760, 662.329309, 44.051963, 0.134698, 4632, 3751.0
337, 70.839040, 662.238425, 38.616019, 0.060771, 4641, 3719.0
338, 69.778667, 660.702718, 42.487005, 0.059714, 4633, 3449.0
339, 73.171826, 661.485531, 39.355016, 0.058801, 4621, 3454.0
340, 69.542916, 661.454731, 43.401100, 0.067020, 4638, 3397.0
341, 70.688017, 661.510441, 35.673324, 0.043728, 4633, 3572.0
342, 70.804702, 660.415379, 42.373472, 0.074332, 4619, 3369.0
343, 71.025447, 662.387281, 40.652492, 0.039297, 4633, 3489.0
344, 70.475996, 661.430064, 42.405306, 0.152641, 4623, 3375.0
345, 73.957739, 661.925766, 30.258519, 0.070023, 4633, 3462.0
346, 69.101553, 659.213328, 47.777953, 0.160407, 4633, 3666.0
347, 72.405579, 660.109893, 38.800497, 0.062137, 4601, 3363.0
348, 70.092917, 661.002014, 45.019629, 0.135867, 4620, 3451.0
349, 68.111508, 662.504840, 38.771147, 0.058758, 4640, 3478.0
350, 77.205670, 660.455835, 29.885123, 0.087915, 4595, 3412.0
351, 67.786786, 660.238402, 46.491325, 0.222737, 4644, 3405.0
352, 70.153835, 663.107991, 38.714383, 0.069921, 4635, 3378.0
353, 70.880930, 661.136324, 40.543124, 0.064696, 4645, 3439.0
354, 73.290249, 661.894177, 37.094549, 0.068535, 4617, 3367.0
355, 71.007551, 662.297275, 38.993253, 0.055162, 4630, 3444.0
356, 72.190963, 662.121144, 33.779700, 0.057176, 4632, 3379.0
357, 69.567609, 662.707810, 40.287114, 0.131928, 4632, 3624.0
358, 66.972472, 661.036561, 43.311656, 0.100246, 4636, 3377.0
359, 74.544904, 660.197500, 35.958185, 0.064376, 4611, 3355.0
360, 70.991190, 662.662512, 41.172466, 0.096825, 4638, 3444.0
361, 70.939042, 660.151774, 39.282363, 0.027483, 4619, 3483.0
362, 71.990872, 663.553922, 31.054806, 0.042192, 4632, 3435.0
363, 72.845072, 662.199968, 37.275870, 0.015724, 4623, 3387.0
364, 73.860699, 660.621125, 37.602182, 0.042431, 4617, 3376.0
365, 73.079707, 660.364241, 36.356827, 0.023244, 4610, 3730.0
366, 69.428590, 661.238931, 41.475195, 0.062210, 4640, 3727.0
367, 72.513230, 662.582742, 28.514948, 0.025143, 4629, 3514.0
368, 74.483981, 659.937171, 37.141423, 0.038777, 4617, 3375.0
369, 72.762053, 660.928579, 37.134189, 0.058165, 4622, 3651.0
370, 73.217761, 661.139114, 43.510969, 0.064028, 4615, 3375.0
371, 74.863370, 661.710677, 37.877976, 0.079437, 4619, 3536.0
372, 73.239772, 661.838257, 32.834269, 0.055076, 4638, 3382.0
373, 73.133596, 660.001709, 39.407309, 0.064135, 4609, 3407.0
374, 69.162559, 662.748477, 43.450805, 0.194533, 4639, 3551.0
375, 72.736669, 660.760205, 39.050376, 0.055084, 4620, 3372.0
376, 72.030151, 660.708645, 39.375251, 0.042508, 4632, 4059.0
377, 70.903436, 662.788458, 38.803832, 0.103551, 4642, 3383.0
378, 70.339678, 662.001223, 40.441075, 0.073266, 4635, 3471.0
379, 70.639636, 662.467863, 38.549843, 0.060875, 4638, 3384.0
380, 76.134682, 659.353219, 37.818774, 0.057539, 4607, 3366.0
381, 71.583408, 662.196592, 36.151153, 0.087563, 4605, 3412.0
382, 74.043122, 660.128664, 37.164689, 0.020020, 4617, 3366.0
383, 76.282417, 661.002915, 26.535227, 0.033203, 4595, 3392.0
384, 71.078250, 660.639881, 42.382463, 0.135934, 4597, 3356.0
385, 70.197986, 662.219128, 41.918396, 0.083604, 4625, 3381.0
386, 75.132541, 659.964219, 39.637058, 0.070282, 4607, 3371.0
387, 68.996013, 661.550880, 40.839559, 0.140720, 4639, 3394.0
388, 70.738724, 661.723715, 41.187734, 0.070565, 4637, 3470.0
389, 69.050286, 659.761915, 45.360933, 0.111407, 4642, 3404.0
390, 69.613994, 665.930522, 55.262690, 0.087617, 4611, 3414.0
391, 76.043584, 661.472467, 37.086813, 0.135602, 4610, 3460.0
392, 72.231059, 660.323762, 39.836485, 0.063011, 4623, 3376.0
393, 73.996553, 660.737662, 38.228634, 0.054749, 4623, 3517.0
394, 70.176670, 659.690377, 45.236263, 0.096704, 4621, 3372.0
395, 78.195849, 658.260321, 34.151537, 0.082647, 4590, 3410.0
396, 74.071354, 660.321321, 38.207597, 0.043913, 4618, 3667.0
397, 70.552651, 661.739804, 39.291308, 0.024181, 4631, 3443.0
398, 73.588916, 660.362249, 38.034727, 0.043343, 4624, 3367.0
399, 76.447433, 659.854706, 36.283595, 0.078573, 4610, 3358.0
400, 71.115416, 660.756678, 41.803426, 0.108020, 4622, 3441.0
401, 70.051601, 662.256525, 39.282734, 0.061755, 4634, 3378.0
402, 71.030495, 661.577417, 39.312572, 0.106515, 4609, 3421.0
403, 72.888258, 661.531339, 40.134635, 0.031389, 4615, 3373.0
404, 70.032651, 661.371220, 42.614054, 0.054175, 4641, 3397.0
405, 74.839516, 660.787922, 33.810956, 0.036661, 4622, 3442.0
406, 73.250288, 662.458415, 32.378434, 0.043146, 4635, 3616.0
407, 75.257350, 660.777236, 36.253426, 0.059340, 4606, 3434.0
408, 74.663924, 660.027412, 33.342291, 0.056522, 4609, 3357.0
409, 77.218112, 662.277749, 23.993690, 0.113021, 4631, 3450.0
410, 69.648690, 663.463338, 39.083227, 0.079537, 4640, 3373.0
411, 81.452130, 657.745435, 28.663550, 0.064695, 4590, 3338.0
412, 71.999707, 662.048735, 33.322430, 0.035597, 4642, 3393.0
413, 73.706826, 660.710524, 38.525276, 0.037391, 4619, 3371.0
414, 73.102047, 660.141357, 37.550809, 0.045619, 4625, 3436.0
415, 75.380037, 660.250030, 40.757573, 0.040645, 4586, 3347.0
416, 73.459940, 661.485304, 30.351772, 0.047373, 4643, 3427.0
417, 66.529658, 659.247203, 46.142894, 0.216429, 4633, 3387.0
418, 74.384920, 661.861505, 33.768573, 0.053772, 4617, 3378.0
419, 70.016171, 662.450253, 39.983347, 0.054935, 4635, 3579.0
420, 70.498834, 660.857756, 38.461124, 0.119213, 4640, 3394.0
421, 74.618520, 660.029316, 36.933921, 0.056726, 4597, 3426.0
422, 73.283451, 660.634296, 39.212080, 0.051081, 4617, 3372.0
423, 69.534329, 662.267263, 41.710063, 0.085583, 4634, 3458.0
424, 72.193981, 661.940763, 34.435959, 0.068103, 4638, 3386.0
425, 75.306983, 659.181310, 36.990514, 0.061366, 4607, 3361.0
426, 72.089016, 661.470290, 36.631340, 0.059569, 4622, 3408.0
427, 72.016359, 659.748397, 42.956195, 0.060471, 4616, 3795.0
428, 77.042758, 661.401851, 26.441093, 0.084100, 4596, 3412.0
429, 69.197416, 661.325480, 43.854244, 0.136841, 4637, 3399.0
430, 74.946995, 660.715695, 35.621223, 0.065346, 4608, 3424.0
431, 68.767749, 662.099735, 44.017954, 0.055925, 4633, 3394.0
432, 72.493409, 661.662120, 37.021765, 0.056379, 4622, 3368.0
433, 72.635428, 660.660389, 36.271796, 0.047237, 4624, 3544.0
434, 71.100144, 660.381629, 40.164094, 0.037998, 4625, 3373.0
435, 68.409618, 661.081203, 41.743634, 0.085262, 4642, 3472.0
436, 67.006803, 663.548550, 39.172696, 0.110106, 4636, 3371.0
437, 69.312333, 660.906941, 45.132809, 0.115817, 4639, 4009.0
438, 68.511942, 664.512773, 35.406305, 0.081838, 4633, 3368.0
439, 70.684908, 661.896424, 39.287434, 0.039050, 4639, 3391.0
440, 71.313515, 661.197972, 39.648104, 0.038689, 4621, 3443.0
441, 74.999049, 660.049825, 36.800843, 0.052436, 4606, 3362.0
442, 67.225633, 663.193018, 42.088038, 0.063313, 4631, 3443.0
443, 74.528481, 659.693694, 33.961586, 0.013477, 4611, 3350.0
444, 70.435541, 659.501715, 44.967575, 0.088525, 4615, 3408.0
445, 72.792583, 660.554028, 36.552732, 0.027697, 4620, 3378.0
446, 73.031630, 660.882746, 42.015005, 0.136250, 4606, 3412.0
447, 72.710990, 662.643718, 40.665195, 0.130813, 4624, 3507.0
448, 70.830119, 661.818883, 40.030694, 0.043187, 4640, 3388.0
449, 70.290084, 661.986776, 40.677288, 0.057529, 4640, 3409.0
450, 72.696031, 660.946676, 39.615298, 0.048196, 4625, 3384.0
451, 70.091683, 662.673896, 40.949929, 0.111170, 4642, 3433.0
452, 70.454337, 662.771083, 36.030694, 0.058615, 4637, 3377.0
453, 74.673545, 660.411079, 35.661801, 0.025157, 4619, 3456.0
454, 68.567098, 662.063080, 35.879332, 0.057938, 4643, 3374.0
455, 71.978139, 659.626329, 42.393865, 0.114147, 4605, 3367.0
456, 78.619520, 660.403133, 30.020376, 0.125734, 4607, 3429.0
457, 70.923956, 662.500615, 35.602966, 0.056840, 4630, 3839.0
458, 73.822916, 660.201162, 35.290912, 0.028891, 4615, 3422.0
459, 71.966744, 659.701246, 41.886191, 0.149636, 4598, 3343.0
460, 71.461399, 660.885744, 43.151444, 0.117878, 4622, 3428.0
461, 72.952360, 660.876529, 39.144877, 0.101656, 4597, 3487.0
462, 71.661409, 660.710313, 41.073458, 0.044053, 4623, 3375.0
463, 73.000260, 661.240929, 38.983079, 0.090438, 4608, 3435.0
464, 72.452248, 660.391811, 44.697989, 0.093035, 4598, 3357.0
465, 71.887160, 661.176796, 44.871902, 0.065900, 4636, 3444.0
466, 67.605995, 661.174623, 44.099565, 0.135810, 4636, 3389.0
467, 74.511385, 659.328161, 38.330155, 0.088408, 4613, 4500.0
468, 74.155806, 659.502330, 40.379543, 0.039607, 4591, 3827.0
469, 69.287139, 663.450088, 40.257719, 0.075333, 4636, 3451.0
470, 68.476102, 662.417823, 40.679862, 0.120414, 4638, 3377.0
471, 71.860634, 660.507698, 43.180897, 0.096730, 4622, 3439.0
472, 69.260291, 663.060444, 41.617896, 0.105801, 4636, 3546.0
473, 71.486398, 662.146845, 35.533981, 0.061598, 4638, 3500.0
474, 67.856859, 661.640025, 44.288035, 0.182374, 4639, 3497.0
475, 71.594416, 661.028333, 39.128057, 0.095933, 4601, 3359.0
476, 69.522103, 660.730218, 43.614166, 0.136895, 4639, 3396.0
477, 71.720438, 661.524318, 36.734811, 0.029870, 4621, 4349.0
478, 70.934948, 661.302075, 38.559226, 0.014696, 4646, 3397.0
479, 72.869700, 661.893098, 40.900795, 0.081825, 4612, 3377.0
480, 73.553912, 659.288400, 40.397069, 0.061193, 4588, 3343.0
481, 72.174027, 660.397566, 41.862552, 0.032833, 4612, 3463.0
482, 72.471338, 661.904080, 41.629648, 0.079034, 4616, 3376.0
483, 67.464517, 660.377666, 42.981248, 0.118162, 4633, 3541.0
484, 70.101852, 663.093273, 35.919931, 0.056723, 4641, 3448.0
485, 68.277352, 661.687113, 42.462828, 0.035984, 4636, 4097.0
486, 73.233178, 661.945053, 32.930849, 0.059061, 4641, 3582.0
487, 69.992989, 661.038684, 38.010384, 0.025345, 4637, 3375.0
488, 71.006842, 661.585481, 38.849500, 0.051555, 4636, 3378.0
489, 73.165910, 661.059690, 35.866090, 0.052967, 4626, 3438.0
490, 68.309388, 662.833637, 38.184787, 0.072910, 4630, 3855.0
491, 70.692684, 661.484517, 39.582039, 0.071691, 4642, 3388.0
492, 71.196033, 662.715020, 39.505774, 0.080229, 4623, 3450.0
493, 66.280373, 661.569974, 42.639828, 0.085293, 4627, 3372.0
494, 69.548754, 662.431810, 41.596796, 0.082924, 4636, 3378.0
495, 78.281061, 661.115860, 27.634776, 0.071083, 4593, 3343.0
496, 72.439149, 661.136389, 33.829311, 0.023084, 4635, 3704.0
497, 69.537210, 661.476768, 43.127830, 0.179462, 4636, 4501.0
498, 69.582030, 663.811381, 40.609475, 0.107926, 4631, 3596.0
499, 74.836849, 661.620083, 32.163781, 0.035526, 4624, 3561.0
500, 71.631455, 661.572771, 45.241080, 0.065626, 4624, 3381.0
501, 68.644289, 662.633549, 39.904074, 0.050918, 4634, 3418.0
502, 70.850653, 659.160914, 44.487213, 0.134827, 4607, 3359.0
503, 68.974325, 661.020790, 40.595407, 0.060877, 4632, 3547.0
504, 72.911645, 661.052041, 38.019979, 0.042343, 4623, 3469.0
505, 69.177053, 661.190324, 39.514999, 0.073782, 4621, 3386.0
506, 70.719494, 662.607107, 38.234322, 0.061595, 4636, 5413.0
507, 72.466147, 661.290136, 34.154933, 0.058856, 4637, 5049.0
508, 71.158814, 662.666687, 39.652313, 0.049883, 4621, 3382.0
509, 71.089272, 661.428164, 39.883205, 0.045724, 4639, 3385.0
510, 71.213953, 660.969132, 42.167228, 0.061321, 4633, 3504.0
511, 68.881540, 662.199266, 39.989372, 0.206237, 4628, 3498.0
512, 68.689611, 662.164061, 44.732882, 0.055383, 4638, 3469.0
513, 72.322682, 661.572025, 39.168547, 0.068760, 4619, 3380.0
514, 68.791363, 659.711263, 45.879995, 0.110050, 4636, 3429.0
515, 73.561648, 660.293333, 40.492774, 0.058244, 4604, 3364.0
516, 66.665882, 662.355860, 44.321713, 0.110052, 4640, 3385.0
517, 71.312739, 661.253599, 41.012602, 0.061816, 4629, 3430.0
518, 66.732803, 662.225909, 41.432441, 0.149790, 4645, 3389.0
519, 69.800217, 660.143215, 47.314827, 0.074370, 4618, 3438.0
520, 72.623529, 661.574644, 33.498428, 0.033858, 4635, 3419.0
521, 71.824802, 661.507007, 34.511100, 0.066131, 4642, 3439.0
522, 68.799982, 661.555999, 40.401048, 0.114518, 4641, 3400.0
523, 73.369446, 660.662907, 38.917258, 0.062514, 4608, 3408.0
524, 72.698605, 662.233905, 40.607108, 0.067939, 4617, 3470.0
525, 70.735869, 662.477478, 42.983360, 0.029953, 4643, 4529.0
526, 68.727224, 661.735334, 42.932339, 0.219761, 4636, 3876.0
527, 68.138745, 661.190240, 44.449857, 0.102894, 4637, 3901.0
528, 74.167417, 659.500128, 34.966869, 0.042535, 4596, 3428.0
529, 71.041980, 662.648909, 38.761201, 0.107261, 4613, 3377.0
530, 74.070030, 660.531262, 34.416573, 0.032740, 4622, 3498.0
531, 74.954906, 660.503072, 33.731595, 0.069348, 4615, 3618.0
532, 77.978260, 658.357617, 38.449599, 0.103010, 4580, 3339.0
533, 70.185635, 662.904838, 41.057294, 0.071810, 4639, 3427.0
534, 68.784197, 660.286173, 39.846603, 0.113912, 4634, 4049.0
535, 71.524011, 662.358194, 37.577208, 0.113734, 4638, 4307.0
536, 74.533680, 659.811021, 33.237261, 0.026134, 4609, 3449.0
537, 75.586292, 661.517299, 31.844041, 0.058156, 4615, 3502.0
538, 73.257584, 660.769337, 32.061099, 0.030568, 4614, 3445.0
539, 73.181443, 661.748563, 37.435499, 0.061090, 4622, 3450.0
540, 70.556047, 662.826600, 36.140171, 0.058340, 4639, 3462.0
541, 71.984540, 660.994171, 43.718627, 0.048481, 4608, 3727.0
542, 71.534606, 661.557577, 40.507799, 0.053269, 4618, 3480.0
543, 71.349814, 660.759401, 39.987902, 0.052512, 4636, 3389.0
544, 70.758645, 661.872424, 41.288542, 0.077596, 4636, 5247.0
545, 70.294159, 663.129382, 38.176585, 0.065950, 4634, 4130.0
546, 73.637614, 662.200698, 29.185934, 0.080105, 4637, 3626.0
547, 72.462400, 660.673921, 37.156423, 0.054592, 4620, 3398.0
548, 69.443836, 661.834722, 39.991594, 0.117110, 4640, 3530.0
549, 72.699130, 660.624505, 39.586123, 0.060055, 4621, 3431.0
550, 73.156714, 660.496923, 37.210990, 0.077886, 4608, 4716.0
551, 70.731751, 661.326379, 40.408120, 0.049151, 4639, 4069.0
552, 66.686296, 662.811963, 42.152462, 0.339442, 4638, 3678.0
553, 76.300503, 660.667372, 34.915800, 0.081476, 4585, 3506.0
554, 71.958896, 659.927615, 36.417837, 0.072639, 4606, 3424.0
555, 70.007121, 661.368545, 37.170516, 0.044044, 4636, 3382.0
556, 69.061098, 661.846263, 38.101196, 0.110198, 4637, 3386.0
557, 70.970857, 660.940494, 41.021597, 0.092961, 4637, 3485.0
558, 71.414165, 660.840419, 40.976371, 0.027333, 4622, 3382.0
559, 73.859720, 660.218984, 39.345262, 0.064587, 4604, 3411.0
560, 76.182283, 660.171553, 34.429997, 0.100783, 4596, 3357.0
561, 73.176832, 662.670913, 36.761130, 0.057183, 4616, 3434.0
562, 67.621987, 662.968055, 39.726713, 0.077147, 4637, 3399.0
563, 68.088455, 663.293024, 39.454938, 0.153819, 4634, 3369.0
564, 73.740113, 661.970722, 33.287815, 0.066782, 4632, 3471.0
565, 76.459483, 659.252526, 30.529237, 0.051621, 4604, 3472.0
566, 71.098632, 661.449313, 40.608295, 0.092259, 4623, 3432.0
567, 70.808891, 662.020964, 36.582929, 0.054271, 4638, 3387.0
568, 71.299221, 662.603945, 38.753657, 0.070926, 4622, 3442.0
569, 72.234561, 660.243933, 44.657259, 0.086487, 4608, 3387.0
570, 77.370732, 661.042276, 24.303638, 0.048769, 4602, 3343.0
571, 71.922157, 661.040425, 40.426242, 0.055797, 4620, 3494.0
572, 71.542883, 662.942074, 38.492686, 0.060722, 4634, 3402.0
573, 69.134130, 662.115947, 42.502723, 0.106592, 4632, 3643.0
574, 72.046260, 661.255690, 37.942984, 0.053743, 4617, 3379.0
575, 74.318715, 660.762104, 34.580949, 0.046253, 4619, 3417.0
576, 72.076391, 661.435219, 40.536463, 0.042462, 4620, 3378.0
577, 71.658978, 661.217401, 40.158000, 0.070365, 4616, 3397.0
578, 70.371307, 660.984858, 40.424105, 0.078100, 4640, 3579.0
579, 74.940881, 661.034738, 30.094071, 0.022214, 4608, 3364.0
580, 76.726453, 659.902415, 31.587033, 0.069595, 4611, 3421.0
581, 72.910608, 661.146762, 34.936585, 0.051917, 4616, 3383.0
582, 76.626686, 659.778747, 33.538106, 0.059860, 4593, 3413.0
583, 72.753877, 660.666151, 40.475455, 0.088279, 4595, 3356.0
584, 72.563326, 661.442966, 38.356783, 0.041720, 4626, 3376.0
585, 68.711571, 660.834919, 43.356102, 0.070377, 4635, 3623.0
586, 73.320265, 660.226371, 39.550427, 0.067309, 4605, 3364.0
587, 75.127273, 660.286865, 29.988656, 0.042215, 4609, 3411.0
588, 70.259158, 660.688034, 39.024024, 0.081582, 4630, 3387.0
589, 71.076477, 660.865027, 43.197245, 0.093188, 4624, 3394.0
590, 72.082014, 661.321818, 38.750049, 0.058907, 4625, 3383.0
591, 68.675562, 663.267586, 41.021940, 0.159635, 4637, 3378.0
592, 75.966536, 659.390502, 37.114619, 0.062463, 4590, 3432.0
593, 73.302513, 661.231382, 40.197273, 0.052602, 4622, 3470.0
594, 70.675458, 664.008657, 39.545288, 0.136575, 4639, 3437.0
595, 72.407828, 661.101871, 35.727930, 0.032582, 4618, 3365.0
596, 68.267954, 662.596174, 42.302121, 0.118281, 4635, 3372.0
597, 72.729659, 661.937967, 38.201985, 0.011910, 4638, 3464.0
598, 70.396127, 662.077210, 37.853125, 0.031624, 4638, 3375.0
599, 75.617054, 660.623144, 33.984965, 0.057350, 4614, 3644.0
600, 74.190720, 661.419230, 37.420136, 0.047024, 4619, 3383.0
601, 73.412398, 660.567123, 38.555236, 0.108655, 4602, 3372.0
602, 69.983950, 662.777782, 34.781238, 0.052615, 4637, 3510.0
603, 72.358412, 661.492645, 37.909287, 0.042254, 4623, 3390.0
604, 72.880080, 659.799095, 33.724476, 0.067594, 4603, 3410.0
605, 79.680344, 658.096459, 35.700414, 0.180102, 4575, 3411.0
606, 72.081909, 661.189741, 35.781918, 0.082129, 4611, 3597.0
607, 73.185900, 660.714974, 38.673698, 0.053856, 4618, 3845.0
608, 71.228458, 662.379030, 41.313533, 0.178930, 4623, 3389.0
609, 77.371542, 659.701057, 31.920108, 0.060144, 4583, 3367.0
610, 68.780136, 664.695136, 38.618763, 0.214891, 4644, 3417.0
611, 71.730175, 661.141822, 41.781091, 0.061984, 4626, 3523.0
612, 75.364967, 660.043493, 32.970478, 0.053637, 4605, 3386.0
613, 69.524308, 662.353854, 42.498292, 0.137539, 4641, 3647.0
614, 73.396467, 660.425452, 33.005037, 0.056647, 4636, 3501.0
615, 69.609612, 663.511057, 40.190922, 0.170904, 4629, 3380.0
616, 73.598154, 659.106191, 37.332164, 0.043320, 4607, 3359.0
617, 68.116271, 661.565474, 42.887719, 0.109466, 4638, 3476.0
618, 70.775766, 662.806117, 41.226481, 0.050132, 4635, 3435.0
619, 75.290118, 661.308322, 33.842764, 0.031542, 4623, 3361.0
620, 72.708686, 659.371098, 38.556262, 0.026177, 4614, 3469.0
621, 70.591395, 660.320965, 44.872839, 0.073320, 4635, 3385.0
622, 75.460095, 659.724467, 38.360938, 0.077427, 4593, 3359.0
623, 73.614008, 661.438863, 34.588010, 0.073051, 4622, 3464.0
624, 68.901747, 661.841194, 41.119070, 0.057281, 4630, 3380.0
625, 73.139497, 659.588522, 35.135751, 0.037832, 4592, 3406.0
626, 69.635231, 661.755290, 40.543519, 0.168556, 4629, 3420.0
627, 71.285505, 665.070798, 36.072869, 0.088087, 4639, 3388.0
628, 71.132634, 661.532641, 39.268876, 0.063299, 4636, 3624.0
629, 70.376201, 663.167329, 37.804299, 0.062580, 4638, 3384.0
630, 72.653884, 661.578537, 34.712216, 0.041726, 4645, 3447.0
631, 73.771643, 660.378321, 34.141130, 0.035532, 4605, 3441.0
632, 72.337720, 660.956728, 37.802937, 0.040959, 4624, 3419.0
633, 70.532494, 661.177081, 38.308964, 0.069276, 4642, 3418.0
634, 76.195495, 660.429281, 32.019718, 0.044113, 4610, 3359.0
635, 71.389314, 660.044521, 41.837220, 0.127208, 4608, 3441.0
636, 72.036388, 662.752581, 38.073661, 0.022107, 4620, 3431.0
637, 67.584936, 660.634217, 43.985759, 0.143834, 4636, 3480.0
638, 75.053268, 661.522485, 31.306014, 0.050135, 4617, 3367.0
639, 68.779313, 660.225485, 44.816960, 0.145234, 4638, 3445.0
640, 76.033691, 660.312907, 30.306795, 0.060648, 4593, 3348.0
641, 73.063692, 660.675181, 34.868466, 0.039661, 4623, 3436.0
642, 70.608963, 659.560614, 41.696916, 0.109660, 4641, 3598.0
643, 72.103567, 661.090683, 35.690860, 0.044057, 4616, 3392.0
644, 75.350316, 659.433842, 34.127337, 0.035982, 4609, 3421.0
645, 70.789542, 663.119669, 33.770308, 0.061136, 4636, 3388.0
646, 73.044264, 659.772727, 38.734275, 0.032188, 4623, 3423.0
647, 68.861887, 662.675543, 39.085426, 0.051396, 4632, 3367.0
648, 71.097035, 660.527732, 42.140883, 0.069943, 4621, 3372.0
649, 71.432715, 661.915919, 37.892188, 0.085265, 4623, 3484.0
650, 69.050671, 660.931840, 42.066121, 0.114632, 4627, 3346.0
651, 69.222987, 663.614276, 36.040780, 0.023288, 4635, 3424.0
652, 71.235788, 663.982951, 35.349729, 0.066152, 4639, 3374.0
653, 70.151581, 661.315017, 40.273755, 0.041943, 4639, 3411.0
654, 69.645591, 661.069832, 39.980016, 0.096299, 4617, 4304.0
655, 70.605641, 660.993533, 36.064772, 0.041293, 4637, 3891.0
656, 66.641314, 663.211909, 41.813821, 0.047919, 4635, 4317.0
657, 69.801751, 662.063877, 39.439125, 0.088202, 4633, 3710.0
658, 68.162251, 662.866321, 44.378726, 0.102310, 4637, 3401.0
659, 70.714625, 661.401871, 42.240874, 0.065155, 4632, 3411.0
660, 69.246311, 661.076730, 44.011363, 0.078274, 4622, 3429.0
661, 70.592605, 663.477291, 42.911303, 0.053125, 4640, 3403.0
662, 70.125305, 661.743136, 38.968315, 0.057246, 4621, 3528.0
663, 67.279404, 663.026357, 41.286456, 0.166250, 4635, 3388.0
664, 75.660883, 658.431869, 35.987281, 0.044005, 4604, 3463.0
665, 72.250372, 662.291026, 33.824144, 0.046656, 4629, 3424.0
666, 69.964575, 660.919852, 42.234429, 0.053471, 4632, 3385.0
667, 67.365083, 662.646122, 44.613169, 0.148548, 4639, 3441.0
668, 68.240136, 663.416391, 42.564698, 0.123918, 4639, 3386.0
669, 74.193083, 660.673969, 39.565748, 0.051265, 4619, 3493.0
670, 67.865262, 661.296900, 45.333462, 0.098146, 4638, 3388.0
671, 71.040301, 662.356789, 38.793672, 0.061486, 4621, 3500.0
672, 75.394519, 659.072748, 36.142156, 0.046582, 4613, 3358.0
673, 67.809413, 658.811943, 46.453013, 0.140217, 4636, 3406.0
674, 73.696361, 658.421311, 36.531855, 0.025815, 4610, 3495.0
675, 74.456616, 659.533421, 36.771210, 0.048072, 4615, 3381.0
676, 66.637316, 665.368456, 39.582630, 0.185079, 4634, 3504.0
677, 69.186662, 662.713835, 41.610281, 0.055021, 4635, 3383.0
678, 75.179610, 660.334726, 37.609107, 0.037885, 4620, 3367.0
679, 67.682885, 663.253083, 40.718435, 0.103230, 4636, 3444.0
680, 69.231320, 661.822760, 42.923426, 0.091053, 4639, 3393.0
681, 70.840201, 659.896725, 41.183666, 0.101096, 4620, 3426.0
682, 69.696838, 661.131469, 39.691199, 0.071472, 4637, 3385.0
683, 72.690757, 662.241189, 36.840986, 0.055464, 4622, 4620.0
684, 68.665599, 662.602840, 41.271407, 0.032497, 4633, 3396.0
685, 68.834851, 663.369277, 40.719656, 0.106632, 4650, 3402.0
686, 68.488643, 658.912977, 44.509071, 0.162979, 4624, 3383.0
687, 69.444377, 659.949792, 42.188331, 0.079599, 4616, 3372.0
688, 70.779098, 661.926636, 44.348875, 0.042663, 4623, 3422.0
689, 69.634267, 659.527100, 43.553988, 0.144016, 4635, 3415.0
690, 73.049620, 659.883612, 36.166259, 0.043068, 4600, 3563.0
691, 71.901908, 659.840194, 41.801553, 0.092154, 4603, 3359.0
692, 73.194453, 661.601181, 36.675805, 0.057504, 4626, 3397.0
693, 73.292454, 661.016910, 36.365697, 0.050913, 4617, 3606.0
694, 69.243607, 661.319812, 42.111099, 0.074204, 4635, 3399.0
695, 74.211937, 659.432738, 41.312893, 0.137061, 4599, 3462.0
696, 69.782234, 663.074889, 39.751406, 0.045873, 4639, 3394.0
697, 71.611194, 660.222249, 41.899383, 0.035028, 4623, 3511.0
698, 66.853230, 661.140676, 43.008249, 0.139223, 4636, 3398.0
699, 67.985052, 663.339867, 39.675202, 0.096708, 4636, 3399.0
700, 71.955037, 660.503360, 38.205288, 0.043843, 4626, 3435.0
701, 73.730045, 660.343099, 38.508678, 0.072434, 4610, 3365.0
702, 71.046806, 663.073089, 35.924379, 0.048204, 4634, 3432.0
703, 68.857280, 658.996107, 44.389219, 0.147363, 4643, 3428.0
704, 68.574290, 661.515701, 42.120687, 0.102975, 4639, 3519.0
705, 69.149144, 662.990884, 39.094709, 0.120004, 4642, 3391.0
706, 72.978406, 661.851080, 32.995681, 0.036017, 4633, 3376.0
707, 73.523389, 661.399841, 34.372306, 0.033954, 4627, 3461.0
708, 66.932491, 660.914173, 44.421571, 0.218268, 4634, 3402.0
709, 75.566813, 659.691699, 40.010356, 0.071355, 4591, 3419.0
710, 70.612854, 660.650911, 43.621646, 0.084131, 4619, 3369.0
711, 70.545964, 662.284200, 38.145594, 0.057495, 4641, 3402.0
712, 69.509186, 663.477218, 37.568808, 0.039316, 4648, 3435.0
713, 69.011153, 660.337962, 42.808077, 0.112856, 4634, 3447.0
714, 73.470139, 661.208533, 38.278299, 0.034068, 4628, 3518.0
715, 69.707415, 661.476565, 45.179680, 0.116175, 4640, 3398.0
716, 72.807607, 660.012978, 35.772673, 0.026754, 4625, 3424.0
717, 71.548909, 659.340765, 43.548810, 0.155232, 4598, 3386.0
718, 71.252290, 660.871821, 38.906997, 0.097974, 4612, 3382.0
719, 67.448418, 657.798699, 47.904105, 0.237812, 4640, 3453.0
720, 70.516434, 661.711696, 41.147155, 0.078310, 4627, 3384.0
721, 71.152927, 659.733266, 44.786132, 0.183027, 4602, 3414.0
722, 70.085451, 661.504044, 38.714443, 0.098735, 4632, 3386.0
723, 68.450493, 658.877409, 48.941895, 0.166003, 4641, 3684.0
724, 75.827911, 659.417515, 34.908293, 0.046108, 4606, 3480.0
725, 67.024503, 664.206695, 40.941425, 0.133720, 4640, 3396.0
726, 72.889054, 658.685770, 43.061052, 0.057832, 4596, 3439.0
727, 71.013884, 660.621013, 39.137931, 0.029221, 4614, 3376.0
728, 72.704867, 661.273111, 35.070659, 0.052034, 4639, 3471.0
729, 73.926181, 660.228183, 31.608602, 0.048638, 4602, 3374.0
730, 70.088802, 661.735228, 41.723513, 0.111411, 4621, 3565.0
731, 66.857029, 663.721260, 40.680342, 0.169974, 4630, 3414.0
732, 74.548605, 660.883760, 35.131944, 0.060157, 4596, 3351.0
733, 71.646328, 661.028169, 40.079950, 0.063721, 4626, 4490.0
734, 70.168409, 661.241373, 44.023941, 0.077616, 4624, 3401.0
735, 70.314420, 662.594820, 34.848205, 0.071603, 4635, 3509.0
736, 68.684027, 661.008610, 41.726722, 0.056417, 4634, 3399.0
737, 69.795651, 662.838935, 39.774302, 0.101612, 4638, 3478.0
738, 69.846889, 661.478762, 39.499128, 0.061869, 4636, 3391.0
739, 74.067910, 661.614146, 40.958828, 0.044625, 4625, 3391.0
740, 70.612868, 662.213612, 38.437055, 0.050823, 4637, 3399.0
741, 72.276181, 659.812759, 41.155389, 0.068939, 4601, 3553.0
742, 68.380902, 663.201420, 42.409452, 0.063460, 4637, 3563.0
743, 74.368741, 659.480698, 38.162055, 0.071469, 4604, 3374.0
744, 71.568802, 661.091211, 38.180942, 0.039896, 4643, 3518.0
745, 69.516520, 662.381377, 40.317387, 0.075259, 4635, 3484.0
746, 69.527512, 660.585131, 39.872792, 0.042708, 4637, 3526.0
747, 70.001151, 661.891196, 43.873778, 0.119558, 4620, 3381.0
748, 68.618813, 660.000283, 45.791912, 0.179853, 4634, 3405.0
749, 69.757198, 662.236171, 36.030657, 0.067169, 4631, 3496.0
750, 71.315182, 661.527217, 42.328935, 0.063021, 4614, 3381.0
751, 73.860295, 660.094337, 34.341463, 0.049573, 4599, 3847.0
752, 68.499732, 662.392261, 43.366848, 0.103483, 4638, 3376.0
753, 67.510221, 662.723646, 40.580127, 0.131314, 4647, 3601.0
754, 66.388083, 660.813119, 44.992773, 0.135680, 4644, 3394.0
755, 69.084023, 660.718302, 41.385965, 0.144074, 4605, 3393.0
756, 69.496326, 660.476377, 44.690783, 0.027207, 4639, 3403.0
757, 71.220395, 661.466805, 41.123026, 0.045330, 4627, 3433.0
758, 67.384232, 662.098633, 42.426988, 0.145419, 4637, 3553.0
759, 67.237760, 661.244290, 42.469524, 0.102780, 4636, 3412.0
760, 67.717648, 663.947340, 41.071982, 0.123759, 4631, 3551.0
761, 76.230950, 658.893550, 35.775328, 0.047293, 4586, 3370.0
762, 72.844552, 662.596241, 35.890750, 0.089534, 4639, 3419.0
763, 66.435110, 660.068502, 48.605903, 0.128348, 4639, 3406.0
764, 67.436715, 661.161637, 43.838537, 0.165398, 4633, 3394.0
765, 72.824014, 660.290993, 37.669069, 0.059008, 4616, 3513.0
766, 67.629626, 662.876700, 42.187924, 0.170685, 4633, 3398.0
767, 69.536469, 662.693912, 40.989302, 0.112984, 4637, 3476.0
768, 71.533292, 661.108861, 39.216004, 0.056213, 4621, 3380.0
769, 75.616350, 660.182819, 36.878826, 0.071682, 4608, 3674.0
770, 71.898713, 661.377930, 37.602150, 0.052320, 4638, 3407.0
771, 73.057732, 661.155957, 35.125734, 0.041359, 4623, 3393.0
772, 70.707925, 660.885105, 42.343853, 0.066757, 4638, 3479.0
773, 71.052790, 664.155824, 37.033509, 0.117112, 4638, 3395.0
774, 72.643737, 660.715475, 41.120328, 0.043758, 4623, 3501.0
775, 68.132975, 661.040567, 41.951950, 0.070803, 4631, 3394.0
776, 70.284922, 660.789143, 43.282325, 0.085554, 4631, 3523.0
777, 70.703885, 660.152334, 41.510604, 0.085293, 4622, 3384.0
778, 69.408122, 661.942979, 39.955383, 0.023446, 4631, 3498.0
779, 71.491074, 660.558252, 41.044946, 0.064447, 4615, 3367.0
780, 71.299405, 661.933207, 39.786475, 0.040125, 4624, 3410.0
781, 76.319508, 659.441495, 32.301029, 0.068667, 4578, 3489.0
782, 73.102718, 661.028639, 36.112395, 0.037908, 4622, 3383.0
783, 71.368618, 661.441429, 40.880313, 0.094405, 4621, 3682.0
784, 69.854374, 662.305453, 40.177218, 0.092206, 4637, 3395.0
785, 71.023668, 662.254211, 37.594352, 0.068651, 4636, 3550.0
786, 69.432156, 660.294676, 41.163482, 0.065862, 4634, 3391.0
787, 69.790064, 661.681762, 42.698431, 0.040610, 4630, 3547.0
788, 67.384909, 662.232225, 42.750214, 0.135122, 4635, 4419.0
789, 69.279141, 660.707765, 43.452606, 0.060877, 4632, 3397.0
790, 71.736323, 662.092884, 34.197719, 0.030053, 4638, 3522.0
791, 65.300259, 662.676869, 44.193137, 0.057819, 4641, 3385.0
792, 71.551816, 663.002443, 37.657497, 0.057444, 4637, 3487.0
793, 73.132981, 660.924235, 35.636838, 0.025164, 4615, 3584.0
794, 67.870405, 659.975836, 44.922249, 0.095536, 4633, 3559.0
795, 69.859721, 659.319887, 46.211895, 0.064191, 4636, 3391.0
796, 71.653738, 661.558226, 39.657896, 0.078805, 4625, 3415.0
797, 65.316197, 663.533010, 40.102029, 0.193997, 4630, 3446.0
798, 72.092078, 660.380324, 42.135337, 0.036980, 4617, 3372.0
799, 70.386976, 660.064754, 42.963988, 0.118721, 4619, 3447.0
800, 73.355567, 659.653157, 41.713185, 0.069045, 4609, 3392.0
801, 68.927052, 663.787927, 39.997592, 0.044221, 4638, 3506.0
802, 71.971672, 659.868591, 38.916658, 0.057235, 4607, 3615.0
803, 67.454617, 657.804327, 49.007115, 0.158066, 4636, 3779.0
804, 68.700851, 662.540334, 42.403757, 0.122398, 4643, 3451.0
805, 70.526023, 659.800116, 44.637258, 0.087241, 4619, 3380.0
806, 73.553526, 659.496050, 35.801488, 0.044139, 4615, 3434.0
807, 69.019165, 659.788155, 46.294523, 0.090700, 4634, 3451.0
808, 71.615993, 661.704910, 38.042261, 0.033427, 4621, 3487.0
809, 70.083155, 661.081838, 41.884644, 0.114089, 4639, 3448.0
810, 65.604625, 658.897472, 45.786056, 0.260769, 4629, 3382.0
811, 69.451449, 661.908064, 41.374256, 0.042279, 4640, 3400.0
812, 71.432017, 662.848970, 34.445310, 0.048641, 4634, 3716.0
813, 68.517107, 663.003875, 41.753830, 0.088738, 4636, 3520.0
814, 66.939258, 660.407399, 44.312705, 0.117200, 4638, 3489.0
815, 72.171531, 659.207096, 42.241813, 0.059241, 4605, 3865.0
816, 66.405064, 660.865909, 45.196947, 0.123636, 4634, 5243.0
817, 70.247075, 662.465130, 40.662003, 0.055581, 4644, 3593.0
818, 70.126804, 661.176872, 41.112480, 0.030243, 4620, 3440.0
819, 71.408817, 660.543508, 36.293900, 0.065835, 4608, 3502.0
820, 66.146572, 662.933405, 42.689035, 0.119437, 4635, 3383.0
821, 67.919177, 661.675656, 43.745745, 0.110074, 4637, 3440.0
822, 71.704547, 662.392990, 39.792432, 0.048618, 4614, 3851.0
823, 71.181501, 660.988893, 38.297015, 0.058545, 4630, 3459.0
824, 68.077652, 663.541430, 39.929863, 0.065030, 4638, 3459.0
825, 70.156213, 661.233729, 36.295884, 0.047749, 4630, 3594.0
826, 75.839296, 659.217680, 35.482742, 0.045178, 4600, 3434.0
827, 70.517163, 662.447575, 38.039226, 0.053934, 4635, 3448.0
828, 64.566641, 660.785176, 44.378412, 0.148344, 4641, 3458.0
829, 67.428397, 661.380971, 43.030273, 0.074589, 4634, 4662.0
830, 70.689361, 661.913372, 38.689299, 0.039842, 4627, 3462.0
831, 69.513355, 663.215491, 39.836706, 0.055201, 4636, 3394.0
832, 70.726584, 660.132951, 38.574762, 0.047803, 4608, 3354.0
833, 65.724745, 657.942401, 49.023913, 0.410532, 4643, 3458.0
834, 67.556144, 659.574737, 47.177088, 0.224327, 4626, 3381.0
835, 68.500599, 663.562237, 37.382328, 0.117768, 4644, 3517.0
836, 71.761965, 659.154314, 43.158599, 0.098495, 4599, 3365.0
837, 68.346234, 660.737873, 44.416384, 0.123826, 4643, 3475.0
838, 66.500569, 658.976508, 45.082549, 0.157428, 4640, 3390.0
839, 69.426024, 662.124974, 40.313792, 0.082501, 4628, 3447.0
840, 69.358542, 659.881763, 41.035469, 0.061317, 4631, 3452.0
841, 69.306098, 661.827606, 40.868941, 0.096646, 4640, 3386.0
842, 69.136964, 661.148070, 43.092649, 0.066055, 4642, 3528.0
843, 67.331275, 664.070289, 40.302810, 0.102337, 4635, 3383.0
844, 70.281433, 662.759258, 36.025117, 0.040460, 4637, 3447.0
845, 73.865872, 658.971742, 34.849402, 0.042731, 4609, 3377.0
846, 65.023259, 662.682251, 42.891250, 0.147354, 4638, 3372.0
847, 74.683054, 660.044597, 35.272569, 0.014024, 4623, 3484.0
848, 66.532742, 658.570699, 48.205001, 0.203728, 4641, 3387.0
849, 68.906679, 662.710383, 38.430676, 0.062549, 4633, 3493.0
850, 68.925249, 659.347836, 45.590672, 0.036101, 4637, 3384.0
851, 67.954962, 659.244031, 46.868882, 0.128281, 4633, 4341.0
852, 69.437923, 661.309718, 37.759076, 0.055507, 4636, 3380.0
853, 70.322172, 663.637523, 38.047291, 0.042817, 4631, 3370.0
854, 64.679281, 655.444732, 49.047069, 0.522624, 4608, 3383.0
855, 72.100708, 661.702172, 35.758372, 0.053271, 4632, 3382.0
856, 66.540288, 660.018885, 44.808666, 0.104707, 4637, 3634.0
857, 67.677117, 658.041427, 48.792398, 0.129668, 4635, 3393.0
858, 68.244224, 662.088470, 42.854964, 0.111094, 4632, 3445.0
859, 73.983327, 660.690833, 35.722917, 0.065336, 4624, 3362.0
860, 69.460210, 661.197895, 40.984506, 0.062407, 4633, 3634.0
861, 71.047683, 662.309576, 37.485027, 0.060205, 4641, 3374.0
862, 70.117393, 662.223118, 40.358930, 0.079983, 4636, 3388.0
863, 67.662294, 662.497713, 41.372189, 0.058004, 4636, 3471.0
864, 68.196700, 663.498451, 40.621569, 0.105671, 4634, 3369.0
865, 67.637383, 661.960033, 42.438361, 0.182918, 4633, 3593.0
866, 71.692492, 659.862254, 43.750348, 0.047378, 4611, 3370.0
867, 72.056897, 660.369887, 37.059853, 0.034099, 4620, 3376.0
868, 71.385287, 661.648757, 42.075376, 0.074081, 4635, 3389.0
869, 73.438830, 661.743589, 34.862609, 0.046570, 4620, 3365.0
870, 71.142514, 661.955480, 38.406535, 0.070807, 4620, 3938.0
871, 69.011006, 661.652730, 42.448121, 0.046302, 4639, 3401.0
872, 70.411850, 662.000080, 40.469697, 0.043918, 4634, 3530.0
873, 71.402619, 661.044149, 39.812720, 0.083392, 4625, 3378.0
874, 70.266050, 661.625980, 37.550287, 0.046549, 4628, 3404.0
875, 68.533902, 659.372426, 45.961067, 0.133903, 4639, 3403.0
876, 72.537092, 659.171649, 41.570836, 0.047840, 4606, 3364.0
877, 71.070939, 661.893817, 36.769399, 0.050175, 4632, 3484.0
878, 67.978689, 663.071720, 41.696165, 0.188307, 4637, 3402.0
879, 67.294000, 664.559102, 37.690098, 0.117025, 4641, 3433.0
880, 68.728975, 662.406773, 39.260999, 0.044475, 4637, 3403.0
881, 68.598545, 662.833909, 40.391956, 0.099854, 4634, 3384.0
882, 68.222591, 662.977248, 40.128266, 0.080544, 4641, 3438.0
883, 72.275471, 659.903587, 41.685440, 0.074243, 4610, 3438.0
884, 68.988047, 661.456769, 41.269141, 0.141617, 4622, 3544.0
885, 71.494688, 660.468216, 40.993685, 0.033903, 4616, 3372.0
886, 68.901618, 661.903157, 41.952404, 0.077276, 4633, 3568.0
887, 68.129261, 660.389860, 46.258846, 0.154272, 4634, 3393.0
888, 71.574364, 661.167842, 40.977717, 0.081644, 4623, 3367.0
889, 67.709708, 663.362720, 42.575996, 0.100196, 4641, 3471.0
890, 69.880324, 662.108504, 38.616658, 0.038680, 4636, 3376.0
891, 72.318273, 660.668538, 40.830948, 0.086018, 4619, 4369.0
892, 67.760227, 660.388036, 46.465561, 0.134866, 4632, 3395.0
893, 72.454972, 659.611134, 40.042109, 0.027918, 4619, 3432.0
894, 66.513706, 661.899714, 44.200562, 0.198405, 4641, 3407.0
895, 72.825901, 660.860427, 35.136635, 0.039196, 4613, 3363.0
896, 66.802471, 662.012891, 40.480815, 0.202333, 4630, 3432.0
897, 72.242413, 662.162092, 33.540911, 0.055356, 4633, 3395.0
898, 71.662690, 660.200459, 36.485021, 0.034302, 4621, 3486.0
899, 75.896821, 660.100804, 32.059741, 0.070822, 4631, 3375.0
900, 73.165365, 659.040650, 35.444435, 0.065609, 4603, 3423.0
901, 70.842312, 660.350855, 41.703572, 0.060693, 4616, 3385.0
902, 69.082758, 659.625197, 42.419071, 0.171463, 4629, 3387.0
903, 71.356401, 659.642828, 43.495139, 0.053389, 4627, 3450.0
904, 69.326290, 661.443872, 38.115937, 0.041778, 4640, 3380.0
905, 69.070728, 659.881522, 43.242404, 0.066961, 4637, 3496.0
906, 68.375705, 659.205706, 47.617633, 0.179790, 4634, 3421.0
907, 68.944402, 661.894536, 39.735285, 0.107139, 4625, 3442.0
908, 71.346065, 660.570808, 36.140193, 0.039885, 4614, 3358.0
909, 69.504574, 660.501886, 43.732773, 0.042342, 4639, 3392.0
910, 66.622907, 658.861278, 46.745352, 0.187495, 4641, 3505.0
911, 67.476688, 660.533069, 47.258118, 0.122960, 4630, 5253.0
912, 71.959554, 660.252228, 44.264586, 0.129127, 4612, 3382.0
913, 67.104602, 664.539355, 39.579825, 0.117466, 4632, 3372.0
914, 70.822336, 662.307730, 36.082672, 0.025151, 4634, 3429.0
915, 66.877703, 661.298158, 42.810918, 0.224814, 4647, 3387.0
916, 65.407037, 660.745793, 45.041122, 0.174330, 4640, 3434.0
917, 74.632698, 660.227279, 35.239806, 0.036383, 4615, 3365.0
918, 67.597518, 663.911845, 38.123237, 0.119055, 4640, 3422.0
919, 67.903772, 659.928145, 43.597695, 0.135867, 4637, 3416.0
920, 67.849326, 661.304188, 45.969712, 0.099507, 4642, 3432.0
921, 68.281633, 662.396774, 38.687722, 0.069477, 4639, 3423.0
922, 72.591428, 660.615894, 34.055190, 0.035050, 4638, 3382.0
923, 70.697235, 661.133850, 41.450833, 0.140331, 4618, 3423.0
924, 69.106495, 663.246806, 43.473664, 0.048494, 4635, 3381.0
925, 70.398631, 662.400510, 38.343614, 0.064608, 4636, 3378.0
926, 69.827795, 660.973547, 40.464253, 0.065649, 4640, 3481.0
927, 70.286259, 663.414769, 38.432258, 0.048745, 4637, 3361.0
928, 69.891559, 662.049139, 40.719610, 0.086744, 4620, 3423.0
929, 69.497292, 661.708923, 40.465776, 0.094829, 4614, 3363.0
930, 72.067286, 659.386649, 39.136738, 0.042175, 4626, 3703.0
931, 68.310625, 661.902520, 43.865619, 0.082072, 4641, 3399.0
932, 73.607599, 660.010648, 37.155938, 0.024356, 4622, 3387.0
933, 68.787962, 661.190854, 43.618526, 0.049033, 4631, 3448.0
934, 73.598271, 660.351248, 35.872068, 0.017380, 4616, 3373.0
935, 73.571712, 658.943169, 44.046199, 0.061029, 4595, 3409.0
936, 72.724139, 661.892492, 33.809505, 0.053910, 4637, 3386.0
937, 76.527544, 659.678304, 29.453104, 0.109408, 4604, 3546.0
938, 75.026223, 659.477124, 38.873818, 0.071234, 4590, 3358.0
939, 70.597461, 662.616500, 38.428325, 0.022584, 4628, 3372.0
940, 73.564490, 660.829910, 35.198512, 0.024216, 4616, 3746.0
941, 72.399049, 659.925672, 39.736085, 0.079959, 4604, 3364.0
942, 70.551182, 661.382154, 41.567388, 0.109981, 4642, 3551.0
943, 70.044477, 662.810520, 33.052729, 0.035271, 4637, 3369.0
944, 70.424803, 661.173658, 38.803161, 0.071982, 4647, 3441.0
945, 71.829593, 661.094172, 38.200136, 0.033666, 4633, 3381.0
946, 68.898597, 662.011567, 40.523888, 0.094770, 4635, 3437.0
947, 70.475595, 663.704523, 35.894447, 0.108163, 4638, 3568.0
948, 73.324410, 659.566498, 37.360747, 0.060513, 4604, 3376.0
949, 67.674924, 663.073082, 39.868854, 0.103714, 4636, 3495.0
950, 69.423465, 661.318901, 42.728246, 0.119851, 4622, 3395.0
951, 69.912307, 662.232008, 40.158327, 0.040347, 4633, 3495.0
952, 71.082554, 662.329039, 39.347305, 0.044475, 4620, 3426.0
953, 69.640526, 659.044109, 42.138665, 0.083698, 4637, 3372.0
954, 69.453428, 662.465889, 42.515620, 0.096947, 4630, 3434.0
955, 69.761145, 662.930173, 37.418998, 0.065848, 4639, 3391.0
956, 69.934712, 662.233243, 41.512982, 0.091010, 4621, 3426.0
957, 71.329883, 657.874252, 46.359576, 0.063923, 4614, 3371.0
958, 74.096618, 659.595372, 35.769098, 0.031118, 4604, 3494.0
959, 69.363262, 662.623341, 41.518294, 0.073410, 4629, 3383.0
960, 67.979132, 661.649806, 42.525655, 0.092001, 4634, 3985.0
961, 67.204464, 660.779493, 44.030291, 0.106015, 4638, 3415.0
962, 74.240497, 658.344379, 37.225272, 0.076728, 4606, 3356.0
963, 69.967912, 660.736100, 45.323544, 0.050311, 4632, 3508.0
964, 70.681431, 661.758457, 39.819668, 0.081595, 4621, 3382.0
965, 73.169504, 659.180577, 38.102022, 0.037639, 4625, 3581.0
966, 70.946704, 662.969680, 39.444461, 0.048084, 4644, 3422.0
967, 67.679883, 659.535006, 46.329937, 0.215957, 4636, 3401.0
968, 70.266616, 662.038730, 39.019472, 0.078278, 4641, 3569.0
969, 74.514214, 659.538176, 36.221641, 0.024370, 4605, 3357.0
970, 73.787605, 658.554495, 36.541098, 0.057814, 4611, 3786.0
971, 71.439672, 660.587845, 42.968644, 0.073695, 4621, 3698.0
972, 71.118395, 660.707971, 37.217054, 0.033214, 4620, 3414.0
973, 70.862017, 662.957877, 36.056561, 0.052119, 4645, 3383.0
974, 71.129906, 661.122145, 40.173482, 0.096551, 4615, 3375.0
975, 68.489390, 660.293645, 43.809018, 0.154647, 4618, 3411.0
976, 69.850296, 660.280074, 42.755895, 0.060207, 4639, 3410.0
977, 71.577558, 661.244934, 43.768977, 0.103903, 4621, 3435.0
978, 69.889571, 661.053086, 42.190410, 0.047403, 4632, 3386.0
979, 71.416380, 660.290745, 41.205705, 0.075997, 4614, 3573.0
980, 67.346457, 661.088807, 44.507185, 0.130832, 4642, 4556.0
981, 70.630715, 661.049676, 40.764777, 0.097382, 4638, 4633.0
982, 68.202408, 662.967216, 43.499392, 0.120521, 4633, 3383.0
983, 69.511648, 661.974025, 40.750035, 0.054114, 4633, 3459.0
984, 67.893273, 658.513008, 47.326418, 0.125879, 4634, 3393.0
985, 68.024878, 660.066057, 44.005238, 0.084429, 4639, 3453.0
986, 69.554501, 661.918261, 39.569406, 0.053012, 4636, 3442.0
987, 68.471785, 660.198965, 46.277744, 0.164231, 4634, 3396.0
988, 68.973592, 661.664908, 40.454233, 0.066828, 4632, 3473.0
989, 69.278064, 663.615157, 39.014953, 0.077793, 4632, 3401.0
990, 67.803010, 659.978307, 44.659132, 0.128171, 4634, 3615.0
991, 69.652679, 660.821744, 46.276410, 0.085341, 4627, 3384.0
992, 72.990728, 660.534145, 38.432261, 0.057750, 4610, 3418.0
993, 70.790803, 662.939080, 38.393640, 0.093511, 4639, 3375.0
994, 71.235234, 661.076789, 40.405712, 0.116626, 4616, 3368.0
995, 70.409701, 660.594520, 38.851678, 0.048466, 4631, 3573.0
996, 74.532901, 661.887169, 32.686843, 0.065401, 4614, 3362.0
997, 72.931238, 661.310025, 38.528406, 0.070858, 4604, 3411.0
998, 67.420081, 663.600642, 40.159033, 0.097505, 4634, 3372.0
999, 67.658070, 661.510068, 43.719447, 0.049237, 4634, 3412.0
