#idx, x0, x1, x2, y, f_neval, total_time (us), 
0, 68.012015, 664.320043, 34.652372, 0.133105, 1113, 884.0
1, 73.981658, 659.427397, 48.372781, 0.123835, 1118, 905.0
2, 72.913301, 662.392037, 36.146125, 0.050216, 1114, 980.0
3, 71.511104, 659.190324, 36.271298, 0.094441, 1118, 862.0
4, 73.888889, 662.143258, 30.000000, 0.135753, 1119, 862.0
5, 77.151612, 662.494974, 27.308153, 0.052219, 1120, 860.0
6, 71.594509, 661.284796, 47.074228, 0.109488, 1111, 1127.0
7, 72.793978, 659.907303, 40.518751, 0.101300, 1116, 857.0
8, 71.914088, 663.732210, 39.275655, 0.153570, 1127, 873.0
9, 71.524581, 663.331050, 39.244543, 0.083840, 1117, 874.0
10, 73.459025, 659.069010, 35.670439, 0.096462, 1106, 854.0
11, 77.426768, 660.102698, 30.176057, 0.087404, 1116, 860.0
12, 72.518671, 660.373605, 36.753737, 0.078080, 1111, 872.0
13, 75.617284, 658.825967, 30.000000, 0.069369, 1112, 859.0
14, 77.839506, 659.960830, 36.804138, 0.073074, 1110, 859.0
15, 74.731233, 660.496416, 35.711814, 0.049155, 1112, 865.0
16, 75.617284, 658.825967, 30.000000, 0.060777, 1112, 859.0
17, 77.151612, 662.494974, 27.308153, 0.054220, 1116, 862.0
18, 75.924609, 659.459556, 36.370193, 0.042939, 1111, 1053.0
19, 74.690564, 660.190368, 35.147399, 0.108508, 1114, 1318.0
20, 77.085656, 658.489408, 34.641305, 0.081690, 1108, 1368.0
21, 73.934758, 663.108228, 31.616423, 0.079052, 1119, 863.0
22, 70.925926, 662.143258, 30.000000, 0.156309, 1117, 864.0
23, 69.867457, 657.636356, 45.065172, 0.114600, 1116, 873.0
24, 69.148720, 659.901562, 48.087031, 0.118476, 1109, 858.0
25, 74.303925, 660.588935, 31.956691, 0.082391, 1104, 853.0
26, 71.914088, 663.732210, 39.275655, 0.224432, 1115, 864.0
27, 63.452497, 661.117815, 51.526164, 0.182502, 1109, 899.0
28, 73.417924, 659.737737, 36.753737, 0.076119, 1119, 865.0
29, 73.304247, 660.167936, 41.983310, 0.076524, 1113, 911.0
30, 76.467764, 659.572842, 37.308148, 0.087950, 1112, 1234.0
31, 71.914088, 663.732210, 39.275655, 0.162548, 1114, 875.0
32, 79.859477, 656.955144, 34.556752, 0.068074, 1117, 862.0
33, 75.617284, 658.825967, 30.000000, 0.055114, 1109, 890.0
34, 73.304247, 660.167936, 41.983310, 0.073653, 1109, 1370.0
35, 73.888889, 662.143258, 30.000000, 0.063165, 1114, 863.0
36, 63.811326, 660.174821, 51.663729, 0.195143, 1109, 860.0
37, 76.467764, 659.572842, 37.308148, 0.069032, 1110, 858.0
38, 72.701869, 659.804403, 47.553701, 0.088828, 1110, 859.0
39, 72.518671, 660.373605, 36.753737, 0.066962, 1110, 859.0
40, 64.247267, 667.394609, 51.519227, 0.128386, 1117, 1249.0
41, 71.524581, 663.331050, 39.244543, 0.077998, 1114, 1308.0
42, 70.925926, 662.143258, 30.000000, 0.121923, 1116, 865.0
43, 73.304247, 660.167936, 41.983310, 0.073403, 1117, 865.0
44, 71.524581, 663.331050, 39.244543, 0.084141, 1109, 859.0
45, 70.925926, 662.143258, 30.000000, 0.075561, 1120, 1221.0
46, 69.148720, 659.901562, 48.087031, 0.157112, 1116, 1076.0
47, 75.617284, 658.825967, 30.000000, 0.088854, 1118, 884.0
48, 72.104502, 663.444153, 35.648337, 0.081355, 1119, 887.0
49, 75.617284, 658.825967, 30.000000, 0.025391, 1117, 862.0
50, 72.603370, 658.709072, 36.989460, 0.206312, 1113, 868.0
51, 69.148720, 659.901562, 48.087031, 0.154207, 1116, 886.0
52, 70.925926, 662.143258, 30.000000, 0.085459, 1115, 1417.0
53, 74.731233, 660.496416, 35.711814, 0.057255, 1114, 860.0
54, 75.617284, 658.825967, 30.000000, 0.047298, 1117, 859.0
55, 67.314518, 659.899638, 48.960741, 0.088945, 1116, 881.0
56, 72.576180, 663.482992, 34.339984, 0.106614, 1116, 1085.0
57, 63.811326, 660.174821, 51.663729, 0.239313, 1116, 1429.0
58, 73.019357, 658.597486, 39.856200, 0.144647, 1112, 1326.0
59, 73.417924, 659.737737, 36.753737, 0.039603, 1108, 1319.0
60, 73.888889, 662.143258, 30.000000, 0.093149, 1116, 863.0
61, 75.617284, 658.825967, 30.000000, 0.048744, 1112, 1141.0
62, 70.925926, 662.143258, 30.000000, 0.084183, 1120, 1221.0
63, 75.617284, 658.825967, 30.000000, 0.084267, 1117, 861.0
64, 72.716226, 660.301985, 45.510811, 0.144995, 1121, 867.0
65, 69.148720, 659.901562, 48.087031, 0.110112, 1122, 868.0
66, 65.681995, 661.042852, 54.812698, 0.121576, 1121, 1218.0
67, 75.404516, 657.553812, 32.412093, 0.042554, 1113, 875.0
68, 69.310319, 662.995752, 40.041004, 0.100048, 1109, 859.0
69, 72.964187, 660.760679, 34.410478, 0.123789, 1110, 860.0
70, 63.811326, 660.174821, 51.663729, 0.152266, 1108, 870.0
71, 73.459025, 659.069010, 35.670439, 0.079378, 1110, 859.0
72, 71.667048, 664.186119, 35.255707, 0.086514, 1112, 886.0
73, 65.681995, 661.042852, 54.812698, 0.078604, 1112, 1329.0
74, 70.925926, 662.143258, 30.000000, 0.089467, 1115, 1108.0
75, 70.925926, 662.143258, 30.000000, 0.067463, 1108, 855.0
76, 70.925926, 662.143258, 30.000000, 0.117465, 1118, 864.0
77, 63.452497, 661.117815, 51.526164, 0.138738, 1112, 892.0
78, 78.333717, 657.316199, 35.438138, 0.048039, 1110, 1362.0
79, 69.148720, 659.901562, 48.087031, 0.149007, 1119, 867.0
80, 70.925926, 662.143258, 30.000000, 0.061899, 1118, 867.0
81, 69.148720, 659.901562, 48.087031, 0.079122, 1111, 885.0
82, 66.794305, 663.589608, 37.374209, 0.133797, 1108, 860.0
83, 70.925926, 662.143258, 30.000000, 0.096022, 1117, 1062.0
84, 75.774018, 658.189380, 36.817205, 0.196377, 1121, 1099.0
85, 69.310319, 662.995752, 40.041004, 0.121801, 1109, 1436.0
86, 72.518671, 660.373605, 36.753737, 0.042653, 1120, 864.0
87, 66.794305, 663.589608, 37.374209, 0.103224, 1113, 863.0
88, 66.342778, 667.703244, 36.434994, 0.226066, 1113, 866.0
89, 73.417924, 659.737737, 36.753737, 0.055538, 1120, 868.0
90, 69.148720, 659.901562, 48.087031, 0.064412, 1108, 859.0
91, 70.925926, 662.143258, 30.000000, 0.094848, 1122, 905.0
92, 71.346594, 663.194057, 37.308148, 0.056702, 1110, 857.0
93, 73.417924, 659.737737, 36.753737, 0.062883, 1107, 857.0
94, 74.220266, 662.115416, 42.362251, 0.096154, 1118, 865.0
95, 75.617284, 658.825967, 30.000000, 0.071956, 1111, 1180.0
96, 71.031241, 659.452285, 34.623049, 0.048641, 1112, 1335.0
97, 74.638775, 659.055526, 39.996203, 0.069652, 1111, 898.0
98, 72.104502, 663.444153, 35.648337, 0.066280, 1114, 861.0
99, 70.925926, 662.143258, 30.000000, 0.075343, 1120, 866.0
100, 69.148720, 659.901562, 48.087031, 0.049882, 1118, 1473.0
101, 69.631231, 663.470627, 47.551949, 0.154528, 1108, 859.0
102, 69.310319, 662.995752, 40.041004, 0.088129, 1115, 874.0
103, 63.811326, 660.174821, 51.663729, 0.096852, 1114, 864.0
104, 63.452497, 661.117815, 51.526164, 0.176579, 1109, 896.0
105, 70.925926, 662.143258, 30.000000, 0.091934, 1115, 871.0
106, 70.116824, 659.349311, 39.244543, 0.092091, 1115, 1054.0
107, 76.024211, 654.263770, 42.473631, 0.108034, 1111, 1392.0
108, 70.925926, 662.143258, 30.000000, 0.106696, 1114, 864.0
109, 63.452497, 661.117815, 51.526164, 0.182853, 1110, 862.0
110, 73.888889, 662.143258, 30.000000, 0.117787, 1113, 928.0
111, 70.925926, 662.143258, 30.000000, 0.084326, 1114, 1446.0
112, 75.617284, 658.825967, 30.000000, 0.044376, 1115, 855.0
113, 69.310319, 662.995752, 40.041004, 0.088365, 1118, 877.0
114, 69.310319, 662.995752, 40.041004, 0.089680, 1115, 865.0
115, 70.925926, 662.143258, 30.000000, 0.048223, 1112, 858.0
116, 73.417924, 659.737737, 36.753737, 0.044236, 1113, 868.0
117, 73.304247, 660.167936, 41.983310, 0.049209, 1111, 1287.0
118, 64.247267, 667.394609, 51.519227, 0.088790, 1114, 1333.0
119, 75.452675, 655.566874, 37.257747, 0.052626, 1111, 858.0
120, 72.964187, 660.760679, 34.410478, 0.091062, 1110, 860.0
121, 63.811326, 660.174821, 51.663729, 0.209702, 1110, 870.0
122, 75.617284, 658.825967, 30.000000, 0.087923, 1117, 1428.0
123, 71.524581, 663.331050, 39.244543, 0.042682, 1111, 900.0
124, 73.028061, 658.570133, 32.408162, 0.046064, 1115, 860.0
125, 74.257693, 657.117625, 36.100391, 0.082389, 1113, 858.0
126, 65.681995, 661.042852, 54.812698, 0.085775, 1113, 914.0
127, 70.925926, 662.143258, 30.000000, 0.122214, 1114, 858.0
128, 63.811326, 660.174821, 51.663729, 0.179947, 1115, 1045.0
129, 71.524581, 663.331050, 39.244543, 0.136945, 1110, 1445.0
130, 71.667048, 664.186119, 35.255707, 0.082563, 1108, 858.0
131, 68.607389, 664.421081, 34.699040, 0.145154, 1112, 897.0
132, 75.452675, 655.566874, 37.257747, 0.053847, 1113, 861.0
133, 69.862633, 661.760294, 45.987806, 0.081443, 1119, 1346.0
134, 71.524581, 663.331050, 39.244543, 0.038624, 1116, 1349.0
135, 70.925926, 662.143258, 30.000000, 0.091856, 1117, 1350.0
136, 68.432799, 659.342964, 50.346665, 0.259156, 1125, 871.0
137, 65.681995, 661.042852, 54.812698, 0.188514, 1109, 881.0
138, 63.811326, 660.174821, 51.663729, 0.271309, 1117, 1439.0
139, 69.148720, 659.901562, 48.087031, 0.150577, 1104, 1041.0
140, 67.360376, 663.394683, 37.688783, 0.120286, 1112, 862.0
141, 64.247267, 667.394609, 51.519227, 0.113791, 1115, 873.0
142, 72.518671, 660.373605, 36.753737, 0.085555, 1112, 897.0
143, 75.617284, 658.825967, 30.000000, 0.069081, 1110, 1422.0
144, 73.888889, 662.143258, 30.000000, 0.135098, 1118, 864.0
145, 73.236507, 659.760789, 41.905531, 0.096780, 1114, 863.0
146, 70.925926, 662.143258, 30.000000, 0.098141, 1113, 877.0
147, 79.428534, 661.328446, 27.272822, 0.063440, 1119, 863.0
148, 73.934758, 663.108228, 31.616423, 0.070957, 1115, 864.0
149, 72.366679, 662.463467, 37.536509, 0.127671, 1109, 991.0
150, 70.925926, 662.143258, 30.000000, 0.093350, 1118, 869.0
151, 71.914088, 663.732210, 39.275655, 0.111481, 1117, 865.0
152, 76.467764, 659.572842, 37.308148, 0.171897, 1120, 879.0
153, 71.817558, 665.800038, 35.997722, 0.303225, 1116, 866.0
154, 65.681995, 661.042852, 54.812698, 0.145877, 1115, 865.0
155, 70.466251, 664.665215, 43.301929, 0.196373, 1120, 877.0
156, 69.310319, 662.995752, 40.041004, 0.118855, 1110, 859.0
157, 70.925926, 662.143258, 30.000000, 0.042256, 1108, 855.0
158, 75.112500, 660.603810, 37.386537, 0.042343, 1114, 869.0
159, 74.638775, 659.055526, 39.996203, 0.097922, 1111, 861.0
160, 74.638775, 659.055526, 39.996203, 0.125200, 1114, 862.0
161, 71.817558, 665.800038, 35.997722, 0.266405, 1114, 901.0
162, 71.409917, 663.589608, 37.374209, 0.171200, 1112, 1398.0
163, 69.310319, 662.995752, 40.041004, 0.127829, 1110, 998.0
164, 76.467764, 659.572842, 37.308148, 0.060810, 1109, 855.0
165, 74.638775, 659.055526, 39.996203, 0.100587, 1118, 862.0
166, 69.148720, 659.901562, 48.087031, 0.137574, 1107, 1349.0
167, 63.452497, 661.117815, 51.526164, 0.265219, 1114, 1330.0
168, 73.934758, 663.108228, 31.616423, 0.052509, 1119, 1164.0
169, 72.518671, 660.373605, 36.753737, 0.050564, 1108, 856.0
170, 70.906874, 659.780847, 34.782497, 0.088532, 1116, 865.0
171, 70.202798, 662.666203, 36.644846, 0.085126, 1112, 1020.0
172, 72.104502, 663.444153, 35.648337, 0.059783, 1107, 858.0
173, 73.459025, 659.069010, 35.670439, 0.066869, 1110, 860.0
174, 70.466251, 664.665215, 43.301929, 0.134894, 1112, 861.0
175, 68.607389, 664.421081, 34.699040, 0.122033, 1111, 898.0
176, 63.811326, 660.174821, 51.663729, 0.227757, 1105, 858.0
177, 71.914088, 663.732210, 39.275655, 0.089584, 1110, 859.0
178, 68.253569, 659.292270, 50.220144, 0.172388, 1118, 869.0
179, 69.148720, 659.901562, 48.087031, 0.071559, 1105, 855.0
180, 78.333717, 657.316199, 35.438138, 0.080220, 1113, 859.0
181, 73.417924, 659.737737, 36.753737, 0.038382, 1111, 861.0
182, 67.314518, 659.899638, 48.960741, 0.091974, 1107, 857.0
183, 70.925926, 662.143258, 30.000000, 0.174058, 1110, 861.0
184, 74.731233, 660.496416, 35.711814, 0.085002, 1115, 1235.0
185, 70.925926, 662.143258, 30.000000, 0.068876, 1117, 1466.0
186, 74.257693, 657.117625, 36.100391, 0.064331, 1114, 865.0
187, 63.452497, 661.117815, 51.526164, 0.121728, 1111, 863.0
188, 70.925926, 662.143258, 30.000000, 0.204420, 1116, 867.0
189, 70.925926, 662.143258, 30.000000, 0.048669, 1121, 903.0
190, 71.524581, 663.331050, 39.244543, 0.144899, 1122, 868.0
191, 71.031241, 659.452285, 34.623049, 0.067366, 1121, 866.0
192, 73.417924, 659.737737, 36.753737, 0.057966, 1119, 866.0
193, 70.925926, 662.143258, 30.000000, 0.067987, 1118, 865.0
194, 71.883168, 661.318047, 34.307421, 0.050540, 1114, 862.0
195, 72.285602, 663.129213, 36.146125, 0.115639, 1113, 1341.0
196, 68.684179, 660.367059, 45.010586, 0.062450, 1117, 943.0
197, 70.925926, 662.143258, 30.000000, 0.148178, 1120, 867.0
198, 75.617284, 658.825967, 30.000000, 0.060768, 1121, 932.0
199, 70.925926, 662.143258, 30.000000, 0.088047, 1114, 868.0
200, 76.467764, 659.572842, 37.308148, 0.123504, 1117, 859.0
201, 70.925926, 662.143258, 30.000000, 0.099505, 1112, 871.0
202, 70.925926, 662.143258, 30.000000, 0.067167, 1111, 931.0
203, 78.503479, 659.485148, 33.338475, 0.091055, 1109, 858.0
204, 71.524581, 663.331050, 39.244543, 0.046165, 1113, 859.0
205, 77.839506, 659.960830, 36.804138, 0.142468, 1119, 864.0
206, 70.925926, 662.143258, 30.000000, 0.069141, 1111, 860.0
207, 68.607389, 664.421081, 34.699040, 0.134873, 1112, 1178.0
208, 63.811326, 660.174821, 51.663729, 0.089079, 1107, 1368.0
209, 76.467764, 659.572842, 37.308148, 0.073783, 1109, 966.0
210, 73.888889, 662.143258, 30.000000, 0.064247, 1113, 860.0
211, 70.925926, 662.143258, 30.000000, 0.069864, 1113, 861.0
212, 71.914088, 663.732210, 39.275655, 0.077539, 1113, 860.0
213, 73.888889, 662.143258, 30.000000, 0.060711, 1113, 862.0
214, 73.417924, 659.737737, 36.753737, 0.099101, 1117, 865.0
215, 75.009611, 659.150068, 41.453166, 0.129478, 1111, 859.0
216, 66.953331, 663.756527, 46.002959, 0.144664, 1115, 888.0
217, 71.524581, 663.331050, 39.244543, 0.034736, 1119, 866.0
218, 75.617284, 658.825967, 30.000000, 0.050524, 1118, 1296.0
219, 77.879155, 661.196132, 33.823478, 0.085629, 1112, 857.0
220, 73.888889, 662.143258, 30.000000, 0.034157, 1112, 860.0
221, 72.518671, 660.373605, 36.753737, 0.124937, 1118, 876.0
222, 78.296768, 659.090513, 41.587569, 0.152958, 1110, 860.0
223, 71.524581, 663.331050, 39.244543, 0.128500, 1119, 865.0
224, 70.925926, 662.143258, 30.000000, 0.067285, 1120, 881.0
225, 66.794305, 663.589608, 37.374209, 0.152408, 1106, 858.0
226, 76.543560, 662.853046, 27.272369, 0.079591, 1114, 861.0
227, 70.925926, 662.143258, 30.000000, 0.081232, 1112, 868.0
228, 70.202798, 662.666203, 36.644846, 0.115446, 1107, 855.0
229, 71.524581, 663.331050, 39.244543, 0.045947, 1117, 864.0
230, 70.202798, 662.666203, 36.644846, 0.048514, 1109, 869.0
231, 79.756655, 661.345716, 31.669339, 0.117767, 1116, 1317.0
232, 71.374917, 663.885249, 35.232373, 0.099450, 1118, 1408.0
233, 70.925926, 662.143258, 30.000000, 0.079765, 1112, 1326.0
234, 71.524581, 663.331050, 39.244543, 0.127221, 1104, 1337.0
235, 69.867457, 657.636356, 45.065172, 0.119146, 1109, 853.0
236, 74.135002, 660.791704, 41.780954, 0.072449, 1109, 857.0
237, 67.360376, 663.394683, 37.688783, 0.094234, 1114, 865.0
238, 72.259726, 660.588862, 34.589302, 0.046853, 1110, 858.0
239, 75.009611, 659.150068, 41.453166, 0.058537, 1106, 855.0
240, 72.518671, 660.373605, 36.753737, 0.035408, 1109, 856.0
241, 68.651304, 659.771127, 46.630782, 0.170868, 1110, 963.0
242, 67.314518, 659.899638, 48.960741, 0.079672, 1110, 868.0
243, 70.925926, 662.143258, 30.000000, 0.070109, 1111, 1013.0
244, 70.882741, 658.289970, 41.868508, 0.051872, 1110, 859.0
245, 70.906874, 659.780847, 34.782497, 0.079137, 1113, 862.0
246, 73.763160, 656.828251, 38.684731, 0.072246, 1112, 865.0
247, 73.236507, 659.760789, 41.905531, 0.016597, 1114, 861.0
248, 63.452497, 661.117815, 51.526164, 0.226256, 1110, 861.0
249, 69.310319, 662.995752, 40.041004, 0.204316, 1108, 875.0
250, 70.925926, 662.143258, 30.000000, 0.068142, 1114, 1120.0
251, 73.888889, 662.143258, 30.000000, 0.226007, 1112, 923.0
252, 73.888889, 662.143258, 30.000000, 0.083886, 1119, 873.0
253, 73.417924, 659.737737, 36.753737, 0.034144, 1113, 1137.0
254, 73.417924, 659.737737, 36.753737, 0.072181, 1113, 1386.0
255, 70.925926, 662.143258, 30.000000, 0.066089, 1117, 1338.0
256, 73.236507, 659.760789, 41.905531, 0.061831, 1109, 1341.0
257, 76.467764, 659.572842, 37.308148, 0.101049, 1120, 1334.0
258, 70.925926, 662.143258, 30.000000, 0.080752, 1116, 1146.0
259, 69.310319, 662.995752, 40.041004, 0.182675, 1113, 863.0
260, 72.964187, 660.760679, 34.410478, 0.156845, 1111, 862.0
261, 69.310319, 662.995752, 40.041004, 0.099720, 1115, 881.0
262, 75.617284, 658.825967, 30.000000, 0.063616, 1120, 866.0
263, 69.885335, 658.730487, 38.362007, 0.237205, 1114, 1254.0
264, 75.617284, 658.825967, 30.000000, 0.080282, 1121, 1468.0
265, 75.617284, 658.825967, 30.000000, 0.021515, 1119, 1347.0
266, 67.314518, 659.899638, 48.960741, 0.082226, 1112, 1322.0
267, 70.925926, 662.143258, 30.000000, 0.066064, 1113, 904.0
268, 70.925926, 662.143258, 30.000000, 0.103554, 1112, 867.0
269, 69.148720, 659.901562, 48.087031, 0.129512, 1112, 861.0
270, 75.617284, 658.825967, 30.000000, 0.052063, 1117, 862.0
271, 76.770733, 663.056818, 31.987673, 0.077658, 1118, 871.0
272, 70.202798, 662.666203, 36.644846, 0.046179, 1110, 858.0
273, 69.310319, 662.995752, 40.041004, 0.152323, 1106, 1173.0
274, 74.987442, 659.737768, 26.312439, 0.098329, 1112, 1318.0
275, 78.333717, 657.316199, 35.438138, 0.095184, 1116, 861.0
276, 75.617284, 658.825967, 30.000000, 0.051659, 1113, 868.0
277, 74.135002, 660.791704, 41.780954, 0.072397, 1112, 860.0
278, 72.675131, 663.718856, 28.462329, 0.116216, 1120, 878.0
279, 69.310319, 662.995752, 40.041004, 0.118119, 1105, 865.0
280, 72.518671, 660.373605, 36.753737, 0.067539, 1107, 854.0
281, 71.395592, 663.343065, 35.496408, 0.045190, 1110, 859.0
282, 69.148720, 659.901562, 48.087031, 0.124826, 1111, 892.0
283, 74.501191, 659.848255, 35.226016, 0.078006, 1113, 859.0
284, 73.888889, 662.143258, 30.000000, 0.070769, 1112, 969.0
285, 63.811326, 660.174821, 51.663729, 0.401669, 1116, 877.0
286, 71.524581, 663.331050, 39.244543, 0.051179, 1109, 857.0
287, 64.247267, 667.394609, 51.519227, 0.167156, 1112, 1077.0
288, 73.417924, 659.737737, 36.753737, 0.074813, 1109, 859.0
289, 71.524581, 663.331050, 39.244543, 0.090167, 1118, 864.0
290, 71.817558, 665.800038, 35.997722, 0.212873, 1114, 863.0
291, 71.524581, 663.331050, 39.244543, 0.083375, 1116, 864.0
292, 70.071170, 663.787115, 46.630782, 0.080612, 1111, 1352.0
293, 72.964187, 660.760679, 34.410478, 0.118296, 1115, 990.0
294, 71.594509, 661.284796, 47.074228, 0.118749, 1113, 861.0
295, 63.282714, 660.343807, 52.061132, 0.199556, 1112, 863.0
296, 70.906874, 659.780847, 34.782497, 0.053083, 1112, 860.0
297, 73.888889, 662.143258, 30.000000, 0.077094, 1116, 864.0
298, 63.811326, 660.174821, 51.663729, 0.161210, 1111, 883.0
299, 76.467764, 659.572842, 37.308148, 0.142843, 1116, 862.0
300, 73.888889, 662.143258, 30.000000, 0.065852, 1117, 863.0
301, 73.888889, 662.143258, 30.000000, 0.052296, 1112, 861.0
302, 70.925926, 662.143258, 30.000000, 0.069632, 1117, 865.0
303, 73.888889, 662.143258, 30.000000, 0.076861, 1112, 862.0
304, 70.925926, 662.143258, 30.000000, 0.073560, 1115, 880.0
305, 75.617284, 658.825967, 30.000000, 0.051537, 1114, 861.0
306, 69.867457, 657.636356, 45.065172, 0.107399, 1108, 857.0
307, 75.617284, 658.825967, 30.000000, 0.071524, 1117, 864.0
308, 73.417924, 659.737737, 36.753737, 0.064160, 1117, 897.0
309, 72.518671, 660.373605, 36.753737, 0.060308, 1112, 862.0
310, 71.524581, 663.331050, 39.244543, 0.058784, 1105, 1179.0
311, 70.925926, 662.143258, 30.000000, 0.129916, 1113, 863.0
312, 77.151612, 662.494974, 27.308153, 0.076510, 1115, 863.0
313, 70.906874, 659.780847, 34.782497, 0.087792, 1119, 879.0
314, 73.888889, 662.143258, 30.000000, 0.084458, 1113, 860.0
315, 72.518671, 660.373605, 36.753737, 0.053937, 1113, 883.0
316, 79.859477, 656.955144, 34.556752, 0.151587, 1115, 867.0
317, 76.776352, 662.560095, 27.075760, 0.053400, 1117, 863.0
318, 71.667048, 664.186119, 35.255707, 0.129095, 1113, 863.0
319, 70.925926, 662.143258, 30.000000, 0.071268, 1115, 861.0
320, 70.925926, 662.143258, 30.000000, 0.080224, 1119, 904.0
321, 71.395592, 663.343065, 35.496408, 0.057216, 1118, 887.0
322, 68.607389, 664.421081, 34.699040, 0.082331, 1113, 863.0
323, 78.432282, 661.193236, 25.373489, 0.108505, 1115, 860.0
324, 73.888889, 662.143258, 30.000000, 0.047943, 1111, 1269.0
325, 75.617284, 658.825967, 30.000000, 0.040041, 1108, 983.0
326, 78.333717, 657.316199, 35.438138, 0.117985, 1114, 1409.0
327, 71.914088, 663.732210, 39.275655, 0.075367, 1115, 1310.0
328, 73.459025, 659.069010, 35.670439, 0.065628, 1114, 862.0
329, 63.811326, 660.174821, 51.663729, 0.089367, 1111, 873.0
330, 71.524581, 663.331050, 39.244543, 0.056628, 1110, 887.0
331, 66.953331, 663.756527, 46.002959, 0.154674, 1117, 864.0
332, 70.202798, 662.666203, 36.644846, 0.078506, 1114, 869.0
333, 70.925926, 662.143258, 30.000000, 0.149268, 1110, 860.0
334, 72.701869, 659.804403, 47.553701, 0.107482, 1115, 862.0
335, 69.148720, 659.901562, 48.087031, 0.115205, 1113, 872.0
336, 66.794305, 663.589608, 37.374209, 0.159422, 1111, 937.0
337, 71.524581, 663.331050, 39.244543, 0.067411, 1113, 862.0
338, 69.148720, 659.901562, 48.087031, 0.076647, 1112, 1230.0
339, 74.135002, 660.791704, 41.780954, 0.067172, 1107, 885.0
340, 71.524581, 663.331050, 39.244543, 0.087295, 1111, 881.0
341, 70.925926, 662.143258, 30.000000, 0.059770, 1118, 905.0
342, 69.148720, 659.901562, 48.087031, 0.090197, 1106, 855.0
343, 71.914088, 663.732210, 39.275655, 0.047056, 1111, 887.0
344, 70.686118, 663.324264, 38.699051, 0.166812, 1109, 856.0
345, 76.505364, 663.073271, 27.429742, 0.093314, 1123, 868.0
346, 66.411878, 658.771361, 49.604131, 0.184368, 1109, 866.0
347, 70.906874, 659.780847, 34.782497, 0.083399, 1112, 859.0
348, 69.148720, 659.901562, 48.087031, 0.144817, 1116, 866.0
349, 70.925926, 662.143258, 30.000000, 0.089545, 1122, 887.0
350, 78.091118, 658.714941, 33.757839, 0.103801, 1116, 898.0
351, 63.811326, 660.174821, 51.663729, 0.255384, 1106, 898.0
352, 70.925926, 662.143258, 30.000000, 0.103011, 1122, 891.0
353, 71.524581, 663.331050, 39.244543, 0.078560, 1114, 862.0
354, 72.269663, 663.596958, 35.643800, 0.078821, 1111, 872.0
355, 71.524581, 663.331050, 39.244543, 0.060681, 1113, 1071.0
356, 70.925926, 662.143258, 30.000000, 0.072594, 1122, 867.0
357, 71.524581, 663.331050, 39.244543, 0.142491, 1110, 861.0
358, 63.452497, 661.117815, 51.526164, 0.127779, 1107, 866.0
359, 73.193233, 659.867612, 34.298282, 0.073023, 1114, 862.0
360, 73.519154, 660.310198, 38.600841, 0.108627, 1109, 860.0
361, 70.925926, 662.143258, 30.000000, 0.077377, 1111, 870.0
362, 73.967624, 664.283178, 31.786371, 0.060530, 1120, 867.0
363, 73.888889, 662.143258, 30.000000, 0.035872, 1109, 886.0
364, 74.135002, 660.791704, 41.780954, 0.052449, 1112, 865.0
365, 74.731233, 660.496416, 35.711814, 0.029784, 1113, 860.0
366, 70.202798, 662.666203, 36.644846, 0.076832, 1114, 876.0
367, 70.925926, 662.143258, 30.000000, 0.031862, 1118, 898.0
368, 73.936870, 659.184995, 33.922257, 0.050155, 1113, 860.0
369, 74.731233, 660.496416, 35.711814, 0.064446, 1111, 900.0
370, 75.461213, 660.719281, 41.694282, 0.072693, 1115, 921.0
371, 77.839506, 659.960830, 36.804138, 0.095258, 1109, 857.0
372, 70.925926, 662.143258, 30.000000, 0.075351, 1113, 860.0
373, 73.304247, 660.167936, 41.983310, 0.068470, 1115, 880.0
374, 71.817558, 665.800038, 35.997722, 0.236555, 1117, 866.0
375, 76.467764, 659.572842, 37.308148, 0.078598, 1111, 870.0
376, 70.906874, 659.780847, 34.782497, 0.068468, 1122, 875.0
377, 73.888889, 662.143258, 30.000000, 0.133971, 1114, 878.0
378, 71.524581, 663.331050, 39.244543, 0.082843, 1108, 898.0
379, 71.524581, 663.331050, 39.244543, 0.067841, 1113, 876.0
380, 78.333717, 657.316199, 35.438138, 0.070808, 1113, 858.0
381, 70.925926, 662.143258, 30.000000, 0.116008, 1117, 862.0
382, 73.304247, 660.167936, 41.983310, 0.028912, 1115, 873.0
383, 77.799846, 661.653403, 26.725839, 0.045382, 1119, 865.0
384, 74.638775, 659.055526, 39.996203, 0.158017, 1115, 883.0
385, 71.914088, 663.732210, 39.275655, 0.097580, 1116, 865.0
386, 78.333717, 657.316199, 35.438138, 0.094946, 1115, 861.0
387, 70.925926, 662.143258, 30.000000, 0.194971, 1107, 859.0
388, 71.914088, 663.732210, 39.275655, 0.085011, 1114, 862.0
389, 69.749784, 658.144115, 38.127632, 0.158041, 1112, 863.0
390, 74.501191, 659.848255, 35.226016, 0.097384, 1113, 884.0
391, 76.371606, 661.691911, 31.664673, 0.148446, 1104, 852.0
392, 70.906874, 659.780847, 34.782497, 0.090962, 1115, 931.0
393, 72.482296, 663.461018, 36.138347, 0.078142, 1113, 863.0
394, 69.148720, 659.901562, 48.087031, 0.100609, 1111, 861.0
395, 78.503479, 659.485148, 33.338475, 0.090632, 1116, 860.0
396, 73.304247, 660.167936, 41.983310, 0.049946, 1109, 876.0
397, 70.925926, 662.143258, 30.000000, 0.063419, 1112, 862.0
398, 73.304247, 660.167936, 41.983310, 0.050296, 1110, 859.0
399, 74.501191, 659.848255, 35.226016, 0.089162, 1111, 939.0
400, 71.524581, 663.331050, 39.244543, 0.127356, 1109, 858.0
401, 71.524581, 663.331050, 39.244543, 0.073556, 1112, 863.0
402, 70.925926, 662.143258, 30.000000, 0.153011, 1115, 904.0
403, 74.135002, 660.791704, 41.780954, 0.039087, 1111, 858.0
404, 71.524581, 663.331050, 39.244543, 0.071813, 1116, 1009.0
405, 72.518671, 660.373605, 36.753737, 0.051117, 1121, 1402.0
406, 70.925926, 662.143258, 30.000000, 0.068060, 1122, 1344.0
407, 77.605092, 661.517189, 33.624168, 0.076882, 1113, 1326.0
408, 72.518671, 660.373605, 36.753737, 0.064639, 1111, 874.0
409, 73.934758, 663.108228, 31.616423, 0.140940, 1110, 870.0
410, 70.925926, 662.143258, 30.000000, 0.120479, 1110, 862.0
411, 81.773327, 655.982828, 31.432040, 0.077584, 1112, 858.0
412, 70.925926, 662.143258, 30.000000, 0.048469, 1120, 899.0
413, 73.304247, 660.167936, 41.983310, 0.043952, 1114, 862.0
414, 70.906874, 659.780847, 34.782497, 0.068421, 1114, 1140.0
415, 78.827160, 659.960830, 36.804138, 0.063796, 1106, 1454.0
416, 73.934758, 663.108228, 31.616423, 0.064605, 1117, 1338.0
417, 63.811326, 660.174821, 51.663729, 0.236081, 1112, 874.0
418, 73.888889, 662.143258, 30.000000, 0.062292, 1111, 853.0
419, 70.925926, 662.143258, 30.000000, 0.099592, 1113, 858.0
420, 70.925926, 662.143258, 30.000000, 0.155355, 1120, 894.0
421, 73.936870, 659.184995, 33.922257, 0.069137, 1110, 859.0
422, 76.467764, 659.572842, 37.308148, 0.068211, 1107, 892.0
423, 71.914088, 663.732210, 39.275655, 0.104475, 1117, 942.0
424, 70.925926, 662.143258, 30.000000, 0.087190, 1115, 934.0
425, 72.518671, 660.373605, 36.753737, 0.077171, 1112, 1300.0
426, 70.925926, 662.143258, 30.000000, 0.091728, 1122, 1331.0
427, 76.467764, 659.572842, 37.308148, 0.103170, 1113, 1185.0
428, 77.151612, 662.494974, 27.308153, 0.093158, 1115, 1439.0
429, 70.466251, 664.665215, 43.301929, 0.167585, 1108, 1636.0
430, 73.826263, 660.055983, 34.265848, 0.075184, 1112, 1472.0
431, 71.524581, 663.331050, 39.244543, 0.076293, 1108, 1475.0
432, 73.888889, 662.143258, 30.000000, 0.076614, 1114, 1470.0
433, 70.925926, 662.143258, 30.000000, 0.081633, 1111, 1535.0
434, 70.202798, 662.666203, 36.644846, 0.059615, 1114, 1523.0
435, 63.452497, 661.117815, 51.526164, 0.135121, 1110, 1390.0
436, 70.925926, 662.143258, 30.000000, 0.152188, 1105, 1366.0
437, 69.310319, 662.995752, 40.041004, 0.138180, 1109, 1392.0
438, 70.925926, 662.143258, 30.000000, 0.111207, 1116, 1311.0
439, 70.925926, 662.143258, 30.000000, 0.077154, 1117, 1343.0
440, 73.888889, 662.143258, 30.000000, 0.079727, 1113, 1364.0
441, 72.518671, 660.373605, 36.753737, 0.066573, 1114, 1376.0
442, 66.794305, 663.589608, 37.374209, 0.081093, 1108, 1389.0
443, 72.518671, 660.373605, 36.753737, 0.020725, 1110, 1327.0
444, 69.148720, 659.901562, 48.087031, 0.092922, 1114, 1350.0
445, 74.731233, 660.496416, 35.711814, 0.035377, 1110, 1416.0
446, 75.009611, 659.150068, 41.453166, 0.146717, 1114, 1276.0
447, 73.502642, 664.757681, 41.587569, 0.152839, 1112, 1382.0
448, 71.524581, 663.331050, 39.244543, 0.051474, 1113, 1210.0
449, 71.524581, 663.331050, 39.244543, 0.067779, 1111, 1527.0
450, 76.467764, 659.572842, 37.308148, 0.072094, 1115, 1499.0
451, 71.817558, 665.800038, 35.997722, 0.140727, 1108, 1447.0
452, 70.925926, 662.143258, 30.000000, 0.079773, 1114, 1410.0
453, 72.518671, 660.373605, 36.753737, 0.034742, 1116, 1325.0
454, 70.925926, 662.143258, 30.000000, 0.073543, 1110, 1382.0
455, 70.906874, 659.780847, 34.782497, 0.157616, 1116, 1424.0
456, 81.667561, 659.297585, 29.919385, 0.140307, 1116, 1349.0
457, 70.925926, 662.143258, 30.000000, 0.074792, 1117, 1291.0
458, 76.467764, 659.572842, 37.308148, 0.049508, 1109, 857.0
459, 69.867457, 657.636356, 45.065172, 0.186642, 1119, 866.0
460, 73.509374, 659.207488, 39.508993, 0.130948, 1116, 884.0
461, 76.467764, 659.572842, 37.308148, 0.122111, 1108, 876.0
462, 70.906874, 659.780847, 34.782497, 0.073404, 1117, 926.0
463, 76.962015, 659.631160, 37.021298, 0.117406, 1116, 868.0
464, 73.304247, 660.167936, 41.983310, 0.095647, 1110, 857.0
465, 75.452675, 659.757136, 39.676997, 0.084094, 1110, 858.0
466, 64.768159, 663.334762, 43.546053, 0.162551, 1115, 932.0
467, 74.745658, 659.912567, 32.941140, 0.102739, 1106, 1320.0
468, 74.745658, 659.912567, 32.941140, 0.064607, 1111, 858.0
469, 70.925926, 662.143258, 30.000000, 0.122126, 1113, 922.0
470, 72.964187, 660.760679, 34.410478, 0.154869, 1111, 862.0
471, 73.509374, 659.207488, 39.508993, 0.106842, 1110, 882.0
472, 71.524581, 663.331050, 39.244543, 0.115054, 1108, 1366.0
473, 70.925926, 662.143258, 30.000000, 0.081904, 1113, 1093.0
474, 70.157016, 660.808374, 43.107170, 0.193147, 1110, 862.0
475, 73.888889, 662.143258, 30.000000, 0.134664, 1112, 861.0
476, 71.524581, 663.331050, 39.244543, 0.163797, 1117, 1284.0
477, 70.925926, 662.143258, 30.000000, 0.060209, 1110, 1419.0
478, 70.925926, 662.143258, 30.000000, 0.050285, 1114, 862.0
479, 74.109246, 661.091576, 41.871697, 0.087445, 1110, 858.0
480, 75.200122, 656.366392, 37.587311, 0.082287, 1107, 894.0
481, 76.467764, 659.572842, 37.308148, 0.066235, 1110, 1117.0
482, 70.732346, 663.869609, 40.637247, 0.092529, 1113, 1335.0
483, 63.452497, 661.117815, 51.526164, 0.155166, 1118, 1352.0
484, 70.925926, 662.143258, 30.000000, 0.075522, 1113, 1329.0
485, 70.925926, 662.143258, 30.000000, 0.099681, 1115, 1074.0
486, 70.925926, 662.143258, 30.000000, 0.081146, 1119, 865.0
487, 70.925926, 662.143258, 30.000000, 0.055812, 1110, 860.0
488, 71.524581, 663.331050, 39.244543, 0.062535, 1115, 894.0
489, 73.888889, 662.143258, 30.000000, 0.070353, 1116, 861.0
490, 70.925926, 662.143258, 30.000000, 0.097421, 1117, 865.0
491, 73.888889, 662.143258, 30.000000, 0.113404, 1110, 1016.0
492, 71.914088, 663.732210, 39.275655, 0.085786, 1111, 1283.0
493, 63.452497, 661.117815, 51.526164, 0.117461, 1106, 1207.0
494, 71.524581, 663.331050, 39.244543, 0.093992, 1122, 868.0
495, 77.426768, 660.102698, 29.823943, 0.079983, 1117, 860.0
496, 70.925926, 662.143258, 30.000000, 0.039097, 1112, 947.0
497, 72.316826, 660.179641, 33.713964, 0.232831, 1119, 866.0
498, 71.817558, 665.800038, 35.997722, 0.129859, 1112, 1376.0
499, 74.629630, 661.619475, 30.000000, 0.038477, 1114, 1109.0
500, 73.304247, 660.167936, 41.983310, 0.067231, 1113, 861.0
501, 64.247267, 667.394609, 51.519227, 0.084735, 1120, 900.0
502, 69.148720, 659.901562, 48.087031, 0.142609, 1110, 1429.0
503, 70.925926, 662.143258, 30.000000, 0.109431, 1110, 1330.0
504, 72.104502, 663.444153, 35.648337, 0.060970, 1118, 866.0
505, 70.925926, 662.143258, 30.000000, 0.113559, 1116, 864.0
506, 71.524581, 663.331050, 39.244543, 0.067372, 1114, 988.0
507, 70.925926, 662.143258, 30.000000, 0.076597, 1115, 1164.0
508, 73.888889, 662.143258, 30.000000, 0.086404, 1110, 1398.0
509, 69.148720, 659.901562, 48.087031, 0.084291, 1119, 1392.0
510, 72.104502, 663.444153, 35.648337, 0.097878, 1119, 1394.0
511, 72.964187, 660.760679, 34.410478, 0.240977, 1115, 1456.0
512, 71.524581, 663.331050, 39.244543, 0.076731, 1106, 1114.0
513, 73.888889, 662.143258, 30.000000, 0.103346, 1113, 860.0
514, 63.811326, 660.174821, 51.663729, 0.165695, 1108, 918.0
515, 73.304247, 660.167936, 41.983310, 0.059185, 1109, 1336.0
516, 63.452497, 661.117815, 51.526164, 0.136430, 1105, 1235.0
517, 72.104502, 663.444153, 35.648337, 0.088358, 1116, 1403.0
518, 63.452497, 661.117815, 51.526164, 0.195256, 1111, 1416.0
519, 69.148720, 659.901562, 48.087031, 0.075955, 1108, 1386.0
520, 70.925926, 662.143258, 30.000000, 0.050506, 1113, 1461.0
521, 70.925926, 662.143258, 30.000000, 0.080058, 1118, 863.0
522, 72.964187, 660.760679, 34.410478, 0.145908, 1109, 896.0
523, 73.304247, 660.167936, 41.983310, 0.067846, 1114, 1050.0
524, 74.109246, 661.091576, 41.871697, 0.076133, 1114, 1239.0
525, 73.019357, 658.597486, 39.856200, 0.054090, 1117, 1147.0
526, 72.100683, 660.336750, 33.466691, 0.274456, 1116, 1400.0
527, 69.310319, 662.995752, 40.041004, 0.116031, 1108, 1417.0
528, 72.518671, 660.373605, 36.753737, 0.046805, 1110, 1385.0
529, 73.888889, 662.143258, 30.000000, 0.139797, 1121, 1491.0
530, 72.518671, 660.373605, 36.753737, 0.037868, 1110, 1453.0
531, 76.002646, 660.308369, 35.213639, 0.073837, 1111, 1685.0
532, 78.503479, 659.485148, 33.338475, 0.119958, 1110, 1398.0
533, 71.914088, 663.732210, 39.275655, 0.081053, 1110, 1401.0
534, 70.925926, 662.143258, 30.000000, 0.164998, 1108, 1388.0
535, 73.888889, 662.143258, 30.000000, 0.136422, 1121, 1370.0
536, 72.518671, 660.373605, 36.753737, 0.034550, 1109, 1389.0
537, 74.629630, 661.619475, 30.000000, 0.063305, 1104, 1323.0
538, 70.925926, 662.143258, 30.000000, 0.045926, 1117, 864.0
539, 73.888889, 662.143258, 30.000000, 0.085132, 1116, 1024.0
540, 70.925926, 662.143258, 30.000000, 0.081026, 1117, 906.0
541, 69.910703, 663.422608, 42.522425, 0.067557, 1108, 858.0
542, 72.104502, 663.444153, 35.648337, 0.074957, 1113, 1022.0
543, 70.975955, 658.369683, 34.400238, 0.094712, 1114, 1202.0
544, 73.888889, 662.143258, 30.000000, 0.128347, 1107, 1385.0
545, 71.374917, 663.885249, 35.232373, 0.071637, 1108, 1108.0
546, 73.934758, 663.108228, 31.616423, 0.090445, 1119, 867.0
547, 74.731233, 660.496416, 35.711814, 0.063168, 1106, 857.0
548, 70.925926, 662.143258, 30.000000, 0.167185, 1119, 868.0
549, 76.467764, 659.572842, 37.308148, 0.082987, 1117, 928.0
550, 76.467764, 659.572842, 37.308148, 0.099699, 1113, 880.0
551, 69.148720, 659.901562, 48.087031, 0.082712, 1111, 867.0
552, 63.811326, 660.174821, 51.663729, 0.373924, 1117, 867.0
553, 77.605092, 661.517189, 33.624168, 0.090274, 1111, 1004.0
554, 73.417924, 659.737737, 36.753737, 0.077233, 1110, 1196.0
555, 70.925926, 662.143258, 30.000000, 0.065584, 1107, 1288.0
556, 70.925926, 662.143258, 30.000000, 0.139057, 1114, 861.0
557, 70.906874, 659.780847, 34.782497, 0.122001, 1109, 860.0
558, 70.906874, 659.780847, 34.782497, 0.057096, 1120, 866.0
559, 73.304247, 660.167936, 41.983310, 0.067456, 1107, 892.0
560, 74.501191, 659.848255, 35.226016, 0.108706, 1120, 1028.0
561, 71.914088, 663.732210, 39.275655, 0.059685, 1114, 869.0
562, 70.925926, 662.143258, 30.000000, 0.121224, 1111, 1004.0
563, 66.794305, 663.589608, 37.374209, 0.165863, 1112, 881.0
564, 70.925926, 662.143258, 30.000000, 0.098439, 1105, 1012.0
565, 75.617284, 658.825967, 30.000000, 0.055913, 1122, 1160.0
566, 72.104502, 663.444153, 35.648337, 0.116075, 1119, 1401.0
567, 70.925926, 662.143258, 30.000000, 0.075879, 1118, 1345.0
568, 73.888889, 662.143258, 30.000000, 0.102099, 1108, 965.0
569, 75.452675, 659.757136, 39.676997, 0.105258, 1116, 861.0
570, 77.799846, 661.653403, 26.725839, 0.058418, 1117, 1044.0
571, 72.104502, 663.444153, 35.648337, 0.082572, 1113, 870.0
572, 71.914088, 663.732210, 39.275655, 0.064200, 1121, 869.0
573, 70.466251, 664.665215, 43.301929, 0.133739, 1118, 875.0
574, 73.888889, 662.143258, 30.000000, 0.082132, 1118, 867.0
575, 72.259726, 660.588862, 34.589302, 0.057489, 1112, 1079.0
576, 72.104502, 663.444153, 35.648337, 0.065458, 1116, 1411.0
577, 71.524581, 663.331050, 39.244543, 0.082044, 1112, 1396.0
578, 70.906874, 659.780847, 34.782497, 0.095253, 1114, 1330.0
579, 75.617284, 658.825967, 30.000000, 0.040893, 1114, 1332.0
580, 75.617284, 658.825967, 30.000000, 0.084507, 1117, 863.0
581, 70.925926, 662.143258, 30.000000, 0.077149, 1121, 886.0
582, 74.501191, 659.848255, 35.226016, 0.069598, 1115, 855.0
583, 76.467764, 659.572842, 37.308148, 0.112382, 1113, 859.0
584, 73.888889, 662.143258, 30.000000, 0.069805, 1108, 858.0
585, 65.681995, 661.042852, 54.812698, 0.121844, 1123, 932.0
586, 73.304247, 660.167936, 41.983310, 0.070417, 1115, 1398.0
587, 75.617284, 658.825967, 30.000000, 0.050467, 1115, 1404.0
588, 69.148720, 659.901562, 48.087031, 0.120133, 1104, 1392.0
589, 71.914088, 663.732210, 39.275655, 0.117636, 1112, 1422.0
590, 73.888889, 662.143258, 30.000000, 0.091744, 1117, 1043.0
591, 71.817558, 665.800038, 35.997722, 0.190202, 1114, 1406.0
592, 78.333717, 657.316199, 35.438138, 0.076616, 1116, 1351.0
593, 74.135002, 660.791704, 41.780954, 0.056917, 1114, 944.0
594, 71.409917, 663.589608, 37.374209, 0.139161, 1114, 1400.0
595, 70.925926, 662.143258, 30.000000, 0.059172, 1115, 1425.0
596, 71.667048, 664.186119, 35.255707, 0.148174, 1113, 1372.0
597, 72.096035, 660.881042, 34.749830, 0.026105, 1118, 1277.0
598, 70.925926, 662.143258, 30.000000, 0.060973, 1123, 1456.0
599, 77.605092, 661.517189, 33.624168, 0.074235, 1118, 915.0
600, 72.285602, 663.129213, 36.146125, 0.060770, 1114, 1015.0
601, 76.467764, 659.572842, 37.308148, 0.125020, 1114, 1424.0
602, 70.925926, 662.143258, 30.000000, 0.063491, 1112, 1126.0
603, 74.731233, 660.496416, 35.711814, 0.049325, 1112, 860.0
604, 72.518671, 660.373605, 36.753737, 0.072607, 1113, 1213.0
605, 81.873502, 658.110204, 31.345777, 0.197279, 1115, 861.0
606, 70.925926, 662.143258, 30.000000, 0.107940, 1119, 866.0
607, 76.467764, 659.572842, 37.308148, 0.071575, 1113, 877.0
608, 72.576180, 663.482992, 34.339984, 0.202346, 1115, 860.0
609, 75.617284, 658.825967, 30.000000, 0.081057, 1115, 857.0
610, 71.817558, 665.800038, 35.997722, 0.237011, 1114, 894.0
611, 73.509374, 659.207488, 39.508993, 0.071519, 1111, 858.0
612, 77.085656, 658.489408, 34.641305, 0.064676, 1113, 875.0
613, 71.817558, 665.800038, 35.997722, 0.177029, 1109, 866.0
614, 73.417924, 659.737737, 36.753737, 0.064589, 1109, 1289.0
615, 71.817558, 665.800038, 35.997722, 0.195410, 1107, 1411.0
616, 74.257693, 657.117625, 36.100391, 0.055020, 1113, 1395.0
617, 65.681995, 661.042852, 54.812698, 0.167635, 1113, 1435.0
618, 73.888889, 662.143258, 30.000000, 0.095191, 1112, 1393.0
619, 72.913301, 662.392037, 36.146125, 0.039324, 1113, 1337.0
620, 74.257693, 657.117625, 36.100391, 0.040384, 1111, 1340.0
621, 73.019357, 658.597486, 39.856200, 0.091793, 1113, 1014.0
622, 78.333717, 657.316199, 35.438138, 0.098324, 1116, 1347.0
623, 72.259726, 660.588862, 34.589302, 0.082475, 1113, 1386.0
624, 70.925926, 662.143258, 30.000000, 0.108333, 1115, 1375.0
625, 73.417924, 659.737737, 36.753737, 0.039892, 1111, 1407.0
626, 71.524581, 663.331050, 39.244543, 0.185722, 1116, 1364.0
627, 72.352972, 663.550805, 33.369013, 0.095270, 1116, 1084.0
628, 73.888889, 662.143258, 30.000000, 0.098631, 1110, 869.0
629, 64.247267, 667.394609, 51.519227, 0.086511, 1119, 986.0
630, 70.925926, 662.143258, 30.000000, 0.065271, 1115, 1074.0
631, 76.937953, 659.985917, 35.756606, 0.061402, 1107, 855.0
632, 74.731233, 660.496416, 35.711814, 0.049260, 1111, 1112.0
633, 70.925926, 662.143258, 30.000000, 0.105405, 1116, 901.0
634, 77.144587, 658.709228, 34.573356, 0.056301, 1112, 858.0
635, 69.867457, 657.636356, 45.065172, 0.160078, 1121, 978.0
636, 71.914088, 663.732210, 39.275655, 0.025237, 1111, 986.0
637, 63.452497, 661.117815, 51.526164, 0.179986, 1116, 865.0
638, 73.934758, 663.108228, 31.616423, 0.058779, 1118, 864.0
639, 71.540331, 659.802881, 44.689721, 0.167896, 1115, 883.0
640, 73.591084, 661.774394, 32.410172, 0.072167, 1109, 917.0
641, 70.925926, 662.143258, 30.000000, 0.068351, 1111, 859.0
642, 75.345984, 658.417503, 37.117745, 0.146448, 1110, 889.0
643, 70.925926, 662.143258, 30.000000, 0.069190, 1120, 878.0
644, 75.617284, 658.825967, 30.000000, 0.045763, 1109, 855.0
645, 70.925926, 662.143258, 30.000000, 0.073166, 1109, 857.0
646, 76.467764, 659.572842, 37.308148, 0.056305, 1115, 891.0
647, 70.925926, 662.143258, 30.000000, 0.082800, 1118, 936.0
648, 70.906874, 659.780847, 34.782497, 0.103559, 1109, 1031.0
649, 71.524581, 663.331050, 39.244543, 0.093342, 1112, 870.0
650, 62.919844, 663.089125, 50.910041, 0.165938, 1118, 1323.0
651, 70.925926, 662.143258, 30.000000, 0.041991, 1115, 884.0
652, 74.241330, 664.875235, 27.672398, 0.090956, 1107, 1074.0
653, 70.925926, 662.143258, 30.000000, 0.090427, 1114, 1333.0
654, 64.147849, 662.543532, 44.066735, 0.138558, 1127, 906.0
655, 70.925926, 662.143258, 30.000000, 0.059490, 1114, 1354.0
656, 70.925926, 662.143258, 30.000000, 0.107159, 1117, 876.0
657, 70.925926, 662.143258, 30.000000, 0.133185, 1114, 1267.0
658, 71.817558, 665.800038, 35.997722, 0.152339, 1114, 1192.0
659, 69.148720, 659.901562, 48.087031, 0.087840, 1114, 1318.0
660, 66.953331, 663.756527, 46.002959, 0.095175, 1112, 1403.0
661, 73.519154, 660.310198, 38.600841, 0.065976, 1117, 1493.0
662, 70.925926, 662.143258, 30.000000, 0.092647, 1114, 1476.0
663, 66.794305, 663.589608, 37.374209, 0.181391, 1108, 1494.0
664, 77.965133, 656.650331, 35.591153, 0.056158, 1112, 1510.0
665, 70.925926, 662.143258, 30.000000, 0.064368, 1112, 1346.0
666, 69.148720, 659.901562, 48.087031, 0.072843, 1113, 861.0
667, 63.452497, 661.117815, 51.526164, 0.181976, 1103, 1305.0
668, 71.524581, 663.331050, 39.244543, 0.141204, 1115, 1491.0
669, 77.839506, 659.960830, 36.804138, 0.074428, 1115, 1532.0
670, 68.432799, 659.342964, 50.346665, 0.124032, 1113, 1321.0
671, 71.524581, 663.331050, 39.244543, 0.066162, 1112, 1353.0
672, 72.518671, 660.373605, 36.753737, 0.060354, 1110, 1352.0
673, 63.811326, 660.174821, 51.663729, 0.170328, 1119, 867.0
674, 73.980575, 660.271649, 34.399936, 0.039791, 1111, 958.0
675, 73.403652, 659.235386, 35.384573, 0.054000, 1115, 855.0
676, 67.051390, 665.728368, 34.802098, 0.198767, 1104, 853.0
677, 70.925926, 662.143258, 30.000000, 0.104909, 1116, 867.0
678, 72.518671, 660.373605, 36.753737, 0.056657, 1114, 956.0
679, 70.925926, 662.143258, 30.000000, 0.154139, 1114, 1626.0
680, 71.524581, 663.331050, 39.244543, 0.109356, 1118, 1647.0
681, 70.202798, 662.666203, 36.644846, 0.130364, 1124, 1645.0
682, 70.925926, 662.143258, 30.000000, 0.114562, 1108, 1598.0
683, 73.888889, 662.143258, 30.000000, 0.071997, 1112, 1398.0
684, 70.925926, 662.143258, 30.000000, 0.084949, 1116, 1439.0
685, 71.524581, 663.331050, 39.244543, 0.121006, 1113, 1654.0
686, 70.116824, 659.349311, 39.244543, 0.178089, 1111, 1663.0
687, 65.681995, 661.042852, 54.812698, 0.134549, 1117, 1711.0
688, 76.467764, 659.572842, 37.308148, 0.076606, 1115, 1386.0
689, 65.681995, 661.042852, 54.812698, 0.204134, 1114, 1441.0
690, 73.417924, 659.737737, 36.753737, 0.043629, 1110, 1441.0
691, 69.867457, 657.636356, 45.065172, 0.126992, 1113, 1423.0
692, 73.888889, 662.143258, 30.000000, 0.076453, 1121, 1280.0
693, 72.259726, 660.588862, 34.589302, 0.058660, 1112, 870.0
694, 70.202798, 662.666203, 36.644846, 0.091579, 1119, 1344.0
695, 77.674897, 657.400114, 40.433012, 0.162953, 1117, 1380.0
696, 70.925926, 662.143258, 30.000000, 0.091363, 1109, 1303.0
697, 70.906874, 659.780847, 34.782497, 0.070165, 1110, 1382.0
698, 63.452497, 661.117815, 51.526164, 0.169605, 1117, 1330.0
699, 70.925926, 662.143258, 30.000000, 0.132172, 1117, 1474.0
700, 73.417924, 659.737737, 36.753737, 0.047215, 1115, 1488.0
701, 73.304247, 660.167936, 41.983310, 0.077902, 1118, 1094.0
702, 70.925926, 662.143258, 30.000000, 0.074351, 1113, 1046.0
703, 69.634908, 661.031227, 39.299715, 0.167006, 1113, 1463.0
704, 70.925926, 662.143258, 30.000000, 0.166940, 1116, 1408.0
705, 68.607389, 664.421081, 34.699040, 0.137499, 1111, 1285.0
706, 70.925926, 662.143258, 30.000000, 0.055934, 1109, 1240.0
707, 73.888889, 662.143258, 30.000000, 0.043176, 1110, 1264.0
708, 63.811326, 660.174821, 51.663729, 0.246715, 1115, 866.0
709, 78.333717, 657.316199, 35.438138, 0.091241, 1112, 1388.0
710, 71.914088, 663.732210, 39.275655, 0.114389, 1116, 1330.0
711, 70.925926, 662.143258, 30.000000, 0.089742, 1117, 1335.0
712, 72.964187, 660.760679, 34.410478, 0.064894, 1115, 1442.0
713, 70.202798, 662.666203, 36.644846, 0.139397, 1121, 1498.0
714, 74.135002, 660.791704, 41.780954, 0.043913, 1108, 1438.0
715, 76.319794, 661.102338, 36.827472, 0.199925, 1108, 1336.0
716, 70.925926, 662.143258, 30.000000, 0.061680, 1109, 1320.0
717, 70.906874, 659.780847, 34.782497, 0.211061, 1114, 1071.0
718, 70.925926, 662.143258, 30.000000, 0.142957, 1113, 863.0
719, 63.811326, 660.174821, 51.663729, 0.266731, 1123, 873.0
720, 71.524581, 663.331050, 39.244543, 0.090574, 1116, 928.0
721, 73.509374, 659.207488, 39.508993, 0.202070, 1107, 869.0
722, 70.925926, 662.143258, 30.000000, 0.135215, 1111, 1347.0
723, 65.807296, 658.600360, 49.551864, 0.194951, 1113, 864.0
724, 76.883628, 660.213823, 33.923678, 0.052677, 1112, 859.0
725, 67.051390, 665.728368, 34.802098, 0.159252, 1110, 882.0
726, 75.452675, 655.566874, 37.257747, 0.087492, 1117, 866.0
727, 70.925926, 662.143258, 30.000000, 0.074596, 1116, 1116.0
728, 73.888889, 662.143258, 30.000000, 0.065015, 1107, 869.0
729, 75.617284, 658.825967, 30.000000, 0.058287, 1107, 855.0
730, 71.524581, 663.331050, 39.244543, 0.124758, 1117, 886.0
731, 67.051390, 665.728368, 34.802098, 0.192723, 1108, 868.0
732, 72.518671, 660.373605, 36.753737, 0.071156, 1118, 896.0
733, 73.888889, 662.143258, 30.000000, 0.109509, 1106, 865.0
734, 67.314518, 659.899638, 48.960741, 0.107363, 1113, 876.0
735, 70.925926, 662.143258, 30.000000, 0.084063, 1110, 861.0
736, 70.925926, 662.143258, 30.000000, 0.117398, 1110, 861.0
737, 71.524581, 663.331050, 39.244543, 0.109998, 1117, 897.0
738, 70.925926, 662.143258, 30.000000, 0.101297, 1114, 883.0
739, 77.839506, 659.960830, 36.804138, 0.067443, 1111, 860.0
740, 70.925926, 662.143258, 30.000000, 0.084409, 1111, 862.0
741, 76.467764, 659.572842, 37.308148, 0.104621, 1119, 867.0
742, 71.914088, 663.732210, 39.275655, 0.087818, 1113, 878.0
743, 73.459025, 659.069010, 35.670439, 0.079532, 1114, 858.0
744, 73.888889, 662.143258, 30.000000, 0.071040, 1122, 1063.0
745, 71.524581, 663.331050, 39.244543, 0.088673, 1116, 864.0
746, 70.925926, 662.143258, 30.000000, 0.090323, 1119, 881.0
747, 71.594509, 661.284796, 47.074228, 0.142809, 1115, 863.0
748, 68.253569, 659.292270, 50.220144, 0.191600, 1115, 900.0
749, 70.925926, 662.143258, 30.000000, 0.080761, 1116, 878.0
750, 74.638775, 659.055526, 39.996203, 0.084220, 1115, 932.0
751, 72.518671, 660.373605, 36.753737, 0.053286, 1116, 923.0
752, 71.817558, 665.800038, 35.997722, 0.154393, 1115, 874.0
753, 70.925926, 662.143258, 30.000000, 0.176875, 1111, 896.0
754, 63.811326, 660.174821, 51.663729, 0.156022, 1112, 885.0
755, 70.925926, 662.143258, 30.000000, 0.208057, 1112, 860.0
756, 67.314518, 659.899638, 48.960741, 0.041341, 1124, 886.0
757, 72.104502, 663.444153, 35.648337, 0.071107, 1113, 874.0
758, 66.794305, 663.589608, 37.374209, 0.169905, 1106, 859.0
759, 63.452497, 661.117815, 51.526164, 0.141224, 1111, 892.0
760, 68.607389, 664.421081, 34.699040, 0.143648, 1111, 915.0
761, 76.883628, 660.213823, 33.923678, 0.057475, 1111, 855.0
762, 71.914088, 663.732210, 39.275655, 0.094510, 1114, 863.0
763, 63.811326, 660.174821, 51.663729, 0.142325, 1112, 979.0
764, 63.452497, 661.117815, 51.526164, 0.199500, 1114, 901.0
765, 73.417924, 659.737737, 36.753737, 0.059743, 1109, 880.0
766, 68.012015, 664.320043, 34.652372, 0.205826, 1109, 875.0
767, 71.914088, 663.732210, 39.275655, 0.129660, 1112, 863.0
768, 73.888889, 662.143258, 30.000000, 0.095471, 1114, 1067.0
769, 77.879155, 661.196132, 33.823478, 0.092637, 1118, 864.0
770, 71.524581, 663.331050, 39.244543, 0.062064, 1116, 928.0
771, 73.888889, 662.143258, 30.000000, 0.054637, 1117, 1004.0
772, 69.148720, 659.901562, 48.087031, 0.085509, 1110, 859.0
773, 71.667048, 664.186119, 35.255707, 0.118085, 1112, 862.0
774, 73.304247, 660.167936, 41.983310, 0.045841, 1115, 869.0
775, 63.452497, 661.117815, 51.526164, 0.117290, 1110, 945.0
776, 71.524581, 663.331050, 39.244543, 0.108555, 1111, 908.0
777, 69.148720, 659.901562, 48.087031, 0.105247, 1115, 1053.0
778, 70.925926, 662.143258, 30.000000, 0.062469, 1110, 862.0
779, 70.906874, 659.780847, 34.782497, 0.096022, 1109, 859.0
780, 71.524581, 663.331050, 39.244543, 0.046110, 1107, 947.0
781, 75.617284, 658.825967, 30.000000, 0.077464, 1110, 858.0
782, 72.259726, 660.588862, 34.589302, 0.043304, 1109, 869.0
783, 71.524581, 663.331050, 39.244543, 0.105650, 1110, 870.0
784, 71.524581, 663.331050, 39.244543, 0.103594, 1118, 932.0
785, 70.925926, 662.143258, 30.000000, 0.097242, 1114, 884.0
786, 70.925926, 662.143258, 30.000000, 0.126568, 1107, 887.0
787, 71.524581, 663.331050, 39.244543, 0.057498, 1112, 873.0
788, 69.310319, 662.995752, 40.041004, 0.142383, 1109, 860.0
789, 65.681995, 661.042852, 54.812698, 0.108625, 1114, 879.0
790, 70.925926, 662.143258, 30.000000, 0.044461, 1113, 861.0
791, 63.811326, 660.174821, 51.663729, 0.091120, 1118, 934.0
792, 71.914088, 663.732210, 39.275655, 0.062865, 1117, 881.0
793, 73.888889, 662.143258, 30.000000, 0.042774, 1107, 945.0
794, 69.634908, 661.031227, 39.299715, 0.112227, 1108, 890.0
795, 69.148720, 659.901562, 48.087031, 0.065572, 1108, 873.0
796, 73.888889, 662.143258, 30.000000, 0.115870, 1119, 871.0
797, 67.612674, 667.709239, 29.329266, 0.253953, 1113, 880.0
798, 76.467764, 659.572842, 37.308148, 0.072366, 1112, 931.0
799, 69.148720, 659.901562, 48.087031, 0.131016, 1115, 863.0
800, 73.236507, 659.760789, 41.905531, 0.069054, 1111, 1025.0
801, 69.031942, 664.274888, 34.934971, 0.058615, 1117, 868.0
802, 75.345984, 658.417503, 37.117745, 0.077918, 1111, 859.0
803, 68.253569, 659.292270, 50.220144, 0.175416, 1117, 992.0
804, 71.524581, 663.331050, 39.244543, 0.139642, 1112, 995.0
805, 67.314518, 659.899638, 48.960741, 0.109254, 1115, 926.0
806, 73.417924, 659.737737, 36.753737, 0.044544, 1109, 866.0
807, 65.681995, 661.042852, 54.812698, 0.125511, 1106, 857.0
808, 71.524581, 663.331050, 39.244543, 0.041101, 1112, 879.0
809, 71.524581, 663.331050, 39.244543, 0.130969, 1114, 920.0
810, 63.811326, 660.174821, 51.663729, 0.285650, 1117, 867.0
811, 71.524581, 663.331050, 39.244543, 0.059597, 1110, 882.0
812, 70.925926, 662.143258, 30.000000, 0.068211, 1113, 934.0
813, 71.524581, 663.331050, 39.244543, 0.105295, 1115, 876.0
814, 63.452497, 661.117815, 51.526164, 0.143261, 1109, 873.0
815, 74.257693, 657.117625, 36.100391, 0.082529, 1117, 1083.0
816, 63.452497, 661.117815, 51.526164, 0.142691, 1110, 1028.0
817, 71.524581, 663.331050, 39.244543, 0.062878, 1112, 903.0
818, 69.867457, 657.636356, 45.065172, 0.072355, 1118, 865.0
819, 70.925926, 662.143258, 30.000000, 0.092295, 1119, 904.0
820, 67.051390, 665.728368, 34.802098, 0.157998, 1104, 869.0
821, 70.157016, 660.808374, 43.107170, 0.122151, 1111, 1056.0
822, 73.888889, 662.143258, 30.000000, 0.084527, 1111, 1217.0
823, 70.925926, 662.143258, 30.000000, 0.096502, 1118, 1014.0
824, 64.247267, 667.394609, 51.519227, 0.091862, 1114, 875.0
825, 70.925926, 662.143258, 30.000000, 0.065973, 1108, 863.0
826, 76.883628, 660.213823, 33.923678, 0.054585, 1115, 855.0
827, 70.925926, 662.143258, 30.000000, 0.089228, 1115, 906.0
828, 63.811326, 660.174821, 51.663729, 0.180720, 1108, 893.0
829, 66.794305, 663.589608, 37.374209, 0.106302, 1110, 1022.0
830, 70.925926, 662.143258, 30.000000, 0.078469, 1112, 885.0
831, 70.925926, 662.143258, 30.000000, 0.101639, 1114, 874.0
832, 70.925926, 662.143258, 30.000000, 0.092554, 1119, 884.0
833, 67.549305, 659.005777, 46.468621, 0.423772, 1116, 868.0
834, 68.253569, 659.292270, 50.220144, 0.237359, 1124, 901.0
835, 70.925926, 662.143258, 30.000000, 0.144557, 1110, 860.0
836, 74.257693, 657.117625, 36.100391, 0.130517, 1118, 908.0
837, 69.310319, 662.995752, 40.041004, 0.139938, 1109, 889.0
838, 63.811326, 660.174821, 51.663729, 0.178596, 1106, 857.0
839, 71.524581, 663.331050, 39.244543, 0.098672, 1111, 862.0
840, 70.925926, 662.143258, 30.000000, 0.124601, 1113, 955.0
841, 70.925926, 662.143258, 30.000000, 0.149161, 1114, 923.0
842, 69.310319, 662.995752, 40.041004, 0.077892, 1114, 1032.0
843, 66.794305, 663.589608, 37.374209, 0.113692, 1105, 891.0
844, 70.925926, 662.143258, 30.000000, 0.056798, 1121, 885.0
845, 72.518671, 660.373605, 36.753737, 0.048845, 1107, 878.0
846, 63.811326, 660.174821, 51.663729, 0.189453, 1106, 857.0
847, 72.518671, 660.373605, 36.753737, 0.022176, 1109, 866.0
848, 66.967349, 659.976038, 48.434330, 0.212178, 1117, 868.0
849, 72.964187, 660.760679, 34.410478, 0.087166, 1110, 860.0
850, 67.139918, 661.124791, 40.433012, 0.072744, 1108, 895.0
851, 63.811326, 660.174821, 51.663729, 0.162308, 1114, 932.0
852, 70.925926, 662.143258, 30.000000, 0.081076, 1106, 855.0
853, 70.925926, 662.143258, 30.000000, 0.078559, 1110, 858.0
854, 62.032295, 661.181854, 39.444073, 0.652915, 1114, 874.0
855, 70.925926, 662.143258, 30.000000, 0.080404, 1113, 863.0
856, 63.811326, 660.174821, 51.663729, 0.128145, 1108, 859.0
857, 68.253569, 659.292270, 50.220144, 0.141994, 1116, 959.0
858, 66.794305, 663.589608, 37.374209, 0.149333, 1113, 874.0
859, 76.467764, 659.572842, 37.308148, 0.081426, 1109, 858.0
860, 70.925926, 662.143258, 30.000000, 0.119871, 1122, 878.0
861, 71.524581, 663.331050, 39.244543, 0.067518, 1116, 880.0
862, 71.524581, 663.331050, 39.244543, 0.089256, 1114, 879.0
863, 72.964187, 660.760679, 34.410478, 0.098460, 1111, 1063.0
864, 68.607389, 664.421081, 34.699040, 0.125088, 1112, 900.0
865, 63.811326, 660.174821, 51.663729, 0.226141, 1110, 883.0
866, 74.257693, 657.117625, 36.100391, 0.079978, 1110, 942.0
867, 70.925926, 662.143258, 30.000000, 0.069407, 1113, 862.0
868, 73.019357, 658.597486, 39.856200, 0.091460, 1113, 863.0
869, 73.888889, 662.143258, 30.000000, 0.055670, 1115, 903.0
870, 71.524581, 663.331050, 39.244543, 0.079052, 1117, 866.0
871, 64.247267, 667.394609, 51.519227, 0.110700, 1108, 860.0
872, 71.524581, 663.331050, 39.244543, 0.054148, 1109, 860.0
873, 71.524581, 663.331050, 39.244543, 0.097837, 1109, 871.0
874, 70.925926, 662.143258, 30.000000, 0.074122, 1119, 881.0
875, 68.253569, 659.292270, 50.220144, 0.145370, 1116, 878.0
876, 74.257693, 657.117625, 36.100391, 0.067727, 1116, 884.0
877, 70.925926, 662.143258, 30.000000, 0.075315, 1118, 866.0
878, 71.817558, 665.800038, 35.997722, 0.229113, 1110, 896.0
879, 70.925926, 662.143258, 30.000000, 0.155473, 1115, 862.0
880, 70.925926, 662.143258, 30.000000, 0.081104, 1117, 886.0
881, 68.607389, 664.421081, 34.699040, 0.122767, 1107, 856.0
882, 66.794305, 663.589608, 37.374209, 0.096955, 1112, 859.0
883, 76.467764, 659.572842, 37.308148, 0.110867, 1111, 856.0
884, 70.925926, 662.143258, 30.000000, 0.202998, 1116, 877.0
885, 70.906874, 659.780847, 34.782497, 0.062880, 1113, 861.0
886, 63.452497, 661.117815, 51.526164, 0.140508, 1113, 927.0
887, 68.253569, 659.292270, 50.220144, 0.166148, 1112, 863.0
888, 72.104502, 663.444153, 35.648337, 0.109382, 1111, 980.0
889, 71.524581, 663.331050, 39.244543, 0.122446, 1105, 866.0
890, 70.925926, 662.143258, 30.000000, 0.068723, 1113, 863.0
891, 76.467764, 659.572842, 37.308148, 0.115111, 1114, 864.0
892, 68.432799, 659.342964, 50.346665, 0.151946, 1112, 918.0
893, 71.031241, 659.452285, 34.623049, 0.056231, 1110, 858.0
894, 63.452497, 661.117815, 51.526164, 0.225434, 1108, 868.0
895, 70.925926, 662.143258, 30.000000, 0.065956, 1107, 1047.0
896, 63.452497, 661.117815, 51.526164, 0.257017, 1104, 856.0
897, 70.925926, 662.143258, 30.000000, 0.072927, 1114, 921.0
898, 70.925926, 662.143258, 30.000000, 0.065956, 1119, 896.0
899, 77.085656, 658.489408, 34.641305, 0.082457, 1117, 958.0
900, 73.417924, 659.737737, 36.753737, 0.069408, 1116, 944.0
901, 71.031241, 659.452285, 34.623049, 0.085663, 1114, 945.0
902, 70.202798, 662.666203, 36.644846, 0.203221, 1109, 860.0
903, 74.257693, 657.117625, 36.100391, 0.081367, 1114, 883.0
904, 70.925926, 662.143258, 30.000000, 0.068733, 1113, 933.0
905, 65.681995, 661.042852, 54.812698, 0.116387, 1114, 865.0
906, 63.811326, 660.174821, 51.663729, 0.228783, 1112, 873.0
907, 67.537920, 665.025261, 35.089259, 0.146860, 1112, 862.0
908, 70.925926, 662.143258, 30.000000, 0.065389, 1121, 874.0
909, 69.148720, 659.901562, 48.087031, 0.053297, 1115, 904.0
910, 63.811326, 660.174821, 51.663729, 0.207470, 1110, 863.0
911, 68.432799, 659.342964, 50.346665, 0.137245, 1115, 905.0
912, 75.452675, 659.757136, 39.676997, 0.154673, 1110, 876.0
913, 70.925926, 662.143258, 30.000000, 0.157049, 1111, 918.0
914, 70.925926, 662.143258, 30.000000, 0.044949, 1116, 901.0
915, 66.794305, 663.589608, 37.374209, 0.247541, 1113, 960.0
916, 63.811326, 660.174821, 51.663729, 0.195538, 1110, 861.0
917, 72.518671, 660.373605, 36.753737, 0.044528, 1110, 964.0
918, 70.925926, 662.143258, 30.000000, 0.161581, 1107, 868.0
919, 63.811326, 660.174821, 51.663729, 0.173347, 1109, 859.0
920, 68.432799, 659.342964, 50.346665, 0.119489, 1113, 864.0
921, 70.925926, 662.143258, 30.000000, 0.097912, 1113, 1298.0
922, 73.417924, 659.737737, 36.753737, 0.042368, 1112, 1327.0
923, 71.524581, 663.331050, 39.244543, 0.157001, 1111, 1025.0
924, 71.524581, 663.331050, 39.244543, 0.059106, 1110, 862.0
925, 70.925926, 662.143258, 30.000000, 0.094801, 1117, 886.0
926, 70.925926, 662.143258, 30.000000, 0.118537, 1121, 867.0
927, 71.374917, 663.885249, 35.232373, 0.053676, 1113, 954.0
928, 71.524581, 663.331050, 39.244543, 0.099214, 1116, 864.0
929, 70.925926, 662.143258, 30.000000, 0.142502, 1118, 865.0
930, 74.257693, 657.117625, 36.100391, 0.059522, 1114, 863.0
931, 69.310319, 662.995752, 40.041004, 0.090777, 1111, 925.0
932, 72.963861, 662.071815, 36.684034, 0.034864, 1108, 874.0
933, 70.202798, 662.666203, 36.644846, 0.074344, 1112, 861.0
934, 76.467764, 659.572842, 37.308148, 0.039248, 1103, 977.0
935, 73.788156, 656.626022, 39.190513, 0.087156, 1107, 986.0
936, 70.925926, 662.143258, 30.000000, 0.076248, 1114, 917.0
937, 75.617284, 658.825967, 30.000000, 0.116668, 1116, 896.0
938, 72.518671, 660.373605, 36.753737, 0.091179, 1109, 963.0
939, 70.925926, 662.143258, 30.000000, 0.060260, 1114, 862.0
940, 73.888889, 662.143258, 30.000000, 0.040567, 1115, 880.0
941, 70.906874, 659.780847, 34.782497, 0.106462, 1119, 887.0
942, 71.524581, 663.331050, 39.244543, 0.124090, 1111, 896.0
943, 70.925926, 662.143258, 30.000000, 0.040145, 1116, 891.0
944, 70.630126, 662.049894, 37.057595, 0.075212, 1120, 866.0
945, 74.731233, 660.496416, 35.711814, 0.045716, 1117, 902.0
946, 70.925926, 662.143258, 30.000000, 0.142011, 1107, 867.0
947, 70.925926, 662.143258, 30.000000, 0.140960, 1114, 952.0
948, 71.031241, 659.452285, 34.623049, 0.083073, 1119, 901.0
949, 70.925926, 662.143258, 30.000000, 0.147610, 1105, 987.0
950, 70.202798, 662.666203, 36.644846, 0.142160, 1112, 863.0
951, 71.524581, 663.331050, 39.244543, 0.051053, 1118, 866.0
952, 71.524581, 663.331050, 39.244543, 0.048753, 1117, 981.0
953, 69.148720, 659.901562, 48.087031, 0.102561, 1111, 873.0
954, 71.524581, 663.331050, 39.244543, 0.108349, 1113, 885.0
955, 67.537920, 665.025261, 35.089259, 0.089807, 1114, 865.0
956, 71.914088, 663.732210, 39.275655, 0.107232, 1119, 867.0
957, 72.701869, 659.804403, 47.553701, 0.092906, 1112, 873.0
958, 75.404516, 657.553812, 32.412093, 0.048382, 1110, 858.0
959, 70.925926, 662.143258, 30.000000, 0.123553, 1115, 966.0
960, 67.360376, 663.394683, 37.688783, 0.115109, 1109, 888.0
961, 63.452497, 661.117815, 51.526164, 0.138028, 1109, 856.0
962, 75.629275, 659.229185, 33.338475, 0.088851, 1113, 858.0
963, 67.314518, 659.899638, 48.960741, 0.071335, 1115, 863.0
964, 71.524581, 663.331050, 39.244543, 0.092482, 1111, 875.0
965, 71.939479, 661.532210, 37.316510, 0.052074, 1110, 858.0
966, 73.888889, 662.143258, 30.000000, 0.080461, 1108, 891.0
967, 63.811326, 660.174821, 51.663729, 0.247893, 1117, 884.0
968, 70.925926, 662.143258, 30.000000, 0.117992, 1120, 867.0
969, 72.518671, 660.373605, 36.753737, 0.031454, 1109, 873.0
970, 72.518671, 660.373605, 36.753737, 0.065960, 1114, 899.0
971, 74.638775, 659.055526, 39.996203, 0.091804, 1113, 1047.0
972, 70.925926, 662.143258, 30.000000, 0.064596, 1123, 1045.0
973, 70.925926, 662.143258, 30.000000, 0.076125, 1115, 864.0
974, 71.524581, 663.331050, 39.244543, 0.110286, 1109, 877.0
975, 69.310319, 662.995752, 40.041004, 0.175125, 1110, 935.0
976, 69.148720, 659.901562, 48.087031, 0.073365, 1114, 864.0
977, 69.910703, 663.422608, 42.522425, 0.118633, 1115, 902.0
978, 70.202798, 662.666203, 36.644846, 0.068835, 1114, 875.0
979, 70.906874, 659.780847, 34.782497, 0.102769, 1115, 874.0
980, 63.452497, 661.117815, 51.526164, 0.160550, 1105, 858.0
981, 71.524581, 663.331050, 39.244543, 0.113087, 1116, 907.0
982, 71.817558, 665.800038, 35.997722, 0.165199, 1112, 874.0
983, 69.310319, 662.995752, 40.041004, 0.056439, 1119, 895.0
984, 63.811326, 660.174821, 51.663729, 0.156430, 1113, 967.0
985, 63.811326, 660.174821, 51.663729, 0.120297, 1118, 866.0
986, 70.925926, 662.143258, 30.000000, 0.095334, 1111, 985.0
987, 68.432799, 659.342964, 50.346665, 0.175588, 1119, 869.0
988, 69.533884, 659.515079, 33.668183, 0.107235, 1120, 866.0
989, 69.031942, 664.274888, 34.934971, 0.089482, 1119, 889.0
990, 69.885335, 658.730487, 38.362007, 0.153310, 1109, 861.0
991, 69.148720, 659.901562, 48.087031, 0.089818, 1110, 898.0
992, 76.467764, 659.572842, 37.308148, 0.080239, 1114, 876.0
993, 71.667048, 664.186119, 35.255707, 0.101736, 1113, 974.0
994, 69.148720, 659.901562, 48.087031, 0.148195, 1108, 870.0
995, 70.925926, 662.143258, 30.000000, 0.088005, 1112, 1136.0
996, 74.629630, 661.619475, 30.000000, 0.069165, 1117, 862.0
997, 73.888889, 662.143258, 30.000000, 0.102079, 1110, 932.0
998, 66.794305, 663.589608, 37.374209, 0.108034, 1109, 872.0
999, 63.811326, 660.174821, 51.663729, 0.092841, 1115, 865.0
