#idx, x0, x1, x2, y, f_neval, total_time (us), 
0, 68.340918, 665.507203, 39.270191, 0.108145, 4833, 3759.0
1, 71.969642, 660.196205, 45.946610, 0.102397, 4779, 3482.0
2, 74.972680, 661.178130, 35.337718, 0.042772, 4798, 3590.0
3, 70.630098, 661.312017, 39.182843, 0.078598, 4829, 3563.0
4, 71.432390, 662.623260, 38.465516, 0.107387, 4814, 3685.0
5, 76.441151, 660.803298, 28.649669, 0.034005, 4780, 3476.0
6, 69.664904, 661.759748, 44.457948, 0.084713, 4827, 3604.0
7, 74.103229, 660.105587, 44.177017, 0.081103, 4783, 4071.0
8, 69.732396, 662.283395, 41.827828, 0.135724, 4827, 3530.0
9, 70.741624, 661.403292, 39.723970, 0.070081, 4817, 3676.0
10, 74.065148, 659.983387, 38.986037, 0.086045, 4811, 3559.0
11, 78.438351, 660.538795, 30.965143, 0.081684, 4784, 3729.0
12, 75.183535, 660.090978, 36.831382, 0.062555, 4797, 3513.0
13, 77.283084, 659.631478, 31.179869, 0.052967, 4793, 3699.0
14, 74.550958, 660.442465, 38.477662, 0.051730, 4810, 3530.0
15, 73.137408, 660.596249, 36.087707, 0.044216, 4799, 3593.0
16, 75.003719, 660.635527, 31.965618, 0.044870, 4788, 3589.0
17, 76.336211, 660.968265, 28.390635, 0.037723, 4785, 3480.0
18, 74.153352, 659.546180, 36.034070, 0.034948, 4790, 3741.0
19, 77.113236, 660.826108, 34.763842, 0.087685, 4798, 3529.0
20, 76.033988, 659.968505, 33.774389, 0.074252, 4778, 3702.0
21, 74.723003, 661.345089, 29.767065, 0.065474, 4807, 3491.0
22, 69.668915, 661.807014, 40.487553, 0.102172, 4833, 3522.0
23, 71.840938, 660.543939, 39.999329, 0.067001, 4812, 3531.0
24, 70.918447, 661.913111, 41.777656, 0.085546, 4811, 3595.0
25, 74.184297, 659.404090, 38.515048, 0.059838, 4801, 3769.0
26, 69.722859, 661.008343, 42.664366, 0.193512, 4799, 3616.0
27, 67.718545, 660.962418, 45.367928, 0.147862, 4823, 3742.0
28, 71.856050, 660.279350, 38.966529, 0.072531, 4833, 3565.0
29, 72.425666, 660.528612, 42.214496, 0.074904, 4809, 3742.0
30, 72.626391, 660.362979, 39.023634, 0.062078, 4812, 3542.0
31, 69.008340, 662.113191, 42.719909, 0.136337, 4831, 3596.0
32, 78.429753, 658.721665, 32.652720, 0.056905, 4795, 3812.0
33, 75.574746, 658.521579, 34.896506, 0.045001, 4796, 3498.0
34, 71.684473, 660.217542, 43.789412, 0.068789, 4835, 3645.0
35, 71.747739, 662.905946, 38.282031, 0.040595, 4831, 3535.0
36, 67.158561, 658.895926, 48.319244, 0.172142, 4829, 3683.0
37, 72.761736, 659.470716, 40.339629, 0.037192, 4790, 3504.0
38, 70.365779, 659.160597, 46.845123, 0.060566, 4792, 3594.0
39, 72.661530, 660.205294, 35.041770, 0.065912, 4803, 3531.0
40, 68.167530, 662.039577, 42.352230, 0.073314, 4830, 3749.0
41, 70.766745, 662.738449, 37.942060, 0.071304, 4824, 3520.0
42, 69.668588, 663.531738, 34.797947, 0.101688, 4831, 3537.0
43, 72.234380, 660.699553, 43.719839, 0.071754, 4817, 3537.0
44, 70.809369, 661.789778, 40.090726, 0.075278, 4811, 3510.0
45, 71.447308, 661.232096, 37.816237, 0.040618, 4810, 3619.0
46, 70.699462, 660.570808, 43.495763, 0.145033, 4806, 3630.0
47, 77.462036, 659.244674, 31.885379, 0.073654, 4782, 3547.0
48, 71.897351, 661.180059, 41.464546, 0.052372, 4811, 3558.0
49, 77.154556, 658.639379, 30.508587, 0.020894, 4805, 3540.0
50, 68.344539, 661.361574, 41.795879, 0.163898, 4820, 3629.0
51, 70.620001, 659.483363, 42.341360, 0.139094, 4797, 3477.0
52, 69.133270, 662.656392, 37.806138, 0.061307, 4823, 3674.0
53, 72.218903, 661.109594, 38.158018, 0.047411, 4802, 3599.0
54, 75.393213, 659.751339, 31.566248, 0.041562, 4777, 3559.0
55, 69.591841, 659.972140, 44.570058, 0.076452, 4817, 3980.0
56, 70.102418, 663.166596, 43.233022, 0.076655, 4831, 4143.0
57, 66.700815, 659.509124, 46.454997, 0.220987, 4832, 3608.0
58, 70.339180, 660.870296, 44.707894, 0.121306, 4817, 3692.0
59, 72.904340, 660.509725, 35.583385, 0.036911, 4804, 3502.0
60, 73.251367, 660.437472, 37.438110, 0.061333, 4803, 3580.0
61, 74.497681, 660.717419, 31.188142, 0.034809, 4807, 3541.0
62, 68.840886, 662.534010, 37.099414, 0.065987, 4820, 3517.0
63, 77.503936, 659.266623, 28.930174, 0.072680, 4780, 3484.0
64, 72.476636, 659.450566, 45.001436, 0.141678, 4780, 3487.0
65, 70.147781, 659.951126, 38.845675, 0.068635, 4810, 3864.0
66, 68.736884, 659.712627, 44.066675, 0.076864, 4834, 3553.0
67, 74.094704, 659.794826, 34.704507, 0.024848, 4825, 3564.0
68, 69.185199, 659.831885, 45.051289, 0.070022, 4827, 3529.0
69, 68.411964, 661.786619, 41.899182, 0.082411, 4822, 3788.0
70, 68.227790, 660.085099, 44.086707, 0.107723, 4825, 3506.0
71, 73.638167, 659.834931, 41.198139, 0.061688, 4781, 3764.0
72, 70.818872, 663.729614, 37.647535, 0.083290, 4832, 3592.0
73, 68.685662, 660.724667, 44.612096, 0.041681, 4826, 3565.0
74, 69.039522, 662.635357, 37.625155, 0.065657, 4829, 3797.0
75, 71.957911, 660.631734, 37.192338, 0.032030, 4811, 3512.0
76, 68.383389, 664.147499, 35.662248, 0.094079, 4827, 3968.0
77, 65.812238, 662.319454, 44.273627, 0.114781, 4829, 3513.0
78, 76.079431, 659.091579, 37.562173, 0.035481, 4780, 3852.0
79, 70.635259, 660.171254, 43.791182, 0.139304, 4814, 3509.0
80, 70.043439, 661.066975, 38.560859, 0.028838, 4828, 3673.0
81, 70.316109, 661.826958, 40.428637, 0.038196, 4829, 3531.0
82, 67.534548, 662.338817, 42.946687, 0.105550, 4834, 3577.0
83, 69.082328, 662.293036, 39.644479, 0.061089, 4831, 3521.0
84, 69.605483, 660.103622, 43.418338, 0.119790, 4815, 3658.0
85, 67.908358, 661.703727, 43.854418, 0.112044, 4827, 3728.0
86, 74.435538, 660.826525, 33.633739, 0.032271, 4803, 3636.0
87, 68.261715, 662.242695, 41.384711, 0.077597, 4828, 3666.0
88, 64.732902, 665.079582, 39.720944, 0.214843, 4833, 3508.0
89, 71.829658, 660.947024, 38.358184, 0.051037, 4809, 3634.0
90, 69.113340, 660.270976, 45.514622, 0.059990, 4831, 3502.0
91, 71.534694, 660.739580, 38.470387, 0.051081, 4802, 3534.0
92, 67.629083, 666.075124, 50.798497, 0.047560, 4820, 5335.0
93, 70.244790, 660.699776, 42.636517, 0.042761, 4810, 4118.0
94, 71.064558, 660.697060, 46.609493, 0.057504, 4833, 3528.0
95, 74.831327, 661.006807, 32.187143, 0.049698, 4802, 3804.0
96, 71.859697, 660.117861, 39.402377, 0.029779, 4816, 3507.0
97, 70.329415, 661.599290, 43.733907, 0.043621, 4827, 3538.0
98, 73.106429, 660.752608, 37.011530, 0.044411, 4815, 3760.0
99, 71.056244, 662.037806, 37.645789, 0.043562, 4820, 3486.0
100, 69.604817, 660.474712, 45.895784, 0.046839, 4825, 3579.0
101, 69.587718, 662.804523, 44.349279, 0.145944, 4822, 3514.0
102, 68.449939, 661.679510, 43.409483, 0.079400, 4829, 4265.0
103, 68.239233, 661.123745, 43.894665, 0.047088, 4827, 3681.0
104, 67.897746, 661.169523, 40.698108, 0.127178, 4827, 4644.0
105, 69.614730, 661.978557, 36.274816, 0.076362, 4827, 5125.0
106, 68.807095, 659.607573, 43.602728, 0.083171, 4828, 3532.0
107, 75.709388, 657.719409, 42.979476, 0.076643, 4754, 3493.0
108, 69.657711, 661.991342, 40.999481, 0.056936, 4831, 3584.0
109, 66.129649, 661.549888, 43.762620, 0.156481, 4831, 3541.0
110, 72.027475, 660.812532, 39.365560, 0.076768, 4812, 3799.0
111, 71.858065, 661.764636, 35.504030, 0.062653, 4831, 4803.0
112, 76.256579, 659.547421, 31.466869, 0.037345, 4809, 3653.0
113, 68.888199, 661.678435, 43.573732, 0.078690, 4832, 3585.0
114, 69.495161, 661.540314, 43.788156, 0.076683, 4827, 3645.0
115, 73.598241, 661.440747, 31.937940, 0.028878, 4798, 3489.0
116, 73.030865, 659.459086, 35.185723, 0.041601, 4797, 3520.0
117, 72.068220, 660.807203, 44.229320, 0.047301, 4812, 5399.0
118, 69.186341, 663.212045, 39.502759, 0.059616, 4822, 3556.0
119, 73.169789, 658.753236, 39.598765, 0.029226, 4797, 3563.0
120, 69.020294, 662.338984, 39.802357, 0.062624, 4832, 3808.0
121, 65.311940, 661.923942, 44.444273, 0.186781, 4833, 3537.0
122, 76.886805, 659.747292, 30.560521, 0.076676, 4785, 3468.0
123, 69.917578, 662.300541, 41.965759, 0.032873, 4832, 3680.0
124, 73.958615, 659.081085, 35.949387, 0.033576, 4812, 3495.0
125, 71.903666, 659.176415, 42.897112, 0.052713, 4794, 3550.0
126, 68.298048, 659.933073, 43.257369, 0.050256, 4824, 3515.0
127, 67.776687, 661.793827, 40.041562, 0.079396, 4832, 3555.0
128, 67.964899, 659.414284, 43.869216, 0.143145, 4840, 3635.0
129, 70.561701, 661.366095, 41.851029, 0.123150, 4831, 3527.0
130, 70.306068, 664.137649, 36.793732, 0.079585, 4827, 3554.0
131, 67.224451, 664.575127, 41.509263, 0.123836, 4832, 3514.0
132, 74.311400, 658.138360, 40.016099, 0.035920, 4781, 3624.0
133, 70.150821, 660.184451, 43.697044, 0.075170, 4828, 3520.0
134, 71.075901, 662.456311, 37.825867, 0.033922, 4825, 3619.0
135, 71.441059, 662.643885, 35.981546, 0.063594, 4833, 3510.0
136, 67.847115, 660.867483, 45.477018, 0.236197, 4824, 3492.0
137, 69.006924, 660.318261, 48.874791, 0.164154, 4820, 3676.0
138, 66.111716, 660.929315, 43.490492, 0.238433, 4824, 3510.0
139, 71.073619, 661.670866, 42.451988, 0.127368, 4827, 3687.0
140, 68.015137, 661.933987, 43.579738, 0.090652, 4827, 3527.0
141, 68.661125, 661.943220, 40.484948, 0.074878, 4826, 3562.0
142, 75.130453, 660.163294, 36.501350, 0.071885, 4818, 3496.0
143, 76.915823, 659.466109, 31.419871, 0.058201, 4800, 3568.0
144, 72.636634, 662.141750, 39.646490, 0.094816, 4804, 3498.0
145, 71.710923, 660.152731, 43.834911, 0.093235, 4798, 3511.0
146, 70.853857, 662.307222, 37.978810, 0.068895, 4831, 3722.0
147, 79.268022, 660.213783, 25.391978, 0.050312, 4798, 3472.0
148, 73.968469, 660.966636, 32.754397, 0.052839, 4795, 3656.0
149, 70.978834, 662.840000, 41.674164, 0.121114, 4835, 3541.0
150, 69.883945, 662.628618, 40.851114, 0.047043, 4831, 3571.0
151, 70.981908, 661.373091, 42.474384, 0.094006, 4829, 3535.0
152, 72.461430, 661.290625, 41.712145, 0.145383, 4798, 3540.0
153, 69.451357, 661.164383, 44.456802, 0.240606, 4823, 3521.0
154, 68.377969, 660.417509, 45.865894, 0.114154, 4825, 3532.0
155, 68.706782, 662.357737, 44.707191, 0.179305, 4825, 3558.0
156, 67.857634, 660.627918, 44.763285, 0.100144, 4833, 3546.0
157, 72.411402, 661.027274, 36.491192, 0.009223, 4802, 3587.0
158, 73.246633, 660.607619, 38.297562, 0.035304, 4806, 3506.0
159, 70.383338, 661.468614, 44.005002, 0.072060, 4832, 3693.0
160, 70.938207, 661.186042, 43.114194, 0.102990, 4805, 3490.0
161, 68.615864, 663.450819, 41.310871, 0.240830, 4825, 3515.0
162, 69.468695, 661.975756, 43.079768, 0.154672, 4822, 3648.0
163, 67.338315, 660.822824, 44.802687, 0.108998, 4826, 3523.0
164, 72.472422, 660.447216, 40.221298, 0.033943, 4806, 3708.0
165, 70.975123, 661.891526, 41.997473, 0.074978, 4822, 3529.0
166, 71.236263, 661.066679, 41.225353, 0.110399, 4817, 3642.0
167, 66.003546, 661.351875, 43.171996, 0.231394, 4831, 3516.0
168, 74.412172, 661.527485, 31.898306, 0.043492, 4804, 3581.0
169, 75.235148, 659.664241, 36.163035, 0.038108, 4792, 3469.0
170, 70.791877, 661.332540, 41.670908, 0.057901, 4831, 3535.0
171, 70.912983, 660.604864, 40.339078, 0.065551, 4808, 3509.0
172, 72.579799, 661.278114, 38.320340, 0.042364, 4816, 3508.0
173, 74.004326, 660.084751, 38.640911, 0.055355, 4808, 3684.0
174, 69.115293, 661.637177, 43.675018, 0.109936, 4832, 3512.0
175, 67.680582, 665.389450, 38.476617, 0.113963, 4825, 3639.0
176, 66.148461, 660.277710, 46.112192, 0.209756, 4829, 3527.0
177, 71.340999, 662.511650, 40.188392, 0.084007, 4815, 3556.0
178, 67.467458, 658.993257, 47.387308, 0.156389, 4825, 3530.0
179, 70.750450, 660.669890, 41.710266, 0.051524, 4834, 3545.0
180, 75.790828, 659.986932, 36.652363, 0.059420, 4783, 3667.0
181, 72.798548, 659.354691, 37.341460, 0.036647, 4788, 3474.0
182, 69.398092, 660.891727, 42.965151, 0.070268, 4823, 3682.0
183, 67.017135, 663.881241, 39.699100, 0.120375, 4828, 3552.0
184, 71.876932, 661.595653, 39.065115, 0.074743, 4833, 3636.0
185, 70.126154, 662.810317, 37.433253, 0.042852, 4833, 3569.0
186, 72.461014, 659.204067, 39.798968, 0.051233, 4811, 3517.0
187, 66.196339, 661.991499, 45.836152, 0.103638, 4827, 3549.0
188, 66.321037, 663.929959, 40.146447, 0.138034, 4825, 3511.0
189, 71.521712, 662.040323, 34.388815, 0.035511, 4828, 3544.0
190, 69.096323, 661.867377, 42.632558, 0.124492, 4830, 3535.0
191, 71.760620, 659.926965, 41.163273, 0.037080, 4823, 3579.0
192, 73.818847, 660.825519, 33.514544, 0.048985, 4808, 3495.0
193, 71.562448, 662.501888, 35.834510, 0.043338, 4827, 3582.0
194, 74.397978, 660.750255, 32.668285, 0.041013, 4817, 3500.0
195, 73.427542, 661.505182, 39.376348, 0.099664, 4803, 3512.0
196, 69.811460, 661.803018, 42.095289, 0.050122, 4830, 3558.0
197, 68.317462, 662.608962, 38.452716, 0.115982, 4823, 3541.0
198, 74.484076, 659.468259, 31.778594, 0.057127, 4818, 3607.0
199, 72.830669, 661.993750, 33.603851, 0.064854, 4815, 3512.0
200, 73.102367, 659.763641, 39.731992, 0.098220, 4789, 3590.0
201, 69.527901, 662.022369, 39.763484, 0.057980, 4828, 3516.0
202, 68.748359, 663.467371, 37.754252, 0.039678, 4823, 3575.0
203, 78.390348, 658.200242, 37.266579, 0.078078, 4771, 3474.0
204, 71.432045, 661.201251, 39.609095, 0.034410, 4810, 3515.0
205, 74.720245, 660.156060, 39.062687, 0.120724, 4780, 3624.0
206, 71.337344, 662.034236, 34.302423, 0.057085, 4827, 3520.0
207, 68.049736, 663.221591, 40.518431, 0.116242, 4836, 3647.0
208, 67.851696, 660.892104, 45.406160, 0.048880, 4828, 3534.0
209, 72.989994, 661.063042, 39.225681, 0.055316, 4804, 3699.0
210, 72.087720, 662.465989, 37.829961, 0.041652, 4809, 3518.0
211, 72.157272, 662.981768, 34.088421, 0.041534, 4834, 3566.0
212, 71.017503, 662.325344, 41.771730, 0.068258, 4816, 3523.0
213, 70.531429, 663.599695, 37.810094, 0.035037, 4829, 3520.0
214, 72.680034, 659.395976, 37.891071, 0.096471, 4797, 3628.0
215, 73.177817, 661.048503, 40.835375, 0.117400, 4796, 3490.0
216, 69.673197, 661.773184, 42.725935, 0.130781, 4813, 3550.0
217, 70.707113, 662.683491, 39.669227, 0.031204, 4827, 3518.0
218, 74.601706, 659.842675, 33.172609, 0.041865, 4794, 3561.0
219, 76.223681, 660.193663, 36.211202, 0.072114, 4790, 3492.0
220, 72.999359, 662.280383, 34.694855, 0.025954, 4828, 3564.0
221, 75.167981, 660.516561, 37.864514, 0.102895, 4796, 3495.0
222, 75.322890, 658.969005, 42.849810, 0.128457, 4757, 3510.0
223, 70.310488, 661.359337, 42.562951, 0.111590, 4813, 3519.0
224, 68.233102, 663.333977, 38.589370, 0.041695, 4826, 3566.0
225, 67.918116, 662.332772, 42.006985, 0.126850, 4833, 3524.0
226, 74.178159, 661.643070, 30.466280, 0.057348, 4810, 3626.0
227, 72.260138, 660.493800, 35.352088, 0.056467, 4810, 3496.0
228, 70.399750, 660.545774, 42.542672, 0.085353, 4809, 3492.0
229, 71.080578, 662.133793, 38.901692, 0.040125, 4813, 3522.0
230, 71.445504, 660.462220, 38.807764, 0.032340, 4822, 3537.0
231, 77.435943, 661.480655, 32.083470, 0.106223, 4792, 3599.0
232, 70.610798, 662.866296, 37.427417, 0.094450, 4833, 3517.0
233, 68.974604, 662.833518, 38.553963, 0.050038, 4838, 3636.0
234, 68.766518, 661.925450, 42.551867, 0.107111, 4829, 3510.0
235, 71.549640, 660.423965, 40.757738, 0.079698, 4793, 3521.0
236, 74.121096, 660.824418, 38.390020, 0.066196, 4811, 3593.0
237, 68.700706, 662.631490, 41.175689, 0.074965, 4827, 3547.0
238, 73.566628, 660.568086, 35.747684, 0.040789, 4819, 3513.0
239, 74.407788, 660.845100, 40.033077, 0.050231, 4793, 3480.0
240, 75.255956, 659.189207, 36.270148, 0.021544, 4790, 3528.0
241, 70.946707, 658.417132, 45.395118, 0.159942, 4801, 3502.0
242, 69.195285, 660.550585, 45.617315, 0.068217, 4828, 3572.0
243, 72.227870, 661.533864, 35.789478, 0.044361, 4817, 3505.0
244, 69.920640, 660.448718, 42.234282, 0.043790, 4828, 3517.0
245, 72.803908, 659.672377, 38.766267, 0.054920, 4797, 3499.0
246, 74.074345, 659.012512, 40.035675, 0.054489, 4783, 3519.0
247, 72.560454, 659.672093, 40.867034, 0.013805, 4818, 3577.0
248, 68.040232, 662.180832, 43.360107, 0.178452, 4824, 3587.0
249, 70.240117, 659.726578, 44.089481, 0.173816, 4796, 3643.0
250, 69.938322, 663.537422, 38.059565, 0.029683, 4830, 3502.0
251, 70.490526, 661.007316, 41.502347, 0.161741, 4820, 3556.0
252, 73.558557, 661.022625, 36.630361, 0.062059, 4790, 3587.0
253, 73.135394, 659.467793, 34.968670, 0.031351, 4790, 3488.0
254, 72.315641, 660.631804, 36.988832, 0.069501, 4812, 3549.0
255, 71.095939, 661.733926, 36.284705, 0.045197, 4829, 3513.0
256, 73.810384, 659.573985, 38.106669, 0.056422, 4796, 3551.0
257, 73.305902, 660.249682, 39.832593, 0.082568, 4792, 3569.0
258, 70.017885, 662.333431, 39.903509, 0.040280, 4831, 3579.0
259, 68.833170, 660.744880, 41.933672, 0.170791, 4815, 3509.0
260, 69.271124, 662.517220, 38.988822, 0.130729, 4833, 3576.0
261, 68.945006, 661.798904, 43.848661, 0.089941, 4828, 3537.0
262, 77.026565, 658.853750, 30.846523, 0.058504, 4800, 3553.0
263, 67.772323, 659.508140, 44.886142, 0.207791, 4828, 3519.0
264, 75.477253, 660.055789, 28.270241, 0.073621, 4779, 3523.0
265, 73.940898, 660.138302, 29.327733, 0.013755, 4802, 3536.0
266, 70.233456, 659.779867, 44.204982, 0.062179, 4814, 3566.0
267, 72.505421, 660.342687, 36.165214, 0.032288, 4805, 3508.0
268, 72.281232, 662.039955, 35.807613, 0.075413, 4802, 3489.0
269, 70.895116, 659.738972, 40.845884, 0.106960, 4791, 3586.0
270, 76.103150, 658.662410, 33.253451, 0.046096, 4780, 3479.0
271, 73.440989, 662.571128, 37.269696, 0.053915, 4811, 3703.0
272, 70.807747, 660.826300, 39.970215, 0.030606, 4818, 3525.0
273, 69.670271, 659.974876, 44.660665, 0.122806, 4814, 3618.0
274, 77.877987, 661.318640, 19.654694, 0.060119, 4821, 3471.0
275, 75.820862, 659.723159, 36.188761, 0.075955, 4783, 3582.0
276, 76.470320, 658.937781, 33.613510, 0.042011, 4791, 3491.0
277, 73.690891, 661.388778, 38.544814, 0.064115, 4811, 3515.0
278, 73.909758, 661.697839, 33.711067, 0.089838, 4782, 3535.0
279, 69.457472, 660.397708, 44.170272, 0.097090, 4825, 3575.0
280, 74.639498, 659.081248, 36.801300, 0.059010, 4809, 3719.0
281, 71.659354, 661.871172, 37.620627, 0.036877, 4815, 3508.0
282, 70.416864, 658.702666, 44.422478, 0.116686, 4811, 3559.0
283, 76.820361, 659.758668, 32.835513, 0.067877, 4807, 3485.0
284, 73.783686, 662.599504, 32.259389, 0.066864, 4837, 3519.0
285, 67.978495, 657.685645, 47.488640, 0.359735, 4818, 3643.0
286, 69.741418, 662.545303, 40.355938, 0.040301, 4831, 3518.0
287, 67.517181, 661.828202, 44.786466, 0.109753, 4824, 3607.0
288, 70.433231, 660.259687, 41.093575, 0.059096, 4810, 3507.0
289, 69.883019, 661.647433, 40.189106, 0.072631, 4830, 3595.0
290, 69.260447, 661.873654, 42.727278, 0.162538, 4829, 3522.0
291, 68.769794, 662.418962, 43.283130, 0.063636, 4830, 3678.0
292, 71.508867, 662.377083, 41.723159, 0.073502, 4827, 3537.0
293, 69.654498, 662.516311, 38.209815, 0.097754, 4804, 3488.0
294, 70.299008, 662.258135, 43.144360, 0.095423, 4816, 3619.0
295, 68.035337, 660.120113, 44.681089, 0.150983, 4836, 3539.0
296, 72.636168, 660.651050, 37.336466, 0.032630, 4825, 3596.0
297, 71.682754, 660.707563, 38.782523, 0.038026, 4810, 3505.0
298, 66.848125, 660.708697, 44.261513, 0.133348, 4832, 3551.0
299, 72.763899, 660.581247, 41.319655, 0.117685, 4789, 3480.0
300, 72.596169, 661.710013, 37.103032, 0.046062, 4808, 3515.0
301, 72.716668, 661.578459, 36.656551, 0.034331, 4822, 3508.0
302, 70.898678, 661.777847, 33.112365, 0.065018, 4825, 3505.0
303, 72.283713, 662.182273, 36.475404, 0.061361, 4818, 3557.0
304, 72.687179, 662.676503, 30.506363, 0.061716, 4826, 3554.0
305, 75.430957, 659.771863, 32.235886, 0.044341, 4802, 3578.0
306, 70.945431, 660.215236, 42.636356, 0.079996, 4813, 3495.0
307, 75.504701, 660.759999, 27.688597, 0.055408, 4783, 3540.0
308, 72.011502, 660.426734, 38.593590, 0.060868, 4797, 3581.0
309, 74.107669, 660.636906, 37.351656, 0.051629, 4807, 3495.0
310, 69.639605, 661.601806, 41.977507, 0.040535, 4829, 3577.0
311, 69.026882, 662.365331, 41.316598, 0.074420, 4833, 3539.0
312, 76.159549, 661.277226, 29.373337, 0.065555, 4802, 3599.0
313, 71.276225, 660.846472, 41.391831, 0.055662, 4808, 3502.0
314, 73.619806, 662.048880, 36.378644, 0.065519, 4813, 3691.0
315, 74.550862, 659.925963, 36.224709, 0.046341, 4796, 3474.0
316, 78.263735, 658.951203, 35.452162, 0.139291, 4777, 3498.0
317, 74.464655, 661.162269, 32.775816, 0.027895, 4811, 3523.0
318, 69.256181, 664.994450, 39.268250, 0.122663, 4825, 3498.0
319, 73.240161, 661.827359, 33.825209, 0.043642, 4798, 3526.0
320, 72.551561, 662.790611, 32.456562, 0.060185, 4825, 3507.0
321, 72.303523, 661.951212, 36.658062, 0.050236, 4828, 3667.0
322, 68.522140, 664.185320, 38.795580, 0.072036, 4828, 3503.0
323, 77.024241, 662.802447, 26.363751, 0.096617, 4805, 3483.0
324, 73.784747, 661.337514, 35.090395, 0.035014, 4823, 5051.0
325, 74.894717, 661.076376, 31.283936, 0.017987, 4819, 3605.0
326, 76.574294, 659.534076, 37.254194, 0.103478, 4783, 3545.0
327, 71.292629, 664.065388, 38.224089, 0.073046, 4829, 4314.0
328, 73.723327, 659.864566, 40.070945, 0.052464, 4788, 5589.0
329, 67.429534, 661.366477, 44.144491, 0.053229, 4830, 5508.0
330, 70.595500, 661.928079, 40.704393, 0.048308, 4818, 5382.0
331, 69.661769, 661.142788, 42.279888, 0.134437, 4818, 5530.0
332, 70.870683, 660.847965, 40.065931, 0.062300, 4814, 5429.0
333, 68.691193, 662.271328, 41.195871, 0.098388, 4834, 4883.0
334, 71.208905, 660.036053, 42.924735, 0.076990, 4810, 5551.0
335, 70.116504, 659.500492, 45.673963, 0.112328, 4821, 4634.0
336, 66.300472, 662.336156, 43.952383, 0.134692, 4829, 3503.0
337, 70.911371, 662.190287, 38.498453, 0.060770, 4832, 3752.0
338, 69.755827, 660.634888, 42.521364, 0.059711, 4835, 3526.0
339, 73.208537, 661.474127, 39.287917, 0.058800, 4818, 3651.0
340, 69.573689, 661.470406, 43.443343, 0.067018, 4823, 3562.0
341, 70.679786, 661.498423, 35.766474, 0.043728, 4830, 3821.0
342, 70.791305, 660.464524, 42.474705, 0.074327, 4808, 3879.0
343, 71.026975, 662.338296, 40.707519, 0.039296, 4830, 3531.0
344, 70.508427, 661.391263, 42.365786, 0.152639, 4804, 3927.0
345, 73.957739, 661.925766, 30.258519, 0.070023, 4829, 3514.0
346, 69.177416, 659.199787, 47.780592, 0.160400, 4827, 3612.0
347, 72.458504, 660.111056, 38.789731, 0.062136, 4796, 3490.0
348, 70.092917, 661.002014, 45.019629, 0.135867, 4814, 4143.0
349, 67.998722, 662.502178, 38.939417, 0.058753, 4829, 4628.0
350, 77.205670, 660.455835, 29.885123, 0.087915, 4777, 3751.0
351, 67.747155, 660.218362, 46.591499, 0.222731, 4824, 3579.0
352, 70.160187, 663.068810, 38.851881, 0.069915, 4830, 3622.0
353, 70.820260, 661.158971, 40.541883, 0.064696, 4820, 3516.0
354, 73.290249, 661.894177, 37.094549, 0.068535, 4816, 3538.0
355, 71.029297, 662.233175, 38.929509, 0.055160, 4811, 3579.0
356, 72.190963, 662.121144, 33.779700, 0.057176, 4832, 3528.0
357, 69.555649, 662.797356, 40.349469, 0.131927, 4834, 3813.0
358, 66.966699, 661.087157, 43.309834, 0.100245, 4822, 3506.0
359, 74.544904, 660.197500, 35.958185, 0.064376, 4808, 3804.0
360, 70.930713, 662.678200, 41.252008, 0.096824, 4833, 3569.0
361, 70.846592, 660.167988, 39.288339, 0.027480, 4821, 3694.0
362, 71.985683, 663.531307, 31.114890, 0.042189, 4830, 3559.0
363, 72.756754, 662.185784, 37.405372, 0.015719, 4818, 4568.0
364, 73.929698, 660.563280, 37.497013, 0.042425, 4813, 3525.0
365, 73.139255, 660.352811, 36.358628, 0.023244, 4813, 3615.0
366, 69.479835, 661.207175, 41.326569, 0.062206, 4829, 4274.0
367, 72.512614, 662.607742, 28.538106, 0.025143, 4832, 3897.0
368, 74.464503, 659.965163, 37.242359, 0.038775, 4794, 3516.0
369, 72.749449, 660.931548, 37.101791, 0.058165, 4816, 3584.0
370, 73.310472, 661.064333, 43.326860, 0.064026, 4813, 3531.0
371, 74.892792, 661.706698, 37.923566, 0.079437, 4809, 3541.0
372, 73.216409, 661.880677, 32.852964, 0.055074, 4832, 4814.0
373, 73.133596, 660.001709, 39.407309, 0.064135, 4799, 4452.0
374, 69.162559, 662.748477, 43.450805, 0.194533, 4821, 4203.0
375, 72.758448, 660.726827, 39.041256, 0.055082, 4821, 4703.0
376, 72.030151, 660.708645, 39.375251, 0.042508, 4806, 3506.0
377, 70.946399, 662.720701, 38.728925, 0.103549, 4816, 4442.0
378, 70.368439, 662.053550, 40.393405, 0.073263, 4829, 3699.0
379, 70.639636, 662.467863, 38.549843, 0.060875, 4828, 3869.0
380, 76.152831, 659.353055, 37.792064, 0.057537, 4788, 3534.0
381, 71.542034, 662.242987, 36.275729, 0.087559, 4792, 4026.0
382, 74.007489, 660.181862, 37.201996, 0.020020, 4810, 3899.0
383, 76.260842, 660.994481, 26.503632, 0.033202, 4785, 3729.0
384, 71.092222, 660.652916, 42.323068, 0.135932, 4788, 3533.0
385, 70.173000, 662.228197, 41.844974, 0.083602, 4816, 3668.0
386, 75.159625, 659.982501, 39.695061, 0.070279, 4806, 3854.0
387, 69.104718, 661.519991, 40.658669, 0.140714, 4833, 4009.0
388, 70.759046, 661.781041, 41.172051, 0.070560, 4828, 3544.0
389, 69.041460, 659.819613, 45.342422, 0.111405, 4829, 3971.0
390, 69.534611, 665.957782, 55.490154, 0.087604, 4801, 3769.0
391, 76.030375, 661.485085, 37.009472, 0.135601, 4792, 3552.0
392, 72.222171, 660.275718, 39.887069, 0.063010, 4814, 3547.0
393, 74.010311, 660.764100, 38.157938, 0.054748, 4809, 3608.0
394, 70.176670, 659.690377, 45.236263, 0.096704, 4812, 3592.0
395, 78.162216, 658.244731, 34.129433, 0.082646, 4777, 3638.0
396, 74.071354, 660.321321, 38.207597, 0.043913, 4808, 4243.0
397, 70.576272, 661.742346, 39.317703, 0.024173, 4828, 3545.0
398, 73.553869, 660.383520, 37.995791, 0.043342, 4819, 3582.0
399, 76.468048, 659.847984, 36.209892, 0.078573, 4809, 3508.0
400, 71.096604, 660.833354, 41.723341, 0.108012, 4816, 4005.0
401, 70.117423, 662.219682, 39.222363, 0.061750, 4831, 3519.0
402, 70.919383, 661.627074, 39.633447, 0.106513, 4792, 3562.0
403, 72.929657, 661.523734, 40.076587, 0.031388, 4812, 3530.0
404, 69.966826, 661.362705, 42.671820, 0.054171, 4820, 3915.0
405, 74.902041, 660.773182, 33.812622, 0.036661, 4813, 3587.0
406, 73.250288, 662.458415, 32.378434, 0.043146, 4830, 3586.0
407, 75.205539, 660.765408, 36.287392, 0.059340, 4788, 3582.0
408, 74.663924, 660.027412, 33.342291, 0.056522, 4814, 3858.0
409, 77.371897, 662.279052, 23.713425, 0.112978, 4812, 3539.0
410, 69.615956, 663.367651, 39.177566, 0.079524, 4830, 3528.0
411, 81.499982, 657.719677, 28.719020, 0.064694, 4777, 3952.0
412, 72.048723, 662.053382, 33.329879, 0.035597, 4823, 3521.0
413, 73.734247, 660.702887, 38.524176, 0.037391, 4819, 3525.0
414, 73.102047, 660.141357, 37.550809, 0.045619, 4812, 3533.0
415, 75.358262, 660.250566, 40.677598, 0.040644, 4780, 3919.0
416, 73.467846, 661.417005, 30.499502, 0.047353, 4824, 3591.0
417, 66.529658, 659.247203, 46.142894, 0.216429, 4835, 3524.0
418, 74.342416, 661.846155, 33.840093, 0.053769, 4808, 3581.0
419, 70.016171, 662.450253, 39.983347, 0.054935, 4831, 3926.0
420, 70.357960, 660.892193, 38.586034, 0.119209, 4824, 3701.0
421, 74.597689, 660.022881, 36.895416, 0.056725, 4788, 3494.0
422, 73.323874, 660.613439, 39.210905, 0.051078, 4818, 3597.0
423, 69.613352, 662.237953, 41.600915, 0.085577, 4832, 3631.0
424, 72.195986, 661.920944, 34.548685, 0.068100, 4829, 3527.0
425, 75.357674, 659.152065, 37.017524, 0.061365, 4792, 3498.0
426, 72.089016, 661.470290, 36.631340, 0.059569, 4814, 3506.0
427, 72.016359, 659.748397, 42.956195, 0.060471, 4819, 3893.0
428, 77.078274, 661.381077, 26.512936, 0.084098, 4779, 3476.0
429, 69.217612, 661.327511, 43.665335, 0.136834, 4828, 3600.0
430, 74.946995, 660.715695, 35.621223, 0.065346, 4793, 3527.0
431, 68.761546, 662.040871, 44.088503, 0.055923, 4837, 3700.0
432, 72.493409, 661.662120, 37.021765, 0.056379, 4813, 3515.0
433, 72.648514, 660.703450, 36.204980, 0.047233, 4809, 3496.0
434, 71.132532, 660.337674, 40.147764, 0.037997, 4817, 3525.0
435, 68.353526, 661.124354, 41.901308, 0.085253, 4832, 3769.0
436, 67.131875, 663.524171, 39.159716, 0.110089, 4829, 3730.0
437, 69.366480, 660.912273, 45.085534, 0.115813, 4828, 3544.0
438, 68.443552, 664.563245, 35.573130, 0.081829, 4831, 3621.0
439, 70.645090, 661.961384, 39.238973, 0.039048, 4830, 3528.0
440, 71.398863, 661.167596, 39.512016, 0.038687, 4810, 3616.0
441, 74.999049, 660.049825, 36.800843, 0.052436, 4788, 3528.0
442, 67.225633, 663.193018, 42.088038, 0.063313, 4828, 3544.0
443, 74.528481, 659.693694, 33.961586, 0.013477, 4811, 3480.0
444, 70.435541, 659.501715, 44.967575, 0.088525, 4822, 3551.0
445, 72.798982, 660.526681, 36.618381, 0.027695, 4812, 3678.0
446, 73.031630, 660.882746, 42.015005, 0.136250, 4794, 4053.0
447, 72.710990, 662.643718, 40.665195, 0.130813, 4810, 3704.0
448, 70.872738, 661.788234, 40.064488, 0.043185, 4825, 3519.0
449, 70.244547, 661.976329, 40.703581, 0.057528, 4823, 3599.0
450, 72.623851, 660.995502, 39.601938, 0.048196, 4804, 3586.0
451, 70.150768, 662.601098, 40.887297, 0.111169, 4824, 3694.0
452, 70.454337, 662.771083, 36.030694, 0.058615, 4827, 3504.0
453, 74.673545, 660.411079, 35.661801, 0.025157, 4807, 3721.0
454, 68.523911, 662.066181, 36.035935, 0.057936, 4823, 3947.0
455, 72.039120, 659.563865, 42.356345, 0.114141, 4780, 3462.0
456, 78.588226, 660.422797, 30.138291, 0.125732, 4783, 3546.0
457, 70.923956, 662.500615, 35.602966, 0.056840, 4835, 3518.0
458, 73.838497, 660.168471, 35.384928, 0.028887, 4813, 3693.0
459, 72.033244, 659.693714, 41.819276, 0.149636, 4789, 3674.0
460, 71.396946, 660.935448, 43.322905, 0.117878, 4808, 3807.0
461, 72.952360, 660.876529, 39.144877, 0.101656, 4796, 3534.0
462, 71.624767, 660.706796, 41.241935, 0.044052, 4822, 3549.0
463, 72.995353, 661.300017, 39.015314, 0.090437, 4790, 3498.0
464, 72.452248, 660.391811, 44.697989, 0.093035, 4789, 3530.0
465, 71.843882, 661.175549, 44.875999, 0.065899, 4819, 3636.0
466, 67.605995, 661.174623, 44.099565, 0.135810, 4826, 3518.0
467, 74.505389, 659.353088, 38.359863, 0.088407, 4798, 3710.0
468, 74.214222, 659.496866, 40.344102, 0.039606, 4776, 3692.0
469, 69.165843, 663.445622, 40.432723, 0.075328, 4832, 4070.0
470, 68.476102, 662.417823, 40.679862, 0.120414, 4826, 3507.0
471, 71.860634, 660.507698, 43.180897, 0.096730, 4811, 3560.0
472, 69.256663, 663.004478, 41.647576, 0.105797, 4833, 3551.0
473, 71.471288, 662.203919, 35.552796, 0.061596, 4828, 3509.0
474, 67.917200, 661.632233, 44.105699, 0.182370, 4829, 3567.0
475, 71.621148, 660.981981, 39.036807, 0.095930, 4795, 3486.0
476, 69.572287, 660.697116, 43.680069, 0.136891, 4824, 3604.0
477, 71.667508, 661.554671, 36.927894, 0.029869, 4808, 3493.0
478, 70.878665, 661.315109, 38.418571, 0.014692, 4824, 3575.0
479, 72.820470, 661.930730, 40.962667, 0.081823, 4822, 3523.0
480, 73.578284, 659.289526, 40.424333, 0.061191, 4790, 3557.0
481, 72.135995, 660.460283, 41.890938, 0.032833, 4816, 3512.0
482, 72.520157, 661.853616, 41.693184, 0.079033, 4810, 3510.0
483, 67.360276, 660.383133, 43.031556, 0.118149, 4833, 3580.0
484, 70.063181, 663.058703, 36.030853, 0.056717, 4833, 3576.0
485, 68.083818, 661.649959, 42.645634, 0.035960, 4826, 3583.0
486, 73.233178, 661.945053, 32.930849, 0.059061, 4825, 3515.0
487, 69.992989, 661.038684, 38.010384, 0.025345, 4825, 3789.0
488, 71.006842, 661.585481, 38.849500, 0.051555, 4830, 3545.0
489, 73.155517, 661.060905, 35.927814, 0.052967, 4813, 3720.0
490, 68.212544, 662.821737, 38.311914, 0.072907, 4836, 3496.0
491, 70.692684, 661.484517, 39.582039, 0.071691, 4827, 3545.0
492, 71.196033, 662.715020, 39.505774, 0.080229, 4819, 3588.0
493, 66.280373, 661.569974, 42.639828, 0.085293, 4837, 3516.0
494, 69.548754, 662.431810, 41.596796, 0.082924, 4829, 4625.0
495, 78.281061, 661.115860, 27.634776, 0.071083, 4776, 4613.0
496, 72.422226, 661.164700, 33.797640, 0.023081, 4824, 3519.0
497, 69.537210, 661.476768, 43.127830, 0.179462, 4828, 3600.0
498, 69.522088, 663.846941, 40.693344, 0.107924, 4829, 3590.0
499, 74.836849, 661.620083, 32.163781, 0.035526, 4812, 3520.0
500, 71.591889, 661.560041, 45.256420, 0.065626, 4806, 3633.0
501, 68.644289, 662.633549, 39.904074, 0.050918, 4830, 3508.0
502, 70.888840, 659.076036, 44.522657, 0.134820, 4788, 3624.0
503, 69.135690, 660.945668, 40.511715, 0.060866, 4822, 3501.0
504, 72.911645, 661.052041, 38.019979, 0.042343, 4806, 3492.0
505, 69.202815, 661.025197, 39.435517, 0.073765, 4820, 3565.0
506, 70.744968, 662.615538, 38.228985, 0.061594, 4830, 3540.0
507, 72.375747, 661.328729, 34.301746, 0.058855, 4833, 3756.0
508, 71.161955, 662.587179, 39.575132, 0.049881, 4806, 3505.0
509, 71.123744, 661.424584, 39.796592, 0.045724, 4825, 3566.0
510, 71.213154, 660.996501, 42.079253, 0.061320, 4816, 3664.0
511, 68.857224, 662.226953, 40.055605, 0.206233, 4815, 3660.0
512, 68.755249, 662.135178, 44.776838, 0.055381, 4826, 3537.0
513, 72.303814, 661.572523, 39.079089, 0.068753, 4813, 3513.0
514, 68.875920, 659.673802, 45.831228, 0.110049, 4813, 3788.0
515, 73.540987, 660.277686, 40.580130, 0.058244, 4802, 3492.0
516, 66.624307, 662.356329, 44.443289, 0.110048, 4831, 3570.0
517, 71.264985, 661.299451, 40.987486, 0.061815, 4808, 3508.0
518, 66.732803, 662.225909, 41.432441, 0.149790, 4827, 3801.0
519, 69.775517, 660.104154, 47.351453, 0.074369, 4813, 3475.0
520, 72.623529, 661.574644, 33.498428, 0.033858, 4832, 3498.0
521, 71.829699, 661.519165, 34.412068, 0.066131, 4831, 5160.0
522, 68.799982, 661.555999, 40.401048, 0.114518, 4822, 3578.0
523, 73.337829, 660.658058, 38.977641, 0.062514, 4801, 3499.0
524, 72.758169, 662.170951, 40.542770, 0.067938, 4814, 3498.0
525, 70.749555, 662.457371, 42.886324, 0.029952, 4820, 3602.0
526, 68.664318, 661.647254, 43.011423, 0.219758, 4830, 3577.0
527, 68.119575, 661.213398, 44.420366, 0.102893, 4822, 4201.0
528, 74.162552, 659.499557, 34.903343, 0.042534, 4792, 3691.0
529, 71.081282, 662.613040, 38.703923, 0.107258, 4810, 3650.0
530, 74.070030, 660.531262, 34.416573, 0.032740, 4811, 3543.0
531, 74.997330, 660.471389, 33.712789, 0.069347, 4814, 3564.0
532, 77.971674, 658.389553, 38.435684, 0.103010, 4763, 3557.0
533, 70.222549, 662.905470, 41.121973, 0.071810, 4827, 3845.0
534, 68.860919, 660.185284, 39.788881, 0.113906, 4831, 5085.0
535, 71.541616, 662.325897, 37.594092, 0.113731, 4826, 4802.0
536, 74.551583, 659.815148, 33.244537, 0.026134, 4796, 3586.0
537, 75.586850, 661.540128, 31.776625, 0.058155, 4803, 3779.0
538, 73.257584, 660.769337, 32.061099, 0.030568, 4797, 3912.0
539, 73.218346, 661.718256, 37.416471, 0.061089, 4809, 3776.0
540, 70.556047, 662.826600, 36.140171, 0.058340, 4833, 5435.0
541, 71.952399, 660.996002, 43.795757, 0.048478, 4810, 4089.0
542, 71.551514, 661.581162, 40.472325, 0.053268, 4806, 3504.0
543, 71.422855, 660.717329, 39.971411, 0.052507, 4831, 3641.0
544, 70.766817, 661.930059, 41.235880, 0.077592, 4828, 3913.0
545, 70.243300, 663.145352, 38.314856, 0.065948, 4826, 4510.0
546, 73.553841, 662.194783, 29.169097, 0.080098, 4831, 4047.0
547, 72.462400, 660.673921, 37.156423, 0.054592, 4810, 3708.0
548, 69.497869, 661.811570, 40.151324, 0.117102, 4825, 3729.0
549, 72.699130, 660.624505, 39.586123, 0.060055, 4814, 3780.0
550, 73.188244, 660.487826, 37.264637, 0.077886, 4793, 4155.0
551, 70.731751, 661.326379, 40.408120, 0.049151, 4823, 4569.0
552, 66.615920, 662.695974, 42.277315, 0.339441, 4823, 3885.0
553, 76.331060, 660.679195, 34.871639, 0.081475, 4774, 3923.0
554, 71.994436, 659.933838, 36.414789, 0.072637, 4791, 3896.0
555, 69.965967, 661.385684, 37.174141, 0.044044, 4825, 4159.0
556, 69.061098, 661.846263, 38.101196, 0.110198, 4829, 3969.0
557, 70.955935, 660.982423, 41.024215, 0.092959, 4829, 3565.0
558, 71.407868, 660.888694, 41.061496, 0.027331, 4816, 4423.0
559, 73.870484, 660.208782, 39.269825, 0.064587, 4798, 3535.0
560, 76.230567, 660.154288, 34.360754, 0.100783, 4786, 4004.0
561, 73.179529, 662.650958, 36.705162, 0.057182, 4817, 4093.0
562, 67.746851, 662.979022, 39.402045, 0.077146, 4834, 3637.0
563, 68.088455, 663.293024, 39.454938, 0.153819, 4830, 3741.0
564, 73.740113, 661.970722, 33.287815, 0.066782, 4812, 3701.0
565, 76.490590, 659.253799, 30.456073, 0.051620, 4806, 3534.0
566, 71.098399, 661.474502, 40.629781, 0.092258, 4814, 3480.0
567, 70.885188, 661.963779, 36.575435, 0.054268, 4826, 3780.0
568, 71.285264, 662.673510, 38.861088, 0.070924, 4805, 4073.0
569, 72.269891, 660.211059, 44.594561, 0.086485, 4791, 3590.0
570, 77.370732, 661.042276, 24.303638, 0.048769, 4797, 3742.0
571, 71.936189, 661.014355, 40.501738, 0.055796, 4814, 3949.0
572, 71.542883, 662.942074, 38.492686, 0.060722, 4833, 3888.0
573, 69.167897, 662.097274, 42.382503, 0.106591, 4830, 3799.0
574, 72.029669, 661.266386, 37.887198, 0.053740, 4815, 3600.0
575, 74.352737, 660.730132, 34.555274, 0.046252, 4807, 4041.0
576, 72.044550, 661.454245, 40.557617, 0.042461, 4807, 3585.0
577, 71.658978, 661.217401, 40.158000, 0.070365, 4809, 3547.0
578, 70.425560, 660.960421, 40.494299, 0.078099, 4822, 3542.0
579, 74.892612, 661.000768, 30.170802, 0.022196, 4801, 3633.0
580, 76.726453, 659.902415, 31.587033, 0.069595, 4799, 3794.0
581, 72.914033, 661.118096, 34.777578, 0.051914, 4823, 3496.0
582, 76.688623, 659.768227, 33.421513, 0.059857, 4776, 3797.0
583, 72.704977, 660.669056, 40.574012, 0.088277, 4801, 3498.0
584, 72.543520, 661.461134, 38.136968, 0.041711, 4809, 3746.0
585, 68.832717, 660.820710, 43.167033, 0.070373, 4835, 3524.0
586, 73.309787, 660.251086, 39.649959, 0.067308, 4803, 4076.0
587, 75.127273, 660.286865, 29.988656, 0.042215, 4795, 3485.0
588, 70.236749, 660.733097, 39.108870, 0.081580, 4833, 3605.0
589, 71.126950, 660.807117, 43.145006, 0.093186, 4820, 3600.0
590, 72.143088, 661.280253, 38.758010, 0.058906, 4821, 3710.0
591, 68.586592, 663.315411, 41.048231, 0.159630, 4828, 3761.0
592, 75.966536, 659.390502, 37.114619, 0.062463, 4778, 3573.0
593, 73.351049, 661.216118, 40.147534, 0.052601, 4811, 3658.0
594, 70.675458, 664.008657, 39.545288, 0.136575, 4829, 4129.0
595, 72.343892, 661.107555, 35.647875, 0.032577, 4817, 3716.0
596, 68.231484, 662.619744, 42.257902, 0.118277, 4828, 3574.0
597, 72.729659, 661.937967, 38.201985, 0.011910, 4823, 3680.0
598, 70.438201, 662.136976, 37.970934, 0.031622, 4826, 3664.0
599, 75.655469, 660.613582, 33.964970, 0.057349, 4799, 3502.0
600, 74.204374, 661.391131, 37.401246, 0.047023, 4812, 3536.0
601, 73.353896, 660.558786, 38.732551, 0.108651, 4795, 3613.0
602, 70.077819, 662.735636, 34.670890, 0.052610, 4825, 3664.0
603, 72.375439, 661.469212, 37.992333, 0.042252, 4814, 3763.0
604, 72.905906, 659.777995, 33.724068, 0.067594, 4795, 3574.0
605, 79.697440, 658.079881, 35.591742, 0.180102, 4753, 3648.0
606, 72.001559, 661.189163, 35.780060, 0.082127, 4798, 3488.0
607, 73.185900, 660.714974, 38.673698, 0.053856, 4811, 3614.0
608, 71.238467, 662.375327, 41.183902, 0.178929, 4821, 3610.0
609, 77.371542, 659.701057, 31.920108, 0.060144, 4783, 3485.0
610, 68.786330, 664.723690, 38.603585, 0.214890, 4824, 3769.0
611, 71.771159, 661.078704, 41.764688, 0.061983, 4814, 3497.0
612, 75.372522, 660.051343, 32.920846, 0.053636, 4798, 3626.0
613, 69.500640, 662.401638, 42.560565, 0.137539, 4828, 3521.0
614, 73.416507, 660.436816, 32.973279, 0.056646, 4830, 3725.0
615, 69.604571, 663.482672, 40.075141, 0.170904, 4829, 3515.0
616, 73.598154, 659.106191, 37.332164, 0.043320, 4791, 3592.0
617, 68.053857, 661.520299, 42.920342, 0.109464, 4831, 3651.0
618, 70.775766, 662.806117, 41.226481, 0.050132, 4837, 3713.0
619, 75.302546, 661.320391, 33.772938, 0.031541, 4809, 3821.0
620, 72.695686, 659.359707, 38.746030, 0.026173, 4813, 5061.0
621, 70.591395, 660.320965, 44.872839, 0.073320, 4832, 3809.0
622, 75.422298, 659.723074, 38.271945, 0.077422, 4780, 3508.0
623, 73.641731, 661.410951, 34.649899, 0.073050, 4806, 3928.0
624, 69.126751, 661.720349, 41.016124, 0.057261, 4830, 3534.0
625, 73.153065, 659.564423, 35.158557, 0.037830, 4785, 3601.0
626, 69.635231, 661.755290, 40.543519, 0.168556, 4819, 3514.0
627, 71.343335, 665.094020, 36.252651, 0.088086, 4826, 3719.0
628, 71.136072, 661.516740, 39.365333, 0.063299, 4829, 3512.0
629, 70.363094, 663.225156, 37.900490, 0.062577, 4829, 3878.0
630, 72.590469, 661.587083, 34.824140, 0.041721, 4824, 3601.0
631, 73.771643, 660.378321, 34.141130, 0.035532, 4799, 3703.0
632, 72.373598, 660.970463, 37.797802, 0.040959, 4824, 3492.0
633, 70.559660, 661.148725, 38.383357, 0.069272, 4823, 3509.0
634, 76.218977, 660.457674, 31.989411, 0.044113, 4795, 3533.0
635, 71.415531, 660.027429, 41.755068, 0.127205, 4798, 3531.0
636, 72.036388, 662.752581, 38.073661, 0.022107, 4815, 3576.0
637, 67.640576, 660.658012, 43.739527, 0.143833, 4826, 3520.0
638, 74.994930, 661.480670, 31.461171, 0.050126, 4812, 3549.0
639, 68.755172, 660.182455, 44.981036, 0.145234, 4825, 3578.0
640, 76.033691, 660.312907, 30.306795, 0.060648, 4783, 3681.0
641, 72.946037, 660.707340, 34.917465, 0.039656, 4806, 3505.0
642, 70.712999, 659.570410, 41.591816, 0.109654, 4825, 3606.0
643, 72.146182, 661.061997, 35.702427, 0.044054, 4815, 3497.0
644, 75.310843, 659.437582, 34.165114, 0.035981, 4796, 3537.0
645, 70.789542, 663.119669, 33.770308, 0.061136, 4829, 3658.0
646, 73.075708, 659.788739, 38.698474, 0.032186, 4807, 3503.0
647, 68.875783, 662.684352, 38.965610, 0.051395, 4836, 3581.0
648, 71.159297, 660.484728, 42.095050, 0.069939, 4807, 3630.0
649, 71.476135, 661.894172, 37.837063, 0.085264, 4815, 3575.0
650, 69.047435, 660.824330, 42.216168, 0.114604, 4810, 3532.0
651, 69.287569, 663.586590, 35.850114, 0.023286, 4826, 3532.0
652, 71.212205, 663.994690, 35.265499, 0.066150, 4828, 3504.0
653, 70.179040, 661.322631, 40.379410, 0.041938, 4829, 3554.0
654, 69.718320, 661.038611, 39.841404, 0.096297, 4824, 3643.0
655, 70.591176, 661.013680, 35.870837, 0.041288, 4834, 3515.0
656, 66.554683, 663.251974, 41.738134, 0.047901, 4828, 3571.0
657, 69.872589, 662.088078, 39.432227, 0.088198, 4831, 3522.0
658, 68.148106, 662.789276, 44.555768, 0.102302, 4829, 3616.0
659, 70.762945, 661.339439, 42.239241, 0.065152, 4831, 3529.0
660, 69.246311, 661.076730, 44.011363, 0.078274, 4806, 3543.0
661, 70.586463, 663.432952, 42.899520, 0.053121, 4826, 3747.0
662, 70.126675, 661.770879, 38.890753, 0.057244, 4821, 4635.0
663, 67.291439, 663.083560, 41.214909, 0.166248, 4835, 3514.0
664, 75.636107, 658.467265, 35.987868, 0.044003, 4788, 3549.0
665, 72.200109, 662.301221, 33.801143, 0.046651, 4834, 3724.0
666, 69.997490, 660.887114, 42.106513, 0.053471, 4831, 3518.0
667, 67.359679, 662.538566, 44.638045, 0.148545, 4824, 4049.0
668, 68.248691, 663.348500, 42.497616, 0.123918, 4824, 3493.0
669, 74.158871, 660.689623, 39.470699, 0.051260, 4810, 4067.0
670, 67.858354, 661.381167, 45.207197, 0.098140, 4829, 3669.0
671, 71.061228, 662.414979, 38.785986, 0.061482, 4816, 3649.0
672, 75.359453, 659.068992, 36.144646, 0.046582, 4795, 3670.0
673, 67.884012, 658.724130, 46.360410, 0.140211, 4835, 4099.0
674, 73.677861, 658.473253, 36.493703, 0.025814, 4801, 3486.0
675, 74.418546, 659.535691, 36.851202, 0.048071, 4794, 3474.0
676, 66.637316, 665.368456, 39.582630, 0.185079, 4831, 3630.0
677, 69.186662, 662.713835, 41.610281, 0.055021, 4832, 3510.0
678, 75.132735, 660.380160, 37.725074, 0.037884, 4808, 3599.0
679, 67.626050, 663.312111, 40.748308, 0.103221, 4825, 3538.0
680, 69.314260, 661.840166, 42.804458, 0.091051, 4822, 3936.0
681, 70.844042, 659.844120, 41.218472, 0.101094, 4812, 3514.0
682, 69.761634, 661.106683, 39.713975, 0.071467, 4831, 3589.0
683, 72.717788, 662.194657, 36.871626, 0.055463, 4815, 3642.0
684, 68.726889, 662.635581, 41.099684, 0.032493, 4832, 4408.0
685, 68.834851, 663.369277, 40.719656, 0.106632, 4827, 3543.0
686, 68.561517, 658.868631, 44.504061, 0.162979, 4811, 3646.0
687, 69.325044, 659.929518, 42.281354, 0.079592, 4816, 3502.0
688, 70.779098, 661.926636, 44.348875, 0.042663, 4815, 3531.0
689, 69.615159, 659.532279, 43.603897, 0.144013, 4832, 3582.0
690, 73.026938, 659.924184, 36.297089, 0.043068, 4795, 3489.0
691, 71.974093, 659.815329, 41.825179, 0.092151, 4791, 3589.0
692, 73.112827, 661.657139, 36.764063, 0.057502, 4800, 3528.0
693, 73.273061, 661.043193, 36.361295, 0.050912, 4810, 3581.0
694, 69.337067, 661.330580, 42.045900, 0.074201, 4832, 3552.0
695, 74.211937, 659.432738, 41.312893, 0.137061, 4791, 3513.0
696, 69.782234, 663.074889, 39.751406, 0.045873, 4830, 3511.0
697, 71.668813, 660.176515, 41.916827, 0.035028, 4809, 3555.0
698, 66.800547, 661.084016, 43.272711, 0.139220, 4832, 3588.0
699, 67.985052, 663.339867, 39.675202, 0.096708, 4827, 3568.0
700, 71.935511, 660.541526, 38.233857, 0.043841, 4816, 3673.0
701, 73.734741, 660.352179, 38.576816, 0.072433, 4791, 3486.0
702, 71.158427, 663.068757, 35.720322, 0.048201, 4828, 3584.0
703, 68.805004, 659.108286, 44.413423, 0.147353, 4824, 3548.0
704, 68.353876, 661.567653, 42.409263, 0.102964, 4828, 3525.0
705, 69.113872, 663.044482, 39.080274, 0.120003, 4827, 3555.0
706, 72.978406, 661.851080, 32.995681, 0.036017, 4830, 3508.0
707, 73.479941, 661.390506, 34.429453, 0.033953, 4807, 3717.0
708, 66.870740, 660.879443, 44.602334, 0.218263, 4834, 3547.0
709, 75.548684, 659.643748, 39.948326, 0.071353, 4783, 3541.0
710, 70.608651, 660.672292, 43.750458, 0.084128, 4814, 3504.0
711, 70.472721, 662.287732, 38.058094, 0.057488, 4823, 3581.0
712, 69.509186, 663.477218, 37.568808, 0.039316, 4821, 3489.0
713, 68.922607, 660.430058, 42.929312, 0.112855, 4831, 3565.0
714, 73.436251, 661.228137, 38.352364, 0.034068, 4810, 3647.0
715, 69.703354, 661.551469, 45.137408, 0.116173, 4825, 3540.0
716, 72.753608, 659.997894, 35.766638, 0.026753, 4808, 3559.0
717, 71.548909, 659.340765, 43.548810, 0.155232, 4790, 3582.0
718, 71.243112, 660.898238, 38.813205, 0.097970, 4799, 3585.0
719, 67.551858, 657.763060, 47.818258, 0.237808, 4816, 3521.0
720, 70.542879, 661.706681, 41.102585, 0.078308, 4810, 3517.0
721, 71.093372, 659.776590, 44.811025, 0.183026, 4805, 3651.0
722, 70.060194, 661.464796, 38.723631, 0.098727, 4832, 3580.0
723, 68.450493, 658.877409, 48.941895, 0.166003, 4821, 3658.0
724, 75.827911, 659.417515, 34.908293, 0.046108, 4789, 3595.0
725, 67.111091, 664.206147, 40.824881, 0.133717, 4828, 3599.0
726, 72.902194, 658.619630, 43.018099, 0.057831, 4791, 3542.0
727, 71.129988, 660.589344, 39.079371, 0.029208, 4810, 3691.0
728, 72.647622, 661.293880, 35.223833, 0.052033, 4830, 3531.0
729, 73.909411, 660.286836, 31.497474, 0.048638, 4797, 3495.0
730, 70.052523, 661.748345, 41.682755, 0.111411, 4815, 3647.0
731, 66.840016, 663.803609, 40.640833, 0.169972, 4836, 3659.0
732, 74.527915, 660.893557, 35.219259, 0.060155, 4794, 3555.0
733, 71.646328, 661.028169, 40.079950, 0.063721, 4808, 3501.0
734, 70.141954, 661.224273, 44.022141, 0.077613, 4815, 3898.0
735, 70.397702, 662.618598, 34.806400, 0.071600, 4829, 3493.0
736, 68.809367, 660.980281, 41.703676, 0.056411, 4826, 3666.0
737, 69.811503, 662.872405, 39.858925, 0.101610, 4830, 3511.0
738, 69.749897, 661.516012, 39.550296, 0.061864, 4829, 3617.0
739, 74.007075, 661.637732, 40.977750, 0.044625, 4808, 3529.0
740, 70.672498, 662.137924, 38.206959, 0.050821, 4833, 3568.0
741, 72.259253, 659.853527, 41.203514, 0.068937, 4785, 3675.0
742, 68.517029, 663.198844, 42.323394, 0.063459, 4830, 3567.0
743, 74.368741, 659.480698, 38.162055, 0.071469, 4791, 3683.0
744, 71.568802, 661.091211, 38.180942, 0.039896, 4827, 3508.0
745, 69.562135, 662.420788, 40.201944, 0.075257, 4831, 3820.0
746, 69.637771, 660.545773, 40.004346, 0.042702, 4831, 3511.0
747, 69.986431, 661.969381, 43.914440, 0.119553, 4815, 3710.0
748, 68.618813, 660.000283, 45.791912, 0.179853, 4832, 5452.0
749, 69.696760, 662.289324, 35.976297, 0.067164, 4829, 3810.0
750, 71.315182, 661.527217, 42.328935, 0.063021, 4807, 3503.0
751, 73.876555, 660.094625, 34.395091, 0.049572, 4796, 3514.0
752, 68.499732, 662.392261, 43.366848, 0.103483, 4831, 3737.0
753, 67.479060, 662.679961, 40.624835, 0.131311, 4815, 3483.0
754, 66.332817, 660.774557, 45.175708, 0.135679, 4823, 3653.0
755, 69.084023, 660.718302, 41.385965, 0.144074, 4799, 3568.0
756, 69.512817, 660.495729, 44.635113, 0.027206, 4820, 3679.0
757, 71.220395, 661.466805, 41.123026, 0.045330, 4803, 3506.0
758, 67.357158, 662.056107, 42.502994, 0.145418, 4830, 3584.0
759, 67.237760, 661.244290, 42.469524, 0.102780, 4830, 3552.0
760, 67.742569, 663.992699, 40.980429, 0.123758, 4834, 3684.0
761, 76.254333, 658.897034, 35.739331, 0.047292, 4781, 3509.0
762, 72.800294, 662.643693, 35.985604, 0.089532, 4827, 3564.0
763, 66.448252, 660.060720, 48.377794, 0.128344, 4825, 3624.0
764, 67.436715, 661.161637, 43.838537, 0.165398, 4833, 3637.0
765, 72.853622, 660.289989, 37.570769, 0.059007, 4814, 3569.0
766, 67.629626, 662.876700, 42.187924, 0.170685, 4834, 3580.0
767, 69.536469, 662.693912, 40.989302, 0.112984, 4825, 3597.0
768, 71.533292, 661.108861, 39.216004, 0.056213, 4815, 3578.0
769, 75.651569, 660.173282, 36.810488, 0.071679, 4804, 3491.0
770, 71.898713, 661.377930, 37.602150, 0.052320, 4827, 3517.0
771, 72.977376, 661.197582, 35.183826, 0.041358, 4812, 3575.0
772, 70.762872, 660.822839, 42.235627, 0.066753, 4834, 3831.0
773, 71.107577, 664.154906, 36.880338, 0.117111, 4831, 3602.0
774, 72.651569, 660.720594, 41.207725, 0.043757, 4809, 3688.0
775, 68.132975, 661.040567, 41.951950, 0.070803, 4825, 3647.0
776, 70.284922, 660.789143, 43.282325, 0.085554, 4832, 3596.0
777, 70.728380, 660.181874, 41.342034, 0.085290, 4817, 3663.0
778, 69.408122, 661.942979, 39.955383, 0.023446, 4829, 4135.0
779, 71.491074, 660.558252, 41.044946, 0.064447, 4808, 3667.0
780, 71.253950, 661.992095, 39.807922, 0.040122, 4808, 3501.0
781, 76.297463, 659.445728, 32.348819, 0.068666, 4761, 3639.0
782, 73.093639, 661.013049, 36.114980, 0.037908, 4815, 3493.0
783, 71.349321, 661.440837, 40.988037, 0.094404, 4820, 3721.0
784, 69.863624, 662.321904, 40.044633, 0.092203, 4827, 3524.0
785, 71.023668, 662.254211, 37.594352, 0.068651, 4826, 3566.0
786, 69.483203, 660.291229, 40.912564, 0.065860, 4828, 3562.0
787, 69.790064, 661.681762, 42.698431, 0.040610, 4828, 3621.0
788, 67.384909, 662.232225, 42.750214, 0.135122, 4831, 3519.0
789, 69.279141, 660.707765, 43.452606, 0.060877, 4836, 3523.0
790, 71.762727, 662.042308, 34.060913, 0.030050, 4829, 3579.0
791, 65.274617, 662.779431, 44.170778, 0.057816, 4828, 3660.0
792, 71.504940, 663.019449, 37.777797, 0.057444, 4833, 3579.0
793, 73.132981, 660.924235, 35.636838, 0.025164, 4801, 3507.0
794, 67.856412, 659.897653, 44.884161, 0.095535, 4832, 3673.0
795, 69.910659, 659.229223, 46.192778, 0.064184, 4830, 3626.0
796, 71.734553, 661.507831, 39.676136, 0.078800, 4815, 3518.0
797, 65.297437, 663.595973, 39.990704, 0.193994, 4836, 4138.0
798, 72.074134, 660.375294, 42.046799, 0.036978, 4814, 4340.0
799, 70.388584, 659.983992, 42.849701, 0.118717, 4817, 3511.0
800, 73.339533, 659.642622, 41.761116, 0.069044, 4800, 3640.0
801, 68.967847, 663.791946, 39.948212, 0.044215, 4822, 3613.0
802, 71.971672, 659.868591, 38.916658, 0.057235, 4791, 3595.0
803, 67.362685, 657.784122, 49.262193, 0.158057, 4835, 3590.0
804, 68.650056, 662.508059, 42.386181, 0.122394, 4826, 3773.0
805, 70.526023, 659.800116, 44.637258, 0.087241, 4812, 3652.0
806, 73.583239, 659.464917, 35.787493, 0.044138, 4808, 3934.0
807, 69.074683, 659.794545, 46.227446, 0.090697, 4827, 4291.0
808, 71.597727, 661.722382, 38.169920, 0.033426, 4818, 3499.0
809, 70.004960, 661.117285, 41.963790, 0.114088, 4824, 3631.0
810, 65.571451, 658.995298, 45.773589, 0.260764, 4833, 3523.0
811, 69.417237, 661.883906, 41.479529, 0.042276, 4823, 3671.0
812, 71.461661, 662.800805, 34.560704, 0.048640, 4833, 3584.0
813, 68.546279, 662.998387, 41.734321, 0.088737, 4829, 3709.0
814, 66.939258, 660.407399, 44.312705, 0.117200, 4830, 3786.0
815, 72.185299, 659.229289, 42.255965, 0.059236, 4794, 3742.0
816, 66.342701, 660.947483, 45.278088, 0.123632, 4827, 4629.0
817, 70.247075, 662.465130, 40.662003, 0.055581, 4828, 3557.0
818, 70.229652, 661.252374, 40.907305, 0.030242, 4809, 3627.0
819, 71.419984, 660.475499, 36.326375, 0.065832, 4794, 3518.0
820, 66.184251, 662.933683, 42.725161, 0.119432, 4829, 3849.0
821, 67.865143, 661.747478, 43.769688, 0.110073, 4833, 3520.0
822, 71.724992, 662.337962, 39.825328, 0.048615, 4807, 3669.0
823, 71.181501, 660.988893, 38.297015, 0.058545, 4838, 3524.0
824, 67.992582, 663.586125, 39.991348, 0.065026, 4829, 3620.0
825, 70.086168, 661.298511, 36.307149, 0.047745, 4834, 3713.0
826, 75.847978, 659.209360, 35.448260, 0.045178, 4797, 3643.0
827, 70.557786, 662.431975, 38.125105, 0.053932, 4832, 3587.0
828, 64.581991, 660.726720, 44.493439, 0.148341, 4826, 3574.0
829, 67.381481, 661.305737, 43.155934, 0.074581, 4832, 3715.0
830, 70.672859, 661.969078, 38.771374, 0.039838, 4815, 3580.0
831, 69.412564, 663.240523, 40.214848, 0.055188, 4825, 3762.0
832, 70.769031, 660.136380, 38.762272, 0.047796, 4800, 3639.0
833, 65.750847, 657.998730, 49.065202, 0.410530, 4827, 3572.0
834, 67.578458, 659.539398, 47.265435, 0.224324, 4811, 4155.0
835, 68.465753, 663.541808, 37.435265, 0.117767, 4824, 4137.0
836, 71.751717, 659.218213, 43.290368, 0.098490, 4789, 3475.0
837, 68.339670, 660.782633, 44.383181, 0.123825, 4829, 3660.0
838, 66.619954, 658.918970, 44.930516, 0.157423, 4822, 3613.0
839, 69.413193, 662.190068, 40.379412, 0.082500, 4836, 3568.0
840, 69.450749, 659.918809, 40.793225, 0.061316, 4826, 3844.0
841, 69.306098, 661.827606, 40.868941, 0.096646, 4824, 3531.0
842, 69.182216, 661.115925, 42.981928, 0.066054, 4825, 3649.0
843, 67.331275, 664.070289, 40.302810, 0.102337, 4833, 4091.0
844, 70.281433, 662.759258, 36.025117, 0.040460, 4822, 4871.0
845, 73.911356, 658.945089, 34.801476, 0.042731, 4787, 3480.0
846, 64.989024, 662.564367, 43.019164, 0.147354, 4827, 3746.0
847, 74.706451, 660.044136, 35.292504, 0.014024, 4810, 3550.0
848, 66.469051, 658.560910, 48.182662, 0.203724, 4826, 3829.0
849, 68.925031, 662.741415, 38.368810, 0.062547, 4831, 3591.0
850, 68.926646, 659.397356, 45.516908, 0.036100, 4827, 3550.0
851, 67.954962, 659.244031, 46.868882, 0.128281, 4829, 4042.0
852, 69.489755, 661.346178, 37.595784, 0.055505, 4832, 4238.0
853, 70.387959, 663.572885, 37.921010, 0.042814, 4830, 3715.0
854, 64.584383, 655.424205, 49.118536, 0.522611, 4798, 3486.0
855, 72.039247, 661.702592, 35.971456, 0.053261, 4809, 3556.0
856, 66.573783, 660.130837, 44.769853, 0.104699, 4828, 3551.0
857, 67.677117, 658.041427, 48.792398, 0.129668, 4828, 3884.0
858, 68.354684, 662.113039, 42.653850, 0.111092, 4827, 3519.0
859, 73.983327, 660.690833, 35.722917, 0.065336, 4813, 3778.0
860, 69.453560, 661.265129, 41.047005, 0.062400, 4828, 3522.0
861, 71.113010, 662.280331, 37.397357, 0.060205, 4828, 3645.0
862, 70.165100, 662.201159, 40.397933, 0.079980, 4826, 3553.0
863, 67.662294, 662.497713, 41.372189, 0.058004, 4826, 3576.0
864, 68.196700, 663.498451, 40.621569, 0.105671, 4832, 3575.0
865, 67.636161, 661.879746, 42.677133, 0.182914, 4834, 3517.0
866, 71.630847, 659.893700, 43.754191, 0.047377, 4807, 3554.0
867, 72.030565, 660.395066, 36.991234, 0.034099, 4811, 3601.0
868, 71.332008, 661.658921, 42.183518, 0.074080, 4831, 3661.0
869, 73.478008, 661.744785, 34.820115, 0.046570, 4816, 4004.0
870, 71.083189, 661.950102, 38.413131, 0.070804, 4809, 3575.0
871, 69.097329, 661.606745, 42.232685, 0.046294, 4829, 4061.0
872, 70.411850, 662.000080, 40.469697, 0.043918, 4827, 3799.0
873, 71.407951, 660.989269, 39.742474, 0.083387, 4806, 3565.0
874, 70.138081, 661.688653, 37.734458, 0.046543, 4812, 3576.0
875, 68.514114, 659.418180, 45.954344, 0.133902, 4830, 3632.0
876, 72.537092, 659.171649, 41.570836, 0.047840, 4787, 3537.0
877, 71.189395, 661.881529, 36.597788, 0.050160, 4827, 3504.0
878, 67.978689, 663.071720, 41.696165, 0.188307, 4832, 3741.0
879, 67.323497, 664.564471, 37.563835, 0.117017, 4823, 3683.0
880, 68.728975, 662.406773, 39.260999, 0.044475, 4827, 3991.0
881, 68.553578, 662.829263, 40.532402, 0.099849, 4831, 3587.0
882, 68.173037, 662.969928, 40.256078, 0.080542, 4827, 3540.0
883, 72.299503, 659.866367, 41.801116, 0.074241, 4796, 3747.0
884, 69.031186, 661.344792, 41.322309, 0.141615, 4813, 3566.0
885, 71.549655, 660.518191, 40.959728, 0.033900, 4816, 3506.0
886, 68.901618, 661.903157, 41.952404, 0.077276, 4829, 3541.0
887, 68.129261, 660.389860, 46.258846, 0.154272, 4829, 3648.0
888, 71.574197, 661.181125, 41.040009, 0.081644, 4818, 3689.0
889, 67.709708, 663.362720, 42.575996, 0.100196, 4832, 3548.0
890, 69.906130, 662.124347, 38.607178, 0.038680, 4832, 4228.0
891, 72.318273, 660.668538, 40.830948, 0.086018, 4808, 3553.0
892, 67.704974, 660.380496, 46.511640, 0.134861, 4834, 3649.0
893, 72.454972, 659.611134, 40.042109, 0.027918, 4814, 3585.0
894, 66.513706, 661.899714, 44.200562, 0.198405, 4827, 3711.0
895, 72.788083, 660.836216, 35.242363, 0.039194, 4817, 3492.0
896, 66.784862, 661.962342, 40.672852, 0.202328, 4828, 3556.0
897, 72.321162, 662.099608, 33.583025, 0.055351, 4829, 3584.0
898, 71.662690, 660.200459, 36.485021, 0.034302, 4819, 3596.0
899, 75.881445, 660.084473, 32.036297, 0.070821, 4820, 4005.0
900, 73.154551, 658.995446, 35.512030, 0.065609, 4796, 3488.0
901, 70.867428, 660.256698, 41.587160, 0.060685, 4817, 3581.0
902, 69.156421, 659.602827, 42.318562, 0.171461, 4809, 3612.0
903, 71.296191, 659.640744, 43.623439, 0.053386, 4814, 3623.0
904, 69.326290, 661.443872, 38.115937, 0.041778, 4828, 3507.0
905, 69.073247, 659.851790, 43.021741, 0.066951, 4826, 3564.0
906, 68.389050, 659.227943, 47.681751, 0.179787, 4822, 4991.0
907, 69.004620, 661.840340, 39.676391, 0.107137, 4815, 3646.0
908, 71.346065, 660.570808, 36.140193, 0.039885, 4809, 3824.0
909, 69.562628, 660.477425, 43.585409, 0.042326, 4830, 4103.0
910, 66.643669, 658.919971, 46.633619, 0.187491, 4828, 3526.0
911, 67.513921, 660.437656, 47.227421, 0.122950, 4836, 3939.0
912, 71.927977, 660.295844, 44.289611, 0.129127, 4784, 3486.0
913, 67.125073, 664.451169, 39.787236, 0.117457, 4837, 3615.0
914, 70.822336, 662.307730, 36.082672, 0.025151, 4836, 3576.0
915, 66.914243, 661.397225, 42.686697, 0.224810, 4821, 3581.0
916, 65.323922, 660.791278, 45.124259, 0.174319, 4826, 3621.0
917, 74.632698, 660.227279, 35.239806, 0.036383, 4806, 3561.0
918, 67.505533, 663.898120, 38.309527, 0.119053, 4831, 4773.0
919, 67.823744, 659.910678, 43.779661, 0.135864, 4831, 3536.0
920, 67.849326, 661.304188, 45.969712, 0.099507, 4825, 3716.0
921, 68.261086, 662.360092, 38.797834, 0.069474, 4826, 3655.0
922, 72.591428, 660.615894, 34.055190, 0.035050, 4833, 3891.0
923, 70.676982, 661.180507, 41.502066, 0.140330, 4808, 3494.0
924, 69.108549, 663.219029, 43.500364, 0.048492, 4826, 3526.0
925, 70.348647, 662.289364, 38.285571, 0.064605, 4829, 3617.0
926, 69.922387, 660.964251, 40.356628, 0.065647, 4831, 3571.0
927, 70.254309, 663.451274, 38.424464, 0.048745, 4834, 3591.0
928, 69.929618, 662.114409, 40.645353, 0.086738, 4814, 3533.0
929, 69.528806, 661.660179, 40.244209, 0.094823, 4809, 3562.0
930, 72.004844, 659.372666, 39.194894, 0.042172, 4808, 4524.0
931, 68.276226, 661.860643, 44.047834, 0.082069, 4826, 4794.0
932, 73.627841, 659.978958, 37.191823, 0.024355, 4817, 3515.0
933, 68.839320, 661.185396, 43.495621, 0.049033, 4831, 3520.0
934, 73.543815, 660.350287, 35.900981, 0.017378, 4810, 3620.0
935, 73.544716, 658.927486, 43.864671, 0.061025, 4785, 3578.0
936, 72.724139, 661.892492, 33.809505, 0.053910, 4825, 4460.0
937, 76.527544, 659.678304, 29.453104, 0.109408, 4787, 3563.0
938, 75.026223, 659.477124, 38.873818, 0.071234, 4782, 3593.0
939, 70.541018, 662.556569, 38.486839, 0.022581, 4828, 3573.0
940, 73.639133, 660.772080, 35.188561, 0.024215, 4814, 3503.0
941, 72.422303, 659.920957, 39.647015, 0.079959, 4796, 3491.0
942, 70.589346, 661.383328, 41.583548, 0.109978, 4822, 3523.0
943, 70.078840, 662.745636, 33.070445, 0.035270, 4828, 3613.0
944, 70.481605, 661.130127, 38.734804, 0.071982, 4823, 3629.0
945, 71.868107, 661.061342, 38.227439, 0.033664, 4828, 3707.0
946, 68.917229, 662.087470, 40.391970, 0.094768, 4822, 4967.0
947, 70.494142, 663.691806, 35.967596, 0.108160, 4829, 3589.0
948, 73.333147, 659.495664, 37.409975, 0.060503, 4795, 3569.0
949, 67.599684, 663.097222, 39.877090, 0.103708, 4829, 3495.0
950, 69.400114, 661.273442, 42.758170, 0.119846, 4812, 3583.0
951, 69.963960, 662.237335, 40.035829, 0.040346, 4836, 3522.0
952, 71.082554, 662.329039, 39.347305, 0.044475, 4811, 3580.0
953, 69.645841, 659.087287, 41.898364, 0.083693, 4831, 3512.0
954, 69.438564, 662.512018, 42.436123, 0.096944, 4827, 3526.0
955, 69.770109, 662.974661, 37.367188, 0.065847, 4825, 3567.0
956, 69.882599, 662.248069, 41.590132, 0.091009, 4817, 3535.0
957, 71.234663, 657.958923, 46.425785, 0.063921, 4792, 3584.0
958, 74.057536, 659.587982, 35.681436, 0.031117, 4799, 3487.0
959, 69.353969, 662.652267, 41.599341, 0.073407, 4835, 3676.0
960, 67.882234, 661.631999, 42.611985, 0.092000, 4831, 3526.0
961, 67.204464, 660.779493, 44.030291, 0.106015, 4837, 3716.0
962, 74.278790, 658.366943, 37.182308, 0.076727, 4787, 3480.0
963, 69.924930, 660.763191, 45.295512, 0.050308, 4831, 3530.0
964, 70.681431, 661.758457, 39.819668, 0.081595, 4814, 3761.0
965, 73.149052, 659.172467, 38.179960, 0.037636, 4817, 3505.0
966, 71.010791, 662.957645, 39.478077, 0.048082, 4821, 3676.0
967, 67.652634, 659.537869, 46.325827, 0.215954, 4822, 3515.0
968, 70.252081, 662.089526, 39.110882, 0.078274, 4826, 3548.0
969, 74.563724, 659.507269, 36.211311, 0.024370, 4804, 3496.0
970, 73.816096, 658.533824, 36.480481, 0.057813, 4794, 3742.0
971, 71.383936, 660.603379, 43.051246, 0.073694, 4804, 3511.0
972, 71.118395, 660.707971, 37.217054, 0.033214, 4817, 3504.0
973, 70.783157, 662.949120, 36.100037, 0.052117, 4819, 3565.0
974, 71.084736, 661.168053, 40.187332, 0.096550, 4810, 3504.0
975, 68.489390, 660.293645, 43.809018, 0.154647, 4816, 4815.0
976, 69.912690, 660.220122, 42.649861, 0.060206, 4823, 3500.0
977, 71.616555, 661.257861, 43.786143, 0.103901, 4815, 3641.0
978, 69.903081, 661.062160, 42.274239, 0.047402, 4828, 3522.0
979, 71.382418, 660.299712, 41.243813, 0.075995, 4812, 3675.0
980, 67.346457, 661.088807, 44.507185, 0.130832, 4826, 3543.0
981, 70.589266, 661.104195, 40.781435, 0.097382, 4824, 3521.0
982, 68.158424, 663.002590, 43.586815, 0.120520, 4830, 3521.0
983, 69.510258, 662.009952, 40.681637, 0.054111, 4828, 3905.0
984, 67.839490, 658.602846, 47.192004, 0.125869, 4830, 3697.0
985, 68.095653, 660.135060, 43.980074, 0.084426, 4833, 3539.0
986, 69.554819, 661.975686, 39.551875, 0.053011, 4830, 3589.0
987, 68.515250, 660.189514, 46.350322, 0.164230, 4829, 3520.0
988, 69.025433, 661.611602, 40.453800, 0.066818, 4826, 3560.0
989, 69.341149, 663.674772, 38.940795, 0.077789, 4833, 3512.0
990, 67.794879, 660.006998, 44.628761, 0.128171, 4831, 3531.0
991, 69.652679, 660.821744, 46.276410, 0.085341, 4817, 3510.0
992, 73.025576, 660.542008, 38.283095, 0.057750, 4809, 3503.0
993, 70.852476, 662.903611, 38.416263, 0.093508, 4827, 4191.0
994, 71.216264, 661.139861, 40.433237, 0.116624, 4815, 3508.0
995, 70.445307, 660.599181, 38.676872, 0.048464, 4808, 3569.0
996, 74.555316, 661.890647, 32.804397, 0.065397, 4804, 3495.0
997, 72.947382, 661.284987, 38.422300, 0.070853, 4794, 3602.0
998, 67.505000, 663.568938, 40.045310, 0.097499, 4833, 3548.0
999, 67.759469, 661.474037, 43.632236, 0.049234, 4833, 3523.0
