#idx, x0, x1, x2, y, f_neval, total_time (us), 
0, 68.336020, 665.515575, 39.328401, 0.108141, 5398, 3886.0
1, 71.950027, 660.220997, 45.959320, 0.102397, 5344, 3856.0
2, 74.979269, 661.169016, 35.335552, 0.042771, 5372, 3928.0
3, 70.645354, 661.305896, 39.166933, 0.078597, 5403, 3909.0
4, 71.359763, 662.627731, 38.595790, 0.107384, 5390, 3920.0
5, 76.460104, 660.827708, 28.605334, 0.034002, 5343, 3842.0
6, 69.687362, 661.751785, 44.431883, 0.084713, 5396, 3907.0
7, 74.130207, 660.115882, 44.174076, 0.081101, 5341, 3856.0
8, 69.693966, 662.254461, 41.836355, 0.135721, 5404, 3910.0
9, 70.763796, 661.402768, 39.720281, 0.070080, 5385, 3875.0
10, 74.059921, 659.983793, 38.975940, 0.086044, 5389, 3905.0
11, 78.437407, 660.516221, 30.982970, 0.081683, 5354, 3860.0
12, 75.162786, 660.095628, 36.834030, 0.062553, 5372, 3879.0
13, 77.293344, 659.630387, 31.190908, 0.052966, 5358, 3856.0
14, 74.563632, 660.430492, 38.493384, 0.051729, 5375, 3889.0
15, 73.155527, 660.581838, 36.115825, 0.044215, 5370, 3870.0
16, 74.979894, 660.634086, 31.995814, 0.044868, 5355, 3935.0
17, 76.328317, 660.957846, 28.390256, 0.037721, 5346, 3855.0
18, 74.140952, 659.558127, 36.091201, 0.034948, 5356, 3862.0
19, 77.097051, 660.847745, 34.753722, 0.087683, 5353, 3900.0
20, 76.033852, 659.977286, 33.771934, 0.074251, 5352, 3860.0
21, 74.718669, 661.353063, 29.731081, 0.065472, 5374, 3868.0
22, 69.608017, 661.801314, 40.616676, 0.102168, 5404, 3902.0
23, 71.874469, 660.502708, 40.070633, 0.066998, 5384, 3918.0
24, 70.916407, 661.962941, 41.739791, 0.085543, 5386, 3912.0
25, 74.185279, 659.363405, 38.435825, 0.059836, 5364, 3863.0
26, 69.725739, 660.992769, 42.705323, 0.193510, 5381, 3893.0
27, 67.716874, 660.989728, 45.366392, 0.147859, 5410, 3906.0
28, 71.863700, 660.284485, 38.963020, 0.072530, 5408, 3897.0
29, 72.395460, 660.542551, 42.222612, 0.074903, 5382, 3888.0
30, 72.608907, 660.359195, 38.972785, 0.062077, 5391, 3888.0
31, 69.062963, 662.043785, 42.611549, 0.136329, 5404, 3909.0
32, 78.431768, 658.687309, 32.687301, 0.056904, 5366, 3868.0
33, 75.616489, 658.496112, 34.828588, 0.045000, 5367, 3872.0
34, 71.659195, 660.230963, 43.893616, 0.068786, 5403, 3904.0
35, 71.762404, 662.922947, 38.223871, 0.040594, 5408, 3904.0
36, 67.213130, 658.869860, 48.281846, 0.172138, 5404, 3924.0
37, 72.758459, 659.479002, 40.321908, 0.037191, 5370, 3875.0
38, 70.359321, 659.107331, 46.857623, 0.060563, 5365, 3870.0
39, 72.647637, 660.195298, 35.103457, 0.065909, 5378, 3870.0
40, 68.073471, 662.027615, 42.509398, 0.073308, 5403, 3917.0
41, 70.735466, 662.721849, 37.970308, 0.071302, 5397, 3889.0
42, 69.669262, 663.564061, 34.684313, 0.101684, 5402, 3877.0
43, 72.244411, 660.738019, 43.712138, 0.071751, 5401, 3906.0
44, 70.801100, 661.779322, 40.085822, 0.075277, 5387, 3904.0
45, 71.457396, 661.201372, 37.691921, 0.040615, 5396, 3963.0
46, 70.672999, 660.573020, 43.501120, 0.145028, 5388, 3903.0
47, 77.431374, 659.253770, 31.876914, 0.073654, 5338, 3859.0
48, 71.962212, 661.149660, 41.376696, 0.052369, 5392, 3897.0
49, 77.130480, 658.629024, 30.543796, 0.020892, 5367, 3920.0
50, 68.392781, 661.378970, 41.677514, 0.163894, 5401, 3974.0
51, 70.646767, 659.475401, 42.329503, 0.139090, 5360, 3859.0
52, 69.066319, 662.671621, 37.910329, 0.061303, 5406, 3882.0
53, 72.252687, 661.106407, 38.099378, 0.047410, 5383, 3888.0
54, 75.394206, 659.756897, 31.621970, 0.041561, 5339, 3877.0
55, 69.582691, 660.000129, 44.657634, 0.076445, 5388, 3896.0
56, 70.146081, 663.139871, 43.141889, 0.076651, 5404, 3905.0
57, 66.632702, 659.548712, 46.503522, 0.220983, 5408, 3907.0
58, 70.322420, 660.861808, 44.676337, 0.121303, 5389, 3967.0
59, 72.921872, 660.485658, 35.539897, 0.036910, 5384, 3875.0
60, 73.275252, 660.398482, 37.492020, 0.061330, 5366, 3929.0
61, 74.491492, 660.706276, 31.257581, 0.034808, 5382, 3891.0
62, 68.872482, 662.520913, 36.998743, 0.065984, 5399, 3879.0
63, 77.462459, 659.304511, 28.903823, 0.072678, 5338, 3851.0
64, 72.501033, 659.444938, 45.111393, 0.141671, 5351, 3855.0
65, 70.087011, 659.969245, 38.837462, 0.068631, 5389, 3881.0
66, 68.662512, 659.693221, 44.075478, 0.076857, 5407, 3910.0
67, 74.100728, 659.782811, 34.744603, 0.024847, 5384, 3878.0
68, 69.196040, 659.791197, 45.115076, 0.070020, 5400, 3920.0
69, 68.468623, 661.758778, 41.811853, 0.082408, 5406, 3907.0
70, 68.172131, 660.077655, 44.194824, 0.107718, 5407, 3914.0
71, 73.640149, 659.852642, 41.247099, 0.061686, 5343, 3864.0
72, 70.811601, 663.700450, 37.711888, 0.083288, 5403, 3902.0
73, 68.671996, 660.763014, 44.510114, 0.041677, 5401, 3912.0
74, 69.076853, 662.600085, 37.632603, 0.065656, 5410, 3895.0
75, 71.982344, 660.649728, 37.240845, 0.032027, 5379, 3877.0
76, 68.483109, 664.144582, 35.533759, 0.094071, 5408, 3889.0
77, 65.858245, 662.286590, 44.229042, 0.114779, 5406, 3905.0
78, 76.044264, 659.102170, 37.654056, 0.035480, 5351, 3865.0
79, 70.628146, 660.197578, 43.825950, 0.139302, 5383, 3904.0
80, 70.050059, 661.067230, 38.514192, 0.028835, 5400, 3897.0
81, 70.321227, 661.795315, 40.447237, 0.038194, 5408, 3906.0
82, 67.515919, 662.343151, 42.911897, 0.105546, 5403, 3950.0
83, 69.168341, 662.263404, 39.672718, 0.061075, 5404, 3899.0
84, 69.653855, 660.086273, 43.427365, 0.119788, 5378, 3896.0
85, 67.856638, 661.679350, 43.922226, 0.112042, 5402, 3901.0
86, 74.435713, 660.803069, 33.636962, 0.032270, 5365, 3878.0
87, 68.283791, 662.241968, 41.365043, 0.077595, 5400, 3899.0
88, 64.733202, 665.064639, 39.779734, 0.214843, 5409, 3889.0
89, 71.832994, 660.941533, 38.394398, 0.051035, 5384, 3884.0
90, 69.083778, 660.269859, 45.461399, 0.059989, 5409, 3914.0
91, 71.562163, 660.712343, 38.445831, 0.051077, 5380, 3886.0
92, 67.521079, 666.143519, 50.932185, 0.047553, 5392, 3886.0
93, 70.226763, 660.670965, 42.656693, 0.042759, 5386, 3892.0
94, 71.076334, 660.652025, 46.532822, 0.057498, 5401, 3900.0
95, 74.880608, 660.953938, 32.241362, 0.049693, 5373, 3868.0
96, 71.849621, 660.086853, 39.384730, 0.029777, 5385, 3890.0
97, 70.343023, 661.598331, 43.701823, 0.043620, 5398, 3904.0
98, 73.115960, 660.740839, 37.037784, 0.044411, 5384, 3886.0
99, 71.029993, 662.085392, 37.788863, 0.043557, 5383, 3882.0
100, 69.571132, 660.527046, 45.948502, 0.046832, 5417, 3922.0
101, 69.617815, 662.821704, 44.307723, 0.145941, 5412, 3906.0
102, 68.425732, 661.669826, 43.518605, 0.079398, 5406, 3908.0
103, 68.247896, 661.105097, 43.863949, 0.047085, 5402, 3960.0
104, 67.863417, 661.168218, 40.738741, 0.127173, 5408, 3904.0
105, 69.585729, 662.053624, 36.242648, 0.076354, 5407, 3887.0
106, 68.845540, 659.542330, 43.613646, 0.083168, 5404, 3915.0
107, 75.744091, 657.717974, 43.018200, 0.076642, 5319, 3845.0
108, 69.703318, 661.934456, 40.918569, 0.056931, 5402, 3898.0
109, 66.143636, 661.554453, 43.763792, 0.156479, 5401, 3891.0
110, 72.100578, 660.788149, 39.298632, 0.076764, 5384, 3891.0
111, 71.839255, 661.803563, 35.451449, 0.062650, 5407, 3914.0
112, 76.274527, 659.542829, 31.515450, 0.037344, 5373, 3870.0
113, 68.889142, 661.663688, 43.584304, 0.078689, 5409, 3974.0
114, 69.455510, 661.580808, 43.811647, 0.076680, 5403, 3922.0
115, 73.594421, 661.434752, 31.923772, 0.028876, 5380, 3875.0
116, 73.040045, 659.460177, 35.174049, 0.041601, 5368, 3872.0
117, 72.069600, 660.832809, 44.192860, 0.047300, 5389, 3903.0
118, 69.194300, 663.208533, 39.572039, 0.059611, 5399, 3921.0
119, 73.177223, 658.701036, 39.609137, 0.029224, 5367, 3880.0
120, 69.045011, 662.351066, 39.879811, 0.062621, 5407, 3902.0
121, 65.267723, 661.899460, 44.497523, 0.186776, 5406, 3905.0
122, 76.859737, 659.727953, 30.603121, 0.076675, 5352, 3854.0
123, 69.938782, 662.295708, 41.952297, 0.032872, 5398, 3904.0
124, 73.943023, 659.097764, 35.904480, 0.033575, 5377, 3879.0
125, 71.860387, 659.143337, 43.010806, 0.052709, 5361, 3927.0
126, 68.318049, 659.967060, 43.254456, 0.050253, 5405, 3914.0
127, 67.743381, 661.829450, 39.974946, 0.079395, 5402, 3917.0
128, 67.918515, 659.473068, 43.907297, 0.143141, 5393, 3915.0
129, 70.576647, 661.391127, 41.851899, 0.123148, 5399, 3918.0
130, 70.324071, 664.111534, 36.824299, 0.079585, 5406, 3907.0
131, 67.227031, 664.555337, 41.471682, 0.123835, 5411, 3909.0
132, 74.346421, 658.140565, 40.011540, 0.035919, 5343, 3883.0
133, 70.164703, 660.185946, 43.678876, 0.075168, 5398, 3946.0
134, 71.072869, 662.490937, 37.886344, 0.033920, 5401, 3897.0
135, 71.378684, 662.665997, 36.022247, 0.063592, 5413, 3878.0
136, 67.818302, 660.858062, 45.578895, 0.236193, 5400, 3977.0
137, 68.989385, 660.356522, 48.980129, 0.164149, 5392, 3911.0
138, 66.143672, 660.975995, 43.447820, 0.238431, 5406, 3911.0
139, 71.072003, 661.647960, 42.420466, 0.127362, 5408, 3920.0
140, 67.976064, 661.985632, 43.601486, 0.090647, 5406, 3922.0
141, 68.656137, 662.012581, 40.415910, 0.074872, 5405, 3912.0
142, 75.137841, 660.152007, 36.507784, 0.071884, 5384, 3895.0
143, 76.926869, 659.462391, 31.414163, 0.058201, 5359, 3878.0
144, 72.670527, 662.113547, 39.660455, 0.094814, 5376, 3893.0
145, 71.679998, 660.146750, 43.832405, 0.093234, 5368, 3893.0
146, 70.808604, 662.310115, 38.055893, 0.068893, 5400, 3906.0
147, 79.270548, 660.206999, 25.403837, 0.050311, 5358, 3856.0
148, 73.948872, 660.963662, 32.713597, 0.052838, 5383, 3880.0
149, 70.958867, 662.830439, 41.662000, 0.121113, 5401, 3909.0
150, 69.756218, 662.717290, 41.038122, 0.047035, 5397, 3912.0
151, 71.004111, 661.351556, 42.494121, 0.094006, 5405, 3933.0
152, 72.469196, 661.250280, 41.720737, 0.145382, 5354, 3869.0
153, 69.432339, 661.118877, 44.373980, 0.240597, 5409, 3923.0
154, 68.431675, 660.431454, 45.689628, 0.114149, 5400, 3925.0
155, 68.711824, 662.313203, 44.691500, 0.179302, 5405, 3918.0
156, 67.854242, 660.569174, 44.849835, 0.100140, 5406, 3928.0
157, 72.397812, 660.990359, 36.514557, 0.009219, 5383, 3886.0
158, 73.246501, 660.608544, 38.238798, 0.035303, 5386, 3888.0
159, 70.383669, 661.458937, 44.011386, 0.072059, 5404, 3906.0
160, 70.884328, 661.203464, 43.148848, 0.102987, 5378, 3879.0
161, 68.662319, 663.470276, 41.153887, 0.240821, 5399, 3903.0
162, 69.450601, 662.002361, 43.076683, 0.154672, 5407, 3918.0
163, 67.325823, 660.822989, 44.797658, 0.108997, 5406, 3907.0
164, 72.466326, 660.424269, 40.295410, 0.033943, 5386, 3898.0
165, 70.965135, 661.882060, 41.973509, 0.074977, 5391, 3909.0
166, 71.269267, 661.035560, 41.238943, 0.110396, 5386, 3892.0
167, 66.028840, 661.288271, 43.186100, 0.231392, 5394, 3921.0
168, 74.449190, 661.514097, 31.856162, 0.043490, 5360, 4016.0
169, 75.216902, 659.675789, 36.179448, 0.038107, 5358, 3850.0
170, 70.809270, 661.325379, 41.672226, 0.057900, 5406, 3992.0
171, 70.898955, 660.588894, 40.360324, 0.065547, 5386, 3887.0
172, 72.583793, 661.263696, 38.244727, 0.042362, 5390, 3887.0
173, 74.041151, 660.084040, 38.604580, 0.055353, 5363, 3875.0
174, 69.069097, 661.662787, 43.648898, 0.109933, 5405, 3902.0
175, 67.679670, 665.408739, 38.492763, 0.113961, 5409, 3896.0
176, 66.126223, 660.254187, 46.078610, 0.209750, 5410, 3912.0
177, 71.314117, 662.524238, 40.180987, 0.084004, 5381, 3886.0
178, 67.499002, 658.997492, 47.345189, 0.156388, 5408, 3922.0
179, 70.695245, 660.697010, 41.737240, 0.051521, 5412, 3934.0
180, 75.808111, 659.956985, 36.652347, 0.059417, 5356, 3944.0
181, 72.795539, 659.379607, 37.340781, 0.036646, 5369, 3883.0
182, 69.390892, 660.919719, 42.927454, 0.070267, 5403, 3927.0
183, 66.968289, 663.905925, 39.826809, 0.120372, 5403, 3884.0
184, 71.874860, 661.591276, 39.128156, 0.074742, 5400, 3941.0
185, 70.143662, 662.802369, 37.421072, 0.042851, 5409, 3907.0
186, 72.481867, 659.194340, 39.775108, 0.051231, 5391, 3901.0
187, 66.188538, 661.941555, 45.904577, 0.103635, 5407, 3965.0
188, 66.335714, 663.931214, 40.151442, 0.138032, 5412, 3982.0
189, 71.545406, 662.041101, 34.371546, 0.035509, 5402, 3923.0
190, 69.084248, 661.858355, 42.704663, 0.124490, 5410, 3937.0
191, 71.733126, 659.940993, 41.228301, 0.037079, 5385, 3896.0
192, 73.844635, 660.808071, 33.544156, 0.048984, 5378, 3878.0
193, 71.589479, 662.464999, 35.853902, 0.043336, 5411, 3953.0
194, 74.359891, 660.765859, 32.693187, 0.041011, 5385, 3891.0
195, 73.428219, 661.504475, 39.353901, 0.099663, 5362, 3878.0
196, 69.799593, 661.811024, 42.107758, 0.050121, 5406, 3904.0
197, 68.300327, 662.643670, 38.478231, 0.115981, 5403, 4025.0
198, 74.473499, 659.468480, 31.704245, 0.057126, 5380, 3890.0
199, 72.872243, 661.969648, 33.575256, 0.064853, 5390, 3950.0
200, 73.124222, 659.762539, 39.683562, 0.098220, 5363, 3872.0
201, 69.530903, 662.040270, 39.769767, 0.057978, 5409, 4031.0
202, 68.744570, 663.477029, 37.819233, 0.039676, 5406, 3901.0
203, 78.426543, 658.178927, 37.266167, 0.078077, 5349, 3883.0
204, 71.433027, 661.197632, 39.631585, 0.034409, 5382, 3901.0
205, 74.679891, 660.180783, 38.998600, 0.120717, 5337, 6395.0
206, 71.322302, 662.083975, 34.306741, 0.057082, 5408, 4384.0
207, 68.019302, 663.268692, 40.547090, 0.116240, 5408, 4020.0
208, 67.908750, 660.881819, 45.359973, 0.048875, 5405, 3926.0
209, 73.016214, 661.042901, 39.230178, 0.055315, 5383, 3901.0
210, 72.105515, 662.436755, 37.830587, 0.041647, 5390, 3903.0
211, 72.179500, 662.986319, 34.131046, 0.041532, 5400, 4094.0
212, 71.050789, 662.320963, 41.762787, 0.068256, 5390, 3913.0
213, 70.583597, 663.582350, 37.742304, 0.035036, 5399, 3904.0
214, 72.665051, 659.378319, 37.937417, 0.096469, 5369, 3876.0
215, 73.187387, 661.081660, 40.923644, 0.117399, 5364, 3876.0
216, 69.617555, 661.768516, 42.781093, 0.130778, 5383, 3884.0
217, 70.717883, 662.711556, 39.612814, 0.031202, 5400, 3893.0
218, 74.631007, 659.826227, 33.117287, 0.041864, 5373, 3869.0
219, 76.193873, 660.182936, 36.232393, 0.072113, 5360, 3867.0
220, 72.985757, 662.295718, 34.714629, 0.025953, 5408, 3917.0
221, 75.192536, 660.517060, 37.905977, 0.102893, 5365, 3884.0
222, 75.311739, 658.954587, 42.812081, 0.128456, 5317, 3924.0
223, 70.339046, 661.345931, 42.531816, 0.111590, 5384, 3986.0
224, 68.282516, 663.338723, 38.612929, 0.041690, 5406, 3895.0
225, 67.898848, 662.340501, 42.003929, 0.126847, 5407, 3916.0
226, 74.144423, 661.664026, 30.498700, 0.057341, 5375, 3887.0
227, 72.223195, 660.504915, 35.261107, 0.056463, 5383, 4060.0
228, 70.415991, 660.540195, 42.467217, 0.085350, 5390, 3884.0
229, 71.115233, 662.131893, 38.802112, 0.040125, 5378, 3896.0
230, 71.405703, 660.500633, 38.884581, 0.032338, 5394, 3892.0
231, 77.449432, 661.481762, 32.052786, 0.106221, 5365, 3988.0
232, 70.619004, 662.878876, 37.409056, 0.094449, 5409, 4070.0
233, 68.891777, 662.865709, 38.662915, 0.050033, 5404, 3908.0
234, 68.765370, 661.943805, 42.578116, 0.107108, 5402, 3907.0
235, 71.557218, 660.427544, 40.800735, 0.079693, 5359, 3891.0
236, 74.117192, 660.829435, 38.330852, 0.066195, 5384, 3899.0
237, 68.716883, 662.676971, 41.106117, 0.074959, 5409, 3913.0
238, 73.552401, 660.570678, 35.754411, 0.040788, 5387, 3892.0
239, 74.396566, 660.813652, 40.065014, 0.050230, 5361, 3942.0
240, 75.252216, 659.219012, 36.239083, 0.021543, 5368, 3883.0
241, 70.968531, 658.409011, 45.329397, 0.159940, 5377, 3883.0
242, 69.264788, 660.534398, 45.526245, 0.068214, 5404, 3906.0
243, 72.154600, 661.557003, 35.864270, 0.044358, 5387, 3890.0
244, 69.942840, 660.416631, 42.306259, 0.043785, 5403, 3911.0
245, 72.774963, 659.691971, 38.782459, 0.054919, 5372, 3941.0
246, 74.071444, 658.981447, 40.065201, 0.054487, 5350, 3872.0
247, 72.532420, 659.675153, 40.853074, 0.013804, 5386, 3904.0
248, 68.005854, 662.190926, 43.418109, 0.178451, 5408, 3913.0
249, 70.230743, 659.734593, 44.073513, 0.173814, 5363, 3886.0
250, 69.931108, 663.503324, 38.035013, 0.029678, 5405, 3896.0
251, 70.497400, 661.045512, 41.521601, 0.161740, 5388, 3905.0
252, 73.540977, 661.058056, 36.592441, 0.062057, 5364, 3872.0
253, 73.144306, 659.449261, 34.920011, 0.031351, 5371, 3918.0
254, 72.315641, 660.631804, 36.988832, 0.069501, 5389, 3886.0
255, 71.096155, 661.695878, 36.282757, 0.045191, 5400, 3906.0
256, 73.776990, 659.574260, 38.120081, 0.056422, 5373, 3883.0
257, 73.334641, 660.260204, 39.779691, 0.082564, 5378, 3888.0
258, 70.048821, 662.332885, 39.858626, 0.040277, 5401, 3915.0
259, 68.810184, 660.754018, 41.996922, 0.170789, 5394, 3918.0
260, 69.295652, 662.514224, 38.997394, 0.130725, 5403, 4079.0
261, 68.935534, 661.838629, 43.861561, 0.089940, 5415, 3961.0
262, 77.008049, 658.850607, 30.873101, 0.058502, 5367, 3891.0
263, 67.742742, 659.491224, 44.964104, 0.207787, 5402, 3910.0
264, 75.483131, 660.060328, 28.283720, 0.073620, 5351, 3867.0
265, 73.954791, 660.111132, 29.355965, 0.013755, 5371, 4002.0
266, 70.270436, 659.757355, 44.182300, 0.062176, 5385, 3890.0
267, 72.520843, 660.348709, 36.143039, 0.032286, 5370, 3876.0
268, 72.273089, 662.032521, 35.840670, 0.075411, 5369, 3942.0
269, 70.871771, 659.775801, 40.844696, 0.106958, 5366, 3880.0
270, 76.091896, 658.665215, 33.256224, 0.046096, 5353, 3974.0
271, 73.486113, 662.538419, 37.286122, 0.053911, 5384, 3896.0
272, 70.800224, 660.798535, 40.003365, 0.030605, 5386, 3895.0
273, 69.633612, 660.006367, 44.716981, 0.122802, 5382, 3888.0
274, 77.789669, 661.327325, 19.741115, 0.060113, 5392, 4038.0
275, 75.801718, 659.728872, 36.242128, 0.075955, 5349, 3985.0
276, 76.468170, 658.944167, 33.614674, 0.042010, 5372, 3984.0
277, 73.687378, 661.396850, 38.528883, 0.064114, 5384, 3901.0
278, 73.951007, 661.705802, 33.610096, 0.089835, 5350, 3873.0
279, 69.460605, 660.419294, 44.195091, 0.097089, 5412, 3915.0
280, 74.591714, 659.108863, 36.847608, 0.059009, 5384, 3865.0
281, 71.691073, 661.879202, 37.564064, 0.036876, 5387, 3900.0
282, 70.391869, 658.717583, 44.422153, 0.116684, 5377, 3901.0
283, 76.821342, 659.754289, 32.843036, 0.067877, 5365, 3925.0
284, 73.805369, 662.606570, 32.213454, 0.066863, 5400, 3891.0
285, 67.934412, 657.708713, 47.445057, 0.359730, 5396, 3905.0
286, 69.739744, 662.498451, 40.348903, 0.040299, 5398, 3907.0
287, 67.568796, 661.832349, 44.755712, 0.109751, 5400, 3952.0
288, 70.441300, 660.264825, 41.107682, 0.059095, 5388, 3897.0
289, 69.874770, 661.668885, 40.205293, 0.072629, 5408, 3917.0
290, 69.272779, 661.889016, 42.723721, 0.162535, 5405, 3907.0
291, 68.707182, 662.424466, 43.378914, 0.063633, 5410, 3916.0
292, 71.510926, 662.387346, 41.718995, 0.073501, 5404, 3906.0
293, 69.643582, 662.530193, 38.246260, 0.097752, 5392, 3889.0
294, 70.272991, 662.278720, 43.174211, 0.095419, 5387, 3902.0
295, 68.074104, 660.074058, 44.634022, 0.150978, 5411, 3923.0
296, 72.640130, 660.653472, 37.397829, 0.032629, 5395, 3951.0
297, 71.704682, 660.660373, 38.725585, 0.038025, 5386, 3907.0
298, 66.862190, 660.754927, 44.203379, 0.133346, 5402, 3909.0
299, 72.734176, 660.599195, 41.344110, 0.117683, 5368, 3882.0
300, 72.557758, 661.750508, 37.144040, 0.046060, 5382, 3902.0
301, 72.716668, 661.578459, 36.656551, 0.034331, 5390, 3902.0
302, 70.873108, 661.784253, 33.114525, 0.065017, 5400, 3896.0
303, 72.311573, 662.160124, 36.385504, 0.061359, 5385, 3887.0
304, 72.686889, 662.702158, 30.519106, 0.061716, 5397, 3888.0
305, 75.439654, 659.771607, 32.249833, 0.044340, 5375, 3872.0
306, 70.990485, 660.185545, 42.569207, 0.079993, 5392, 3889.0
307, 75.528935, 660.756367, 27.717352, 0.055407, 5344, 3873.0
308, 71.979507, 660.433203, 38.591702, 0.060867, 5356, 3875.0
309, 74.104448, 660.666701, 37.350001, 0.051629, 5365, 3877.0
310, 69.642416, 661.635897, 41.977601, 0.040533, 5408, 3916.0
311, 69.107355, 662.403878, 41.181185, 0.074408, 5409, 3917.0
312, 76.175146, 661.281374, 29.374715, 0.065554, 5380, 3888.0
313, 71.259986, 660.847144, 41.336289, 0.055661, 5386, 3898.0
314, 73.660598, 662.022088, 36.373718, 0.065517, 5381, 3883.0
315, 74.594338, 659.903124, 36.249977, 0.046339, 5373, 3865.0
316, 78.265314, 658.940579, 35.438834, 0.139290, 5342, 3858.0
317, 74.470161, 661.186795, 32.791215, 0.027894, 5382, 3900.0
318, 69.298144, 664.977917, 39.196491, 0.122662, 5405, 3906.0
319, 73.220108, 661.827159, 33.851586, 0.043640, 5363, 3871.0
320, 72.541465, 662.792142, 32.500972, 0.060184, 5411, 3915.0
321, 72.304419, 661.939753, 36.690532, 0.050234, 5404, 3913.0
322, 68.534180, 664.148588, 38.762155, 0.072034, 5403, 3894.0
323, 77.008703, 662.757164, 26.243110, 0.096591, 5378, 3868.0
324, 73.739850, 661.362118, 35.113277, 0.035013, 5414, 3918.0
325, 74.906812, 661.068787, 31.315461, 0.017985, 5375, 3867.0
326, 76.578790, 659.537340, 37.263021, 0.103477, 5345, 3863.0
327, 71.297392, 664.078259, 38.214808, 0.073044, 5402, 3898.0
328, 73.747746, 659.852443, 40.021679, 0.052463, 5358, 3883.0
329, 67.468275, 661.323436, 44.038916, 0.053227, 5406, 3931.0
330, 70.555983, 661.951572, 40.744594, 0.048307, 5409, 4036.0
331, 69.669814, 661.140228, 42.310746, 0.134434, 5380, 3915.0
332, 70.876378, 660.838903, 40.077245, 0.062299, 5396, 3896.0
333, 68.633351, 662.296991, 41.184356, 0.098381, 5406, 3898.0
334, 71.178729, 660.031951, 42.898343, 0.076988, 5382, 3894.0
335, 70.109613, 659.548329, 45.660936, 0.112327, 5396, 3912.0
336, 66.263432, 662.360750, 43.973042, 0.134690, 5409, 3895.0
337, 70.885968, 662.221352, 38.515389, 0.060768, 5399, 3895.0
338, 69.702390, 660.693958, 42.445381, 0.059702, 5404, 3900.0
339, 73.182241, 661.494182, 39.290874, 0.058800, 5385, 3889.0
340, 69.556923, 661.481066, 43.406929, 0.067016, 5402, 3922.0
341, 70.670851, 661.516837, 35.725043, 0.043726, 5405, 3912.0
342, 70.798254, 660.448047, 42.478463, 0.074326, 5384, 3905.0
343, 71.025034, 662.355209, 40.700018, 0.039295, 5402, 3904.0
344, 70.512074, 661.407460, 42.336991, 0.152637, 5387, 3900.0
345, 73.956754, 661.894621, 30.265498, 0.070022, 5406, 3906.0
346, 69.156855, 659.213406, 47.791654, 0.160397, 5397, 4002.0
347, 72.452397, 660.086837, 38.792985, 0.062133, 5367, 3883.0
348, 70.109648, 661.011170, 44.989518, 0.135865, 5385, 3901.0
349, 68.045735, 662.535776, 38.900872, 0.058749, 5407, 3888.0
350, 77.157223, 660.473613, 29.920280, 0.087905, 5341, 3844.0
351, 67.742339, 660.220374, 46.540101, 0.222730, 5407, 3912.0
352, 70.166738, 663.039594, 38.770780, 0.069913, 5401, 3898.0
353, 70.857155, 661.139414, 40.554839, 0.064694, 5405, 3914.0
354, 73.314538, 661.860244, 37.050422, 0.068535, 5389, 3897.0
355, 71.033044, 662.240264, 38.942614, 0.055158, 5389, 3899.0
356, 72.230907, 662.109475, 33.783880, 0.057175, 5408, 3915.0
357, 69.556071, 662.787843, 40.306867, 0.131922, 5410, 3918.0
358, 67.002982, 661.069585, 43.297328, 0.100240, 5407, 4458.0
359, 74.556586, 660.191916, 35.960086, 0.064376, 5378, 3883.0
360, 70.942854, 662.671696, 41.245422, 0.096824, 5404, 3917.0
361, 70.908177, 660.168278, 39.270511, 0.027476, 5386, 3945.0
362, 71.979013, 663.555646, 31.177268, 0.042187, 5396, 3902.0
363, 72.772169, 662.202635, 37.290220, 0.015716, 5394, 3898.0
364, 73.937229, 660.598570, 37.449505, 0.042423, 5380, 3890.0
365, 73.132178, 660.339366, 36.347711, 0.023242, 5380, 3888.0
366, 69.480484, 661.248835, 41.364485, 0.062203, 5407, 3952.0
367, 72.516776, 662.591126, 28.512906, 0.025142, 5408, 3910.0
368, 74.473415, 659.954107, 37.225698, 0.038774, 5372, 3886.0
369, 72.736212, 660.939654, 37.151109, 0.058163, 5378, 3886.0
370, 73.290338, 661.088505, 43.370832, 0.064024, 5388, 3903.0
371, 74.880536, 661.713107, 37.919457, 0.079436, 5378, 3893.0
372, 73.188948, 661.874494, 32.882601, 0.055072, 5400, 3917.0
373, 73.131066, 659.975669, 39.383737, 0.064134, 5373, 3890.0
374, 69.123335, 662.738252, 43.523553, 0.194530, 5404, 3933.0
375, 72.764228, 660.739038, 39.004991, 0.055082, 5391, 3898.0
376, 72.032361, 660.698859, 39.293694, 0.042507, 5392, 3894.0
377, 70.951191, 662.739589, 38.718597, 0.103547, 5401, 3935.0
378, 70.393507, 661.991384, 40.380583, 0.073261, 5408, 3920.0
379, 70.627167, 662.464901, 38.563324, 0.060874, 5403, 3957.0
380, 76.128966, 659.397348, 37.816135, 0.057536, 5376, 3878.0
381, 71.538169, 662.222077, 36.258453, 0.087559, 5357, 3860.0
382, 74.031348, 660.148055, 37.189643, 0.020018, 5378, 3887.0
383, 76.247872, 661.019111, 26.508459, 0.033201, 5338, 3909.0
384, 71.079978, 660.666524, 42.340537, 0.135931, 5359, 3878.0
385, 70.187195, 662.254733, 41.831583, 0.083600, 5384, 3903.0
386, 75.148222, 660.007311, 39.645864, 0.070277, 5371, 3891.0
387, 69.077490, 661.545239, 40.653631, 0.140708, 5403, 3977.0
388, 70.768125, 661.755554, 41.132161, 0.070559, 5410, 3924.0
389, 69.073396, 659.807946, 45.378700, 0.111402, 5398, 3914.0
390, 69.559730, 665.941741, 55.495767, 0.087600, 5372, 3885.0
391, 76.036759, 661.485193, 37.019218, 0.135600, 5366, 3926.0
392, 72.220947, 660.313189, 39.873008, 0.063009, 5391, 3906.0
393, 74.016479, 660.758156, 38.184134, 0.054746, 5379, 3899.0
394, 70.209186, 659.660649, 45.202464, 0.096698, 5388, 3898.0
395, 78.199269, 658.243278, 34.128239, 0.082645, 5341, 3886.0
396, 74.094703, 660.328548, 38.117289, 0.043912, 5377, 3885.0
397, 70.633637, 661.711465, 39.217366, 0.024166, 5399, 3910.0
398, 73.557417, 660.379094, 38.016337, 0.043341, 5383, 3875.0
399, 76.477721, 659.842614, 36.219973, 0.078572, 5368, 3875.0
400, 71.095832, 660.795959, 41.754973, 0.108011, 5382, 3931.0
401, 70.107436, 662.195996, 39.254628, 0.061748, 5399, 3904.0
402, 71.018600, 661.570594, 39.466213, 0.106506, 5373, 3886.0
403, 72.922079, 661.508569, 40.063161, 0.031387, 5385, 3901.0
404, 69.986393, 661.352401, 42.602426, 0.054170, 5408, 3973.0
405, 74.863418, 660.778222, 33.808463, 0.036659, 5389, 3884.0
406, 73.214498, 662.493543, 32.424777, 0.043142, 5411, 3908.0
407, 75.220959, 660.764529, 36.284561, 0.059338, 5363, 3875.0
408, 74.647660, 660.023178, 33.335613, 0.056522, 5377, 3875.0
409, 77.304159, 662.257181, 23.632610, 0.112928, 5395, 3887.0
410, 69.654795, 663.388013, 39.071805, 0.079523, 5400, 3895.0
411, 81.476924, 657.727154, 28.734614, 0.064694, 5337, 3841.0
412, 71.994535, 662.043083, 33.426077, 0.035590, 5406, 3901.0
413, 73.744130, 660.702109, 38.476627, 0.037390, 5387, 3898.0
414, 73.083957, 660.124867, 37.601463, 0.045618, 5392, 3889.0
415, 75.391298, 660.250921, 40.650494, 0.040643, 5347, 3862.0
416, 73.418583, 661.422092, 30.523487, 0.047353, 5415, 3913.0
417, 66.462601, 659.280427, 46.172595, 0.216424, 5409, 3927.0
418, 74.392410, 661.824379, 33.794303, 0.053769, 5385, 3897.0
419, 69.974926, 662.455150, 39.888318, 0.054929, 5408, 3924.0
420, 70.389040, 660.885859, 38.532364, 0.119206, 5409, 4664.0
421, 74.628357, 660.005619, 36.881121, 0.056723, 5355, 5575.0
422, 73.302724, 660.583515, 39.311445, 0.051074, 5384, 3897.0
423, 69.585348, 662.272816, 41.584376, 0.085576, 5410, 3917.0
424, 72.162347, 661.921202, 34.548259, 0.068098, 5406, 4175.0
425, 75.321712, 659.172591, 37.015895, 0.061364, 5364, 3877.0
426, 72.104578, 661.468096, 36.578756, 0.059568, 5388, 3892.0
427, 72.024021, 659.731355, 43.005635, 0.060468, 5385, 3898.0
428, 77.078162, 661.388132, 26.490662, 0.084097, 5347, 3860.0
429, 69.167611, 661.350166, 43.743530, 0.136833, 5404, 3911.0
430, 74.957059, 660.718135, 35.664776, 0.065344, 5364, 3880.0
431, 68.755619, 662.074131, 44.028707, 0.055921, 5394, 3912.0
432, 72.479197, 661.647846, 37.069324, 0.056375, 5390, 3892.0
433, 72.617831, 660.707047, 36.238883, 0.047229, 5381, 3884.0
434, 71.161828, 660.345756, 40.126431, 0.037995, 5386, 3958.0
435, 68.418312, 661.111325, 41.841178, 0.085252, 5402, 3926.0
436, 67.110034, 663.581095, 39.102242, 0.110085, 5405, 3899.0
437, 69.324790, 660.945002, 45.112766, 0.115810, 5407, 3931.0
438, 68.416165, 664.561375, 35.480568, 0.081824, 5411, 3962.0
439, 70.700691, 661.916253, 39.216808, 0.039046, 5414, 3920.0
440, 71.381208, 661.165876, 39.547749, 0.038685, 5385, 3895.0
441, 75.005606, 660.054557, 36.809546, 0.052435, 5364, 3886.0
442, 67.242983, 663.178142, 41.984528, 0.063308, 5402, 3887.0
443, 74.550851, 659.697027, 33.907227, 0.013476, 5378, 3863.0
444, 70.452465, 659.449997, 44.929853, 0.088524, 5388, 3885.0
445, 72.801370, 660.541303, 36.616548, 0.027695, 5383, 3890.0
446, 73.030089, 660.888944, 42.067104, 0.136245, 5368, 3983.0
447, 72.724682, 662.613475, 40.659567, 0.130813, 5387, 3938.0
448, 70.870651, 661.793593, 40.020254, 0.043183, 5412, 3904.0
449, 70.253365, 661.996572, 40.681915, 0.057528, 5402, 3906.0
450, 72.645023, 660.987053, 39.599388, 0.048193, 5384, 3895.0
451, 70.109341, 662.645721, 40.944184, 0.111166, 5405, 3890.0
452, 70.435862, 662.786640, 36.040578, 0.058614, 5407, 3894.0
453, 74.665165, 660.407917, 35.727998, 0.025154, 5391, 3895.0
454, 68.542797, 662.075845, 36.004462, 0.057933, 5407, 3892.0
455, 72.052392, 659.593496, 42.301880, 0.114139, 5366, 3924.0
456, 78.592194, 660.406548, 30.088981, 0.125731, 5362, 3867.0
457, 70.888784, 662.513003, 35.614398, 0.056837, 5403, 3887.0
458, 73.837672, 660.161370, 35.322620, 0.028887, 5384, 3886.0
459, 71.998707, 659.715914, 41.815462, 0.149633, 5354, 3869.0
460, 71.420873, 660.927419, 43.273371, 0.117874, 5379, 3887.0
461, 72.934278, 660.892255, 39.166949, 0.101654, 5364, 3879.0
462, 71.626485, 660.714350, 41.205156, 0.044050, 5390, 3902.0
463, 72.967731, 661.280510, 39.061391, 0.090434, 5375, 3890.0
464, 72.491089, 660.352582, 44.629684, 0.093033, 5361, 3873.0
465, 71.867284, 661.181583, 44.883878, 0.065898, 5403, 3936.0
466, 67.622192, 661.155994, 44.034012, 0.135810, 5407, 3907.0
467, 74.537180, 659.331145, 38.341235, 0.088406, 5365, 3881.0
468, 74.207485, 659.475071, 40.351758, 0.039604, 5340, 3868.0
469, 69.185503, 663.464734, 40.389073, 0.075323, 5407, 3914.0
470, 68.471569, 662.436041, 40.718449, 0.120410, 5411, 3901.0
471, 71.854813, 660.524632, 43.199580, 0.096728, 5382, 3900.0
472, 69.284421, 663.017696, 41.627718, 0.105796, 5405, 3901.0
473, 71.471288, 662.203919, 35.552796, 0.061596, 5407, 3994.0
474, 67.866978, 661.641088, 44.217388, 0.182368, 5408, 3910.0
475, 71.577503, 661.003081, 39.020334, 0.095925, 5363, 3878.0
476, 69.564127, 660.733696, 43.688227, 0.136887, 5402, 3912.0
477, 71.686491, 661.539899, 36.886683, 0.029866, 5383, 3926.0
478, 70.909568, 661.282299, 38.482599, 0.014686, 5406, 3896.0
479, 72.824268, 661.906278, 40.987922, 0.081822, 5378, 3960.0
480, 73.584773, 659.290710, 40.397894, 0.061190, 5355, 3875.0
481, 72.163497, 660.417302, 41.858324, 0.032831, 5378, 3896.0
482, 72.492470, 661.880082, 41.637212, 0.079030, 5382, 3903.0
483, 67.386993, 660.409637, 42.901105, 0.118143, 5402, 3918.0
484, 70.092967, 663.055685, 36.012008, 0.056713, 5408, 3893.0
485, 68.206335, 661.662735, 42.502150, 0.035953, 5400, 3922.0
486, 73.258921, 661.928150, 33.057841, 0.059056, 5406, 3913.0
487, 69.978026, 661.038742, 38.050869, 0.025343, 5406, 3918.0
488, 71.005408, 661.600460, 38.874624, 0.051552, 5404, 3901.0
489, 73.116846, 661.076330, 35.934589, 0.052966, 5383, 3885.0
490, 68.229093, 662.826613, 38.309892, 0.072905, 5400, 3868.0
491, 70.673385, 661.481377, 39.604815, 0.071688, 5404, 3906.0
492, 71.194124, 662.741177, 39.600421, 0.080227, 5393, 3923.0
493, 66.277891, 661.551463, 42.669210, 0.085290, 5407, 3907.0
494, 69.565953, 662.406202, 41.507109, 0.082914, 5408, 3910.0
495, 78.320760, 661.098300, 27.611045, 0.071081, 5341, 3856.0
496, 72.429140, 661.143550, 33.731852, 0.023079, 5402, 3917.0
497, 69.569296, 661.480295, 43.218397, 0.179456, 5407, 3922.0
498, 69.536572, 663.834018, 40.726291, 0.107922, 5403, 3917.0
499, 74.841048, 661.621129, 32.184141, 0.035525, 5385, 3903.0
500, 71.611151, 661.553105, 45.236227, 0.065625, 5383, 3892.0
501, 68.647077, 662.609162, 39.880629, 0.050914, 5396, 3879.0
502, 70.893316, 659.118866, 44.449151, 0.134820, 5362, 3872.0
503, 69.048544, 661.039352, 40.627738, 0.060861, 5410, 3904.0
504, 72.886384, 661.070689, 38.012168, 0.042342, 5380, 3892.0
505, 69.203282, 661.052671, 39.412837, 0.073757, 5386, 3900.0
506, 70.727181, 662.623306, 38.307149, 0.061593, 5405, 3900.0
507, 72.409211, 661.307863, 34.298644, 0.058852, 5413, 3909.0
508, 71.152254, 662.646429, 39.621410, 0.049877, 5390, 3903.0
509, 71.168748, 661.368244, 39.798982, 0.045720, 5403, 3909.0
510, 71.231824, 661.013138, 42.118175, 0.061317, 5390, 3899.0
511, 68.884467, 662.192742, 40.063335, 0.206226, 5385, 3940.0
512, 68.736971, 662.139968, 44.782779, 0.055379, 5411, 3930.0
513, 72.316460, 661.527782, 39.118679, 0.068751, 5385, 3895.0
514, 68.850221, 659.647884, 45.887835, 0.110044, 5394, 3903.0
515, 73.550203, 660.280741, 40.557447, 0.058243, 5361, 3878.0
516, 66.628264, 662.307223, 44.465552, 0.110047, 5403, 3906.0
517, 71.289434, 661.272609, 40.969865, 0.061814, 5394, 3904.0
518, 66.727132, 662.270208, 41.367834, 0.149784, 5404, 3903.0
519, 69.803310, 660.118155, 47.316561, 0.074367, 5383, 3898.0
520, 72.626477, 661.594247, 33.471735, 0.033854, 5403, 3905.0
521, 71.801234, 661.486361, 34.440082, 0.066128, 5400, 3903.0
522, 68.812396, 661.572091, 40.463271, 0.114515, 5403, 3921.0
523, 73.357987, 660.652076, 38.957443, 0.062512, 5370, 3885.0
524, 72.716867, 662.199871, 40.543580, 0.067937, 5383, 3883.0
525, 70.744927, 662.462597, 42.907777, 0.029952, 5409, 3906.0
526, 68.669648, 661.679711, 42.998201, 0.219753, 5408, 3923.0
527, 68.141860, 661.243272, 44.390897, 0.102891, 5406, 3903.0
528, 74.124241, 659.523821, 34.984561, 0.042533, 5361, 3878.0
529, 71.077744, 662.614079, 38.629479, 0.107257, 5379, 3891.0
530, 74.037572, 660.523377, 34.447222, 0.032739, 5381, 4012.0
531, 74.987666, 660.476408, 33.723279, 0.069347, 5389, 3895.0
532, 77.957465, 658.376845, 38.481596, 0.103009, 5326, 3844.0
533, 70.166367, 662.907159, 41.163380, 0.071806, 5405, 3953.0
534, 68.853029, 660.209876, 39.825765, 0.113901, 5401, 3901.0
535, 71.522097, 662.334185, 37.655915, 0.113727, 5413, 3898.0
536, 74.537342, 659.823917, 33.227446, 0.026133, 5371, 3865.0
537, 75.609962, 661.524226, 31.797079, 0.058155, 5368, 3869.0
538, 73.204020, 660.798632, 32.031683, 0.030566, 5366, 3878.0
539, 73.167189, 661.726704, 37.529448, 0.061086, 5382, 3912.0
540, 70.553782, 662.808138, 36.166392, 0.058336, 5404, 3937.0
541, 71.935719, 660.987223, 43.760314, 0.048477, 5374, 3903.0
542, 71.564150, 661.568530, 40.459796, 0.053267, 5372, 3883.0
543, 71.418898, 660.713018, 39.951635, 0.052506, 5404, 3925.0
544, 70.763492, 661.912909, 41.231866, 0.077590, 5403, 3949.0
545, 70.258757, 663.148371, 38.277654, 0.065947, 5409, 3909.0
546, 73.590020, 662.183134, 29.224134, 0.080097, 5404, 3995.0
547, 72.455680, 660.668008, 37.149927, 0.054592, 5384, 3902.0
548, 69.459268, 661.811234, 40.073351, 0.117095, 5409, 3973.0
549, 72.690239, 660.633446, 39.690771, 0.060054, 5384, 3892.0
550, 73.168752, 660.495346, 37.219561, 0.077885, 5362, 3928.0
551, 70.682897, 661.362123, 40.387458, 0.049148, 5404, 3910.0
552, 66.642764, 662.790989, 42.196513, 0.339436, 5404, 3911.0
553, 76.326332, 660.676525, 34.869342, 0.081474, 5344, 3867.0
554, 71.979781, 659.955829, 36.454846, 0.072635, 5361, 3915.0
555, 69.993565, 661.392585, 37.132770, 0.044042, 5405, 3906.0
556, 69.047330, 661.870589, 38.123675, 0.110194, 5404, 3920.0
557, 70.972580, 660.977109, 41.036700, 0.092957, 5411, 3921.0
558, 71.415731, 660.851585, 41.014006, 0.027330, 5388, 3953.0
559, 73.876746, 660.203363, 39.301931, 0.064586, 5362, 3883.0
560, 76.220841, 660.161620, 34.376354, 0.100782, 5356, 3946.0
561, 73.199342, 662.644505, 36.682439, 0.057181, 5382, 3886.0
562, 67.710678, 662.985955, 39.489151, 0.077138, 5402, 3902.0
563, 68.085482, 663.274406, 39.424451, 0.153814, 5408, 3956.0
564, 73.726552, 662.000141, 33.280769, 0.066775, 5393, 3982.0
565, 76.499030, 659.264405, 30.502710, 0.051618, 5367, 3872.0
566, 71.105032, 661.477871, 40.552862, 0.092256, 5390, 3906.0
567, 70.843736, 662.017686, 36.600305, 0.054264, 5403, 3904.0
568, 71.306849, 662.621895, 38.777936, 0.070921, 5380, 3955.0
569, 72.262179, 660.246392, 44.533625, 0.086483, 5362, 3993.0
570, 77.389670, 661.050537, 24.303370, 0.048768, 5357, 3861.0
571, 71.919985, 661.048818, 40.478252, 0.055794, 5388, 3915.0
572, 71.543740, 662.934585, 38.465575, 0.060721, 5403, 3906.0
573, 69.112748, 662.102974, 42.440878, 0.106587, 5404, 3964.0
574, 72.018899, 661.276987, 37.925490, 0.053738, 5390, 3910.0
575, 74.353095, 660.735422, 34.581364, 0.046251, 5377, 3868.0
576, 72.045408, 661.449920, 40.577786, 0.042460, 5382, 3998.0
577, 71.651154, 661.230253, 40.154844, 0.070364, 5384, 3967.0
578, 70.390413, 660.982556, 40.444067, 0.078097, 5404, 3926.0
579, 74.877656, 660.977398, 30.300369, 0.022188, 5361, 3871.0
580, 76.734986, 659.906900, 31.619800, 0.069593, 5371, 3880.0
581, 72.904362, 661.123035, 34.826171, 0.051912, 5383, 3951.0
582, 76.648657, 659.778493, 33.424284, 0.059855, 5339, 3885.0
583, 72.714930, 660.663209, 40.513772, 0.088276, 5364, 3972.0
584, 72.529454, 661.467298, 38.250752, 0.041708, 5387, 3905.0
585, 68.812169, 660.797132, 43.185465, 0.070367, 5397, 3994.0
586, 73.298719, 660.256237, 39.625137, 0.067307, 5376, 3887.0
587, 75.117710, 660.277038, 29.978870, 0.042214, 5370, 3867.0
588, 70.261696, 660.687402, 39.161472, 0.081577, 5398, 3908.0
589, 71.110523, 660.818869, 43.150146, 0.093184, 5389, 3911.0
590, 72.124569, 661.276951, 38.716587, 0.058904, 5392, 3982.0
591, 68.613299, 663.274684, 41.022651, 0.159628, 5405, 3903.0
592, 75.962152, 659.384290, 37.100598, 0.062462, 5346, 3861.0
593, 73.348873, 661.213091, 40.125203, 0.052600, 5390, 3899.0
594, 70.670227, 663.994874, 39.564999, 0.136574, 5411, 3982.0
595, 72.352831, 661.115140, 35.677960, 0.032574, 5386, 3942.0
596, 68.267806, 662.601903, 42.209253, 0.118276, 5402, 3912.0
597, 72.725165, 661.938588, 38.297758, 0.011908, 5412, 3978.0
598, 70.459375, 662.111979, 37.859999, 0.031614, 5398, 3906.0
599, 75.637278, 660.638621, 33.988530, 0.057348, 5367, 3884.0
600, 74.182121, 661.406832, 37.459615, 0.047023, 5382, 3898.0
601, 73.387188, 660.557575, 38.628007, 0.108649, 5366, 3925.0
602, 70.048968, 662.700412, 34.778428, 0.052604, 5409, 3910.0
603, 72.370418, 661.474814, 37.929168, 0.042251, 5388, 3912.0
604, 72.902867, 659.781269, 33.711383, 0.067593, 5362, 3883.0
605, 79.682383, 658.104774, 35.609222, 0.180099, 5311, 3842.0
606, 72.029265, 661.180308, 35.774121, 0.082124, 5378, 3892.0
607, 73.220510, 660.690569, 38.653696, 0.053855, 5380, 4023.0
608, 71.223794, 662.370438, 41.279215, 0.178926, 5390, 3907.0
609, 77.371542, 659.701057, 31.920108, 0.060144, 5355, 3886.0
610, 68.764088, 664.704791, 38.705352, 0.214889, 5406, 3909.0
611, 71.777658, 661.098992, 41.745237, 0.061981, 5385, 3896.0
612, 75.341813, 660.062412, 32.919130, 0.053636, 5362, 3869.0
613, 69.476715, 662.362074, 42.605528, 0.137536, 5408, 3983.0
614, 73.432272, 660.423476, 33.039279, 0.056644, 5396, 3906.0
615, 69.600710, 663.448843, 40.209030, 0.170899, 5400, 3902.0
616, 73.615895, 659.121288, 37.354577, 0.043313, 5363, 3935.0
617, 68.100693, 661.551589, 42.879194, 0.109461, 5406, 3906.0
618, 70.777929, 662.801771, 41.179251, 0.050129, 5405, 3911.0
619, 75.308024, 661.315742, 33.805216, 0.031541, 5384, 3879.0
620, 72.721048, 659.334829, 38.683585, 0.026169, 5377, 3952.0
621, 70.583454, 660.329509, 44.906850, 0.073318, 5406, 3919.0
622, 75.441660, 659.708134, 38.259389, 0.077420, 5358, 3966.0
623, 73.637780, 661.414003, 34.636814, 0.073049, 5381, 3901.0
624, 69.009971, 661.709022, 41.146468, 0.057247, 5409, 3951.0
625, 73.154507, 659.576585, 35.191255, 0.037829, 5357, 3874.0
626, 69.686066, 661.769641, 40.511103, 0.168553, 5392, 3912.0
627, 71.288591, 665.078188, 36.166506, 0.088075, 5399, 3904.0
628, 71.159996, 661.465670, 39.278608, 0.063294, 5405, 3907.0
629, 70.344879, 663.233925, 37.854119, 0.062575, 5404, 3903.0
630, 72.592755, 661.618376, 34.893324, 0.041720, 5408, 3899.0
631, 73.810794, 660.365675, 34.283463, 0.035525, 5368, 3869.0
632, 72.388982, 660.936313, 37.748345, 0.040958, 5390, 3883.0
633, 70.536006, 661.162612, 38.414259, 0.069270, 5405, 3979.0
634, 76.214146, 660.448016, 31.991257, 0.044112, 5367, 3901.0
635, 71.385604, 660.050109, 41.777422, 0.127203, 5359, 3875.0
636, 72.037240, 662.752463, 38.092749, 0.022107, 5379, 4731.0
637, 67.607615, 660.630423, 43.901009, 0.143827, 5403, 5231.0
638, 75.045360, 661.490913, 31.434232, 0.050125, 5379, 3952.0
639, 68.782492, 660.182877, 44.895683, 0.145230, 5406, 3932.0
640, 76.022733, 660.301592, 30.291035, 0.060647, 5345, 4119.0
641, 73.014514, 660.652195, 34.860201, 0.039652, 5388, 3960.0
642, 70.693943, 659.551658, 41.648474, 0.109653, 5408, 4066.0
643, 72.130129, 661.072563, 35.740856, 0.044053, 5376, 3881.0
644, 75.319889, 659.426011, 34.151973, 0.035980, 5365, 3873.0
645, 70.859875, 663.055454, 33.681518, 0.061121, 5399, 3951.0
646, 73.061165, 659.792095, 38.738321, 0.032186, 5383, 3895.0
647, 68.898281, 662.684506, 38.970264, 0.051391, 5401, 3939.0
648, 71.152810, 660.505933, 42.162529, 0.069938, 5382, 3945.0
649, 71.471198, 661.873546, 37.763307, 0.085261, 5389, 3905.0
650, 68.962294, 660.829858, 42.310502, 0.114601, 5384, 3894.0
651, 69.265853, 663.556341, 35.907494, 0.023282, 5408, 3909.0
652, 71.216141, 663.976784, 35.311026, 0.066149, 5399, 3908.0
653, 70.112243, 661.342960, 40.431545, 0.041937, 5409, 3921.0
654, 69.666331, 661.060279, 39.839666, 0.096294, 5395, 3931.0
655, 70.624371, 661.019537, 35.928606, 0.041280, 5405, 3905.0
656, 66.538186, 663.308920, 41.794096, 0.047899, 5409, 3896.0
657, 69.837603, 662.097633, 39.397882, 0.088196, 5412, 3919.0
658, 68.116956, 662.814587, 44.531168, 0.102301, 5401, 4034.0
659, 70.766878, 661.356823, 42.184034, 0.065150, 5406, 3927.0
660, 69.290442, 661.089511, 43.882653, 0.078267, 5385, 4111.0
661, 70.586463, 663.432952, 42.899520, 0.053121, 5403, 4076.0
662, 70.167061, 661.740280, 38.867764, 0.057241, 5385, 3892.0
663, 67.306757, 663.075285, 41.262394, 0.166246, 5401, 3899.0
664, 75.661201, 658.455353, 36.008571, 0.044003, 5358, 3888.0
665, 72.209326, 662.277218, 33.857935, 0.046650, 5406, 3914.0
666, 69.962309, 660.920910, 42.189039, 0.053468, 5397, 3995.0
667, 67.329006, 662.589461, 44.582591, 0.148540, 5407, 3906.0
668, 68.254085, 663.368540, 42.499384, 0.123916, 5410, 4008.0
669, 74.171143, 660.661129, 39.509331, 0.051260, 5377, 3892.0
670, 67.863365, 661.357978, 45.224848, 0.098137, 5406, 3910.0
671, 71.062413, 662.405511, 38.768324, 0.061481, 5380, 3907.0
672, 75.381969, 659.064224, 36.165339, 0.046581, 5376, 3888.0
673, 67.814939, 658.769467, 46.395282, 0.140209, 5407, 3935.0
674, 73.685893, 658.462959, 36.514360, 0.025813, 5367, 3948.0
675, 74.436224, 659.520095, 36.782304, 0.048070, 5367, 3921.0
676, 66.621403, 665.396338, 39.548192, 0.185078, 5409, 4001.0
677, 69.175126, 662.691861, 41.645931, 0.055015, 5406, 3907.0
678, 75.151261, 660.350279, 37.652256, 0.037882, 5378, 3888.0
679, 67.557424, 663.296144, 40.785110, 0.103216, 5408, 3929.0
680, 69.249356, 661.866405, 42.906578, 0.091045, 5405, 3938.0
681, 70.845166, 659.858568, 41.220956, 0.101093, 5386, 3901.0
682, 69.775426, 661.154340, 39.605163, 0.071463, 5408, 3966.0
683, 72.753989, 662.182126, 36.763293, 0.055460, 5380, 3895.0
684, 68.726173, 662.617824, 41.106138, 0.032491, 5408, 3924.0
685, 68.848426, 663.359091, 40.738259, 0.106630, 5402, 3979.0
686, 68.522458, 658.926482, 44.551199, 0.162974, 5386, 3949.0
687, 69.347253, 659.975424, 42.209915, 0.079585, 5375, 3888.0
688, 70.779098, 661.926636, 44.348875, 0.042663, 5399, 3898.0
689, 69.608613, 659.472467, 43.667572, 0.144006, 5399, 3909.0
690, 73.016505, 659.900362, 36.236676, 0.043065, 5365, 3876.0
691, 71.955508, 659.816709, 41.825103, 0.092149, 5359, 3875.0
692, 73.120510, 661.629580, 36.756427, 0.057498, 5384, 3910.0
693, 73.291912, 661.038660, 36.372356, 0.050912, 5380, 4022.0
694, 69.308984, 661.308239, 42.044359, 0.074198, 5403, 3909.0
695, 74.171400, 659.467025, 41.321536, 0.137059, 5361, 3922.0
696, 69.818664, 663.067280, 39.723808, 0.045869, 5415, 3903.0
697, 71.659080, 660.185302, 41.898500, 0.035026, 5382, 3941.0
698, 66.809117, 661.102003, 43.199949, 0.139213, 5400, 3917.0
699, 67.988722, 663.365051, 39.664430, 0.096704, 5402, 3889.0
700, 71.936367, 660.524540, 38.277791, 0.043841, 5385, 3904.0
701, 73.738157, 660.349313, 38.561538, 0.072433, 5368, 3880.0
702, 71.134050, 663.062157, 35.766389, 0.048198, 5401, 3972.0
703, 68.791632, 659.072112, 44.454112, 0.147351, 5406, 3943.0
704, 68.429481, 661.566523, 42.309589, 0.102951, 5402, 4158.0
705, 69.103559, 663.031973, 39.102255, 0.120001, 5406, 5197.0
706, 73.010766, 661.815145, 32.985019, 0.036012, 5407, 5598.0
707, 73.501754, 661.400372, 34.385074, 0.033953, 5390, 4128.0
708, 66.880090, 660.911022, 44.500638, 0.218262, 5411, 3905.0
709, 75.578222, 659.648227, 39.957643, 0.071351, 5353, 3873.0
710, 70.594864, 660.686051, 43.705170, 0.084123, 5386, 3889.0
711, 70.492524, 662.381750, 38.092200, 0.057477, 5410, 3891.0
712, 69.468802, 663.510670, 37.540599, 0.039313, 5414, 3896.0
713, 68.994127, 660.391746, 42.794231, 0.112850, 5407, 3918.0
714, 73.459813, 661.205555, 38.356401, 0.034067, 5390, 3896.0
715, 69.638327, 661.535578, 45.207318, 0.116166, 5409, 3915.0
716, 72.794656, 660.003011, 35.763711, 0.026752, 5385, 3850.0
717, 71.534498, 659.333532, 43.574553, 0.155230, 5357, 3873.0
718, 71.211049, 660.905233, 38.888893, 0.097969, 5364, 5812.0
719, 67.525260, 657.772877, 47.873675, 0.237803, 5400, 3907.0
720, 70.540443, 661.717218, 41.092618, 0.078307, 5383, 3909.0
721, 71.108680, 659.768830, 44.810193, 0.183024, 5370, 3884.0
722, 70.030045, 661.470121, 38.796050, 0.098722, 5404, 3901.0
723, 68.475408, 658.888659, 48.930167, 0.165997, 5401, 3918.0
724, 75.819833, 659.412642, 34.889184, 0.046107, 5367, 3955.0
725, 67.093519, 664.208423, 40.844049, 0.133716, 5404, 3896.0
726, 72.904828, 658.635766, 43.025178, 0.057829, 5363, 3947.0
727, 71.149473, 660.549317, 39.008371, 0.029206, 5378, 3891.0
728, 72.664654, 661.284833, 35.197165, 0.052031, 5410, 4006.0
729, 73.909625, 660.247122, 31.576165, 0.048634, 5368, 3871.0
730, 70.058372, 661.733982, 41.710496, 0.111408, 5390, 3929.0
731, 66.845194, 663.749196, 40.683885, 0.169970, 5400, 3890.0
732, 74.510354, 660.892386, 35.191483, 0.060153, 5367, 3856.0
733, 71.633951, 661.078649, 40.095482, 0.063719, 5387, 3885.0
734, 70.169262, 661.197476, 43.990113, 0.077612, 5388, 3887.0
735, 70.338635, 662.606797, 34.853472, 0.071597, 5402, 3876.0
736, 68.794386, 660.971396, 41.674152, 0.056406, 5397, 3888.0
737, 69.816157, 662.863483, 39.835234, 0.101608, 5411, 3917.0
738, 69.788223, 661.509556, 39.583524, 0.061861, 5402, 3910.0
739, 74.047811, 661.598334, 40.965577, 0.044623, 5383, 3899.0
740, 70.630524, 662.177703, 38.372332, 0.050816, 5394, 3901.0
741, 72.271554, 659.829281, 41.252128, 0.068936, 5354, 3865.0
742, 68.430733, 663.193727, 42.386182, 0.063451, 5412, 3921.0
743, 74.360375, 659.484684, 38.141614, 0.071467, 5364, 3870.0
744, 71.535853, 661.094050, 38.159728, 0.039895, 5411, 3905.0
745, 69.531081, 662.401275, 40.285592, 0.075256, 5407, 3897.0
746, 69.616397, 660.565609, 39.947529, 0.042692, 5403, 3887.0
747, 69.976372, 661.944493, 43.953389, 0.119552, 5386, 3873.0
748, 68.600431, 660.013307, 45.828391, 0.179851, 5410, 4065.0
749, 69.749757, 662.254463, 35.939031, 0.067163, 5403, 4846.0
750, 71.328324, 661.533264, 42.432071, 0.063017, 5383, 4534.0
751, 73.900036, 660.070370, 34.318872, 0.049571, 5355, 3965.0
752, 68.516118, 662.352745, 43.291182, 0.103480, 5396, 3888.0
753, 67.560342, 662.659901, 40.533860, 0.131308, 5408, 4052.0
754, 66.322068, 660.811087, 45.044626, 0.135670, 5405, 3905.0
755, 69.153505, 660.729163, 41.323154, 0.144069, 5367, 3897.0
756, 69.518466, 660.451348, 44.599854, 0.027204, 5410, 3934.0
757, 71.229446, 661.476310, 41.132996, 0.045328, 5387, 3915.0
758, 67.407109, 662.050624, 42.447977, 0.145415, 5404, 3999.0
759, 67.204030, 661.205192, 42.417763, 0.102772, 5401, 3919.0
760, 67.794433, 663.913228, 40.945473, 0.123754, 5411, 3900.0
761, 76.222122, 658.924459, 35.742993, 0.047291, 5337, 3852.0
762, 72.803203, 662.631437, 35.972481, 0.089531, 5402, 3899.0
763, 66.453802, 660.074068, 48.419820, 0.128338, 5407, 3917.0
764, 67.388511, 661.144337, 43.858911, 0.165394, 5403, 3972.0
765, 72.855452, 660.281365, 37.609060, 0.059006, 5386, 3900.0
766, 67.608694, 662.969352, 42.224833, 0.170679, 5406, 3921.0
767, 69.536142, 662.703204, 41.045752, 0.112982, 5405, 3904.0
768, 71.531921, 661.067424, 39.190860, 0.056210, 5379, 4006.0
769, 75.651569, 660.173282, 36.810488, 0.071679, 5372, 3949.0
770, 71.889976, 661.387580, 37.624690, 0.052319, 5408, 4005.0
771, 73.028192, 661.166809, 35.143354, 0.041356, 5386, 3956.0
772, 70.749772, 660.866502, 42.233938, 0.066752, 5397, 3914.0
773, 71.073514, 664.143850, 36.948158, 0.117109, 5409, 3957.0
774, 72.650415, 660.714736, 41.190036, 0.043756, 5390, 3952.0
775, 68.170714, 661.068691, 41.933675, 0.070799, 5408, 4022.0
776, 70.286523, 660.794910, 43.150160, 0.085550, 5402, 4032.0
777, 70.741058, 660.186380, 41.390047, 0.085287, 5391, 3966.0
778, 69.312091, 661.971870, 40.010064, 0.023438, 5410, 3911.0
779, 71.502114, 660.512460, 41.079300, 0.064445, 5382, 5211.0
780, 71.266388, 661.966079, 39.821881, 0.040121, 5391, 5334.0
781, 76.294235, 659.439885, 32.333296, 0.068665, 5324, 5965.0
782, 73.092040, 661.026187, 36.079967, 0.037907, 5383, 6063.0
783, 71.385234, 661.403500, 40.918868, 0.094401, 5386, 4292.0
784, 69.853840, 662.306021, 40.073773, 0.092200, 5404, 4281.0
785, 70.983554, 662.275651, 37.641016, 0.068646, 5399, 4382.0
786, 69.449005, 660.285236, 41.069193, 0.065854, 5406, 4647.0
787, 69.747872, 661.673907, 42.704344, 0.040608, 5402, 4043.0
788, 67.374696, 662.222652, 42.759009, 0.135121, 5409, 3944.0
789, 69.300869, 660.715117, 43.451449, 0.060873, 5404, 4900.0
790, 71.768709, 662.050195, 34.098506, 0.030048, 5408, 4393.0
791, 65.360960, 662.744671, 44.132171, 0.057810, 5409, 3899.0
792, 71.486635, 663.017119, 37.730202, 0.057443, 5401, 3919.0
793, 73.149093, 660.895779, 35.606113, 0.025163, 5385, 3890.0
794, 67.854152, 659.959785, 44.907685, 0.095531, 5409, 3901.0
795, 69.889486, 659.276758, 46.222296, 0.064184, 5409, 3911.0
796, 71.687404, 661.567120, 39.705300, 0.078799, 5383, 3953.0
797, 65.339269, 663.581661, 39.986478, 0.193993, 5402, 3946.0
798, 72.018650, 660.419453, 42.195444, 0.036975, 5388, 3925.0
799, 70.369093, 660.028831, 42.854144, 0.118714, 5383, 3914.0
800, 73.322596, 659.675987, 41.830783, 0.069042, 5368, 3949.0
801, 69.005277, 663.750504, 39.960056, 0.044214, 5399, 3883.0
802, 71.992819, 659.855761, 38.896474, 0.057234, 5370, 3919.0
803, 67.376131, 657.803685, 49.228455, 0.158051, 5406, 3948.0
804, 68.656671, 662.530598, 42.362022, 0.122394, 5404, 4088.0
805, 70.542833, 659.806878, 44.695001, 0.087238, 5383, 3886.0
806, 73.584716, 659.475008, 35.811697, 0.044136, 5374, 3949.0
807, 69.063832, 659.793492, 46.271800, 0.090695, 5403, 4363.0
808, 71.598777, 661.724687, 38.137581, 0.033425, 5388, 3985.0
809, 70.061279, 661.100204, 41.926529, 0.114085, 5408, 3916.0
810, 65.623719, 658.949451, 45.775288, 0.260756, 5401, 6534.0
811, 69.475082, 661.887482, 41.433611, 0.042273, 5410, 6397.0
812, 71.444263, 662.872264, 34.583060, 0.048635, 5401, 6036.0
813, 68.572679, 662.944254, 41.675653, 0.088733, 5403, 4408.0
814, 66.921009, 660.452443, 44.305165, 0.117196, 5410, 3911.0
815, 72.140235, 659.287291, 42.231703, 0.059233, 5363, 3871.0
816, 66.392770, 660.960794, 45.212580, 0.123629, 5409, 3913.0
817, 70.204216, 662.453120, 40.676724, 0.055579, 5403, 3950.0
818, 70.158055, 661.215243, 41.071396, 0.030227, 5377, 3902.0
819, 71.397240, 660.494430, 36.324389, 0.065828, 5368, 3879.0
820, 66.158357, 662.906111, 42.819467, 0.119429, 5408, 3902.0
821, 67.893496, 661.716138, 43.783893, 0.110071, 5408, 3921.0
822, 71.693616, 662.359517, 39.818964, 0.048614, 5381, 3916.0
823, 71.163950, 661.000422, 38.279723, 0.058542, 5403, 3916.0
824, 68.012190, 663.534607, 39.906113, 0.065024, 5400, 3885.0
825, 70.117038, 661.291083, 36.282391, 0.047744, 5403, 3862.0
826, 75.823844, 659.227840, 35.441199, 0.045178, 5361, 3865.0
827, 70.530657, 662.436286, 38.067548, 0.053930, 5402, 3895.0
828, 64.570230, 660.722166, 44.419388, 0.148339, 5406, 3913.0
829, 67.440397, 661.307351, 43.077138, 0.074579, 5409, 3913.0
830, 70.591309, 662.006383, 38.781440, 0.039832, 5384, 3909.0
831, 69.511177, 663.185175, 39.948167, 0.055188, 5405, 3926.0
832, 70.773260, 660.131286, 38.698183, 0.047792, 5374, 3875.0
833, 65.726743, 657.964699, 49.048571, 0.410526, 5405, 3901.0
834, 67.557172, 659.540910, 47.248074, 0.224321, 5390, 3925.0
835, 68.484378, 663.532984, 37.403477, 0.117765, 5400, 3882.0
836, 71.727266, 659.213611, 43.319368, 0.098483, 5363, 3873.0
837, 68.350626, 660.772953, 44.356575, 0.123825, 5408, 3923.0
838, 66.595215, 658.922219, 44.971871, 0.157419, 5408, 3914.0
839, 69.431376, 662.141536, 40.324196, 0.082498, 5401, 3917.0
840, 69.341211, 659.922834, 40.923076, 0.061304, 5411, 3952.0
841, 69.259269, 661.849502, 40.903073, 0.096637, 5412, 3910.0
842, 69.137290, 661.104011, 43.058788, 0.066051, 5405, 3915.0
843, 67.362760, 664.030574, 40.326269, 0.102336, 5403, 3890.0
844, 70.190944, 662.769212, 36.118768, 0.040453, 5396, 5977.0
845, 73.874814, 658.966574, 34.830876, 0.042730, 5362, 5167.0
846, 65.008261, 662.651597, 42.953734, 0.147349, 5416, 3897.0
847, 74.693006, 660.030244, 35.316280, 0.014024, 5375, 3882.0
848, 66.495569, 658.572210, 48.221600, 0.203719, 5404, 3923.0
849, 68.861469, 662.747478, 38.403083, 0.062545, 5407, 3912.0
850, 68.937874, 659.360431, 45.558142, 0.036098, 5401, 3901.0
851, 67.922768, 659.215364, 46.861495, 0.128277, 5410, 3926.0
852, 69.458943, 661.316586, 37.697666, 0.055503, 5407, 3899.0
853, 70.240556, 663.567035, 38.029936, 0.042793, 5406, 3888.0
854, 64.596006, 655.423477, 49.214650, 0.522605, 5359, 3872.0
855, 72.053532, 661.720251, 35.938949, 0.053257, 5395, 3896.0
856, 66.568107, 660.080117, 44.806754, 0.104693, 5402, 3911.0
857, 67.657861, 658.140829, 48.793201, 0.129661, 5397, 3926.0
858, 68.296455, 662.155419, 42.716978, 0.111083, 5407, 3908.0
859, 73.972024, 660.697998, 35.714655, 0.065335, 5385, 3881.0
860, 69.444140, 661.233401, 41.110556, 0.062398, 5399, 3907.0
861, 71.071495, 662.302362, 37.463480, 0.060203, 5407, 3908.0
862, 70.139422, 662.219969, 40.382605, 0.079979, 5400, 3892.0
863, 67.644610, 662.494338, 41.493379, 0.058002, 5406, 3880.0
864, 68.188807, 663.462701, 40.682697, 0.105668, 5412, 3884.0
865, 67.689981, 661.888505, 42.539919, 0.182907, 5403, 3908.0
866, 71.647497, 659.885228, 43.802547, 0.047375, 5381, 3916.0
867, 72.053496, 660.371710, 37.020340, 0.034097, 5375, 3884.0
868, 71.344947, 661.652543, 42.146728, 0.074079, 5414, 3949.0
869, 73.455374, 661.740464, 34.836700, 0.046570, 5386, 3875.0
870, 71.092453, 661.958899, 38.397974, 0.070802, 5382, 3907.0
871, 69.068706, 661.564044, 42.276187, 0.046285, 5406, 3915.0
872, 70.398466, 661.995710, 40.490853, 0.043917, 5407, 3926.0
873, 71.428292, 661.015949, 39.707514, 0.083386, 5390, 3894.0
874, 70.190404, 661.659637, 37.724886, 0.046539, 5391, 3894.0
875, 68.502947, 659.398662, 46.083948, 0.133899, 5403, 3960.0
876, 72.461677, 659.217825, 41.623904, 0.047839, 5358, 3887.0
877, 71.174659, 661.898263, 36.570357, 0.050155, 5411, 3897.0
878, 68.058422, 663.020254, 41.591678, 0.188301, 5402, 3908.0
879, 67.312727, 664.584552, 37.564130, 0.117015, 5405, 3881.0
880, 68.640681, 662.460399, 39.303505, 0.044469, 5410, 3902.0
881, 68.550119, 662.855682, 40.521814, 0.099846, 5410, 3903.0
882, 68.197691, 662.978786, 40.175512, 0.080541, 5405, 3903.0
883, 72.288325, 659.884819, 41.776570, 0.074238, 5367, 3871.0
884, 69.040314, 661.372392, 41.231051, 0.141607, 5387, 4145.0
885, 71.564016, 660.452895, 40.997035, 0.033895, 5388, 3908.0
886, 68.873800, 661.890732, 42.019776, 0.077269, 5400, 3908.0
887, 68.150297, 660.364998, 46.307597, 0.154270, 5404, 3942.0
888, 71.577104, 661.165580, 40.999949, 0.081643, 5392, 4063.0
889, 67.692323, 663.371314, 42.566788, 0.100193, 5405, 3918.0
890, 69.907024, 662.120199, 38.580053, 0.038678, 5410, 3904.0
891, 72.285495, 660.644255, 40.881993, 0.086016, 5385, 3899.0
892, 67.719817, 660.404396, 46.473319, 0.134859, 5401, 3988.0
893, 72.450339, 659.610672, 40.130494, 0.027917, 5377, 3910.0
894, 66.568769, 661.944737, 44.156913, 0.198402, 5410, 3900.0
895, 72.802768, 660.804240, 35.126537, 0.039190, 5374, 3877.0
896, 66.848910, 661.962953, 40.570043, 0.202323, 5406, 3896.0
897, 72.295678, 662.128672, 33.504768, 0.055349, 5393, 3979.0
898, 71.707903, 660.203732, 36.522683, 0.034301, 5385, 3893.0
899, 75.878577, 660.091581, 32.046247, 0.070821, 5397, 3883.0
900, 73.154450, 659.029843, 35.467680, 0.065607, 5366, 3899.0
901, 70.944842, 660.239579, 41.560893, 0.060680, 5388, 4027.0
902, 69.135949, 659.627533, 42.325955, 0.171457, 5387, 3968.0
903, 71.294950, 659.660141, 43.522935, 0.053384, 5383, 4139.0
904, 69.348338, 661.423196, 38.002013, 0.041775, 5404, 3902.0
905, 69.117681, 659.818024, 43.092519, 0.066950, 5406, 3903.0
906, 68.395533, 659.239625, 47.584506, 0.179785, 5405, 3929.0
907, 69.006839, 661.862904, 39.716271, 0.107135, 5390, 3899.0
908, 71.362474, 660.577331, 36.223471, 0.039881, 5385, 3893.0
909, 69.623780, 660.490538, 43.527741, 0.042321, 5401, 3911.0
910, 66.711847, 658.862815, 46.607275, 0.187485, 5405, 3906.0
911, 67.506751, 660.488669, 47.172601, 0.122949, 5402, 3949.0
912, 71.946661, 660.286404, 44.278294, 0.129125, 5362, 3886.0
913, 67.137812, 664.493738, 39.609729, 0.117450, 5397, 3877.0
914, 70.755951, 662.327372, 36.162452, 0.025149, 5404, 3891.0
915, 66.900837, 661.372127, 42.712912, 0.224807, 5405, 3906.0
916, 65.339361, 660.826635, 44.986051, 0.174313, 5401, 3901.0
917, 74.626914, 660.240516, 35.245673, 0.036382, 5385, 3893.0
918, 67.538640, 663.876720, 38.216744, 0.119048, 5410, 3882.0
919, 67.841918, 659.903086, 43.729363, 0.135861, 5409, 3922.0
920, 67.859997, 661.249885, 46.004294, 0.099503, 5405, 3932.0
921, 68.286824, 662.362110, 38.720341, 0.069473, 5407, 4131.0
922, 72.604276, 660.612425, 34.106744, 0.035048, 5401, 3898.0
923, 70.687705, 661.148315, 41.478666, 0.140329, 5392, 3904.0
924, 69.134162, 663.216701, 43.545259, 0.048490, 5405, 3905.0
925, 70.375271, 662.314909, 38.285956, 0.064594, 5407, 3915.0
926, 69.860070, 660.973346, 40.416558, 0.065645, 5407, 3918.0
927, 70.253938, 663.435676, 38.433190, 0.048743, 5402, 3889.0
928, 69.900174, 662.102807, 40.727225, 0.086737, 5390, 3900.0
929, 69.568767, 661.645813, 40.319518, 0.094820, 5383, 3911.0
930, 72.013180, 659.390163, 39.164150, 0.042171, 5384, 4021.0
931, 68.311322, 661.892854, 43.914686, 0.082067, 5405, 3915.0
932, 73.614279, 659.995901, 37.215823, 0.024354, 5382, 3919.0
933, 68.831178, 661.192497, 43.602399, 0.049029, 5402, 3909.0
934, 73.574985, 660.357300, 35.771362, 0.017375, 5373, 3910.0
935, 73.539782, 658.968333, 43.994441, 0.061018, 5355, 3865.0
936, 72.739985, 661.949216, 33.846486, 0.053906, 5407, 3888.0
937, 76.507396, 659.688078, 29.441105, 0.109406, 5357, 3861.0
938, 75.026325, 659.474760, 38.909558, 0.071233, 5348, 3903.0
939, 70.540820, 662.577097, 38.509394, 0.022576, 5405, 3895.0
940, 73.583160, 660.810060, 35.199573, 0.024213, 5383, 3882.0
941, 72.400063, 659.928354, 39.696200, 0.079957, 5365, 3882.0
942, 70.561691, 661.420462, 41.639848, 0.109977, 5408, 3914.0
943, 70.060137, 662.759898, 33.081296, 0.035267, 5405, 4059.0
944, 70.463125, 661.134230, 38.767587, 0.071980, 5407, 3905.0
945, 71.874273, 661.069644, 38.174805, 0.033663, 5401, 3905.0
946, 68.905497, 662.071032, 40.486939, 0.094765, 5407, 3897.0
947, 70.503701, 663.737714, 35.925910, 0.108157, 5400, 3907.0
948, 73.333147, 659.495664, 37.409975, 0.060503, 5364, 3872.0
949, 67.586609, 663.049553, 40.009914, 0.103704, 5409, 3874.0
950, 69.409700, 661.277324, 42.816070, 0.119844, 5382, 3880.0
951, 69.972045, 662.219630, 40.081546, 0.040344, 5405, 3908.0
952, 71.104932, 662.308143, 39.356382, 0.044473, 5390, 3899.0
953, 69.655671, 659.051031, 42.044599, 0.083688, 5411, 3894.0
954, 69.438455, 662.499827, 42.437772, 0.096943, 5398, 3945.0
955, 69.717801, 662.964512, 37.450635, 0.065845, 5407, 3895.0
956, 69.912028, 662.261137, 41.568984, 0.091007, 5388, 3919.0
957, 71.259377, 657.928908, 46.411322, 0.063917, 5366, 3869.0
958, 74.068222, 659.609852, 35.755634, 0.031115, 5370, 3868.0
959, 69.294175, 662.711439, 41.667509, 0.073404, 5399, 3899.0
960, 67.928093, 661.594842, 42.586337, 0.091995, 5407, 3930.0
961, 67.205111, 660.813559, 43.990714, 0.106009, 5398, 3902.0
962, 74.269007, 658.365568, 37.173244, 0.076726, 5361, 3870.0
963, 69.950151, 660.768399, 45.274941, 0.050307, 5405, 3918.0
964, 70.686164, 661.747599, 39.780297, 0.081594, 5391, 3908.0
965, 73.177123, 659.152583, 38.188384, 0.037635, 5379, 3886.0
966, 70.994432, 662.989358, 39.462268, 0.048079, 5410, 3905.0
967, 67.654179, 659.555056, 46.286096, 0.215950, 5401, 3924.0
968, 70.216928, 662.085972, 39.150672, 0.078269, 5407, 3918.0
969, 74.556775, 659.515231, 36.196101, 0.024369, 5360, 3878.0
970, 73.813308, 658.532582, 36.497191, 0.057813, 5373, 3862.0
971, 71.397829, 660.593311, 43.054766, 0.073692, 5380, 3894.0
972, 71.113773, 660.657426, 37.376327, 0.033202, 5382, 3868.0
973, 70.804862, 662.950340, 36.075989, 0.052116, 5408, 3914.0
974, 71.106174, 661.147090, 40.217231, 0.096549, 5387, 3914.0
975, 68.487644, 660.314851, 43.750871, 0.154644, 5392, 3932.0
976, 69.850041, 660.250598, 42.671758, 0.060203, 5407, 3898.0
977, 71.616555, 661.257861, 43.786143, 0.103901, 5386, 3904.0
978, 69.940002, 661.036732, 42.179173, 0.047400, 5404, 3904.0
979, 71.374213, 660.313380, 41.229173, 0.075993, 5387, 3890.0
980, 67.327336, 661.056023, 44.533258, 0.130821, 5406, 3910.0
981, 70.625995, 661.077272, 40.734420, 0.097381, 5408, 3919.0
982, 68.172425, 662.989351, 43.580531, 0.120519, 5410, 3922.0
983, 69.513983, 661.974153, 40.684842, 0.054111, 5411, 3920.0
984, 67.863307, 658.585294, 47.212345, 0.125864, 5413, 3927.0
985, 68.025756, 660.124561, 43.978312, 0.084419, 5402, 3906.0
986, 69.548938, 661.942430, 39.560760, 0.053009, 5407, 3918.0
987, 68.489238, 660.185703, 46.296960, 0.164228, 5409, 3915.0
988, 69.029709, 661.545917, 40.422657, 0.066815, 5402, 3904.0
989, 69.318740, 663.668504, 38.950293, 0.077785, 5400, 3924.0
990, 67.840921, 659.991164, 44.530827, 0.128169, 5407, 3925.0
991, 69.660785, 660.870398, 46.267034, 0.085337, 5394, 3893.0
992, 73.023901, 660.534422, 38.322026, 0.057748, 5388, 3893.0
993, 70.839638, 662.938016, 38.353644, 0.093506, 5403, 3896.0
994, 71.231296, 661.114257, 40.505068, 0.116622, 5389, 3883.0
995, 70.370676, 660.663624, 38.760720, 0.048459, 5382, 3908.0
996, 74.558990, 661.888817, 32.769032, 0.065396, 5373, 3849.0
997, 72.908775, 661.323235, 38.463272, 0.070852, 5360, 3888.0
998, 67.491341, 663.567600, 40.150835, 0.097498, 5405, 3884.0
999, 67.697758, 661.488851, 43.679702, 0.049232, 5400, 3918.0
