#idx, x0, x1, x2, y, f_neval, total_time (us), 
0, 68.251777, 665.399135, 39.405208, 0.108196, 3870, 2822.0
1, 71.864118, 660.227693, 46.080357, 0.102415, 3830, 2826.0
2, 75.047569, 661.142167, 35.283734, 0.042778, 3845, 2837.0
3, 70.631841, 661.260432, 39.263183, 0.078608, 3871, 2856.0
4, 71.482844, 662.523027, 38.337410, 0.107420, 3861, 2841.0
5, 76.426795, 660.775088, 28.655360, 0.034018, 3839, 4690.0
6, 69.735824, 661.641867, 44.242367, 0.084744, 3859, 4431.0
7, 74.223476, 660.062857, 44.245637, 0.081132, 3835, 4492.0
8, 69.569809, 662.196885, 42.009392, 0.135776, 3870, 4442.0
9, 70.735749, 661.468897, 39.748497, 0.070091, 3861, 3512.0
10, 74.055718, 659.950600, 38.837099, 0.086052, 3858, 2946.0
11, 78.455592, 660.554126, 30.956650, 0.081689, 3853, 3406.0
12, 75.076909, 660.154571, 37.107202, 0.062581, 3854, 3547.0
13, 77.324382, 659.584306, 31.312270, 0.052978, 3842, 3273.0
14, 74.637588, 660.410161, 38.555257, 0.051744, 3845, 2921.0
15, 73.220734, 660.555988, 36.087567, 0.044224, 3846, 2939.0
16, 75.045479, 660.640016, 31.845113, 0.044884, 3850, 3097.0
17, 76.317168, 660.904567, 28.569101, 0.037740, 3841, 2878.0
18, 74.238212, 659.491654, 35.939150, 0.034966, 3842, 2875.0
19, 77.142890, 660.785020, 34.860370, 0.087709, 3844, 3088.0
20, 75.975894, 659.972363, 33.831495, 0.074260, 3850, 2849.0
21, 74.582984, 661.428823, 29.921446, 0.065514, 3849, 2847.0
22, 69.365988, 661.886599, 41.078964, 0.102286, 3867, 2893.0
23, 71.975600, 660.414038, 40.233981, 0.067076, 3853, 2870.0
24, 70.949994, 662.018880, 41.709584, 0.085562, 3859, 3128.0
25, 74.292830, 659.381274, 38.511779, 0.059875, 3849, 2921.0
26, 69.824081, 660.863579, 42.639008, 0.193545, 3855, 2926.0
27, 67.594079, 661.042305, 45.312494, 0.147908, 3869, 2980.0
28, 71.730599, 660.342547, 39.091796, 0.072554, 3866, 2853.0
29, 72.472383, 660.518295, 42.263720, 0.074919, 3860, 2968.0
30, 72.568393, 660.355799, 38.899288, 0.062090, 3857, 2990.0
31, 69.122747, 661.916529, 42.583237, 0.136374, 3867, 2898.0
32, 78.416992, 658.788904, 32.571541, 0.056937, 3843, 2896.0
33, 75.707429, 658.443228, 34.811983, 0.045022, 3851, 2968.0
34, 71.792673, 660.266048, 43.646964, 0.068837, 3869, 2968.0
35, 71.781844, 662.985692, 38.143563, 0.040614, 3864, 2887.0
36, 67.050147, 658.863697, 48.468231, 0.172195, 3869, 2983.0
37, 72.861714, 659.469418, 40.178410, 0.037213, 3842, 3400.0
38, 70.315559, 659.068024, 46.795266, 0.060595, 3845, 2896.0
39, 72.644556, 660.187060, 35.317766, 0.065925, 3855, 2856.0
40, 67.987763, 662.228474, 42.626974, 0.073372, 3868, 2938.0
41, 70.738955, 662.723735, 37.833264, 0.071314, 3866, 4423.0
42, 69.698621, 663.557504, 34.502225, 0.101708, 3875, 4669.0
43, 72.107407, 660.792005, 44.036894, 0.071784, 3858, 3284.0
44, 70.799731, 661.863371, 40.082615, 0.075298, 3858, 3238.0
45, 71.512438, 661.110598, 37.589790, 0.040643, 3858, 3306.0
46, 70.701225, 660.649851, 43.659567, 0.145091, 3852, 2860.0
47, 77.348042, 659.280126, 31.899765, 0.073668, 3825, 3575.0
48, 71.902260, 661.262021, 41.370407, 0.052389, 3858, 3203.0
49, 77.199462, 658.636388, 30.587376, 0.020910, 3847, 2838.0
50, 68.533199, 661.328436, 41.587813, 0.163943, 3853, 2997.0
51, 70.484118, 659.428116, 42.512568, 0.139200, 3848, 2858.0
52, 69.046909, 662.673374, 37.711989, 0.061327, 3868, 2851.0
53, 72.331271, 661.072149, 37.953783, 0.047423, 3858, 2850.0
54, 75.335726, 659.765658, 31.791992, 0.041579, 3836, 2867.0
55, 69.403238, 660.073982, 44.958358, 0.076493, 3865, 2924.0
56, 70.078154, 663.207008, 43.337807, 0.076673, 3875, 2924.0
57, 66.752978, 659.643413, 46.435080, 0.221053, 3869, 2902.0
58, 70.219343, 660.881550, 44.868763, 0.121332, 3865, 2911.0
59, 72.928936, 660.446230, 35.662309, 0.036925, 3851, 2961.0
60, 73.294629, 660.327634, 37.569940, 0.061353, 3846, 2853.0
61, 74.579588, 660.638638, 31.073212, 0.034836, 3866, 2875.0
62, 68.838744, 662.646028, 37.045843, 0.066018, 3868, 2905.0
63, 77.378076, 659.305343, 28.939309, 0.072696, 3831, 2830.0
64, 72.636474, 659.472945, 45.014495, 0.141731, 3835, 2916.0
65, 70.062545, 659.950172, 39.246974, 0.068710, 3857, 2985.0
66, 68.584914, 659.617534, 44.106928, 0.076920, 3865, 2874.0
67, 74.015324, 659.781226, 34.769019, 0.024859, 3860, 2876.0
68, 69.176988, 659.647783, 45.297775, 0.070085, 3867, 3157.0
69, 68.561294, 661.608279, 41.771070, 0.082467, 3872, 3045.0
70, 68.227071, 659.960808, 44.104113, 0.107754, 3867, 2915.0
71, 73.549349, 659.935788, 41.365184, 0.061705, 3841, 2901.0
72, 70.828359, 663.643447, 37.790869, 0.083305, 3870, 2877.0
73, 68.708399, 660.579587, 44.513591, 0.041723, 3867, 2935.0
74, 69.103019, 662.474717, 37.777991, 0.065719, 3867, 2844.0
75, 72.047517, 660.561683, 37.232916, 0.032046, 3857, 2943.0
76, 68.678264, 664.087139, 35.387770, 0.094141, 3871, 2863.0
77, 65.772739, 662.289967, 44.198266, 0.114805, 3865, 2858.0
78, 75.983167, 659.139595, 37.749898, 0.035491, 3843, 2952.0
79, 70.510734, 660.226536, 43.876909, 0.139327, 3852, 2864.0
80, 69.884272, 661.101994, 38.679755, 0.028874, 3862, 2962.0
81, 70.499521, 661.739389, 40.078148, 0.038247, 3876, 2863.0
82, 67.551141, 662.349705, 43.088631, 0.105591, 3865, 2966.0
83, 68.941480, 662.275338, 39.757318, 0.061164, 3874, 3075.0
84, 69.551509, 660.111021, 43.289897, 0.119846, 3856, 2901.0
85, 67.820869, 661.606339, 44.005208, 0.112062, 3874, 2877.0
86, 74.464570, 660.756975, 33.683126, 0.032280, 3858, 2910.0
87, 68.205993, 662.219102, 41.500054, 0.077616, 3872, 2899.0
88, 64.741657, 664.948229, 39.852790, 0.214862, 3873, 2859.0
89, 71.835955, 660.956031, 38.238403, 0.051052, 3863, 2942.0
90, 69.060985, 660.254630, 45.844362, 0.060042, 3867, 3042.0
91, 71.505613, 660.817454, 38.427257, 0.051112, 3854, 2829.0
92, 67.901251, 665.962185, 50.543048, 0.047692, 3864, 2966.0
93, 70.096136, 660.656403, 42.967804, 0.042820, 3854, 2865.0
94, 70.961393, 660.550617, 46.628992, 0.057574, 3867, 2979.0
95, 74.730279, 661.095786, 32.040914, 0.049779, 3858, 2951.0
96, 71.821641, 660.126679, 39.243213, 0.029794, 3853, 3092.0
97, 70.377367, 661.638187, 43.854497, 0.043647, 3874, 2940.0
98, 73.122833, 660.739097, 37.168286, 0.044421, 3858, 2904.0
99, 70.957576, 661.973156, 37.849180, 0.043607, 3857, 2863.0
100, 69.477964, 660.674469, 46.315095, 0.046887, 3869, 2886.0
101, 69.731318, 662.736071, 44.204312, 0.145961, 3866, 2854.0
102, 68.367916, 661.548238, 43.742014, 0.079451, 3863, 2921.0
103, 68.389964, 661.133002, 43.563204, 0.047145, 3859, 2921.0
104, 68.110368, 661.187650, 40.432006, 0.127304, 3867, 2863.0
105, 69.715534, 662.139367, 35.813702, 0.076459, 3873, 2853.0
106, 69.027675, 659.478541, 43.214273, 0.083239, 3868, 3119.0
107, 75.801107, 657.621570, 43.218356, 0.076694, 3806, 2831.0
108, 69.761206, 662.035077, 40.717492, 0.056991, 3873, 2868.0
109, 66.069698, 661.536404, 43.788428, 0.156500, 3868, 2876.0
110, 72.194223, 660.733790, 39.391481, 0.076804, 3864, 2863.0
111, 71.964542, 661.694480, 35.401956, 0.062678, 3870, 2914.0
112, 76.376529, 659.529875, 31.431327, 0.037365, 3852, 3003.0
113, 69.025254, 661.545727, 43.490635, 0.078721, 3872, 2885.0
114, 69.317959, 661.634925, 43.866584, 0.076712, 3875, 2893.0
115, 73.597028, 661.359368, 32.015647, 0.028896, 3854, 2872.0
116, 73.064729, 659.484480, 35.049366, 0.041609, 3849, 2850.0
117, 72.049907, 660.906300, 44.176850, 0.047315, 3853, 2902.0
118, 69.201878, 663.228530, 39.304843, 0.059651, 3867, 2904.0
119, 73.183404, 658.675276, 39.804609, 0.029248, 3839, 2844.0
120, 68.946594, 662.349366, 39.735613, 0.062672, 3864, 2903.0
121, 65.231325, 662.081200, 44.267323, 0.186840, 3863, 2860.0
122, 76.882077, 659.770220, 30.549450, 0.076681, 3847, 2851.0
123, 70.023380, 662.211759, 41.631285, 0.032901, 3863, 3015.0
124, 73.955438, 659.148568, 35.848422, 0.033589, 3855, 3442.0
125, 71.966793, 659.188246, 42.839691, 0.052739, 3841, 2895.0
126, 68.256019, 659.895027, 43.298144, 0.050277, 3868, 2873.0
127, 67.577889, 661.795511, 40.253066, 0.079444, 3866, 2874.0
128, 67.828036, 659.636243, 44.106153, 0.143214, 3874, 2872.0
129, 70.590082, 661.472184, 41.750339, 0.123168, 3869, 2881.0
130, 70.284836, 664.173446, 36.773137, 0.079593, 3863, 2847.0
131, 67.285283, 664.514709, 41.182887, 0.123879, 3870, 2919.0
132, 74.289704, 658.219751, 39.885929, 0.035943, 3842, 2899.0
133, 70.111717, 660.181002, 43.746064, 0.075178, 3869, 2946.0
134, 71.193674, 662.466962, 37.798135, 0.033944, 3867, 3021.0
135, 71.277898, 662.615404, 36.165315, 0.063627, 3866, 2859.0
136, 67.890261, 660.925567, 45.275162, 0.236242, 3862, 2857.0
137, 69.032095, 660.198658, 48.847336, 0.164215, 3849, 2897.0
138, 66.145880, 661.130635, 43.228716, 0.238477, 3869, 2854.0
139, 71.120651, 661.467919, 42.539124, 0.127420, 3867, 2908.0
140, 68.021403, 662.027057, 43.543020, 0.090662, 3874, 3140.0
141, 68.745282, 662.096967, 40.204489, 0.074933, 3867, 2855.0
142, 75.078510, 660.229724, 36.510528, 0.071904, 3859, 2894.0
143, 76.944012, 659.419220, 31.560674, 0.058214, 3843, 2886.0
144, 72.595850, 662.114182, 39.812782, 0.094826, 3851, 2851.0
145, 71.781017, 660.074816, 43.591348, 0.093249, 3849, 2912.0
146, 70.918102, 662.181823, 37.938683, 0.068920, 3866, 2910.0
147, 79.139722, 660.202029, 25.501912, 0.050348, 3854, 3094.0
148, 74.077763, 660.918922, 32.642939, 0.052857, 3854, 2918.0
149, 71.087170, 662.826658, 41.608385, 0.121150, 3871, 2851.0
150, 69.719357, 662.531533, 40.816235, 0.047170, 3865, 2924.0
151, 71.033674, 661.301705, 42.322018, 0.094026, 3866, 3035.0
152, 72.517621, 661.216549, 41.915615, 0.145422, 3840, 2856.0
153, 69.295837, 661.110183, 44.402737, 0.240675, 3864, 2941.0
154, 68.533737, 660.247259, 45.712042, 0.114209, 3864, 2985.0
155, 68.705779, 662.432278, 44.703347, 0.179325, 3872, 2923.0
156, 67.864006, 660.448557, 45.048366, 0.100193, 3868, 2888.0
157, 72.403237, 661.079208, 36.249147, 0.009267, 3850, 2902.0
158, 73.182004, 660.635089, 38.256523, 0.035311, 3857, 2855.0
159, 70.387886, 661.479474, 44.126580, 0.072068, 3871, 2866.0
160, 71.014266, 661.101312, 43.043009, 0.103011, 3847, 2882.0
161, 68.519300, 663.646349, 41.246782, 0.240885, 3863, 2866.0
162, 69.455345, 661.980580, 42.918648, 0.154689, 3876, 2946.0
163, 67.390143, 660.901409, 44.644297, 0.109021, 3863, 2872.0
164, 72.553553, 660.423028, 40.019436, 0.033965, 3851, 2867.0
165, 70.970116, 661.876503, 41.818783, 0.074989, 3859, 2870.0
166, 71.405924, 660.993026, 40.951813, 0.110445, 3854, 2838.0
167, 65.974549, 661.179610, 43.461532, 0.231435, 3873, 2916.0
168, 74.479225, 661.451555, 32.034884, 0.043511, 3858, 2886.0
169, 75.185506, 659.643680, 36.253313, 0.038117, 3848, 2845.0
170, 70.865620, 661.356486, 41.669650, 0.057911, 3868, 2869.0
171, 70.810268, 660.524168, 40.726421, 0.065609, 3857, 2850.0
172, 72.623376, 661.224228, 38.320307, 0.042370, 3859, 2857.0
173, 74.012506, 660.071859, 38.411953, 0.055377, 3847, 2888.0
174, 69.147996, 661.600353, 43.743124, 0.109960, 3862, 2948.0
175, 67.700734, 665.517362, 38.606496, 0.113999, 3869, 2885.0
176, 66.093467, 660.312943, 45.791581, 0.209837, 3864, 2957.0
177, 71.401324, 662.558248, 39.942017, 0.084034, 3858, 2857.0
178, 67.318187, 659.088889, 47.616283, 0.156449, 3864, 2869.0
179, 70.729206, 660.625832, 41.906180, 0.051551, 3864, 2942.0
180, 75.909963, 659.952424, 36.623058, 0.059437, 3836, 2850.0
181, 72.806159, 659.432514, 37.318896, 0.036659, 3842, 2874.0
182, 69.332974, 661.017249, 43.044371, 0.070285, 3866, 2861.0
183, 66.868331, 663.984405, 39.641051, 0.120443, 3862, 2851.0
184, 71.819234, 661.549804, 39.239560, 0.074758, 3873, 2878.0
185, 70.065543, 662.830195, 37.403601, 0.042869, 3866, 2952.0
186, 72.589333, 659.096668, 39.606069, 0.051252, 3855, 2864.0
187, 66.140724, 662.174234, 45.840444, 0.103706, 3872, 2966.0
188, 66.449229, 663.885997, 40.208835, 0.138067, 3867, 2865.0
189, 71.461225, 662.044576, 34.409098, 0.035526, 3868, 2952.0
190, 69.066372, 661.877416, 42.491539, 0.124529, 3872, 2982.0
191, 71.817442, 659.922929, 41.311296, 0.037100, 3858, 2928.0
192, 73.809813, 660.771451, 33.619011, 0.048994, 3852, 2837.0
193, 71.641523, 662.367854, 35.872035, 0.043369, 3875, 2884.0
194, 74.408704, 660.790210, 32.686270, 0.041026, 3861, 2866.0
195, 73.398822, 661.523951, 39.292110, 0.099667, 3843, 2855.0
196, 69.786128, 661.863126, 42.244450, 0.050132, 3875, 2902.0
197, 68.222400, 662.684945, 38.270641, 0.116039, 3858, 2871.0
198, 74.446292, 659.461250, 31.573828, 0.057141, 3856, 2857.0
199, 72.983350, 661.931176, 33.679809, 0.064894, 3856, 2845.0
200, 73.105697, 659.806036, 39.559181, 0.098237, 3845, 2847.0
201, 69.602336, 661.916431, 40.039482, 0.058074, 3875, 2871.0
202, 68.767456, 663.412927, 37.895156, 0.039695, 3878, 2934.0
203, 78.404240, 658.171188, 37.189455, 0.078080, 3835, 2851.0
204, 71.334453, 661.223897, 39.779813, 0.034426, 3851, 2843.0
205, 74.796839, 660.204754, 38.955462, 0.120751, 3830, 2838.0
206, 71.341616, 662.023000, 34.506568, 0.057111, 3870, 2900.0
207, 68.026341, 663.275007, 40.750194, 0.116279, 3860, 2854.0
208, 67.751864, 660.935207, 45.476675, 0.048913, 3870, 2925.0
209, 73.055368, 661.016579, 39.270013, 0.055323, 3853, 2920.0
210, 72.137687, 662.326531, 37.909794, 0.041674, 3857, 2872.0
211, 72.111527, 662.967565, 34.071606, 0.041551, 3867, 2855.0
212, 71.090245, 662.234915, 41.791201, 0.068272, 3864, 2867.0
213, 70.638102, 663.484686, 37.736286, 0.035055, 3865, 2873.0
214, 72.704616, 659.418333, 37.844832, 0.096483, 3849, 3113.0
215, 73.136764, 661.024564, 40.744044, 0.117441, 3842, 2853.0
216, 69.592702, 661.680676, 42.810550, 0.130806, 3857, 2863.0
217, 70.752534, 662.775315, 39.613278, 0.031227, 3865, 2859.0
218, 74.590631, 659.843682, 33.247856, 0.041870, 3845, 2833.0
219, 76.240355, 660.218781, 36.216916, 0.072122, 3842, 2947.0
220, 73.042012, 662.249862, 34.610559, 0.025964, 3865, 2874.0
221, 75.217179, 660.527035, 38.068175, 0.102915, 3843, 2850.0
222, 75.250640, 658.982051, 42.852415, 0.128465, 3813, 2854.0
223, 70.234631, 661.398043, 42.627759, 0.111604, 3850, 2859.0
224, 68.539662, 663.267992, 38.101048, 0.041766, 3867, 2887.0
225, 67.947943, 662.298072, 42.037384, 0.126861, 3863, 2952.0
226, 74.372913, 661.727726, 29.829157, 0.057556, 3863, 2956.0
227, 72.362358, 660.458206, 35.401307, 0.056510, 3849, 2853.0
228, 70.325490, 660.545761, 42.666470, 0.085378, 3858, 2854.0
229, 71.080161, 662.107660, 39.063603, 0.040148, 3850, 2857.0
230, 71.363582, 660.446152, 39.016590, 0.032363, 3857, 2975.0
231, 77.392775, 661.492704, 32.147947, 0.106230, 3839, 2873.0
232, 70.547974, 662.849255, 37.382273, 0.094479, 3865, 2854.0
233, 69.021347, 662.791093, 38.819214, 0.050107, 3878, 2898.0
234, 68.815183, 661.886768, 42.415635, 0.107133, 3871, 2866.0
235, 71.551780, 660.413419, 40.553149, 0.079750, 3838, 2832.0
236, 74.069184, 660.820160, 38.492684, 0.066205, 3852, 2886.0
237, 68.858450, 662.702946, 41.126158, 0.075014, 3868, 2875.0
238, 73.619233, 660.571560, 35.505326, 0.040816, 3857, 2887.0
239, 74.426299, 660.879478, 39.966962, 0.050246, 3835, 2887.0
240, 75.176507, 659.198018, 36.213682, 0.021562, 3849, 2943.0
241, 71.081496, 658.327944, 45.215241, 0.159976, 3838, 2846.0
242, 69.353931, 660.537423, 45.407321, 0.068237, 3878, 2892.0
243, 72.101666, 661.472201, 35.900117, 0.044402, 3853, 2852.0
244, 69.897400, 660.487463, 42.076529, 0.043836, 3865, 2856.0
245, 72.782349, 659.676621, 38.644046, 0.054929, 3851, 2852.0
246, 74.071147, 659.079606, 40.138507, 0.054521, 3831, 2840.0
247, 72.589073, 659.680289, 40.911646, 0.013815, 3859, 2875.0
248, 67.839885, 662.268533, 43.389537, 0.178530, 3866, 2902.0
249, 70.206070, 659.653961, 44.217981, 0.173840, 3852, 2873.0
250, 69.992548, 663.563873, 38.188435, 0.029736, 3866, 2858.0
251, 70.624572, 661.065330, 41.309948, 0.161778, 3851, 2846.0
252, 73.464424, 661.115892, 36.593324, 0.062075, 3856, 2874.0
253, 73.216641, 659.451938, 34.832258, 0.031362, 3855, 2878.0
254, 72.326722, 660.710512, 36.873775, 0.069526, 3848, 2857.0
255, 71.284166, 661.613811, 36.105991, 0.045241, 3870, 2863.0
256, 73.708421, 659.663183, 38.194542, 0.056439, 3842, 3014.0
257, 73.222115, 660.328999, 39.875805, 0.082588, 3848, 2855.0
258, 70.356879, 662.212828, 39.398619, 0.040364, 3871, 2866.0
259, 68.873572, 660.842930, 41.782910, 0.170814, 3864, 2947.0
260, 69.199364, 662.521801, 38.970338, 0.130763, 3859, 2854.0
261, 69.000389, 661.735906, 43.606208, 0.089977, 3873, 2921.0
262, 77.069793, 658.859554, 30.778243, 0.058518, 3846, 2860.0
263, 67.798150, 659.415745, 45.257974, 0.207879, 3875, 2985.0
264, 75.458439, 660.021976, 28.438220, 0.073634, 3851, 2872.0
265, 73.894072, 660.083686, 29.374907, 0.013771, 3853, 3111.0
266, 70.374140, 659.801076, 43.865171, 0.062224, 3858, 2869.0
267, 72.566314, 660.243754, 36.088701, 0.032313, 3853, 2870.0
268, 72.211475, 661.964968, 35.983647, 0.075441, 3847, 2835.0
269, 70.987306, 659.759773, 40.737731, 0.106986, 3840, 2846.0
270, 76.038273, 658.659840, 33.296300, 0.046102, 3838, 2864.0
271, 73.423588, 662.587029, 37.100984, 0.053951, 3853, 2854.0
272, 70.704012, 660.852634, 40.260180, 0.030629, 3859, 2852.0
273, 69.658558, 660.115284, 44.789878, 0.122859, 3853, 3061.0
274, 77.811018, 661.436073, 19.481029, 0.060159, 3858, 2827.0
275, 75.719207, 659.732968, 36.282407, 0.075969, 3836, 2841.0
276, 76.535196, 658.953321, 33.511535, 0.042023, 3845, 3058.0
277, 73.789404, 661.357716, 38.411607, 0.064127, 3847, 2851.0
278, 73.828570, 661.700996, 33.829494, 0.089860, 3841, 2835.0
279, 69.489822, 660.315313, 44.106637, 0.097117, 3866, 3026.0
280, 74.532183, 659.133532, 36.879382, 0.059017, 3860, 2848.0
281, 71.665723, 661.820336, 37.735018, 0.036899, 3852, 2942.0
282, 70.464375, 658.589075, 44.153767, 0.116739, 3863, 3068.0
283, 76.820516, 659.782841, 32.902602, 0.067883, 3852, 2852.0
284, 73.845894, 662.535216, 32.286547, 0.066878, 3876, 2863.0
285, 68.111628, 657.685448, 47.245714, 0.359801, 3861, 2898.0
286, 69.654285, 662.590282, 40.358774, 0.040314, 3868, 2865.0
287, 67.664394, 661.871938, 44.690856, 0.109786, 3867, 3004.0
288, 70.480311, 660.351802, 41.096705, 0.059121, 3859, 2858.0
289, 69.811667, 661.643345, 40.276474, 0.072645, 3871, 2959.0
290, 69.139977, 662.036860, 42.882960, 0.162589, 3865, 2874.0
291, 68.804911, 662.421621, 43.308987, 0.063651, 3871, 3715.0
292, 71.494409, 662.469783, 41.717059, 0.073511, 3866, 3527.0
293, 69.506452, 662.542195, 38.514202, 0.097777, 3858, 2854.0
294, 70.355622, 662.238646, 43.050521, 0.095437, 3855, 2917.0
295, 68.225237, 660.048110, 44.276222, 0.151060, 3872, 2884.0
296, 72.711056, 660.647920, 37.351443, 0.032638, 3860, 3027.0
297, 71.616450, 660.766340, 38.883592, 0.038046, 3852, 3016.0
298, 66.877283, 660.878030, 44.084364, 0.133378, 3867, 2880.0
299, 72.804631, 660.574123, 41.247264, 0.117692, 3839, 2846.0
300, 72.641785, 661.786437, 37.129009, 0.046084, 3850, 2843.0
301, 72.736775, 661.665645, 36.685077, 0.034353, 3862, 2865.0
302, 70.807933, 661.836827, 33.166061, 0.065026, 3860, 2862.0
303, 72.294833, 662.073963, 36.378845, 0.061385, 3856, 2865.0
304, 72.673025, 662.653650, 30.501269, 0.061724, 3868, 2864.0
305, 75.504525, 659.752819, 32.356804, 0.044353, 3864, 2898.0
306, 71.015321, 660.180328, 42.385823, 0.080015, 3849, 2936.0
307, 75.555055, 660.732286, 27.602822, 0.055416, 3843, 2849.0
308, 72.020549, 660.396971, 38.683976, 0.060878, 3845, 2899.0
309, 74.062952, 660.592305, 37.317310, 0.051658, 3857, 2857.0
310, 69.601775, 661.697126, 42.057387, 0.040544, 3870, 2946.0
311, 69.168211, 662.242817, 41.362102, 0.074468, 3871, 2875.0
312, 76.086159, 661.250298, 29.534675, 0.065584, 3860, 2862.0
313, 71.296627, 660.850101, 41.187291, 0.055671, 3856, 2864.0
314, 73.624577, 661.966330, 36.342308, 0.065535, 3858, 3124.0
315, 74.489847, 659.894838, 36.320847, 0.046360, 3850, 2889.0
316, 78.286280, 658.893176, 35.326327, 0.139300, 3830, 2972.0
317, 74.437467, 661.120922, 32.703392, 0.027923, 3853, 2891.0
318, 69.334164, 665.012588, 39.139180, 0.122670, 3867, 2850.0
319, 73.178991, 661.812275, 34.031402, 0.043650, 3848, 3077.0
320, 72.552070, 662.793764, 32.744531, 0.060213, 3871, 2875.0
321, 72.302349, 661.863312, 36.792669, 0.050253, 3868, 3025.0
322, 68.565037, 664.245930, 38.771363, 0.072064, 3868, 3534.0
323, 77.152211, 662.701445, 26.668081, 0.096724, 3862, 3029.0
324, 73.781761, 661.362884, 35.260175, 0.035036, 3872, 2877.0
325, 74.822983, 661.135043, 31.085202, 0.018045, 3848, 2854.0
326, 76.644374, 659.542120, 37.334582, 0.103493, 3839, 2861.0
327, 71.301821, 664.020700, 38.172658, 0.073057, 3865, 2874.0
328, 73.810419, 659.826310, 40.039193, 0.052475, 3838, 2849.0
329, 67.642902, 661.219400, 43.804967, 0.053278, 3867, 2881.0
330, 70.613419, 661.993466, 40.627276, 0.048319, 3868, 4082.0
331, 69.594558, 661.102881, 42.580911, 0.134471, 3857, 2858.0
332, 70.757627, 660.871598, 40.295849, 0.062321, 3854, 2853.0
333, 68.713570, 662.236829, 41.410621, 0.098454, 3868, 2855.0
334, 71.300317, 659.989888, 42.741800, 0.077003, 3852, 2858.0
335, 70.213916, 659.539532, 45.567983, 0.112353, 3866, 2863.0
336, 66.220031, 662.266440, 44.203397, 0.134736, 3881, 2880.0
337, 70.846873, 662.293579, 38.472200, 0.060786, 3865, 2878.0
338, 69.867784, 660.657930, 42.541277, 0.059772, 3866, 2957.0
339, 73.115328, 661.496135, 39.541335, 0.058822, 3858, 2866.0
340, 69.618630, 661.482937, 43.202409, 0.067035, 3869, 2882.0
341, 70.539409, 661.542410, 36.032667, 0.043759, 3859, 3823.0
342, 70.743718, 660.454960, 42.327683, 0.074357, 3851, 2905.0
343, 71.044880, 662.424127, 40.616168, 0.039307, 3862, 2864.0
344, 70.541108, 661.540234, 42.245040, 0.152686, 3852, 2859.0
345, 73.822325, 661.898401, 30.492747, 0.070058, 3861, 2877.0
346, 69.113209, 659.303252, 47.622217, 0.160433, 3871, 2920.0
347, 72.514520, 660.045028, 38.860096, 0.062146, 3841, 3012.0
348, 70.023260, 661.003517, 45.077595, 0.135886, 3865, 2869.0
349, 68.088599, 662.629333, 38.615322, 0.058814, 3862, 2855.0
350, 76.945398, 660.467917, 30.124224, 0.087961, 3848, 2849.0
351, 67.836122, 660.158660, 46.653863, 0.222784, 3863, 2871.0
352, 70.028301, 663.026118, 38.869730, 0.069960, 3859, 2852.0
353, 70.767563, 661.221459, 40.506644, 0.064718, 3868, 2865.0
354, 73.273348, 661.823601, 37.088017, 0.068549, 3850, 2993.0
355, 71.017658, 662.327931, 39.009919, 0.055173, 3859, 2867.0
356, 72.116480, 662.097145, 33.873504, 0.057197, 3869, 2871.0
357, 69.528956, 662.820512, 40.564738, 0.131977, 3864, 2905.0
358, 67.196959, 661.032156, 43.125485, 0.100286, 3866, 2864.0
359, 74.512661, 660.213402, 35.965140, 0.064380, 3851, 2881.0
360, 70.851915, 662.735087, 41.322917, 0.096837, 3871, 2875.0
361, 71.074297, 660.163600, 39.089102, 0.027541, 3856, 2861.0
362, 71.895015, 663.503694, 31.349502, 0.042214, 3865, 2919.0
363, 72.789026, 662.123429, 37.493544, 0.015750, 3867, 2916.0
364, 73.782588, 660.658380, 37.657547, 0.042456, 3857, 2877.0
365, 73.177477, 660.338894, 36.346777, 0.023250, 3852, 2979.0
366, 69.529902, 661.193673, 41.490233, 0.062236, 3875, 2879.0
367, 72.499487, 662.561760, 28.526014, 0.025150, 3866, 2860.0
368, 74.389338, 660.014441, 37.349206, 0.038792, 3843, 2850.0
369, 72.687233, 660.903763, 37.270462, 0.058174, 3856, 2844.0
370, 73.370047, 661.005396, 43.131193, 0.064049, 3848, 2882.0
371, 74.775958, 661.757952, 38.067869, 0.079449, 3853, 2889.0
372, 73.146554, 661.838706, 32.800899, 0.055090, 3870, 2877.0
373, 73.080214, 659.975696, 39.303066, 0.064151, 3853, 2868.0
374, 69.047223, 662.837894, 43.448380, 0.194557, 3863, 2879.0
375, 72.670322, 660.803107, 39.117733, 0.055096, 3855, 2928.0
376, 71.981987, 660.630225, 39.479402, 0.042536, 3854, 2872.0
377, 70.845480, 662.849267, 38.899966, 0.103572, 3873, 2956.0
378, 70.380480, 661.955879, 40.159468, 0.073303, 3863, 2864.0
379, 70.680509, 662.490156, 38.489309, 0.060886, 3870, 2879.0
380, 76.099673, 659.462724, 37.955356, 0.057557, 3847, 2858.0
381, 71.594190, 662.160550, 36.088441, 0.087578, 3848, 2865.0
382, 74.067364, 660.075591, 37.108129, 0.020035, 3858, 2918.0
383, 76.227547, 660.959026, 26.738176, 0.033227, 3840, 2845.0
384, 71.186274, 660.586778, 42.148726, 0.135962, 3837, 2859.0
385, 70.257067, 662.307337, 41.804584, 0.083624, 3849, 2861.0
386, 75.196709, 660.052125, 39.556364, 0.070305, 3844, 2857.0
387, 68.999289, 661.425030, 40.546579, 0.140821, 3868, 2895.0
388, 70.606528, 661.846101, 41.153323, 0.070608, 3865, 2890.0
389, 68.991124, 659.877774, 45.300550, 0.111430, 3860, 2870.0
390, 69.636179, 665.785175, 55.754961, 0.087720, 3852, 2943.0
391, 76.018641, 661.466888, 37.266353, 0.135624, 3847, 2857.0
392, 72.130512, 660.298567, 40.015648, 0.063028, 3852, 2855.0
393, 73.925398, 660.749327, 38.201905, 0.054771, 3860, 2855.0
394, 70.049230, 659.773842, 45.283789, 0.096765, 3857, 2880.0
395, 78.196539, 658.166325, 34.232527, 0.082669, 3840, 2872.0
396, 74.036771, 660.310964, 38.296001, 0.043924, 3850, 2849.0
397, 70.640133, 661.920309, 39.278911, 0.024263, 3876, 2887.0
398, 73.606971, 660.349769, 38.108336, 0.043352, 3858, 2842.0
399, 76.549372, 659.855925, 36.232206, 0.078585, 3849, 2861.0
400, 71.117574, 660.699399, 41.825661, 0.108042, 3854, 2849.0
401, 70.019462, 662.163842, 39.283128, 0.061771, 3868, 2859.0
402, 70.819917, 661.586548, 39.354680, 0.106611, 3843, 2839.0
403, 72.992773, 661.512176, 40.074995, 0.031403, 3853, 2859.0
404, 70.024470, 661.339342, 42.390104, 0.054196, 3867, 2903.0
405, 74.972469, 660.753663, 33.731834, 0.036674, 3867, 2877.0
406, 73.406327, 662.518131, 32.349091, 0.043204, 3858, 2890.0
407, 75.111974, 660.772720, 36.298876, 0.059369, 3844, 2854.0
408, 74.573317, 660.032655, 33.475366, 0.056534, 3853, 2843.0
409, 77.187580, 662.098694, 22.538582, 0.114066, 3866, 2946.0
410, 69.426984, 663.434681, 39.071495, 0.079657, 3863, 2862.0
411, 81.426650, 657.704992, 28.694296, 0.064707, 3836, 2839.0
412, 72.125821, 662.078334, 33.270516, 0.035633, 3871, 2860.0
413, 73.738006, 660.691745, 38.619731, 0.037400, 3855, 2864.0
414, 73.118263, 660.160683, 37.495853, 0.045627, 3859, 2854.0
415, 75.488596, 660.248473, 40.597979, 0.040666, 3828, 2831.0
416, 73.548357, 661.322401, 30.356566, 0.047408, 3867, 2864.0
417, 66.616095, 659.227013, 46.096638, 0.216468, 3864, 2880.0
418, 74.454691, 661.792500, 33.731569, 0.053778, 3855, 2853.0
419, 70.115922, 662.493105, 39.680789, 0.054987, 3864, 2870.0
420, 70.532745, 660.900678, 38.108825, 0.119277, 3874, 2918.0
421, 74.591799, 659.945129, 36.997471, 0.056740, 3841, 2833.0
422, 73.260172, 660.653951, 39.075179, 0.051114, 3857, 2884.0
423, 69.560187, 662.317890, 41.560346, 0.085583, 3867, 2875.0
424, 72.257515, 661.904445, 34.622036, 0.068128, 3866, 2863.0
425, 75.406719, 659.111181, 36.974987, 0.061376, 3845, 2975.0
426, 72.033118, 661.595432, 36.677984, 0.059602, 3852, 2854.0
427, 71.935598, 659.691313, 43.309020, 0.060512, 3855, 2964.0
428, 77.118767, 661.436399, 26.395403, 0.084113, 3840, 2928.0
429, 69.200263, 661.307873, 43.424557, 0.136923, 3862, 2881.0
430, 75.014041, 660.720882, 35.688750, 0.065354, 3853, 3268.0
431, 68.682448, 661.993195, 43.988401, 0.055956, 3868, 4770.0
432, 72.431521, 661.758989, 37.032619, 0.056414, 3855, 4734.0
433, 72.399539, 660.827006, 36.336749, 0.047293, 3855, 4481.0
434, 71.107887, 660.436422, 40.028417, 0.038016, 3853, 3949.0
435, 68.619470, 661.068434, 41.582282, 0.085333, 3867, 2873.0
436, 66.901337, 663.458130, 39.518689, 0.110201, 3861, 2852.0
437, 69.260553, 660.957756, 44.974917, 0.115858, 3873, 2869.0
438, 68.464034, 664.657529, 34.987426, 0.081940, 3871, 2846.0
439, 70.646278, 661.970954, 39.047212, 0.039077, 3862, 3346.0
440, 71.446643, 661.080188, 39.649809, 0.038717, 3850, 5010.0
441, 74.962236, 660.058462, 36.819300, 0.052441, 3845, 4232.0
442, 67.350231, 663.046713, 42.036697, 0.063353, 3865, 2867.0
443, 74.504534, 659.686023, 34.068694, 0.013487, 3851, 2813.0
444, 70.499632, 659.386289, 44.802436, 0.088543, 3853, 2900.0
445, 72.920114, 660.505309, 36.464736, 0.027720, 3856, 2870.0
446, 73.073053, 660.838776, 41.826245, 0.136295, 3846, 3037.0
447, 72.684939, 662.569570, 40.727753, 0.130827, 3861, 2851.0
448, 70.844536, 661.713778, 39.997676, 0.043212, 3870, 2852.0
449, 70.348397, 662.005021, 40.642242, 0.057548, 3870, 4515.0
450, 72.606175, 661.021924, 39.565372, 0.048204, 3845, 4765.0
451, 70.110118, 662.481676, 41.066525, 0.111205, 3873, 4661.0
452, 70.315956, 662.758722, 36.299038, 0.058652, 3867, 3592.0
453, 74.707338, 660.464433, 35.667791, 0.025182, 3856, 3080.0
454, 68.397748, 662.178469, 36.043633, 0.057980, 3873, 2939.0
455, 72.075065, 659.631003, 42.247383, 0.114152, 3831, 2837.0
456, 78.619520, 660.403133, 30.020376, 0.125734, 3842, 3001.0
457, 70.974907, 662.479034, 35.646056, 0.056861, 3866, 2872.0
458, 73.849120, 660.164778, 35.533763, 0.028906, 3853, 2986.0
459, 71.906124, 659.736706, 42.107164, 0.149665, 3826, 3394.0
460, 71.416823, 660.881257, 43.429768, 0.117896, 3857, 4831.0
461, 72.862091, 660.961675, 39.158145, 0.101665, 3843, 4757.0
462, 71.623176, 660.703323, 41.333111, 0.044062, 3858, 4743.0
463, 72.977172, 661.342659, 38.996477, 0.090448, 3845, 4730.0
464, 72.428991, 660.332193, 44.552250, 0.093052, 3845, 4533.0
465, 71.841335, 661.132285, 44.805127, 0.065912, 3863, 2859.0
466, 67.599269, 661.216250, 44.140750, 0.135821, 3878, 3006.0
467, 74.570284, 659.314852, 38.360959, 0.088410, 3851, 2843.0
468, 74.117411, 659.531931, 40.361795, 0.039617, 3832, 2959.0
469, 69.072524, 663.569165, 40.171214, 0.075409, 3866, 2850.0
470, 68.623394, 662.318733, 40.500649, 0.120462, 3869, 2995.0
471, 71.697698, 660.633696, 43.555664, 0.096782, 3853, 2844.0
472, 69.243497, 662.963082, 41.562249, 0.105817, 3870, 2850.0
473, 71.636882, 662.087607, 35.400119, 0.061633, 3861, 2846.0
474, 67.981150, 661.675940, 43.904155, 0.182400, 3870, 4656.0
475, 71.562154, 661.104720, 38.834128, 0.095965, 3846, 4024.0
476, 69.456201, 660.864890, 43.548815, 0.136941, 3867, 2887.0
477, 71.586245, 661.652739, 36.803227, 0.029916, 3851, 3025.0
478, 70.898202, 661.328899, 38.776146, 0.014730, 3870, 2884.0
479, 72.836768, 661.856442, 41.094141, 0.081839, 3847, 2847.0
480, 73.614611, 659.340728, 40.436392, 0.061206, 3836, 2829.0
481, 72.189437, 660.365304, 42.033744, 0.032867, 3855, 2854.0
482, 72.530904, 661.868182, 41.842783, 0.079065, 3846, 2989.0
483, 67.479524, 660.194968, 43.037226, 0.118226, 3874, 2869.0
484, 70.139857, 662.853341, 35.928754, 0.056812, 3870, 2852.0
485, 67.940030, 661.709472, 42.828969, 0.036020, 3873, 2872.0
486, 73.149472, 661.963828, 32.804758, 0.059118, 3871, 2869.0
487, 69.854479, 661.078594, 38.422664, 0.025387, 3869, 2861.0
488, 71.040541, 661.522812, 38.726444, 0.051580, 3864, 2854.0
489, 73.034636, 661.141535, 35.953683, 0.052982, 3857, 2852.0
490, 68.144816, 662.784272, 38.380773, 0.072935, 3873, 2847.0
491, 70.777991, 661.453349, 39.419868, 0.071716, 3872, 2865.0
492, 71.244801, 662.820631, 39.578082, 0.080265, 3852, 2861.0
493, 66.268578, 661.604226, 42.530967, 0.085317, 3869, 2890.0
494, 69.423256, 662.395306, 41.514792, 0.082953, 3869, 2859.0
495, 78.277557, 661.061493, 27.817509, 0.071101, 3839, 2829.0
496, 72.504803, 661.181530, 33.601196, 0.023099, 3870, 2864.0
497, 69.528901, 661.444153, 43.003846, 0.179507, 3872, 2864.0
498, 69.619911, 663.788976, 40.478297, 0.107944, 3865, 2883.0
499, 74.745939, 661.634249, 32.303703, 0.035539, 3858, 2857.0
500, 71.579549, 661.530448, 45.172330, 0.065636, 3858, 2856.0
501, 68.759207, 662.445508, 39.489535, 0.050965, 3873, 2878.0
502, 70.967817, 659.137579, 44.250263, 0.134857, 3838, 2845.0
503, 69.169824, 660.979558, 40.161213, 0.060921, 3862, 2847.0
504, 72.843732, 661.098386, 37.971251, 0.042350, 3858, 2849.0
505, 69.241212, 661.285818, 39.096319, 0.073895, 3860, 2852.0
506, 70.764218, 662.526480, 38.176906, 0.061612, 3875, 2859.0
507, 72.532462, 661.274425, 34.074408, 0.058870, 3869, 2857.0
508, 71.000294, 662.641195, 39.682239, 0.049922, 3859, 2858.0
509, 71.242879, 661.359543, 39.880048, 0.045744, 3872, 2876.0
510, 71.200888, 661.084638, 42.318681, 0.061343, 3866, 2894.0
511, 68.778853, 662.235481, 40.016409, 0.206279, 3861, 2842.0
512, 68.617859, 662.200463, 44.774203, 0.055403, 3873, 2878.0
513, 72.269988, 661.638851, 38.925991, 0.068795, 3852, 2849.0
514, 68.949928, 659.536788, 45.754612, 0.110086, 3861, 2853.0
515, 73.529281, 660.276973, 40.641629, 0.058247, 3846, 2864.0
516, 66.713410, 662.376403, 44.214478, 0.110069, 3874, 2869.0
517, 71.321313, 661.229603, 41.064674, 0.061825, 3851, 2849.0
518, 66.829737, 662.221165, 41.307291, 0.149795, 3866, 2931.0
519, 69.965873, 660.072993, 47.068009, 0.074413, 3857, 2855.0
520, 72.719190, 661.667241, 33.158194, 0.033900, 3877, 2861.0
521, 71.868931, 661.554907, 34.341552, 0.066154, 3881, 2887.0
522, 68.812718, 661.531441, 40.696839, 0.114563, 3871, 2870.0
523, 73.381673, 660.628600, 39.081527, 0.062522, 3851, 2851.0
524, 72.645715, 662.237689, 40.558129, 0.067950, 3856, 2851.0
525, 70.719823, 662.501711, 43.067986, 0.029960, 3869, 2877.0
526, 68.755303, 661.799900, 42.858891, 0.219788, 3869, 2874.0
527, 68.226154, 661.183943, 44.357519, 0.102907, 3868, 2888.0
528, 74.223940, 659.493801, 34.782218, 0.042551, 3845, 2840.0
529, 71.061899, 662.531308, 38.725241, 0.107281, 3850, 2843.0
530, 74.098386, 660.538077, 34.419811, 0.032746, 3860, 3727.0
531, 74.922738, 660.516544, 33.738737, 0.069352, 3856, 4791.0
532, 77.991434, 658.331846, 38.446667, 0.103014, 3825, 4680.0
533, 70.232799, 662.835635, 40.927067, 0.071834, 3867, 4796.0
534, 68.720300, 660.344936, 39.845067, 0.113948, 3872, 3792.0
535, 71.384914, 662.416647, 38.037859, 0.113770, 3867, 3680.0
536, 74.552006, 659.813789, 33.145674, 0.026137, 3851, 4298.0
537, 75.552282, 661.545726, 31.727344, 0.058163, 3855, 4679.0
538, 73.278462, 660.764099, 32.263318, 0.030603, 3850, 4745.0
539, 73.147285, 661.769696, 37.366442, 0.061108, 3858, 4505.0
540, 70.542783, 662.710125, 36.455257, 0.058390, 3871, 4728.0
541, 72.046135, 660.905520, 43.634050, 0.048496, 3849, 3280.0
542, 71.678722, 661.489628, 40.444200, 0.053288, 3855, 3716.0
543, 71.424228, 660.614801, 39.844007, 0.052531, 3862, 4772.0
544, 70.786938, 661.830553, 40.981485, 0.077623, 3864, 4281.0
545, 70.302551, 663.217350, 38.155693, 0.065964, 3866, 3307.0
546, 73.766039, 662.206263, 28.982492, 0.080161, 3867, 3977.0
547, 72.393797, 660.664017, 37.126171, 0.054600, 3854, 4775.0
548, 69.310334, 661.743467, 40.445061, 0.117166, 3874, 4094.0
549, 72.724263, 660.494060, 39.779212, 0.060108, 3857, 3597.0
550, 73.141440, 660.471342, 37.185368, 0.077894, 3844, 4719.0
551, 70.762366, 661.452715, 40.246274, 0.049196, 3858, 4774.0
552, 66.776880, 662.947092, 41.872409, 0.339489, 3867, 3480.0
553, 76.281583, 660.657536, 34.964812, 0.081481, 3837, 2839.0
554, 72.035767, 659.885200, 36.570165, 0.072665, 3841, 2831.0
555, 69.985461, 661.472184, 37.094043, 0.044063, 3871, 2852.0
556, 68.985519, 661.930580, 38.323157, 0.110213, 3873, 2851.0
557, 71.089850, 660.897276, 41.039622, 0.092983, 3870, 4775.0
558, 71.395693, 660.917980, 41.069047, 0.027337, 3860, 4770.0
559, 73.849631, 660.216078, 39.419295, 0.064592, 3848, 3661.0
560, 76.259917, 660.188324, 34.384646, 0.100790, 3840, 3505.0
561, 73.212792, 662.626195, 36.563510, 0.057189, 3860, 4463.0
562, 67.758717, 663.031085, 39.199369, 0.077202, 3874, 4773.0
563, 67.991164, 663.157207, 39.517662, 0.153863, 3873, 4562.0
564, 73.801227, 661.940550, 33.311224, 0.066803, 3860, 3417.0
565, 76.449162, 659.223772, 30.523001, 0.051633, 3849, 2841.0
566, 71.078846, 661.385495, 40.682533, 0.092289, 3860, 2845.0
567, 70.847205, 662.099213, 36.438388, 0.054306, 3872, 2882.0
568, 71.131876, 662.650451, 38.934590, 0.070973, 3852, 2848.0
569, 72.310374, 660.262002, 44.658631, 0.086504, 3849, 2843.0
570, 77.415267, 661.009116, 24.200261, 0.048783, 3843, 2821.0
571, 71.921421, 660.971275, 40.343150, 0.055828, 3847, 2839.0
572, 71.534155, 662.967556, 38.599752, 0.060736, 3869, 2848.0
573, 69.147441, 662.100801, 42.585996, 0.106609, 3866, 2859.0
574, 71.900912, 661.270257, 38.233591, 0.053774, 3854, 3470.0
575, 74.407958, 660.731015, 34.670958, 0.046260, 3850, 4967.0
576, 71.927023, 661.423737, 40.771299, 0.042489, 3855, 4409.0
577, 71.673131, 661.270846, 40.015069, 0.070376, 3857, 2845.0
578, 70.494060, 660.887060, 40.514283, 0.078127, 3867, 2856.0
579, 75.000192, 660.892192, 30.055012, 0.022265, 3848, 2839.0
580, 76.739951, 659.855958, 31.610478, 0.069608, 3846, 2836.0
581, 72.889754, 661.150648, 35.093359, 0.051938, 3852, 2925.0
582, 76.582208, 659.786109, 33.588095, 0.059870, 3839, 2838.0
583, 72.698286, 660.641018, 40.485747, 0.088283, 3851, 2846.0
584, 72.517306, 661.442520, 38.551073, 0.041759, 3855, 2843.0
585, 68.721020, 661.011253, 43.143579, 0.070467, 3868, 2855.0
586, 73.226271, 660.292018, 39.670668, 0.067320, 3844, 2837.0
587, 75.119854, 660.263155, 30.178699, 0.042233, 3845, 2835.0
588, 70.263092, 660.675971, 38.839246, 0.081621, 3866, 2929.0
589, 71.197178, 660.761816, 43.169279, 0.093213, 3856, 2847.0
590, 72.017575, 661.342062, 38.817478, 0.058922, 3859, 2918.0
591, 68.689349, 663.297175, 40.659800, 0.159687, 3865, 2854.0
592, 75.981987, 659.412760, 37.279610, 0.062489, 3834, 2825.0
593, 73.318496, 661.257426, 39.982146, 0.052617, 3865, 2851.0
594, 70.702290, 663.927194, 39.466562, 0.136590, 3864, 2852.0
595, 72.335486, 661.022697, 35.513793, 0.032639, 3857, 2844.0
596, 68.357203, 662.548784, 42.011976, 0.118304, 3869, 2850.0
597, 72.799556, 661.941445, 38.036660, 0.011928, 3866, 2855.0
598, 70.449248, 662.101185, 37.479506, 0.031697, 3867, 2841.0
599, 75.681891, 660.594945, 33.931061, 0.057352, 3850, 2836.0
600, 74.204498, 661.445932, 37.515554, 0.047037, 3856, 2839.0
601, 73.462524, 660.439423, 38.482567, 0.108685, 3850, 2831.0
602, 70.147519, 662.730814, 34.504628, 0.052633, 3866, 2848.0
603, 72.375605, 661.502328, 37.852514, 0.042259, 3861, 2841.0
604, 72.862938, 659.804631, 33.808102, 0.067600, 3845, 2830.0
605, 79.780347, 658.082445, 35.575714, 0.180124, 3819, 2819.0
606, 72.195209, 661.063699, 35.546908, 0.082178, 3852, 2834.0
607, 73.176106, 660.750302, 38.898957, 0.053877, 3853, 2843.0
608, 71.091612, 662.351373, 41.280788, 0.178965, 3853, 2831.0
609, 77.310946, 659.703324, 32.149596, 0.060166, 3839, 2833.0
610, 68.788256, 664.712246, 38.818068, 0.214912, 3865, 2858.0
611, 71.826114, 661.037070, 41.592891, 0.061997, 3858, 2840.0
612, 75.327151, 660.030082, 32.874695, 0.053644, 3839, 2827.0
613, 69.463015, 662.457242, 42.489163, 0.137552, 3869, 2858.0
614, 73.495001, 660.384173, 32.997207, 0.056655, 3871, 2853.0
615, 69.609598, 663.476631, 40.408318, 0.170945, 3871, 2843.0
616, 73.663965, 659.085476, 37.668292, 0.043372, 3841, 2829.0
617, 67.913037, 661.564480, 43.116409, 0.109510, 3870, 2860.0
618, 70.927665, 662.793794, 40.858807, 0.050168, 3869, 2860.0
619, 75.326549, 661.296438, 33.878483, 0.031546, 3854, 2834.0
620, 72.710650, 659.423251, 38.468220, 0.026206, 3853, 2840.0
621, 70.533192, 660.421837, 45.051205, 0.073337, 3864, 2851.0
622, 75.583340, 659.602362, 38.194745, 0.077450, 3835, 2835.0
623, 73.551482, 661.467539, 34.696081, 0.073059, 3859, 2842.0
624, 68.824490, 662.013942, 41.057911, 0.057430, 3859, 2845.0
625, 73.069778, 659.572193, 35.159062, 0.037849, 3842, 2830.0
626, 69.748552, 661.651323, 40.352488, 0.168595, 3860, 2844.0
627, 71.285505, 665.070798, 36.072869, 0.088087, 3868, 2848.0
628, 71.131141, 661.602443, 39.382081, 0.063328, 3864, 2847.0
629, 70.442595, 663.264642, 37.769511, 0.062599, 3868, 2846.0
630, 72.556438, 661.570064, 34.858498, 0.041730, 3872, 2886.0
631, 73.956397, 660.330476, 34.084284, 0.035570, 3843, 4803.0
632, 72.284447, 660.954704, 37.827977, 0.040972, 3864, 4754.0
633, 70.684266, 661.065591, 38.207794, 0.069317, 3872, 4768.0
634, 76.205058, 660.480718, 32.070857, 0.044122, 3847, 4676.0
635, 71.390516, 660.136881, 41.821957, 0.127229, 3845, 3688.0
636, 71.987586, 662.817298, 38.250522, 0.022122, 3857, 4352.0
637, 67.492104, 660.637161, 44.186501, 0.143884, 3869, 4659.0
638, 75.053745, 661.445814, 31.124101, 0.050167, 3855, 4583.0
639, 68.676358, 660.307560, 44.943544, 0.145259, 3865, 4770.0
640, 76.060635, 660.332661, 30.294218, 0.060658, 3849, 4325.0
641, 72.871285, 660.711903, 34.674185, 0.039726, 3852, 4241.0
642, 70.544575, 659.583500, 41.741320, 0.109680, 3868, 4777.0
643, 72.228442, 660.989422, 35.625056, 0.044078, 3861, 4762.0
644, 75.365547, 659.439201, 34.270173, 0.035994, 3855, 3506.0
645, 70.810941, 662.984820, 33.884610, 0.061147, 3863, 4021.0
646, 73.019230, 659.807577, 38.897454, 0.032198, 3859, 4745.0
647, 68.842868, 662.702433, 38.712902, 0.051475, 3867, 4076.0
648, 71.042411, 660.511708, 42.476172, 0.069983, 3856, 3837.0
649, 71.417074, 661.964457, 37.898204, 0.085278, 3855, 2853.0
650, 68.830804, 660.917695, 42.000247, 0.114757, 3864, 2868.0
651, 69.215442, 663.520936, 35.604185, 0.023366, 3869, 2976.0
652, 71.188478, 663.996653, 35.133403, 0.066173, 3864, 4747.0
653, 69.955994, 661.335136, 40.564245, 0.042001, 3865, 4761.0
654, 69.849182, 661.026978, 39.770970, 0.096345, 3864, 3473.0
655, 70.425476, 661.123937, 35.819375, 0.041371, 3868, 3722.0
656, 66.624643, 663.471818, 41.700799, 0.047995, 3876, 4771.0
657, 69.815467, 662.056493, 39.131902, 0.088278, 3868, 4391.0
658, 68.041945, 662.958318, 44.626423, 0.102342, 3868, 3342.0
659, 70.750422, 661.286050, 42.326475, 0.065172, 3861, 2879.0
660, 69.207936, 661.220640, 43.797190, 0.078317, 3854, 2855.0
661, 70.453754, 663.548764, 42.993329, 0.053137, 3880, 2868.0
662, 70.048070, 661.850014, 39.061817, 0.057279, 3859, 2839.0
663, 67.254086, 662.996099, 41.257776, 0.166265, 3871, 2850.0
664, 75.696627, 658.386395, 35.872548, 0.044024, 3840, 2820.0
665, 72.070229, 662.310806, 33.945973, 0.046670, 3876, 2849.0
666, 70.103464, 660.837450, 42.048962, 0.053503, 3868, 3508.0
667, 67.178200, 662.600948, 44.578928, 0.148631, 3868, 4912.0
668, 68.223015, 663.505604, 42.518605, 0.123940, 3866, 4404.0
669, 74.082330, 660.740130, 39.826215, 0.051289, 3858, 4370.0
670, 67.809939, 661.398704, 45.091614, 0.098174, 3873, 2891.0
671, 71.043522, 662.321394, 39.012984, 0.061524, 3859, 2848.0
672, 75.319658, 659.065631, 36.062513, 0.046596, 3847, 2845.0
673, 67.693862, 658.785578, 46.399266, 0.140268, 3865, 2869.0
674, 73.733459, 658.365765, 36.458444, 0.025832, 3852, 2842.0
675, 74.459749, 659.559247, 36.772124, 0.048077, 3847, 2849.0
676, 66.660381, 665.304294, 39.614205, 0.185094, 3867, 2848.0
677, 69.223542, 662.787463, 41.484964, 0.055077, 3865, 2852.0
678, 75.003340, 660.413933, 37.883917, 0.037906, 3854, 2838.0
679, 67.777781, 663.323885, 40.727497, 0.103319, 3870, 2852.0
680, 69.105821, 661.920050, 42.889360, 0.091119, 3863, 2855.0
681, 70.900701, 659.907120, 41.223259, 0.101109, 3859, 2853.0
682, 69.740437, 660.992744, 39.860778, 0.071536, 3870, 2874.0
683, 72.616050, 662.273231, 37.031813, 0.055484, 3858, 2849.0
684, 68.635491, 662.582324, 41.404463, 0.032520, 3864, 2859.0
685, 68.877546, 663.225764, 40.797668, 0.106658, 3873, 2845.0
686, 68.414040, 659.110541, 44.654900, 0.163042, 3860, 2820.0
687, 69.176493, 660.038109, 42.190894, 0.079668, 3859, 2837.0
688, 71.286212, 661.720819, 43.476593, 0.042806, 3856, 2840.0
689, 69.678895, 659.604723, 43.522501, 0.144075, 3861, 2847.0
690, 72.931554, 659.872362, 36.269776, 0.043090, 3841, 2832.0
691, 71.829655, 659.851074, 41.863817, 0.092177, 3846, 2834.0
692, 73.139421, 661.513113, 36.968704, 0.057549, 3853, 2849.0
693, 73.230023, 661.062470, 36.328442, 0.050920, 3855, 2833.0
694, 69.439140, 661.294206, 41.927405, 0.074226, 3865, 2844.0
695, 74.199205, 659.520321, 41.223417, 0.137077, 3846, 2839.0
696, 70.095792, 662.949410, 39.153393, 0.045978, 3872, 2854.0
697, 71.585940, 660.252198, 41.857943, 0.035039, 3855, 2845.0
698, 66.829756, 661.066957, 43.412500, 0.139270, 3868, 2860.0
699, 67.973890, 663.287751, 39.609914, 0.096734, 3872, 2846.0
700, 71.921105, 660.593925, 38.187639, 0.043855, 3862, 2853.0
701, 73.715160, 660.338830, 38.471452, 0.072439, 3837, 2826.0
702, 71.012654, 663.063558, 36.073946, 0.048225, 3869, 2844.0
703, 68.854487, 658.949330, 44.603850, 0.147395, 3873, 2861.0
704, 68.131176, 661.626723, 42.807430, 0.103087, 3862, 2851.0
705, 69.235385, 662.988879, 38.883080, 0.120031, 3858, 2861.0
706, 73.085259, 661.800173, 33.065861, 0.036028, 3871, 2844.0
707, 73.567574, 661.399661, 34.347165, 0.033964, 3853, 2839.0
708, 66.963584, 660.974179, 44.309184, 0.218292, 3869, 2849.0
709, 75.574592, 659.587760, 40.005573, 0.071364, 3843, 2835.0
710, 70.483485, 660.876380, 43.954823, 0.084203, 3858, 2837.0
711, 70.577807, 662.189366, 38.131595, 0.057541, 3865, 2840.0
712, 69.563689, 663.449932, 37.589724, 0.039334, 3876, 2847.0
713, 68.871952, 660.489947, 42.965140, 0.112873, 3872, 2865.0
714, 73.518253, 661.201471, 38.384798, 0.034076, 3856, 2839.0
715, 69.486346, 661.578311, 45.324313, 0.116217, 3871, 2858.0
716, 72.836908, 659.984677, 35.540853, 0.026775, 3856, 2835.0
717, 71.453865, 659.342810, 43.701705, 0.155240, 3845, 2828.0
718, 71.334472, 660.812222, 38.661530, 0.097998, 3841, 2835.0
719, 67.577817, 657.656565, 48.089046, 0.237867, 3867, 2850.0
720, 70.591021, 661.641481, 41.093928, 0.078323, 3859, 2872.0
721, 71.199560, 659.714355, 44.766879, 0.183039, 3839, 2835.0
722, 70.164654, 661.533969, 38.468493, 0.098802, 3869, 4429.0
723, 68.364279, 658.839155, 49.150360, 0.166064, 3865, 4816.0
724, 75.761534, 659.433542, 34.871482, 0.046113, 3840, 4724.0
725, 67.181276, 664.247741, 40.746474, 0.133739, 3871, 4780.0
726, 72.919788, 658.667129, 42.820157, 0.057851, 3833, 3051.0
727, 71.297993, 660.556461, 38.973441, 0.029267, 3856, 2846.0
728, 72.740277, 661.266933, 34.999923, 0.052041, 3861, 3724.0
729, 73.967540, 660.188165, 31.701585, 0.048661, 3846, 4390.0
730, 69.995610, 661.649762, 41.886420, 0.111439, 3850, 4739.0
731, 66.755225, 663.745540, 40.641937, 0.170001, 3874, 4526.0
732, 74.410572, 661.004682, 35.291736, 0.060182, 3844, 2828.0
733, 71.736340, 661.022313, 40.186215, 0.063758, 3866, 2849.0
734, 70.074642, 661.203997, 44.115293, 0.077630, 3863, 2856.0
735, 70.228720, 662.597330, 34.871197, 0.071636, 3867, 2854.0
736, 68.833875, 660.802665, 41.487341, 0.056464, 3865, 2867.0
737, 69.729877, 662.922827, 39.825207, 0.101625, 3866, 2856.0
738, 69.881228, 661.469476, 39.647055, 0.061896, 3866, 2930.0
739, 74.081217, 661.496147, 40.851998, 0.044652, 3859, 2865.0
740, 70.568680, 662.296490, 38.567199, 0.050866, 3873, 2852.0
741, 72.279865, 659.819080, 41.370410, 0.068949, 3845, 2831.0
742, 68.309574, 663.186889, 42.402275, 0.063500, 3862, 2861.0
743, 74.390494, 659.465267, 38.226468, 0.071477, 3834, 2908.0
744, 71.616750, 661.140136, 37.996194, 0.039918, 3877, 2863.0
745, 69.468929, 662.336059, 40.401315, 0.075284, 3873, 2856.0
746, 69.601517, 660.709944, 40.172904, 0.042787, 3868, 2866.0
747, 70.065923, 661.893495, 43.946193, 0.119574, 3862, 2921.0
748, 68.625085, 659.875376, 45.995609, 0.179890, 3866, 2870.0
749, 69.826588, 662.216067, 36.006762, 0.067188, 3865, 2855.0
750, 71.305712, 661.523971, 42.225731, 0.063042, 3853, 2850.0
751, 73.986061, 660.078850, 34.194609, 0.049589, 3838, 2880.0
752, 68.470935, 662.264056, 43.350386, 0.103512, 3874, 2863.0
753, 67.363385, 662.695318, 40.732541, 0.131350, 3866, 2846.0
754, 66.388083, 660.813119, 44.992773, 0.135680, 3865, 2863.0
755, 68.977779, 660.988973, 41.328780, 0.144223, 3848, 2842.0
756, 69.527221, 660.428845, 44.795113, 0.027228, 3867, 2868.0
757, 71.251881, 661.417484, 41.031962, 0.045341, 3859, 2858.0
758, 67.419361, 662.161077, 42.288968, 0.145441, 3865, 2853.0
759, 67.385491, 661.253578, 42.155610, 0.102844, 3866, 2975.0
760, 67.854948, 663.809549, 40.859807, 0.123788, 3868, 2859.0
761, 76.160383, 658.961975, 35.692860, 0.047305, 3834, 2841.0
762, 72.848083, 662.611960, 35.695788, 0.089558, 3874, 2856.0
763, 66.464793, 660.029230, 48.269819, 0.128368, 3869, 2866.0
764, 67.385299, 661.275655, 43.711477, 0.165437, 3871, 2866.0
765, 72.956122, 660.185238, 37.456935, 0.059023, 3855, 2845.0
766, 67.576911, 663.074840, 41.959222, 0.170755, 3875, 2858.0
767, 69.488789, 662.706286, 41.003896, 0.112995, 3870, 2866.0
768, 71.550443, 661.131420, 39.269402, 0.056227, 3859, 2865.0
769, 75.574121, 660.169739, 36.867919, 0.071698, 3847, 2850.0
770, 71.927778, 661.336562, 37.501447, 0.052334, 3867, 2864.0
771, 72.931410, 661.189853, 35.032481, 0.041384, 3858, 2856.0
772, 70.867465, 660.796476, 42.072274, 0.066772, 3875, 2874.0
773, 71.156519, 664.137364, 36.687579, 0.117130, 3868, 2842.0
774, 72.583322, 660.752940, 41.124025, 0.043770, 3859, 2852.0
775, 68.220074, 661.002253, 42.210700, 0.070898, 3864, 2863.0
776, 70.317655, 660.788520, 43.363221, 0.085582, 3865, 2862.0
777, 70.665550, 660.114923, 41.674642, 0.085333, 3864, 2859.0
778, 69.264652, 661.845658, 39.858577, 0.023527, 3864, 2865.0
779, 71.527980, 660.403053, 41.109769, 0.064477, 3851, 2853.0
780, 71.352781, 661.858411, 39.715764, 0.040146, 3864, 2869.0
781, 76.364438, 659.438732, 32.295690, 0.068676, 3826, 2828.0
782, 73.124585, 661.018702, 36.125028, 0.037910, 3853, 2838.0
783, 71.285660, 661.495807, 40.937088, 0.094424, 3855, 2860.0
784, 69.835897, 662.394140, 40.213351, 0.092229, 3865, 2862.0
785, 70.888571, 662.239016, 37.978791, 0.068696, 3870, 2864.0
786, 69.445209, 660.225321, 40.680753, 0.065942, 3873, 2866.0
787, 69.786979, 661.774918, 42.784986, 0.040642, 3859, 2864.0
788, 67.247399, 662.206406, 42.893160, 0.135142, 3870, 2859.0
789, 69.344048, 660.840081, 43.392000, 0.060919, 3859, 2853.0
790, 71.736323, 662.092884, 34.197719, 0.030053, 3871, 2856.0
791, 65.478081, 662.765334, 44.088118, 0.057856, 3866, 2866.0
792, 71.445497, 662.974355, 37.670972, 0.057467, 3872, 2864.0
793, 73.183900, 660.967520, 35.624058, 0.025185, 3855, 2856.0
794, 67.890252, 659.960164, 45.001560, 0.095554, 3871, 2869.0
795, 69.932426, 659.305338, 46.202780, 0.064194, 3864, 2860.0
796, 71.783306, 661.453069, 39.680734, 0.078817, 3857, 2863.0
797, 65.315813, 663.537067, 40.197539, 0.194015, 3872, 2848.0
798, 72.215772, 660.287848, 42.132386, 0.037043, 3860, 2850.0
799, 70.483719, 659.841437, 42.708724, 0.118787, 3864, 2861.0
800, 73.236507, 659.760789, 41.905531, 0.069054, 3838, 2850.0
801, 68.857100, 663.852799, 40.033504, 0.044245, 3866, 2852.0
802, 71.902057, 659.801946, 38.966204, 0.057260, 3842, 2849.0
803, 67.617511, 657.672221, 48.927175, 0.158156, 3864, 2869.0
804, 68.734984, 662.560803, 42.381205, 0.122410, 3874, 2860.0
805, 70.441348, 659.795446, 44.701155, 0.087272, 3855, 2843.0
806, 73.581706, 659.429814, 36.031112, 0.044159, 3848, 2837.0
807, 68.924188, 659.812004, 46.598064, 0.090739, 3869, 2872.0
808, 71.648164, 661.670898, 37.954814, 0.033438, 3864, 2859.0
809, 69.964474, 661.211139, 41.873091, 0.114119, 3873, 2873.0
810, 65.730393, 658.782713, 45.855757, 0.260829, 3865, 2866.0
811, 69.418694, 661.967534, 41.295648, 0.042311, 3871, 2872.0
812, 71.569113, 662.879742, 34.642338, 0.048700, 3866, 2865.0
813, 68.546800, 663.094881, 41.709414, 0.088767, 3874, 2862.0
814, 67.077315, 660.431251, 43.861305, 0.117288, 3868, 2865.0
815, 71.971107, 659.349704, 42.301174, 0.059294, 3850, 2845.0
816, 66.466178, 660.993349, 44.852443, 0.123688, 3869, 2872.0
817, 70.109799, 662.608319, 41.040458, 0.055621, 3866, 2868.0
818, 69.995582, 661.173927, 41.369578, 0.030318, 3852, 2865.0
819, 71.570460, 660.400897, 36.056863, 0.065895, 3847, 2853.0
820, 66.137921, 663.069244, 42.869885, 0.119477, 3866, 2863.0
821, 67.875329, 661.678861, 43.968255, 0.110096, 3863, 2860.0
822, 71.748614, 662.307698, 39.928576, 0.048633, 3850, 2845.0
823, 71.270957, 660.937281, 38.311884, 0.058582, 3874, 2866.0
824, 67.940734, 663.702091, 40.209604, 0.065072, 3873, 2862.0
825, 70.095841, 661.199520, 36.436534, 0.047768, 3867, 2866.0
826, 75.895364, 659.169121, 35.471217, 0.045189, 3846, 2848.0
827, 70.473000, 662.483069, 37.999072, 0.053953, 3873, 2862.0
828, 64.535191, 660.592028, 44.725255, 0.148396, 3870, 2876.0
829, 67.578632, 661.275156, 42.798313, 0.074633, 3873, 2863.0
830, 70.810780, 661.923616, 38.699421, 0.039895, 3859, 2852.0
831, 69.337447, 663.292060, 40.451059, 0.055226, 3870, 2864.0
832, 70.729315, 660.107530, 38.412862, 0.047842, 3850, 2847.0
833, 65.819773, 658.022231, 49.064773, 0.410584, 3868, 2858.0
834, 67.625859, 659.521114, 47.371950, 0.224365, 3865, 2870.0
835, 68.502325, 663.587140, 37.446562, 0.117780, 3864, 2833.0
836, 71.567569, 659.168962, 43.613077, 0.098552, 3844, 2833.0
837, 68.351798, 660.708990, 44.476435, 0.123834, 3873, 2865.0
838, 66.475444, 658.971459, 44.814692, 0.157500, 3865, 2845.0
839, 69.353022, 662.244711, 40.233443, 0.082537, 3865, 2849.0
840, 69.371959, 659.866989, 41.173764, 0.061354, 3867, 2849.0
841, 69.441320, 661.650011, 40.649335, 0.096747, 3869, 2850.0
842, 69.152292, 661.183847, 42.908417, 0.066070, 3870, 2859.0
843, 67.424170, 663.929961, 40.364222, 0.102370, 3864, 2836.0
844, 70.144926, 662.917941, 36.210717, 0.040499, 3868, 2856.0
845, 73.951524, 658.976729, 34.719868, 0.042743, 3841, 2824.0
846, 64.932964, 662.394558, 43.080764, 0.147438, 3862, 2835.0
847, 74.679085, 659.976725, 35.220448, 0.014040, 3861, 2845.0
848, 66.299202, 658.559884, 48.421404, 0.203804, 3863, 2847.0
849, 69.040994, 662.727328, 38.235589, 0.062576, 3870, 2842.0
850, 68.969694, 659.489335, 45.592885, 0.036140, 3864, 2846.0
851, 67.863501, 659.325109, 46.716512, 0.128329, 3875, 2868.0
852, 69.386175, 661.288413, 37.910309, 0.055534, 3874, 2845.0
853, 70.474119, 663.217678, 37.757126, 0.043079, 3878, 2845.0
854, 64.654696, 655.547456, 49.283656, 0.522739, 3852, 2830.0
855, 72.167657, 661.587549, 35.561861, 0.053362, 3864, 2844.0
856, 66.378556, 660.228588, 44.855582, 0.104774, 3877, 2862.0
857, 67.732002, 658.165396, 48.913899, 0.129742, 3861, 2849.0
858, 68.264169, 662.308907, 42.477379, 0.111179, 3858, 2845.0
859, 74.011113, 660.672582, 35.734616, 0.065341, 3852, 2831.0
860, 69.242800, 661.362981, 41.415216, 0.062461, 3874, 2847.0
861, 71.155738, 662.231701, 37.261648, 0.060223, 3874, 2844.0
862, 70.187857, 662.277139, 40.305887, 0.079995, 3869, 2847.0
863, 67.591689, 662.471043, 41.758214, 0.058040, 3862, 2832.0
864, 68.274340, 663.407270, 40.737663, 0.105690, 3869, 2840.0
865, 67.500343, 662.002855, 42.463251, 0.183009, 3866, 2853.0
866, 71.616387, 659.983844, 43.918321, 0.047401, 3850, 2840.0
867, 72.117676, 660.383541, 36.668280, 0.034136, 3853, 2845.0
868, 71.419449, 661.590987, 42.135413, 0.074090, 3862, 2852.0
869, 73.424773, 661.740693, 34.935219, 0.046575, 3849, 2828.0
870, 71.077682, 661.846270, 38.485339, 0.070849, 3847, 2858.0
871, 68.874068, 661.497222, 42.487625, 0.046367, 3865, 2863.0
872, 70.429913, 662.021539, 40.486256, 0.043925, 3869, 2860.0
873, 71.417208, 661.065311, 39.859044, 0.083408, 3857, 2843.0
874, 70.228032, 661.792627, 37.534585, 0.046594, 3862, 2876.0
875, 68.536068, 659.465132, 45.777332, 0.133937, 3870, 2875.0
876, 72.376478, 659.252405, 41.789964, 0.047863, 3848, 2836.0
877, 71.061675, 661.808942, 36.912573, 0.050239, 3874, 2844.0
878, 68.087762, 663.057400, 41.922829, 0.188412, 3872, 2940.0
879, 67.303851, 664.679098, 37.710637, 0.117047, 3874, 2854.0
880, 68.537858, 662.510904, 39.338170, 0.044497, 3865, 2989.0
881, 68.656010, 662.678192, 40.490645, 0.099918, 3863, 2857.0
882, 68.063176, 662.978596, 40.476186, 0.080570, 3868, 2857.0
883, 72.252219, 660.025393, 41.714602, 0.074272, 3848, 2849.0
884, 69.182731, 661.280929, 41.126831, 0.141658, 3866, 2871.0
885, 71.640594, 660.445211, 40.904817, 0.033906, 3850, 2841.0
886, 68.650960, 661.948194, 42.442281, 0.077338, 3869, 2873.0
887, 68.196565, 660.276354, 46.448809, 0.154311, 3869, 2870.0
888, 71.541629, 661.238147, 41.126181, 0.081656, 3856, 2853.0
889, 67.757016, 663.337221, 42.681107, 0.100232, 3870, 2949.0
890, 69.950998, 662.075551, 38.361734, 0.038691, 3870, 2855.0
891, 72.447312, 660.538217, 40.719091, 0.086054, 3850, 2847.0
892, 67.755460, 660.437258, 46.178147, 0.134898, 3869, 2863.0
893, 72.459041, 659.561087, 40.261805, 0.027937, 3854, 2845.0
894, 66.647892, 661.996326, 44.216029, 0.198466, 3876, 2860.0
895, 72.622897, 660.819674, 35.280394, 0.039250, 3850, 2841.0
896, 66.849358, 661.810801, 40.631365, 0.202373, 3859, 2849.0
897, 72.332217, 662.196843, 33.317370, 0.055386, 3865, 2858.0
898, 71.730978, 660.197759, 36.595019, 0.034311, 3860, 3316.0
899, 75.835073, 660.160494, 32.013489, 0.070833, 3862, 3020.0
900, 73.046099, 659.040473, 35.465007, 0.065631, 3854, 2841.0
901, 70.855719, 660.229039, 41.925859, 0.060730, 3859, 2852.0
902, 69.007112, 659.761338, 42.487374, 0.171492, 3855, 2849.0
903, 71.328508, 659.535698, 43.760812, 0.053445, 3858, 2854.0
904, 69.180469, 661.522617, 38.225486, 0.041810, 3862, 2848.0
905, 69.275564, 659.789096, 43.217561, 0.067082, 3870, 2865.0
906, 68.461022, 659.348122, 47.510679, 0.179835, 3861, 2859.0
907, 68.865071, 661.926429, 39.799385, 0.107161, 3861, 2852.0
908, 71.554535, 660.442734, 36.146514, 0.039949, 3859, 2847.0
909, 69.636464, 660.695148, 43.620209, 0.042457, 3854, 3099.0
910, 66.489799, 658.885296, 46.669053, 0.187602, 3875, 4427.0
911, 67.561451, 660.310834, 47.339147, 0.123002, 3864, 4420.0
912, 72.048979, 660.302813, 44.176892, 0.129146, 3844, 4385.0
913, 67.025120, 664.604908, 39.868591, 0.117481, 3866, 4396.0
914, 70.848964, 662.342316, 36.254692, 0.025182, 3872, 4408.0
915, 66.861121, 661.225492, 42.937141, 0.224847, 3876, 4237.0
916, 65.508170, 660.952167, 44.789633, 0.174397, 3869, 2857.0
917, 74.700631, 660.281705, 35.215575, 0.036404, 3855, 2842.0
918, 67.349601, 663.879427, 38.278119, 0.119118, 3867, 2848.0
919, 68.076328, 659.854327, 43.482784, 0.135946, 3866, 2867.0
920, 67.998615, 661.147810, 46.032636, 0.099559, 3861, 2858.0
921, 68.413102, 662.355606, 38.587351, 0.069505, 3872, 2846.0
922, 72.629201, 660.700630, 33.875366, 0.035098, 3873, 2859.0
923, 70.741293, 661.104060, 41.422432, 0.140339, 3855, 2848.0
924, 69.112818, 663.175572, 43.391051, 0.048514, 3865, 2856.0
925, 70.310301, 662.267130, 38.194544, 0.064643, 3870, 2855.0
926, 69.774057, 661.004898, 40.479485, 0.065663, 3861, 2857.0
927, 70.163825, 663.388091, 38.635522, 0.048766, 3866, 2851.0
928, 69.780690, 662.126234, 40.679298, 0.086777, 3858, 2850.0
929, 69.406352, 661.717974, 40.191814, 0.094891, 3850, 2842.0
930, 72.088066, 659.417896, 39.083050, 0.042189, 3858, 2850.0
931, 68.375106, 661.889669, 44.108064, 0.082121, 3872, 2873.0
932, 73.521400, 660.033385, 37.230122, 0.024366, 3857, 2849.0
933, 68.909004, 661.261678, 43.515880, 0.049054, 3868, 2859.0
934, 73.667380, 660.314193, 35.932971, 0.017412, 3850, 2849.0
935, 73.558055, 659.051054, 44.141558, 0.061072, 3836, 2837.0
936, 72.790267, 662.067792, 33.710591, 0.053997, 3865, 2861.0
937, 76.536146, 659.722263, 29.575335, 0.109431, 3842, 2834.0
938, 74.980449, 659.540406, 38.824853, 0.071253, 3841, 2847.0
939, 70.476982, 662.543266, 38.552614, 0.022601, 3870, 2855.0
940, 73.554809, 660.873708, 35.028526, 0.024248, 3853, 2841.0
941, 72.414273, 659.905761, 39.850476, 0.079978, 3835, 2830.0
942, 70.453899, 661.522684, 41.642198, 0.110006, 3862, 2854.0
943, 69.963634, 662.833142, 33.336851, 0.035297, 3870, 2859.0
944, 70.380162, 661.061606, 39.010730, 0.072016, 3871, 2858.0
945, 71.909522, 661.079820, 38.128237, 0.033669, 3871, 2864.0
946, 69.074678, 661.941455, 40.201170, 0.094810, 3867, 2846.0
947, 70.595487, 663.780944, 35.868101, 0.108192, 3863, 2843.0
948, 73.273202, 659.461632, 37.551581, 0.060529, 3844, 2840.0
949, 67.641324, 663.163621, 39.943666, 0.103733, 3872, 2841.0
950, 69.315224, 661.266419, 42.773467, 0.119880, 3850, 2839.0
951, 69.847769, 662.256023, 40.186902, 0.040361, 3872, 2863.0
952, 71.180676, 662.212188, 39.223920, 0.044487, 3859, 2857.0
953, 69.647501, 659.069358, 42.242940, 0.083722, 3862, 2846.0
954, 69.399467, 662.404313, 42.511970, 0.096964, 3865, 2867.0
955, 69.620145, 663.086219, 37.630739, 0.065874, 3868, 2849.0
956, 69.818747, 662.353577, 41.592805, 0.091027, 3855, 2840.0
957, 71.328804, 657.778032, 46.455415, 0.063950, 3852, 2850.0
958, 74.130556, 659.607150, 35.807485, 0.031133, 3846, 2837.0
959, 69.144085, 662.700854, 41.781280, 0.073443, 3866, 2857.0
960, 68.061858, 661.679668, 42.415514, 0.092035, 3866, 2862.0
961, 67.413835, 660.833671, 43.732735, 0.106092, 3865, 2860.0
962, 74.298148, 658.344371, 37.321117, 0.076743, 3842, 2836.0
963, 69.822982, 660.784742, 45.365603, 0.050337, 3859, 2859.0
964, 70.765991, 661.682131, 39.835230, 0.081618, 3853, 2848.0
965, 73.254503, 659.180278, 37.997713, 0.037660, 3859, 2848.0
966, 70.889139, 662.965365, 39.413098, 0.048113, 3872, 2864.0
967, 67.531071, 659.711153, 46.417832, 0.216009, 3865, 2860.0
968, 70.229467, 661.955186, 39.381352, 0.078326, 3868, 2860.0
969, 74.463993, 659.593916, 36.288008, 0.024385, 3843, 2842.0
970, 73.825467, 658.472305, 36.528445, 0.057821, 3847, 2833.0
971, 71.486547, 660.494148, 43.100427, 0.073718, 3851, 2843.0
972, 71.261649, 660.559551, 37.325494, 0.033262, 3855, 2839.0
973, 70.766421, 662.873933, 36.073016, 0.052142, 3874, 2855.0
974, 71.147802, 661.072022, 40.210934, 0.096563, 3858, 2850.0
975, 68.528105, 660.411427, 43.648862, 0.154680, 3861, 2858.0
976, 69.732584, 660.297626, 43.052560, 0.060246, 3865, 2850.0
977, 71.498525, 661.289010, 43.955394, 0.103918, 3860, 3006.0
978, 70.091419, 660.933395, 42.019030, 0.047445, 3865, 2853.0
979, 71.389601, 660.235506, 41.161244, 0.076011, 3851, 2839.0
980, 67.552901, 661.082972, 44.078817, 0.130954, 3866, 2863.0
981, 70.521428, 661.119977, 40.746465, 0.097405, 3871, 3002.0
982, 68.277056, 662.949498, 43.326473, 0.120545, 3868, 2868.0
983, 69.604070, 661.995908, 40.677692, 0.054131, 3869, 2860.0
984, 67.876949, 658.756266, 46.981663, 0.125948, 3867, 2864.0
985, 67.972644, 659.989211, 44.095940, 0.084487, 3872, 2862.0
986, 69.565915, 661.849460, 39.603590, 0.053034, 3863, 2998.0
987, 68.600212, 660.218747, 46.294326, 0.164270, 3866, 2859.0
988, 69.141661, 661.630222, 40.382938, 0.066873, 3873, 2854.0
989, 69.473442, 663.535628, 38.758977, 0.077827, 3867, 2846.0
990, 67.946808, 660.007436, 44.522042, 0.128211, 3874, 2885.0
991, 69.735132, 660.950121, 46.114986, 0.085385, 3860, 2992.0
992, 72.987208, 660.524005, 38.522408, 0.057760, 3855, 2848.0
993, 70.691488, 662.967555, 38.523357, 0.093542, 3870, 2847.0
994, 71.189790, 661.072640, 40.383363, 0.116644, 3858, 2844.0
995, 70.265764, 660.780342, 38.746213, 0.048514, 3856, 2839.0
996, 74.665224, 661.888466, 32.588141, 0.065415, 3863, 2980.0
997, 73.045164, 661.168797, 38.256277, 0.070899, 3847, 2831.0
998, 67.383526, 663.639384, 40.068636, 0.097536, 3866, 2848.0
999, 67.701289, 661.481181, 43.375286, 0.049291, 3872, 2863.0
