#idx, x0, x1, x2, y, f_neval, total_time (us), 
0, 69.556221, 668.039070, 29.932915, 0.154648, 1053, 851.0
1, 73.981658, 659.427397, 48.372781, 0.123835, 1049, 1107.0
2, 72.913301, 662.392037, 36.146125, 0.050216, 1049, 1024.0
3, 71.524581, 663.331050, 39.244543, 0.095055, 1050, 1365.0
4, 73.888889, 662.143258, 30.000000, 0.135753, 1047, 821.0
5, 75.617284, 658.825967, 30.000000, 0.059001, 1052, 813.0
6, 74.734775, 660.654028, 39.309411, 0.129227, 1048, 976.0
7, 77.674897, 657.400114, 40.433012, 0.104490, 1049, 846.0
8, 71.914088, 663.732210, 39.275655, 0.153570, 1043, 1025.0
9, 71.524581, 663.331050, 39.244543, 0.083840, 1049, 1010.0
10, 73.459025, 659.069010, 35.670439, 0.096462, 1057, 836.0
11, 77.426768, 660.102698, 30.176057, 0.087404, 1048, 919.0
12, 72.518671, 660.373605, 36.753737, 0.078080, 1056, 827.0
13, 75.617284, 658.825967, 30.000000, 0.069369, 1049, 821.0
14, 77.839506, 659.960830, 36.804138, 0.073074, 1055, 816.0
15, 72.104502, 663.444153, 35.648337, 0.065946, 1051, 1211.0
16, 75.617284, 658.825967, 30.000000, 0.060777, 1051, 1065.0
17, 75.617284, 658.825967, 30.000000, 0.063044, 1054, 814.0
18, 75.403907, 657.591226, 37.821298, 0.047491, 1050, 813.0
19, 74.690564, 660.190368, 35.147399, 0.108508, 1050, 811.0
20, 75.617284, 658.825967, 30.000000, 0.092454, 1057, 828.0
21, 76.543560, 662.853046, 27.272369, 0.088987, 1053, 811.0
22, 70.925926, 662.143258, 30.000000, 0.156309, 1052, 810.0
23, 73.888889, 662.143258, 30.000000, 0.117108, 1046, 833.0
24, 69.148720, 659.901562, 48.087031, 0.118476, 1050, 827.0
25, 77.098765, 660.222721, 37.257747, 0.089126, 1056, 957.0
26, 71.914088, 663.732210, 39.275655, 0.224432, 1050, 1021.0
27, 63.452497, 661.117815, 51.526164, 0.182502, 1052, 1075.0
28, 73.417924, 659.737737, 36.753737, 0.076119, 1050, 814.0
29, 73.304247, 660.167936, 41.983310, 0.076524, 1054, 1166.0
30, 76.467764, 659.572842, 37.308148, 0.087950, 1052, 816.0
31, 71.914088, 663.732210, 39.275655, 0.162548, 1048, 888.0
32, 79.859477, 656.955144, 34.556752, 0.068074, 1053, 812.0
33, 75.617284, 658.825967, 30.000000, 0.055114, 1056, 830.0
34, 73.304247, 660.167936, 41.983310, 0.073653, 1048, 872.0
35, 73.888889, 662.143258, 30.000000, 0.063165, 1053, 816.0
36, 63.811326, 660.174821, 51.663729, 0.195143, 1052, 859.0
37, 76.467764, 659.572842, 37.308148, 0.069032, 1058, 918.0
38, 72.552866, 656.124865, 38.311191, 0.107163, 1052, 827.0
39, 72.518671, 660.373605, 36.753737, 0.066962, 1056, 838.0
40, 64.247267, 667.394609, 51.519227, 0.128386, 1048, 879.0
41, 71.524581, 663.331050, 39.244543, 0.077998, 1050, 813.0
42, 70.925926, 662.143258, 30.000000, 0.121923, 1053, 850.0
43, 73.304247, 660.167936, 41.983310, 0.073403, 1049, 986.0
44, 71.524581, 663.331050, 39.244543, 0.084141, 1052, 887.0
45, 70.925926, 662.143258, 30.000000, 0.075561, 1043, 809.0
46, 69.148720, 659.901562, 48.087031, 0.157112, 1049, 922.0
47, 75.617284, 658.825967, 30.000000, 0.088854, 1050, 815.0
48, 72.104502, 663.444153, 35.648337, 0.081355, 1046, 821.0
49, 75.617284, 658.825967, 30.000000, 0.025391, 1048, 1000.0
50, 72.603370, 658.709072, 36.989460, 0.206312, 1052, 851.0
51, 69.148720, 659.901562, 48.087031, 0.154207, 1049, 813.0
52, 70.925926, 662.143258, 30.000000, 0.085459, 1055, 848.0
53, 72.104502, 663.444153, 35.648337, 0.067450, 1049, 812.0
54, 75.617284, 658.825967, 30.000000, 0.047298, 1057, 836.0
55, 68.709546, 659.159349, 38.011896, 0.120773, 1053, 841.0
56, 68.241156, 668.819216, 44.019592, 0.129816, 1046, 909.0
57, 63.811326, 660.174821, 51.663729, 0.239313, 1050, 815.0
58, 73.019357, 658.597486, 39.856200, 0.144647, 1055, 878.0
59, 73.417924, 659.737737, 36.753737, 0.039603, 1054, 830.0
60, 73.888889, 662.143258, 30.000000, 0.093149, 1047, 1174.0
61, 75.617284, 658.825967, 30.000000, 0.048744, 1052, 837.0
62, 70.925926, 662.143258, 30.000000, 0.084183, 1049, 811.0
63, 75.617284, 658.825967, 30.000000, 0.084267, 1049, 809.0
64, 75.802596, 656.393323, 39.879534, 0.173521, 1046, 837.0
65, 69.148720, 659.901562, 48.087031, 0.110112, 1048, 848.0
66, 65.681995, 661.042852, 54.812698, 0.121576, 1048, 813.0
67, 75.404516, 657.553812, 32.412093, 0.042554, 1054, 836.0
68, 69.310319, 662.995752, 40.041004, 0.100048, 1052, 815.0
69, 72.964187, 660.760679, 34.410478, 0.123789, 1052, 921.0
70, 63.811326, 660.174821, 51.663729, 0.152266, 1056, 919.0
71, 75.802596, 656.393323, 39.879534, 0.085522, 1054, 816.0
72, 71.667048, 664.186119, 35.255707, 0.086514, 1052, 897.0
73, 65.681995, 661.042852, 54.812698, 0.078604, 1054, 954.0
74, 70.925926, 662.143258, 30.000000, 0.089467, 1052, 846.0
75, 70.925926, 662.143258, 30.000000, 0.067463, 1053, 931.0
76, 70.925926, 662.143258, 30.000000, 0.117465, 1050, 814.0
77, 63.452497, 661.117815, 51.526164, 0.138738, 1051, 828.0
78, 78.333717, 657.316199, 35.438138, 0.048039, 1058, 834.0
79, 69.148720, 659.901562, 48.087031, 0.149007, 1046, 851.0
80, 70.925926, 662.143258, 30.000000, 0.061899, 1044, 809.0
81, 69.148720, 659.901562, 48.087031, 0.079122, 1051, 851.0
82, 66.794305, 663.589608, 37.374209, 0.133797, 1057, 821.0
83, 70.925926, 662.143258, 30.000000, 0.096022, 1053, 817.0
84, 75.774018, 658.189380, 36.817205, 0.196377, 1049, 831.0
85, 69.310319, 662.995752, 40.041004, 0.121801, 1052, 951.0
86, 72.518671, 660.373605, 36.753737, 0.042653, 1047, 827.0
87, 66.794305, 663.589608, 37.374209, 0.103224, 1049, 987.0
88, 67.222222, 670.000000, 30.000000, 0.268151, 1052, 868.0
89, 73.417924, 659.737737, 36.753737, 0.055538, 1046, 811.0
90, 69.148720, 659.901562, 48.087031, 0.064412, 1055, 828.0
91, 70.925926, 662.143258, 30.000000, 0.094848, 1045, 810.0
92, 71.346594, 663.194057, 37.308148, 0.056702, 1055, 816.0
93, 73.417924, 659.737737, 36.753737, 0.062883, 1055, 832.0
94, 74.220266, 662.115416, 42.362251, 0.096154, 1055, 844.0
95, 75.617284, 658.825967, 30.000000, 0.071956, 1054, 815.0
96, 71.031241, 659.452285, 34.623049, 0.048641, 1055, 957.0
97, 74.638775, 659.055526, 39.996203, 0.069652, 1055, 816.0
98, 72.104502, 663.444153, 35.648337, 0.066280, 1051, 991.0
99, 70.925926, 662.143258, 30.000000, 0.075343, 1044, 922.0
100, 69.148720, 659.901562, 48.087031, 0.049882, 1045, 809.0
101, 72.084662, 663.657734, 39.531804, 0.161077, 1051, 831.0
102, 69.310319, 662.995752, 40.041004, 0.088129, 1046, 852.0
103, 63.811326, 660.174821, 51.663729, 0.096852, 1048, 1048.0
104, 63.452497, 661.117815, 51.526164, 0.176579, 1053, 836.0
105, 70.925926, 662.143258, 30.000000, 0.091934, 1048, 813.0
106, 70.116824, 659.349311, 39.244543, 0.092091, 1049, 814.0
107, 80.473251, 655.304983, 36.804138, 0.123296, 1043, 966.0
108, 70.925926, 662.143258, 30.000000, 0.106696, 1048, 909.0
109, 63.452497, 661.117815, 51.526164, 0.182853, 1054, 1192.0
110, 73.888889, 662.143258, 30.000000, 0.117787, 1050, 1279.0
111, 70.925926, 662.143258, 30.000000, 0.084326, 1055, 1256.0
112, 75.617284, 658.825967, 30.000000, 0.044376, 1047, 808.0
113, 69.310319, 662.995752, 40.041004, 0.088365, 1049, 996.0
114, 69.310319, 662.995752, 40.041004, 0.089680, 1049, 872.0
115, 70.925926, 662.143258, 30.000000, 0.048223, 1052, 812.0
116, 73.417924, 659.737737, 36.753737, 0.044236, 1053, 914.0
117, 73.304247, 660.167936, 41.983310, 0.049209, 1054, 1009.0
118, 64.247267, 667.394609, 51.519227, 0.088790, 1049, 814.0
119, 75.452675, 655.566874, 37.257747, 0.052626, 1054, 817.0
120, 72.964187, 660.760679, 34.410478, 0.091062, 1056, 1070.0
121, 63.811326, 660.174821, 51.663729, 0.209702, 1056, 1849.0
122, 75.617284, 658.825967, 30.000000, 0.087923, 1057, 2147.0
123, 71.524581, 663.331050, 39.244543, 0.042682, 1054, 830.0
124, 71.687693, 660.954096, 35.599530, 0.046919, 1047, 849.0
125, 74.257693, 657.117625, 36.100391, 0.082389, 1057, 817.0
126, 65.681995, 661.042852, 54.812698, 0.085775, 1045, 822.0
127, 70.925926, 662.143258, 30.000000, 0.122214, 1056, 818.0
128, 63.811326, 660.174821, 51.663729, 0.179947, 1051, 815.0
129, 71.524581, 663.331050, 39.244543, 0.136945, 1051, 1176.0
130, 71.667048, 664.186119, 35.255707, 0.082563, 1056, 1283.0
131, 68.607389, 664.421081, 34.699040, 0.145154, 1048, 1272.0
132, 75.452675, 655.566874, 37.257747, 0.053847, 1050, 1242.0
133, 69.148720, 659.901562, 48.087031, 0.083617, 1046, 938.0
134, 71.524581, 663.331050, 39.244543, 0.038624, 1052, 880.0
135, 70.925926, 662.143258, 30.000000, 0.091856, 1048, 813.0
136, 63.452497, 661.117815, 51.526164, 0.273165, 1049, 860.0
137, 65.681995, 661.042852, 54.812698, 0.188514, 1051, 854.0
138, 63.811326, 660.174821, 51.663729, 0.271309, 1049, 814.0
139, 69.148720, 659.901562, 48.087031, 0.150577, 1051, 1191.0
140, 63.452497, 661.117815, 51.526164, 0.136835, 1053, 1393.0
141, 64.247267, 667.394609, 51.519227, 0.113791, 1053, 1401.0
142, 72.518671, 660.373605, 36.753737, 0.085555, 1054, 1210.0
143, 75.617284, 658.825967, 30.000000, 0.069081, 1049, 811.0
144, 73.888889, 662.143258, 30.000000, 0.135098, 1052, 814.0
145, 73.236507, 659.760789, 41.905531, 0.096780, 1056, 820.0
146, 70.925926, 662.143258, 30.000000, 0.098141, 1054, 1085.0
147, 79.428534, 661.328446, 27.272822, 0.063440, 1054, 819.0
148, 74.053504, 660.791317, 25.673821, 0.076353, 1048, 940.0
149, 72.366679, 662.463467, 37.536509, 0.127671, 1050, 1133.0
150, 70.925926, 662.143258, 30.000000, 0.093350, 1048, 1360.0
151, 71.914088, 663.732210, 39.275655, 0.111481, 1050, 1347.0
152, 76.467764, 659.572842, 37.308148, 0.171897, 1045, 1255.0
153, 71.817558, 665.800038, 35.997722, 0.303225, 1046, 1268.0
154, 65.681995, 661.042852, 54.812698, 0.145877, 1048, 1304.0
155, 70.466251, 664.665215, 43.301929, 0.196373, 1043, 1199.0
156, 69.310319, 662.995752, 40.041004, 0.118855, 1053, 1234.0
157, 70.925926, 662.143258, 30.000000, 0.042256, 1056, 991.0
158, 73.304247, 660.167936, 41.983310, 0.043265, 1050, 816.0
159, 74.638775, 659.055526, 39.996203, 0.097922, 1051, 1300.0
160, 74.638775, 659.055526, 39.996203, 0.125200, 1052, 903.0
161, 71.817558, 665.800038, 35.997722, 0.266405, 1053, 1335.0
162, 71.409917, 663.589608, 37.374209, 0.171200, 1050, 1330.0
163, 69.310319, 662.995752, 40.041004, 0.127829, 1051, 1435.0
164, 76.467764, 659.572842, 37.308148, 0.060810, 1055, 1070.0
165, 74.638775, 659.055526, 39.996203, 0.100587, 1047, 957.0
166, 69.148720, 659.901562, 48.087031, 0.137574, 1053, 820.0
167, 63.452497, 661.117815, 51.526164, 0.265219, 1049, 1281.0
168, 75.617284, 658.825967, 30.000000, 0.073341, 1047, 807.0
169, 72.518671, 660.373605, 36.753737, 0.050564, 1061, 818.0
170, 70.906874, 659.780847, 34.782497, 0.088532, 1054, 864.0
171, 69.148720, 659.901562, 48.087031, 0.093516, 1049, 890.0
172, 72.104502, 663.444153, 35.648337, 0.059783, 1053, 856.0
173, 73.459025, 659.069010, 35.670439, 0.066869, 1053, 1265.0
174, 70.466251, 664.665215, 43.301929, 0.134894, 1050, 1254.0
175, 68.607389, 664.421081, 34.699040, 0.122033, 1054, 1290.0
176, 63.811326, 660.174821, 51.663729, 0.227757, 1060, 1051.0
177, 71.914088, 663.732210, 39.275655, 0.089584, 1051, 1276.0
178, 68.253569, 659.292270, 50.220144, 0.172388, 1050, 886.0
179, 69.148720, 659.901562, 48.087031, 0.071559, 1054, 1060.0
180, 78.333717, 657.316199, 35.438138, 0.080220, 1055, 1059.0
181, 73.417924, 659.737737, 36.753737, 0.038382, 1051, 813.0
182, 67.314518, 659.899638, 48.960741, 0.091974, 1051, 817.0
183, 70.925926, 662.143258, 30.000000, 0.174058, 1053, 1009.0
184, 72.104502, 663.444153, 35.648337, 0.090703, 1050, 809.0
185, 70.925926, 662.143258, 30.000000, 0.068876, 1048, 808.0
186, 74.257693, 657.117625, 36.100391, 0.064331, 1050, 815.0
187, 63.452497, 661.117815, 51.526164, 0.121728, 1050, 819.0
188, 70.925926, 662.143258, 30.000000, 0.204420, 1056, 833.0
189, 70.925926, 662.143258, 30.000000, 0.048669, 1047, 967.0
190, 71.524581, 663.331050, 39.244543, 0.144899, 1046, 929.0
191, 71.031241, 659.452285, 34.623049, 0.067366, 1046, 824.0
192, 73.417924, 659.737737, 36.753737, 0.057966, 1046, 811.0
193, 70.925926, 662.143258, 30.000000, 0.067987, 1051, 814.0
194, 71.883168, 661.318047, 34.307421, 0.050540, 1049, 902.0
195, 72.285602, 663.129213, 36.146125, 0.115639, 1054, 816.0
196, 68.684179, 660.367059, 45.010586, 0.062450, 1048, 1187.0
197, 70.925926, 662.143258, 30.000000, 0.148178, 1045, 866.0
198, 75.617284, 658.825967, 30.000000, 0.060768, 1049, 840.0
199, 70.925926, 662.143258, 30.000000, 0.088047, 1051, 814.0
200, 76.467764, 659.572842, 37.308148, 0.123504, 1053, 838.0
201, 70.925926, 662.143258, 30.000000, 0.099505, 1046, 1016.0
202, 70.925926, 662.143258, 30.000000, 0.067167, 1059, 887.0
203, 80.473251, 655.304983, 36.804138, 0.099082, 1049, 1140.0
204, 71.524581, 663.331050, 39.244543, 0.046165, 1048, 812.0
205, 77.839506, 659.960830, 36.804138, 0.142468, 1049, 816.0
206, 70.925926, 662.143258, 30.000000, 0.069141, 1055, 818.0
207, 68.607389, 664.421081, 34.699040, 0.134873, 1048, 812.0
208, 63.811326, 660.174821, 51.663729, 0.089079, 1055, 1146.0
209, 76.467764, 659.572842, 37.308148, 0.073783, 1053, 1353.0
210, 73.888889, 662.143258, 30.000000, 0.064247, 1052, 908.0
211, 70.925926, 662.143258, 30.000000, 0.069864, 1054, 1262.0
212, 71.914088, 663.732210, 39.275655, 0.077539, 1046, 1247.0
213, 73.888889, 662.143258, 30.000000, 0.060711, 1053, 816.0
214, 73.417924, 659.737737, 36.753737, 0.099101, 1046, 810.0
215, 72.285602, 663.129213, 36.146125, 0.143233, 1050, 812.0
216, 66.953331, 663.756527, 46.002959, 0.144664, 1050, 924.0
217, 71.524581, 663.331050, 39.244543, 0.034736, 1045, 811.0
218, 75.617284, 658.825967, 30.000000, 0.050524, 1046, 810.0
219, 77.879155, 661.196132, 33.823478, 0.085629, 1056, 815.0
220, 73.888889, 662.143258, 30.000000, 0.034157, 1052, 814.0
221, 72.518671, 660.373605, 36.753737, 0.124937, 1049, 809.0
222, 72.518671, 660.373605, 36.753737, 0.177172, 1053, 815.0
223, 71.524581, 663.331050, 39.244543, 0.128500, 1046, 998.0
224, 70.925926, 662.143258, 30.000000, 0.067285, 1048, 1296.0
225, 66.794305, 663.589608, 37.374209, 0.152408, 1058, 1010.0
226, 76.543560, 662.853046, 27.272369, 0.079591, 1049, 812.0
227, 70.925926, 662.143258, 30.000000, 0.081232, 1054, 817.0
228, 75.774018, 658.189380, 36.817205, 0.135577, 1053, 828.0
229, 71.524581, 663.331050, 39.244543, 0.045947, 1047, 905.0
230, 75.774018, 658.189380, 36.817205, 0.067482, 1053, 828.0
231, 79.756655, 661.345716, 31.669339, 0.117767, 1050, 932.0
232, 71.374917, 663.885249, 35.232373, 0.099450, 1049, 1021.0
233, 70.925926, 662.143258, 30.000000, 0.079765, 1054, 814.0
234, 71.524581, 663.331050, 39.244543, 0.127221, 1056, 821.0
235, 73.888889, 662.143258, 30.000000, 0.138338, 1055, 1034.0
236, 77.098765, 660.222721, 37.257747, 0.083814, 1058, 1007.0
237, 70.925926, 662.143258, 30.000000, 0.130282, 1053, 818.0
238, 73.888889, 662.143258, 30.000000, 0.061869, 1053, 815.0
239, 75.009611, 659.150068, 41.453166, 0.058537, 1056, 812.0
240, 72.518671, 660.373605, 36.753737, 0.035408, 1057, 811.0
241, 68.651304, 659.771127, 46.630782, 0.170868, 1058, 828.0
242, 65.681995, 661.042852, 54.812698, 0.103361, 1056, 1011.0
243, 70.925926, 662.143258, 30.000000, 0.070109, 1051, 960.0
244, 70.882741, 658.289970, 41.868508, 0.051872, 1050, 921.0
245, 70.906874, 659.780847, 34.782497, 0.079137, 1052, 810.0
246, 74.572777, 656.610268, 43.838192, 0.077619, 1054, 891.0
247, 73.236507, 659.760789, 41.905531, 0.016597, 1047, 1107.0
248, 63.452497, 661.117815, 51.526164, 0.226256, 1054, 1004.0
249, 69.310319, 662.995752, 40.041004, 0.204316, 1051, 955.0
250, 70.925926, 662.143258, 30.000000, 0.068142, 1053, 1180.0
251, 73.888889, 662.143258, 30.000000, 0.226007, 1055, 1142.0
252, 73.888889, 662.143258, 30.000000, 0.083886, 1045, 1327.0
253, 73.417924, 659.737737, 36.753737, 0.034144, 1052, 1264.0
254, 73.417924, 659.737737, 36.753737, 0.072181, 1050, 1401.0
255, 70.925926, 662.143258, 30.000000, 0.066089, 1044, 1205.0
256, 73.236507, 659.760789, 41.905531, 0.061831, 1057, 1277.0
257, 76.467764, 659.572842, 37.308148, 0.101049, 1048, 1278.0
258, 70.925926, 662.143258, 30.000000, 0.080752, 1048, 1250.0
259, 69.310319, 662.995752, 40.041004, 0.182675, 1052, 1043.0
260, 72.964187, 660.760679, 34.410478, 0.156845, 1053, 816.0
261, 69.310319, 662.995752, 40.041004, 0.099720, 1055, 909.0
262, 75.617284, 658.825967, 30.000000, 0.063616, 1046, 1007.0
263, 69.310319, 662.995752, 40.041004, 0.238166, 1053, 814.0
264, 75.617284, 658.825967, 30.000000, 0.080282, 1051, 811.0
265, 75.617284, 658.825967, 30.000000, 0.021515, 1052, 831.0
266, 74.638775, 659.055526, 39.996203, 0.101656, 1052, 1286.0
267, 70.925926, 662.143258, 30.000000, 0.066064, 1051, 880.0
268, 70.925926, 662.143258, 30.000000, 0.103554, 1050, 812.0
269, 69.148720, 659.901562, 48.087031, 0.129512, 1048, 813.0
270, 75.617284, 658.825967, 30.000000, 0.052063, 1049, 805.0
271, 73.888889, 662.143258, 30.000000, 0.079388, 1044, 803.0
272, 75.774018, 658.189380, 36.817205, 0.073434, 1049, 808.0
273, 69.310319, 662.995752, 40.041004, 0.152323, 1056, 817.0
274, 74.987442, 659.737768, 26.312439, 0.098329, 1052, 812.0
275, 78.333717, 657.316199, 35.438138, 0.095184, 1050, 809.0
276, 75.617284, 658.825967, 30.000000, 0.051659, 1053, 821.0
277, 72.672743, 660.653990, 34.736568, 0.081517, 1048, 829.0
278, 76.505364, 663.073271, 27.429742, 0.120451, 1045, 1233.0
279, 69.310319, 662.995752, 40.041004, 0.118119, 1057, 898.0
280, 72.518671, 660.373605, 36.753737, 0.067539, 1060, 819.0
281, 73.888889, 662.143258, 30.000000, 0.059456, 1056, 829.0
282, 69.148720, 659.901562, 48.087031, 0.124826, 1056, 837.0
283, 77.879155, 661.196132, 33.823478, 0.084079, 1049, 857.0
284, 73.888889, 662.143258, 30.000000, 0.070769, 1053, 897.0
285, 63.811326, 660.174821, 51.663729, 0.401669, 1047, 825.0
286, 71.524581, 663.331050, 39.244543, 0.051179, 1056, 943.0
287, 64.247267, 667.394609, 51.519227, 0.167156, 1051, 867.0
288, 73.417924, 659.737737, 36.753737, 0.074813, 1053, 904.0
289, 71.524581, 663.331050, 39.244543, 0.090167, 1049, 1240.0
290, 71.817558, 665.800038, 35.997722, 0.212873, 1045, 1329.0
291, 71.524581, 663.331050, 39.244543, 0.083375, 1054, 1257.0
292, 73.509374, 659.207488, 39.508993, 0.091875, 1051, 1267.0
293, 72.964187, 660.760679, 34.410478, 0.118296, 1055, 1283.0
294, 74.734775, 660.654028, 39.309411, 0.128992, 1054, 815.0
295, 63.282714, 660.343807, 52.061132, 0.199556, 1051, 816.0
296, 70.906874, 659.780847, 34.782497, 0.053083, 1055, 816.0
297, 73.888889, 662.143258, 30.000000, 0.077094, 1047, 810.0
298, 63.811326, 660.174821, 51.663729, 0.161210, 1050, 815.0
299, 76.467764, 659.572842, 37.308148, 0.142843, 1049, 847.0
300, 73.888889, 662.143258, 30.000000, 0.065852, 1049, 924.0
301, 73.888889, 662.143258, 30.000000, 0.052296, 1051, 1274.0
302, 70.925926, 662.143258, 30.000000, 0.069632, 1046, 827.0
303, 73.888889, 662.143258, 30.000000, 0.076861, 1052, 814.0
304, 70.925926, 662.143258, 30.000000, 0.073560, 1052, 831.0
305, 75.617284, 658.825967, 30.000000, 0.051537, 1047, 822.0
306, 70.906874, 659.780847, 34.782497, 0.119088, 1054, 855.0
307, 75.617284, 658.825967, 30.000000, 0.071524, 1051, 814.0
308, 73.417924, 659.737737, 36.753737, 0.064160, 1044, 818.0
309, 72.518671, 660.373605, 36.753737, 0.060308, 1048, 810.0
310, 71.524581, 663.331050, 39.244543, 0.058784, 1052, 833.0
311, 70.925926, 662.143258, 30.000000, 0.129916, 1055, 1253.0
312, 74.277487, 663.831110, 29.412571, 0.089067, 1048, 1042.0
313, 70.906874, 659.780847, 34.782497, 0.087792, 1050, 851.0
314, 73.888889, 662.143258, 30.000000, 0.084458, 1052, 813.0
315, 72.518671, 660.373605, 36.753737, 0.053937, 1055, 816.0
316, 79.859477, 656.955144, 34.556752, 0.151587, 1052, 886.0
317, 75.617284, 658.825967, 30.000000, 0.053446, 1047, 809.0
318, 71.667048, 664.186119, 35.255707, 0.129095, 1054, 819.0
319, 70.925926, 662.143258, 30.000000, 0.071268, 1049, 826.0
320, 70.925926, 662.143258, 30.000000, 0.080224, 1048, 916.0
321, 73.888889, 662.143258, 30.000000, 0.066801, 1051, 810.0
322, 68.607389, 664.421081, 34.699040, 0.082331, 1053, 813.0
323, 78.432282, 661.193236, 25.373489, 0.108505, 1052, 1214.0
324, 73.888889, 662.143258, 30.000000, 0.047943, 1051, 1106.0
325, 75.617284, 658.825967, 30.000000, 0.040041, 1053, 826.0
326, 78.333717, 657.316199, 35.438138, 0.117985, 1052, 812.0
327, 71.914088, 663.732210, 39.275655, 0.075367, 1051, 905.0
328, 75.802596, 656.393323, 39.879534, 0.078611, 1054, 827.0
329, 63.811326, 660.174821, 51.663729, 0.089367, 1052, 817.0
330, 71.524581, 663.331050, 39.244543, 0.056628, 1047, 812.0
331, 66.953331, 663.756527, 46.002959, 0.154674, 1051, 834.0
332, 69.148720, 659.901562, 48.087031, 0.093494, 1048, 1257.0
333, 70.925926, 662.143258, 30.000000, 0.149268, 1057, 1301.0
334, 70.906874, 659.780847, 34.782497, 0.118543, 1046, 1142.0
335, 69.148720, 659.901562, 48.087031, 0.115205, 1054, 1286.0
336, 66.794305, 663.589608, 37.374209, 0.159422, 1051, 814.0
337, 71.524581, 663.331050, 39.244543, 0.067411, 1051, 815.0
338, 69.148720, 659.901562, 48.087031, 0.076647, 1051, 837.0
339, 72.672743, 660.653990, 34.736568, 0.075379, 1060, 884.0
340, 71.524581, 663.331050, 39.244543, 0.087295, 1050, 892.0
341, 70.925926, 662.143258, 30.000000, 0.059770, 1046, 812.0
342, 69.148720, 659.901562, 48.087031, 0.090197, 1054, 814.0
343, 71.914088, 663.732210, 39.275655, 0.047056, 1052, 815.0
344, 70.686118, 663.324264, 38.699051, 0.166812, 1060, 1020.0
345, 76.505364, 663.073271, 27.429742, 0.093314, 1046, 976.0
346, 66.411878, 658.771361, 49.604131, 0.184368, 1050, 1264.0
347, 70.906874, 659.780847, 34.782497, 0.083399, 1054, 1295.0
348, 69.148720, 659.901562, 48.087031, 0.144817, 1047, 1249.0
349, 70.925926, 662.143258, 30.000000, 0.089545, 1045, 1297.0
350, 77.799846, 661.653403, 33.274161, 0.106309, 1050, 1214.0
351, 63.811326, 660.174821, 51.663729, 0.255384, 1055, 1347.0
352, 70.925926, 662.143258, 30.000000, 0.103011, 1045, 1282.0
353, 71.524581, 663.331050, 39.244543, 0.078560, 1048, 806.0
354, 72.096035, 660.881042, 34.749830, 0.084477, 1050, 869.0
355, 71.524581, 663.331050, 39.244543, 0.060681, 1049, 1266.0
356, 70.925926, 662.143258, 30.000000, 0.072594, 1042, 964.0
357, 71.524581, 663.331050, 39.244543, 0.142491, 1053, 815.0
358, 63.452497, 661.117815, 51.526164, 0.127779, 1056, 829.0
359, 73.193233, 659.867612, 34.298282, 0.073023, 1052, 908.0
360, 73.519154, 660.310198, 38.600841, 0.108627, 1049, 967.0
361, 70.925926, 662.143258, 30.000000, 0.077377, 1049, 812.0
362, 73.967624, 664.283178, 31.786371, 0.060530, 1049, 812.0
363, 73.888889, 662.143258, 30.000000, 0.035872, 1056, 852.0
364, 72.672743, 660.653990, 34.736568, 0.052933, 1050, 813.0
365, 70.906874, 659.780847, 34.782497, 0.044276, 1048, 831.0
366, 70.202798, 662.666203, 36.644846, 0.076832, 1052, 1365.0
367, 70.925926, 662.143258, 30.000000, 0.031862, 1049, 1119.0
368, 73.936870, 659.184995, 33.922257, 0.050155, 1052, 834.0
369, 72.104502, 663.444153, 35.648337, 0.076408, 1054, 818.0
370, 77.839506, 659.960830, 36.804138, 0.099446, 1049, 813.0
371, 77.839506, 659.960830, 36.804138, 0.095258, 1049, 810.0
372, 70.925926, 662.143258, 30.000000, 0.075351, 1053, 814.0
373, 73.304247, 660.167936, 41.983310, 0.068470, 1052, 813.0
374, 71.817558, 665.800038, 35.997722, 0.236555, 1053, 841.0
375, 76.467764, 659.572842, 37.308148, 0.078598, 1051, 814.0
376, 70.906874, 659.780847, 34.782497, 0.068468, 1047, 811.0
377, 73.888889, 662.143258, 30.000000, 0.133971, 1053, 852.0
378, 71.524581, 663.331050, 39.244543, 0.082843, 1051, 901.0
379, 71.524581, 663.331050, 39.244543, 0.067841, 1052, 817.0
380, 78.333717, 657.316199, 35.438138, 0.070808, 1057, 836.0
381, 70.925926, 662.143258, 30.000000, 0.116008, 1048, 813.0
382, 73.304247, 660.167936, 41.983310, 0.028912, 1051, 814.0
383, 77.799846, 661.653403, 26.725839, 0.045382, 1053, 816.0
384, 74.638775, 659.055526, 39.996203, 0.158017, 1052, 815.0
385, 71.914088, 663.732210, 39.275655, 0.097580, 1052, 815.0
386, 78.333717, 657.316199, 35.438138, 0.094946, 1050, 828.0
387, 70.925926, 662.143258, 30.000000, 0.194971, 1060, 824.0
388, 71.914088, 663.732210, 39.275655, 0.085011, 1048, 812.0
389, 69.749784, 658.144115, 38.127632, 0.158041, 1050, 814.0
390, 78.333717, 657.316199, 35.438138, 0.102091, 1053, 1080.0
391, 76.371606, 661.691911, 31.664673, 0.148446, 1059, 819.0
392, 70.906874, 659.780847, 34.782497, 0.090962, 1051, 835.0
393, 77.839506, 659.960830, 36.804138, 0.081312, 1050, 926.0
394, 69.148720, 659.901562, 48.087031, 0.100609, 1050, 812.0
395, 78.503479, 659.485148, 33.338475, 0.090632, 1051, 832.0
396, 73.304247, 660.167936, 41.983310, 0.049946, 1058, 816.0
397, 70.925926, 662.143258, 30.000000, 0.063419, 1055, 814.0
398, 73.304247, 660.167936, 41.983310, 0.050296, 1056, 835.0
399, 77.879155, 661.196132, 33.823478, 0.094818, 1052, 824.0
400, 71.524581, 663.331050, 39.244543, 0.127356, 1054, 855.0
401, 71.524581, 663.331050, 39.244543, 0.073556, 1050, 814.0
402, 70.925926, 662.143258, 30.000000, 0.153011, 1052, 848.0
403, 72.672743, 660.653990, 34.736568, 0.051192, 1054, 1405.0
404, 71.524581, 663.331050, 39.244543, 0.071813, 1050, 1293.0
405, 72.518671, 660.373605, 36.753737, 0.051117, 1045, 1243.0
406, 70.925926, 662.143258, 30.000000, 0.068060, 1042, 942.0
407, 77.605092, 661.517189, 33.624168, 0.076882, 1056, 817.0
408, 72.518671, 660.373605, 36.753737, 0.064639, 1050, 837.0
409, 74.120808, 664.734469, 29.278645, 0.153755, 1055, 837.0
410, 70.925926, 662.143258, 30.000000, 0.120479, 1054, 818.0
411, 80.526296, 656.887785, 34.556752, 0.084215, 1052, 833.0
412, 70.925926, 662.143258, 30.000000, 0.048469, 1046, 820.0
413, 73.304247, 660.167936, 41.983310, 0.043952, 1046, 1090.0
414, 70.906874, 659.780847, 34.782497, 0.068421, 1052, 814.0
415, 78.827160, 659.960830, 36.804138, 0.063796, 1058, 828.0
416, 71.724930, 662.230385, 25.074233, 0.070160, 1045, 809.0
417, 63.811326, 660.174821, 51.663729, 0.236081, 1048, 814.0
418, 73.888889, 662.143258, 30.000000, 0.062292, 1053, 845.0
419, 70.925926, 662.143258, 30.000000, 0.099592, 1054, 819.0
420, 70.925926, 662.143258, 30.000000, 0.155355, 1045, 853.0
421, 73.936870, 659.184995, 33.922257, 0.069137, 1054, 826.0
422, 76.467764, 659.572842, 37.308148, 0.068211, 1052, 817.0
423, 71.914088, 663.732210, 39.275655, 0.104475, 1047, 814.0
424, 70.925926, 662.143258, 30.000000, 0.087190, 1054, 823.0
425, 72.518671, 660.373605, 36.753737, 0.077171, 1059, 841.0
426, 70.925926, 662.143258, 30.000000, 0.091728, 1045, 1188.0
427, 76.467764, 659.572842, 37.308148, 0.103170, 1057, 1258.0
428, 74.277487, 663.831110, 29.412571, 0.112212, 1050, 810.0
429, 70.466251, 664.665215, 43.301929, 0.167585, 1049, 834.0
430, 72.285602, 663.129213, 36.146125, 0.084393, 1052, 811.0
431, 71.524581, 663.331050, 39.244543, 0.076293, 1047, 917.0
432, 73.888889, 662.143258, 30.000000, 0.076614, 1052, 826.0
433, 70.925926, 662.143258, 30.000000, 0.081633, 1054, 816.0
434, 69.148720, 659.901562, 48.087031, 0.065979, 1047, 1016.0
435, 63.452497, 661.117815, 51.526164, 0.135121, 1054, 1176.0
436, 70.925926, 662.143258, 30.000000, 0.152188, 1059, 1247.0
437, 69.310319, 662.995752, 40.041004, 0.138180, 1059, 982.0
438, 70.925926, 662.143258, 30.000000, 0.111207, 1050, 825.0
439, 70.925926, 662.143258, 30.000000, 0.077154, 1051, 876.0
440, 73.888889, 662.143258, 30.000000, 0.079727, 1049, 983.0
441, 72.518671, 660.373605, 36.753737, 0.066573, 1050, 811.0
442, 66.794305, 663.589608, 37.374209, 0.081093, 1056, 819.0
443, 72.518671, 660.373605, 36.753737, 0.020725, 1056, 827.0
444, 69.148720, 659.901562, 48.087031, 0.092922, 1051, 815.0
445, 70.906874, 659.780847, 34.782497, 0.046609, 1053, 815.0
446, 72.285602, 663.129213, 36.146125, 0.169868, 1055, 832.0
447, 75.384088, 659.737737, 36.753737, 0.156879, 1048, 811.0
448, 71.524581, 663.331050, 39.244543, 0.051474, 1050, 1023.0
449, 71.524581, 663.331050, 39.244543, 0.067779, 1047, 1291.0
450, 76.467764, 659.572842, 37.308148, 0.072094, 1050, 1189.0
451, 71.817558, 665.800038, 35.997722, 0.140727, 1057, 916.0
452, 70.925926, 662.143258, 30.000000, 0.079773, 1055, 819.0
453, 72.518671, 660.373605, 36.753737, 0.034742, 1053, 1137.0
454, 70.925926, 662.143258, 30.000000, 0.073543, 1050, 1371.0
455, 70.906874, 659.780847, 34.782497, 0.157616, 1049, 957.0
456, 81.667561, 659.297585, 29.919385, 0.140307, 1052, 810.0
457, 70.925926, 662.143258, 30.000000, 0.074792, 1053, 829.0
458, 76.467764, 659.572842, 37.308148, 0.049508, 1054, 835.0
459, 70.906874, 659.780847, 34.782497, 0.191014, 1051, 1412.0
460, 73.509374, 659.207488, 39.508993, 0.130948, 1048, 1255.0
461, 76.467764, 659.572842, 37.308148, 0.122111, 1054, 815.0
462, 70.906874, 659.780847, 34.782497, 0.073404, 1052, 908.0
463, 70.494081, 663.679759, 36.057456, 0.122639, 1050, 1409.0
464, 73.304247, 660.167936, 41.983310, 0.095647, 1058, 917.0
465, 75.452675, 659.757136, 39.676997, 0.084094, 1050, 1002.0
466, 64.768159, 663.334762, 43.546053, 0.162551, 1054, 816.0
467, 77.674897, 657.400114, 40.433012, 0.117138, 1063, 816.0
468, 77.674897, 657.400114, 40.433012, 0.066961, 1055, 857.0
469, 70.925926, 662.143258, 30.000000, 0.122126, 1055, 910.0
470, 72.964187, 660.760679, 34.410478, 0.154869, 1056, 886.0
471, 73.509374, 659.207488, 39.508993, 0.106842, 1056, 834.0
472, 71.524581, 663.331050, 39.244543, 0.115054, 1054, 857.0
473, 70.925926, 662.143258, 30.000000, 0.081904, 1055, 1346.0
474, 63.452497, 661.117815, 51.526164, 0.219538, 1050, 870.0
475, 73.888889, 662.143258, 30.000000, 0.134664, 1052, 814.0
476, 71.524581, 663.331050, 39.244543, 0.163797, 1043, 820.0
477, 70.925926, 662.143258, 30.000000, 0.060209, 1052, 814.0
478, 70.925926, 662.143258, 30.000000, 0.050285, 1052, 816.0
479, 77.098765, 660.222721, 37.257747, 0.106397, 1050, 846.0
480, 75.200122, 656.366392, 37.587311, 0.082287, 1058, 862.0
481, 76.467764, 659.572842, 37.308148, 0.066235, 1054, 1329.0
482, 75.452675, 659.757136, 39.676997, 0.094324, 1051, 815.0
483, 63.452497, 661.117815, 51.526164, 0.155166, 1046, 812.0
484, 70.925926, 662.143258, 30.000000, 0.075522, 1052, 816.0
485, 70.925926, 662.143258, 30.000000, 0.099681, 1051, 852.0
486, 70.925926, 662.143258, 30.000000, 0.081146, 1048, 811.0
487, 70.925926, 662.143258, 30.000000, 0.055812, 1045, 961.0
488, 71.524581, 663.331050, 39.244543, 0.062535, 1049, 814.0
489, 73.888889, 662.143258, 30.000000, 0.070353, 1050, 851.0
490, 70.925926, 662.143258, 30.000000, 0.097421, 1047, 833.0
491, 73.888889, 662.143258, 30.000000, 0.113404, 1048, 1082.0
492, 71.914088, 663.732210, 39.275655, 0.085786, 1051, 941.0
493, 63.452497, 661.117815, 51.526164, 0.117461, 1057, 834.0
494, 71.524581, 663.331050, 39.244543, 0.093992, 1049, 826.0
495, 77.426768, 660.102698, 29.823943, 0.079983, 1057, 815.0
496, 70.925926, 662.143258, 30.000000, 0.039097, 1055, 1052.0
497, 72.316826, 660.179641, 33.713964, 0.232831, 1051, 814.0
498, 71.817558, 665.800038, 35.997722, 0.129859, 1053, 852.0
499, 74.629630, 661.619475, 30.000000, 0.038477, 1047, 939.0
500, 73.304247, 660.167936, 41.983310, 0.067231, 1049, 1282.0
501, 64.247267, 667.394609, 51.519227, 0.084735, 1052, 1258.0
502, 69.148720, 659.901562, 48.087031, 0.142609, 1058, 819.0
503, 70.925926, 662.143258, 30.000000, 0.109431, 1055, 979.0
504, 72.104502, 663.444153, 35.648337, 0.060970, 1049, 837.0
505, 70.925926, 662.143258, 30.000000, 0.113559, 1051, 827.0
506, 71.524581, 663.331050, 39.244543, 0.067372, 1049, 854.0
507, 70.925926, 662.143258, 30.000000, 0.076597, 1053, 824.0
508, 73.888889, 662.143258, 30.000000, 0.086404, 1048, 810.0
509, 69.148720, 659.901562, 48.087031, 0.084291, 1048, 812.0
510, 72.104502, 663.444153, 35.648337, 0.097878, 1047, 819.0
511, 72.964187, 660.760679, 34.410478, 0.240977, 1048, 811.0
512, 71.524581, 663.331050, 39.244543, 0.076731, 1051, 814.0
513, 73.888889, 662.143258, 30.000000, 0.103346, 1051, 1443.0
514, 63.811326, 660.174821, 51.663729, 0.165695, 1057, 949.0
515, 73.304247, 660.167936, 41.983310, 0.059185, 1057, 1178.0
516, 63.452497, 661.117815, 51.526164, 0.136430, 1055, 1309.0
517, 72.104502, 663.444153, 35.648337, 0.088358, 1050, 1445.0
518, 63.452497, 661.117815, 51.526164, 0.195256, 1055, 1406.0
519, 69.148720, 659.901562, 48.087031, 0.075955, 1053, 1010.0
520, 70.925926, 662.143258, 30.000000, 0.050506, 1053, 815.0
521, 70.925926, 662.143258, 30.000000, 0.080058, 1045, 809.0
522, 72.964187, 660.760679, 34.410478, 0.145908, 1052, 829.0
523, 73.304247, 660.167936, 41.983310, 0.067846, 1049, 811.0
524, 72.411583, 663.694691, 35.656698, 0.087560, 1053, 815.0
525, 73.019357, 658.597486, 39.856200, 0.054090, 1047, 1377.0
526, 63.452497, 661.117815, 51.526164, 0.274564, 1049, 1142.0
527, 69.310319, 662.995752, 40.041004, 0.116031, 1055, 846.0
528, 72.518671, 660.373605, 36.753737, 0.046805, 1053, 816.0
529, 73.888889, 662.143258, 30.000000, 0.139797, 1049, 811.0
530, 72.518671, 660.373605, 36.753737, 0.037868, 1056, 941.0
531, 72.672743, 660.653990, 34.736568, 0.079776, 1052, 813.0
532, 80.473251, 655.304983, 36.804138, 0.127267, 1051, 813.0
533, 71.914088, 663.732210, 39.275655, 0.081053, 1046, 824.0
534, 70.925926, 662.143258, 30.000000, 0.164998, 1056, 819.0
535, 73.888889, 662.143258, 30.000000, 0.136422, 1043, 807.0
536, 72.518671, 660.373605, 36.753737, 0.034550, 1057, 840.0
537, 74.629630, 661.619475, 30.000000, 0.063305, 1057, 908.0
538, 70.925926, 662.143258, 30.000000, 0.045926, 1049, 1417.0
539, 73.888889, 662.143258, 30.000000, 0.085132, 1050, 1314.0
540, 70.925926, 662.143258, 30.000000, 0.081026, 1052, 839.0
541, 69.910703, 663.422608, 42.522425, 0.067557, 1055, 825.0
542, 72.104502, 663.444153, 35.648337, 0.074957, 1048, 1318.0
543, 73.888889, 662.143258, 30.000000, 0.099883, 1049, 1349.0
544, 73.888889, 662.143258, 30.000000, 0.128347, 1050, 1251.0
545, 71.374917, 663.885249, 35.232373, 0.071637, 1058, 1103.0
546, 76.538273, 662.883531, 27.308990, 0.103726, 1041, 1194.0
547, 70.906874, 659.780847, 34.782497, 0.072160, 1057, 1391.0
548, 70.925926, 662.143258, 30.000000, 0.167185, 1053, 1274.0
549, 76.467764, 659.572842, 37.308148, 0.082987, 1050, 1139.0
550, 76.467764, 659.572842, 37.308148, 0.099699, 1054, 927.0
551, 69.148720, 659.901562, 48.087031, 0.082712, 1051, 810.0
552, 63.811326, 660.174821, 51.663729, 0.373924, 1051, 821.0
553, 77.605092, 661.517189, 33.624168, 0.090274, 1050, 807.0
554, 73.417924, 659.737737, 36.753737, 0.077233, 1052, 811.0
555, 70.925926, 662.143258, 30.000000, 0.065584, 1054, 1292.0
556, 70.925926, 662.143258, 30.000000, 0.139057, 1051, 943.0
557, 70.906874, 659.780847, 34.782497, 0.122001, 1051, 826.0
558, 70.906874, 659.780847, 34.782497, 0.057096, 1050, 813.0
559, 73.304247, 660.167936, 41.983310, 0.067456, 1057, 818.0
560, 77.879155, 661.196132, 33.823478, 0.115671, 1048, 810.0
561, 71.914088, 663.732210, 39.275655, 0.059685, 1053, 1235.0
562, 70.925926, 662.143258, 30.000000, 0.121224, 1057, 1336.0
563, 66.794305, 663.589608, 37.374209, 0.165863, 1055, 1421.0
564, 70.925926, 662.143258, 30.000000, 0.098439, 1057, 1439.0
565, 75.617284, 658.825967, 30.000000, 0.055913, 1044, 808.0
566, 72.104502, 663.444153, 35.648337, 0.116075, 1046, 962.0
567, 70.925926, 662.143258, 30.000000, 0.075879, 1052, 830.0
568, 73.888889, 662.143258, 30.000000, 0.102099, 1051, 816.0
569, 75.452675, 659.757136, 39.676997, 0.105258, 1051, 835.0
570, 77.799846, 661.653403, 26.725839, 0.058418, 1052, 870.0
571, 72.104502, 663.444153, 35.648337, 0.082572, 1052, 1318.0
572, 71.914088, 663.732210, 39.275655, 0.064200, 1047, 1154.0
573, 70.466251, 664.665215, 43.301929, 0.133739, 1047, 854.0
574, 73.888889, 662.143258, 30.000000, 0.082132, 1048, 904.0
575, 73.888889, 662.143258, 30.000000, 0.061567, 1054, 1060.0
576, 72.104502, 663.444153, 35.648337, 0.065458, 1049, 1045.0
577, 71.524581, 663.331050, 39.244543, 0.082044, 1049, 943.0
578, 70.906874, 659.780847, 34.782497, 0.095253, 1052, 1375.0
579, 75.617284, 658.825967, 30.000000, 0.040893, 1046, 1209.0
580, 75.617284, 658.825967, 30.000000, 0.084507, 1049, 810.0
581, 70.925926, 662.143258, 30.000000, 0.077149, 1048, 941.0
582, 77.879155, 661.196132, 33.823478, 0.077954, 1051, 992.0
583, 76.467764, 659.572842, 37.308148, 0.112382, 1052, 1112.0
584, 73.888889, 662.143258, 30.000000, 0.069805, 1055, 1262.0
585, 65.681995, 661.042852, 54.812698, 0.121844, 1048, 1016.0
586, 73.304247, 660.167936, 41.983310, 0.070417, 1052, 1285.0
587, 75.617284, 658.825967, 30.000000, 0.050467, 1044, 873.0
588, 69.148720, 659.901562, 48.087031, 0.120133, 1058, 819.0
589, 71.914088, 663.732210, 39.275655, 0.117636, 1054, 1333.0
590, 73.888889, 662.143258, 30.000000, 0.091744, 1044, 845.0
591, 71.817558, 665.800038, 35.997722, 0.190202, 1051, 876.0
592, 78.333717, 657.316199, 35.438138, 0.076616, 1059, 1148.0
593, 72.672743, 660.653990, 34.736568, 0.073012, 1052, 1254.0
594, 71.409917, 663.589608, 37.374209, 0.139161, 1049, 812.0
595, 70.925926, 662.143258, 30.000000, 0.059172, 1051, 813.0
596, 71.667048, 664.186119, 35.255707, 0.148174, 1049, 814.0
597, 72.096035, 660.881042, 34.749830, 0.026105, 1048, 842.0
598, 70.925926, 662.143258, 30.000000, 0.060973, 1045, 1486.0
599, 77.605092, 661.517189, 33.624168, 0.074235, 1050, 1445.0
600, 72.285602, 663.129213, 36.146125, 0.060770, 1049, 1254.0
601, 76.467764, 659.572842, 37.308148, 0.125020, 1051, 811.0
602, 70.925926, 662.143258, 30.000000, 0.063491, 1050, 870.0
603, 72.104502, 663.444153, 35.648337, 0.056789, 1051, 814.0
604, 72.518671, 660.373605, 36.753737, 0.072607, 1052, 945.0
605, 81.873502, 658.110204, 31.345777, 0.197279, 1052, 1256.0
606, 70.925926, 662.143258, 30.000000, 0.107940, 1043, 1042.0
607, 76.467764, 659.572842, 37.308148, 0.071575, 1051, 1203.0
608, 73.888889, 662.143258, 30.000000, 0.237207, 1052, 1301.0
609, 75.617284, 658.825967, 30.000000, 0.081057, 1052, 1103.0
610, 71.817558, 665.800038, 35.997722, 0.237011, 1051, 1306.0
611, 73.509374, 659.207488, 39.508993, 0.071519, 1050, 1254.0
612, 75.617284, 658.825967, 30.000000, 0.065637, 1049, 810.0
613, 71.817558, 665.800038, 35.997722, 0.177029, 1049, 814.0
614, 73.417924, 659.737737, 36.753737, 0.064589, 1054, 1282.0
615, 71.817558, 665.800038, 35.997722, 0.195410, 1056, 1126.0
616, 74.257693, 657.117625, 36.100391, 0.055020, 1049, 1264.0
617, 65.681995, 661.042852, 54.812698, 0.167635, 1051, 1283.0
618, 73.888889, 662.143258, 30.000000, 0.095191, 1050, 815.0
619, 72.913301, 662.392037, 36.146125, 0.039324, 1050, 1242.0
620, 74.257693, 657.117625, 36.100391, 0.040384, 1059, 1263.0
621, 73.019357, 658.597486, 39.856200, 0.091793, 1054, 1088.0
622, 78.333717, 657.316199, 35.438138, 0.098324, 1049, 1223.0
623, 72.104502, 663.444153, 35.648337, 0.082891, 1053, 1321.0
624, 70.925926, 662.143258, 30.000000, 0.108333, 1051, 1062.0
625, 73.417924, 659.737737, 36.753737, 0.039892, 1053, 1337.0
626, 71.524581, 663.331050, 39.244543, 0.185722, 1055, 1484.0
627, 72.352972, 663.550805, 33.369013, 0.095270, 1053, 1450.0
628, 73.888889, 662.143258, 30.000000, 0.098631, 1052, 1476.0
629, 64.247267, 667.394609, 51.519227, 0.086511, 1051, 1499.0
630, 70.925926, 662.143258, 30.000000, 0.065271, 1050, 1104.0
631, 76.937953, 659.985917, 35.756606, 0.061402, 1053, 844.0
632, 72.104502, 663.444153, 35.648337, 0.061692, 1052, 814.0
633, 70.925926, 662.143258, 30.000000, 0.105405, 1049, 835.0
634, 77.605092, 661.517189, 33.624168, 0.062172, 1053, 1217.0
635, 70.906874, 659.780847, 34.782497, 0.160903, 1044, 1188.0
636, 71.914088, 663.732210, 39.275655, 0.025237, 1054, 1255.0
637, 63.452497, 661.117815, 51.526164, 0.179986, 1053, 1263.0
638, 75.617284, 658.825967, 30.000000, 0.081212, 1043, 1271.0
639, 71.540331, 659.802881, 44.689721, 0.167896, 1051, 998.0
640, 75.617284, 658.825967, 30.000000, 0.073991, 1055, 854.0
641, 70.925926, 662.143258, 30.000000, 0.068351, 1051, 924.0
642, 75.345984, 658.417503, 37.117745, 0.146448, 1054, 1086.0
643, 70.925926, 662.143258, 30.000000, 0.069190, 1048, 1085.0
644, 75.617284, 658.825967, 30.000000, 0.045763, 1061, 1303.0
645, 70.925926, 662.143258, 30.000000, 0.073166, 1056, 1383.0
646, 76.467764, 659.572842, 37.308148, 0.056305, 1054, 1376.0
647, 70.925926, 662.143258, 30.000000, 0.082800, 1050, 831.0
648, 70.906874, 659.780847, 34.782497, 0.103559, 1053, 829.0
649, 71.524581, 663.331050, 39.244543, 0.093342, 1049, 836.0
650, 62.919844, 663.089125, 50.910041, 0.165938, 1057, 1262.0
651, 70.925926, 662.143258, 30.000000, 0.041991, 1054, 848.0
652, 74.241330, 664.875235, 27.672398, 0.090956, 1060, 1013.0
653, 70.925926, 662.143258, 30.000000, 0.090427, 1048, 881.0
654, 70.925926, 662.143258, 30.000000, 0.140278, 1045, 1289.0
655, 70.925926, 662.143258, 30.000000, 0.059490, 1050, 1365.0
656, 70.925926, 662.143258, 30.000000, 0.107159, 1052, 1285.0
657, 70.925926, 662.143258, 30.000000, 0.133185, 1051, 1356.0
658, 71.817558, 665.800038, 35.997722, 0.152339, 1050, 1209.0
659, 69.148720, 659.901562, 48.087031, 0.087840, 1049, 827.0
660, 66.953331, 663.756527, 46.002959, 0.095175, 1056, 1280.0
661, 73.519154, 660.310198, 38.600841, 0.065976, 1048, 1266.0
662, 70.925926, 662.143258, 30.000000, 0.092647, 1048, 1256.0
663, 66.794305, 663.589608, 37.374209, 0.181391, 1057, 845.0
664, 75.617284, 658.825967, 30.000000, 0.059856, 1054, 813.0
665, 70.925926, 662.143258, 30.000000, 0.064368, 1054, 814.0
666, 69.148720, 659.901562, 48.087031, 0.072843, 1050, 812.0
667, 63.452497, 661.117815, 51.526164, 0.181976, 1059, 834.0
668, 71.524581, 663.331050, 39.244543, 0.141204, 1053, 839.0
669, 77.839506, 659.960830, 36.804138, 0.074428, 1053, 816.0
670, 69.828532, 665.237456, 40.937022, 0.134959, 1049, 814.0
671, 71.524581, 663.331050, 39.244543, 0.066162, 1051, 903.0
672, 72.518671, 660.373605, 36.753737, 0.060354, 1055, 814.0
673, 63.811326, 660.174821, 51.663729, 0.170328, 1048, 1040.0
674, 71.687693, 660.954096, 35.599530, 0.044613, 1053, 1035.0
675, 75.403907, 657.591226, 37.821298, 0.058307, 1050, 858.0
676, 67.051390, 665.728368, 34.802098, 0.198767, 1063, 1585.0
677, 70.925926, 662.143258, 30.000000, 0.104909, 1053, 1333.0
678, 72.518671, 660.373605, 36.753737, 0.056657, 1052, 1310.0
679, 70.925926, 662.143258, 30.000000, 0.154139, 1047, 1245.0
680, 71.524581, 663.331050, 39.244543, 0.109356, 1048, 1224.0
681, 75.774018, 658.189380, 36.817205, 0.148990, 1049, 1317.0
682, 70.925926, 662.143258, 30.000000, 0.114562, 1055, 1289.0
683, 73.888889, 662.143258, 30.000000, 0.071997, 1055, 1350.0
684, 70.925926, 662.143258, 30.000000, 0.084949, 1050, 1304.0
685, 71.524581, 663.331050, 39.244543, 0.121006, 1049, 1454.0
686, 70.116824, 659.349311, 39.244543, 0.178089, 1053, 1634.0
687, 65.681995, 661.042852, 54.812698, 0.134549, 1050, 1616.0
688, 76.467764, 659.572842, 37.308148, 0.076606, 1055, 1616.0
689, 65.681995, 661.042852, 54.812698, 0.204134, 1048, 1284.0
690, 73.417924, 659.737737, 36.753737, 0.043629, 1050, 1364.0
691, 70.906874, 659.780847, 34.782497, 0.132274, 1052, 1252.0
692, 73.888889, 662.143258, 30.000000, 0.076453, 1045, 826.0
693, 72.104502, 663.444153, 35.648337, 0.066964, 1050, 873.0
694, 70.202798, 662.666203, 36.644846, 0.091579, 1049, 1372.0
695, 77.674897, 657.400114, 40.433012, 0.162953, 1047, 1402.0
696, 70.925926, 662.143258, 30.000000, 0.091363, 1058, 1390.0
697, 70.906874, 659.780847, 34.782497, 0.070165, 1062, 1525.0
698, 63.452497, 661.117815, 51.526164, 0.169605, 1048, 1387.0
699, 70.925926, 662.143258, 30.000000, 0.132172, 1054, 1355.0
700, 73.417924, 659.737737, 36.753737, 0.047215, 1051, 1465.0
701, 73.304247, 660.167936, 41.983310, 0.077902, 1050, 1538.0
702, 70.925926, 662.143258, 30.000000, 0.074351, 1053, 1596.0
703, 63.811326, 660.174821, 51.663729, 0.193925, 1053, 1609.0
704, 70.925926, 662.143258, 30.000000, 0.166940, 1048, 1553.0
705, 68.607389, 664.421081, 34.699040, 0.137499, 1051, 1357.0
706, 70.925926, 662.143258, 30.000000, 0.055934, 1057, 1422.0
707, 73.888889, 662.143258, 30.000000, 0.043176, 1050, 1562.0
708, 63.811326, 660.174821, 51.663729, 0.246715, 1049, 1613.0
709, 78.333717, 657.316199, 35.438138, 0.091241, 1056, 1601.0
710, 71.914088, 663.732210, 39.275655, 0.114389, 1047, 1620.0
711, 70.925926, 662.143258, 30.000000, 0.089742, 1048, 1609.0
712, 72.964187, 660.760679, 34.410478, 0.064894, 1054, 1468.0
713, 63.452497, 661.117815, 51.526164, 0.165362, 1048, 1279.0
714, 72.672743, 660.653990, 34.736568, 0.047200, 1057, 1257.0
715, 76.319794, 661.102338, 36.827472, 0.199925, 1054, 1285.0
716, 70.925926, 662.143258, 30.000000, 0.061680, 1053, 836.0
717, 70.906874, 659.780847, 34.782497, 0.211061, 1054, 1171.0
718, 70.925926, 662.143258, 30.000000, 0.142957, 1052, 1644.0
719, 63.811326, 660.174821, 51.663729, 0.266731, 1042, 1351.0
720, 71.524581, 663.331050, 39.244543, 0.090574, 1048, 1252.0
721, 73.509374, 659.207488, 39.508993, 0.202070, 1058, 823.0
722, 70.925926, 662.143258, 30.000000, 0.135215, 1055, 1631.0
723, 65.807296, 658.600360, 49.551864, 0.194951, 1051, 1551.0
724, 75.617284, 658.825967, 30.000000, 0.061204, 1051, 1598.0
725, 67.051390, 665.728368, 34.802098, 0.159252, 1056, 1283.0
726, 75.452675, 655.566874, 37.257747, 0.087492, 1048, 1257.0
727, 70.925926, 662.143258, 30.000000, 0.074596, 1049, 1009.0
728, 73.888889, 662.143258, 30.000000, 0.065015, 1059, 820.0
729, 75.617284, 658.825967, 30.000000, 0.058287, 1051, 813.0
730, 71.524581, 663.331050, 39.244543, 0.124758, 1050, 1377.0
731, 67.051390, 665.728368, 34.802098, 0.192723, 1059, 919.0
732, 72.518671, 660.373605, 36.753737, 0.071156, 1048, 829.0
733, 73.888889, 662.143258, 30.000000, 0.109509, 1052, 813.0
734, 74.638775, 659.055526, 39.996203, 0.113516, 1053, 814.0
735, 70.925926, 662.143258, 30.000000, 0.084063, 1055, 817.0
736, 70.925926, 662.143258, 30.000000, 0.117398, 1056, 818.0
737, 71.524581, 663.331050, 39.244543, 0.109998, 1043, 806.0
738, 70.925926, 662.143258, 30.000000, 0.101297, 1051, 835.0
739, 77.839506, 659.960830, 36.804138, 0.067443, 1050, 826.0
740, 70.925926, 662.143258, 30.000000, 0.084409, 1053, 815.0
741, 76.467764, 659.572842, 37.308148, 0.104621, 1048, 810.0
742, 71.914088, 663.732210, 39.275655, 0.087818, 1054, 825.0
743, 73.459025, 659.069010, 35.670439, 0.079532, 1058, 842.0
744, 73.888889, 662.143258, 30.000000, 0.071040, 1048, 1264.0
745, 71.524581, 663.331050, 39.244543, 0.088673, 1054, 1398.0
746, 70.925926, 662.143258, 30.000000, 0.090323, 1040, 1243.0
747, 74.734775, 660.654028, 39.309411, 0.160494, 1052, 1191.0
748, 68.253569, 659.292270, 50.220144, 0.191600, 1050, 1430.0
749, 70.925926, 662.143258, 30.000000, 0.080761, 1050, 1349.0
750, 74.638775, 659.055526, 39.996203, 0.084220, 1042, 1360.0
751, 72.518671, 660.373605, 36.753737, 0.053286, 1050, 1333.0
752, 71.817558, 665.800038, 35.997722, 0.154393, 1053, 1312.0
753, 70.925926, 662.143258, 30.000000, 0.176875, 1054, 1030.0
754, 63.811326, 660.174821, 51.663729, 0.156022, 1057, 1259.0
755, 70.925926, 662.143258, 30.000000, 0.208057, 1052, 1261.0
756, 70.466251, 664.665215, 43.301929, 0.071156, 1044, 1189.0
757, 72.104502, 663.444153, 35.648337, 0.071107, 1053, 815.0
758, 66.794305, 663.589608, 37.374209, 0.169905, 1059, 887.0
759, 63.452497, 661.117815, 51.526164, 0.141224, 1047, 826.0
760, 68.607389, 664.421081, 34.699040, 0.143648, 1052, 1295.0
761, 78.333717, 657.316199, 35.438138, 0.058081, 1058, 836.0
762, 71.914088, 663.732210, 39.275655, 0.094510, 1052, 814.0
763, 63.811326, 660.174821, 51.663729, 0.142325, 1054, 818.0
764, 63.452497, 661.117815, 51.526164, 0.199500, 1050, 815.0
765, 73.417924, 659.737737, 36.753737, 0.059743, 1048, 822.0
766, 68.012015, 664.320043, 34.652372, 0.205826, 1058, 821.0
767, 71.914088, 663.732210, 39.275655, 0.129660, 1049, 815.0
768, 73.888889, 662.143258, 30.000000, 0.095471, 1046, 1040.0
769, 77.879155, 661.196132, 33.823478, 0.092637, 1048, 811.0
770, 71.524581, 663.331050, 39.244543, 0.062064, 1050, 837.0
771, 73.888889, 662.143258, 30.000000, 0.054637, 1046, 817.0
772, 69.148720, 659.901562, 48.087031, 0.085509, 1052, 891.0
773, 71.667048, 664.186119, 35.255707, 0.118085, 1050, 1372.0
774, 73.304247, 660.167936, 41.983310, 0.045841, 1052, 812.0
775, 63.452497, 661.117815, 51.526164, 0.117290, 1055, 816.0
776, 71.524581, 663.331050, 39.244543, 0.108555, 1052, 833.0
777, 69.148720, 659.901562, 48.087031, 0.105247, 1045, 1007.0
778, 70.925926, 662.143258, 30.000000, 0.062469, 1057, 961.0
779, 70.906874, 659.780847, 34.782497, 0.096022, 1052, 825.0
780, 71.524581, 663.331050, 39.244543, 0.046110, 1055, 816.0
781, 75.617284, 658.825967, 30.000000, 0.077464, 1055, 815.0
782, 72.104502, 663.444153, 35.648337, 0.053661, 1055, 823.0
783, 71.524581, 663.331050, 39.244543, 0.105650, 1054, 878.0
784, 71.524581, 663.331050, 39.244543, 0.103594, 1046, 1125.0
785, 70.925926, 662.143258, 30.000000, 0.097242, 1051, 811.0
786, 70.925926, 662.143258, 30.000000, 0.126568, 1059, 815.0
787, 71.524581, 663.331050, 39.244543, 0.057498, 1051, 811.0
788, 69.310319, 662.995752, 40.041004, 0.142383, 1054, 818.0
789, 65.681995, 661.042852, 54.812698, 0.108625, 1054, 853.0
790, 70.925926, 662.143258, 30.000000, 0.044461, 1053, 814.0
791, 63.811326, 660.174821, 51.663729, 0.091120, 1046, 829.0
792, 71.914088, 663.732210, 39.275655, 0.062865, 1050, 813.0
793, 73.888889, 662.143258, 30.000000, 0.042774, 1055, 815.0
794, 63.811326, 660.174821, 51.663729, 0.126357, 1053, 821.0
795, 69.148720, 659.901562, 48.087031, 0.065572, 1054, 816.0
796, 73.888889, 662.143258, 30.000000, 0.115870, 1047, 844.0
797, 67.612674, 667.709239, 29.329266, 0.253953, 1050, 824.0
798, 76.467764, 659.572842, 37.308148, 0.072366, 1056, 817.0
799, 69.148720, 659.901562, 48.087031, 0.131016, 1051, 839.0
800, 73.236507, 659.760789, 41.905531, 0.069054, 1057, 836.0
801, 64.247267, 667.394609, 51.519227, 0.090151, 1046, 812.0
802, 75.345984, 658.417503, 37.117745, 0.077918, 1054, 816.0
803, 68.253569, 659.292270, 50.220144, 0.175416, 1048, 935.0
804, 71.524581, 663.331050, 39.244543, 0.139642, 1054, 819.0
805, 74.638775, 659.055526, 39.996203, 0.119231, 1051, 814.0
806, 73.417924, 659.737737, 36.753737, 0.044544, 1053, 822.0
807, 65.681995, 661.042852, 54.812698, 0.125511, 1058, 834.0
808, 71.524581, 663.331050, 39.244543, 0.041101, 1052, 814.0
809, 71.524581, 663.331050, 39.244543, 0.130969, 1054, 844.0
810, 63.811326, 660.174821, 51.663729, 0.285650, 1046, 811.0
811, 71.524581, 663.331050, 39.244543, 0.059597, 1048, 969.0
812, 70.925926, 662.143258, 30.000000, 0.068211, 1055, 828.0
813, 71.524581, 663.331050, 39.244543, 0.105295, 1053, 874.0
814, 63.452497, 661.117815, 51.526164, 0.143261, 1056, 822.0
815, 74.257693, 657.117625, 36.100391, 0.082529, 1050, 849.0
816, 63.452497, 661.117815, 51.526164, 0.142691, 1053, 903.0
817, 71.524581, 663.331050, 39.244543, 0.062878, 1050, 822.0
818, 70.925926, 662.143258, 30.000000, 0.087308, 1046, 842.0
819, 70.925926, 662.143258, 30.000000, 0.092295, 1044, 808.0
820, 67.051390, 665.728368, 34.802098, 0.157998, 1056, 821.0
821, 63.452497, 661.117815, 51.526164, 0.151329, 1054, 837.0
822, 73.888889, 662.143258, 30.000000, 0.084527, 1049, 828.0
823, 70.925926, 662.143258, 30.000000, 0.096502, 1048, 816.0
824, 64.247267, 667.394609, 51.519227, 0.091862, 1050, 1228.0
825, 70.925926, 662.143258, 30.000000, 0.065973, 1058, 1414.0
826, 78.333717, 657.316199, 35.438138, 0.060395, 1051, 1376.0
827, 70.925926, 662.143258, 30.000000, 0.089228, 1052, 1083.0
828, 63.811326, 660.174821, 51.663729, 0.180720, 1056, 819.0
829, 66.794305, 663.589608, 37.374209, 0.106302, 1053, 816.0
830, 70.925926, 662.143258, 30.000000, 0.078469, 1051, 814.0
831, 70.925926, 662.143258, 30.000000, 0.101639, 1049, 913.0
832, 70.925926, 662.143258, 30.000000, 0.092554, 1045, 809.0
833, 63.811326, 660.174821, 51.663729, 0.430145, 1047, 813.0
834, 68.253569, 659.292270, 50.220144, 0.237359, 1045, 810.0
835, 70.925926, 662.143258, 30.000000, 0.144557, 1058, 815.0
836, 74.257693, 657.117625, 36.100391, 0.130517, 1050, 808.0
837, 69.310319, 662.995752, 40.041004, 0.139938, 1055, 815.0
838, 63.811326, 660.174821, 51.663729, 0.178596, 1058, 827.0
839, 71.524581, 663.331050, 39.244543, 0.098672, 1055, 818.0
840, 70.925926, 662.143258, 30.000000, 0.124601, 1051, 815.0
841, 70.925926, 662.143258, 30.000000, 0.149161, 1052, 827.0
842, 69.310319, 662.995752, 40.041004, 0.077892, 1053, 818.0
843, 66.794305, 663.589608, 37.374209, 0.113692, 1060, 823.0
844, 70.925926, 662.143258, 30.000000, 0.056798, 1049, 819.0
845, 72.518671, 660.373605, 36.753737, 0.048845, 1053, 1259.0
846, 63.811326, 660.174821, 51.663729, 0.189453, 1058, 1291.0
847, 72.518671, 660.373605, 36.753737, 0.022176, 1059, 1258.0
848, 63.811326, 660.174821, 51.663729, 0.221006, 1048, 1262.0
849, 72.964187, 660.760679, 34.410478, 0.087166, 1061, 846.0
850, 67.139918, 661.124791, 40.433012, 0.072744, 1054, 815.0
851, 63.811326, 660.174821, 51.663729, 0.162308, 1049, 814.0
852, 70.925926, 662.143258, 30.000000, 0.081076, 1061, 855.0
853, 70.925926, 662.143258, 30.000000, 0.078559, 1056, 817.0
854, 62.032295, 661.181854, 39.444073, 0.652915, 1050, 833.0
855, 70.925926, 662.143258, 30.000000, 0.080404, 1052, 814.0
856, 63.811326, 660.174821, 51.663729, 0.128145, 1055, 834.0
857, 68.253569, 659.292270, 50.220144, 0.141994, 1052, 1316.0
858, 66.794305, 663.589608, 37.374209, 0.149333, 1054, 1298.0
859, 76.467764, 659.572842, 37.308148, 0.081426, 1055, 1132.0
860, 70.925926, 662.143258, 30.000000, 0.119871, 1045, 811.0
861, 71.524581, 663.331050, 39.244543, 0.067518, 1052, 815.0
862, 71.524581, 663.331050, 39.244543, 0.089256, 1052, 832.0
863, 72.964187, 660.760679, 34.410478, 0.098460, 1051, 814.0
864, 68.607389, 664.421081, 34.699040, 0.125088, 1054, 818.0
865, 63.811326, 660.174821, 51.663729, 0.226141, 1057, 835.0
866, 74.257693, 657.117625, 36.100391, 0.079978, 1057, 817.0
867, 70.925926, 662.143258, 30.000000, 0.069407, 1053, 1064.0
868, 73.019357, 658.597486, 39.856200, 0.091460, 1049, 1327.0
869, 73.888889, 662.143258, 30.000000, 0.055670, 1049, 1256.0
870, 71.524581, 663.331050, 39.244543, 0.079052, 1046, 1255.0
871, 64.247267, 667.394609, 51.519227, 0.110700, 1056, 913.0
872, 71.524581, 663.331050, 39.244543, 0.054148, 1052, 815.0
873, 71.524581, 663.331050, 39.244543, 0.097837, 1051, 836.0
874, 70.925926, 662.143258, 30.000000, 0.074122, 1044, 808.0
875, 68.253569, 659.292270, 50.220144, 0.145370, 1050, 832.0
876, 74.257693, 657.117625, 36.100391, 0.067727, 1048, 812.0
877, 70.925926, 662.143258, 30.000000, 0.075315, 1049, 813.0
878, 71.817558, 665.800038, 35.997722, 0.229113, 1056, 819.0
879, 70.925926, 662.143258, 30.000000, 0.155473, 1052, 1361.0
880, 70.925926, 662.143258, 30.000000, 0.081104, 1050, 1280.0
881, 68.607389, 664.421081, 34.699040, 0.122767, 1060, 822.0
882, 66.794305, 663.589608, 37.374209, 0.096955, 1056, 841.0
883, 76.467764, 659.572842, 37.308148, 0.110867, 1055, 815.0
884, 70.925926, 662.143258, 30.000000, 0.202998, 1050, 834.0
885, 70.906874, 659.780847, 34.782497, 0.062880, 1053, 1405.0
886, 63.452497, 661.117815, 51.526164, 0.140508, 1050, 1310.0
887, 68.253569, 659.292270, 50.220144, 0.166148, 1053, 1293.0
888, 72.104502, 663.444153, 35.648337, 0.109382, 1053, 1079.0
889, 71.524581, 663.331050, 39.244543, 0.122446, 1058, 1171.0
890, 70.925926, 662.143258, 30.000000, 0.068723, 1051, 845.0
891, 76.467764, 659.572842, 37.308148, 0.115111, 1055, 817.0
892, 63.811326, 660.174821, 51.663729, 0.167986, 1052, 816.0
893, 71.031241, 659.452285, 34.623049, 0.056231, 1055, 833.0
894, 63.452497, 661.117815, 51.526164, 0.225434, 1056, 819.0
895, 70.925926, 662.143258, 30.000000, 0.065956, 1050, 811.0
896, 63.452497, 661.117815, 51.526164, 0.257017, 1056, 818.0
897, 70.925926, 662.143258, 30.000000, 0.072927, 1049, 842.0
898, 70.925926, 662.143258, 30.000000, 0.065956, 1046, 812.0
899, 75.617284, 658.825967, 30.000000, 0.083046, 1046, 810.0
900, 73.417924, 659.737737, 36.753737, 0.069408, 1045, 901.0
901, 71.031241, 659.452285, 34.623049, 0.085663, 1051, 1388.0
902, 63.452497, 661.117815, 51.526164, 0.227052, 1053, 825.0
903, 74.257693, 657.117625, 36.100391, 0.081367, 1053, 815.0
904, 70.925926, 662.143258, 30.000000, 0.068733, 1051, 815.0
905, 65.681995, 661.042852, 54.812698, 0.116387, 1055, 831.0
906, 63.811326, 660.174821, 51.663729, 0.228783, 1052, 1037.0
907, 67.537920, 665.025261, 35.089259, 0.146860, 1057, 837.0
908, 70.925926, 662.143258, 30.000000, 0.065389, 1044, 809.0
909, 69.148720, 659.901562, 48.087031, 0.053297, 1049, 829.0
910, 63.811326, 660.174821, 51.663729, 0.207470, 1054, 816.0
911, 63.811326, 660.174821, 51.663729, 0.154113, 1052, 966.0
912, 75.452675, 659.757136, 39.676997, 0.154673, 1049, 961.0
913, 70.925926, 662.143258, 30.000000, 0.157049, 1057, 839.0
914, 70.925926, 662.143258, 30.000000, 0.044949, 1052, 816.0
915, 66.794305, 663.589608, 37.374209, 0.247541, 1056, 819.0
916, 63.811326, 660.174821, 51.663729, 0.195538, 1053, 818.0
917, 72.518671, 660.373605, 36.753737, 0.044528, 1054, 830.0
918, 70.925926, 662.143258, 30.000000, 0.161581, 1052, 851.0
919, 63.811326, 660.174821, 51.663729, 0.173347, 1053, 817.0
920, 69.828532, 665.237456, 40.937022, 0.137521, 1049, 822.0
921, 70.925926, 662.143258, 30.000000, 0.097912, 1057, 818.0
922, 73.417924, 659.737737, 36.753737, 0.042368, 1053, 815.0
923, 71.524581, 663.331050, 39.244543, 0.157001, 1055, 826.0
924, 71.524581, 663.331050, 39.244543, 0.059106, 1051, 816.0
925, 70.925926, 662.143258, 30.000000, 0.094801, 1048, 1271.0
926, 70.925926, 662.143258, 30.000000, 0.118537, 1045, 1357.0
927, 71.374917, 663.885249, 35.232373, 0.053676, 1046, 1244.0
928, 71.524581, 663.331050, 39.244543, 0.099214, 1053, 813.0
929, 70.925926, 662.143258, 30.000000, 0.142502, 1047, 1072.0
930, 74.257693, 657.117625, 36.100391, 0.059522, 1049, 1638.0
931, 69.310319, 662.995752, 40.041004, 0.090777, 1049, 815.0
932, 73.304247, 660.167936, 41.983310, 0.034959, 1056, 817.0
933, 70.466251, 664.665215, 43.301929, 0.086461, 1051, 814.0
934, 76.467764, 659.572842, 37.308148, 0.039248, 1060, 819.0
935, 73.788156, 656.626022, 39.190513, 0.087156, 1056, 1211.0
936, 70.925926, 662.143258, 30.000000, 0.076248, 1051, 1251.0
937, 75.617284, 658.825967, 30.000000, 0.116668, 1049, 1259.0
938, 72.518671, 660.373605, 36.753737, 0.091179, 1052, 808.0
939, 70.925926, 662.143258, 30.000000, 0.060260, 1053, 811.0
940, 73.888889, 662.143258, 30.000000, 0.040567, 1049, 807.0
941, 70.906874, 659.780847, 34.782497, 0.106462, 1049, 814.0
942, 71.524581, 663.331050, 39.244543, 0.124090, 1050, 813.0
943, 70.925926, 662.143258, 30.000000, 0.040145, 1050, 813.0
944, 73.888889, 662.143258, 30.000000, 0.111509, 1044, 810.0
945, 70.906874, 659.780847, 34.782497, 0.051970, 1049, 812.0
946, 70.925926, 662.143258, 30.000000, 0.142011, 1058, 820.0
947, 70.925926, 662.143258, 30.000000, 0.140960, 1050, 1190.0
948, 71.031241, 659.452285, 34.623049, 0.083073, 1049, 811.0
949, 70.925926, 662.143258, 30.000000, 0.147610, 1058, 820.0
950, 65.681995, 661.042852, 54.812698, 0.178811, 1054, 818.0
951, 71.524581, 663.331050, 39.244543, 0.051053, 1046, 810.0
952, 71.524581, 663.331050, 39.244543, 0.048753, 1044, 1122.0
953, 69.148720, 659.901562, 48.087031, 0.102561, 1049, 1332.0
954, 71.524581, 663.331050, 39.244543, 0.108349, 1046, 1248.0
955, 67.537920, 665.025261, 35.089259, 0.089807, 1051, 1255.0
956, 71.914088, 663.732210, 39.275655, 0.107232, 1051, 1251.0
957, 72.552866, 656.124865, 38.311191, 0.098955, 1050, 1387.0
958, 75.404516, 657.553812, 32.412093, 0.048382, 1057, 1256.0
959, 70.925926, 662.143258, 30.000000, 0.123553, 1048, 810.0
960, 63.452497, 661.117815, 51.526164, 0.133469, 1055, 818.0
961, 63.452497, 661.117815, 51.526164, 0.138028, 1057, 840.0
962, 76.193416, 655.304983, 36.804138, 0.099063, 1053, 814.0
963, 70.466251, 664.665215, 43.301929, 0.086532, 1046, 809.0
964, 71.524581, 663.331050, 39.244543, 0.092482, 1051, 879.0
965, 75.452675, 655.566874, 37.257747, 0.067183, 1052, 811.0
966, 73.888889, 662.143258, 30.000000, 0.080461, 1053, 811.0
967, 63.811326, 660.174821, 51.663729, 0.247893, 1051, 812.0
968, 70.925926, 662.143258, 30.000000, 0.117992, 1046, 822.0
969, 72.518671, 660.373605, 36.753737, 0.031454, 1058, 814.0
970, 72.518671, 660.373605, 36.753737, 0.065960, 1049, 810.0
971, 74.638775, 659.055526, 39.996203, 0.091804, 1051, 1105.0
972, 70.925926, 662.143258, 30.000000, 0.064596, 1040, 805.0
973, 70.925926, 662.143258, 30.000000, 0.076125, 1052, 815.0
974, 71.524581, 663.331050, 39.244543, 0.110286, 1051, 819.0
975, 69.310319, 662.995752, 40.041004, 0.175125, 1054, 818.0
976, 69.148720, 659.901562, 48.087031, 0.073365, 1046, 811.0
977, 69.910703, 663.422608, 42.522425, 0.118633, 1048, 814.0
978, 75.774018, 658.189380, 36.817205, 0.107536, 1051, 815.0
979, 70.906874, 659.780847, 34.782497, 0.102769, 1049, 842.0
980, 63.452497, 661.117815, 51.526164, 0.160550, 1058, 832.0
981, 71.524581, 663.331050, 39.244543, 0.113087, 1046, 812.0
982, 71.817558, 665.800038, 35.997722, 0.165199, 1048, 814.0
983, 69.310319, 662.995752, 40.041004, 0.056439, 1050, 819.0
984, 63.811326, 660.174821, 51.663729, 0.156430, 1052, 818.0
985, 63.811326, 660.174821, 51.663729, 0.120297, 1047, 814.0
986, 70.925926, 662.143258, 30.000000, 0.095334, 1052, 981.0
987, 63.811326, 660.174821, 51.663729, 0.216060, 1044, 811.0
988, 70.925926, 662.143258, 30.000000, 0.113853, 1050, 814.0
989, 70.925926, 662.143258, 30.000000, 0.121829, 1050, 1260.0
990, 69.310319, 662.995752, 40.041004, 0.153402, 1054, 841.0
991, 69.148720, 659.901562, 48.087031, 0.089818, 1054, 883.0
992, 76.467764, 659.572842, 37.308148, 0.080239, 1050, 823.0
993, 71.667048, 664.186119, 35.255707, 0.101736, 1052, 852.0
994, 69.148720, 659.901562, 48.087031, 0.148195, 1049, 813.0
995, 70.925926, 662.143258, 30.000000, 0.088005, 1045, 820.0
996, 74.629630, 661.619475, 30.000000, 0.069165, 1046, 808.0
997, 73.888889, 662.143258, 30.000000, 0.102079, 1052, 814.0
998, 66.794305, 663.589608, 37.374209, 0.108034, 1058, 828.0
999, 63.811326, 660.174821, 51.663729, 0.092841, 1051, 815.0
