#idx, x0, x1, x2, y, f_neval, total_time (us), 
0, 69.989433, 665.327891, 37.427135, 0.112376, 1692, 1315.0
1, 70.595404, 660.409430, 47.263108, 0.105969, 1685, 1343.0
2, 75.888257, 660.728303, 34.804883, 0.044091, 1691, 1948.0
3, 69.173055, 661.616775, 40.107640, 0.082318, 1691, 1307.0
4, 70.600634, 662.188486, 38.734007, 0.110256, 1697, 1304.0
5, 76.069413, 660.215773, 29.725792, 0.036630, 1690, 1488.0
6, 69.236368, 662.876923, 45.046743, 0.087068, 1690, 1301.0
7, 73.456798, 661.678839, 46.179805, 0.086424, 1690, 1333.0
8, 68.624073, 662.391042, 42.414281, 0.138133, 1689, 1324.0
9, 71.190818, 660.745470, 41.339568, 0.073430, 1696, 1324.0
10, 74.070907, 659.637080, 37.148410, 0.087622, 1693, 1300.0
11, 78.272661, 659.559178, 32.489427, 0.086396, 1688, 1291.0
12, 73.794886, 660.680479, 37.194940, 0.065670, 1688, 1298.0
13, 75.888394, 660.151759, 30.853449, 0.056680, 1687, 1334.0
14, 74.373280, 660.171039, 37.093867, 0.053558, 1690, 1309.0
15, 72.494185, 661.499220, 36.557702, 0.046210, 1693, 1300.0
16, 75.518346, 659.823953, 30.349715, 0.048710, 1685, 1395.0
17, 75.932607, 660.209825, 29.525369, 0.041170, 1696, 1297.0
18, 74.884714, 659.692301, 36.608541, 0.037136, 1687, 1499.0
19, 76.171216, 660.400422, 35.463121, 0.091631, 1692, 1561.0
20, 76.593107, 659.174853, 34.893881, 0.077007, 1693, 1305.0
21, 75.017285, 660.506614, 28.932861, 0.069251, 1687, 1306.0
22, 68.681313, 662.160084, 34.154709, 0.139081, 1697, 1345.0
23, 73.518469, 659.568062, 42.115156, 0.079972, 1688, 1321.0
24, 73.263858, 659.351643, 41.049239, 0.102147, 1689, 1551.0
25, 75.294549, 657.776223, 35.726204, 0.067729, 1690, 1310.0
26, 69.017191, 661.743235, 43.391571, 0.195198, 1684, 1394.0
27, 67.870139, 660.613661, 47.178944, 0.150857, 1694, 1305.0
28, 73.417924, 659.737737, 36.753737, 0.076119, 1687, 1320.0
29, 73.304247, 660.167936, 41.983310, 0.076524, 1691, 1311.0
30, 72.804992, 661.060377, 37.457060, 0.064727, 1693, 1350.0
31, 69.190006, 663.141813, 41.523948, 0.138928, 1686, 1334.0
32, 79.240006, 659.048651, 32.350695, 0.059835, 1686, 1307.0
33, 76.756660, 657.678202, 34.500406, 0.048032, 1684, 1294.0
34, 73.304247, 660.167936, 41.983310, 0.073653, 1691, 1741.0
35, 72.289953, 663.350303, 36.078267, 0.043126, 1695, 1305.0
36, 68.111884, 657.762727, 45.663038, 0.178746, 1697, 1344.0
37, 72.324694, 659.328295, 41.724875, 0.038371, 1696, 1353.0
38, 72.976573, 656.509289, 45.824794, 0.076998, 1685, 1297.0
39, 72.518671, 660.373605, 36.753737, 0.066962, 1690, 1308.0
40, 71.942447, 661.627083, 33.365507, 0.107970, 1692, 1303.0
41, 70.563115, 663.110723, 35.965967, 0.074308, 1689, 1369.0
42, 68.663579, 663.047739, 33.704837, 0.109561, 1682, 1292.0
43, 73.304247, 660.167936, 41.983310, 0.073403, 1692, 1862.0
44, 71.048104, 661.155789, 42.060215, 0.078991, 1693, 1985.0
45, 73.757885, 660.540420, 33.173539, 0.052212, 1691, 1298.0
46, 72.103694, 660.261830, 44.999345, 0.156510, 1695, 1989.0
47, 77.827837, 658.427432, 33.002731, 0.076272, 1687, 1454.0
48, 72.430538, 659.721970, 41.825988, 0.056740, 1690, 1314.0
49, 78.492221, 658.192307, 31.332239, 0.024513, 1692, 1295.0
50, 68.433474, 660.172079, 44.900355, 0.172657, 1691, 1481.0
51, 70.862970, 659.651056, 42.401629, 0.139427, 1686, 1552.0
52, 68.055347, 662.427434, 36.156114, 0.068847, 1691, 1918.0
53, 73.484812, 660.705376, 36.529267, 0.049736, 1686, 1355.0
54, 74.360831, 660.578700, 31.712197, 0.044444, 1690, 1806.0
55, 69.437246, 661.663399, 43.104869, 0.083600, 1687, 2284.0
56, 72.012347, 663.778973, 43.180271, 0.089666, 1695, 2060.0
57, 66.899469, 657.112885, 47.325612, 0.232920, 1688, 2091.0
58, 71.284735, 660.038295, 42.318757, 0.125231, 1690, 1643.0
59, 73.417924, 659.737737, 36.753737, 0.039603, 1689, 1342.0
60, 73.984607, 661.157991, 35.972925, 0.065628, 1685, 1690.0
61, 74.901881, 659.963112, 31.284450, 0.036651, 1699, 1328.0
62, 68.449405, 663.164746, 37.469949, 0.066806, 1688, 1635.0
63, 76.730087, 659.214349, 25.132953, 0.082155, 1685, 1291.0
64, 72.716226, 660.301985, 45.510811, 0.144995, 1689, 1499.0
65, 71.846608, 660.119677, 40.553204, 0.082956, 1695, 1860.0
66, 69.110551, 658.572082, 46.543128, 0.084079, 1686, 2051.0
67, 75.465562, 659.467714, 35.491690, 0.029479, 1693, 1570.0
68, 69.761623, 661.221086, 41.866201, 0.078586, 1683, 1293.0
69, 70.011082, 660.289100, 38.873233, 0.091533, 1695, 1366.0
70, 68.111884, 657.762727, 45.663038, 0.120883, 1685, 1300.0
71, 74.135780, 659.395788, 37.344786, 0.067633, 1694, 1525.0
72, 71.667048, 664.186119, 35.255707, 0.086514, 1694, 1297.0
73, 69.749220, 659.172122, 41.780565, 0.047351, 1692, 1599.0
74, 68.055347, 662.427434, 36.156114, 0.072424, 1692, 1874.0
75, 70.340095, 661.245933, 41.740147, 0.039111, 1687, 1571.0
76, 70.462604, 662.670339, 33.318848, 0.102283, 1694, 1950.0
77, 65.864407, 664.814974, 42.862913, 0.124429, 1689, 1301.0
78, 77.296772, 658.411409, 36.144399, 0.038516, 1693, 1483.0
79, 72.135557, 659.813877, 41.473041, 0.143879, 1691, 1301.0
80, 70.911340, 660.906593, 40.379360, 0.034584, 1695, 1350.0
81, 72.887430, 661.119967, 39.105025, 0.048470, 1692, 1952.0
82, 67.397106, 662.852947, 41.502116, 0.107339, 1699, 1632.0
83, 73.154529, 661.343031, 33.793062, 0.084336, 1697, 1302.0
84, 68.003858, 660.405156, 42.834193, 0.129035, 1687, 1306.0
85, 66.925180, 661.324002, 43.710396, 0.115997, 1691, 1342.0
86, 73.501930, 660.692964, 34.984994, 0.034312, 1697, 1322.0
87, 67.397106, 662.852947, 41.502116, 0.079574, 1702, 1324.0
88, 66.684621, 664.234633, 36.558187, 0.223659, 1695, 1321.0
89, 70.340095, 661.245933, 41.740147, 0.055305, 1698, 1514.0
90, 69.148720, 659.901562, 48.087031, 0.064412, 1695, 1806.0
91, 73.577840, 659.274144, 35.186982, 0.061290, 1688, 1310.0
92, 72.222416, 662.592695, 38.362544, 0.050320, 1702, 1314.0
93, 69.152385, 660.252853, 46.272750, 0.049995, 1697, 1309.0
94, 73.191049, 657.694928, 43.476181, 0.067716, 1689, 1301.0
95, 75.595332, 659.722006, 30.323433, 0.057767, 1693, 2177.0
96, 71.847262, 659.825208, 36.256582, 0.034834, 1692, 1312.0
97, 69.080609, 660.952854, 46.432278, 0.050397, 1693, 1512.0
98, 73.302029, 660.584172, 39.388777, 0.047595, 1691, 1731.0
99, 71.906292, 661.283486, 35.938893, 0.045678, 1701, 1344.0
100, 69.148720, 659.901562, 48.087031, 0.049882, 1690, 1320.0
101, 69.076526, 661.841097, 45.494373, 0.149031, 1685, 1299.0
102, 68.783481, 662.378828, 45.336745, 0.086100, 1693, 1313.0
103, 69.197909, 662.634099, 44.208026, 0.058304, 1696, 1305.0
104, 69.549826, 662.739120, 37.926605, 0.140801, 1689, 1334.0
105, 67.187657, 663.951347, 36.733069, 0.089502, 1688, 1295.0
106, 70.116824, 659.349311, 39.244543, 0.092091, 1691, 2017.0
107, 75.706978, 655.807317, 42.062951, 0.087284, 1678, 1290.0
108, 72.120450, 660.873756, 35.754128, 0.068654, 1689, 1310.0
109, 66.510946, 663.443608, 43.278243, 0.163530, 1693, 1304.0
110, 71.648479, 661.282900, 36.971439, 0.081590, 1692, 1307.0
111, 72.075078, 661.545181, 35.334196, 0.062806, 1688, 1300.0
112, 76.615120, 659.733126, 32.477207, 0.038679, 1689, 1298.0
113, 67.203942, 663.622126, 46.327416, 0.087501, 1692, 1304.0
114, 71.452670, 659.675293, 42.364132, 0.084924, 1688, 1819.0
115, 72.399363, 662.344351, 29.661678, 0.036251, 1692, 1441.0
116, 73.417924, 659.737737, 36.753737, 0.044236, 1691, 1306.0
117, 73.304247, 660.167936, 41.983310, 0.049209, 1694, 1305.0
118, 71.614267, 663.773980, 36.191162, 0.071568, 1688, 1485.0
119, 73.566057, 658.015972, 41.014325, 0.031826, 1691, 1301.0
120, 70.011082, 660.289100, 38.873233, 0.071917, 1696, 1305.0
121, 63.126371, 661.918436, 44.833307, 0.199449, 1689, 1323.0
122, 76.568796, 659.002962, 30.651928, 0.079910, 1691, 1365.0
123, 70.997135, 661.302331, 42.317589, 0.036512, 1691, 2026.0
124, 74.022873, 659.961773, 36.821225, 0.036620, 1689, 1719.0
125, 70.989241, 660.171291, 42.092213, 0.056591, 1684, 1292.0
126, 67.672353, 659.218566, 41.610842, 0.056248, 1690, 1485.0
127, 69.549826, 662.739120, 37.926605, 0.088545, 1685, 1292.0
128, 68.111884, 657.762727, 45.663038, 0.149769, 1693, 1313.0
129, 70.944611, 660.375848, 43.887352, 0.128397, 1686, 1563.0
130, 71.667048, 664.186119, 35.255707, 0.082563, 1700, 1648.0
131, 67.165352, 664.662900, 38.803326, 0.129398, 1694, 1733.0
132, 73.976133, 657.372604, 40.536218, 0.038880, 1689, 1389.0
133, 69.862633, 661.760294, 45.987806, 0.081443, 1692, 1730.0
134, 70.902566, 662.357466, 35.374781, 0.037762, 1692, 1354.0
135, 72.329473, 661.705387, 33.587164, 0.068058, 1697, 1316.0
136, 68.266017, 660.372468, 47.251332, 0.240178, 1693, 1351.0
137, 67.663742, 659.181699, 50.367407, 0.175653, 1699, 1516.0
138, 65.981282, 662.350396, 41.004861, 0.244041, 1698, 1556.0
139, 71.747462, 663.986155, 39.115730, 0.143492, 1689, 1757.0
140, 69.872727, 663.165300, 41.599685, 0.103399, 1693, 1319.0
141, 69.063163, 661.216627, 33.159709, 0.102697, 1693, 1451.0
142, 74.123881, 660.083830, 36.550882, 0.074375, 1698, 1299.0
143, 76.141854, 659.398038, 30.301535, 0.060844, 1685, 1337.0
144, 70.832372, 662.224280, 41.571787, 0.100685, 1687, 1298.0
145, 73.236507, 659.760789, 41.905531, 0.096780, 1700, 1312.0
146, 72.362430, 663.282639, 36.516425, 0.078997, 1696, 1311.0
147, 80.103012, 660.807954, 22.758736, 0.055255, 1692, 1899.0
148, 74.768284, 660.755551, 32.359718, 0.053858, 1695, 1327.0
149, 72.366679, 662.463467, 37.536509, 0.127671, 1689, 1562.0
150, 72.120450, 660.873756, 35.754128, 0.058212, 1700, 1310.0
151, 71.583480, 660.603097, 44.195588, 0.098620, 1696, 1302.0
152, 73.333419, 660.557304, 41.801185, 0.147378, 1693, 1306.0
153, 71.398352, 659.433799, 39.982227, 0.260043, 1686, 1383.0
154, 67.901548, 661.549300, 42.478308, 0.125075, 1688, 1357.0
155, 69.764854, 660.191131, 44.913846, 0.187292, 1691, 2043.0
156, 67.735879, 659.655679, 47.680837, 0.105853, 1692, 1302.0
157, 73.757885, 660.540420, 33.173539, 0.014457, 1689, 1560.0
158, 73.340673, 660.509982, 39.858264, 0.036785, 1690, 1297.0
159, 69.237761, 660.717202, 46.739106, 0.078430, 1696, 1446.0
160, 72.688885, 660.008438, 41.180264, 0.107966, 1686, 1519.0
161, 69.381129, 665.332964, 38.891013, 0.246382, 1693, 1345.0
162, 70.097855, 660.783773, 42.698378, 0.157417, 1691, 1540.0
163, 67.293880, 659.871510, 47.589505, 0.114883, 1694, 1668.0
164, 71.476193, 660.777853, 41.457712, 0.035252, 1685, 1310.0
165, 70.980457, 661.955113, 45.085403, 0.080443, 1696, 1315.0
166, 73.263858, 659.351643, 41.049239, 0.120545, 1682, 1293.0
167, 65.981282, 662.350396, 41.004861, 0.235318, 1695, 1357.0
168, 75.830876, 660.426875, 29.731417, 0.049804, 1690, 1365.0
169, 74.221396, 660.001211, 36.533433, 0.039691, 1692, 1497.0
170, 72.430538, 659.721970, 41.825988, 0.065325, 1701, 1307.0
171, 72.243864, 660.210204, 42.836159, 0.077939, 1687, 1372.0
172, 73.302029, 660.584172, 39.388777, 0.045394, 1699, 1345.0
173, 74.070907, 659.637080, 37.148410, 0.056898, 1691, 1419.0
174, 68.486137, 659.920384, 43.877873, 0.117774, 1690, 1299.0
175, 69.813735, 664.378730, 36.582071, 0.120451, 1693, 1312.0
176, 63.811326, 660.174821, 51.663729, 0.227757, 1692, 1303.0
177, 71.914088, 663.732210, 39.275655, 0.089584, 1693, 1338.0
178, 68.111884, 657.762727, 45.663038, 0.161733, 1694, 1305.0
179, 70.590025, 659.299505, 43.763783, 0.057886, 1694, 1438.0
180, 74.675236, 660.071222, 36.708919, 0.062334, 1683, 1292.0
181, 73.417924, 659.737737, 36.753737, 0.038382, 1692, 1302.0
182, 70.602568, 660.392902, 41.626095, 0.072132, 1696, 1341.0
183, 68.971507, 662.562337, 35.246293, 0.133327, 1690, 1301.0
184, 73.484812, 660.705376, 36.529267, 0.078209, 1698, 1395.0
185, 70.784887, 662.254681, 36.738180, 0.043646, 1692, 1915.0
186, 70.924783, 659.439348, 40.522990, 0.056053, 1689, 1301.0
187, 68.233295, 662.664205, 42.504650, 0.112849, 1688, 1561.0
188, 66.660790, 665.332918, 35.284689, 0.152732, 1692, 1704.0
189, 72.934491, 662.453480, 31.779424, 0.040954, 1685, 1314.0
190, 68.257023, 661.472477, 42.253046, 0.128568, 1695, 1412.0
191, 72.324694, 659.328295, 41.724875, 0.038554, 1695, 1304.0
192, 73.631774, 660.380110, 34.823287, 0.050426, 1691, 1298.0
193, 72.278862, 661.978828, 33.475695, 0.045631, 1692, 1301.0
194, 74.675218, 660.032341, 30.987297, 0.044499, 1688, 1374.0
195, 73.450157, 662.029352, 36.677181, 0.104054, 1685, 1696.0
196, 70.692101, 661.928714, 42.762770, 0.053434, 1691, 2016.0
197, 67.872470, 662.375398, 36.067009, 0.122928, 1688, 1386.0
198, 75.617284, 658.825967, 30.000000, 0.060768, 1694, 1369.0
199, 72.019174, 662.085978, 33.141804, 0.066903, 1691, 1318.0
200, 72.430538, 659.721970, 41.825988, 0.100490, 1690, 1299.0
201, 65.574499, 662.993689, 46.796296, 0.080890, 1695, 1362.0
202, 68.887427, 662.771797, 35.399628, 0.044318, 1693, 1302.0
203, 79.359392, 657.697600, 38.067467, 0.080415, 1688, 1395.0
204, 71.255058, 662.264706, 39.842348, 0.037003, 1690, 1389.0
205, 75.120755, 660.867565, 40.847498, 0.126417, 1691, 1311.0
206, 72.934491, 662.453480, 31.779424, 0.062986, 1692, 1338.0
207, 68.388447, 663.497842, 42.887788, 0.123457, 1687, 1311.0
208, 67.901548, 661.549300, 42.478308, 0.054700, 1687, 1300.0
209, 72.872027, 660.688558, 36.247503, 0.060442, 1692, 1389.0
210, 72.289953, 663.350303, 36.078267, 0.045683, 1684, 1295.0
211, 73.258622, 662.244670, 33.491092, 0.043851, 1687, 1537.0
212, 69.577966, 662.669369, 41.928099, 0.073052, 1693, 1966.0
213, 71.016354, 662.625018, 37.116085, 0.036951, 1690, 2027.0
214, 71.699237, 659.609505, 39.991656, 0.098884, 1685, 1517.0
215, 73.434774, 661.691219, 36.993096, 0.126222, 1687, 1339.0
216, 68.711108, 660.978936, 43.142427, 0.135957, 1689, 1318.0
217, 69.872294, 662.612811, 40.031148, 0.032797, 1692, 1326.0
218, 74.955342, 659.551172, 31.501310, 0.043350, 1684, 1291.0
219, 77.249629, 660.582872, 35.494779, 0.075895, 1690, 1299.0
220, 72.613418, 662.971685, 36.332238, 0.027800, 1689, 1709.0
221, 73.915572, 660.804971, 37.341177, 0.106895, 1694, 1737.0
222, 75.767711, 657.070595, 42.239977, 0.136792, 1682, 2542.0
223, 70.944611, 660.375848, 43.887352, 0.115687, 1688, 2116.0
224, 68.161961, 662.284026, 37.445242, 0.045515, 1697, 2080.0
225, 67.397106, 662.852947, 41.502116, 0.128146, 1697, 2100.0
226, 73.556110, 662.852553, 28.161508, 0.064041, 1697, 2115.0
227, 70.883527, 661.877560, 36.532355, 0.061256, 1696, 2217.0
228, 72.243864, 660.210204, 42.836159, 0.094730, 1686, 2072.0
229, 71.524581, 663.331050, 39.244543, 0.045947, 1694, 2124.0
230, 71.108626, 659.268023, 40.551462, 0.038249, 1690, 1996.0
231, 77.624121, 661.334923, 34.209340, 0.108921, 1686, 2119.0
232, 71.374917, 663.885249, 35.232373, 0.099450, 1693, 2014.0
233, 67.911100, 663.029763, 38.889478, 0.051987, 1691, 2001.0
234, 68.550321, 662.996575, 41.309951, 0.109984, 1697, 1750.0
235, 73.518469, 659.568062, 42.115156, 0.092680, 1684, 1295.0
236, 73.753991, 661.655225, 37.437741, 0.068639, 1691, 1409.0
237, 69.872727, 663.165300, 41.599685, 0.081266, 1695, 1359.0
238, 72.669450, 660.884365, 38.964392, 0.044510, 1687, 1974.0
239, 74.491699, 660.266463, 40.969990, 0.051575, 1689, 1442.0
240, 74.010024, 660.055912, 36.741077, 0.024671, 1685, 1319.0
241, 71.212999, 660.156810, 45.012623, 0.168920, 1688, 1504.0
242, 69.478921, 661.745982, 43.420324, 0.073467, 1687, 1296.0
243, 73.534188, 661.335652, 35.377063, 0.047516, 1692, 1697.0
244, 70.882741, 658.289970, 41.868508, 0.051872, 1687, 1319.0
245, 72.495933, 660.093723, 40.751152, 0.056824, 1692, 1870.0
246, 74.152842, 657.945633, 38.635658, 0.058527, 1700, 2008.0
247, 73.236507, 659.760789, 41.905531, 0.016597, 1694, 2054.0
248, 67.565002, 664.260065, 40.829415, 0.188885, 1688, 1418.0
249, 69.574208, 658.732575, 46.632209, 0.179673, 1686, 1315.0
250, 69.432045, 662.598415, 34.259374, 0.046515, 1692, 1352.0
251, 69.517309, 662.656493, 40.776345, 0.168430, 1692, 1353.0
252, 74.232789, 660.617457, 38.471881, 0.066203, 1692, 1408.0
253, 73.417924, 659.737737, 36.753737, 0.034144, 1692, 1300.0
254, 73.417924, 659.737737, 36.753737, 0.072181, 1698, 1381.0
255, 73.757885, 660.540420, 33.173539, 0.056564, 1694, 1300.0
256, 74.530850, 659.752892, 38.452984, 0.058575, 1692, 1313.0
257, 74.777992, 660.017598, 37.718045, 0.086750, 1686, 1292.0
258, 72.362430, 663.282639, 36.516425, 0.056142, 1692, 1300.0
259, 69.053122, 659.698708, 40.318119, 0.176305, 1691, 1319.0
260, 71.822184, 662.407686, 37.658113, 0.143021, 1693, 1321.0
261, 67.203942, 663.622126, 46.327416, 0.097842, 1681, 1320.0
262, 77.607636, 659.246834, 32.668601, 0.063014, 1680, 1289.0
263, 68.111884, 657.762727, 45.663038, 0.213072, 1689, 1315.0
264, 75.788473, 659.261760, 27.002761, 0.078267, 1697, 1319.0
265, 73.653871, 661.328807, 27.718136, 0.019616, 1690, 1603.0
266, 72.138265, 659.752897, 41.447095, 0.070303, 1690, 1997.0
267, 70.512418, 660.542071, 35.934514, 0.041818, 1694, 1367.0
268, 74.967489, 660.653549, 34.510134, 0.086533, 1689, 1296.0
269, 69.749220, 659.172122, 41.780565, 0.112233, 1691, 1315.0
270, 75.979761, 658.640491, 31.777930, 0.047315, 1681, 1324.0
271, 71.966120, 663.017179, 42.914017, 0.063125, 1701, 1321.0
272, 71.108626, 659.268023, 40.551462, 0.036101, 1691, 1318.0
273, 69.574208, 658.732575, 46.632209, 0.127879, 1692, 1357.0
274, 78.008738, 661.332243, 24.238284, 0.071020, 1699, 1297.0
275, 74.561142, 659.965757, 36.928794, 0.078826, 1686, 1311.0
276, 77.241851, 659.036923, 33.349571, 0.043596, 1695, 1308.0
277, 74.098862, 660.994648, 39.707248, 0.065936, 1687, 1355.0
278, 74.147512, 660.656583, 32.905825, 0.094306, 1695, 1300.0
279, 69.855509, 661.689655, 41.783007, 0.102941, 1692, 1301.0
280, 73.477098, 659.841284, 37.266470, 0.061239, 1689, 1309.0
281, 71.837896, 662.187210, 39.558678, 0.039843, 1696, 1304.0
282, 69.148720, 659.901562, 48.087031, 0.124826, 1693, 1323.0
283, 77.079619, 660.351210, 33.831357, 0.070564, 1689, 1507.0
284, 72.445528, 662.760599, 33.953591, 0.069565, 1696, 1417.0
285, 68.947336, 657.659424, 46.227886, 0.362685, 1688, 1338.0
286, 69.235296, 663.565791, 43.222717, 0.045960, 1691, 2082.0
287, 70.553688, 658.666147, 42.588903, 0.129854, 1688, 1945.0
288, 72.367771, 659.352788, 38.499213, 0.064877, 1687, 1326.0
289, 70.848997, 662.266963, 39.968263, 0.076978, 1695, 1315.0
290, 70.301896, 660.234108, 39.585533, 0.175297, 1693, 1345.0
291, 68.257023, 661.472477, 42.253046, 0.069543, 1690, 1409.0
292, 72.412497, 661.133144, 40.471469, 0.076244, 1691, 1376.0
293, 71.822184, 662.407686, 37.658113, 0.107881, 1686, 1473.0
294, 69.236368, 662.876923, 45.046743, 0.097447, 1690, 1300.0
295, 69.819030, 657.958804, 43.444042, 0.161463, 1687, 1705.0
296, 72.621513, 660.150417, 39.725011, 0.036224, 1694, 1360.0
297, 71.181406, 661.898453, 39.874086, 0.041480, 1692, 1986.0
298, 67.606812, 658.870884, 44.931069, 0.139163, 1692, 1629.0
299, 72.430538, 659.721970, 41.825988, 0.120591, 1689, 1593.0
300, 71.914751, 662.925437, 36.029064, 0.050966, 1691, 1927.0
301, 71.914751, 662.925437, 36.029064, 0.039551, 1689, 1288.0
302, 69.554239, 662.438939, 34.508277, 0.067477, 1692, 1560.0
303, 72.289953, 663.350303, 36.078267, 0.065668, 1695, 1482.0
304, 72.909588, 663.346556, 31.156237, 0.064711, 1687, 2113.0
305, 75.264856, 659.335359, 31.385671, 0.046142, 1696, 2019.0
306, 72.430538, 659.721970, 41.825988, 0.084020, 1695, 1948.0
307, 76.340156, 661.258521, 27.284915, 0.059016, 1687, 1519.0
308, 73.417924, 659.737737, 36.753737, 0.064160, 1690, 1303.0
309, 74.621069, 661.112314, 39.880748, 0.057823, 1687, 1322.0
310, 68.257023, 661.472477, 42.253046, 0.045892, 1681, 1324.0
311, 72.445422, 662.750346, 36.648999, 0.096459, 1695, 1712.0
312, 75.959698, 660.504265, 29.910729, 0.068764, 1691, 1416.0
313, 72.430538, 659.721970, 41.825988, 0.060324, 1693, 1916.0
314, 74.431943, 662.528479, 37.330203, 0.070499, 1695, 1303.0
315, 75.238396, 660.097704, 38.282419, 0.050877, 1693, 1341.0
316, 78.267320, 659.532273, 36.381891, 0.141152, 1690, 1401.0
317, 75.747740, 660.375376, 29.566326, 0.035083, 1694, 1449.0
318, 70.014722, 665.539081, 38.704536, 0.125114, 1696, 1311.0
319, 72.866635, 661.982643, 30.638082, 0.050223, 1688, 1359.0
320, 73.370618, 663.462863, 31.715822, 0.064464, 1689, 1323.0
321, 72.166784, 660.911940, 38.452482, 0.054850, 1688, 1317.0
322, 67.053041, 665.200113, 39.661469, 0.076413, 1691, 1438.0
323, 76.609090, 662.115928, 27.124110, 0.099736, 1696, 1376.0
324, 72.724580, 662.273687, 36.627121, 0.037455, 1684, 1562.0
325, 75.498552, 659.763761, 30.259027, 0.025381, 1691, 1314.0
326, 75.883420, 659.540459, 35.591299, 0.106919, 1693, 1292.0
327, 71.914088, 663.732210, 39.275655, 0.075367, 1692, 1575.0
328, 74.135780, 659.395788, 37.344786, 0.055539, 1687, 1334.0
329, 67.619092, 664.016553, 45.209032, 0.068127, 1693, 1378.0
330, 70.997135, 661.302331, 42.317589, 0.051724, 1689, 1300.0
331, 68.257023, 661.472477, 42.253046, 0.140100, 1691, 1338.0
332, 71.108626, 659.268023, 40.551462, 0.067938, 1692, 1645.0
333, 69.963190, 663.192175, 36.919465, 0.108271, 1690, 1311.0
334, 72.430538, 659.721970, 41.825988, 0.079582, 1691, 1313.0
335, 69.148720, 659.901562, 48.087031, 0.115205, 1694, 1320.0
336, 66.261178, 663.045643, 43.411628, 0.135439, 1695, 1305.0
337, 71.524581, 663.331050, 39.244543, 0.067411, 1690, 1368.0
338, 72.281911, 660.297333, 40.727131, 0.071743, 1690, 1300.0
339, 74.039857, 661.034962, 39.687956, 0.060838, 1685, 1295.0
340, 70.594860, 660.702645, 44.775078, 0.073119, 1692, 1309.0
341, 70.925926, 662.143258, 30.000000, 0.059770, 1691, 1293.0
342, 72.430538, 659.721970, 41.825988, 0.079173, 1689, 1310.0
343, 71.278699, 661.621312, 42.948412, 0.044197, 1694, 1301.0
344, 70.832372, 662.224280, 41.571787, 0.154961, 1692, 1365.0
345, 73.416560, 662.958577, 28.081917, 0.075663, 1692, 1300.0
346, 70.166311, 660.597830, 46.932714, 0.169130, 1698, 1318.0
347, 71.476193, 660.777853, 41.457712, 0.064564, 1689, 1317.0
348, 68.870533, 660.719619, 46.833465, 0.140110, 1685, 1320.0
349, 68.449405, 663.164746, 37.469949, 0.060887, 1686, 1295.0
350, 77.119165, 660.836280, 33.199185, 0.093911, 1690, 1294.0
351, 69.000407, 658.353866, 46.646595, 0.230080, 1684, 1299.0
352, 72.329473, 661.705387, 33.587164, 0.079348, 1693, 1300.0
353, 71.099144, 662.232296, 39.703207, 0.067928, 1693, 1368.0
354, 72.852645, 662.706296, 36.809557, 0.070444, 1696, 1623.0
355, 69.859751, 662.629061, 40.504936, 0.057103, 1692, 1300.0
356, 72.595307, 661.935076, 33.399372, 0.057363, 1696, 1301.0
357, 69.339000, 662.145739, 40.176161, 0.133287, 1690, 1302.0
358, 65.758408, 660.342758, 44.585808, 0.105160, 1685, 1329.0
359, 74.137431, 660.017808, 37.683451, 0.065864, 1696, 1324.0
360, 72.379643, 661.715865, 39.979387, 0.099559, 1692, 1302.0
361, 72.281911, 660.297333, 40.727131, 0.037018, 1693, 1303.0
362, 72.463778, 664.054240, 31.652435, 0.045131, 1704, 1308.0
363, 72.289953, 663.350303, 36.078267, 0.020365, 1690, 1355.0
364, 73.354308, 660.899362, 36.352039, 0.044333, 1688, 1338.0
365, 73.121877, 659.501738, 37.133961, 0.025760, 1687, 1302.0
366, 66.769458, 662.454057, 43.609156, 0.072398, 1696, 1420.0
367, 72.694426, 663.026966, 28.163116, 0.026225, 1694, 1386.0
368, 75.076029, 659.647184, 38.564925, 0.041132, 1690, 1301.0
369, 72.211424, 660.733289, 36.320019, 0.060011, 1692, 1302.0
370, 73.836712, 659.444228, 41.157784, 0.070540, 1686, 1298.0
371, 74.255872, 661.669459, 36.927979, 0.081737, 1691, 1367.0
372, 72.620285, 662.334063, 29.824209, 0.061477, 1695, 1324.0
373, 72.935827, 660.760756, 39.022954, 0.065733, 1694, 1306.0
374, 69.075400, 664.193122, 44.092112, 0.199357, 1693, 1314.0
375, 72.583041, 660.381472, 37.296598, 0.057500, 1689, 1298.0
376, 73.554022, 660.345153, 37.737599, 0.046042, 1691, 1310.0
377, 72.181965, 662.075236, 39.035518, 0.107620, 1692, 1300.0
378, 70.997135, 661.302331, 42.317589, 0.078414, 1695, 1332.0
379, 70.607485, 662.722763, 36.005026, 0.064792, 1694, 1317.0
380, 76.079237, 660.123439, 40.076610, 0.060925, 1691, 1309.0
381, 71.586038, 661.527424, 35.299437, 0.089935, 1697, 1338.0
382, 73.508426, 660.370828, 40.021051, 0.022880, 1686, 1460.0
383, 76.928562, 661.353173, 27.837474, 0.038083, 1696, 1370.0
384, 72.652979, 660.297297, 42.062134, 0.141522, 1687, 1320.0
385, 69.345097, 662.501305, 40.985896, 0.087082, 1693, 1303.0
386, 75.569578, 660.196952, 40.485506, 0.071779, 1692, 1303.0
387, 72.080387, 662.097057, 40.214072, 0.169096, 1689, 1335.0
388, 71.668663, 660.391488, 38.995816, 0.076490, 1692, 1301.0
389, 68.763060, 657.690748, 46.107961, 0.121655, 1690, 1372.0
390, 75.775858, 659.706693, 35.554449, 0.089406, 1690, 1294.0
391, 74.683151, 661.905983, 37.002246, 0.139322, 1693, 1307.0
392, 72.430538, 659.721970, 41.825988, 0.066247, 1687, 1495.0
393, 73.540227, 661.995372, 37.029425, 0.059763, 1687, 1305.0
394, 69.148720, 659.901562, 48.087031, 0.100609, 1689, 1299.0
395, 78.118528, 658.816217, 33.699216, 0.083949, 1684, 1297.0
396, 73.190829, 660.510755, 37.534259, 0.046374, 1688, 1296.0
397, 71.375546, 662.747695, 34.251299, 0.037786, 1685, 1331.0
398, 73.439197, 660.364671, 39.993985, 0.044956, 1688, 1339.0
399, 75.770986, 659.748274, 35.537145, 0.080441, 1687, 1293.0
400, 71.355326, 659.828941, 44.228539, 0.114244, 1692, 1303.0
401, 70.204651, 662.247237, 36.472300, 0.066236, 1698, 1332.0
402, 70.340095, 661.245933, 41.740147, 0.109251, 1691, 1331.0
403, 71.568384, 661.911521, 39.175695, 0.037343, 1690, 1339.0
404, 70.594860, 660.702645, 44.775078, 0.060314, 1693, 1334.0
405, 76.031498, 661.019497, 33.377846, 0.040544, 1696, 1315.0
406, 72.506640, 662.209591, 30.734365, 0.048534, 1693, 1337.0
407, 73.900013, 660.982007, 36.741139, 0.062634, 1684, 1339.0
408, 74.826134, 659.567586, 31.775794, 0.058531, 1687, 1595.0
409, 74.893272, 663.318953, 29.855696, 0.133727, 1694, 1295.0
410, 73.439991, 662.882437, 32.398029, 0.101736, 1694, 1495.0
411, 82.345527, 657.345086, 28.180039, 0.066205, 1685, 1288.0
412, 72.934491, 662.453480, 31.779424, 0.038652, 1690, 1308.0
413, 73.469425, 661.441310, 37.780518, 0.039124, 1686, 1388.0
414, 72.745398, 661.062606, 37.429993, 0.047768, 1690, 1298.0
415, 76.525666, 658.713330, 41.730164, 0.047942, 1686, 1339.0
416, 74.645478, 660.458569, 28.763252, 0.052709, 1691, 1343.0
417, 68.640439, 658.600515, 47.121746, 0.235515, 1690, 1370.0
418, 75.444540, 660.815217, 34.233250, 0.057705, 1696, 1415.0
419, 72.483868, 660.939418, 36.469834, 0.065419, 1689, 1529.0
420, 72.281911, 660.297333, 40.727131, 0.133836, 1699, 1305.0
421, 75.099486, 659.668668, 38.552362, 0.059398, 1687, 1451.0
422, 73.332439, 660.260647, 41.697191, 0.054524, 1687, 1299.0
423, 69.103631, 663.284149, 41.309220, 0.087752, 1689, 1350.0
424, 72.595307, 661.935076, 33.399372, 0.068646, 1694, 1301.0
425, 74.263615, 660.006167, 36.830622, 0.064226, 1690, 1386.0
426, 73.534188, 661.335652, 35.377063, 0.062792, 1692, 1312.0
427, 72.430538, 659.721970, 41.825988, 0.061149, 1686, 1309.0
428, 75.389272, 661.179720, 28.306735, 0.089971, 1690, 1361.0
429, 70.419832, 660.119560, 39.729613, 0.149925, 1694, 1405.0
430, 74.236780, 660.427432, 35.619135, 0.067703, 1693, 1302.0
431, 68.257023, 661.472477, 42.253046, 0.061657, 1693, 1318.0
432, 72.497228, 662.285607, 35.791270, 0.058361, 1689, 1312.0
433, 73.407943, 660.238331, 35.787454, 0.048377, 1686, 1315.0
434, 70.987735, 661.214242, 38.279593, 0.041781, 1696, 1315.0
435, 68.397011, 659.035598, 42.581244, 0.093769, 1697, 1307.0
436, 70.624869, 662.653778, 33.521271, 0.129158, 1687, 1306.0
437, 69.511527, 658.979057, 46.378710, 0.124533, 1691, 1314.0
438, 70.212811, 662.809222, 32.636258, 0.092604, 1694, 1310.0
439, 71.980211, 661.821392, 39.088866, 0.042631, 1692, 1339.0
440, 72.936785, 659.664946, 38.933087, 0.045092, 1693, 1325.0
441, 74.148449, 660.234262, 36.757442, 0.054083, 1692, 1299.0
442, 67.397106, 662.852947, 41.502116, 0.063546, 1687, 1322.0
443, 74.826134, 659.567586, 31.775794, 0.015638, 1695, 1352.0
444, 69.148720, 659.901562, 48.087031, 0.092922, 1685, 1339.0
445, 73.563931, 660.701934, 36.242578, 0.029324, 1697, 1295.0
446, 75.009611, 659.150068, 41.453166, 0.146717, 1692, 1300.0
447, 74.152744, 661.301780, 38.500992, 0.136487, 1693, 1295.0
448, 70.997135, 661.302331, 42.317589, 0.047135, 1689, 1304.0
449, 71.048104, 661.155789, 42.060215, 0.062144, 1687, 1317.0
450, 72.583041, 660.381472, 37.296598, 0.052778, 1688, 1297.0
451, 71.955095, 662.381003, 40.226634, 0.118115, 1699, 1427.0
452, 71.394914, 663.699509, 35.352835, 0.064587, 1700, 1316.0
453, 73.412328, 660.727230, 36.943808, 0.027488, 1692, 1311.0
454, 69.406027, 660.601574, 31.899582, 0.073354, 1689, 1308.0
455, 72.430538, 659.721970, 41.825988, 0.114683, 1691, 1357.0
456, 78.993979, 659.503916, 31.598882, 0.129272, 1692, 1295.0
457, 72.538321, 661.439758, 33.584618, 0.061696, 1697, 1316.0
458, 75.428562, 659.686920, 35.532965, 0.034130, 1689, 1297.0
459, 72.430538, 659.721970, 41.825988, 0.150242, 1690, 1316.0
460, 72.553218, 660.362763, 40.986071, 0.121004, 1695, 1313.0
461, 71.476193, 660.777853, 41.457712, 0.106285, 1690, 1313.0
462, 70.340095, 661.245933, 41.740147, 0.046741, 1695, 1327.0
463, 72.219182, 662.417530, 37.817873, 0.095459, 1699, 1344.0
464, 73.304247, 660.167936, 41.983310, 0.095647, 1691, 1380.0
465, 71.809551, 662.416835, 44.976045, 0.069115, 1697, 1321.0
466, 66.276339, 662.539773, 43.559010, 0.143015, 1697, 1321.0
467, 74.552709, 659.463000, 35.471926, 0.092541, 1693, 1302.0
468, 72.947184, 660.320387, 40.442340, 0.043067, 1685, 1432.0
469, 69.938082, 661.422033, 34.470162, 0.101937, 1690, 1378.0
470, 70.011082, 660.289100, 38.873233, 0.130255, 1701, 1542.0
471, 70.590223, 661.347789, 45.782831, 0.100505, 1695, 1339.0
472, 68.738320, 662.602171, 41.127058, 0.107970, 1690, 1464.0
473, 73.596501, 660.770792, 33.421200, 0.069613, 1691, 1351.0
474, 66.963174, 661.332453, 46.617412, 0.185085, 1690, 1304.0
475, 72.936785, 659.664946, 38.933087, 0.101625, 1686, 1297.0
476, 68.711108, 660.978936, 43.142427, 0.139743, 1686, 1298.0
477, 73.534188, 661.335652, 35.377063, 0.035580, 1693, 1328.0
478, 72.887430, 661.119967, 39.105025, 0.025134, 1692, 1590.0
479, 72.749527, 662.777439, 42.145479, 0.084012, 1686, 1351.0
480, 74.037058, 658.721940, 37.062557, 0.066083, 1686, 1295.0
481, 72.430538, 659.721970, 41.825988, 0.033848, 1689, 1415.0
482, 71.608581, 662.630499, 41.271437, 0.081623, 1696, 1365.0
483, 69.549826, 662.739120, 37.926605, 0.147822, 1692, 1312.0
484, 69.261504, 662.755292, 33.952546, 0.064341, 1691, 1300.0
485, 71.942447, 661.627083, 33.365507, 0.073827, 1694, 1467.0
486, 75.198647, 661.599432, 29.600767, 0.065612, 1696, 1338.0
487, 71.619812, 660.663815, 35.253351, 0.030629, 1694, 1400.0
488, 69.267280, 662.505901, 39.976200, 0.056485, 1687, 1297.0
489, 71.401222, 662.334685, 37.048369, 0.058108, 1696, 1367.0
490, 68.449405, 663.164746, 37.469949, 0.073509, 1688, 1297.0
491, 69.852671, 663.111522, 40.089000, 0.076820, 1689, 1299.0
492, 71.914088, 663.732210, 39.275655, 0.085786, 1690, 1297.0
493, 63.791428, 663.771018, 44.856752, 0.098498, 1688, 1315.0
494, 68.738320, 662.602171, 41.127058, 0.085126, 1688, 1327.0
495, 77.476691, 660.786731, 29.001650, 0.073719, 1690, 1300.0
496, 72.360050, 660.955330, 34.894671, 0.023778, 1691, 1365.0
497, 70.136741, 662.333716, 44.348372, 0.186237, 1687, 1315.0
498, 70.033649, 663.318263, 38.360644, 0.111172, 1692, 1344.0
499, 73.710510, 661.754136, 33.874834, 0.037621, 1694, 1337.0
500, 73.304247, 660.167936, 41.983310, 0.067231, 1684, 1358.0
501, 67.748054, 664.160573, 35.625171, 0.071495, 1694, 1300.0
502, 70.078186, 659.597719, 44.775259, 0.136315, 1693, 1344.0
503, 70.911340, 660.906593, 40.379360, 0.068953, 1695, 1302.0
504, 72.825267, 660.730046, 36.229715, 0.044568, 1698, 1424.0
505, 67.923515, 662.882612, 34.543851, 0.101225, 1690, 1374.0
506, 70.902566, 662.357466, 35.374781, 0.066284, 1696, 1318.0
507, 73.826367, 660.984628, 32.731283, 0.061609, 1686, 1284.0
508, 71.737109, 661.582917, 37.780738, 0.053418, 1689, 1289.0
509, 69.852671, 663.111522, 40.089000, 0.052177, 1701, 1305.0
510, 70.832372, 662.224280, 41.571787, 0.064892, 1696, 1546.0
511, 71.822184, 662.407686, 37.658113, 0.222824, 1688, 1298.0
512, 70.653424, 661.576350, 44.663909, 0.064143, 1696, 1305.0
513, 70.948115, 663.124820, 41.939923, 0.074439, 1696, 1378.0
514, 68.538447, 661.393945, 44.542752, 0.116873, 1695, 1619.0
515, 73.304247, 660.167936, 41.983310, 0.059185, 1689, 1400.0
516, 68.067068, 663.985694, 40.845403, 0.119381, 1690, 1385.0
517, 72.430538, 659.721970, 41.825988, 0.068832, 1688, 1490.0
518, 69.549826, 662.739120, 37.926605, 0.162885, 1694, 1414.0
519, 69.148720, 659.901562, 48.087031, 0.075955, 1687, 1928.0
520, 73.730024, 663.038491, 30.801733, 0.047458, 1685, 1291.0
521, 72.360050, 660.955330, 34.894671, 0.067374, 1695, 1301.0
522, 69.850508, 660.136109, 38.613880, 0.120363, 1688, 1525.0
523, 74.436332, 660.567129, 38.130135, 0.064677, 1680, 1483.0
524, 71.522740, 662.442957, 39.336510, 0.073867, 1700, 1305.0
525, 71.667926, 662.980794, 40.295544, 0.033898, 1688, 1460.0
526, 70.357400, 660.368997, 39.769238, 0.229207, 1694, 1303.0
527, 68.522582, 661.971294, 42.346064, 0.105615, 1688, 1300.0
528, 72.518671, 660.373605, 36.753737, 0.046805, 1687, 1305.0
529, 72.181965, 662.075236, 39.035518, 0.110818, 1689, 1304.0
530, 74.761162, 661.198991, 34.159408, 0.036285, 1695, 1427.0
531, 75.452783, 660.331870, 34.265181, 0.070116, 1691, 1498.0
532, 79.359392, 657.697600, 38.067467, 0.106553, 1689, 1298.0
533, 68.931298, 662.895052, 43.775820, 0.074851, 1689, 1404.0
534, 69.904514, 660.095071, 39.415264, 0.116068, 1698, 1307.0
535, 72.289953, 663.350303, 36.078267, 0.119003, 1690, 1359.0
536, 74.826134, 659.567586, 31.775794, 0.027358, 1688, 1305.0
537, 75.396159, 662.239912, 32.078833, 0.060033, 1693, 1315.0
538, 73.681853, 660.311488, 33.078447, 0.032035, 1696, 1302.0
539, 72.497228, 662.285607, 35.791270, 0.065152, 1686, 1727.0
540, 71.727829, 661.497666, 32.732375, 0.067652, 1693, 1300.0
541, 73.406149, 660.885297, 41.885761, 0.052576, 1693, 1307.0
542, 70.340095, 661.245933, 41.740147, 0.057302, 1693, 1300.0
543, 71.181406, 661.898453, 39.874086, 0.055524, 1701, 1321.0
544, 70.365448, 661.330450, 39.970140, 0.081107, 1693, 1311.0
545, 69.371686, 663.083127, 36.858531, 0.071379, 1697, 1336.0
546, 73.505577, 663.143906, 28.511507, 0.084046, 1690, 1351.0
547, 73.471977, 660.666117, 36.519988, 0.056478, 1688, 1307.0
548, 72.445422, 662.750346, 36.648999, 0.138728, 1689, 1307.0
549, 72.583041, 660.381472, 37.296598, 0.063689, 1687, 1296.0
550, 72.748979, 660.145649, 39.782904, 0.081263, 1692, 1620.0
551, 69.852671, 663.111522, 40.089000, 0.055810, 1686, 1297.0
552, 69.550143, 665.228768, 36.936537, 0.354053, 1696, 1329.0
553, 77.043202, 659.621227, 35.279567, 0.084914, 1692, 1299.0
554, 71.529064, 660.173267, 39.251052, 0.075671, 1693, 1313.0
555, 69.785879, 660.387918, 35.184121, 0.050085, 1700, 1370.0
556, 70.964106, 660.685283, 35.502778, 0.118272, 1692, 1305.0
557, 72.430538, 659.721970, 41.825988, 0.100198, 1693, 1300.0
558, 72.430538, 659.721970, 41.825988, 0.031885, 1689, 1403.0
559, 73.554117, 659.879152, 38.044524, 0.066637, 1696, 1318.0
560, 77.108730, 660.335031, 33.889636, 0.102909, 1684, 1310.0
561, 71.914088, 663.732210, 39.275655, 0.059685, 1700, 1308.0
562, 70.406488, 661.673963, 35.549194, 0.091413, 1690, 1364.0
563, 68.067068, 663.985694, 40.845403, 0.157126, 1693, 1306.0
564, 74.244794, 660.788869, 33.847778, 0.071679, 1694, 1297.0
565, 75.617284, 658.825967, 30.000000, 0.055913, 1686, 1297.0
566, 69.911914, 661.236695, 39.238630, 0.099766, 1694, 1445.0
567, 70.980794, 661.237823, 37.437850, 0.056219, 1692, 1376.0
568, 71.737109, 661.582917, 37.780738, 0.073909, 1697, 1304.0
569, 72.110693, 659.967002, 42.204497, 0.090780, 1698, 1411.0
570, 75.737694, 661.001006, 25.608400, 0.053843, 1691, 1294.0
571, 70.832372, 662.224280, 41.571787, 0.058757, 1694, 1350.0
572, 69.888700, 663.339257, 40.347321, 0.063993, 1692, 1300.0
573, 70.301896, 660.234108, 39.585533, 0.118835, 1692, 1399.0
574, 73.242432, 659.925577, 37.640348, 0.058884, 1687, 1358.0
575, 75.040712, 660.453789, 35.587613, 0.048121, 1693, 1798.0
576, 70.832372, 662.224280, 41.571787, 0.044506, 1684, 1293.0
577, 70.832372, 662.224280, 41.571787, 0.072543, 1689, 1313.0
578, 71.272850, 660.337686, 40.761765, 0.080231, 1691, 1309.0
579, 75.498552, 659.763761, 30.259027, 0.027776, 1691, 1306.0
580, 77.377701, 660.526900, 32.414546, 0.074019, 1689, 1305.0
581, 73.664017, 661.199568, 32.951252, 0.053717, 1691, 1335.0
582, 77.079619, 660.351210, 33.831357, 0.062728, 1688, 1392.0
583, 71.476193, 660.777853, 41.457712, 0.091305, 1692, 1363.0
584, 73.529826, 660.250972, 40.729655, 0.051885, 1694, 1313.0
585, 65.867388, 662.671284, 48.414849, 0.084635, 1689, 1318.0
586, 73.286373, 661.146171, 38.548616, 0.070110, 1688, 1429.0
587, 74.980783, 660.044859, 27.859424, 0.045511, 1690, 1299.0
588, 72.281911, 660.297333, 40.727131, 0.096352, 1700, 1383.0
589, 72.103694, 660.261830, 44.999345, 0.101124, 1693, 1298.0
590, 73.248530, 659.629483, 36.061581, 0.067990, 1690, 1366.0
591, 70.442731, 664.721232, 38.722928, 0.169701, 1697, 1316.0
592, 76.508268, 659.851354, 35.569398, 0.065065, 1686, 1294.0
593, 73.706558, 661.659847, 37.410722, 0.056547, 1691, 1350.0
594, 71.409917, 663.589608, 37.374209, 0.139161, 1686, 1351.0
595, 73.880388, 661.015173, 35.147251, 0.037061, 1679, 1289.0
596, 68.257731, 662.335734, 43.373874, 0.119222, 1685, 1305.0
597, 73.303559, 661.047396, 39.551161, 0.015581, 1697, 1324.0
598, 72.120450, 660.873756, 35.754128, 0.037042, 1691, 1305.0
599, 76.952371, 660.694128, 33.913941, 0.061625, 1686, 1387.0
600, 73.433163, 662.030444, 36.599897, 0.049549, 1698, 1305.0
601, 73.082454, 660.607564, 36.229487, 0.112773, 1691, 1355.0
602, 70.925926, 662.143258, 30.000000, 0.063491, 1695, 1341.0
603, 72.453872, 660.941875, 35.651652, 0.045038, 1694, 1308.0
604, 71.828467, 659.666174, 32.729132, 0.071683, 1691, 1311.0
605, 78.275994, 658.157291, 34.484374, 0.186376, 1688, 1293.0
606, 73.534188, 661.335652, 35.377063, 0.087517, 1683, 1285.0
607, 72.872027, 660.688558, 36.247503, 0.058041, 1682, 1382.0
608, 73.697307, 660.958189, 37.927435, 0.190722, 1700, 1306.0
609, 75.947888, 660.175016, 30.244670, 0.066144, 1691, 1297.0
610, 68.808455, 664.446168, 37.647127, 0.216140, 1688, 1479.0
611, 71.149604, 662.023113, 44.035405, 0.065561, 1691, 1298.0
612, 75.851746, 660.242440, 33.552676, 0.055095, 1685, 1649.0
613, 67.365466, 662.516434, 45.889101, 0.145607, 1695, 1304.0
614, 73.585706, 660.224237, 34.990449, 0.058718, 1698, 1315.0
615, 68.424353, 664.825463, 43.296740, 0.178161, 1695, 1326.0
616, 73.096777, 660.454575, 38.651116, 0.047705, 1689, 1311.0
617, 71.011869, 659.508466, 40.769909, 0.124701, 1687, 1300.0
618, 70.600634, 662.188486, 38.734007, 0.055541, 1693, 1321.0
619, 75.737622, 660.849325, 34.883116, 0.033119, 1692, 1298.0
620, 73.666420, 660.273102, 38.309686, 0.032888, 1691, 1384.0
621, 69.366074, 659.942197, 45.729996, 0.078100, 1688, 1298.0
622, 75.569578, 660.196952, 40.485506, 0.080994, 1688, 1296.0
623, 72.873151, 661.029911, 34.472294, 0.075731, 1696, 1378.0
624, 68.550873, 664.334737, 34.681519, 0.096341, 1693, 1304.0
625, 73.417924, 659.737737, 36.753737, 0.039892, 1690, 1360.0
626, 70.848997, 662.266963, 39.968263, 0.173317, 1685, 1305.0
627, 72.352972, 663.550805, 33.369013, 0.095270, 1693, 1310.0
628, 69.852671, 663.111522, 40.089000, 0.068482, 1694, 1347.0
629, 72.329473, 661.705387, 33.587164, 0.070754, 1685, 1456.0
630, 72.075078, 661.545181, 35.334196, 0.042269, 1697, 1306.0
631, 75.317614, 659.990608, 33.915241, 0.039597, 1696, 1578.0
632, 73.484812, 660.705376, 36.529267, 0.042711, 1690, 1297.0
633, 69.101527, 662.648199, 35.910041, 0.083325, 1692, 1342.0
634, 77.038447, 660.798380, 30.301571, 0.046964, 1692, 1305.0
635, 72.430538, 659.721970, 41.825988, 0.129992, 1694, 1388.0
636, 72.390692, 661.713963, 37.175453, 0.024932, 1696, 1310.0
637, 70.766211, 660.536153, 42.336889, 0.167580, 1694, 1318.0
638, 73.934758, 663.108228, 31.616423, 0.058779, 1686, 1641.0
639, 68.271496, 659.275478, 48.408971, 0.152479, 1688, 1328.0
640, 77.141916, 660.571588, 28.495724, 0.064422, 1692, 1297.0
641, 73.826367, 660.984628, 32.731283, 0.042560, 1690, 1300.0
642, 69.749220, 659.172122, 41.780565, 0.112922, 1692, 1476.0
643, 73.826367, 660.984628, 32.731283, 0.049748, 1685, 1328.0
644, 74.170378, 659.855820, 35.131194, 0.038104, 1694, 1311.0
645, 71.727571, 664.541378, 32.250473, 0.072919, 1689, 1309.0
646, 72.495933, 660.093723, 40.751152, 0.033643, 1686, 1302.0
647, 71.411254, 662.693563, 32.936848, 0.065560, 1694, 1560.0
648, 72.430538, 659.721970, 41.825988, 0.073106, 1688, 1308.0
649, 72.038084, 660.298521, 36.410640, 0.092550, 1690, 1301.0
650, 68.309054, 660.764435, 38.725917, 0.128559, 1695, 1397.0
651, 71.234240, 664.103640, 31.751368, 0.032606, 1695, 1301.0
652, 73.484473, 663.980113, 31.797886, 0.073624, 1695, 1449.0
653, 70.435560, 658.963574, 40.623016, 0.054440, 1696, 1362.0
654, 70.911340, 660.906593, 40.379360, 0.100923, 1701, 1384.0
655, 69.236760, 661.103213, 33.712763, 0.050625, 1690, 1321.0
656, 62.937117, 665.439975, 48.009346, 0.067848, 1691, 1354.0
657, 71.916741, 661.742688, 33.868875, 0.102411, 1687, 1287.0
658, 70.873443, 660.388940, 40.058200, 0.124154, 1701, 1327.0
659, 73.263858, 659.351643, 41.049239, 0.078210, 1689, 1329.0
660, 68.257023, 661.472477, 42.253046, 0.085640, 1691, 1317.0
661, 69.951694, 663.773691, 46.603620, 0.056415, 1686, 1310.0
662, 70.741192, 661.113117, 37.205134, 0.058860, 1700, 1305.0
663, 68.067068, 663.985694, 40.845403, 0.169627, 1692, 1451.0
664, 76.737850, 657.339431, 34.941815, 0.048004, 1689, 1486.0
665, 72.809433, 663.433281, 32.128146, 0.053744, 1697, 1346.0
666, 68.406365, 661.728671, 43.713033, 0.056705, 1685, 1407.0
667, 67.650906, 664.632937, 40.981815, 0.158440, 1686, 1318.0
668, 68.184449, 661.730574, 41.255691, 0.130539, 1693, 1304.0
669, 74.373280, 660.171039, 37.093867, 0.053851, 1694, 1319.0
670, 68.486137, 659.920384, 43.877873, 0.102371, 1692, 1304.0
671, 69.872294, 662.612811, 40.031148, 0.063579, 1696, 1366.0
672, 76.947388, 658.352976, 34.655222, 0.050984, 1690, 1308.0
673, 68.111884, 657.762727, 45.663038, 0.142579, 1694, 1369.0
674, 74.588134, 657.514989, 36.887497, 0.028611, 1690, 1356.0
675, 75.202231, 659.552421, 36.964188, 0.049743, 1681, 1289.0
676, 68.379583, 665.080623, 37.177355, 0.190150, 1692, 1337.0
677, 71.459291, 663.705502, 43.083927, 0.082113, 1693, 1311.0
678, 74.391255, 660.186603, 37.037316, 0.040211, 1698, 1312.0
679, 65.425916, 662.739592, 46.776100, 0.119189, 1691, 1300.0
680, 70.715993, 661.465415, 44.275798, 0.101442, 1692, 1359.0
681, 70.474802, 658.287211, 41.756552, 0.108784, 1688, 1313.0
682, 72.120450, 660.873756, 35.754128, 0.081502, 1690, 1575.0
683, 72.289953, 663.350303, 36.078267, 0.059441, 1694, 1301.0
684, 69.529062, 662.827286, 36.526054, 0.041587, 1694, 1364.0
685, 68.827653, 662.458915, 41.340038, 0.108406, 1694, 1413.0
686, 68.111884, 657.762727, 45.663038, 0.167265, 1693, 1312.0
687, 71.846608, 660.119677, 40.553204, 0.093156, 1695, 1303.0
688, 72.430538, 659.721970, 41.825988, 0.047348, 1691, 1333.0
689, 68.763060, 657.690748, 46.107961, 0.155967, 1685, 1314.0
690, 73.417924, 659.737737, 36.753737, 0.043629, 1693, 1762.0
691, 72.430538, 659.721970, 41.825988, 0.092755, 1690, 1414.0
692, 72.724580, 662.273687, 36.627121, 0.058660, 1698, 1698.0
693, 72.674185, 660.880633, 35.801568, 0.052637, 1695, 1312.0
694, 70.669843, 661.457254, 41.638517, 0.079069, 1693, 1311.0
695, 72.947184, 660.320387, 40.442340, 0.142371, 1692, 1304.0
696, 73.607629, 662.732110, 32.566902, 0.071079, 1694, 1321.0
697, 72.430538, 659.721970, 41.825988, 0.036339, 1697, 1323.0
698, 69.549826, 662.739120, 37.926605, 0.162938, 1684, 1306.0
699, 67.467369, 662.602266, 38.963060, 0.100576, 1686, 1500.0
700, 73.417924, 659.737737, 36.753737, 0.047215, 1691, 1426.0
701, 73.190829, 660.510755, 37.534259, 0.074173, 1692, 1418.0
702, 72.329473, 661.705387, 33.587164, 0.054214, 1687, 1297.0
703, 68.111884, 657.762727, 45.663038, 0.153956, 1692, 1302.0
704, 70.532152, 663.487750, 43.459182, 0.134805, 1682, 1327.0
705, 69.916832, 664.008484, 37.784309, 0.124393, 1691, 1490.0
706, 72.395265, 662.433742, 29.873098, 0.043384, 1697, 1312.0
707, 72.707866, 662.478074, 36.551118, 0.038383, 1696, 1341.0
708, 67.606812, 658.870884, 44.931069, 0.225112, 1686, 1299.0
709, 73.572015, 660.612721, 41.827647, 0.076737, 1686, 1392.0
710, 72.103694, 660.261830, 44.999345, 0.094840, 1691, 1335.0
711, 71.926587, 661.298790, 32.679211, 0.071097, 1697, 1317.0
712, 69.022588, 664.888269, 35.412724, 0.047138, 1695, 1315.0
713, 67.901548, 661.549300, 42.478308, 0.117136, 1691, 1323.0
714, 74.039857, 661.034962, 39.687956, 0.036560, 1691, 1321.0
715, 69.632037, 660.716007, 42.747189, 0.124304, 1692, 1324.0
716, 72.101685, 660.201830, 39.539590, 0.032399, 1689, 1367.0
717, 72.430538, 659.721970, 41.825988, 0.158655, 1693, 1315.0
718, 72.887430, 661.119967, 39.105025, 0.107633, 1686, 1352.0
719, 68.947336, 657.659424, 46.227886, 0.243358, 1691, 1311.0
720, 69.672450, 661.984814, 40.753064, 0.080562, 1695, 1659.0
721, 72.181379, 659.488942, 42.810706, 0.186030, 1699, 2080.0
722, 67.917710, 663.077603, 36.186090, 0.121600, 1688, 1401.0
723, 67.186040, 658.541665, 50.115040, 0.172318, 1691, 1310.0
724, 76.424027, 659.855444, 34.653020, 0.048204, 1688, 1313.0
725, 68.192453, 665.583475, 38.665161, 0.139343, 1690, 1335.0
726, 73.191049, 657.694928, 43.476181, 0.059927, 1683, 1290.0
727, 72.281911, 660.297333, 40.727131, 0.035726, 1686, 1321.0
728, 73.194105, 661.629793, 32.094782, 0.056224, 1698, 1400.0
729, 74.809452, 659.059517, 33.204272, 0.054528, 1692, 1301.0
730, 70.788698, 660.343438, 43.748211, 0.119369, 1698, 1423.0
731, 65.808906, 663.490037, 40.036162, 0.175473, 1693, 1304.0
732, 76.055532, 661.095670, 33.707172, 0.065529, 1689, 1322.0
733, 70.832372, 662.224280, 41.571787, 0.066603, 1692, 1303.0
734, 68.832611, 660.737590, 46.738081, 0.083559, 1692, 1335.0
735, 70.925926, 662.143258, 30.000000, 0.084063, 1691, 1400.0
736, 73.154529, 661.343031, 33.793062, 0.098062, 1697, 1319.0
737, 69.955575, 662.787361, 36.807308, 0.106790, 1683, 1308.0
738, 69.101527, 662.648199, 35.910041, 0.075229, 1687, 1337.0
739, 72.767639, 663.101755, 43.075984, 0.048995, 1692, 1392.0
740, 72.362430, 663.282639, 36.516425, 0.064323, 1692, 1302.0
741, 72.430538, 659.721970, 41.825988, 0.069320, 1691, 1343.0
742, 69.190006, 663.141813, 41.523948, 0.064312, 1695, 1544.0
743, 73.977721, 659.434842, 36.742349, 0.073186, 1690, 1537.0
744, 73.242432, 659.925577, 37.640348, 0.045548, 1694, 1324.0
745, 68.184449, 661.730574, 41.255691, 0.081382, 1688, 1365.0
746, 69.726217, 660.054978, 34.019385, 0.062381, 1686, 1327.0
747, 69.236368, 662.876923, 45.046743, 0.121775, 1684, 1328.0
748, 69.000407, 658.353866, 46.646595, 0.185141, 1690, 1390.0
749, 67.187657, 663.951347, 36.733069, 0.079145, 1694, 1336.0
750, 70.832372, 662.224280, 41.571787, 0.064998, 1691, 1720.0
751, 74.801682, 659.708562, 31.714921, 0.052991, 1681, 1294.0
752, 68.981909, 663.230153, 42.450396, 0.105624, 1690, 1345.0
753, 67.872470, 662.375398, 36.067009, 0.142547, 1697, 1317.0
754, 64.935714, 660.791141, 48.216437, 0.140699, 1697, 1408.0
755, 70.181548, 658.559300, 40.139563, 0.155013, 1688, 1362.0
756, 69.437246, 661.663399, 43.104869, 0.031336, 1690, 2063.0
757, 70.832372, 662.224280, 41.571787, 0.046282, 1694, 2036.0
758, 68.067068, 663.985694, 40.845403, 0.152448, 1696, 1684.0
759, 69.549826, 662.739120, 37.926605, 0.120630, 1691, 1732.0
760, 69.906036, 663.178402, 39.599189, 0.132139, 1693, 2104.0
761, 75.919301, 658.428127, 37.454876, 0.049786, 1688, 1979.0
762, 72.574343, 661.719859, 35.977642, 0.092364, 1700, 2087.0
763, 69.000407, 658.353866, 46.646595, 0.141510, 1696, 1854.0
764, 67.848457, 663.240230, 41.356867, 0.175522, 1690, 1347.0
765, 73.417924, 659.737737, 36.753737, 0.059743, 1687, 1310.0
766, 67.641327, 662.549390, 39.110588, 0.180035, 1688, 1369.0
767, 69.916268, 662.328181, 42.965946, 0.117068, 1690, 1678.0
768, 72.936785, 659.664946, 38.933087, 0.062046, 1695, 1730.0
769, 74.526068, 660.265135, 36.804206, 0.074573, 1690, 1309.0
770, 72.125238, 662.264409, 37.860991, 0.055135, 1695, 1312.0
771, 74.416475, 660.002450, 34.563497, 0.046322, 1695, 1815.0
772, 71.355326, 659.828941, 44.228539, 0.072747, 1688, 2239.0
773, 71.667048, 664.186119, 35.255707, 0.118085, 1695, 1381.0
774, 73.304247, 660.167936, 41.983310, 0.045841, 1689, 1298.0
775, 67.950557, 661.005471, 41.099035, 0.071706, 1695, 1929.0
776, 71.355326, 659.828941, 44.228539, 0.091079, 1690, 1621.0
777, 70.987735, 661.214242, 38.279593, 0.092914, 1697, 1682.0
778, 67.415682, 661.421070, 41.754254, 0.033051, 1695, 1405.0
779, 72.430538, 659.721970, 41.825988, 0.067930, 1681, 1294.0
780, 71.524581, 663.331050, 39.244543, 0.046110, 1691, 1425.0
781, 76.767423, 659.592191, 32.602202, 0.069616, 1683, 1291.0
782, 73.910596, 660.901991, 35.991955, 0.039172, 1700, 1319.0
783, 70.091228, 661.845232, 41.088643, 0.097924, 1699, 1484.0
784, 69.235296, 663.565791, 43.222717, 0.098594, 1694, 1317.0
785, 72.362430, 663.282639, 36.516425, 0.078234, 1694, 1368.0
786, 67.711343, 658.778479, 45.670455, 0.085002, 1692, 1310.0
787, 68.257023, 661.472477, 42.253046, 0.048928, 1689, 1324.0
788, 67.307558, 660.762884, 44.781061, 0.139675, 1696, 1307.0
789, 71.853999, 660.331469, 41.259639, 0.072629, 1695, 1302.0
790, 71.382038, 662.263903, 31.366073, 0.035308, 1684, 1291.0
791, 65.296306, 664.584559, 44.957413, 0.064220, 1698, 1378.0
792, 71.914088, 663.732210, 39.275655, 0.062865, 1691, 1300.0
793, 74.416475, 660.002450, 34.563497, 0.028348, 1693, 1400.0
794, 67.634562, 660.029681, 44.195502, 0.096246, 1690, 1304.0
795, 69.148720, 659.901562, 48.087031, 0.065572, 1691, 1365.0
796, 73.248530, 659.629483, 36.061581, 0.089902, 1687, 1327.0
797, 66.238308, 663.254404, 37.567734, 0.197009, 1689, 1315.0
798, 72.430538, 659.721970, 41.825988, 0.037800, 1691, 1652.0
799, 69.148720, 659.901562, 48.087031, 0.131016, 1682, 1300.0
800, 73.236507, 659.760789, 41.905531, 0.069054, 1695, 1304.0
801, 69.449626, 662.363581, 39.312762, 0.048022, 1694, 1382.0
802, 71.928033, 658.680876, 39.759124, 0.061517, 1682, 1293.0
803, 68.706506, 656.924973, 46.865049, 0.163247, 1693, 1318.0
804, 69.046929, 662.007089, 42.600538, 0.123114, 1690, 1393.0
805, 72.409219, 659.971329, 42.318948, 0.095320, 1695, 1324.0
806, 73.417924, 659.737737, 36.753737, 0.044544, 1696, 1383.0
807, 71.409251, 659.286051, 43.147554, 0.102051, 1688, 1300.0
808, 72.956121, 661.490906, 35.293147, 0.037260, 1689, 1356.0
809, 70.891187, 661.154799, 43.189087, 0.119328, 1683, 1293.0
810, 67.754039, 657.236249, 45.393679, 0.274005, 1693, 1312.0
811, 68.257023, 661.472477, 42.253046, 0.046419, 1697, 1302.0
812, 72.329473, 661.705387, 33.587164, 0.052352, 1691, 1310.0
813, 68.827653, 662.458915, 41.340038, 0.089241, 1684, 1297.0
814, 68.640439, 658.600515, 47.121746, 0.138869, 1687, 1328.0
815, 71.386322, 659.820410, 42.475253, 0.060355, 1685, 1367.0
816, 68.233295, 662.664205, 42.504650, 0.137804, 1688, 1310.0
817, 69.267280, 662.505901, 39.976200, 0.058806, 1697, 1371.0
818, 69.525853, 659.605579, 40.529863, 0.041427, 1688, 1298.0
819, 69.953581, 660.618066, 34.610153, 0.074388, 1688, 1296.0
820, 65.981282, 662.350396, 41.004861, 0.123914, 1693, 1565.0
821, 67.938032, 659.356385, 43.836773, 0.120170, 1692, 1300.0
822, 70.600634, 662.188486, 38.734007, 0.054818, 1691, 1407.0
823, 73.577840, 659.274144, 35.186982, 0.070333, 1694, 1329.0
824, 67.911100, 663.029763, 38.889478, 0.066443, 1699, 1377.0
825, 70.379302, 660.319836, 33.621061, 0.054771, 1698, 1377.0
826, 76.462022, 659.696910, 33.954728, 0.048232, 1692, 1299.0
827, 71.740055, 660.695290, 35.638662, 0.062721, 1698, 1379.0
828, 64.894926, 662.232820, 42.325917, 0.153183, 1694, 1306.0
829, 68.233295, 662.664205, 42.504650, 0.081495, 1691, 1382.0
830, 72.542964, 661.669444, 34.331540, 0.048308, 1694, 1294.0
831, 69.938082, 661.422033, 34.470162, 0.080289, 1693, 1309.0
832, 69.616777, 660.690637, 34.447416, 0.063954, 1690, 1315.0
833, 67.549305, 659.005777, 46.468621, 0.423772, 1699, 1378.0
834, 68.111884, 657.762727, 45.663038, 0.233559, 1694, 1305.0
835, 67.872470, 662.375398, 36.067009, 0.126561, 1693, 1301.0
836, 70.989241, 660.171291, 42.092213, 0.102463, 1696, 1360.0
837, 68.402191, 662.111764, 42.606518, 0.128192, 1688, 1299.0
838, 68.259130, 657.078909, 44.862029, 0.166212, 1689, 1581.0
839, 68.184449, 661.730574, 41.255691, 0.086636, 1694, 1743.0
840, 71.901913, 659.614700, 40.105575, 0.074683, 1691, 1315.0
841, 68.652678, 663.508914, 34.288156, 0.131209, 1688, 1366.0
842, 70.281786, 659.197464, 40.539845, 0.075309, 1687, 1327.0
843, 68.067068, 663.985694, 40.845403, 0.104601, 1690, 1404.0
844, 72.133603, 663.023449, 32.309144, 0.048151, 1682, 1314.0
845, 75.129727, 658.515550, 34.404485, 0.045293, 1682, 1292.0
846, 62.023366, 663.026322, 44.618116, 0.163925, 1695, 1404.0
847, 75.627312, 660.379775, 35.349453, 0.017309, 1697, 1294.0
848, 66.967349, 659.976038, 48.434330, 0.212178, 1700, 1401.0
849, 67.383349, 663.040827, 39.541397, 0.065550, 1697, 1318.0
850, 68.763060, 657.690748, 46.107961, 0.043592, 1691, 1311.0
851, 68.111884, 657.762727, 45.663038, 0.134905, 1689, 1303.0
852, 70.925926, 662.143258, 30.000000, 0.081076, 1697, 1381.0
853, 73.439991, 662.882437, 32.398029, 0.057148, 1694, 1371.0
854, 65.521681, 655.412063, 48.775935, 0.526181, 1686, 1292.0
855, 72.075078, 661.545181, 35.334196, 0.053602, 1696, 1302.0
856, 63.830794, 661.802956, 44.685935, 0.125969, 1698, 1304.0
857, 68.706506, 656.924973, 46.865049, 0.134253, 1693, 1381.0
858, 69.040568, 663.685318, 41.430102, 0.118432, 1690, 1303.0
859, 72.902616, 662.067749, 36.571897, 0.069525, 1691, 1319.0
860, 73.154529, 661.343031, 33.793062, 0.095218, 1691, 1301.0
861, 70.902566, 662.357466, 35.374781, 0.063262, 1701, 1313.0
862, 71.048104, 661.155789, 42.060215, 0.086756, 1693, 1383.0
863, 69.698409, 662.993217, 37.946800, 0.066206, 1696, 1312.0
864, 69.916832, 664.008484, 37.784309, 0.112114, 1695, 1372.0
865, 69.549826, 662.739120, 37.926605, 0.192967, 1687, 1314.0
866, 70.989241, 660.171291, 42.092213, 0.051180, 1691, 1303.0
867, 70.883527, 661.877560, 36.532355, 0.040900, 1690, 1299.0
868, 72.044304, 660.566717, 40.821673, 0.076301, 1695, 1369.0
869, 72.760321, 662.043636, 36.227641, 0.047369, 1697, 1407.0
870, 72.858212, 661.557117, 35.056758, 0.077203, 1697, 1304.0
871, 69.956544, 660.775488, 36.718281, 0.060953, 1687, 1298.0
872, 70.997135, 661.302331, 42.317589, 0.048687, 1692, 1315.0
873, 71.144124, 660.245430, 38.124391, 0.088549, 1688, 1358.0
874, 70.228032, 661.792627, 37.534585, 0.046594, 1689, 1357.0
875, 69.000407, 658.353866, 46.646595, 0.136117, 1687, 1302.0
876, 71.386322, 659.820410, 42.475253, 0.049780, 1688, 1304.0
877, 72.454279, 661.554803, 33.536050, 0.054316, 1688, 1309.0
878, 70.263024, 663.958785, 38.023545, 0.198312, 1689, 1308.0
879, 69.683781, 663.556186, 33.295753, 0.126001, 1691, 1360.0
880, 67.911100, 663.029763, 38.889478, 0.046489, 1695, 1320.0
881, 69.286428, 661.681540, 39.065868, 0.103413, 1698, 1307.0
882, 67.397106, 662.852947, 41.502116, 0.081658, 1684, 1295.0
883, 72.430538, 659.721970, 41.825988, 0.074332, 1685, 1297.0
884, 68.433474, 660.172079, 44.900355, 0.151294, 1685, 1644.0
885, 70.340095, 661.245933, 41.740147, 0.036269, 1683, 1984.0
886, 69.341914, 661.350101, 37.554706, 0.089525, 1687, 1568.0
887, 68.860141, 661.705051, 43.976181, 0.160444, 1696, 1344.0
888, 70.340095, 661.245933, 41.740147, 0.084417, 1680, 1492.0
889, 68.827653, 662.458915, 41.340038, 0.102377, 1694, 1316.0
890, 70.228032, 661.792627, 37.534585, 0.039149, 1691, 1339.0
891, 72.430538, 659.721970, 41.825988, 0.088844, 1689, 1328.0
892, 68.429752, 662.162925, 43.902523, 0.142698, 1698, 1324.0
893, 72.324694, 659.328295, 41.724875, 0.029459, 1694, 1367.0
894, 67.394451, 663.845406, 44.948518, 0.213612, 1691, 1366.0
895, 73.664017, 661.199568, 32.951252, 0.042464, 1693, 1296.0
896, 68.294353, 661.267832, 41.018007, 0.209526, 1700, 1305.0
897, 73.596501, 660.770792, 33.421200, 0.061612, 1693, 1310.0
898, 73.295174, 660.319402, 35.813243, 0.040057, 1687, 1293.0
899, 76.830594, 660.530939, 30.395279, 0.074185, 1689, 1447.0
900, 73.417924, 659.737737, 36.753737, 0.069408, 1694, 1297.0
901, 72.324694, 659.328295, 41.724875, 0.065105, 1694, 1306.0
902, 69.179636, 657.711262, 41.606754, 0.181002, 1697, 1303.0
903, 70.989241, 660.171291, 42.092213, 0.055661, 1694, 1774.0
904, 69.785879, 660.387918, 35.184121, 0.048038, 1685, 1297.0
905, 71.901913, 659.614700, 40.105575, 0.082875, 1690, 1309.0
906, 68.432799, 659.342964, 50.346665, 0.187072, 1687, 1354.0
907, 68.224739, 662.145311, 40.829120, 0.107994, 1689, 1321.0
908, 69.953581, 660.618066, 34.610153, 0.048067, 1688, 1299.0
909, 69.148720, 659.901562, 48.087031, 0.053297, 1689, 1375.0
910, 67.754039, 657.236249, 45.393679, 0.193384, 1692, 1304.0
911, 67.389693, 658.778934, 46.956422, 0.130071, 1694, 1308.0
912, 71.318293, 660.568064, 42.505759, 0.133975, 1686, 1298.0
913, 70.814367, 662.817287, 33.485517, 0.135271, 1694, 1299.0
914, 72.538321, 661.439758, 33.584618, 0.030106, 1696, 1539.0
915, 66.877662, 663.191089, 42.591367, 0.230951, 1691, 1310.0
916, 67.022772, 663.191656, 42.141727, 0.187772, 1696, 1319.0
917, 75.524820, 658.903224, 36.075635, 0.041991, 1691, 1299.0
918, 70.624869, 662.653778, 33.521271, 0.136642, 1686, 1315.0
919, 68.111884, 657.762727, 45.663038, 0.145110, 1692, 1303.0
920, 68.266017, 660.372468, 47.251332, 0.102315, 1689, 1307.0
921, 68.449405, 663.164746, 37.469949, 0.071771, 1694, 1357.0
922, 71.467846, 660.004042, 35.893476, 0.040276, 1697, 1305.0
923, 70.832372, 662.224280, 41.571787, 0.143951, 1701, 1307.0
924, 68.005054, 662.440407, 45.132311, 0.053628, 1688, 1641.0
925, 72.120450, 660.873756, 35.754128, 0.070816, 1693, 1302.0
926, 70.168675, 659.896548, 40.841190, 0.068121, 1689, 1323.0
927, 70.102930, 662.388265, 39.240174, 0.051746, 1687, 1294.0
928, 68.257023, 661.472477, 42.253046, 0.094952, 1694, 1296.0
929, 73.154529, 661.343031, 33.793062, 0.121078, 1690, 1375.0
930, 71.006504, 660.712037, 35.994552, 0.054751, 1690, 1385.0
931, 68.699826, 660.453626, 41.821040, 0.089294, 1696, 1374.0
932, 74.458307, 660.139503, 37.968116, 0.027366, 1696, 1314.0
933, 67.901548, 661.549300, 42.478308, 0.053519, 1681, 1308.0
934, 75.027386, 660.345794, 36.140895, 0.022953, 1694, 1302.0
935, 72.492915, 659.448344, 48.202035, 0.067752, 1684, 1479.0
936, 75.165727, 661.460849, 29.709502, 0.064698, 1689, 1298.0
937, 76.709226, 660.375996, 31.380466, 0.114866, 1688, 1313.0
938, 74.263615, 660.006167, 36.830622, 0.076090, 1690, 1299.0
939, 72.329473, 661.705387, 33.587164, 0.032736, 1695, 1308.0
940, 73.627971, 661.560127, 32.203986, 0.029855, 1688, 1297.0
941, 72.430538, 659.721970, 41.825988, 0.082639, 1692, 1305.0
942, 70.857926, 660.215149, 43.381472, 0.115212, 1688, 1297.0
943, 69.175971, 663.181901, 33.922468, 0.036238, 1691, 1398.0
944, 70.630126, 662.049894, 37.057595, 0.075212, 1696, 1318.0
945, 73.471977, 660.666117, 36.519988, 0.037215, 1695, 1313.0
946, 65.425916, 662.739592, 46.776100, 0.112897, 1695, 1359.0
947, 70.948682, 665.217762, 34.590347, 0.115588, 1692, 1372.0
948, 72.637587, 660.799754, 37.375587, 0.064701, 1694, 1368.0
949, 69.881564, 661.115526, 34.836518, 0.123000, 1684, 1296.0
950, 68.406365, 661.728671, 43.713033, 0.121357, 1685, 1305.0
951, 71.652441, 660.524013, 36.074138, 0.050436, 1691, 1367.0
952, 71.524581, 663.331050, 39.244543, 0.048753, 1689, 1306.0
953, 71.901913, 659.614700, 40.105575, 0.097483, 1689, 1318.0
954, 69.456053, 663.121057, 44.750137, 0.101280, 1693, 1311.0
955, 69.218191, 664.348904, 34.897986, 0.075083, 1693, 1296.0
956, 68.951229, 663.691054, 41.482867, 0.095766, 1687, 1293.0
957, 71.720825, 655.401357, 47.723635, 0.078713, 1685, 1299.0
958, 75.465562, 659.467714, 35.491690, 0.035268, 1689, 1358.0
959, 70.185347, 661.163150, 40.232914, 0.076906, 1689, 1319.0
960, 69.549826, 662.739120, 37.926605, 0.103467, 1694, 1305.0
961, 68.233295, 662.664205, 42.504650, 0.116472, 1694, 1315.0
962, 74.230730, 657.155776, 38.137945, 0.081132, 1690, 1311.0
963, 68.870533, 660.719619, 46.833465, 0.052735, 1694, 1375.0
964, 71.048104, 661.155789, 42.060215, 0.086559, 1686, 1296.0
965, 73.283268, 658.248127, 40.419611, 0.042722, 1691, 1318.0
966, 71.737109, 661.582917, 37.780738, 0.052522, 1698, 1299.0
967, 68.111884, 657.762727, 45.663038, 0.223257, 1691, 1635.0
968, 71.790893, 660.618372, 35.611737, 0.087164, 1694, 1301.0
969, 73.702299, 659.383882, 38.958427, 0.028347, 1695, 1312.0
970, 74.057511, 657.543840, 36.001143, 0.060428, 1690, 1298.0
971, 72.670182, 659.927396, 41.319887, 0.076461, 1693, 1302.0
972, 69.953581, 660.618066, 34.610153, 0.044143, 1691, 1368.0
973, 72.329473, 661.705387, 33.587164, 0.057675, 1691, 1299.0
974, 69.815165, 661.574494, 40.032417, 0.100820, 1689, 1381.0
975, 68.279972, 659.145921, 45.984558, 0.159573, 1692, 1301.0
976, 69.168326, 661.066538, 46.100644, 0.064417, 1689, 1307.0
977, 71.092604, 660.717335, 42.621635, 0.108171, 1695, 1305.0
978, 68.406365, 661.728671, 43.713033, 0.050687, 1698, 1310.0
979, 72.430538, 659.721970, 41.825988, 0.079460, 1696, 1306.0
980, 69.397091, 660.539742, 43.671815, 0.139921, 1695, 1320.0
981, 71.099144, 662.232296, 39.703207, 0.101586, 1691, 1298.0
982, 68.066830, 662.932037, 44.707931, 0.121250, 1695, 1305.0
983, 69.310319, 662.995752, 40.041004, 0.056439, 1691, 1501.0
984, 68.111884, 657.762727, 45.663038, 0.128938, 1699, 1308.0
985, 68.111884, 657.762727, 45.663038, 0.097396, 1698, 1304.0
986, 69.912159, 660.717566, 39.869883, 0.056393, 1690, 1297.0
987, 69.067668, 661.826674, 43.894213, 0.171318, 1691, 1313.0
988, 69.639281, 660.103990, 37.595515, 0.075432, 1696, 1518.0
989, 69.449626, 662.363581, 39.312762, 0.081543, 1686, 1304.0
990, 68.715384, 661.460130, 41.568514, 0.136072, 1694, 1305.0
991, 68.870533, 660.719619, 46.833465, 0.087082, 1689, 1305.0
992, 72.748979, 660.145649, 39.782904, 0.059279, 1693, 1297.0
993, 70.183473, 664.529213, 39.471905, 0.099805, 1693, 1308.0
994, 70.157353, 660.689604, 39.266646, 0.124608, 1691, 1299.0
995, 72.281911, 660.297333, 40.727131, 0.063297, 1692, 1316.0
996, 73.111274, 662.435291, 35.711753, 0.068655, 1690, 1295.0
997, 72.497228, 662.285607, 35.791270, 0.077798, 1690, 1290.0
998, 68.067068, 663.985694, 40.845403, 0.100475, 1687, 1299.0
999, 68.397011, 659.035598, 42.581244, 0.059389, 1696, 1366.0
