#idx, x0, x1, x2, y, f_neval, total_time (us), 
0, 68.453544, 665.520316, 38.379453, 0.108602, 2713, 2058.0
1, 71.597900, 660.270913, 46.445557, 0.102642, 2693, 2112.0
2, 74.810847, 661.362131, 35.416519, 0.042883, 2703, 2043.0
3, 70.518907, 661.135031, 39.794705, 0.078861, 2713, 2137.0
4, 71.054006, 662.449885, 38.718502, 0.107849, 2708, 2075.0
5, 76.486343, 660.989758, 28.338583, 0.034151, 2712, 2254.0
6, 69.219410, 662.297505, 45.085942, 0.085430, 2721, 2063.0
7, 74.811759, 659.616710, 43.753646, 0.081901, 2700, 2044.0
8, 69.219517, 662.086763, 42.063112, 0.136490, 2713, 2052.0
9, 70.455443, 661.377822, 39.820026, 0.070309, 2714, 2089.0
10, 73.675733, 659.999252, 39.387378, 0.086334, 2709, 2044.0
11, 78.638662, 660.619013, 31.081564, 0.081910, 2707, 2060.0
12, 75.037104, 659.876691, 36.649103, 0.062860, 2704, 2190.0
13, 77.018494, 659.630792, 31.140802, 0.053162, 2711, 2039.0
14, 74.203708, 660.514527, 38.316164, 0.052118, 2705, 2057.0
15, 73.473805, 660.456469, 35.821138, 0.044375, 2702, 2046.0
16, 75.212765, 660.323104, 32.595238, 0.045348, 2708, 2105.0
17, 76.496586, 661.062274, 28.727785, 0.038065, 2710, 2045.0
18, 73.837222, 659.608898, 35.967670, 0.035189, 2700, 2047.0
19, 76.682836, 660.797194, 34.748321, 0.088196, 2702, 2038.0
20, 75.792461, 659.888836, 33.867849, 0.074479, 2709, 2054.0
21, 74.728425, 661.540438, 29.054544, 0.065728, 2711, 2046.0
22, 70.562736, 661.619187, 38.990665, 0.103716, 2717, 2050.0
23, 72.638066, 659.919399, 39.253644, 0.068140, 2707, 2078.0
24, 70.981842, 662.394105, 41.831924, 0.086136, 2708, 2052.0
25, 73.745789, 659.414674, 38.012606, 0.060486, 2706, 2043.0
26, 69.873476, 660.370864, 42.957044, 0.194254, 2699, 2043.0
27, 67.803789, 660.948613, 45.997972, 0.148316, 2715, 2770.0
28, 71.792591, 660.088200, 38.984331, 0.072694, 2715, 3206.0
29, 72.210570, 660.511199, 41.968801, 0.075143, 2711, 2150.0
30, 72.802214, 660.153976, 39.249392, 0.062281, 2715, 2118.0
31, 68.979449, 662.552334, 42.233183, 0.136812, 2711, 2064.0
32, 78.319555, 658.547653, 32.512737, 0.057129, 2709, 2213.0
33, 75.288442, 658.681971, 35.099065, 0.045192, 2708, 2072.0
34, 72.060312, 660.412043, 43.296260, 0.069345, 2717, 2035.0
35, 71.744406, 662.742535, 38.764368, 0.040826, 2717, 2115.0
36, 67.678021, 658.903917, 48.571144, 0.173488, 2716, 2054.0
37, 72.570144, 659.464109, 41.012680, 0.037422, 2704, 2100.0
38, 70.248920, 658.981587, 46.299344, 0.061024, 2705, 2486.0
39, 72.612385, 660.206212, 35.736868, 0.066059, 2711, 2045.0
40, 67.670386, 662.632756, 42.009776, 0.074493, 2714, 2047.0
41, 70.836239, 662.454723, 37.876485, 0.071487, 2724, 2057.0
42, 69.786315, 663.559956, 35.048876, 0.101871, 2726, 2050.0
43, 71.768887, 661.049894, 43.535225, 0.072383, 2719, 2053.0
44, 70.738822, 661.634503, 40.725424, 0.075528, 2709, 2116.0
45, 71.181036, 661.578253, 38.350393, 0.040967, 2713, 2052.0
46, 70.929338, 660.348200, 43.891801, 0.145464, 2711, 2047.0
47, 77.031148, 659.291050, 32.030588, 0.073985, 2709, 2064.0
48, 72.221239, 660.733475, 41.051002, 0.052710, 2711, 2105.0
49, 76.731656, 658.669884, 30.447173, 0.021193, 2707, 2040.0
50, 68.229782, 660.826034, 41.957653, 0.164739, 2710, 2055.0
51, 70.862970, 659.651056, 42.401629, 0.139427, 2702, 2041.0
52, 69.579306, 662.056424, 37.532349, 0.062144, 2718, 2046.0
53, 72.722059, 661.014067, 37.445752, 0.047787, 2717, 2062.0
54, 75.421717, 659.670784, 31.137471, 0.041710, 2706, 2076.0
55, 69.608939, 659.566901, 44.770016, 0.076817, 2718, 2131.0
56, 70.166921, 662.775520, 43.957760, 0.077291, 2714, 2057.0
57, 66.343243, 659.402437, 45.915459, 0.222229, 2708, 2105.0
58, 69.835284, 661.009390, 45.283996, 0.121751, 2712, 2047.0
59, 73.064991, 660.733379, 35.314131, 0.037225, 2716, 2133.0
60, 73.449670, 660.083705, 37.506011, 0.061600, 2708, 2050.0
61, 74.303065, 660.862736, 31.735257, 0.034999, 2712, 2045.0
62, 68.937422, 662.139779, 36.503138, 0.066466, 2716, 2050.0
63, 77.106755, 659.232400, 29.046448, 0.073076, 2707, 2098.0
64, 73.001207, 659.394658, 44.785420, 0.142279, 2694, 2038.0
65, 70.093680, 659.356123, 38.712225, 0.069655, 2707, 2043.0
66, 68.777423, 659.029731, 45.030786, 0.078360, 2710, 2102.0
67, 73.762083, 659.771851, 34.897021, 0.025078, 2713, 2047.0
68, 69.145156, 659.343026, 45.843755, 0.070683, 2716, 2057.0
69, 68.922202, 661.655732, 41.852950, 0.083018, 2721, 2119.0
70, 68.527814, 659.261181, 43.805370, 0.109072, 2711, 2495.0
71, 74.040860, 659.432693, 41.068455, 0.062059, 2698, 2054.0
72, 70.934376, 663.605751, 38.019069, 0.083460, 2718, 2077.0
73, 69.067168, 660.169216, 44.034074, 0.042199, 2713, 2052.0
74, 69.579306, 662.056424, 37.532349, 0.066525, 2719, 2052.0
75, 71.748385, 660.875478, 36.356922, 0.032739, 2702, 2048.0
76, 68.137706, 663.838700, 35.527487, 0.094791, 2725, 2378.0
77, 66.157170, 661.814961, 44.067238, 0.115236, 2719, 2142.0
78, 76.099409, 659.207531, 38.311109, 0.035770, 2696, 2046.0
79, 70.160432, 660.389634, 44.290291, 0.139668, 2707, 2044.0
80, 69.724879, 660.848525, 39.117672, 0.029327, 2717, 2054.0
81, 69.793120, 661.851540, 41.240112, 0.038564, 2712, 2108.0
82, 67.744612, 661.702463, 42.876493, 0.106301, 2717, 2055.0
83, 68.941480, 662.275338, 39.757318, 0.061164, 2715, 2051.0
84, 69.539693, 660.155434, 44.768746, 0.120910, 2704, 2102.0
85, 67.974918, 662.080638, 43.055911, 0.112597, 2710, 2050.0
86, 74.191827, 660.764064, 33.754823, 0.032423, 2710, 2050.0
87, 67.957296, 662.614243, 41.455907, 0.077960, 2714, 2052.0
88, 64.768423, 664.518321, 40.278929, 0.215243, 2715, 2203.0
89, 71.778189, 661.047360, 37.609593, 0.051437, 2709, 2056.0
90, 68.665424, 660.153896, 45.644919, 0.060586, 2715, 2151.0
91, 71.763914, 660.131007, 38.316978, 0.051816, 2710, 2052.0
92, 72.471109, 661.918094, 38.245632, 0.049278, 2718, 2234.0
93, 69.877299, 660.757055, 42.918413, 0.042987, 2706, 2056.0
94, 70.936554, 660.627793, 45.197282, 0.058527, 2714, 2082.0
95, 75.193707, 660.698382, 31.771049, 0.050041, 2705, 2069.0
96, 72.033560, 660.291161, 38.619042, 0.030212, 2720, 2057.0
97, 70.342643, 661.914738, 43.298583, 0.043940, 2718, 2055.0
98, 73.078933, 660.721238, 36.599578, 0.044518, 2711, 2050.0
99, 70.436362, 662.263277, 37.630463, 0.044371, 2704, 2161.0
100, 68.990479, 660.605063, 46.562834, 0.047410, 2713, 2063.0
101, 69.467716, 662.793383, 44.006094, 0.146169, 2716, 2081.0
102, 68.554114, 661.995571, 42.835972, 0.079801, 2712, 2088.0
103, 68.763868, 661.460735, 42.820287, 0.048274, 2718, 2233.0
104, 68.131290, 660.800254, 40.600579, 0.127491, 2716, 2050.0
105, 69.922402, 661.763283, 36.572465, 0.076829, 2716, 2051.0
106, 69.244458, 659.436799, 42.252192, 0.083968, 2719, 2058.0
107, 75.314095, 657.859792, 44.303350, 0.077238, 2681, 2082.0
108, 69.257901, 661.889505, 41.007796, 0.057452, 2719, 2067.0
109, 66.282843, 662.090889, 43.900286, 0.157277, 2717, 2052.0
110, 71.848081, 660.350190, 38.876587, 0.077928, 2712, 2130.0
111, 72.075078, 661.545181, 35.334196, 0.062806, 2712, 2058.0
112, 76.352097, 659.762938, 31.166516, 0.037610, 2714, 2045.0
113, 68.922944, 661.909980, 44.106412, 0.079120, 2718, 2078.0
114, 69.231570, 662.147373, 44.327671, 0.077283, 2712, 2165.0
115, 73.597271, 661.640058, 32.159009, 0.029141, 2706, 2035.0
116, 72.815501, 659.299145, 35.712183, 0.041948, 2706, 2050.0
117, 72.001826, 661.149831, 44.023419, 0.047571, 2714, 2057.0
118, 69.079180, 663.439376, 38.351154, 0.060770, 2710, 2106.0
119, 73.177478, 658.573958, 40.391520, 0.029592, 2703, 2073.0
120, 68.823321, 662.876879, 40.998508, 0.063936, 2721, 2079.0
121, 65.781769, 661.228540, 44.170228, 0.187747, 2719, 2226.0
122, 76.450894, 659.906892, 30.965059, 0.076974, 2711, 2062.0
123, 69.686160, 662.305845, 41.771461, 0.033127, 2717, 2064.0
124, 73.851596, 659.374333, 35.984040, 0.033791, 2717, 2038.0
125, 71.332269, 659.272354, 44.076878, 0.053388, 2704, 2108.0
126, 68.839717, 659.866104, 42.488407, 0.050698, 2717, 2090.0
127, 68.149890, 661.555520, 40.497580, 0.080214, 2720, 2050.0
128, 68.043103, 658.907183, 44.590725, 0.143951, 2719, 2065.0
129, 70.718001, 661.041972, 42.203538, 0.123504, 2714, 2121.0
130, 70.696107, 663.815541, 36.455106, 0.079884, 2717, 2046.0
131, 66.844619, 664.844283, 42.403510, 0.124372, 2709, 2057.0
132, 74.383250, 658.374256, 39.685303, 0.036162, 2704, 2130.0
133, 69.959733, 660.352299, 43.272587, 0.075483, 2715, 2066.0
134, 70.970014, 662.853934, 38.225329, 0.034226, 2718, 2062.0
135, 70.800541, 663.065876, 37.005874, 0.064226, 2712, 2044.0
136, 68.011198, 660.544603, 46.288141, 0.236900, 2710, 2287.0
137, 68.807746, 660.763100, 47.931055, 0.165243, 2711, 2051.0
138, 65.956296, 660.599205, 44.718194, 0.239344, 2720, 2080.0
139, 71.695068, 662.058273, 40.670199, 0.129246, 2720, 2056.0
140, 68.049084, 662.438883, 43.508704, 0.091173, 2718, 2210.0
141, 68.941480, 662.275338, 39.757318, 0.075376, 2716, 2052.0
142, 75.246474, 660.151695, 37.133694, 0.072122, 2711, 2043.0
143, 76.643136, 659.447382, 32.006790, 0.058466, 2717, 2116.0
144, 72.109735, 662.272127, 40.502164, 0.095262, 2708, 2104.0
145, 72.119570, 659.812418, 44.113760, 0.093864, 2705, 2500.0
146, 70.546551, 662.672265, 38.118839, 0.069189, 2708, 2049.0
147, 79.416576, 660.406135, 24.653809, 0.050686, 2712, 2104.0
148, 73.600515, 660.828210, 32.702222, 0.053343, 2705, 2042.0
149, 70.590437, 663.109542, 41.300573, 0.121742, 2720, 2052.0
150, 70.739125, 662.410614, 39.479978, 0.048075, 2712, 2080.0
151, 71.094837, 661.677521, 41.953706, 0.094340, 2709, 2060.0
152, 72.355569, 661.757153, 41.734717, 0.145943, 2707, 2052.0
153, 69.801934, 660.856374, 45.215673, 0.241969, 2715, 2151.0
154, 68.615619, 660.587112, 44.581197, 0.114844, 2723, 2141.0
155, 69.066597, 661.790243, 44.780547, 0.179907, 2720, 2056.0
156, 67.955905, 661.114090, 44.220941, 0.100730, 2721, 2087.0
157, 72.859740, 660.532975, 36.250131, 0.009806, 2705, 2071.0
158, 73.570233, 660.613063, 38.054535, 0.035511, 2707, 2107.0
159, 70.347289, 661.680872, 43.474497, 0.072366, 2709, 2080.0
160, 71.160604, 661.018853, 42.871866, 0.103090, 2706, 2064.0
161, 68.339943, 662.903178, 42.506698, 0.241743, 2716, 2050.0
162, 68.974790, 661.844336, 43.524725, 0.155207, 2716, 2118.0
163, 67.695010, 660.578252, 44.130990, 0.109335, 2718, 2092.0
164, 72.420997, 659.969742, 40.658603, 0.034687, 2705, 2031.0
165, 70.725085, 662.028920, 41.700909, 0.075252, 2710, 2288.0
166, 70.829743, 660.962264, 42.508854, 0.111136, 2714, 2065.0
167, 66.095994, 661.891903, 42.238757, 0.232139, 2716, 2068.0
168, 74.848526, 661.188291, 31.500845, 0.043910, 2710, 2055.0
169, 75.256704, 659.549459, 36.492186, 0.038211, 2705, 2239.0
170, 70.857055, 661.241349, 42.176719, 0.058077, 2714, 2056.0
171, 70.898685, 660.884268, 39.719902, 0.066016, 2707, 2052.0
172, 72.389504, 661.224281, 39.139683, 0.042651, 2713, 2131.0
173, 73.914258, 660.000363, 38.052384, 0.055646, 2702, 2043.0
174, 69.295587, 661.480227, 42.444359, 0.110708, 2710, 2059.0
175, 67.733563, 665.700757, 38.647883, 0.114204, 2712, 2104.0
176, 65.474475, 660.860693, 45.978183, 0.211314, 2723, 2148.0
177, 71.149159, 662.340657, 40.274565, 0.084192, 2711, 2132.0
178, 67.733086, 659.028743, 47.666338, 0.156865, 2721, 2064.0
179, 70.354909, 661.364552, 41.945513, 0.052333, 2721, 2046.0
180, 75.456749, 659.920146, 36.668347, 0.059780, 2703, 2111.0
181, 72.996502, 659.575475, 37.110904, 0.036951, 2715, 2076.0
182, 69.194102, 660.618585, 43.412777, 0.070689, 2717, 2077.0
183, 67.321589, 663.633921, 40.120067, 0.120997, 2710, 2054.0
184, 71.986611, 661.638176, 39.510913, 0.074921, 2717, 2058.0
185, 69.959937, 663.136260, 37.257112, 0.043185, 2715, 2044.0
186, 72.604548, 659.531895, 39.832157, 0.051699, 2710, 2055.0
187, 65.744594, 661.561315, 46.959446, 0.104485, 2717, 2120.0
188, 65.939128, 663.404441, 41.405690, 0.139072, 2716, 2058.0
189, 71.251967, 662.018315, 34.237145, 0.035806, 2715, 2081.0
190, 69.479127, 661.696179, 42.998359, 0.125102, 2715, 2061.0
191, 71.412206, 659.971391, 41.025051, 0.037467, 2705, 2104.0
192, 73.739332, 660.649386, 34.052950, 0.049202, 2699, 2045.0
193, 71.952012, 662.094128, 36.124510, 0.043942, 2708, 2143.0
194, 74.837790, 660.667990, 32.461554, 0.041393, 2702, 2085.0
195, 73.327308, 661.485569, 38.972981, 0.099820, 2711, 2053.0
196, 69.696940, 661.659990, 41.907681, 0.050266, 2714, 2204.0
197, 68.964608, 662.886440, 37.319667, 0.116983, 2713, 2033.0
198, 74.616945, 659.377252, 32.557665, 0.057496, 2714, 2142.0
199, 72.491743, 661.904574, 33.329983, 0.065441, 2711, 2051.0
200, 72.980626, 659.801526, 39.079291, 0.098561, 2699, 2061.0
201, 69.128163, 662.027015, 39.832079, 0.058441, 2715, 2074.0
202, 68.105710, 663.726752, 38.429710, 0.040160, 2713, 2112.0
203, 78.753153, 657.865641, 36.736439, 0.078393, 2698, 2034.0
204, 71.538560, 660.817211, 39.512701, 0.034724, 2704, 2045.0
205, 74.913469, 660.200900, 39.227065, 0.120952, 2702, 2334.0
206, 71.037746, 662.427561, 33.965188, 0.057594, 2718, 2085.0
207, 68.123258, 662.873078, 40.255967, 0.116598, 2712, 2057.0
208, 68.424307, 660.271806, 44.625909, 0.049662, 2716, 2149.0
209, 72.881091, 661.329825, 40.021394, 0.055645, 2712, 2147.0
210, 72.176232, 662.113474, 38.387380, 0.042080, 2723, 2076.0
211, 72.794974, 663.030686, 33.367214, 0.042240, 2722, 2070.0
212, 70.749384, 662.750538, 42.025120, 0.068593, 2702, 2039.0
213, 70.209804, 663.881635, 38.097286, 0.035259, 2718, 2123.0
214, 72.753366, 659.284520, 38.544665, 0.096743, 2703, 2050.0
215, 73.653737, 660.739112, 41.210643, 0.118187, 2700, 2042.0
216, 69.361052, 661.303212, 43.216741, 0.131624, 2709, 2102.0
217, 70.393053, 662.511000, 39.750250, 0.031638, 2717, 2054.0
218, 74.458933, 659.917503, 33.591865, 0.041977, 2710, 2042.0
219, 76.437491, 660.348726, 36.297016, 0.072442, 2705, 2415.0
220, 72.929042, 662.025445, 34.632353, 0.026272, 2715, 2252.0
221, 75.535193, 660.449689, 38.129353, 0.103248, 2704, 2046.0
222, 74.937789, 659.056592, 42.804956, 0.128801, 2688, 2033.0
223, 70.544395, 661.536508, 41.960694, 0.111879, 2707, 2053.0
224, 68.798727, 663.396279, 38.564780, 0.042389, 2713, 2047.0
225, 68.402335, 662.096403, 41.352378, 0.127277, 2714, 2853.0
226, 74.289626, 662.109506, 29.220681, 0.058603, 2718, 3290.0
227, 71.450744, 660.736531, 35.929000, 0.057313, 2716, 2050.0
228, 70.716382, 660.507228, 41.301676, 0.085896, 2710, 2050.0
229, 71.194628, 661.861735, 38.328076, 0.040390, 2707, 2038.0
230, 71.257282, 660.184762, 39.382215, 0.032817, 2709, 2319.0
231, 77.736982, 661.473524, 31.779859, 0.106366, 2698, 2060.0
232, 70.774487, 663.146034, 36.923845, 0.094738, 2718, 2064.0
233, 69.693112, 662.003119, 37.582308, 0.051732, 2724, 2119.0
234, 68.576825, 661.357808, 43.419577, 0.107997, 2711, 2120.0
235, 71.119649, 660.785240, 40.221262, 0.080732, 2700, 2037.0
236, 73.933613, 660.794185, 38.761072, 0.066313, 2710, 2335.0
237, 69.336689, 662.175190, 40.750976, 0.075695, 2722, 3257.0
238, 73.762312, 660.653648, 35.952075, 0.041053, 2710, 2590.0
239, 74.295011, 660.719585, 40.817160, 0.050527, 2707, 2051.0
240, 75.582792, 659.171036, 35.970828, 0.021765, 2712, 2136.0
241, 70.830504, 658.082651, 45.874083, 0.160429, 2702, 2040.0
242, 68.896293, 660.517154, 46.146540, 0.068482, 2717, 2432.0
243, 72.105034, 661.715975, 35.074257, 0.044767, 2710, 2245.0
244, 70.184495, 660.401015, 42.515284, 0.044019, 2710, 2087.0
245, 72.557965, 659.620320, 39.159294, 0.055100, 2709, 2050.0
246, 73.818085, 659.414816, 40.398911, 0.054874, 2705, 2055.0
247, 72.811555, 659.654901, 41.188522, 0.014140, 2717, 2113.0
248, 67.500558, 663.089970, 44.109194, 0.180244, 2713, 2355.0
249, 70.416079, 659.786187, 44.353758, 0.174151, 2705, 2046.0
250, 70.852978, 663.399735, 36.750280, 0.030908, 2716, 2063.0
251, 70.233578, 660.699687, 41.486592, 0.162430, 2709, 2100.0
252, 73.241835, 661.272253, 36.910777, 0.062233, 2703, 2098.0
253, 73.129014, 659.272901, 34.529853, 0.031591, 2707, 2039.0
254, 72.659273, 660.436646, 37.094943, 0.069789, 2709, 2893.0
255, 71.667648, 661.505081, 36.503766, 0.046051, 2714, 3216.0
256, 73.371891, 659.678824, 38.061099, 0.056802, 2699, 2056.0
257, 73.831578, 660.153643, 38.942004, 0.083079, 2705, 2084.0
258, 69.182674, 662.452505, 41.160143, 0.041316, 2716, 2046.0
259, 69.000321, 661.160060, 41.457929, 0.171253, 2708, 2170.0
260, 69.621739, 662.117595, 39.781344, 0.131867, 2711, 2296.0
261, 68.858681, 661.356922, 44.643720, 0.090733, 2715, 2054.0
262, 77.323333, 658.836281, 30.937507, 0.058734, 2709, 2051.0
263, 67.991732, 660.274649, 44.376642, 0.209214, 2714, 2069.0
264, 75.504785, 660.005467, 27.971300, 0.073700, 2715, 2206.0
265, 74.329527, 659.886624, 29.332574, 0.014077, 2710, 2106.0
266, 70.124713, 659.746481, 43.358533, 0.062844, 2707, 2060.0
267, 72.311987, 660.223489, 36.818577, 0.032612, 2704, 2248.0
268, 71.910729, 662.415913, 36.811678, 0.075906, 2712, 2067.0
269, 70.477894, 659.809207, 41.081488, 0.107268, 2703, 2048.0
270, 75.820693, 658.830266, 33.110363, 0.046262, 2711, 2054.0
271, 73.650385, 662.051833, 37.663877, 0.054679, 2706, 2333.0
272, 70.962650, 660.980694, 39.297322, 0.030927, 2713, 2079.0
273, 69.925954, 660.040258, 43.862937, 0.123236, 2709, 2093.0
274, 77.884271, 661.229648, 20.695866, 0.060439, 2707, 2024.0
275, 76.171892, 659.678317, 35.944706, 0.076220, 2704, 2381.0
276, 76.722856, 658.834508, 34.073412, 0.042265, 2707, 2149.0
277, 73.948209, 661.170815, 37.591142, 0.064418, 2714, 2087.0
278, 74.070468, 661.424908, 33.438388, 0.090100, 2709, 2130.0
279, 69.885832, 660.102001, 43.993185, 0.097533, 2715, 2465.0
280, 74.878227, 658.849666, 36.719840, 0.059186, 2707, 2037.0
281, 71.832345, 662.171514, 37.089290, 0.037311, 2711, 2044.0
282, 70.085611, 659.276550, 44.782185, 0.117342, 2703, 2071.0
283, 76.900014, 659.904682, 32.929767, 0.068032, 2714, 2080.0
284, 73.532139, 662.837764, 32.027393, 0.067146, 2719, 2050.0
285, 67.815005, 658.269307, 46.551771, 0.360762, 2708, 2048.0
286, 69.850869, 662.218844, 40.051625, 0.040506, 2720, 2055.0
287, 67.005167, 661.634674, 44.676382, 0.110958, 2714, 2114.0
288, 70.253194, 660.138386, 40.774179, 0.059448, 2706, 2048.0
289, 70.127641, 661.745852, 40.199973, 0.072845, 2715, 2065.0
290, 69.422389, 662.322453, 42.769645, 0.163133, 2717, 2051.0
291, 68.924414, 662.379407, 42.481438, 0.063942, 2711, 2082.0
292, 71.392075, 662.755067, 41.627783, 0.073762, 2721, 2060.0
293, 69.001677, 662.568721, 38.765720, 0.098406, 2710, 2040.0
294, 69.935062, 662.509857, 44.112242, 0.095816, 2715, 2083.0
295, 67.894858, 659.351988, 44.478887, 0.152790, 2720, 2052.0
296, 72.583695, 660.931616, 37.342941, 0.032818, 2716, 2076.0
297, 71.221576, 661.265054, 39.424219, 0.038851, 2707, 2050.0
298, 66.670337, 660.430363, 43.939052, 0.133969, 2714, 2092.0
299, 72.246498, 660.825248, 41.953678, 0.118073, 2700, 2039.0
300, 72.503808, 661.410903, 37.891749, 0.046694, 2711, 2055.0
301, 72.346702, 661.961463, 37.011445, 0.034685, 2706, 2041.0
302, 70.520466, 661.980142, 33.156795, 0.065256, 2713, 2065.0
303, 71.672252, 662.404343, 37.413223, 0.061909, 2716, 2056.0
304, 72.588717, 662.519560, 29.940558, 0.062250, 2709, 2041.0
305, 75.565505, 659.742844, 32.513528, 0.044411, 2708, 2081.0
306, 71.129527, 659.803975, 43.111564, 0.080496, 2710, 2046.0
307, 75.531308, 660.914392, 27.589549, 0.055527, 2702, 2033.0
308, 72.366195, 660.248716, 38.012820, 0.061091, 2711, 2064.0
309, 73.888386, 660.511373, 37.003367, 0.052043, 2706, 2126.0
310, 69.422530, 661.554957, 42.076110, 0.040690, 2715, 2056.0
311, 68.773473, 662.947680, 41.104549, 0.075145, 2714, 2050.0
312, 76.031570, 661.046867, 29.799609, 0.065926, 2705, 2062.0
313, 71.200523, 660.852860, 40.806758, 0.055887, 2716, 2052.0
314, 73.434875, 662.177992, 36.155777, 0.065698, 2717, 2052.0
315, 74.534549, 659.982286, 35.335871, 0.046754, 2710, 2057.0
316, 78.030388, 658.826091, 35.941583, 0.139589, 2700, 2086.0
317, 74.398662, 661.072523, 32.502985, 0.028048, 2724, 2052.0
318, 68.975365, 664.957579, 39.705090, 0.122816, 2721, 2056.0
319, 73.840538, 661.779569, 33.627197, 0.044413, 2709, 2043.0
320, 72.401044, 662.720906, 32.096391, 0.060463, 2717, 2127.0
321, 71.850675, 662.304039, 37.000984, 0.050628, 2715, 2057.0
322, 68.847877, 663.872974, 38.862837, 0.072373, 2712, 2046.0
323, 77.139593, 662.425918, 26.663520, 0.097076, 2713, 2073.0
324, 74.174333, 661.080147, 34.902273, 0.035338, 2717, 2058.0
325, 75.044397, 660.681734, 31.486943, 0.018495, 2704, 2038.0
326, 76.563572, 659.293516, 37.233615, 0.103718, 2700, 2039.0
327, 71.163596, 664.412681, 38.060267, 0.073351, 2718, 2106.0
328, 73.504267, 660.004236, 39.797128, 0.052660, 2711, 2052.0
329, 68.279123, 660.862090, 43.137261, 0.054186, 2718, 2058.0
330, 70.700377, 661.747741, 40.964279, 0.048477, 2713, 2053.0
331, 69.960984, 661.016080, 42.657133, 0.134870, 2713, 2116.0
332, 70.974800, 660.990558, 39.303623, 0.062656, 2711, 2044.0
333, 68.600424, 662.018320, 40.369108, 0.099065, 2721, 2073.0
334, 71.653110, 659.871878, 42.250114, 0.077316, 2710, 2081.0
335, 70.552859, 659.411001, 44.310125, 0.113233, 2700, 2040.0
336, 66.261178, 663.045643, 43.411628, 0.135439, 2717, 2056.0
337, 71.177119, 661.916053, 37.812954, 0.061051, 2715, 2048.0
338, 69.943186, 660.782902, 40.531893, 0.061403, 2713, 2118.0
339, 73.062011, 661.334729, 38.881848, 0.059089, 2710, 2058.0
340, 69.569811, 661.885948, 43.827954, 0.067535, 2717, 2041.0
341, 70.159498, 661.955251, 35.989191, 0.044322, 2719, 2044.0
342, 70.306667, 660.812723, 42.467988, 0.074920, 2707, 2111.0
343, 71.095195, 662.105414, 41.096862, 0.039559, 2708, 2034.0
344, 70.230594, 661.344747, 43.454476, 0.153302, 2724, 2038.0
345, 74.061477, 662.157286, 29.230430, 0.070611, 2719, 2086.0
346, 69.463733, 659.602261, 47.843980, 0.161470, 2722, 2077.0
347, 72.575325, 660.020922, 38.120998, 0.062328, 2700, 2040.0
348, 70.339846, 661.371622, 44.690628, 0.136442, 2710, 2054.0
349, 67.150908, 662.746691, 40.229655, 0.059709, 2719, 2121.0
350, 77.675395, 660.302507, 30.555623, 0.088738, 2703, 2037.0
351, 67.876953, 660.090003, 46.994937, 0.223032, 2710, 2053.0
352, 70.263237, 663.010902, 37.701959, 0.070345, 2718, 2076.0
353, 70.580374, 661.335126, 40.358264, 0.064967, 2713, 2119.0
354, 73.389778, 661.593391, 36.890921, 0.068738, 2713, 2053.0
355, 71.046475, 662.555507, 39.125739, 0.055459, 2709, 2041.0
356, 72.595307, 661.935076, 33.399372, 0.057363, 2718, 2065.0
357, 69.387714, 663.377400, 40.165445, 0.132647, 2714, 2055.0
358, 66.303721, 660.872806, 44.380025, 0.101346, 2714, 2060.0
359, 74.796026, 660.217769, 35.808767, 0.064511, 2705, 2042.0
360, 71.258624, 662.471353, 41.036928, 0.096959, 2720, 2133.0
361, 70.360083, 660.172577, 38.728016, 0.028756, 2716, 2046.0
362, 72.460873, 663.516652, 30.895206, 0.042555, 2720, 2048.0
363, 72.593415, 662.570959, 37.233006, 0.016054, 2712, 2062.0
364, 74.096608, 660.428607, 37.780392, 0.042594, 2712, 2127.0
365, 72.746737, 660.464165, 36.594741, 0.023468, 2701, 2035.0
366, 69.853726, 661.249891, 41.021382, 0.062467, 2713, 2057.0
367, 72.210979, 662.797448, 28.971019, 0.025405, 2710, 2090.0
368, 74.470809, 659.844120, 38.019374, 0.039118, 2713, 2050.0
369, 72.509484, 660.926003, 37.472857, 0.058258, 2717, 2053.0
370, 73.814457, 661.151175, 43.045435, 0.064780, 2717, 2054.0
371, 74.605921, 661.941771, 37.934125, 0.079612, 2708, 2080.0
372, 73.627776, 661.852432, 32.961139, 0.055516, 2712, 2054.0
373, 73.201821, 660.064898, 39.982686, 0.064410, 2717, 2055.0
374, 69.406950, 662.466424, 44.075640, 0.195262, 2713, 2067.0
375, 72.410050, 660.963131, 39.449060, 0.055266, 2713, 2126.0
376, 71.936540, 660.576692, 39.004503, 0.042699, 2709, 2053.0
377, 71.372362, 662.602635, 38.777663, 0.103999, 2718, 2062.0
378, 70.032412, 662.035857, 40.532737, 0.073515, 2718, 2076.0
379, 70.477777, 662.511371, 37.973547, 0.061252, 2709, 2050.0
380, 76.350964, 659.128351, 37.727677, 0.057691, 2699, 2040.0
381, 71.655563, 661.929238, 35.663484, 0.087989, 2703, 2042.0
382, 73.899272, 660.302988, 37.152536, 0.020085, 2701, 2122.0
383, 76.397202, 660.752299, 26.904985, 0.033474, 2709, 2054.0
384, 70.826337, 660.596651, 42.352239, 0.136163, 2710, 2060.0
385, 70.011368, 662.082965, 42.854358, 0.084116, 2711, 2063.0
386, 75.407156, 660.001846, 40.025526, 0.070628, 2697, 2109.0
387, 68.624866, 661.056933, 40.640560, 0.142359, 2716, 2056.0
388, 71.178183, 661.701993, 41.050833, 0.070982, 2714, 2060.0
389, 69.188596, 659.874249, 44.066984, 0.112428, 2714, 2098.0
390, 76.896403, 659.751242, 35.242911, 0.088042, 2714, 2051.0
391, 75.750064, 661.604812, 37.094015, 0.135745, 2699, 2042.0
392, 72.397615, 660.447892, 39.279541, 0.063303, 2709, 2051.0
393, 74.384312, 660.635673, 38.358236, 0.055090, 2708, 2127.0
394, 70.034898, 660.353468, 46.338173, 0.098521, 2711, 2059.0
395, 78.413974, 658.380086, 34.422999, 0.083022, 2703, 2042.0
396, 73.731828, 660.398799, 38.495573, 0.044121, 2708, 2069.0
397, 71.327560, 661.347521, 36.690101, 0.026263, 2714, 2063.0
398, 73.750728, 660.465234, 38.250751, 0.043551, 2711, 2046.0
399, 76.693366, 659.864954, 36.255056, 0.078692, 2708, 2051.0
400, 71.394214, 660.622773, 40.701543, 0.108538, 2703, 2088.0
401, 70.438935, 661.846157, 38.693750, 0.062107, 2714, 2043.0
402, 71.812700, 661.409014, 37.699337, 0.107760, 2706, 2065.0
403, 73.024721, 661.544724, 39.113593, 0.031761, 2711, 2055.0
404, 69.583627, 661.539966, 42.522979, 0.054653, 2715, 2137.0
405, 75.135262, 660.839903, 33.693523, 0.036867, 2712, 2057.0
406, 72.907522, 662.408762, 32.018035, 0.043798, 2718, 2054.0
407, 74.703277, 660.908086, 36.633121, 0.059780, 2707, 2062.0
408, 74.890007, 659.997517, 33.333932, 0.056620, 2709, 2070.0
409, 76.319951, 662.319592, 29.013817, 0.123975, 2711, 2472.0
410, 69.405223, 662.967400, 40.181542, 0.080498, 2714, 2045.0
411, 81.821982, 657.639232, 28.612652, 0.064892, 2705, 2101.0
412, 72.114875, 662.179593, 33.854252, 0.035917, 2708, 2046.0
413, 73.615535, 660.749586, 38.201447, 0.037494, 2700, 2036.0
414, 72.901887, 660.497812, 37.821451, 0.045912, 2705, 2062.0
415, 75.308910, 660.221148, 41.611784, 0.041049, 2705, 2115.0
416, 73.638166, 661.689587, 29.648562, 0.047933, 2714, 2050.0
417, 66.498545, 659.918438, 45.058233, 0.217657, 2710, 2048.0
418, 73.737098, 661.949312, 34.626067, 0.054347, 2709, 2090.0
419, 70.046169, 662.685531, 40.983126, 0.055897, 2715, 2054.0
420, 70.487645, 660.863598, 36.802014, 0.120657, 2719, 2075.0
421, 74.434468, 660.249501, 37.090915, 0.056887, 2697, 2045.0
422, 73.522930, 660.712195, 39.744389, 0.051547, 2713, 2116.0
423, 69.521640, 661.801852, 41.786437, 0.086064, 2719, 2053.0
424, 72.595307, 661.935076, 33.399372, 0.068646, 2709, 2052.0
425, 75.672804, 658.969162, 37.107468, 0.061623, 2707, 2048.0
426, 71.914116, 661.605501, 37.582114, 0.059962, 2711, 2120.0
427, 72.071955, 659.272746, 43.391150, 0.061059, 2720, 2054.0
428, 77.536382, 661.328637, 26.570255, 0.084473, 2709, 2028.0
429, 69.819456, 661.419567, 43.736420, 0.138173, 2712, 2069.0
430, 74.709532, 660.663509, 35.532362, 0.065600, 2710, 2041.0
431, 68.890831, 662.396611, 44.194217, 0.056342, 2716, 2044.0
432, 72.433061, 662.018977, 36.626848, 0.056881, 2712, 2038.0
433, 72.231244, 660.907811, 36.514439, 0.047427, 2713, 2126.0
434, 71.314662, 660.250322, 40.712874, 0.038379, 2711, 2046.0
435, 68.644690, 661.094932, 42.149385, 0.085611, 2717, 2058.0
436, 67.550015, 663.524390, 38.921085, 0.110448, 2720, 2052.0
437, 68.862062, 660.679185, 46.137853, 0.116730, 2716, 2126.0
438, 68.967122, 664.696994, 33.628560, 0.082960, 2715, 2045.0
439, 71.332751, 661.860864, 38.908154, 0.039774, 2713, 2532.0
440, 71.275091, 661.194468, 40.601127, 0.039208, 2709, 2109.0
441, 75.247593, 660.169617, 36.475807, 0.052652, 2705, 2043.0
442, 67.397106, 662.852947, 41.502116, 0.063546, 2716, 2056.0
443, 74.774111, 659.575484, 34.218811, 0.013670, 2708, 2049.0
444, 70.410311, 659.859198, 45.233700, 0.088953, 2707, 2119.0
445, 73.083202, 660.566815, 36.607894, 0.027923, 2702, 2048.0
446, 73.073053, 660.838776, 41.826245, 0.136295, 2705, 2050.0
447, 72.610220, 662.348131, 40.904991, 0.131119, 2704, 2065.0
448, 70.693109, 661.706723, 40.886108, 0.043530, 2713, 2100.0
449, 69.981664, 661.924637, 40.619182, 0.057817, 2713, 2058.0
450, 72.281712, 661.071133, 39.791547, 0.048442, 2709, 2048.0
451, 69.774402, 662.748534, 41.862868, 0.111523, 2710, 2117.0
452, 70.105063, 663.156091, 35.986935, 0.059021, 2716, 2053.0
453, 74.146553, 660.459596, 36.100301, 0.025603, 2706, 2039.0
454, 68.401036, 662.524368, 35.674088, 0.058499, 2713, 2081.0
455, 71.646794, 659.727752, 43.017079, 0.114452, 2703, 2116.0
456, 78.650006, 660.474776, 30.898507, 0.126162, 2707, 2039.0
457, 70.584268, 662.471183, 35.007351, 0.057502, 2716, 2049.0
458, 73.537329, 660.070842, 35.318454, 0.029221, 2704, 2110.0
459, 71.801705, 659.434270, 41.796789, 0.150163, 2699, 2107.0
460, 70.968547, 660.956860, 43.762900, 0.118314, 2715, 2051.0
461, 73.050394, 660.692644, 38.200505, 0.102180, 2704, 2051.0
462, 71.507648, 660.736724, 42.106882, 0.044372, 2710, 2116.0
463, 73.612556, 661.004507, 39.049235, 0.091257, 2709, 2046.0
464, 72.433516, 660.662451, 45.210465, 0.093404, 2706, 2053.0
465, 72.125156, 661.054879, 45.186289, 0.066226, 2712, 2072.0
466, 67.607421, 661.178037, 44.630780, 0.136091, 2712, 2122.0
467, 74.836946, 659.208508, 38.416613, 0.088621, 2703, 2047.0
468, 74.171767, 659.192988, 40.960839, 0.040039, 2692, 2449.0
469, 70.613088, 663.094274, 38.957346, 0.077879, 2719, 3027.0
470, 68.661343, 662.907683, 41.092315, 0.121301, 2716, 2044.0
471, 72.170379, 660.165995, 42.490817, 0.097220, 2709, 2055.0
472, 69.030843, 662.981519, 41.358543, 0.106148, 2707, 2099.0
473, 71.979076, 661.963857, 35.493504, 0.062052, 2713, 2124.0
474, 68.040054, 661.922868, 43.180641, 0.182897, 2721, 2061.0
475, 71.164318, 661.354040, 38.939028, 0.096415, 2705, 2042.0
476, 70.047140, 660.540195, 43.524446, 0.137440, 2716, 2106.0
477, 71.348259, 661.671357, 36.329850, 0.030475, 2712, 2051.0
478, 70.609519, 661.344591, 38.071279, 0.015095, 2719, 2058.0
479, 73.062336, 661.504164, 40.839628, 0.082134, 2710, 2069.0
480, 73.590796, 659.050404, 39.652870, 0.061601, 2700, 2045.0
481, 72.039233, 660.866972, 41.966183, 0.033238, 2702, 2051.0
482, 72.775408, 661.673947, 41.676697, 0.079217, 2707, 2045.0
483, 67.908432, 660.704534, 41.980197, 0.119176, 2717, 2087.0
484, 70.866635, 662.673945, 35.752334, 0.057675, 2715, 2055.0
485, 68.984936, 661.633067, 41.449180, 0.037071, 2717, 2053.0
486, 73.614129, 662.176444, 32.806790, 0.059756, 2714, 2055.0
487, 70.029649, 661.323551, 37.297262, 0.025875, 2718, 2140.0
488, 71.127412, 661.100288, 38.900555, 0.052143, 2713, 2119.0
489, 72.666753, 661.309448, 36.255948, 0.053273, 2708, 2043.0
490, 68.355732, 663.155355, 38.822605, 0.073469, 2721, 2084.0
491, 70.558993, 661.464307, 38.689708, 0.072381, 2719, 2054.0
492, 70.831683, 662.891998, 39.282987, 0.080721, 2714, 2050.0
493, 66.553126, 662.073596, 42.352445, 0.086068, 2715, 2060.0
494, 69.286280, 662.477866, 41.049434, 0.083398, 2715, 2098.0
495, 78.544144, 661.154334, 27.501464, 0.071231, 2702, 2034.0
496, 72.170033, 661.537329, 34.460929, 0.023684, 2711, 2050.0
497, 69.930115, 660.916936, 42.544926, 0.180287, 2718, 2106.0
498, 69.504372, 664.179252, 41.019357, 0.108259, 2713, 2046.0
499, 74.938858, 661.767813, 32.241379, 0.035679, 2717, 2053.0
500, 71.881545, 661.497208, 45.230251, 0.065776, 2710, 2044.0
501, 69.271664, 661.840410, 38.891987, 0.051869, 2713, 2086.0
502, 70.518298, 659.698220, 45.509613, 0.135985, 2709, 2050.0
503, 68.326023, 661.482617, 40.647121, 0.062060, 2713, 2044.0
504, 73.157445, 660.919744, 37.946133, 0.042468, 2710, 2045.0
505, 69.882391, 661.226921, 39.088846, 0.074988, 2709, 2119.0
506, 70.589579, 662.653137, 37.838646, 0.061846, 2724, 2132.0
507, 73.013606, 661.209589, 33.483171, 0.059364, 2710, 2088.0
508, 70.604607, 662.569058, 40.186427, 0.050494, 2710, 2059.0
509, 71.317839, 661.041025, 39.112977, 0.046128, 2714, 2129.0
510, 71.494783, 661.303573, 41.805588, 0.061903, 2714, 2060.0
511, 68.529152, 662.354119, 39.595584, 0.207066, 2710, 2052.0
512, 69.160199, 662.465626, 44.260336, 0.056100, 2716, 2844.0
513, 72.545949, 661.259234, 39.493664, 0.069161, 2712, 3173.0
514, 68.729413, 659.449131, 45.596093, 0.110437, 2722, 2703.0
515, 73.559599, 660.379659, 40.084615, 0.058376, 2706, 2114.0
516, 67.212009, 661.899539, 43.670305, 0.110775, 2718, 2054.0
517, 71.202414, 661.181380, 40.267343, 0.062263, 2705, 2062.0
518, 66.286712, 661.803109, 41.660034, 0.150802, 2721, 2072.0
519, 69.410558, 660.217897, 48.795186, 0.075234, 2714, 2111.0
520, 72.462567, 661.624775, 32.540908, 0.034469, 2713, 2114.0
521, 71.859731, 661.529195, 33.374091, 0.066629, 2713, 2050.0
522, 68.658452, 661.042644, 40.736755, 0.115244, 2717, 2125.0
523, 73.502402, 660.569729, 39.375852, 0.062702, 2712, 2143.0
524, 73.142372, 661.869991, 40.121699, 0.068164, 2709, 2044.0
525, 70.604766, 662.642461, 43.650551, 0.030140, 2719, 2057.0
526, 68.943372, 662.082815, 42.634053, 0.220257, 2712, 2534.0
527, 67.757265, 661.562849, 44.952773, 0.103257, 2722, 2069.0
528, 74.623538, 659.346767, 34.766089, 0.042912, 2699, 3104.0
529, 71.056956, 662.405773, 38.074044, 0.107696, 2714, 2120.0
530, 74.117321, 660.230775, 34.978859, 0.033122, 2711, 2058.0
531, 75.209763, 660.341110, 33.903310, 0.069504, 2711, 2045.0
532, 77.741033, 658.279167, 37.927243, 0.103387, 2701, 2075.0
533, 69.547589, 663.180503, 42.271038, 0.072322, 2723, 2065.0
534, 68.487845, 659.826323, 39.743369, 0.115026, 2714, 2081.0
535, 71.248224, 662.531723, 38.547573, 0.114008, 2717, 2062.0
536, 74.289488, 660.026775, 33.648168, 0.026333, 2711, 2116.0
537, 75.748825, 661.451567, 32.184647, 0.058314, 2711, 2079.0
538, 72.981395, 660.632647, 33.170104, 0.031193, 2712, 2044.0
539, 72.777665, 661.816963, 38.472389, 0.061444, 2710, 2051.0
540, 70.741168, 663.041589, 35.668908, 0.058690, 2713, 2358.0
541, 71.746326, 661.321795, 44.221147, 0.048724, 2706, 2047.0
542, 71.175261, 661.505084, 40.955166, 0.053608, 2714, 2075.0
543, 71.190903, 661.228862, 39.735164, 0.053121, 2716, 2075.0
544, 70.827926, 662.315758, 41.706550, 0.078284, 2721, 2063.0
545, 70.145449, 662.979060, 38.971031, 0.066243, 2719, 2064.0
546, 73.980628, 661.986163, 28.760088, 0.080396, 2719, 2052.0
547, 72.412100, 660.470770, 37.398918, 0.054743, 2707, 2113.0
548, 69.496327, 662.121840, 39.184988, 0.117760, 2714, 2101.0
549, 73.097208, 660.543125, 38.701601, 0.060441, 2711, 2053.0
550, 73.168046, 660.761902, 36.893508, 0.078150, 2697, 2036.0
551, 70.700305, 660.893523, 40.832544, 0.049737, 2709, 2123.0
552, 67.368153, 662.754291, 41.874462, 0.340728, 2720, 2079.0
553, 76.078239, 660.606134, 35.375444, 0.081685, 2706, 2047.0
554, 72.244802, 659.997111, 36.690569, 0.072933, 2702, 2102.0
555, 70.029785, 661.258865, 37.936486, 0.044438, 2716, 2058.0
556, 69.354740, 662.331420, 37.437382, 0.111077, 2716, 2252.0
557, 71.107121, 661.084306, 41.588583, 0.093321, 2716, 2241.0
558, 71.641226, 660.865949, 41.550756, 0.027744, 2707, 2121.0
559, 74.094051, 660.245148, 39.164319, 0.064727, 2704, 2120.0
560, 75.919208, 660.202178, 34.553374, 0.100932, 2711, 2070.0
561, 73.345928, 662.549596, 35.993642, 0.057343, 2717, 2097.0
562, 67.989518, 663.211621, 37.859147, 0.078540, 2716, 2052.0
563, 68.020973, 663.486908, 40.103189, 0.154304, 2711, 2043.0
564, 73.808679, 661.913146, 31.777018, 0.067853, 2718, 2119.0
565, 76.487078, 659.106629, 30.298523, 0.051777, 2709, 2115.0
566, 71.230293, 661.732045, 40.478874, 0.092538, 2714, 2064.0
567, 70.929990, 661.729736, 37.038908, 0.054572, 2717, 2079.0
568, 71.363375, 662.931012, 39.345559, 0.071492, 2705, 2043.0
569, 72.638178, 660.188195, 44.085000, 0.086719, 2695, 2045.0
570, 77.233738, 660.818107, 25.207779, 0.049229, 2713, 2561.0
571, 72.061070, 661.034991, 40.502597, 0.055837, 2709, 2070.0
572, 71.341795, 662.929345, 38.047945, 0.061038, 2719, 2079.0
573, 69.371387, 662.358056, 42.658590, 0.107194, 2715, 2052.0
574, 71.619766, 661.760962, 38.035780, 0.054292, 2706, 2120.0
575, 74.539636, 660.708167, 35.066616, 0.046484, 2707, 2044.0
576, 71.715691, 661.377339, 41.048589, 0.042708, 2716, 2051.0
577, 71.571124, 661.536033, 39.924901, 0.070609, 2708, 2050.0
578, 70.065492, 661.159101, 40.226814, 0.078471, 2710, 2175.0
579, 75.086488, 661.237457, 29.993906, 0.022609, 2708, 2041.0
580, 76.648513, 660.174436, 32.142865, 0.069983, 2717, 2052.0
581, 72.449611, 661.404396, 36.059500, 0.052511, 2709, 2108.0
582, 76.613449, 659.523014, 33.486602, 0.060150, 2705, 2119.0
583, 72.773601, 660.837375, 40.166120, 0.088424, 2706, 2120.0
584, 71.787655, 661.837149, 38.602384, 0.042687, 2709, 2612.0
585, 67.949841, 661.166250, 44.716769, 0.071562, 2712, 2919.0
586, 73.319942, 660.285059, 39.966600, 0.067385, 2700, 2039.0
587, 75.014378, 660.470037, 30.265542, 0.042417, 2709, 2041.0
588, 70.638517, 660.471902, 39.673591, 0.082319, 2708, 2121.0
589, 70.902913, 661.110456, 42.399175, 0.093899, 2710, 2042.0
590, 72.307885, 661.698028, 38.143987, 0.059576, 2711, 2045.0
591, 68.724879, 663.252387, 40.383213, 0.159859, 2719, 2057.0
592, 75.658047, 659.494052, 37.083694, 0.062631, 2695, 2035.0
593, 73.476692, 661.329729, 40.732501, 0.053002, 2709, 2047.0
594, 70.608733, 664.172049, 38.904307, 0.136968, 2711, 2050.0
595, 72.687486, 661.295718, 34.810371, 0.033106, 2704, 2102.0
596, 68.440295, 662.868769, 42.525557, 0.118802, 2721, 2054.0
597, 72.452427, 662.181867, 38.036454, 0.012218, 2716, 2062.0
598, 70.583218, 661.430525, 37.600471, 0.032710, 2718, 2051.0
599, 75.852279, 660.396887, 33.594460, 0.057554, 2701, 2108.0
600, 74.032831, 661.583300, 37.071617, 0.047246, 2712, 2058.0
601, 73.404037, 660.497417, 37.990798, 0.108879, 2698, 2039.0
602, 70.147519, 662.730814, 34.504628, 0.052633, 2717, 2054.0
603, 72.344043, 661.621035, 37.477559, 0.042442, 2714, 2148.0
604, 72.791763, 659.894222, 34.291465, 0.067787, 2702, 2034.0
605, 79.345382, 658.363126, 35.280984, 0.180449, 2688, 2033.0
606, 71.643226, 661.253985, 35.508804, 0.082620, 2709, 2047.0
607, 73.279846, 660.675427, 39.313741, 0.054124, 2709, 2045.0
608, 70.857820, 662.270863, 40.893364, 0.179738, 2700, 2040.0
609, 77.320657, 659.947413, 32.115674, 0.060403, 2699, 2050.0
610, 68.770234, 664.476020, 38.293699, 0.215223, 2720, 2114.0
611, 71.502739, 661.408554, 42.327568, 0.062259, 2715, 2053.0
612, 75.407764, 659.872755, 32.624446, 0.053811, 2701, 2042.0
613, 69.237247, 662.351059, 43.578244, 0.138017, 2716, 2049.0
614, 73.326349, 660.426743, 32.459156, 0.056859, 2717, 2298.0
615, 69.580287, 663.385325, 39.609313, 0.171202, 2721, 2079.0
616, 73.265434, 659.640092, 38.538285, 0.044243, 2709, 2065.0
617, 67.920286, 662.324712, 42.591418, 0.110650, 2713, 2061.0
618, 70.597167, 662.475118, 42.439714, 0.051183, 2718, 2095.0
619, 75.476160, 661.359057, 33.382062, 0.031643, 2713, 2044.0
620, 72.558319, 659.692854, 38.024730, 0.026751, 2718, 2056.0
621, 70.531344, 660.554966, 45.258360, 0.073491, 2717, 2127.0
622, 75.122186, 659.719663, 38.402700, 0.077678, 2700, 2043.0
623, 73.811972, 661.227004, 34.963969, 0.073270, 2715, 2051.0
624, 69.825212, 660.741066, 40.059652, 0.059165, 2720, 2064.0
625, 73.280977, 659.634898, 35.628625, 0.038062, 2700, 2088.0
626, 70.043598, 661.838147, 40.258994, 0.168894, 2713, 2048.0
627, 71.393725, 664.624187, 35.419392, 0.088899, 2720, 2057.0
628, 70.825787, 661.192491, 40.013508, 0.063927, 2724, 2049.0
629, 70.537069, 663.122204, 38.706763, 0.063248, 2715, 2217.0
630, 72.075078, 661.545181, 35.334196, 0.042269, 2716, 2063.0
631, 73.661380, 660.240695, 33.834579, 0.035820, 2709, 2044.0
632, 72.624331, 661.083098, 37.844438, 0.041251, 2716, 2112.0
633, 70.011472, 661.429358, 38.359920, 0.069855, 2717, 2074.0
634, 76.181718, 660.239774, 31.983713, 0.044308, 2708, 2058.0
635, 71.347049, 660.021513, 41.254589, 0.127390, 2701, 2057.0
636, 72.207191, 662.573090, 38.573804, 0.022420, 2720, 2141.0
637, 68.273000, 661.105339, 42.844478, 0.145709, 2720, 2053.0
638, 75.014176, 661.745600, 30.671011, 0.050569, 2712, 2049.0
639, 68.732229, 659.882900, 45.568397, 0.145593, 2714, 2057.0
640, 76.382237, 660.215048, 29.908465, 0.060879, 2712, 2813.0
641, 73.475847, 660.362908, 34.236815, 0.040143, 2703, 3139.0
642, 69.934535, 659.518355, 42.235644, 0.110801, 2711, 2041.0
643, 72.038176, 661.313102, 36.024020, 0.044217, 2720, 2183.0
644, 75.726076, 659.252625, 34.124581, 0.036250, 2708, 2042.0
645, 70.605007, 663.384263, 34.864477, 0.061877, 2713, 2048.0
646, 72.919531, 659.839585, 39.295519, 0.032309, 2711, 2114.0
647, 68.175095, 662.414226, 40.852335, 0.053204, 2725, 2067.0
648, 71.185837, 660.346880, 43.025832, 0.070482, 2707, 2043.0
649, 71.455038, 661.548944, 37.818285, 0.085587, 2706, 2049.0
650, 69.498904, 660.912409, 42.878208, 0.116280, 2710, 2200.0
651, 69.744508, 663.297750, 35.809510, 0.023754, 2719, 2061.0
652, 71.151542, 663.959445, 34.611215, 0.066503, 2708, 2062.0
653, 70.063367, 660.647801, 40.222079, 0.043257, 2717, 2054.0
654, 69.787396, 661.219886, 39.815316, 0.096433, 2713, 2045.0
655, 70.582283, 660.879079, 34.910933, 0.041962, 2719, 2084.0
656, 66.153640, 664.055866, 43.680475, 0.050280, 2718, 2053.0
657, 69.669887, 662.057957, 38.301140, 0.089496, 2719, 2048.0
658, 68.123601, 662.159557, 45.129036, 0.103157, 2714, 2141.0
659, 70.799703, 661.667640, 42.432730, 0.065449, 2714, 2048.0
660, 69.070184, 660.885680, 45.033871, 0.078979, 2711, 2042.0
661, 71.010615, 663.054843, 42.689787, 0.053461, 2718, 2198.0
662, 70.341632, 661.855626, 39.661810, 0.058017, 2708, 2057.0
663, 67.071941, 662.802703, 41.335020, 0.166558, 2723, 2055.0
664, 75.812719, 658.267868, 35.764748, 0.044118, 2700, 2046.0
665, 71.977451, 662.526340, 33.484594, 0.046964, 2720, 2140.0
666, 70.042803, 660.944102, 41.318335, 0.053807, 2712, 2058.0
667, 67.337330, 662.586313, 43.374637, 0.149787, 2718, 2055.0
668, 67.909953, 663.155079, 43.336480, 0.124379, 2718, 2048.0
669, 73.903845, 660.624276, 39.756666, 0.051452, 2709, 2046.0
670, 67.617070, 661.562709, 44.607000, 0.098849, 2715, 2076.0
671, 71.044695, 662.599818, 39.000074, 0.061635, 2715, 2061.0
672, 74.914527, 659.333570, 36.478224, 0.046932, 2717, 2205.0
673, 68.290873, 658.496060, 46.561867, 0.140897, 2716, 2354.0
674, 73.411685, 658.729369, 36.558230, 0.026043, 2709, 2052.0
675, 74.303244, 659.743233, 37.386974, 0.048297, 2700, 2034.0
676, 66.486567, 665.776280, 39.059040, 0.185511, 2724, 2061.0
677, 69.357287, 662.212913, 41.992601, 0.055584, 2716, 2075.0
678, 74.759142, 660.451836, 37.396392, 0.038280, 2711, 2046.0
679, 68.247747, 663.649869, 40.309033, 0.104771, 2718, 2070.0
680, 68.800474, 662.036497, 43.092795, 0.091488, 2717, 2062.0
681, 70.706794, 659.564489, 41.439158, 0.101440, 2704, 2039.0
682, 69.660576, 662.021408, 39.605292, 0.073104, 2717, 2062.0
683, 73.039356, 661.820968, 36.246496, 0.055810, 2710, 2187.0
684, 69.065613, 662.644716, 39.832535, 0.033156, 2722, 2073.0
685, 68.954308, 662.886600, 41.148724, 0.107141, 2717, 2052.0
686, 67.931748, 659.133088, 44.443683, 0.163948, 2718, 2066.0
687, 69.656323, 660.022630, 42.667547, 0.080192, 2708, 2043.0
688, 72.029271, 660.952161, 40.941721, 0.044106, 2713, 2074.0
689, 69.956968, 658.774000, 42.566437, 0.145687, 2718, 2120.0
690, 72.616242, 660.337437, 36.471117, 0.043580, 2707, 2105.0
691, 72.430538, 659.721970, 41.825988, 0.092755, 2701, 2047.0
692, 73.256003, 661.373190, 36.946556, 0.057681, 2705, 2342.0
693, 73.061466, 661.087973, 36.399388, 0.051004, 2706, 2039.0
694, 69.843013, 661.342511, 42.070291, 0.075054, 2714, 2242.0
695, 74.012332, 659.195106, 42.015278, 0.137554, 2697, 2227.0
696, 70.501465, 662.727809, 39.485744, 0.046628, 2714, 2046.0
697, 71.408501, 660.413513, 41.599859, 0.035316, 2712, 2109.0
698, 66.696261, 661.756389, 41.424724, 0.141934, 2725, 2087.0
699, 67.898124, 663.007013, 39.263566, 0.097298, 2720, 2046.0
700, 71.782862, 660.704340, 37.772490, 0.044124, 2708, 2056.0
701, 73.978088, 660.384833, 38.489851, 0.072597, 2700, 2132.0
702, 70.879738, 662.974361, 36.905314, 0.048682, 2719, 2098.0
703, 68.764680, 659.568248, 44.022143, 0.147879, 2713, 2066.0
704, 68.606357, 662.336099, 42.854009, 0.104879, 2717, 2562.0
705, 68.842079, 663.116895, 40.424618, 0.120871, 2712, 2054.0
706, 72.570234, 661.929322, 32.891703, 0.036447, 2717, 2060.0
707, 73.280450, 661.689861, 34.959023, 0.034314, 2713, 2058.0
708, 67.168452, 661.494651, 43.583128, 0.219083, 2706, 2113.0
709, 75.776433, 659.223703, 39.669287, 0.071740, 2701, 2043.0
710, 70.061010, 660.627857, 44.691632, 0.084758, 2711, 2072.0
711, 69.427015, 662.754666, 39.470004, 0.058915, 2710, 2070.0
712, 69.309175, 663.836639, 37.136948, 0.039747, 2718, 2048.0
713, 68.713691, 659.907238, 43.773370, 0.113791, 2720, 2069.0
714, 73.728251, 661.122607, 38.315333, 0.034196, 2717, 2072.0
715, 70.074336, 661.731565, 45.268312, 0.117059, 2716, 2128.0
716, 72.914381, 660.152195, 34.776197, 0.027263, 2711, 2590.0
717, 71.629604, 659.446025, 43.971431, 0.155534, 2709, 2319.0
718, 71.491561, 660.969288, 39.132626, 0.098399, 2703, 2041.0
719, 67.755459, 657.222029, 47.602344, 0.238498, 2718, 2055.0
720, 70.791242, 661.824716, 40.734057, 0.078517, 2714, 2084.0
721, 71.042692, 660.127801, 45.334007, 0.183633, 2705, 2060.0
722, 70.533178, 661.842252, 38.131629, 0.099802, 2713, 2109.0
723, 68.783493, 659.201273, 48.835958, 0.166822, 2718, 2060.0
724, 75.494883, 659.495380, 34.951303, 0.046283, 2705, 2040.0
725, 66.551540, 664.191626, 41.861776, 0.134257, 2716, 2073.0
726, 73.115532, 658.217674, 43.102290, 0.058204, 2703, 2226.0
727, 71.810916, 660.152514, 38.277947, 0.029907, 2705, 2044.0
728, 72.687486, 661.295718, 34.810371, 0.052096, 2712, 2051.0
729, 74.193327, 659.747835, 31.949048, 0.049527, 2711, 2142.0
730, 69.778053, 661.492889, 41.890817, 0.111836, 2710, 2042.0
731, 66.949818, 663.391079, 41.106260, 0.170326, 2710, 2049.0
732, 74.123760, 661.371416, 35.191447, 0.060791, 2703, 2139.0
733, 71.477488, 660.618477, 39.664653, 0.064745, 2709, 2191.0
734, 69.842617, 661.076094, 44.540092, 0.077956, 2716, 2054.0
735, 69.746975, 662.916482, 35.984184, 0.072227, 2716, 2591.0
736, 69.548178, 660.960612, 40.850138, 0.057488, 2717, 2292.0
737, 70.058830, 662.460874, 39.763347, 0.101937, 2721, 3057.0
738, 69.471279, 661.752175, 38.859025, 0.062690, 2711, 2046.0
739, 74.186495, 661.357602, 41.356181, 0.044925, 2705, 2134.0
740, 70.448684, 662.931213, 38.607790, 0.052211, 2718, 2063.0
741, 72.430538, 659.721970, 41.825988, 0.069320, 2704, 2041.0
742, 67.950839, 663.749036, 43.183808, 0.064271, 2720, 2071.0
743, 74.392955, 659.484882, 38.683094, 0.071630, 2699, 2091.0
744, 71.262840, 661.471266, 38.470008, 0.040181, 2720, 2074.0
745, 70.016714, 662.567552, 39.705261, 0.075804, 2724, 2065.0
746, 69.548108, 661.437112, 39.612723, 0.044489, 2722, 2782.0
747, 70.296284, 661.600016, 43.312272, 0.119946, 2719, 2049.0
748, 69.042477, 659.973635, 45.802517, 0.180435, 2714, 2048.0
749, 70.099365, 661.953983, 36.500796, 0.067910, 2713, 2060.0
750, 71.807809, 661.510867, 42.377089, 0.063649, 2697, 2123.0
751, 73.746952, 660.406661, 34.173072, 0.049915, 2713, 2051.0
752, 68.705333, 662.861527, 43.052730, 0.104132, 2718, 2060.0
753, 67.670405, 663.353911, 39.877093, 0.132475, 2712, 2038.0
754, 66.560851, 660.783862, 45.390487, 0.136121, 2720, 2056.0
755, 69.568781, 660.567948, 42.257729, 0.145926, 2708, 2043.0
756, 69.552409, 660.878331, 44.129289, 0.027687, 2717, 2085.0
757, 71.414313, 661.602091, 41.424251, 0.045613, 2707, 2057.0
758, 67.466440, 662.147324, 43.195524, 0.146065, 2714, 2155.0
759, 66.830695, 661.458347, 42.094670, 0.103445, 2720, 2054.0
760, 68.209752, 663.288436, 40.083334, 0.124906, 2719, 2054.0
761, 76.507262, 658.780122, 35.848964, 0.047467, 2699, 2227.0
762, 72.857228, 662.487423, 35.348382, 0.089763, 2717, 2044.0
763, 66.230919, 659.894224, 47.653596, 0.129645, 2717, 2055.0
764, 67.089480, 661.293031, 44.404527, 0.165625, 2716, 2059.0
765, 72.664055, 660.508955, 37.313075, 0.059253, 2717, 2584.0
766, 68.084673, 662.892055, 41.533867, 0.171071, 2717, 2035.0
767, 69.139128, 662.794082, 41.192084, 0.113324, 2714, 2050.0
768, 71.176582, 661.397712, 38.834834, 0.056772, 2710, 2200.0
769, 75.610345, 660.514373, 37.072158, 0.072030, 2716, 2050.0
770, 72.133525, 661.123788, 37.061469, 0.052591, 2717, 2054.0
771, 72.518504, 661.429447, 35.335552, 0.041778, 2708, 2050.0
772, 71.159418, 660.410761, 41.680210, 0.067191, 2715, 2136.0
773, 71.279695, 664.144984, 36.222996, 0.117283, 2717, 2052.0
774, 72.837421, 660.841354, 40.785595, 0.043946, 2705, 2048.0
775, 67.950557, 661.005471, 41.099035, 0.071706, 2713, 2130.0
776, 70.434922, 660.783147, 43.683339, 0.085912, 2714, 2067.0
777, 70.922158, 660.230174, 42.121207, 0.085929, 2710, 2587.0
778, 69.903808, 661.626751, 40.420681, 0.024627, 2712, 2046.0
779, 71.792556, 660.358673, 41.047525, 0.064638, 2709, 2326.0
780, 71.664615, 661.490794, 39.246189, 0.040553, 2710, 2061.0
781, 75.977265, 659.517366, 32.345092, 0.068824, 2697, 2036.0
782, 73.155174, 660.862509, 36.364208, 0.038026, 2706, 2074.0
783, 71.221570, 661.234822, 41.745690, 0.094810, 2718, 2050.0
784, 70.295612, 662.286975, 39.086398, 0.092633, 2718, 2048.0
785, 71.272028, 662.162645, 38.858952, 0.070078, 2714, 2055.0
786, 70.008284, 660.275943, 40.836274, 0.066529, 2713, 2108.0
787, 69.977171, 661.850666, 43.307991, 0.041330, 2717, 2095.0
788, 67.673765, 662.358727, 42.630245, 0.135407, 2723, 2063.0
789, 68.915783, 660.952175, 45.026962, 0.061856, 2719, 2452.0
790, 72.122016, 662.198877, 33.843281, 0.030485, 2718, 2155.0
791, 66.096420, 662.442600, 43.508185, 0.058757, 2720, 2069.0
792, 71.334284, 662.836236, 37.217409, 0.058006, 2717, 2057.0
793, 73.544986, 660.690910, 35.345392, 0.025411, 2708, 2154.0
794, 67.936876, 660.299831, 45.404673, 0.096184, 2708, 2049.0
795, 70.317848, 658.908300, 46.528282, 0.064854, 2723, 2065.0
796, 71.780952, 661.858078, 38.630808, 0.079603, 2705, 2043.0
797, 65.201121, 664.108263, 39.582323, 0.194537, 2718, 2109.0
798, 72.430538, 659.721970, 41.825988, 0.037800, 2710, 2075.0
799, 70.733500, 660.357339, 42.636788, 0.119538, 2703, 2058.0
800, 73.236507, 659.760789, 41.905531, 0.069054, 2702, 2102.0
801, 68.598406, 664.029726, 39.568966, 0.044930, 2709, 2051.0
802, 71.590922, 660.230788, 39.528201, 0.057681, 2702, 2059.0
803, 67.618056, 657.978244, 47.406609, 0.159906, 2713, 2048.0
804, 68.133223, 662.926840, 43.419536, 0.123041, 2712, 2190.0
805, 70.749507, 659.261014, 44.555295, 0.087770, 2714, 2049.0
806, 73.846182, 659.631002, 35.658698, 0.044477, 2709, 2060.0
807, 68.465693, 659.905654, 47.432614, 0.091495, 2718, 2070.0
808, 71.417997, 661.732028, 39.040790, 0.033764, 2706, 2102.0
809, 70.156790, 661.055001, 41.050962, 0.114555, 2718, 2574.0
810, 66.201102, 658.792093, 44.422611, 0.261996, 2722, 2065.0
811, 69.384418, 661.737098, 40.481257, 0.043085, 2718, 2201.0
812, 71.701496, 662.530632, 33.384308, 0.049422, 2716, 3172.0
813, 68.483115, 663.408894, 42.045039, 0.089229, 2718, 2052.0
814, 67.623184, 660.614138, 42.786879, 0.118718, 2713, 2070.0
815, 71.975515, 659.154312, 43.763889, 0.060325, 2703, 2053.0
816, 67.052557, 660.990241, 44.751011, 0.124585, 2726, 2056.0
817, 70.173746, 662.533094, 41.736538, 0.056045, 2714, 2078.0
818, 70.846146, 661.384654, 40.076372, 0.031380, 2709, 2156.0
819, 70.775489, 660.765625, 35.627127, 0.067168, 2708, 2063.0
820, 65.926010, 662.795379, 42.477639, 0.119871, 2718, 2118.0
821, 67.975003, 661.961510, 43.109122, 0.110341, 2715, 2065.0
822, 72.102156, 662.005391, 39.924442, 0.049091, 2717, 2163.0
823, 70.771921, 661.646459, 38.115297, 0.059499, 2726, 2107.0
824, 68.977107, 663.272590, 38.061902, 0.066060, 2711, 2112.0
825, 70.170823, 660.902211, 37.085693, 0.048435, 2711, 2113.0
826, 75.569053, 659.264150, 35.355170, 0.045342, 2702, 2053.0
827, 70.323415, 662.580359, 37.305816, 0.054630, 2717, 2078.0
828, 64.494066, 661.533485, 43.639317, 0.149563, 2710, 2051.0
829, 67.139655, 660.746128, 43.919215, 0.075649, 2723, 2123.0
830, 71.279015, 661.347640, 37.793775, 0.040906, 2712, 2080.0
831, 69.941952, 662.981101, 39.377947, 0.055459, 2713, 2059.0
832, 70.817921, 659.973562, 39.786704, 0.048564, 2705, 2049.0
833, 65.490437, 657.410062, 50.043048, 0.411584, 2720, 2235.0
834, 67.408713, 659.152994, 46.828517, 0.225397, 2724, 2095.0
835, 68.680820, 663.265007, 38.003667, 0.118329, 2717, 2069.0
836, 71.332269, 659.272354, 44.076878, 0.098815, 2699, 2140.0
837, 68.352385, 661.101576, 43.899408, 0.124119, 2717, 2059.0
838, 66.697966, 659.366935, 44.119773, 0.158152, 2719, 2370.0
839, 69.629206, 661.895787, 39.862398, 0.082717, 2712, 2052.0
840, 68.939607, 660.419171, 40.129932, 0.062665, 2713, 2053.0
841, 69.978880, 661.665771, 40.302605, 0.097516, 2717, 2050.0
842, 69.056874, 660.629740, 43.386058, 0.066674, 2711, 2077.0
843, 67.404284, 663.425154, 40.751742, 0.103092, 2721, 2156.0
844, 70.308602, 662.356750, 36.880297, 0.041288, 2717, 2053.0
845, 73.813121, 659.244449, 35.085609, 0.043011, 2699, 2044.0
846, 65.138611, 663.582833, 42.889340, 0.148698, 2724, 2053.0
847, 74.676436, 659.772846, 34.968068, 0.014335, 2708, 2094.0
848, 67.001626, 658.501556, 47.470218, 0.204413, 2717, 2080.0
849, 68.850482, 663.226322, 38.109795, 0.063098, 2721, 2093.0
850, 68.887795, 658.909546, 45.622491, 0.036675, 2714, 2052.0
851, 68.103191, 658.744567, 47.641533, 0.129081, 2719, 2588.0
852, 69.154683, 661.026153, 38.561156, 0.056178, 2715, 2054.0
853, 70.398357, 662.606926, 36.536757, 0.046422, 2713, 2040.0
854, 64.045156, 656.572055, 49.548500, 0.525472, 2711, 2390.0
855, 72.075078, 661.545181, 35.334196, 0.053602, 2711, 2461.0
856, 65.893033, 660.746355, 45.063654, 0.105936, 2716, 2048.0
857, 67.795826, 657.886287, 47.312525, 0.131389, 2716, 2048.0
858, 67.680537, 662.814203, 42.803847, 0.112368, 2713, 2064.0
859, 73.979434, 660.758571, 35.187823, 0.065465, 2715, 2045.0
860, 70.151792, 661.343247, 41.127637, 0.064128, 2721, 2065.0
861, 71.050437, 662.494099, 37.960189, 0.060430, 2715, 2113.0
862, 70.325613, 661.893003, 40.792707, 0.080375, 2719, 2246.0
863, 67.334413, 662.459125, 42.729673, 0.058613, 2712, 2077.0
864, 67.680358, 663.418003, 41.205708, 0.106157, 2717, 2154.0
865, 68.290309, 662.056343, 41.827147, 0.183689, 2720, 2230.0
866, 72.406034, 659.463360, 42.954804, 0.048191, 2706, 2067.0
867, 72.185195, 660.465779, 37.946776, 0.034790, 2709, 2060.0
868, 71.082335, 661.509307, 42.293448, 0.074363, 2713, 2215.0
869, 73.669807, 661.724464, 34.146577, 0.046728, 2710, 2042.0
870, 71.071420, 661.518720, 38.784176, 0.071389, 2708, 2053.0
871, 68.356131, 662.028874, 44.488668, 0.047980, 2710, 2056.0
872, 70.058169, 662.014107, 40.596019, 0.044161, 2723, 2108.0
873, 71.287541, 660.812480, 39.541002, 0.083673, 2709, 2046.0
874, 70.228032, 661.792627, 37.534585, 0.046594, 2715, 2050.0
875, 68.773725, 659.302608, 44.823435, 0.134703, 2712, 2055.0
876, 72.575528, 658.697303, 41.316097, 0.048452, 2712, 2827.0
877, 71.440096, 662.115412, 35.856533, 0.050562, 2718, 3160.0
878, 68.277491, 662.877302, 40.292545, 0.189491, 2727, 3063.0
879, 66.785572, 664.805788, 37.621133, 0.117585, 2719, 3497.0
880, 69.013301, 662.488405, 40.079457, 0.045690, 2718, 3161.0
881, 68.837972, 663.449152, 39.808629, 0.100775, 2712, 2612.0
882, 68.410093, 663.139917, 39.352141, 0.080898, 2720, 2076.0
883, 72.430538, 659.721970, 41.825988, 0.074332, 2704, 2040.0
884, 69.318079, 661.313298, 41.223652, 0.141830, 2714, 2180.0
885, 71.202262, 660.550034, 40.857325, 0.034238, 2709, 2051.0
886, 69.263430, 662.112607, 40.384763, 0.078651, 2721, 2059.0
887, 67.747102, 660.620891, 46.099157, 0.154860, 2723, 2059.0
888, 71.780217, 660.835221, 40.996430, 0.081869, 2709, 2110.0
889, 68.125296, 662.921285, 41.863110, 0.100622, 2711, 2072.0
890, 70.228032, 661.792627, 37.534585, 0.039149, 2720, 2054.0
891, 72.905721, 660.691021, 39.616282, 0.087011, 2710, 2725.0
892, 67.853123, 660.269080, 47.189999, 0.135492, 2719, 2069.0
893, 72.521359, 659.468617, 40.532938, 0.028090, 2706, 2042.0
894, 66.521932, 660.991826, 44.946345, 0.199658, 2713, 2058.0
895, 73.252393, 660.628602, 34.487264, 0.039521, 2707, 2274.0
896, 66.444425, 662.083805, 40.002156, 0.203385, 2720, 2052.0
897, 72.734196, 661.927043, 33.233577, 0.055660, 2715, 2065.0
898, 71.781840, 660.455105, 37.388202, 0.035130, 2717, 2296.0
899, 75.905540, 659.963556, 31.951366, 0.070893, 2715, 2042.0
900, 73.277192, 658.670660, 34.940268, 0.066128, 2710, 2048.0
901, 70.853910, 660.161340, 42.579540, 0.061176, 2707, 2069.0
902, 68.820621, 660.116821, 42.556389, 0.171884, 2703, 2242.0
903, 71.286172, 659.376630, 44.105518, 0.053762, 2711, 2055.0
904, 69.330417, 661.499972, 38.719881, 0.042047, 2716, 2050.0
905, 69.707069, 658.797600, 43.092117, 0.069142, 2715, 2050.0
906, 67.756389, 659.821993, 47.935266, 0.180956, 2715, 2226.0
907, 68.613057, 662.501192, 39.804427, 0.107974, 2716, 2073.0
908, 71.824683, 660.860758, 36.402640, 0.041140, 2708, 2043.0
909, 69.639262, 660.032336, 42.094816, 0.044084, 2720, 2621.0
910, 66.249570, 659.480379, 46.312665, 0.188481, 2721, 2059.0
911, 67.562904, 660.693544, 46.478090, 0.123274, 2715, 2049.0
912, 72.228655, 660.531913, 43.717243, 0.129590, 2710, 2042.0
913, 67.229550, 665.161384, 38.493205, 0.119225, 2714, 2224.0
914, 70.651255, 662.226826, 35.331189, 0.025759, 2714, 2045.0
915, 67.035902, 661.379841, 41.566384, 0.225733, 2719, 2049.0
916, 65.850053, 661.369094, 44.360369, 0.175370, 2716, 2187.0
917, 74.955814, 660.354306, 34.908602, 0.036726, 2708, 2041.0
918, 67.069854, 663.747452, 38.300008, 0.119698, 2714, 2049.0
919, 68.289715, 660.410959, 42.169172, 0.137401, 2713, 2143.0
920, 68.132150, 660.822039, 46.326029, 0.100026, 2716, 2136.0
921, 68.084009, 662.966684, 38.562484, 0.070240, 2716, 2492.0
922, 73.212758, 660.385887, 33.564132, 0.035555, 2723, 2056.0
923, 70.932621, 660.871996, 40.949188, 0.140643, 2707, 2250.0
924, 69.144958, 663.562298, 42.677856, 0.049142, 2713, 2073.0
925, 70.367696, 661.615768, 38.181187, 0.066042, 2717, 2077.0
926, 69.998214, 660.437641, 40.642205, 0.066265, 2715, 2078.0
927, 70.422807, 663.636634, 37.760616, 0.049061, 2725, 2194.0
928, 70.181606, 662.277342, 40.710750, 0.087160, 2716, 2049.0
929, 68.941480, 662.275338, 39.757318, 0.096549, 2715, 2051.0
930, 71.712475, 659.091413, 39.633595, 0.042853, 2712, 2051.0
931, 68.388784, 661.972346, 43.373839, 0.082249, 2720, 2059.0
932, 73.825155, 659.765748, 36.812120, 0.024523, 2714, 2054.0
933, 69.048483, 660.547407, 43.291125, 0.049695, 2708, 2046.0
934, 74.091397, 660.090735, 35.074746, 0.017903, 2708, 2103.0
935, 74.124211, 658.852152, 43.202357, 0.061768, 2697, 2062.0
936, 72.639844, 661.460277, 32.915799, 0.055608, 2714, 2057.0
937, 76.007394, 659.936148, 30.033788, 0.109902, 2714, 2060.0
938, 75.274339, 659.512023, 39.027886, 0.071454, 2701, 2286.0
939, 71.008274, 662.417600, 37.919767, 0.022855, 2711, 2072.0
940, 74.099500, 660.586208, 35.081805, 0.024645, 2695, 2574.0
941, 72.251238, 659.935764, 40.676335, 0.080378, 2701, 2109.0
942, 70.355982, 661.198824, 42.399655, 0.110397, 2711, 2075.0
943, 69.543005, 662.983195, 33.969466, 0.035640, 2731, 2055.0
944, 70.519070, 661.515492, 38.346451, 0.072404, 2711, 2074.0
945, 71.966654, 661.150929, 37.285856, 0.034031, 2719, 2135.0
946, 69.664803, 661.689701, 40.371595, 0.096013, 2715, 2063.0
947, 71.065830, 663.508537, 35.675755, 0.108686, 2719, 2056.0
948, 73.429037, 659.704326, 36.665091, 0.060887, 2701, 2043.0
949, 68.124177, 662.231438, 40.008344, 0.105236, 2716, 2137.0
950, 70.000212, 661.062956, 42.097967, 0.120334, 2710, 2264.0
951, 70.170411, 662.140853, 40.793161, 0.040934, 2716, 2061.0
952, 71.237978, 662.516183, 39.306859, 0.044708, 2712, 2115.0
953, 69.022717, 659.044499, 41.939372, 0.084848, 2713, 2063.0
954, 69.324769, 662.249640, 42.493633, 0.097137, 2720, 2121.0
955, 70.279366, 662.565912, 36.787614, 0.066330, 2717, 2046.0
956, 69.470943, 662.718049, 41.757540, 0.091585, 2714, 2140.0
957, 71.515116, 657.472057, 46.950944, 0.064566, 2706, 2184.0
958, 74.268667, 659.611374, 36.009813, 0.031297, 2707, 2037.0
959, 69.773054, 662.024667, 41.152043, 0.074069, 2722, 2053.0
960, 67.661409, 661.208378, 42.743117, 0.092589, 2713, 2066.0
961, 67.927146, 660.985520, 42.642580, 0.107282, 2712, 2074.0
962, 74.464305, 658.025547, 37.180624, 0.076990, 2703, 2190.0
963, 69.402811, 660.769244, 45.606019, 0.050986, 2715, 2122.0
964, 70.622012, 661.609462, 40.757568, 0.082143, 2711, 2156.0
965, 73.316631, 659.211763, 37.890491, 0.037719, 2710, 2969.0
966, 70.615654, 662.854096, 39.411962, 0.048618, 2724, 2172.0
967, 67.827170, 659.249504, 46.844459, 0.216455, 2714, 2066.0
968, 69.759286, 662.024718, 39.422065, 0.078723, 2714, 2085.0
969, 74.452781, 659.560852, 36.917128, 0.024589, 2706, 2052.0
970, 74.269760, 658.265062, 36.732251, 0.058309, 2710, 2301.0
971, 71.915424, 660.294438, 42.041987, 0.074263, 2703, 2043.0
972, 71.679600, 660.708834, 37.610028, 0.034297, 2712, 2069.0
973, 70.719939, 662.846012, 35.454188, 0.052513, 2714, 2108.0
974, 71.116614, 660.848024, 40.685976, 0.096876, 2705, 2054.0
975, 68.647792, 660.647686, 43.386145, 0.155036, 2713, 2050.0
976, 69.564787, 660.654337, 43.777273, 0.060727, 2719, 2084.0
977, 71.987251, 661.254537, 43.273102, 0.104186, 2712, 2107.0
978, 69.841214, 661.513070, 41.850164, 0.047930, 2711, 2045.0
979, 71.176770, 660.450059, 40.768480, 0.076280, 2708, 2102.0
980, 67.089480, 661.293031, 44.404527, 0.131054, 2718, 2071.0
981, 70.557130, 661.432259, 41.151955, 0.097715, 2716, 2261.0
982, 68.667000, 662.733149, 43.413613, 0.121020, 2712, 2131.0
983, 69.765082, 661.588874, 40.143678, 0.054385, 2718, 2050.0
984, 68.483934, 658.306030, 46.917569, 0.126660, 2718, 2119.0
985, 67.936687, 660.473169, 44.819259, 0.084898, 2718, 2060.0
986, 69.761830, 661.452405, 39.467148, 0.053550, 2712, 2053.0
987, 68.402049, 660.246626, 47.038425, 0.164591, 2715, 2150.0
988, 68.810473, 661.492033, 40.707877, 0.066925, 2714, 2117.0
989, 68.984692, 663.874777, 38.509719, 0.078369, 2705, 2050.0
990, 67.503135, 659.960116, 45.663293, 0.128740, 2712, 2051.0
991, 70.219392, 660.689159, 45.391407, 0.085893, 2719, 2060.0
992, 73.017266, 660.492139, 37.844652, 0.057887, 2714, 2162.0
993, 71.289420, 662.476563, 37.787934, 0.094121, 2713, 2044.0
994, 71.858705, 660.699374, 40.586800, 0.117726, 2706, 2147.0
995, 70.630995, 660.449931, 39.521364, 0.049113, 2715, 2114.0
996, 74.619291, 661.801853, 33.555786, 0.065737, 2714, 2042.0
997, 73.307933, 661.403776, 38.638526, 0.071514, 2711, 2073.0
998, 67.494116, 663.824652, 40.764041, 0.098025, 2723, 2052.0
999, 67.136347, 661.627142, 43.813344, 0.049943, 2716, 2067.0
