#idx, x0, x1, x2, y, f_neval, total_time (us), 
0, 68.336020, 665.515575, 39.328401, 0.108141, 5471, 3952.0
1, 71.973873, 660.215175, 45.927134, 0.102397, 5399, 3905.0
2, 74.979269, 661.169016, 35.335552, 0.042771, 5428, 3908.0
3, 70.645354, 661.305896, 39.166933, 0.078597, 5473, 3959.0
4, 71.359763, 662.627731, 38.595790, 0.107384, 5441, 3891.0
5, 76.460104, 660.827708, 28.605334, 0.034002, 5417, 3889.0
6, 69.687362, 661.751785, 44.431883, 0.084713, 5474, 3956.0
7, 74.115584, 660.111893, 44.238122, 0.081101, 5414, 3905.0
8, 69.693966, 662.254461, 41.836355, 0.135721, 5472, 3952.0
9, 70.763796, 661.402768, 39.720281, 0.070080, 5449, 3921.0
10, 74.059921, 659.983793, 38.975940, 0.086044, 5452, 3923.0
11, 78.437407, 660.516221, 30.982970, 0.081683, 5423, 3904.0
12, 75.162786, 660.095628, 36.834030, 0.062553, 5430, 3914.0
13, 77.293344, 659.630387, 31.190908, 0.052966, 5413, 3888.0
14, 74.563632, 660.430492, 38.493384, 0.051729, 5430, 3922.0
15, 73.130430, 660.592666, 36.130732, 0.044215, 5434, 3905.0
16, 74.979686, 660.625080, 32.036532, 0.044868, 5420, 3865.0
17, 76.314096, 660.952691, 28.368201, 0.037721, 5415, 3853.0
18, 74.140952, 659.558127, 36.091201, 0.034948, 5423, 3866.0
19, 77.097051, 660.847745, 34.753722, 0.087683, 5424, 3868.0
20, 76.028037, 659.988237, 33.740361, 0.074251, 5402, 3851.0
21, 74.718669, 661.353063, 29.731081, 0.065472, 5445, 3876.0
22, 69.649512, 661.811795, 40.542794, 0.102168, 5466, 3903.0
23, 71.864186, 660.527868, 40.005821, 0.066997, 5444, 3884.0
24, 70.916407, 661.962941, 41.739791, 0.085543, 5450, 3904.0
25, 74.180128, 659.391896, 38.478351, 0.059836, 5440, 3875.0
26, 69.725739, 660.992769, 42.705323, 0.193510, 5441, 3896.0
27, 67.716874, 660.989728, 45.366392, 0.147859, 5467, 3899.0
28, 71.875621, 660.283175, 38.964065, 0.072530, 5467, 3897.0
29, 72.395460, 660.542551, 42.222612, 0.074903, 5455, 3896.0
30, 72.608907, 660.359195, 38.972785, 0.062077, 5455, 3892.0
31, 69.062963, 662.043785, 42.611549, 0.136329, 5465, 3913.0
32, 78.431768, 658.687309, 32.687301, 0.056904, 5432, 3892.0
33, 75.620677, 658.492965, 34.855491, 0.045000, 5432, 3876.0
34, 71.707832, 660.187077, 43.881116, 0.068786, 5469, 3916.0
35, 71.740630, 662.915784, 38.262691, 0.040594, 5465, 3902.0
36, 67.211533, 658.847142, 48.240912, 0.172137, 5471, 3921.0
37, 72.758459, 659.479002, 40.321908, 0.037191, 5417, 3865.0
38, 70.363568, 659.131441, 46.900000, 0.060562, 5426, 3866.0
39, 72.647637, 660.195298, 35.103457, 0.065909, 5433, 3866.0
40, 68.073471, 662.027615, 42.509398, 0.073308, 5472, 3914.0
41, 70.735636, 662.743748, 37.960154, 0.071302, 5478, 3902.0
42, 69.662141, 663.580056, 34.726544, 0.101683, 5471, 3879.0
43, 72.244411, 660.738019, 43.712138, 0.071751, 5447, 3896.0
44, 70.811218, 661.770644, 40.046331, 0.075277, 5459, 3910.0
45, 71.442446, 661.226273, 37.790386, 0.040615, 5443, 3890.0
46, 70.672999, 660.573020, 43.501120, 0.145028, 5441, 3898.0
47, 77.431374, 659.253770, 31.876914, 0.073654, 5401, 3861.0
48, 71.932576, 661.171331, 41.388368, 0.052369, 5447, 3893.0
49, 77.130480, 658.629024, 30.543796, 0.020892, 5436, 3876.0
50, 68.392781, 661.378970, 41.677514, 0.163894, 5457, 3909.0
51, 70.661278, 659.460160, 42.350033, 0.139090, 5425, 3884.0
52, 69.066319, 662.671621, 37.910329, 0.061303, 5465, 3885.0
53, 72.252687, 661.106407, 38.099378, 0.047410, 5447, 3893.0
54, 75.394206, 659.756897, 31.621970, 0.041561, 5397, 3849.0
55, 69.582691, 660.000129, 44.657634, 0.076445, 5460, 3907.0
56, 70.146081, 663.139871, 43.141889, 0.076651, 5472, 3910.0
57, 66.632702, 659.548712, 46.503522, 0.220983, 5470, 3905.0
58, 70.322420, 660.861808, 44.676337, 0.121303, 5455, 3905.0
59, 72.909046, 660.499529, 35.523709, 0.036910, 5446, 3879.0
60, 73.275252, 660.398482, 37.492020, 0.061330, 5429, 3884.0
61, 74.491492, 660.706276, 31.257581, 0.034808, 5447, 3887.0
62, 68.844945, 662.545018, 37.026256, 0.065984, 5475, 3893.0
63, 77.462459, 659.304511, 28.903823, 0.072678, 5395, 3884.0
64, 72.501033, 659.444938, 45.111393, 0.141671, 5408, 3884.0
65, 70.087011, 659.969245, 38.837462, 0.068631, 5444, 3909.0
66, 68.691838, 659.681684, 44.089949, 0.076857, 5471, 3944.0
67, 74.083113, 659.783212, 34.738351, 0.024847, 5459, 3912.0
68, 69.196040, 659.791197, 45.115076, 0.070020, 5477, 3953.0
69, 68.468623, 661.758778, 41.811853, 0.082408, 5469, 3935.0
70, 68.172131, 660.077655, 44.194824, 0.107718, 5468, 3940.0
71, 73.640149, 659.852642, 41.247099, 0.061686, 5415, 3897.0
72, 70.811601, 663.700450, 37.711888, 0.083288, 5473, 3929.0
73, 68.686987, 660.751142, 44.539995, 0.041677, 5472, 3945.0
74, 69.045758, 662.638805, 37.689874, 0.065656, 5467, 3918.0
75, 71.982344, 660.649728, 37.240845, 0.032027, 5449, 3918.0
76, 68.474877, 664.166220, 35.486298, 0.094071, 5465, 3912.0
77, 65.843051, 662.316176, 44.225871, 0.114779, 5468, 3928.0
78, 76.051014, 659.107035, 37.614596, 0.035480, 5411, 3891.0
79, 70.628146, 660.197578, 43.825950, 0.139302, 5438, 3926.0
80, 70.050059, 661.067230, 38.514192, 0.028835, 5467, 3928.0
81, 70.275421, 661.813166, 40.530160, 0.038194, 5469, 3939.0
82, 67.515919, 662.343151, 42.911897, 0.105546, 5472, 3936.0
83, 69.168341, 662.263404, 39.672718, 0.061075, 5472, 3934.0
84, 69.620585, 660.094312, 43.442845, 0.119787, 5453, 3939.0
85, 67.856638, 661.679350, 43.922226, 0.112042, 5475, 3937.0
86, 74.435713, 660.803069, 33.636962, 0.032270, 5433, 3907.0
87, 68.317847, 662.226199, 41.336060, 0.077595, 5473, 3935.0
88, 64.733202, 665.064639, 39.779734, 0.214843, 5467, 3917.0
89, 71.832994, 660.941533, 38.394398, 0.051035, 5451, 3922.0
90, 69.104799, 660.262879, 45.501987, 0.059987, 5463, 3943.0
91, 71.562163, 660.712343, 38.445831, 0.051077, 5439, 3917.0
92, 67.521079, 666.143519, 50.932185, 0.047553, 5461, 3924.0
93, 70.226763, 660.670965, 42.656693, 0.042759, 5445, 3924.0
94, 71.076334, 660.652025, 46.532822, 0.057498, 5467, 3936.0
95, 74.857572, 660.983982, 32.223884, 0.049693, 5440, 3908.0
96, 71.849621, 660.086853, 39.384730, 0.029777, 5445, 3925.0
97, 70.343023, 661.598331, 43.701823, 0.043620, 5473, 3946.0
98, 73.115960, 660.740839, 37.037784, 0.044411, 5453, 3923.0
99, 71.029993, 662.085392, 37.788863, 0.043557, 5456, 3920.0
100, 69.571132, 660.527046, 45.948502, 0.046832, 5459, 3942.0
101, 69.617815, 662.821704, 44.307723, 0.145941, 5463, 3932.0
102, 68.422957, 661.649473, 43.460442, 0.079398, 5471, 3943.0
103, 68.268984, 661.087076, 43.805095, 0.047085, 5471, 3947.0
104, 67.863417, 661.168218, 40.738741, 0.127173, 5470, 3933.0
105, 69.585729, 662.053624, 36.242648, 0.076354, 5470, 3925.0
106, 68.845540, 659.542330, 43.613646, 0.083168, 5466, 3954.0
107, 75.744091, 657.717974, 43.018200, 0.076642, 5378, 3879.0
108, 69.703318, 661.934456, 40.918569, 0.056931, 5468, 3933.0
109, 66.143636, 661.554453, 43.763792, 0.156479, 5467, 3928.0
110, 72.100578, 660.788149, 39.298632, 0.076764, 5449, 3928.0
111, 71.839255, 661.803563, 35.451449, 0.062650, 5468, 3941.0
112, 76.266660, 659.555127, 31.505804, 0.037344, 5430, 3895.0
113, 68.889142, 661.663688, 43.584304, 0.078689, 5464, 3955.0
114, 69.455510, 661.580808, 43.811647, 0.076680, 5468, 3947.0
115, 73.594421, 661.434752, 31.923772, 0.028876, 5427, 3888.0
116, 73.040045, 659.460177, 35.174049, 0.041601, 5431, 3923.0
117, 72.069600, 660.832809, 44.192860, 0.047300, 5442, 3940.0
118, 69.219263, 663.219351, 39.577956, 0.059611, 5473, 3941.0
119, 73.177223, 658.701036, 39.609137, 0.029224, 5426, 3912.0
120, 69.045011, 662.351066, 39.879811, 0.062621, 5467, 3938.0
121, 65.267723, 661.899460, 44.497523, 0.186776, 5470, 3945.0
122, 76.874856, 659.735240, 30.596462, 0.076674, 5415, 3898.0
123, 69.938782, 662.295708, 41.952297, 0.032872, 5478, 3986.0
124, 73.950691, 659.096113, 35.912243, 0.033575, 5433, 3910.0
125, 71.860387, 659.143337, 43.010806, 0.052709, 5434, 3916.0
126, 68.318049, 659.967060, 43.254456, 0.050253, 5469, 3946.0
127, 67.743381, 661.829450, 39.974946, 0.079395, 5472, 3958.0
128, 67.918515, 659.473068, 43.907297, 0.143141, 5479, 3962.0
129, 70.576647, 661.391127, 41.851899, 0.123148, 5471, 4004.0
130, 70.324071, 664.111534, 36.824299, 0.079585, 5471, 3940.0
131, 67.227031, 664.555337, 41.471682, 0.123835, 5464, 3937.0
132, 74.329255, 658.145997, 39.968721, 0.035919, 5410, 3907.0
133, 70.177893, 660.196295, 43.656389, 0.075168, 5467, 3945.0
134, 71.072869, 662.490937, 37.886344, 0.033920, 5473, 3957.0
135, 71.401562, 662.665118, 36.031880, 0.063591, 5460, 3967.0
136, 67.818302, 660.858062, 45.578895, 0.236193, 5467, 3950.0
137, 68.989385, 660.356522, 48.980129, 0.164149, 5456, 3945.0
138, 66.143672, 660.975995, 43.447820, 0.238431, 5470, 3945.0
139, 71.083815, 661.611175, 42.425072, 0.127362, 5462, 3953.0
140, 67.976064, 661.985632, 43.601486, 0.090647, 5469, 3956.0
141, 68.656137, 662.012581, 40.415910, 0.074872, 5462, 3938.0
142, 75.137841, 660.152007, 36.507784, 0.071884, 5454, 3946.0
143, 76.926869, 659.462391, 31.414163, 0.058201, 5426, 3907.0
144, 72.670527, 662.113547, 39.660455, 0.094814, 5443, 3929.0
145, 71.679998, 660.146750, 43.832405, 0.093234, 5423, 3918.0
146, 70.808604, 662.310115, 38.055893, 0.068893, 5473, 3944.0
147, 79.270548, 660.206999, 25.403837, 0.050311, 5424, 3903.0
148, 73.948872, 660.963662, 32.713597, 0.052838, 5444, 3949.0
149, 70.958867, 662.830439, 41.662000, 0.121113, 5465, 3944.0
150, 69.756218, 662.717290, 41.038122, 0.047035, 5476, 3954.0
151, 70.997503, 661.375227, 42.468093, 0.094006, 5470, 3956.0
152, 72.468571, 661.274189, 41.723103, 0.145382, 5432, 3912.0
153, 69.432339, 661.118877, 44.373980, 0.240597, 5464, 3948.0
154, 68.388758, 660.429419, 45.811967, 0.114149, 5470, 4012.0
155, 68.711824, 662.313203, 44.691500, 0.179302, 5471, 3954.0
156, 67.854242, 660.569174, 44.849835, 0.100140, 5469, 3961.0
157, 72.397812, 660.990359, 36.514557, 0.009219, 5449, 3923.0
158, 73.246501, 660.608544, 38.238798, 0.035303, 5442, 3927.0
159, 70.383669, 661.458937, 44.011386, 0.072059, 5472, 3951.0
160, 70.884328, 661.203464, 43.148848, 0.102987, 5448, 3926.0
161, 68.662319, 663.470276, 41.153887, 0.240821, 5471, 3952.0
162, 69.450601, 662.002361, 43.076683, 0.154672, 5471, 3952.0
163, 67.325823, 660.822989, 44.797658, 0.108997, 5467, 3933.0
164, 72.466326, 660.424269, 40.295410, 0.033943, 5443, 3928.0
165, 70.965135, 661.882060, 41.973509, 0.074977, 5450, 3941.0
166, 71.269267, 661.035560, 41.238943, 0.110396, 5446, 3921.0
167, 66.028840, 661.288271, 43.186100, 0.231392, 5476, 3983.0
168, 74.449190, 661.514097, 31.856162, 0.043490, 5437, 3889.0
169, 75.216902, 659.675789, 36.179448, 0.038107, 5433, 3881.0
170, 70.809270, 661.325379, 41.672226, 0.057900, 5464, 3919.0
171, 70.898955, 660.588894, 40.360324, 0.065547, 5451, 3900.0
172, 72.583793, 661.263696, 38.244727, 0.042362, 5454, 3897.0
173, 74.041151, 660.084040, 38.604580, 0.055353, 5440, 3927.0
174, 69.069097, 661.662787, 43.648898, 0.109933, 5471, 3937.0
175, 67.679670, 665.408739, 38.492763, 0.113961, 5465, 3924.0
176, 66.126223, 660.254187, 46.078610, 0.209750, 5465, 3939.0
177, 71.306887, 662.502545, 40.165172, 0.084003, 5449, 3921.0
178, 67.477436, 659.013534, 47.369350, 0.156388, 5466, 3948.0
179, 70.695245, 660.697010, 41.737240, 0.051521, 5462, 3958.0
180, 75.808111, 659.956985, 36.652347, 0.059417, 5419, 3917.0
181, 72.801031, 659.362002, 37.344385, 0.036646, 5427, 3908.0
182, 69.390892, 660.919719, 42.927454, 0.070267, 5469, 3949.0
183, 66.968289, 663.905925, 39.826809, 0.120372, 5471, 3924.0
184, 71.874860, 661.591276, 39.128156, 0.074742, 5470, 3943.0
185, 70.143662, 662.802369, 37.421072, 0.042851, 5467, 3929.0
186, 72.481867, 659.194340, 39.775108, 0.051231, 5438, 3967.0
187, 66.188538, 661.941555, 45.904577, 0.103635, 5465, 3946.0
188, 66.335714, 663.931214, 40.151442, 0.138032, 5466, 3940.0
189, 71.545406, 662.041101, 34.371546, 0.035509, 5473, 3951.0
190, 69.112357, 661.862319, 42.680014, 0.124490, 5464, 3953.0
191, 71.739078, 659.931141, 41.232452, 0.037078, 5454, 3931.0
192, 73.844635, 660.808071, 33.544156, 0.048984, 5446, 3938.0
193, 71.589479, 662.464999, 35.853902, 0.043336, 5458, 3931.0
194, 74.359891, 660.765859, 32.693187, 0.041011, 5447, 3920.0
195, 73.421826, 661.507791, 39.322820, 0.099663, 5444, 3933.0
196, 69.787466, 661.821209, 42.127754, 0.050121, 5468, 3945.0
197, 68.300327, 662.643670, 38.478231, 0.115981, 5466, 3921.0
198, 74.473499, 659.468480, 31.704245, 0.057126, 5454, 3931.0
199, 72.844671, 661.983049, 33.601446, 0.064852, 5445, 3948.0
200, 73.124222, 659.762539, 39.683562, 0.098220, 5432, 3910.0
201, 69.595304, 662.037040, 39.672748, 0.057977, 5467, 3945.0
202, 68.744570, 663.477029, 37.819233, 0.039676, 5463, 3924.0
203, 78.412638, 658.182850, 37.250251, 0.078077, 5403, 3886.0
204, 71.440343, 661.184105, 39.651195, 0.034409, 5444, 3932.0
205, 74.704027, 660.192943, 38.956750, 0.120717, 5404, 3927.0
206, 71.322302, 662.083975, 34.306741, 0.057082, 5467, 3912.0
207, 68.029935, 663.248188, 40.559184, 0.116240, 5467, 3937.0
208, 67.908750, 660.881819, 45.359973, 0.048875, 5472, 3959.0
209, 73.016214, 661.042901, 39.230178, 0.055315, 5442, 3951.0
210, 72.105515, 662.436755, 37.830587, 0.041647, 5450, 3932.0
211, 72.179500, 662.986319, 34.131046, 0.041532, 5475, 3976.0
212, 71.050789, 662.320963, 41.762787, 0.068256, 5455, 3943.0
213, 70.554788, 663.580282, 37.769831, 0.035036, 5475, 3943.0
214, 72.665051, 659.378319, 37.937417, 0.096469, 5421, 3905.0
215, 73.182171, 661.054397, 40.875868, 0.117397, 5426, 3907.0
216, 69.631240, 661.760647, 42.761421, 0.130778, 5448, 3930.0
217, 70.698561, 662.701329, 39.622045, 0.031202, 5477, 3971.0
218, 74.618718, 659.837277, 33.142565, 0.041864, 5426, 3908.0
219, 76.193873, 660.182936, 36.232393, 0.072113, 5427, 3904.0
220, 72.985757, 662.295718, 34.714629, 0.025953, 5466, 3946.0
221, 75.192536, 660.517060, 37.905977, 0.102893, 5424, 3915.0
222, 75.311739, 658.954587, 42.812081, 0.128456, 5382, 3890.0
223, 70.339046, 661.345931, 42.531816, 0.111590, 5447, 3934.0
224, 68.282516, 663.338723, 38.612929, 0.041690, 5469, 3944.0
225, 67.898848, 662.340501, 42.003929, 0.126847, 5469, 3946.0
226, 74.092292, 661.686013, 30.521324, 0.057341, 5444, 3929.0
227, 72.252388, 660.500345, 35.306424, 0.056463, 5454, 3923.0
228, 70.455058, 660.516756, 42.432757, 0.085350, 5447, 3921.0
229, 71.115233, 662.131893, 38.802112, 0.040125, 5458, 3944.0
230, 71.398300, 660.509419, 38.836979, 0.032338, 5451, 3956.0
231, 77.469914, 661.479228, 31.997092, 0.106221, 5430, 3918.0
232, 70.641427, 662.871675, 37.356956, 0.094449, 5463, 3931.0
233, 68.891777, 662.865709, 38.662915, 0.050033, 5473, 3944.0
234, 68.765370, 661.943805, 42.578116, 0.107108, 5465, 3938.0
235, 71.557218, 660.427544, 40.800735, 0.079693, 5437, 3911.0
236, 74.117192, 660.829435, 38.330852, 0.066195, 5453, 3980.0
237, 68.763440, 662.663203, 41.071049, 0.074959, 5471, 3946.0
238, 73.552401, 660.570678, 35.754411, 0.040788, 5441, 3930.0
239, 74.396566, 660.813652, 40.065014, 0.050230, 5427, 3907.0
240, 75.252216, 659.219012, 36.239083, 0.021543, 5429, 3915.0
241, 70.939408, 658.439927, 45.346413, 0.159940, 5431, 3915.0
242, 69.264788, 660.534398, 45.526245, 0.068214, 5472, 3954.0
243, 72.154600, 661.557003, 35.864270, 0.044358, 5454, 3939.0
244, 69.942840, 660.416631, 42.306259, 0.043785, 5472, 3953.0
245, 72.781938, 659.696667, 38.751279, 0.054919, 5425, 3913.0
246, 74.071444, 658.981447, 40.065201, 0.054487, 5412, 3901.0
247, 72.532420, 659.675153, 40.853074, 0.013804, 5449, 3931.0
248, 68.005854, 662.190926, 43.418109, 0.178451, 5469, 3943.0
249, 70.222122, 659.744522, 44.040363, 0.173814, 5426, 3971.0
250, 69.931108, 663.503324, 38.035013, 0.029678, 5469, 3930.0
251, 70.510160, 661.040230, 41.463554, 0.161739, 5451, 3939.0
252, 73.540977, 661.058056, 36.592441, 0.062057, 5415, 3891.0
253, 73.140243, 659.462219, 34.955780, 0.031351, 5433, 3904.0
254, 72.315641, 660.631804, 36.988832, 0.069501, 5447, 3925.0
255, 71.124289, 661.689479, 36.220202, 0.045191, 5475, 3962.0
256, 73.779103, 659.577752, 38.148684, 0.056422, 5429, 3880.0
257, 73.334641, 660.260204, 39.779691, 0.082564, 5429, 3880.0
258, 70.048821, 662.332885, 39.858626, 0.040277, 5472, 3919.0
259, 68.822970, 660.791270, 41.975204, 0.170789, 5445, 3903.0
260, 69.295652, 662.514224, 38.997394, 0.130725, 5470, 3903.0
261, 68.935534, 661.838629, 43.861561, 0.089940, 5459, 3947.0
262, 77.008049, 658.850607, 30.873101, 0.058502, 5429, 3918.0
263, 67.742742, 659.491224, 44.964104, 0.207787, 5472, 3949.0
264, 75.483131, 660.060328, 28.283720, 0.073620, 5418, 3903.0
265, 73.954791, 660.111132, 29.355965, 0.013755, 5446, 3919.0
266, 70.281702, 659.765588, 44.107464, 0.062176, 5449, 3926.0
267, 72.520843, 660.348709, 36.143039, 0.032286, 5438, 3921.0
268, 72.273089, 662.032521, 35.840670, 0.075411, 5434, 3938.0
269, 70.871771, 659.775801, 40.844696, 0.106958, 5428, 3914.0
270, 76.091896, 658.665215, 33.256224, 0.046096, 5413, 3903.0
271, 73.486113, 662.538419, 37.286122, 0.053911, 5449, 3929.0
272, 70.799922, 660.817809, 39.980567, 0.030605, 5457, 3934.0
273, 69.633612, 660.006367, 44.716981, 0.122802, 5449, 3926.0
274, 77.789669, 661.327325, 19.741115, 0.060113, 5458, 3926.0
275, 75.790798, 659.728197, 36.232529, 0.075955, 5416, 3903.0
276, 76.468170, 658.944167, 33.614674, 0.042010, 5424, 3912.0
277, 73.678552, 661.412889, 38.523923, 0.064114, 5448, 3931.0
278, 73.951007, 661.705802, 33.610096, 0.089835, 5413, 3904.0
279, 69.460605, 660.419294, 44.195091, 0.097089, 5467, 3951.0
280, 74.595820, 659.109625, 36.863186, 0.059008, 5452, 3973.0
281, 71.691073, 661.879202, 37.564064, 0.036876, 5448, 3935.0
282, 70.391869, 658.717583, 44.422153, 0.116684, 5453, 3950.0
283, 76.822636, 659.752224, 32.857844, 0.067877, 5436, 3911.0
284, 73.823200, 662.601781, 32.195508, 0.066863, 5475, 3929.0
285, 67.934412, 657.708713, 47.445057, 0.359730, 5460, 3950.0
286, 69.727107, 662.524949, 40.325477, 0.040299, 5480, 3957.0
287, 67.568796, 661.832349, 44.755712, 0.109751, 5472, 3963.0
288, 70.441300, 660.264825, 41.107682, 0.059095, 5446, 3923.0
289, 69.874770, 661.668885, 40.205293, 0.072629, 5470, 3961.0
290, 69.280578, 661.910790, 42.738441, 0.162534, 5467, 3943.0
291, 68.746265, 662.414003, 43.301532, 0.063632, 5465, 3958.0
292, 71.514740, 662.397237, 41.686399, 0.073501, 5467, 3951.0
293, 69.643582, 662.530193, 38.246260, 0.097752, 5450, 3993.0
294, 70.264607, 662.310093, 43.209942, 0.095419, 5455, 3937.0
295, 68.044532, 660.092086, 44.656867, 0.150977, 5464, 3958.0
296, 72.636823, 660.663370, 37.363120, 0.032629, 5472, 3937.0
297, 71.704682, 660.660373, 38.725585, 0.038025, 5441, 3960.0
298, 66.854167, 660.723991, 44.226172, 0.133346, 5475, 3952.0
299, 72.734176, 660.599195, 41.344110, 0.117683, 5425, 3948.0
300, 72.587465, 661.726081, 37.120439, 0.046060, 5451, 3938.0
301, 72.716668, 661.578459, 36.656551, 0.034331, 5447, 3926.0
302, 70.886496, 661.785520, 33.112155, 0.065017, 5469, 3954.0
303, 72.311573, 662.160124, 36.385504, 0.061359, 5447, 3931.0
304, 72.686889, 662.702158, 30.519106, 0.061716, 5472, 3934.0
305, 75.439654, 659.771607, 32.249833, 0.044340, 5430, 3919.0
306, 70.990485, 660.185545, 42.569207, 0.079993, 5441, 3950.0
307, 75.528935, 660.756367, 27.717352, 0.055407, 5409, 3899.0
308, 71.979507, 660.433203, 38.591702, 0.060867, 5432, 3925.0
309, 74.120867, 660.663771, 37.364395, 0.051629, 5439, 3911.0
310, 69.666405, 661.615330, 41.944692, 0.040533, 5468, 3957.0
311, 69.107355, 662.403878, 41.181185, 0.074408, 5467, 3946.0
312, 76.175146, 661.281374, 29.374715, 0.065554, 5445, 3943.0
313, 71.259986, 660.847144, 41.336289, 0.055661, 5442, 3923.0
314, 73.653531, 662.014268, 36.368364, 0.065517, 5450, 3939.0
315, 74.594338, 659.903124, 36.249977, 0.046339, 5435, 3901.0
316, 78.265314, 658.940579, 35.438834, 0.139290, 5401, 3894.0
317, 74.470161, 661.186795, 32.791215, 0.027894, 5456, 3937.0
318, 69.298144, 664.977917, 39.196491, 0.122662, 5471, 3979.0
319, 73.186742, 661.848663, 33.906835, 0.043640, 5436, 3941.0
320, 72.541465, 662.792142, 32.500972, 0.060184, 5466, 3938.0
321, 72.304419, 661.939753, 36.690532, 0.050234, 5469, 3947.0
322, 68.534180, 664.148588, 38.762155, 0.072034, 5471, 3926.0
323, 77.008703, 662.757164, 26.243110, 0.096591, 5447, 3920.0
324, 73.739850, 661.362118, 35.113277, 0.035013, 5464, 3970.0
325, 74.906812, 661.068787, 31.315461, 0.017985, 5445, 3931.0
326, 76.578790, 659.537340, 37.263021, 0.103477, 5413, 3905.0
327, 71.297392, 664.078259, 38.214808, 0.073044, 5470, 3953.0
328, 73.747746, 659.852443, 40.021679, 0.052463, 5429, 3921.0
329, 67.468275, 661.323436, 44.038916, 0.053227, 5471, 3973.0
330, 70.555983, 661.951572, 40.744594, 0.048307, 5455, 3954.0
331, 69.669814, 661.140228, 42.310746, 0.134434, 5452, 3947.0
332, 70.876378, 660.838903, 40.077245, 0.062299, 5442, 3922.0
333, 68.633351, 662.296991, 41.184356, 0.098381, 5468, 3938.0
334, 71.194322, 660.042338, 42.877611, 0.076988, 5451, 3929.0
335, 70.118298, 659.514128, 45.662681, 0.112327, 5445, 3928.0
336, 66.263432, 662.360750, 43.973042, 0.134690, 5466, 3927.0
337, 70.885968, 662.221352, 38.515389, 0.060768, 5472, 3986.0
338, 69.702390, 660.693958, 42.445381, 0.059702, 5471, 3957.0
339, 73.198235, 661.479809, 39.288704, 0.058800, 5457, 3932.0
340, 69.556923, 661.481066, 43.406929, 0.067016, 5470, 3993.0
341, 70.670851, 661.516837, 35.725043, 0.043726, 5469, 3941.0
342, 70.798254, 660.448047, 42.478463, 0.074326, 5444, 3933.0
343, 71.025034, 662.355209, 40.700018, 0.039295, 5468, 3981.0
344, 70.512074, 661.407460, 42.336991, 0.152637, 5445, 3901.0
345, 73.956754, 661.894621, 30.265498, 0.070022, 5462, 3942.0
346, 69.156855, 659.213406, 47.791654, 0.160397, 5476, 3966.0
347, 72.452397, 660.086837, 38.792985, 0.062133, 5421, 3906.0
348, 70.109648, 661.011170, 44.989518, 0.135865, 5457, 3937.0
349, 68.045735, 662.535776, 38.900872, 0.058749, 5465, 3950.0
350, 77.093153, 660.505819, 29.949593, 0.087903, 5408, 3904.0
351, 67.711466, 660.224645, 46.595432, 0.222730, 5465, 3943.0
352, 70.166738, 663.039594, 38.770780, 0.069913, 5467, 3927.0
353, 70.857155, 661.139414, 40.554839, 0.064694, 5469, 3954.0
354, 73.303071, 661.880413, 37.072449, 0.068534, 5445, 3922.0
355, 71.033044, 662.240264, 38.942614, 0.055158, 5449, 3938.0
356, 72.233289, 662.097165, 33.769071, 0.057175, 5467, 3995.0
357, 69.556071, 662.787843, 40.306867, 0.131922, 5463, 3957.0
358, 67.002982, 661.069585, 43.297328, 0.100240, 5464, 3926.0
359, 74.556586, 660.191916, 35.960086, 0.064376, 5443, 3917.0
360, 70.942854, 662.671696, 41.245422, 0.096824, 5468, 3949.0
361, 70.851207, 660.200117, 39.326092, 0.027475, 5452, 3928.0
362, 71.979013, 663.555646, 31.177268, 0.042187, 5472, 4006.0
363, 72.772169, 662.202635, 37.290220, 0.015716, 5449, 3935.0
364, 73.937229, 660.598570, 37.449505, 0.042423, 5450, 3927.0
365, 73.132178, 660.339366, 36.347711, 0.023242, 5446, 3918.0
366, 69.480484, 661.248835, 41.364485, 0.062203, 5469, 3957.0
367, 72.516776, 662.591126, 28.512906, 0.025142, 5468, 3943.0
368, 74.490802, 659.938840, 37.212315, 0.038774, 5439, 3970.0
369, 72.736212, 660.939654, 37.151109, 0.058163, 5457, 3927.0
370, 73.290338, 661.088505, 43.370832, 0.064024, 5440, 3937.0
371, 74.880536, 661.713107, 37.919457, 0.079436, 5441, 3920.0
372, 73.188948, 661.874494, 32.882601, 0.055072, 5473, 3955.0
373, 73.131066, 659.975669, 39.383737, 0.064134, 5431, 3914.0
374, 69.123335, 662.738252, 43.523553, 0.194530, 5468, 3992.0
375, 72.764228, 660.739038, 39.004991, 0.055082, 5445, 3931.0
376, 72.030459, 660.700708, 39.358491, 0.042507, 5443, 3935.0
377, 70.951191, 662.739589, 38.718597, 0.103547, 5474, 3934.0
378, 70.374649, 662.009993, 40.395942, 0.073260, 5469, 3947.0
379, 70.627167, 662.464901, 38.563324, 0.060874, 5470, 3941.0
380, 76.152326, 659.362856, 37.799839, 0.057536, 5421, 3900.0
381, 71.538169, 662.222077, 36.258453, 0.087559, 5433, 3938.0
382, 74.031348, 660.148055, 37.189643, 0.020018, 5444, 3922.0
383, 76.247872, 661.019111, 26.508459, 0.033201, 5411, 3925.0
384, 71.079978, 660.666524, 42.340537, 0.135931, 5413, 3902.0
385, 70.187195, 662.254733, 41.831583, 0.083600, 5457, 3950.0
386, 75.128515, 660.001461, 39.700141, 0.070277, 5428, 3910.0
387, 69.077490, 661.545239, 40.653631, 0.140708, 5473, 4017.0
388, 70.768125, 661.755554, 41.132161, 0.070559, 5466, 3960.0
389, 69.073396, 659.807946, 45.378700, 0.111402, 5475, 3976.0
390, 69.610117, 665.913162, 55.457862, 0.087599, 5433, 3909.0
391, 76.036759, 661.485193, 37.019218, 0.135600, 5427, 3913.0
392, 72.220947, 660.313189, 39.873008, 0.063009, 5445, 3926.0
393, 74.016479, 660.758156, 38.184134, 0.054746, 5453, 3961.0
394, 70.209186, 659.660649, 45.202464, 0.096698, 5447, 3928.0
395, 78.175905, 658.243746, 34.134219, 0.082645, 5413, 3902.0
396, 74.101048, 660.325633, 38.127995, 0.043912, 5444, 3929.0
397, 70.633637, 661.711465, 39.217366, 0.024166, 5471, 3948.0
398, 73.557417, 660.379094, 38.016337, 0.043341, 5453, 3936.0
399, 76.477721, 659.842614, 36.219973, 0.078572, 5435, 3909.0
400, 71.095832, 660.795959, 41.754973, 0.108011, 5453, 3989.0
401, 70.107436, 662.195996, 39.254628, 0.061748, 5474, 3917.0
402, 71.018600, 661.570594, 39.466213, 0.106506, 5437, 3903.0
403, 72.927003, 661.518744, 40.061037, 0.031387, 5441, 3925.0
404, 69.986393, 661.352401, 42.602426, 0.054170, 5464, 3989.0
405, 74.863418, 660.778222, 33.808463, 0.036659, 5453, 3920.0
406, 73.214498, 662.493543, 32.424777, 0.043142, 5462, 3987.0
407, 75.224523, 660.776054, 36.259809, 0.059338, 5430, 3911.0
408, 74.647660, 660.023178, 33.335613, 0.056522, 5443, 3911.0
409, 77.304159, 662.257181, 23.632610, 0.112928, 5443, 3921.0
410, 69.654795, 663.388013, 39.071805, 0.079523, 5468, 3940.0
411, 81.476924, 657.727154, 28.734614, 0.064694, 5398, 3877.0
412, 71.994535, 662.043083, 33.426077, 0.035590, 5466, 3958.0
413, 73.733367, 660.708774, 38.487473, 0.037390, 5456, 3943.0
414, 73.083957, 660.124867, 37.601463, 0.045618, 5453, 3919.0
415, 75.373866, 660.247569, 40.677360, 0.040643, 5399, 3899.0
416, 73.418583, 661.422092, 30.523487, 0.047353, 5459, 3930.0
417, 66.462601, 659.280427, 46.172595, 0.216424, 5465, 3939.0
418, 74.392410, 661.824379, 33.794303, 0.053769, 5443, 3926.0
419, 69.974926, 662.455150, 39.888318, 0.054929, 5465, 4031.0
420, 70.389040, 660.885859, 38.532364, 0.119206, 5466, 3939.0
421, 74.628357, 660.005619, 36.881121, 0.056723, 5417, 3911.0
422, 73.297033, 660.596967, 39.314908, 0.051074, 5451, 3930.0
423, 69.585348, 662.272816, 41.584376, 0.085576, 5467, 3955.0
424, 72.162347, 661.921202, 34.548259, 0.068098, 5467, 3943.0
425, 75.321712, 659.172591, 37.015895, 0.061364, 5427, 3954.0
426, 72.104578, 661.468096, 36.578756, 0.059568, 5450, 3959.0
427, 72.024021, 659.731355, 43.005635, 0.060468, 5451, 3931.0
428, 77.078349, 661.401302, 26.468403, 0.084097, 5402, 3906.0
429, 69.207082, 661.337843, 43.703223, 0.136832, 5474, 3955.0
430, 74.957059, 660.718135, 35.664776, 0.065344, 5433, 3932.0
431, 68.753883, 662.046055, 44.064458, 0.055920, 5476, 3996.0
432, 72.479197, 661.647846, 37.069324, 0.056375, 5452, 3916.0
433, 72.573711, 660.736803, 36.342893, 0.047227, 5449, 3889.0
434, 71.161828, 660.345756, 40.126431, 0.037995, 5460, 3905.0
435, 68.402552, 661.111011, 41.821407, 0.085251, 5473, 3961.0
436, 67.110034, 663.581095, 39.102242, 0.110085, 5470, 3940.0
437, 69.324790, 660.945002, 45.112766, 0.115810, 5467, 3962.0
438, 68.416165, 664.561375, 35.480568, 0.081824, 5464, 3935.0
439, 70.700691, 661.916253, 39.216808, 0.039046, 5460, 3936.0
440, 71.381208, 661.165876, 39.547749, 0.038685, 5445, 3932.0
441, 75.020244, 660.057278, 36.821575, 0.052434, 5426, 3912.0
442, 67.242983, 663.178142, 41.984528, 0.063308, 5471, 3929.0
443, 74.534089, 659.694983, 33.931238, 0.013476, 5440, 3908.0
444, 70.452465, 659.449997, 44.929853, 0.088524, 5454, 3960.0
445, 72.792455, 660.541975, 36.590916, 0.027695, 5449, 3933.0
446, 73.030089, 660.888944, 42.067104, 0.136245, 5430, 3919.0
447, 72.724682, 662.613475, 40.659567, 0.130813, 5453, 3966.0
448, 70.870651, 661.793593, 40.020254, 0.043183, 5463, 3939.0
449, 70.253365, 661.996572, 40.681915, 0.057528, 5469, 3960.0
450, 72.677349, 660.974669, 39.575044, 0.048193, 5446, 3975.0
451, 70.109341, 662.645721, 40.944184, 0.111166, 5467, 3901.0
452, 70.435862, 662.786640, 36.040578, 0.058614, 5470, 3944.0
453, 74.665165, 660.407917, 35.727998, 0.025154, 5446, 3930.0
454, 68.542797, 662.075845, 36.004462, 0.057933, 5468, 3927.0
455, 72.052392, 659.593496, 42.301880, 0.114139, 5421, 3900.0
456, 78.587593, 660.410917, 30.122329, 0.125731, 5424, 3933.0
457, 70.867955, 662.498376, 35.653280, 0.056836, 5468, 3943.0
458, 73.832342, 660.178190, 35.328444, 0.028887, 5440, 3885.0
459, 71.998707, 659.715914, 41.815462, 0.149633, 5419, 3868.0
460, 71.450372, 660.922016, 43.199656, 0.117874, 5450, 3930.0
461, 72.934278, 660.892255, 39.166949, 0.101654, 5427, 3920.0
462, 71.645072, 660.710150, 41.182029, 0.044050, 5460, 3948.0
463, 72.997362, 661.263981, 39.076625, 0.090434, 5422, 3947.0
464, 72.491089, 660.352582, 44.629684, 0.093033, 5420, 3922.0
465, 71.867284, 661.181583, 44.883878, 0.065898, 5468, 3959.0
466, 67.622192, 661.155994, 44.034012, 0.135810, 5471, 3957.0
467, 74.537180, 659.331145, 38.341235, 0.088406, 5433, 3917.0
468, 74.207485, 659.475071, 40.351758, 0.039604, 5407, 3898.0
469, 69.185503, 663.464734, 40.389073, 0.075323, 5467, 3998.0
470, 68.471569, 662.436041, 40.718449, 0.120410, 5459, 3927.0
471, 71.854813, 660.524632, 43.199580, 0.096728, 5447, 3929.0
472, 69.284421, 663.017696, 41.627718, 0.105796, 5471, 3931.0
473, 71.474953, 662.186314, 35.579290, 0.061595, 5470, 3948.0
474, 67.866978, 661.641088, 44.217388, 0.182368, 5468, 3937.0
475, 71.576524, 661.005981, 39.064518, 0.095925, 5427, 3909.0
476, 69.564127, 660.733696, 43.688227, 0.136887, 5469, 3963.0
477, 71.686491, 661.539899, 36.886683, 0.029866, 5449, 3939.0
478, 70.909568, 661.282299, 38.482599, 0.014686, 5468, 3939.0
479, 72.824268, 661.906278, 40.987922, 0.081822, 5459, 3950.0
480, 73.584773, 659.290710, 40.397894, 0.061190, 5413, 3894.0
481, 72.163497, 660.417302, 41.858324, 0.032831, 5456, 3937.0
482, 72.492470, 661.880082, 41.637212, 0.079030, 5448, 3936.0
483, 67.386993, 660.409637, 42.901105, 0.118143, 5472, 3969.0
484, 70.092967, 663.055685, 36.012008, 0.056713, 5469, 3923.0
485, 68.136262, 661.645687, 42.583511, 0.035950, 5475, 3959.0
486, 73.258921, 661.928150, 33.057841, 0.059056, 5466, 3951.0
487, 69.978026, 661.038742, 38.050869, 0.025343, 5471, 3953.0
488, 71.005408, 661.600460, 38.874624, 0.051552, 5467, 3966.0
489, 73.116846, 661.076330, 35.934589, 0.052966, 5452, 3931.0
490, 68.229093, 662.826613, 38.309892, 0.072905, 5477, 3951.0
491, 70.667766, 661.463861, 39.607172, 0.071688, 5474, 3943.0
492, 71.218877, 662.729472, 39.550017, 0.080227, 5447, 3943.0
493, 66.297173, 661.548552, 42.659840, 0.085290, 5469, 3937.0
494, 69.565953, 662.406202, 41.507109, 0.082914, 5465, 3981.0
495, 78.320760, 661.098300, 27.611045, 0.071081, 5405, 3855.0
496, 72.429140, 661.143550, 33.731852, 0.023079, 5474, 3941.0
497, 69.569296, 661.480295, 43.218397, 0.179456, 5463, 3946.0
498, 69.536572, 663.834018, 40.726291, 0.107922, 5461, 3953.0
499, 74.841048, 661.621129, 32.184141, 0.035525, 5455, 3935.0
500, 71.611151, 661.553105, 45.236227, 0.065625, 5448, 3968.0
501, 68.679560, 662.568564, 39.796880, 0.050913, 5480, 3939.0
502, 70.885389, 659.084036, 44.485204, 0.134820, 5429, 3917.0
503, 69.048544, 661.039352, 40.627738, 0.060861, 5462, 3940.0
504, 72.886384, 661.070689, 38.012168, 0.042342, 5446, 3924.0
505, 69.183488, 661.075760, 39.396003, 0.073754, 5450, 3931.0
506, 70.727181, 662.623306, 38.307149, 0.061593, 5466, 3927.0
507, 72.409211, 661.307863, 34.298644, 0.058852, 5462, 3990.0
508, 71.152254, 662.646429, 39.621410, 0.049877, 5444, 3927.0
509, 71.144172, 661.390020, 39.877934, 0.045719, 5470, 3957.0
510, 71.231824, 661.013138, 42.118175, 0.061317, 5450, 3929.0
511, 68.884467, 662.192742, 40.063335, 0.206226, 5455, 3928.0
512, 68.707753, 662.151389, 44.817516, 0.055379, 5462, 3993.0
513, 72.306354, 661.554987, 39.086796, 0.068751, 5450, 3975.0
514, 68.850221, 659.647884, 45.887835, 0.110044, 5454, 3935.0
515, 73.550203, 660.280741, 40.557447, 0.058243, 5427, 3906.0
516, 66.636296, 662.309131, 44.445027, 0.110047, 5471, 3936.0
517, 71.289434, 661.272609, 40.969865, 0.061814, 5449, 3938.0
518, 66.727132, 662.270208, 41.367834, 0.149784, 5471, 3934.0
519, 69.835673, 660.090255, 47.290348, 0.074366, 5450, 3963.0
520, 72.626477, 661.594247, 33.471735, 0.033854, 5473, 3957.0
521, 71.803027, 661.506932, 34.441054, 0.066128, 5469, 3935.0
522, 68.812396, 661.572091, 40.463271, 0.114515, 5475, 3971.0
523, 73.357987, 660.652076, 38.957443, 0.062512, 5431, 3918.0
524, 72.716867, 662.199871, 40.543580, 0.067937, 5446, 3934.0
525, 70.744927, 662.462597, 42.907777, 0.029952, 5466, 3941.0
526, 68.669648, 661.679711, 42.998201, 0.219753, 5467, 3975.0
527, 68.126614, 661.244610, 44.422379, 0.102891, 5468, 3933.0
528, 74.135056, 659.506044, 34.957436, 0.042533, 5427, 3908.0
529, 71.077744, 662.614079, 38.629479, 0.107257, 5445, 3938.0
530, 74.037572, 660.523377, 34.447222, 0.032739, 5452, 3928.0
531, 74.987666, 660.476408, 33.723279, 0.069347, 5449, 3920.0
532, 77.957465, 658.376845, 38.481596, 0.103009, 5391, 3926.0
533, 70.166367, 662.907159, 41.163380, 0.071806, 5466, 3964.0
534, 68.842056, 660.245033, 39.830706, 0.113900, 5472, 3949.0
535, 71.522097, 662.334185, 37.655915, 0.113727, 5466, 3929.0
536, 74.537342, 659.823917, 33.227446, 0.026133, 5427, 3896.0
537, 75.594081, 661.533341, 31.784333, 0.058155, 5432, 3921.0
538, 73.204020, 660.798632, 32.031683, 0.030566, 5434, 3940.0
539, 73.167189, 661.726704, 37.529448, 0.061086, 5446, 3948.0
540, 70.505150, 662.806221, 36.243925, 0.058336, 5471, 3937.0
541, 71.947962, 660.988987, 43.782072, 0.048477, 5449, 3954.0
542, 71.582541, 661.549078, 40.457401, 0.053267, 5448, 3926.0
543, 71.407793, 660.703154, 39.930333, 0.052506, 5469, 3959.0
544, 70.763492, 661.912909, 41.231866, 0.077590, 5469, 3961.0
545, 70.258757, 663.148371, 38.277654, 0.065947, 5463, 3944.0
546, 73.590020, 662.183134, 29.224134, 0.080097, 5470, 3961.0
547, 72.455680, 660.668008, 37.149927, 0.054592, 5457, 3932.0
548, 69.488862, 661.783361, 40.042159, 0.117095, 5468, 3946.0
549, 72.702229, 660.627970, 39.614505, 0.060054, 5449, 3924.0
550, 73.168752, 660.495346, 37.219561, 0.077885, 5432, 3924.0
551, 70.682897, 661.362123, 40.387458, 0.049148, 5470, 3977.0
552, 66.642764, 662.790989, 42.196513, 0.339436, 5470, 3903.0
553, 76.326724, 660.669807, 34.857467, 0.081474, 5404, 3865.0
554, 71.979781, 659.955829, 36.454846, 0.072635, 5432, 3915.0
555, 69.993565, 661.392585, 37.132770, 0.044042, 5468, 3935.0
556, 69.047330, 661.870589, 38.123675, 0.110194, 5470, 3950.0
557, 70.972580, 660.977109, 41.036700, 0.092957, 5463, 3991.0
558, 71.431775, 660.845937, 41.049495, 0.027330, 5456, 3944.0
559, 73.871542, 660.208718, 39.285316, 0.064586, 5433, 3909.0
560, 76.203977, 660.169824, 34.400561, 0.100782, 5420, 3923.0
561, 73.199342, 662.644505, 36.682439, 0.057181, 5457, 3929.0
562, 67.678879, 662.958694, 39.617634, 0.077136, 5473, 3930.0
563, 68.085482, 663.274406, 39.424451, 0.153814, 5468, 3940.0
564, 73.696492, 662.043497, 33.308930, 0.066774, 5450, 3936.0
565, 76.499030, 659.264405, 30.502710, 0.051618, 5436, 3930.0
566, 71.113572, 661.458143, 40.532155, 0.092255, 5453, 3936.0
567, 70.843736, 662.017686, 36.600305, 0.054264, 5471, 3948.0
568, 71.306849, 662.621895, 38.777936, 0.070921, 5450, 3938.0
569, 72.262179, 660.246392, 44.533625, 0.086483, 5422, 3919.0
570, 77.405257, 661.040699, 24.294054, 0.048768, 5427, 3945.0
571, 71.931147, 661.058825, 40.454146, 0.055793, 5441, 3943.0
572, 71.543740, 662.934585, 38.465575, 0.060721, 5470, 3935.0
573, 69.112748, 662.102974, 42.440878, 0.106587, 5469, 3959.0
574, 72.018899, 661.276987, 37.925490, 0.053738, 5446, 3935.0
575, 74.345880, 660.745180, 34.602313, 0.046250, 5446, 3908.0
576, 72.036164, 661.439554, 40.579658, 0.042460, 5444, 3962.0
577, 71.651154, 661.230253, 40.154844, 0.070364, 5447, 3945.0
578, 70.390413, 660.982556, 40.444067, 0.078097, 5471, 3952.0
579, 74.877656, 660.977398, 30.300369, 0.022188, 5435, 3910.0
580, 76.734986, 659.906900, 31.619800, 0.069593, 5426, 3915.0
581, 72.904362, 661.123035, 34.826171, 0.051912, 5453, 3919.0
582, 76.648657, 659.778493, 33.424284, 0.059855, 5402, 4000.0
583, 72.713501, 660.669085, 40.546639, 0.088276, 5431, 3916.0
584, 72.529454, 661.467298, 38.250752, 0.041708, 5451, 3947.0
585, 68.812169, 660.797132, 43.185465, 0.070367, 5473, 3966.0
586, 73.314614, 660.240481, 39.599392, 0.067307, 5433, 3942.0
587, 75.117710, 660.277038, 29.978870, 0.042214, 5422, 3895.0
588, 70.258283, 660.693353, 39.092260, 0.081577, 5477, 3962.0
589, 71.110523, 660.818869, 43.150146, 0.093184, 5454, 3949.0
590, 72.124569, 661.276951, 38.716587, 0.058904, 5454, 3933.0
591, 68.608715, 663.301571, 41.019108, 0.159628, 5471, 3934.0
592, 75.962152, 659.384290, 37.100598, 0.062462, 5411, 3895.0
593, 73.348873, 661.213091, 40.125203, 0.052600, 5448, 3939.0
594, 70.670227, 663.994874, 39.564999, 0.136574, 5463, 3944.0
595, 72.352831, 661.115140, 35.677960, 0.032574, 5451, 3951.0
596, 68.267806, 662.601903, 42.209253, 0.118276, 5471, 3932.0
597, 72.725165, 661.938588, 38.297758, 0.011908, 5461, 3979.0
598, 70.459375, 662.111979, 37.859999, 0.031614, 5475, 3988.0
599, 75.637278, 660.638621, 33.988530, 0.057348, 5433, 3922.0
600, 74.182121, 661.406832, 37.459615, 0.047023, 5445, 3926.0
601, 73.367436, 660.552522, 38.682732, 0.108649, 5426, 3919.0
602, 70.048968, 662.700412, 34.778428, 0.052604, 5462, 3898.0
603, 72.370418, 661.474814, 37.929168, 0.042251, 5454, 3953.0
604, 72.902867, 659.781269, 33.711383, 0.067593, 5422, 3902.0
605, 79.682383, 658.104774, 35.609222, 0.180099, 5377, 3881.0
606, 72.029265, 661.180308, 35.774121, 0.082124, 5427, 3904.0
607, 73.220510, 660.690569, 38.653696, 0.053855, 5451, 3940.0
608, 71.222494, 662.345332, 41.249815, 0.178926, 5451, 4017.0
609, 77.371542, 659.701057, 31.920108, 0.060144, 5404, 3872.0
610, 68.773693, 664.707651, 38.658407, 0.214888, 5470, 3936.0
611, 71.777658, 661.098992, 41.745237, 0.061981, 5448, 3922.0
612, 75.341813, 660.062412, 32.919130, 0.053636, 5430, 3914.0
613, 69.485808, 662.377598, 42.552345, 0.137536, 5469, 3947.0
614, 73.432272, 660.423476, 33.039279, 0.056644, 5478, 3984.0
615, 69.630017, 663.462300, 40.119013, 0.170898, 5471, 3943.0
616, 73.653139, 659.132977, 37.367115, 0.043313, 5431, 3917.0
617, 68.092923, 661.521855, 42.845574, 0.109460, 5469, 3940.0
618, 70.777929, 662.801771, 41.179251, 0.050129, 5465, 3978.0
619, 75.304839, 661.316319, 33.782175, 0.031540, 5444, 3913.0
620, 72.721048, 659.334829, 38.683585, 0.026169, 5447, 3941.0
621, 70.583454, 660.329509, 44.906850, 0.073318, 5469, 4000.0
622, 75.475389, 659.685642, 38.262981, 0.077420, 5412, 3906.0
623, 73.637780, 661.414003, 34.636814, 0.073049, 5448, 3951.0
624, 69.009971, 661.709022, 41.146468, 0.057247, 5465, 3954.0
625, 73.154507, 659.576585, 35.191255, 0.037829, 5421, 3940.0
626, 69.686066, 661.769641, 40.511103, 0.168553, 5451, 3938.0
627, 71.288591, 665.078188, 36.166506, 0.088075, 5473, 3986.0
628, 71.178377, 661.467740, 39.259808, 0.063294, 5470, 3940.0
629, 70.344879, 663.233925, 37.854119, 0.062575, 5470, 3957.0
630, 72.592755, 661.618376, 34.893324, 0.041720, 5463, 3934.0
631, 73.788396, 660.348528, 34.264733, 0.035524, 5434, 3921.0
632, 72.368686, 660.942119, 37.792760, 0.040958, 5457, 3915.0
633, 70.536006, 661.162612, 38.414259, 0.069270, 5472, 3987.0
634, 76.214146, 660.448016, 31.991257, 0.044112, 5434, 3910.0
635, 71.385604, 660.050109, 41.777422, 0.127203, 5431, 3926.0
636, 72.037240, 662.752463, 38.092749, 0.022107, 5451, 3931.0
637, 67.607615, 660.630423, 43.901009, 0.143827, 5473, 3964.0
638, 75.045360, 661.490913, 31.434232, 0.050125, 5448, 3921.0
639, 68.782492, 660.182877, 44.895683, 0.145230, 5468, 3973.0
640, 76.022733, 660.301592, 30.291035, 0.060647, 5415, 3936.0
641, 73.014514, 660.652195, 34.860201, 0.039652, 5444, 3935.0
642, 70.693943, 659.551658, 41.648474, 0.109653, 5465, 3946.0
643, 72.130129, 661.072563, 35.740856, 0.044053, 5453, 3935.0
644, 75.319889, 659.426011, 34.151973, 0.035980, 5438, 3929.0
645, 70.859875, 663.055454, 33.681518, 0.061121, 5470, 3948.0
646, 73.061165, 659.792095, 38.738321, 0.032186, 5451, 3982.0
647, 68.899405, 662.696914, 39.012774, 0.051391, 5471, 3940.0
648, 71.136521, 660.522448, 42.153843, 0.069938, 5452, 3973.0
649, 71.456634, 661.874135, 37.811321, 0.085260, 5452, 3936.0
650, 68.984495, 660.844114, 42.317074, 0.114600, 5451, 3943.0
651, 69.265853, 663.556341, 35.907494, 0.023282, 5466, 3926.0
652, 71.216141, 663.976784, 35.311026, 0.066149, 5469, 3996.0
653, 70.112243, 661.342960, 40.431545, 0.041937, 5467, 3959.0
654, 69.666331, 661.060279, 39.839666, 0.096294, 5450, 3953.0
655, 70.624371, 661.019537, 35.928606, 0.041280, 5469, 3952.0
656, 66.538186, 663.308920, 41.794096, 0.047899, 5463, 3934.0
657, 69.854700, 662.071961, 39.387289, 0.088196, 5463, 3958.0
658, 68.140163, 662.827586, 44.484811, 0.102300, 5470, 3989.0
659, 70.766878, 661.356823, 42.184034, 0.065150, 5468, 4054.0
660, 69.290442, 661.089511, 43.882653, 0.078267, 5443, 3931.0
661, 70.563569, 663.439936, 42.920529, 0.053121, 5467, 3976.0
662, 70.167061, 661.740280, 38.867764, 0.057241, 5456, 3945.0
663, 67.306757, 663.075285, 41.262394, 0.166246, 5473, 4015.0
664, 75.661201, 658.455353, 36.008571, 0.044003, 5426, 3946.0
665, 72.209326, 662.277218, 33.857935, 0.046650, 5472, 3953.0
666, 69.962309, 660.920910, 42.189039, 0.053468, 5474, 3940.0
667, 67.329006, 662.589461, 44.582591, 0.148540, 5466, 3971.0
668, 68.254085, 663.368540, 42.499384, 0.123916, 5461, 3923.0
669, 74.176435, 660.679183, 39.520393, 0.051260, 5458, 3931.0
670, 67.863365, 661.357978, 45.224848, 0.098137, 5467, 3967.0
671, 71.075331, 662.396041, 38.732991, 0.061481, 5458, 4017.0
672, 75.381969, 659.064224, 36.165339, 0.046581, 5436, 3906.0
673, 67.814939, 658.769467, 46.395282, 0.140209, 5464, 3951.0
674, 73.685893, 658.462959, 36.514360, 0.025813, 5441, 3930.0
675, 74.436224, 659.520095, 36.782304, 0.048070, 5432, 3917.0
676, 66.627446, 665.385979, 39.580526, 0.185078, 5467, 4015.0
677, 69.175126, 662.691861, 41.645931, 0.055015, 5468, 4061.0
678, 75.120286, 660.359666, 37.705866, 0.037881, 5446, 3935.0
679, 67.561617, 663.282810, 40.795366, 0.103215, 5470, 3943.0
680, 69.249356, 661.866405, 42.906578, 0.091045, 5472, 4103.0
681, 70.835965, 659.875323, 41.249483, 0.101093, 5448, 3947.0
682, 69.775426, 661.154340, 39.605163, 0.071463, 5467, 3977.0
683, 72.748637, 662.192093, 36.735263, 0.055460, 5459, 3966.0
684, 68.725153, 662.597156, 41.092164, 0.032490, 5470, 3968.0
685, 68.877701, 663.338947, 40.735429, 0.106629, 5473, 3935.0
686, 68.522458, 658.926482, 44.551199, 0.162974, 5456, 4030.0
687, 69.347253, 659.975424, 42.209915, 0.079585, 5452, 3942.0
688, 70.779098, 661.926636, 44.348875, 0.042663, 5448, 3928.0
689, 69.569648, 659.471783, 43.660737, 0.144004, 5474, 4026.0
690, 73.016505, 659.900362, 36.236676, 0.043065, 5423, 3934.0
691, 71.955508, 659.816709, 41.825103, 0.092149, 5428, 3967.0
692, 73.120510, 661.629580, 36.756427, 0.057498, 5442, 3952.0
693, 73.291912, 661.038660, 36.372356, 0.050912, 5449, 3925.0
694, 69.308984, 661.308239, 42.044359, 0.074198, 5470, 3971.0
695, 74.171400, 659.467025, 41.321536, 0.137059, 5423, 3926.0
696, 69.818664, 663.067280, 39.723808, 0.045869, 5462, 3985.0
697, 71.655299, 660.180148, 41.870631, 0.035026, 5447, 4030.0
698, 66.809117, 661.102003, 43.199949, 0.139213, 5473, 3956.0
699, 67.943452, 663.418791, 39.720591, 0.096704, 5475, 3965.0
700, 71.939317, 660.532834, 38.239261, 0.043841, 5455, 3938.0
701, 73.744858, 660.348468, 38.542323, 0.072432, 5430, 3920.0
702, 71.134050, 663.062157, 35.766389, 0.048198, 5474, 3981.0
703, 68.791632, 659.072112, 44.454112, 0.147351, 5466, 3991.0
704, 68.429481, 661.566523, 42.309589, 0.102951, 5474, 3987.0
705, 69.083028, 663.016114, 39.124945, 0.120000, 5464, 3976.0
706, 73.010766, 661.815145, 32.985019, 0.036012, 5466, 3926.0
707, 73.494633, 661.388143, 34.396797, 0.033952, 5449, 3954.0
708, 66.880090, 660.911022, 44.500638, 0.218262, 5467, 4068.0
709, 75.578222, 659.648227, 39.957643, 0.071351, 5412, 3918.0
710, 70.594864, 660.686051, 43.705170, 0.084123, 5449, 3963.0
711, 70.490252, 662.374455, 38.026495, 0.057477, 5466, 3951.0
712, 69.468802, 663.510670, 37.540599, 0.039313, 5465, 3932.0
713, 68.994127, 660.391746, 42.794231, 0.112850, 5469, 3970.0
714, 73.459813, 661.205555, 38.356401, 0.034067, 5456, 4009.0
715, 69.638327, 661.535578, 45.207318, 0.116166, 5466, 3961.0
716, 72.794656, 660.003011, 35.763711, 0.026752, 5455, 3962.0
717, 71.512101, 659.330967, 43.615616, 0.155230, 5411, 3902.0
718, 71.211713, 660.892256, 38.867951, 0.097969, 5429, 3915.0
719, 67.525260, 657.772877, 47.873675, 0.237803, 5462, 4016.0
720, 70.540443, 661.717218, 41.092618, 0.078307, 5453, 3970.0
721, 71.108680, 659.768830, 44.810193, 0.183024, 5431, 3935.0
722, 70.030045, 661.470121, 38.796050, 0.098722, 5470, 3946.0
723, 68.475408, 658.888659, 48.930167, 0.165997, 5467, 3959.0
724, 75.819833, 659.412642, 34.889184, 0.046107, 5423, 3973.0
725, 67.093519, 664.208423, 40.844049, 0.133716, 5473, 3997.0
726, 72.904828, 658.635766, 43.025178, 0.057829, 5413, 3927.0
727, 71.096751, 660.568165, 39.088606, 0.029206, 5448, 3963.0
728, 72.688364, 661.266777, 35.165019, 0.052031, 5463, 3944.0
729, 73.909625, 660.247122, 31.576165, 0.048634, 5424, 3953.0
730, 70.058372, 661.733982, 41.710496, 0.111408, 5447, 3945.0
731, 66.845194, 663.749196, 40.683885, 0.169970, 5472, 3982.0
732, 74.510354, 660.892386, 35.191483, 0.060153, 5420, 3890.0
733, 71.633951, 661.078649, 40.095482, 0.063719, 5448, 4029.0
734, 70.169262, 661.197476, 43.990113, 0.077612, 5455, 3943.0
735, 70.373327, 662.596533, 34.845206, 0.071597, 5471, 3953.0
736, 68.771999, 660.944113, 41.666663, 0.056405, 5478, 3948.0
737, 69.816157, 662.863483, 39.835234, 0.101608, 5465, 3957.0
738, 69.788223, 661.509556, 39.583524, 0.061861, 5475, 4020.0
739, 74.047811, 661.598334, 40.965577, 0.044623, 5446, 3970.0
740, 70.630524, 662.177703, 38.372332, 0.050816, 5480, 3966.0
741, 72.257565, 659.849453, 41.223630, 0.068936, 5422, 3908.0
742, 68.430733, 663.193727, 42.386182, 0.063451, 5464, 4061.0
743, 74.360375, 659.484684, 38.141614, 0.071467, 5433, 3910.0
744, 71.535853, 661.094050, 38.159728, 0.039895, 5464, 3932.0
745, 69.531081, 662.401275, 40.285592, 0.075256, 5469, 3931.0
746, 69.616397, 660.565609, 39.947529, 0.042692, 5470, 4039.0
747, 69.976372, 661.944493, 43.953389, 0.119552, 5446, 3976.0
748, 68.615048, 660.002998, 45.818281, 0.179851, 5466, 3972.0
749, 69.727424, 662.244118, 35.984416, 0.067163, 5465, 3939.0
750, 71.328324, 661.533264, 42.432071, 0.063017, 5438, 3978.0
751, 73.900036, 660.070370, 34.318872, 0.049571, 5431, 3916.0
752, 68.516118, 662.352745, 43.291182, 0.103480, 5478, 3982.0
753, 67.527618, 662.679629, 40.566040, 0.131307, 5465, 3915.0
754, 66.322068, 660.811087, 45.044626, 0.135670, 5470, 3967.0
755, 69.153505, 660.729163, 41.323154, 0.144069, 5425, 3936.0
756, 69.518466, 660.451348, 44.599854, 0.027204, 5461, 4075.0
757, 71.229446, 661.476310, 41.132996, 0.045328, 5449, 4041.0
758, 67.407109, 662.050624, 42.447977, 0.145415, 5468, 4057.0
759, 67.204030, 661.205192, 42.417763, 0.102772, 5473, 3955.0
760, 67.785748, 663.952956, 40.909303, 0.123753, 5466, 3954.0
761, 76.222122, 658.924459, 35.742993, 0.047291, 5410, 3913.0
762, 72.803203, 662.631437, 35.972481, 0.089531, 5469, 3929.0
763, 66.453802, 660.074068, 48.419820, 0.128338, 5468, 3989.0
764, 67.388511, 661.144337, 43.858911, 0.165394, 5467, 3939.0
765, 72.855452, 660.281365, 37.609060, 0.059006, 5449, 3939.0
766, 67.608694, 662.969352, 42.224833, 0.170679, 5472, 3937.0
767, 69.569394, 662.696069, 41.003556, 0.112982, 5468, 4165.0
768, 71.531921, 661.067424, 39.190860, 0.056210, 5454, 3950.0
769, 75.651569, 660.173282, 36.810488, 0.071679, 5441, 3920.0
770, 71.889976, 661.387580, 37.624690, 0.052319, 5468, 3939.0
771, 73.028192, 661.166809, 35.143354, 0.041356, 5447, 4003.0
772, 70.749772, 660.866502, 42.233938, 0.066752, 5480, 3978.0
773, 71.073514, 664.143850, 36.948158, 0.117109, 5466, 3931.0
774, 72.650415, 660.714736, 41.190036, 0.043756, 5447, 3964.0
775, 68.170714, 661.068691, 41.933675, 0.070799, 5465, 3945.0
776, 70.286523, 660.794910, 43.150160, 0.085550, 5466, 3959.0
777, 70.741058, 660.186380, 41.390047, 0.085287, 5447, 4135.0
778, 69.312091, 661.971870, 40.010064, 0.023438, 5465, 3941.0
779, 71.502114, 660.512460, 41.079300, 0.064445, 5445, 3974.0
780, 71.266388, 661.966079, 39.821881, 0.040121, 5448, 3968.0
781, 76.294235, 659.439885, 32.333296, 0.068665, 5393, 3913.0
782, 73.092040, 661.026187, 36.079967, 0.037907, 5449, 3921.0
783, 71.385234, 661.403500, 40.918868, 0.094401, 5449, 4011.0
784, 69.853840, 662.306021, 40.073773, 0.092200, 5470, 3990.0
785, 70.983554, 662.275651, 37.641016, 0.068646, 5470, 3950.0
786, 69.449005, 660.285236, 41.069193, 0.065854, 5467, 3976.0
787, 69.747872, 661.673907, 42.704344, 0.040608, 5471, 3961.0
788, 67.374696, 662.222652, 42.759009, 0.135121, 5470, 4003.0
789, 69.300869, 660.715117, 43.451449, 0.060873, 5469, 3967.0
790, 71.768709, 662.050195, 34.098506, 0.030048, 5466, 4000.0
791, 65.360960, 662.744671, 44.132171, 0.057810, 5469, 3936.0
792, 71.486635, 663.017119, 37.730202, 0.057443, 5475, 3930.0
793, 73.149093, 660.895779, 35.606113, 0.025163, 5436, 3900.0
794, 67.854152, 659.959785, 44.907685, 0.095531, 5466, 3913.0
795, 69.889486, 659.276758, 46.222296, 0.064184, 5464, 3975.0
796, 71.721102, 661.530055, 39.678986, 0.078798, 5454, 3972.0
797, 65.339269, 663.581661, 39.986478, 0.193993, 5472, 3956.0
798, 72.018650, 660.419453, 42.195444, 0.036975, 5448, 3927.0
799, 70.411997, 659.997051, 42.899702, 0.118714, 5452, 3945.0
800, 73.322596, 659.675987, 41.830783, 0.069042, 5433, 3919.0
801, 69.000249, 663.763727, 39.983783, 0.044214, 5465, 3952.0
802, 71.981393, 659.834327, 38.930222, 0.057233, 5424, 3940.0
803, 67.370622, 657.834265, 49.212414, 0.158051, 5470, 3963.0
804, 68.678771, 662.519723, 42.393899, 0.122392, 5470, 3918.0
805, 70.542833, 659.806878, 44.695001, 0.087238, 5447, 3933.0
806, 73.584716, 659.475008, 35.811697, 0.044136, 5446, 3919.0
807, 69.035949, 659.801526, 46.346923, 0.090694, 5470, 3969.0
808, 71.598777, 661.724687, 38.137581, 0.033425, 5452, 3957.0
809, 70.046985, 661.129579, 41.977772, 0.114085, 5463, 3945.0
810, 65.623719, 658.949451, 45.775288, 0.260756, 5472, 3997.0
811, 69.475082, 661.887482, 41.433611, 0.042273, 5467, 3955.0
812, 71.444263, 662.872264, 34.583060, 0.048635, 5471, 3947.0
813, 68.572679, 662.944254, 41.675653, 0.088733, 5473, 3942.0
814, 66.921009, 660.452443, 44.305165, 0.117196, 5464, 3978.0
815, 72.140235, 659.287291, 42.231703, 0.059233, 5432, 3942.0
816, 66.392770, 660.960794, 45.212580, 0.123629, 5463, 3990.0
817, 70.248271, 662.435767, 40.616785, 0.055579, 5474, 3951.0
818, 70.148726, 661.244771, 41.178696, 0.030227, 5451, 3988.0
819, 71.360863, 660.521564, 36.350594, 0.065828, 5432, 3920.0
820, 66.158357, 662.906111, 42.819467, 0.119429, 5461, 3944.0
821, 67.893496, 661.716138, 43.783893, 0.110071, 5467, 3997.0
822, 71.693616, 662.359517, 39.818964, 0.048614, 5444, 3932.0
823, 71.163950, 661.000422, 38.279723, 0.058542, 5472, 3972.0
824, 68.012190, 663.534607, 39.906113, 0.065024, 5467, 3980.0
825, 70.117038, 661.291083, 36.282391, 0.047744, 5470, 3938.0
826, 75.834257, 659.223128, 35.436391, 0.045178, 5438, 3980.0
827, 70.530657, 662.436286, 38.067548, 0.053930, 5475, 4031.0
828, 64.570230, 660.722166, 44.419388, 0.148339, 5470, 3989.0
829, 67.440397, 661.307351, 43.077138, 0.074579, 5465, 3947.0
830, 70.642070, 661.961847, 38.727140, 0.039832, 5454, 3999.0
831, 69.487148, 663.214644, 39.980515, 0.055184, 5463, 3964.0
832, 70.773260, 660.131286, 38.698183, 0.047792, 5429, 3905.0
833, 65.726743, 657.964699, 49.048571, 0.410526, 5469, 3940.0
834, 67.557172, 659.540910, 47.248074, 0.224321, 5457, 3979.0
835, 68.506595, 663.516397, 37.352906, 0.117765, 5473, 3921.0
836, 71.682090, 659.220752, 43.378397, 0.098481, 5421, 3907.0
837, 68.341954, 660.775825, 44.403069, 0.123825, 5467, 3956.0
838, 66.564820, 658.918951, 45.008317, 0.157419, 5470, 3940.0
839, 69.431376, 662.141536, 40.324196, 0.082498, 5476, 3952.0
840, 69.341211, 659.922834, 40.923076, 0.061304, 5461, 3985.0
841, 69.259269, 661.849502, 40.903073, 0.096637, 5465, 3942.0
842, 69.137290, 661.104011, 43.058788, 0.066051, 5468, 3956.0
843, 67.335702, 664.057606, 40.313797, 0.102336, 5471, 3925.0
844, 70.190944, 662.769212, 36.118768, 0.040453, 5465, 3970.0
845, 73.896271, 658.954010, 34.807003, 0.042730, 5425, 3907.0
846, 65.008261, 662.651597, 42.953734, 0.147349, 5464, 3978.0
847, 74.705797, 660.017114, 35.265811, 0.014023, 5454, 3935.0
848, 66.495569, 658.572210, 48.221600, 0.203719, 5472, 3967.0
849, 68.880382, 662.731940, 38.398453, 0.062544, 5471, 3928.0
850, 68.954707, 659.382546, 45.543315, 0.036098, 5473, 3946.0
851, 67.922768, 659.215364, 46.861495, 0.128277, 5463, 3953.0
852, 69.458943, 661.316586, 37.697666, 0.055503, 5467, 3930.0
853, 70.240556, 663.567035, 38.029936, 0.042793, 5467, 3964.0
854, 64.596006, 655.423477, 49.214650, 0.522605, 5436, 3916.0
855, 72.053532, 661.720251, 35.938949, 0.053257, 5449, 3925.0
856, 66.568107, 660.080117, 44.806754, 0.104693, 5472, 3954.0
857, 67.662212, 658.082672, 48.794725, 0.129661, 5476, 3982.0
858, 68.296455, 662.155419, 42.716978, 0.111083, 5467, 3949.0
859, 73.972024, 660.697998, 35.714655, 0.065335, 5446, 3911.0
860, 69.440734, 661.255230, 41.075747, 0.062398, 5476, 3951.0
861, 71.094004, 662.304118, 37.452313, 0.060203, 5470, 3936.0
862, 70.139422, 662.219969, 40.382605, 0.079979, 5477, 3941.0
863, 67.644610, 662.494338, 41.493379, 0.058002, 5467, 3922.0
864, 68.213781, 663.455886, 40.628949, 0.105667, 5464, 3914.0
865, 67.637328, 661.893000, 42.559298, 0.182906, 5473, 3955.0
866, 71.647497, 659.885228, 43.802547, 0.047375, 5443, 3952.0
867, 72.053496, 660.371710, 37.020340, 0.034097, 5453, 3932.0
868, 71.344947, 661.652543, 42.146728, 0.074079, 5461, 3942.0
869, 73.464602, 661.746575, 34.811742, 0.046570, 5448, 3917.0
870, 71.088554, 661.979190, 38.391511, 0.070802, 5460, 3943.0
871, 69.040465, 661.587311, 42.231742, 0.046284, 5470, 3959.0
872, 70.398466, 661.995710, 40.490853, 0.043917, 5469, 3944.0
873, 71.428292, 661.015949, 39.707514, 0.083386, 5447, 3928.0
874, 70.190404, 661.659637, 37.724886, 0.046539, 5451, 3933.0
875, 68.502947, 659.398662, 46.083948, 0.133899, 5472, 3970.0
876, 72.515978, 659.178990, 41.573352, 0.047838, 5424, 3912.0
877, 71.174659, 661.898263, 36.570357, 0.050155, 5466, 3926.0
878, 68.058422, 663.020254, 41.591678, 0.188301, 5469, 3940.0
879, 67.312727, 664.584552, 37.564130, 0.117015, 5470, 3924.0
880, 68.640681, 662.460399, 39.303505, 0.044469, 5468, 3940.0
881, 68.550119, 662.855682, 40.521814, 0.099846, 5465, 3939.0
882, 68.188360, 662.961998, 40.199746, 0.080541, 5471, 3939.0
883, 72.264626, 659.906998, 41.762126, 0.074238, 5430, 3911.0
884, 69.040314, 661.372392, 41.231051, 0.141607, 5456, 3937.0
885, 71.564016, 660.452895, 40.997035, 0.033895, 5444, 3928.0
886, 68.873800, 661.890732, 42.019776, 0.077269, 5471, 3951.0
887, 68.150297, 660.364998, 46.307597, 0.154270, 5469, 4031.0
888, 71.577104, 661.165580, 40.999949, 0.081643, 5447, 3927.0
889, 67.652654, 663.384169, 42.627440, 0.100193, 5469, 3924.0
890, 69.915397, 662.110271, 38.530438, 0.038678, 5463, 3937.0
891, 72.285495, 660.644255, 40.881993, 0.086016, 5449, 3939.0
892, 67.719817, 660.404396, 46.473319, 0.134859, 5475, 3956.0
893, 72.448472, 659.610917, 40.072044, 0.027917, 5454, 3934.0
894, 66.561759, 661.921632, 44.199953, 0.198401, 5469, 3941.0
895, 72.802768, 660.804240, 35.126537, 0.039190, 5450, 3919.0
896, 66.848910, 661.962953, 40.570043, 0.202323, 5471, 3980.0
897, 72.317335, 662.112177, 33.553604, 0.055349, 5480, 3950.0
898, 71.681704, 660.192920, 36.489451, 0.034300, 5455, 3930.0
899, 75.878577, 660.091581, 32.046247, 0.070821, 5453, 3925.0
900, 73.140918, 659.015830, 35.476790, 0.065607, 5426, 3977.0
901, 70.944842, 660.239579, 41.560893, 0.060680, 5448, 3930.0
902, 69.103545, 659.660403, 42.363790, 0.171456, 5455, 3938.0
903, 71.294950, 659.660141, 43.522935, 0.053384, 5461, 3946.0
904, 69.348338, 661.423196, 38.002013, 0.041775, 5467, 3975.0
905, 69.076802, 659.862531, 43.134673, 0.066948, 5468, 3947.0
906, 68.395533, 659.239625, 47.584506, 0.179785, 5465, 3955.0
907, 69.006839, 661.862904, 39.716271, 0.107135, 5444, 3935.0
908, 71.348535, 660.565787, 36.179329, 0.039881, 5447, 3922.0
909, 69.623780, 660.490538, 43.527741, 0.042321, 5469, 3957.0
910, 66.711847, 658.862815, 46.607275, 0.187485, 5471, 3948.0
911, 67.533226, 660.460932, 47.135766, 0.122949, 5473, 3950.0
912, 71.963736, 660.271480, 44.266610, 0.129125, 5428, 3908.0
913, 67.137812, 664.493738, 39.609729, 0.117450, 5475, 3993.0
914, 70.755951, 662.327372, 36.162452, 0.025149, 5469, 3933.0
915, 66.900837, 661.372127, 42.712912, 0.224807, 5474, 3948.0
916, 65.339361, 660.826635, 44.986051, 0.174313, 5472, 3944.0
917, 74.626096, 660.258891, 35.241460, 0.036382, 5439, 3992.0
918, 67.538640, 663.876720, 38.216744, 0.119048, 5464, 3917.0
919, 67.841918, 659.903086, 43.729363, 0.135861, 5465, 3959.0
920, 67.859997, 661.249885, 46.004294, 0.099503, 5470, 3952.0
921, 68.265590, 662.363701, 38.759936, 0.069473, 5468, 3920.0
922, 72.604276, 660.612425, 34.106744, 0.035048, 5475, 3912.0
923, 70.687705, 661.148315, 41.478666, 0.140329, 5443, 3894.0
924, 69.133932, 663.227380, 43.499160, 0.048490, 5469, 3917.0
925, 70.375271, 662.314909, 38.285956, 0.064594, 5466, 3939.0
926, 69.860070, 660.973346, 40.416558, 0.065645, 5465, 3983.0
927, 70.253938, 663.435676, 38.433190, 0.048743, 5472, 3927.0
928, 69.898572, 662.086923, 40.702974, 0.086736, 5455, 3939.0
929, 69.534348, 661.667212, 40.281726, 0.094819, 5447, 3926.0
930, 72.013654, 659.381372, 39.187807, 0.042170, 5453, 3969.0
931, 68.293052, 661.866934, 43.995370, 0.082066, 5468, 3959.0
932, 73.614279, 659.995901, 37.215823, 0.024354, 5461, 3944.0
933, 68.831178, 661.192497, 43.602399, 0.049029, 5468, 3950.0
934, 73.574985, 660.357300, 35.771362, 0.017375, 5461, 3943.0
935, 73.539782, 658.968333, 43.994441, 0.061018, 5412, 3904.0
936, 72.739985, 661.949216, 33.846486, 0.053906, 5464, 3943.0
937, 76.507396, 659.688078, 29.441105, 0.109406, 5416, 3904.0
938, 75.026325, 659.474760, 38.909558, 0.071233, 5405, 4046.0
939, 70.525635, 662.603734, 38.539624, 0.022575, 5466, 3969.0
940, 73.583160, 660.810060, 35.199573, 0.024213, 5448, 3928.0
941, 72.400063, 659.928354, 39.696200, 0.079957, 5427, 3918.0
942, 70.574795, 661.402002, 41.598809, 0.109976, 5464, 3949.0
943, 70.049469, 662.768359, 33.043679, 0.035267, 5470, 3974.0
944, 70.463125, 661.134230, 38.767587, 0.071980, 5461, 3942.0
945, 71.874273, 661.069644, 38.174805, 0.033663, 5471, 3938.0
946, 68.918868, 662.069378, 40.425055, 0.094765, 5472, 3932.0
947, 70.503701, 663.737714, 35.925910, 0.108157, 5472, 3934.0
948, 73.333147, 659.495664, 37.409975, 0.060503, 5426, 3915.0
949, 67.586609, 663.049553, 40.009914, 0.103704, 5468, 3916.0
950, 69.409700, 661.277324, 42.816070, 0.119844, 5448, 3926.0
951, 69.972045, 662.219630, 40.081546, 0.040344, 5470, 3945.0
952, 71.104932, 662.308143, 39.356382, 0.044473, 5441, 3998.0
953, 69.626141, 659.078670, 41.994551, 0.083687, 5467, 3933.0
954, 69.438455, 662.499827, 42.437772, 0.096943, 5474, 3963.0
955, 69.721129, 662.974870, 37.483585, 0.065844, 5464, 3934.0
956, 69.912028, 662.261137, 41.568984, 0.091007, 5452, 3967.0
957, 71.259377, 657.928908, 46.411322, 0.063917, 5424, 3922.0
958, 74.068222, 659.609852, 35.755634, 0.031115, 5430, 3899.0
959, 69.317559, 662.692500, 41.599073, 0.073404, 5475, 3947.0
960, 67.928093, 661.594842, 42.586337, 0.091995, 5470, 4020.0
961, 67.205111, 660.813559, 43.990714, 0.106009, 5478, 3952.0
962, 74.269007, 658.365568, 37.173244, 0.076726, 5425, 3898.0
963, 69.956931, 660.750078, 45.282185, 0.050307, 5468, 3963.0
964, 70.686164, 661.747599, 39.780297, 0.081594, 5453, 3945.0
965, 73.170124, 659.171820, 38.161278, 0.037635, 5459, 3929.0
966, 70.994432, 662.989358, 39.462268, 0.048079, 5465, 3942.0
967, 67.654179, 659.555056, 46.286096, 0.215950, 5468, 3958.0
968, 70.234182, 662.059717, 39.152242, 0.078269, 5468, 3945.0
969, 74.556775, 659.515231, 36.196101, 0.024369, 5441, 3954.0
970, 73.813308, 658.532582, 36.497191, 0.057813, 5431, 3903.0
971, 71.420158, 660.576344, 43.032369, 0.073692, 5443, 3925.0
972, 71.113773, 660.657426, 37.376327, 0.033202, 5455, 3925.0
973, 70.804862, 662.950340, 36.075989, 0.052116, 5464, 3927.0
974, 71.093351, 661.156142, 40.196005, 0.096549, 5445, 3931.0
975, 68.487644, 660.314851, 43.750871, 0.154644, 5449, 3941.0
976, 69.850041, 660.250598, 42.671758, 0.060203, 5469, 3939.0
977, 71.589949, 661.259578, 43.780169, 0.103900, 5451, 3942.0
978, 69.918109, 661.039012, 42.226280, 0.047400, 5470, 3949.0
979, 71.374213, 660.313380, 41.229173, 0.075993, 5449, 3933.0
980, 67.327336, 661.056023, 44.533258, 0.130821, 5468, 3950.0
981, 70.625995, 661.077272, 40.734420, 0.097381, 5463, 3947.0
982, 68.172425, 662.989351, 43.580531, 0.120519, 5465, 3957.0
983, 69.513983, 661.974153, 40.684842, 0.054111, 5464, 3943.0
984, 67.863307, 658.585294, 47.212345, 0.125864, 5465, 3954.0
985, 68.025756, 660.124561, 43.978312, 0.084419, 5474, 3954.0
986, 69.538931, 661.965643, 39.548448, 0.053009, 5467, 3944.0
987, 68.489238, 660.185703, 46.296960, 0.164228, 5464, 3952.0
988, 69.017806, 661.593529, 40.445323, 0.066814, 5468, 3939.0
989, 69.318740, 663.668504, 38.950293, 0.077785, 5469, 3939.0
990, 67.814763, 659.996435, 44.595303, 0.128169, 5470, 3959.0
991, 69.660785, 660.870398, 46.267034, 0.085337, 5453, 4018.0
992, 73.023901, 660.534422, 38.322026, 0.057748, 5438, 3918.0
993, 70.839638, 662.938016, 38.353644, 0.093506, 5475, 3936.0
994, 71.241851, 661.110242, 40.424673, 0.116622, 5457, 3935.0
995, 70.391333, 660.632414, 38.807165, 0.048457, 5456, 3968.0
996, 74.558990, 661.888817, 32.769032, 0.065396, 5427, 3898.0
997, 72.916021, 661.318619, 38.425002, 0.070852, 5423, 3905.0
998, 67.496286, 663.574308, 40.084502, 0.097497, 5473, 3936.0
999, 67.697758, 661.488851, 43.679702, 0.049232, 5471, 3954.0
