#idx, x0, x1, x2, y, f_neval, total_time (us), 
0, 68.356728, 665.474919, 39.387323, 0.108147, 4444, 3264.0
1, 72.000570, 660.223491, 45.879077, 0.102401, 4401, 3248.0
2, 74.972680, 661.178130, 35.337718, 0.042772, 4421, 3352.0
3, 70.682539, 661.326885, 39.099412, 0.078600, 4442, 3297.0
4, 71.392146, 662.624604, 38.670394, 0.107391, 4434, 3319.0
5, 76.441151, 660.803298, 28.649669, 0.034005, 4413, 3224.0
6, 69.739700, 661.685684, 44.317422, 0.084721, 4446, 3273.0
7, 74.200018, 660.056758, 44.153200, 0.081110, 4403, 3281.0
8, 69.786757, 662.237942, 41.735414, 0.135728, 4443, 3298.0
9, 70.758495, 661.432753, 39.715553, 0.070083, 4429, 3363.0
10, 74.042527, 659.969072, 38.916554, 0.086047, 4433, 3250.0
11, 78.427857, 660.509110, 31.002431, 0.081684, 4413, 3257.0
12, 75.081768, 660.135798, 36.872150, 0.062560, 4417, 3315.0
13, 77.268033, 659.626204, 31.174504, 0.052970, 4417, 3228.0
14, 74.606302, 660.409615, 38.521740, 0.051732, 4420, 3360.0
15, 73.176567, 660.573786, 36.107028, 0.044217, 4419, 3236.0
16, 75.003719, 660.635527, 31.965618, 0.044870, 4414, 3227.0
17, 76.320882, 660.976335, 28.282122, 0.037725, 4403, 3263.0
18, 74.186070, 659.545589, 36.108499, 0.034952, 4412, 3226.0
19, 77.091493, 660.839554, 34.833791, 0.087689, 4417, 3476.0
20, 76.047542, 659.988386, 33.790194, 0.074253, 4404, 3224.0
21, 74.743447, 661.346004, 29.593241, 0.065478, 4422, 3229.0
22, 69.705674, 661.800928, 40.363794, 0.102190, 4443, 3258.0
23, 71.901062, 660.493999, 40.171075, 0.067015, 4427, 3254.0
24, 70.915967, 661.902158, 41.659431, 0.085551, 4430, 3462.0
25, 74.123571, 659.372993, 38.467515, 0.059844, 4418, 3231.0
26, 69.748743, 661.032209, 42.724205, 0.193518, 4421, 3241.0
27, 67.748708, 661.067203, 45.268559, 0.147870, 4450, 3282.0
28, 71.852359, 660.339117, 38.990116, 0.072534, 4438, 3259.0
29, 72.373183, 660.542863, 42.202366, 0.074907, 4430, 3357.0
30, 72.607665, 660.357944, 38.941020, 0.062078, 4431, 3242.0
31, 69.075063, 661.996465, 42.587300, 0.136339, 4448, 3308.0
32, 78.423865, 658.730497, 32.598235, 0.056911, 4421, 3252.0
33, 75.596730, 658.466028, 34.826388, 0.045007, 4422, 3239.0
34, 71.741275, 660.123428, 43.828909, 0.068794, 4449, 3535.0
35, 71.812141, 662.905805, 38.127302, 0.040599, 4442, 3261.0
36, 67.237901, 658.791493, 48.153075, 0.172154, 4451, 3439.0
37, 72.780837, 659.466096, 40.180815, 0.037197, 4414, 3256.0
38, 70.348550, 659.093435, 46.844009, 0.060567, 4412, 3228.0
39, 72.663408, 660.192568, 35.214572, 0.065913, 4424, 3351.0
40, 68.256912, 661.976772, 42.234256, 0.073334, 4447, 3260.0
41, 70.725916, 662.707389, 37.971284, 0.071305, 4439, 3356.0
42, 69.630188, 663.576456, 34.867922, 0.101691, 4446, 3240.0
43, 72.237225, 660.785892, 43.682261, 0.071756, 4442, 3262.0
44, 70.785425, 661.735533, 40.054575, 0.075283, 4430, 3398.0
45, 71.487874, 661.175068, 37.606171, 0.040623, 4430, 3234.0
46, 70.587760, 660.532279, 43.555013, 0.145045, 4421, 3308.0
47, 77.461284, 659.250387, 31.794346, 0.073657, 4401, 3231.0
48, 71.916183, 661.208272, 41.362413, 0.052374, 4425, 3241.0
49, 77.111018, 658.635694, 30.428447, 0.020896, 4420, 3803.0
50, 68.435365, 661.349447, 41.662901, 0.163902, 4438, 3257.0
51, 70.726698, 659.538652, 42.163159, 0.139116, 4419, 3303.0
52, 69.032387, 662.655560, 38.072410, 0.061317, 4435, 3230.0
53, 72.291286, 661.086401, 38.003323, 0.047415, 4426, 3404.0
54, 75.391299, 659.775371, 31.647977, 0.041564, 4400, 3295.0
55, 69.502412, 659.960329, 44.806228, 0.076458, 4430, 3369.0
56, 70.198059, 663.056823, 43.042268, 0.076659, 4451, 3651.0
57, 66.593151, 659.603069, 46.513699, 0.220992, 4448, 3277.0
58, 70.404077, 660.832425, 44.544338, 0.121312, 4431, 3310.0
59, 72.907858, 660.479976, 35.623732, 0.036914, 4431, 3292.0
60, 73.275253, 660.382313, 37.516334, 0.061333, 4419, 3241.0
61, 74.522465, 660.669721, 31.207521, 0.034812, 4424, 3323.0
62, 68.880635, 662.490845, 36.908688, 0.065989, 4440, 3236.0
63, 77.421426, 659.309112, 28.885667, 0.072683, 4406, 3555.0
64, 72.571772, 659.441309, 45.024844, 0.141679, 4402, 3259.0
65, 70.103889, 659.907737, 38.845017, 0.068639, 4432, 4330.0
66, 68.718145, 659.609048, 44.118530, 0.076876, 4449, 3284.0
67, 74.057559, 659.777930, 34.751987, 0.024849, 4443, 3302.0
68, 69.182531, 659.799944, 45.264812, 0.070038, 4445, 3364.0
69, 68.498682, 661.695174, 41.796983, 0.082421, 4445, 3313.0
70, 68.227790, 660.085099, 44.086707, 0.107723, 4443, 4430.0
71, 73.699892, 659.788839, 41.210936, 0.061691, 4404, 3228.0
72, 70.831424, 663.706056, 37.774309, 0.083297, 4444, 3300.0
73, 68.668500, 660.681883, 44.502879, 0.041686, 4448, 3308.0
74, 69.102394, 662.536161, 37.673307, 0.065674, 4444, 3356.0
75, 72.047517, 660.561683, 37.232916, 0.032046, 4428, 3361.0
76, 68.546108, 664.130172, 35.487194, 0.094082, 4447, 3244.0
77, 65.861949, 662.326222, 44.284134, 0.114785, 4448, 3392.0
78, 76.023429, 659.111718, 37.686490, 0.035482, 4404, 3259.0
79, 70.571389, 660.224378, 43.852235, 0.139306, 4420, 3362.0
80, 69.959000, 661.089683, 38.581952, 0.028846, 4444, 3251.0
81, 70.176159, 661.840680, 40.583270, 0.038209, 4439, 3251.0
82, 67.535839, 662.385563, 42.752847, 0.105554, 4455, 3317.0
83, 69.205361, 662.119943, 39.451171, 0.061106, 4442, 3284.0
84, 69.626834, 660.121122, 43.578033, 0.119798, 4433, 3478.0
85, 67.837465, 661.666367, 43.966841, 0.112045, 4443, 3451.0
86, 74.470417, 660.813476, 33.583552, 0.032273, 4415, 3307.0
87, 68.260496, 662.315603, 41.374020, 0.077603, 4446, 3253.0
88, 64.720534, 665.139977, 39.766243, 0.214848, 4444, 3284.0
89, 71.829658, 660.947024, 38.358184, 0.051037, 4429, 3411.0
90, 69.062295, 660.273437, 45.397076, 0.060001, 4447, 3307.0
91, 71.601821, 660.612554, 38.359074, 0.051093, 4424, 3445.0
92, 67.448377, 666.252769, 51.126272, 0.047587, 4442, 3246.0
93, 70.291049, 660.628178, 42.679875, 0.042767, 4427, 3307.0
94, 70.999596, 660.781464, 46.757362, 0.057519, 4442, 3321.0
95, 74.899127, 660.928299, 32.253221, 0.049699, 4420, 3231.0
96, 71.843490, 660.078698, 39.466579, 0.029782, 4431, 4907.0
97, 70.300926, 661.638580, 43.661055, 0.043627, 4447, 4889.0
98, 73.118487, 660.753072, 37.091356, 0.044413, 4430, 3266.0
99, 71.035750, 662.111848, 37.836033, 0.043565, 4433, 3244.0
100, 69.444186, 660.539476, 46.146555, 0.046852, 4435, 3318.0
101, 69.642258, 662.792759, 44.343357, 0.145944, 4445, 3256.0
102, 68.350790, 661.641094, 43.506250, 0.079413, 4446, 3338.0
103, 68.288619, 661.010701, 43.875586, 0.047094, 4441, 3262.0
104, 67.796918, 661.115407, 40.895572, 0.127189, 4446, 3270.0
105, 69.535366, 662.142034, 36.332952, 0.076383, 4450, 3557.0
106, 68.876143, 659.637857, 43.447918, 0.083187, 4447, 3272.0
107, 75.709388, 657.719409, 42.979476, 0.076643, 4379, 3372.0
108, 69.628558, 661.924895, 40.958230, 0.056942, 4447, 3252.0
109, 66.129649, 661.549888, 43.762620, 0.156481, 4443, 3496.0
110, 72.053168, 660.833234, 39.240929, 0.076774, 4424, 3555.0
111, 71.828950, 661.847909, 35.439383, 0.062659, 4447, 3271.0
112, 76.304551, 659.520092, 31.543431, 0.037348, 4430, 3423.0
113, 68.931358, 661.593764, 43.540797, 0.078695, 4446, 3465.0
114, 69.452404, 661.501245, 43.789847, 0.076689, 4443, 3259.0
115, 73.588020, 661.388019, 31.966947, 0.028883, 4415, 3324.0
116, 73.058221, 659.463450, 35.230120, 0.041603, 4421, 3317.0
117, 72.069564, 660.859428, 44.145407, 0.047305, 4430, 3412.0
118, 69.206715, 663.233173, 39.422186, 0.059623, 4442, 3250.0
119, 73.195372, 658.671163, 39.610801, 0.029227, 4413, 3232.0
120, 69.020294, 662.338984, 39.802357, 0.062624, 4451, 3271.0
121, 65.336591, 661.915954, 44.287638, 0.186789, 4449, 3309.0
122, 76.853103, 659.713079, 30.597877, 0.076677, 4409, 3425.0
123, 69.995234, 662.254931, 41.791847, 0.032878, 4450, 3259.0
124, 73.961004, 659.109990, 35.884929, 0.033578, 4431, 3292.0
125, 71.840248, 659.099124, 42.891120, 0.052732, 4420, 3242.0
126, 68.374394, 659.926503, 43.269910, 0.050260, 4446, 3871.0
127, 67.801299, 661.772614, 39.858689, 0.079407, 4446, 3376.0
128, 67.943908, 659.518926, 43.805579, 0.143150, 4451, 3328.0
129, 70.563030, 661.436213, 41.845159, 0.123151, 4445, 3347.0
130, 70.360483, 664.082158, 36.765341, 0.079588, 4441, 3483.0
131, 67.308532, 664.582286, 41.385508, 0.123843, 4441, 3248.0
132, 74.311400, 658.138360, 40.016099, 0.035920, 4405, 3340.0
133, 70.150821, 660.184451, 43.697044, 0.075170, 4444, 3259.0
134, 70.999975, 662.489837, 37.955394, 0.033926, 4437, 4230.0
135, 71.350654, 662.637403, 36.069558, 0.063597, 4446, 3246.0
136, 67.881137, 660.766698, 45.552321, 0.236203, 4445, 4125.0
137, 68.992601, 660.472413, 48.788076, 0.164175, 4444, 3267.0
138, 66.137257, 661.011963, 43.363828, 0.238435, 4448, 3422.0
139, 71.084815, 661.634793, 42.263862, 0.127371, 4437, 3261.0
140, 67.945089, 661.933345, 43.592346, 0.090653, 4452, 3267.0
141, 68.681320, 662.025386, 40.328905, 0.074880, 4445, 3380.0
142, 75.146093, 660.112197, 36.461408, 0.071887, 4437, 3242.0
143, 76.934105, 659.477687, 31.481602, 0.058204, 4425, 3471.0
144, 72.694893, 662.135588, 39.608963, 0.094817, 4425, 3243.0
145, 71.740192, 660.105199, 43.721755, 0.093237, 4413, 3255.0
146, 70.847015, 662.252592, 38.065832, 0.068899, 4447, 3309.0
147, 79.307097, 660.181488, 25.452632, 0.050313, 4425, 3230.0
148, 73.893457, 660.980955, 32.712628, 0.052847, 4420, 3403.0
149, 70.941865, 662.872974, 41.571904, 0.121123, 4446, 3256.0
150, 69.766072, 662.633685, 41.089086, 0.047055, 4443, 3262.0
151, 71.026739, 661.335334, 42.511707, 0.094010, 4448, 3268.0
152, 72.454467, 661.224675, 41.711803, 0.145388, 4410, 3228.0
153, 69.399050, 661.105585, 44.354412, 0.240612, 4447, 3327.0
154, 68.386148, 660.536231, 45.757876, 0.114170, 4448, 3275.0
155, 68.684297, 662.266158, 44.809975, 0.179310, 4448, 3376.0
156, 67.790072, 660.577958, 44.863542, 0.100153, 4446, 3539.0
157, 72.431836, 660.943313, 36.554096, 0.009227, 4431, 3285.0
158, 73.245123, 660.613992, 38.207085, 0.035305, 4431, 3569.0
159, 70.390779, 661.459587, 44.078872, 0.072062, 4444, 3287.0
160, 70.858857, 661.216921, 43.150731, 0.102990, 4419, 3338.0
161, 68.728329, 663.446455, 41.094201, 0.240836, 4444, 3287.0
162, 69.451662, 661.977542, 42.989718, 0.154677, 4439, 3476.0
163, 67.320788, 660.777100, 44.779011, 0.108999, 4443, 3356.0
164, 72.472422, 660.447216, 40.221298, 0.033943, 4429, 3241.0
165, 71.029685, 661.878634, 41.850913, 0.074982, 4433, 3303.0
166, 71.221619, 661.035529, 41.376562, 0.110401, 4431, 3452.0
167, 66.021950, 661.258310, 43.298979, 0.231400, 4452, 3331.0
168, 74.471012, 661.521378, 31.759497, 0.043496, 4430, 3285.0
169, 75.183002, 659.704824, 36.141846, 0.038110, 4412, 3225.0
170, 70.818844, 661.293960, 41.767477, 0.057906, 4445, 3631.0
171, 70.852702, 660.568766, 40.509438, 0.065553, 4424, 3279.0
172, 72.585448, 661.263048, 38.191838, 0.042364, 4425, 3514.0
173, 74.055973, 660.104245, 38.645661, 0.055359, 4418, 3247.0
174, 69.029491, 661.645081, 43.675158, 0.109942, 4451, 3257.0
175, 67.712972, 665.460603, 38.522009, 0.113970, 4445, 3321.0
176, 66.238125, 660.247205, 45.951449, 0.209766, 4445, 3292.0
177, 71.288173, 662.485798, 40.145771, 0.084010, 4426, 3538.0
178, 67.543440, 658.929528, 47.319379, 0.156400, 4440, 3300.0
179, 70.712124, 660.669496, 41.816511, 0.051526, 4451, 3336.0
180, 75.862600, 659.955428, 36.609108, 0.059422, 4406, 3248.0
181, 72.785764, 659.408199, 37.349526, 0.036649, 4408, 3262.0
182, 69.407494, 660.939009, 42.882726, 0.070271, 4441, 3313.0
183, 66.967751, 663.933848, 39.946783, 0.120393, 4439, 3469.0
184, 71.860827, 661.560589, 39.155398, 0.074746, 4448, 3568.0
185, 70.213523, 662.765901, 37.320206, 0.042855, 4451, 3710.0
186, 72.547623, 659.140309, 39.679054, 0.051237, 4429, 3269.0
187, 66.206048, 661.901442, 45.944668, 0.103644, 4443, 4398.0
188, 66.397804, 663.916612, 39.977267, 0.138044, 4441, 5176.0
189, 71.592307, 662.064475, 34.292055, 0.035515, 4445, 3249.0
190, 69.143704, 661.853578, 42.675602, 0.124493, 4444, 3761.0
191, 71.770021, 659.929615, 41.276041, 0.037082, 4432, 3250.0
192, 73.822466, 660.795306, 33.545334, 0.048985, 4430, 3236.0
193, 71.582861, 662.422893, 35.884227, 0.043346, 4450, 3307.0
194, 74.397161, 660.765992, 32.649996, 0.041014, 4430, 3568.0
195, 73.398822, 661.523951, 39.292110, 0.099667, 4415, 3322.0
196, 69.770812, 661.837525, 42.096915, 0.050122, 4445, 3796.0
197, 68.299685, 662.695507, 38.352641, 0.115991, 4443, 3304.0
198, 74.470199, 659.464317, 31.626389, 0.057131, 4437, 3491.0
199, 72.896446, 661.956538, 33.656137, 0.064858, 4421, 3231.0
200, 73.125057, 659.772151, 39.739275, 0.098222, 4411, 3419.0
201, 69.658595, 662.046427, 39.664698, 0.057994, 4440, 3278.0
202, 68.775355, 663.450663, 37.841453, 0.039682, 4438, 3618.0
203, 78.404240, 658.171188, 37.189455, 0.078080, 4395, 3230.0
204, 71.464031, 661.146782, 39.634428, 0.034413, 4429, 3260.0
205, 74.759536, 660.179645, 38.911055, 0.120724, 4400, 3364.0
206, 71.312290, 662.047490, 34.435059, 0.057091, 4444, 4003.0
207, 67.987135, 663.244424, 40.534669, 0.116245, 4441, 4969.0
208, 67.930512, 660.836444, 45.484378, 0.048895, 4443, 3263.0
209, 73.032034, 660.992779, 39.213978, 0.055321, 4423, 3335.0
210, 72.046437, 662.488873, 37.943259, 0.041658, 4432, 3335.0
211, 72.260928, 662.987061, 34.057349, 0.041548, 4442, 3301.0
212, 71.054167, 662.360681, 41.712652, 0.068262, 4438, 3263.0
213, 70.606885, 663.583717, 37.713427, 0.035038, 4452, 3281.0
214, 72.680034, 659.395976, 37.891071, 0.096471, 4421, 3333.0
215, 73.169382, 661.055512, 40.768247, 0.117412, 4415, 3235.0
216, 69.614353, 661.724393, 42.756106, 0.130787, 4434, 3988.0
217, 70.725864, 662.729547, 39.604789, 0.031205, 4447, 3251.0
218, 74.601706, 659.842675, 33.172609, 0.041865, 4420, 3374.0
219, 76.201376, 660.161429, 36.150172, 0.072118, 4414, 3276.0
220, 72.926609, 662.303152, 34.846975, 0.025957, 4446, 3367.0
221, 75.231638, 660.515808, 37.778847, 0.102899, 4414, 3296.0
222, 75.364071, 658.939445, 42.771377, 0.128458, 4378, 3344.0
223, 70.362528, 661.338196, 42.481041, 0.111592, 4436, 3301.0
224, 68.289717, 663.378631, 38.640564, 0.041699, 4436, 3267.0
225, 67.845005, 662.391922, 42.012830, 0.126853, 4442, 3262.0
226, 74.106598, 661.745746, 30.590731, 0.057358, 4422, 3569.0
227, 72.201298, 660.504281, 35.252740, 0.056467, 4431, 3325.0
228, 70.451992, 660.606024, 42.459648, 0.085364, 4423, 3298.0
229, 71.144664, 662.138987, 38.708019, 0.040132, 4428, 3285.0
230, 71.352239, 660.566215, 38.870417, 0.032348, 4435, 3535.0
231, 77.481858, 661.477960, 31.913741, 0.106225, 4411, 3281.0
232, 70.585455, 662.902342, 37.433468, 0.094453, 4448, 3308.0
233, 68.843626, 662.819189, 38.676074, 0.050042, 4448, 3326.0
234, 68.691197, 662.014920, 42.655713, 0.107118, 4445, 3502.0
235, 71.549640, 660.423965, 40.757738, 0.079698, 4422, 3455.0
236, 74.105002, 660.855853, 38.324440, 0.066197, 4428, 3245.0
237, 68.769019, 662.694493, 41.119423, 0.074965, 4446, 5031.0
238, 73.516795, 660.556484, 35.714897, 0.040792, 4434, 3573.0
239, 74.395619, 660.801831, 40.088689, 0.050232, 4407, 3218.0
240, 75.280481, 659.194248, 36.302330, 0.021546, 4410, 3262.0
241, 70.898472, 658.459355, 45.370504, 0.159946, 4412, 3227.0
242, 69.305118, 660.520696, 45.499073, 0.068219, 4440, 3567.0
243, 72.212382, 661.569659, 35.878313, 0.044366, 4432, 3268.0
244, 69.920640, 660.448718, 42.234282, 0.043790, 4444, 3296.0
245, 72.786745, 659.705731, 38.815398, 0.054921, 4415, 3231.0
246, 74.089838, 658.925419, 40.020623, 0.054495, 4408, 3582.0
247, 72.496640, 659.648997, 40.873971, 0.013813, 4435, 3331.0
248, 67.935164, 662.276750, 43.552431, 0.178475, 4448, 3278.0
249, 70.224409, 659.747820, 43.985576, 0.173818, 4417, 3302.0
250, 69.947220, 663.543792, 38.104069, 0.029689, 4442, 3497.0
251, 70.492852, 660.972787, 41.478348, 0.161750, 4434, 3253.0
252, 73.516652, 661.080577, 36.584776, 0.062061, 4418, 3324.0
253, 73.107786, 659.474873, 34.926711, 0.031354, 4409, 3266.0
254, 72.253100, 660.680275, 36.965461, 0.069507, 4433, 3377.0
255, 71.036469, 661.717975, 36.213019, 0.045198, 4445, 3257.0
256, 73.750559, 659.566001, 38.121161, 0.056426, 4416, 3241.0
257, 73.271508, 660.298638, 39.867115, 0.082572, 4417, 4848.0
258, 70.063837, 662.388736, 39.757486, 0.040287, 4445, 3586.0
259, 68.834146, 660.819816, 41.912644, 0.170794, 4428, 3302.0
260, 69.422550, 662.514581, 38.904082, 0.130744, 4446, 3262.0
261, 68.924413, 661.890249, 43.726211, 0.089953, 4445, 3472.0
262, 77.026565, 658.853750, 30.846523, 0.058504, 4413, 3247.0
263, 67.772323, 659.508140, 44.886142, 0.207791, 4445, 3430.0
264, 75.509399, 660.046487, 28.345413, 0.073622, 4408, 3298.0
265, 73.987583, 660.088333, 29.371719, 0.013760, 4424, 3247.0
266, 70.310882, 659.775082, 44.018657, 0.062183, 4433, 3320.0
267, 72.487906, 660.389825, 36.037489, 0.032297, 4421, 3493.0
268, 72.226611, 662.006635, 35.909150, 0.075418, 4421, 3450.0
269, 70.831644, 659.740635, 40.852819, 0.106965, 4416, 3268.0
270, 76.067589, 658.657927, 33.258901, 0.046097, 4403, 3231.0
271, 73.514651, 662.503983, 37.266293, 0.053917, 4426, 3331.0
272, 70.794360, 660.772982, 40.040622, 0.030610, 4440, 3258.0
273, 69.676445, 659.976416, 44.794833, 0.122810, 4427, 3448.0
274, 77.790770, 661.339645, 19.511986, 0.060134, 4433, 3384.0
275, 75.850539, 659.716195, 36.162703, 0.075958, 4398, 3289.0
276, 76.510228, 658.950471, 33.568666, 0.042014, 4414, 3265.0
277, 73.739637, 661.380394, 38.415934, 0.064117, 4432, 3456.0
278, 73.931818, 661.742768, 33.649099, 0.089840, 4402, 3382.0
279, 69.436505, 660.498146, 44.149325, 0.097097, 4447, 3430.0
280, 74.661997, 659.072857, 36.795261, 0.059013, 4428, 3278.0
281, 71.687592, 661.911592, 37.501491, 0.036881, 4432, 3292.0
282, 70.368991, 658.756930, 44.463796, 0.116691, 4432, 3244.0
283, 76.802490, 659.743512, 32.834080, 0.067878, 4428, 3425.0
284, 73.850349, 662.602703, 32.205398, 0.066866, 4441, 3255.0
285, 67.869912, 657.715978, 47.495870, 0.359750, 4425, 3288.0
286, 69.741418, 662.545303, 40.355938, 0.040301, 4447, 3270.0
287, 67.617546, 661.835205, 44.747265, 0.109761, 4442, 4403.0
288, 70.515452, 660.221389, 41.067153, 0.059101, 4425, 3978.0
289, 69.906022, 661.683750, 40.233104, 0.072632, 4442, 3257.0
290, 69.259475, 661.932470, 42.809618, 0.162541, 4441, 3289.0
291, 68.804911, 662.421621, 43.308987, 0.063651, 4443, 3286.0
292, 71.519545, 662.395147, 41.624654, 0.073504, 4449, 3395.0
293, 69.627831, 662.601559, 38.271262, 0.097762, 4430, 3426.0
294, 70.211049, 662.289889, 43.176063, 0.095429, 4436, 3315.0
295, 68.035337, 660.120113, 44.681089, 0.150983, 4448, 3333.0
296, 72.636168, 660.651050, 37.336466, 0.032630, 4438, 3263.0
297, 71.732542, 660.606241, 38.674673, 0.038037, 4429, 4431.0
298, 66.926479, 660.681937, 44.137227, 0.133354, 4448, 5181.0
299, 72.701841, 660.568295, 41.424915, 0.117689, 4406, 3997.0
300, 72.612300, 661.678107, 37.055064, 0.046069, 4431, 3253.0
301, 72.755188, 661.623520, 36.653488, 0.034339, 4438, 3249.0
302, 70.877279, 661.823945, 33.113903, 0.065020, 4440, 3252.0
303, 72.306306, 662.103894, 36.426488, 0.061367, 4432, 3310.0
304, 72.673025, 662.653650, 30.501269, 0.061724, 4439, 3246.0
305, 75.480537, 659.753440, 32.291518, 0.044343, 4424, 3231.0
306, 71.009076, 660.135408, 42.653634, 0.079999, 4427, 3274.0
307, 75.534102, 660.744692, 27.649524, 0.055410, 4408, 3232.0
308, 71.995423, 660.438204, 38.515298, 0.060870, 4412, 3284.0
309, 74.131772, 660.677166, 37.411026, 0.051634, 4428, 3236.0
310, 69.698500, 661.607012, 41.923311, 0.040536, 4443, 3262.0
311, 69.106896, 662.477021, 41.042682, 0.074444, 4442, 3305.0
312, 76.238404, 661.261380, 29.367592, 0.065558, 4421, 3236.0
313, 71.276225, 660.846472, 41.391831, 0.055662, 4433, 3305.0
314, 73.663971, 662.012606, 36.423283, 0.065519, 4433, 3249.0
315, 74.602334, 659.935793, 36.264416, 0.046345, 4419, 3270.0
316, 78.261167, 658.897213, 35.428123, 0.139294, 4399, 3261.0
317, 74.457419, 661.224368, 32.778424, 0.027900, 4429, 3805.0
318, 69.317839, 664.997590, 39.160830, 0.122665, 4446, 3455.0
319, 73.149340, 661.850035, 33.871184, 0.043644, 4419, 3237.0
320, 72.606494, 662.792378, 32.409695, 0.060188, 4442, 3475.0
321, 72.357381, 661.882594, 36.586157, 0.050242, 4450, 3384.0
322, 68.543428, 664.152441, 38.844977, 0.072037, 4443, 3246.0
323, 76.894614, 662.749773, 26.418681, 0.096636, 4430, 3240.0
324, 73.737953, 661.327025, 35.069650, 0.035016, 4443, 3362.0
325, 74.968050, 661.062054, 31.349090, 0.017994, 4429, 3349.0
326, 76.582299, 659.514399, 37.322704, 0.103480, 4412, 3271.0
327, 71.251706, 664.147123, 38.274365, 0.073053, 4445, 3835.0
328, 73.785656, 659.832150, 39.994293, 0.052467, 4403, 3238.0
329, 67.394164, 661.316159, 44.078973, 0.053238, 4448, 3280.0
330, 70.608696, 661.912896, 40.623437, 0.048311, 4434, 3312.0
331, 69.739631, 661.109799, 42.179798, 0.134444, 4430, 3290.0
332, 70.857566, 660.815071, 40.157094, 0.062302, 4428, 3316.0
333, 68.680150, 662.221147, 41.246654, 0.098397, 4446, 3348.0
334, 71.215461, 659.972616, 42.786321, 0.076996, 4428, 3252.0
335, 70.138618, 659.532100, 45.562739, 0.112333, 4437, 3320.0
336, 66.227156, 662.468884, 43.927072, 0.134705, 4446, 3278.0
337, 70.897400, 662.210863, 38.599638, 0.060773, 4443, 3310.0
338, 69.778667, 660.702718, 42.487005, 0.059714, 4447, 3272.0
339, 73.171826, 661.485531, 39.355016, 0.058801, 4439, 3286.0
340, 69.542551, 661.492834, 43.357246, 0.067021, 4445, 3300.0
341, 70.585735, 661.529375, 35.886155, 0.043735, 4448, 3295.0
342, 70.804702, 660.415379, 42.373472, 0.074332, 4433, 3346.0
343, 71.025447, 662.387281, 40.652492, 0.039297, 4450, 3348.0
344, 70.495583, 661.462170, 42.236669, 0.152644, 4427, 3417.0
345, 73.898358, 661.944060, 30.253524, 0.070030, 4443, 3262.0
346, 69.101553, 659.213328, 47.777953, 0.160407, 4452, 3292.0
347, 72.405579, 660.109893, 38.800497, 0.062137, 4410, 3351.0
348, 70.092917, 661.002014, 45.019629, 0.135867, 4432, 4378.0
349, 68.037593, 662.559789, 38.766173, 0.058761, 4444, 3295.0
350, 77.205670, 660.455835, 29.885123, 0.087915, 4405, 3210.0
351, 67.655584, 660.291296, 46.576345, 0.222742, 4444, 3353.0
352, 70.191165, 663.064689, 38.588882, 0.069924, 4443, 3241.0
353, 70.829883, 661.111197, 40.545221, 0.064699, 4441, 3250.0
354, 73.346973, 661.885953, 37.024356, 0.068539, 4433, 3306.0
355, 70.996281, 662.293933, 38.920650, 0.055164, 4428, 3239.0
356, 72.174239, 662.097108, 33.796436, 0.057180, 4449, 3436.0
357, 69.495362, 662.806068, 40.235145, 0.131937, 4454, 3260.0
358, 67.108965, 661.084616, 43.201759, 0.100256, 4445, 4058.0
359, 74.544904, 660.197500, 35.958185, 0.064376, 4427, 3633.0
360, 70.986997, 662.631362, 41.207774, 0.096826, 4442, 3361.0
361, 70.822955, 660.270493, 39.244780, 0.027490, 4429, 3306.0
362, 71.992644, 663.536828, 31.258599, 0.042192, 4445, 3259.0
363, 72.698576, 662.269967, 37.358524, 0.015727, 4435, 3347.0
364, 73.860699, 660.621125, 37.602182, 0.042431, 4425, 3271.0
365, 73.113983, 660.382935, 36.342561, 0.023246, 4433, 3298.0
366, 69.520281, 661.259777, 41.362022, 0.062211, 4441, 3284.0
367, 72.517142, 662.619812, 28.450779, 0.025145, 4456, 3257.0
368, 74.483981, 659.937171, 37.141423, 0.038777, 4414, 3783.0
369, 72.715463, 660.920888, 37.216348, 0.058165, 4437, 3243.0
370, 73.217761, 661.139114, 43.510969, 0.064028, 4432, 3302.0
371, 74.867222, 661.694769, 37.979680, 0.079439, 4434, 3281.0
372, 73.165940, 661.866002, 32.803119, 0.055078, 4438, 3254.0
373, 73.099953, 659.979823, 39.361552, 0.064138, 4420, 3294.0
374, 69.077380, 662.792217, 43.468753, 0.194539, 4441, 3260.0
375, 72.764841, 660.753554, 38.968748, 0.055084, 4435, 3344.0
376, 72.052991, 660.683971, 39.205978, 0.042513, 4426, 3278.0
377, 70.903436, 662.788458, 38.803832, 0.103551, 4445, 3239.0
378, 70.444038, 662.004473, 40.400400, 0.073268, 4443, 3285.0
379, 70.639636, 662.467863, 38.549843, 0.060875, 4441, 3257.0
380, 76.113795, 659.419158, 37.886081, 0.057541, 4412, 3295.0
381, 71.583408, 662.196592, 36.151153, 0.087563, 4417, 3261.0
382, 74.043122, 660.128664, 37.164689, 0.020020, 4427, 3240.0
383, 76.282417, 661.002915, 26.535227, 0.033203, 4417, 3243.0
384, 71.078250, 660.639881, 42.382463, 0.135934, 4407, 3280.0
385, 70.197986, 662.219128, 41.918396, 0.083604, 4434, 3389.0
386, 75.157482, 660.025845, 39.607926, 0.070282, 4418, 3272.0
387, 69.154480, 661.589628, 40.588072, 0.140728, 4440, 3271.0
388, 70.678562, 661.797361, 41.237286, 0.070567, 4442, 3277.0
389, 69.084200, 659.817713, 45.413335, 0.111408, 4436, 3922.0
390, 69.613994, 665.930522, 55.262690, 0.087617, 4420, 3304.0
391, 76.043584, 661.472467, 37.086813, 0.135602, 4421, 3280.0
392, 72.268243, 660.289009, 39.753218, 0.063016, 4433, 3307.0
393, 73.971166, 660.763171, 38.233062, 0.054750, 4432, 3249.0
394, 70.176670, 659.690377, 45.236263, 0.096704, 4430, 3247.0
395, 78.199550, 658.205109, 34.182386, 0.082650, 4402, 3277.0
396, 74.071354, 660.321321, 38.207597, 0.043913, 4428, 3278.0
397, 70.728542, 661.576720, 39.055433, 0.024197, 4439, 3335.0
398, 73.588916, 660.362249, 38.034727, 0.043343, 4430, 3241.0
399, 76.505555, 659.850264, 36.236048, 0.078574, 4418, 3498.0
400, 71.160586, 660.750395, 41.756040, 0.108025, 4431, 3246.0
401, 70.106306, 662.201754, 39.148405, 0.061755, 4447, 3271.0
402, 70.840952, 661.634959, 39.608067, 0.106532, 4416, 3391.0
403, 72.906261, 661.524898, 39.990633, 0.031390, 4429, 3274.0
404, 69.967343, 661.388722, 42.533684, 0.054178, 4443, 3272.0
405, 74.928492, 660.751545, 33.728941, 0.036664, 4428, 3237.0
406, 73.244921, 662.468060, 32.277397, 0.043163, 4444, 3304.0
407, 75.257480, 660.730297, 36.248511, 0.059341, 4405, 3278.0
408, 74.631937, 660.014437, 33.301869, 0.056525, 4429, 3230.0
409, 77.432279, 662.278552, 22.720702, 0.113159, 4435, 3276.0
410, 69.714240, 663.403149, 38.864618, 0.079551, 4440, 3269.0
411, 81.521941, 657.706833, 28.709984, 0.064697, 4400, 3250.0
412, 71.937145, 662.080607, 33.443405, 0.035599, 4445, 3342.0
413, 73.723750, 660.690927, 38.449577, 0.037391, 4438, 3248.0
414, 73.102047, 660.141357, 37.550809, 0.045619, 4428, 3428.0
415, 75.399167, 660.269030, 40.575106, 0.040649, 4406, 3240.0
416, 73.528603, 661.384662, 30.338788, 0.047375, 4441, 3280.0
417, 66.397084, 659.319833, 46.275562, 0.216439, 4449, 3322.0
418, 74.384920, 661.861505, 33.768573, 0.053772, 4433, 3268.0
419, 69.949608, 662.451434, 39.778161, 0.054951, 4445, 3369.0
420, 70.481744, 660.907789, 38.532081, 0.119221, 4446, 3266.0
421, 74.647601, 660.021031, 36.826323, 0.056728, 4411, 3265.0
422, 73.283451, 660.634296, 39.212080, 0.051081, 4426, 3269.0
423, 69.560187, 662.317890, 41.560346, 0.085583, 4445, 3260.0
424, 72.072452, 661.970654, 34.659869, 0.068105, 4440, 3301.0
425, 75.350536, 659.176029, 37.084868, 0.061368, 4411, 3234.0
426, 72.089016, 661.470290, 36.631340, 0.059569, 4428, 3342.0
427, 71.951451, 659.712878, 43.015997, 0.060482, 4438, 3252.0
428, 77.024964, 661.411300, 26.512782, 0.084101, 4408, 3218.0
429, 69.212892, 661.299157, 43.589677, 0.136853, 4449, 3337.0
430, 74.995427, 660.713934, 35.633950, 0.065346, 4417, 3252.0
431, 68.767749, 662.099735, 44.017954, 0.055925, 4440, 4129.0
432, 72.428716, 661.632483, 37.229161, 0.056383, 4431, 3247.0
433, 72.504823, 660.716503, 36.423256, 0.047241, 4431, 3245.0
434, 71.121429, 660.398561, 40.089809, 0.038000, 4436, 3262.0
435, 68.409618, 661.081203, 41.743634, 0.085262, 4445, 3269.0
436, 67.156508, 663.656043, 39.013550, 0.110111, 4451, 3322.0
437, 69.357926, 661.002491, 45.145155, 0.115821, 4442, 3277.0
438, 68.420000, 664.664973, 35.253373, 0.081860, 4449, 3288.0
439, 70.756156, 661.873942, 39.175334, 0.039055, 4443, 3259.0
440, 71.313515, 661.197972, 39.648104, 0.038689, 4432, 3244.0
441, 75.020090, 660.037768, 36.748745, 0.052437, 4411, 4479.0
442, 67.321383, 663.178669, 41.863519, 0.063321, 4447, 3249.0
443, 74.528481, 659.693694, 33.961586, 0.013477, 4431, 3298.0
444, 70.476152, 659.381632, 44.998080, 0.088538, 4444, 3250.0
445, 72.818194, 660.557836, 36.595214, 0.027698, 4427, 3247.0
446, 73.031630, 660.882746, 42.015005, 0.136250, 4412, 3272.0
447, 72.758190, 662.633961, 40.635283, 0.130817, 4427, 3245.0
448, 70.882696, 661.761767, 39.994892, 0.043187, 4447, 3332.0
449, 70.250907, 662.008674, 40.774792, 0.057532, 4445, 3274.0
450, 72.696031, 660.946676, 39.615298, 0.048196, 4422, 3303.0
451, 70.172756, 662.539367, 40.881767, 0.111182, 4443, 3710.0
452, 70.496355, 662.804576, 35.997711, 0.058623, 4443, 3249.0
453, 74.665499, 660.337340, 35.781878, 0.025166, 4428, 3300.0
454, 68.549597, 662.128315, 35.917923, 0.057940, 4439, 3238.0
455, 71.994175, 659.571056, 42.331099, 0.114149, 4411, 3307.0
456, 78.619520, 660.403133, 30.020376, 0.125734, 4409, 3272.0
457, 70.810289, 662.563366, 35.648309, 0.056846, 4440, 3253.0
458, 73.822916, 660.201162, 35.290912, 0.028891, 4429, 3249.0
459, 72.007004, 659.729696, 41.888811, 0.149637, 4409, 3219.0
460, 71.389276, 660.891199, 43.292983, 0.117883, 4425, 3288.0
461, 72.922762, 660.874870, 39.081154, 0.101661, 4420, 3277.0
462, 71.596098, 660.754631, 41.155061, 0.044056, 4444, 3317.0
463, 73.006622, 661.235437, 39.145986, 0.090441, 4416, 3231.0
464, 72.441679, 660.338091, 44.610800, 0.093039, 4412, 3235.0
465, 71.832636, 661.220545, 44.882938, 0.065902, 4445, 3314.0
466, 67.641339, 661.148131, 43.990158, 0.135813, 4446, 3300.0
467, 74.570284, 659.314852, 38.360959, 0.088410, 4417, 3269.0
468, 74.155806, 659.502330, 40.379543, 0.039607, 4395, 3257.0
469, 69.143512, 663.528283, 40.260043, 0.075341, 4450, 3258.0
470, 68.521897, 662.374369, 40.843222, 0.120434, 4446, 3316.0
471, 71.831000, 660.611149, 43.282272, 0.096739, 4425, 3275.0
472, 69.286195, 663.021985, 41.731451, 0.105802, 4445, 3701.0
473, 71.450303, 662.235405, 35.551986, 0.061601, 4443, 3366.0
474, 67.856859, 661.640025, 44.288035, 0.182374, 4444, 3251.0
475, 71.536142, 661.090313, 39.045161, 0.095934, 4409, 3279.0
476, 69.503105, 660.800054, 43.639859, 0.136895, 4444, 3316.0
477, 71.720438, 661.524318, 36.734811, 0.029870, 4428, 3388.0
478, 70.934948, 661.302075, 38.559226, 0.014696, 4437, 3242.0
479, 72.835732, 661.880792, 41.020723, 0.081826, 4438, 3254.0
480, 73.630258, 659.252527, 40.313780, 0.061193, 4411, 3360.0
481, 72.174027, 660.397566, 41.862552, 0.032833, 4431, 3283.0
482, 72.538290, 661.798688, 41.639728, 0.079038, 4429, 3304.0
483, 67.427894, 660.455110, 42.764648, 0.118162, 4446, 3848.0
484, 70.101852, 663.093273, 35.919931, 0.056723, 4443, 3239.0
485, 67.988814, 661.686857, 42.670739, 0.036000, 4443, 3269.0
486, 73.233178, 661.945053, 32.930849, 0.059061, 4440, 3293.0
487, 69.946661, 661.033875, 37.950555, 0.025355, 4445, 3428.0
488, 71.006842, 661.585481, 38.849500, 0.051555, 4448, 3257.0
489, 73.116393, 661.102259, 36.000297, 0.052970, 4430, 3244.0
490, 68.309388, 662.833637, 38.184787, 0.072910, 4449, 3235.0
491, 70.577167, 661.494436, 39.800922, 0.071697, 4436, 3284.0
492, 71.214233, 662.783653, 39.592045, 0.080238, 4436, 3352.0
493, 66.291396, 661.582877, 42.799667, 0.085302, 4447, 4321.0
494, 69.495575, 662.452222, 41.697169, 0.082935, 4443, 4554.0
495, 78.343863, 661.113608, 27.680123, 0.071086, 4397, 3508.0
496, 72.439149, 661.136389, 33.829311, 0.023084, 4446, 3360.0
497, 69.521574, 661.578140, 43.203501, 0.179473, 4440, 3342.0
498, 69.582030, 663.811381, 40.609475, 0.107926, 4441, 3408.0
499, 74.836849, 661.620083, 32.163781, 0.035526, 4434, 3447.0
500, 71.631455, 661.572771, 45.241080, 0.065626, 4425, 3351.0
501, 68.732963, 662.514980, 39.664249, 0.050922, 4447, 3516.0
502, 70.941696, 659.127004, 44.359902, 0.134833, 4404, 3445.0
503, 69.123432, 661.060159, 40.351761, 0.060893, 4447, 3467.0
504, 72.911645, 661.052041, 38.019979, 0.042343, 4419, 3244.0
505, 69.107165, 661.049986, 39.420380, 0.073783, 4430, 3365.0
506, 70.724919, 662.638068, 38.350487, 0.061596, 4444, 3234.0
507, 72.466147, 661.290136, 34.154933, 0.058856, 4453, 3258.0
508, 71.112680, 662.612673, 39.774185, 0.049890, 4429, 3331.0
509, 71.181623, 661.336163, 39.789121, 0.045725, 4444, 3256.0
510, 71.213953, 660.969132, 42.167228, 0.061321, 4429, 3353.0
511, 68.945809, 662.089652, 40.178975, 0.206251, 4433, 3247.0
512, 68.790688, 662.161811, 44.635847, 0.055388, 4443, 3294.0
513, 72.319437, 661.487462, 39.175125, 0.068760, 4438, 4216.0
514, 68.902210, 659.594563, 45.811132, 0.110057, 4439, 3299.0
515, 73.589170, 660.250315, 40.434183, 0.058247, 4415, 3339.0
516, 66.690770, 662.263692, 44.409065, 0.110055, 4443, 3309.0
517, 71.312739, 661.253599, 41.012602, 0.061816, 4431, 3443.0
518, 66.732803, 662.225909, 41.432441, 0.149790, 4433, 3295.0
519, 69.782044, 660.119662, 47.487373, 0.074377, 4431, 3255.0
520, 72.685463, 661.630979, 33.236082, 0.033868, 4442, 3426.0
521, 71.860947, 661.457226, 34.472301, 0.066134, 4439, 3250.0
522, 68.815818, 661.639972, 40.354713, 0.114527, 4436, 3371.0
523, 73.370219, 660.643731, 39.034020, 0.062515, 4416, 5033.0
524, 72.678964, 662.208735, 40.666421, 0.067941, 4430, 3937.0
525, 70.735869, 662.477478, 42.983360, 0.029953, 4447, 3309.0
526, 68.753511, 661.721703, 42.942899, 0.219769, 4449, 3287.0
527, 68.109660, 661.285228, 44.440617, 0.102896, 4450, 3403.0
528, 74.099980, 659.543357, 35.016644, 0.042536, 4404, 4956.0
529, 71.041980, 662.648909, 38.761201, 0.107261, 4429, 4482.0
530, 74.023712, 660.549231, 34.385516, 0.032743, 4431, 3317.0
531, 74.954906, 660.503072, 33.731595, 0.069348, 4431, 4938.0
532, 77.955048, 658.414055, 38.521323, 0.103012, 4384, 5039.0
533, 70.185635, 662.904838, 41.057294, 0.071810, 4441, 3261.0
534, 68.954103, 660.236106, 39.811164, 0.113920, 4446, 4391.0
535, 71.452461, 662.391319, 37.840772, 0.113736, 4442, 5073.0
536, 74.514726, 659.843840, 33.286158, 0.026135, 4417, 3598.0
537, 75.625014, 661.521865, 31.709910, 0.058158, 4424, 4272.0
538, 73.140623, 660.827597, 32.029140, 0.030578, 4420, 5163.0
539, 73.181443, 661.748563, 37.435499, 0.061090, 4420, 3720.0
540, 70.535390, 662.775483, 36.343035, 0.058348, 4444, 3725.0
541, 71.986234, 660.940978, 43.708523, 0.048481, 4437, 3265.0
542, 71.619389, 661.521074, 40.443075, 0.053270, 4423, 3312.0
543, 71.406706, 660.664906, 39.907731, 0.052512, 4444, 3288.0
544, 70.758789, 661.864307, 41.135556, 0.077596, 4445, 3332.0
545, 70.273406, 663.183164, 38.207599, 0.065950, 4440, 3295.0
546, 73.637614, 662.200698, 29.185934, 0.080105, 4444, 3260.0
547, 72.462400, 660.673921, 37.156423, 0.054592, 4426, 3310.0
548, 69.443836, 661.834722, 39.991594, 0.117110, 4439, 3257.0
549, 72.716834, 660.677383, 39.602998, 0.060063, 4431, 3556.0
550, 73.194826, 660.522741, 37.229598, 0.077889, 4419, 3422.0
551, 70.746847, 661.322780, 40.238091, 0.049159, 4441, 3288.0
552, 66.532950, 662.716858, 42.479618, 0.339455, 4441, 3294.0
553, 76.347774, 660.655228, 34.820457, 0.081476, 4406, 3302.0
554, 71.915805, 659.980082, 36.424667, 0.072640, 4409, 3300.0
555, 69.998262, 661.425559, 37.104596, 0.044047, 4442, 3293.0
556, 68.958999, 661.922263, 38.173149, 0.110207, 4450, 3265.0
557, 70.977109, 660.965225, 41.186352, 0.092965, 4447, 3294.0
558, 71.472066, 660.819748, 41.044913, 0.027335, 4432, 3251.0
559, 73.859720, 660.218984, 39.345262, 0.064587, 4419, 3436.0
560, 76.246689, 660.170532, 34.388970, 0.100784, 4407, 3271.0
561, 73.198242, 662.650346, 36.635532, 0.057183, 4436, 3300.0
562, 67.768006, 662.910648, 39.569109, 0.077149, 4447, 3253.0
563, 68.088455, 663.293024, 39.454938, 0.153819, 4444, 3251.0
564, 73.737108, 661.960613, 33.149783, 0.066794, 4426, 3290.0
565, 76.459483, 659.252526, 30.529237, 0.051621, 4428, 3285.0
566, 71.186814, 661.475732, 40.412634, 0.092264, 4428, 3340.0
567, 70.888134, 661.955846, 36.511488, 0.054274, 4438, 3253.0
568, 71.251839, 662.615531, 38.941238, 0.070932, 4427, 3260.0
569, 72.310266, 660.248852, 44.460673, 0.086488, 4406, 3297.0
570, 77.389707, 661.070352, 24.243118, 0.048771, 4411, 3272.0
571, 71.990020, 661.045905, 40.472025, 0.055800, 4433, 3321.0
572, 71.542883, 662.942074, 38.492686, 0.060722, 4446, 3248.0
573, 69.096385, 662.078851, 42.370578, 0.106602, 4446, 3359.0
574, 71.925190, 661.343578, 38.090839, 0.053747, 4429, 3388.0
575, 74.318715, 660.762104, 34.580949, 0.046253, 4426, 3268.0
576, 71.997050, 661.435685, 40.685168, 0.042464, 4428, 3440.0
577, 71.621233, 661.256674, 40.232908, 0.070367, 4423, 3259.0
578, 70.371307, 660.984858, 40.424105, 0.078100, 4438, 3270.0
579, 74.940881, 661.034738, 30.094071, 0.022214, 4419, 3300.0
580, 76.718442, 659.905434, 31.539206, 0.069598, 4423, 3390.0
581, 72.910608, 661.146762, 34.936585, 0.051917, 4436, 3400.0
582, 76.626686, 659.778747, 33.538106, 0.059860, 4399, 3253.0
583, 72.731524, 660.698026, 40.493024, 0.088280, 4415, 3242.0
584, 72.555533, 661.458973, 38.028830, 0.041725, 4422, 3349.0
585, 68.734037, 660.734646, 43.216099, 0.070392, 4449, 3339.0
586, 73.367793, 660.234599, 39.528728, 0.067312, 4415, 3574.0
587, 75.127273, 660.286865, 29.988656, 0.042215, 4420, 3236.0
588, 70.284470, 660.667630, 39.201959, 0.081584, 4451, 3348.0
589, 71.074218, 660.837669, 43.089423, 0.093190, 4431, 3282.0
590, 72.082014, 661.321818, 38.750049, 0.058907, 4436, 3301.0
591, 68.691675, 663.371291, 40.806083, 0.159647, 4445, 3424.0
592, 75.946839, 659.408178, 36.981981, 0.062469, 4406, 3224.0
593, 73.321370, 661.238891, 40.051439, 0.052605, 4425, 3290.0
594, 70.675458, 664.008657, 39.545288, 0.136575, 4447, 3293.0
595, 72.386485, 661.156796, 35.739820, 0.032585, 4432, 3303.0
596, 68.300296, 662.591211, 42.118276, 0.118282, 4446, 3335.0
597, 72.705607, 661.931238, 38.383969, 0.011913, 4445, 3264.0
598, 70.533772, 662.101144, 37.864461, 0.031633, 4437, 3296.0
599, 75.621225, 660.663868, 33.998930, 0.057351, 4414, 3229.0
600, 74.154155, 661.418479, 37.511447, 0.047025, 4425, 3285.0
601, 73.362695, 660.597527, 38.742609, 0.108657, 4418, 3323.0
602, 69.977258, 662.689061, 34.933162, 0.052617, 4445, 3422.0
603, 72.365106, 661.440857, 37.990763, 0.042254, 4430, 3254.0
604, 72.880080, 659.799095, 33.724476, 0.067594, 4419, 3236.0
605, 79.641628, 658.139694, 35.566017, 0.180103, 4372, 3254.0
606, 71.967512, 661.193062, 35.751327, 0.082138, 4417, 3348.0
607, 73.185900, 660.714974, 38.673698, 0.053856, 4432, 3377.0
608, 71.124513, 662.373954, 41.335026, 0.178936, 4432, 3340.0
609, 77.362514, 659.728557, 31.995388, 0.060148, 4408, 3337.0
610, 68.793834, 664.711412, 38.712719, 0.214892, 4438, 3280.0
611, 71.730175, 661.141822, 41.781091, 0.061984, 4429, 4440.0
612, 75.345497, 660.045343, 32.891171, 0.053637, 4410, 3217.0
613, 69.475302, 662.406203, 42.522898, 0.137539, 4443, 3263.0
614, 73.396467, 660.425452, 33.005037, 0.056647, 4448, 3326.0
615, 69.635263, 663.439148, 40.253200, 0.170908, 4449, 3250.0
616, 73.722841, 659.115324, 37.325266, 0.043328, 4411, 3339.0
617, 68.116271, 661.565474, 42.887719, 0.109466, 4448, 3258.0
618, 70.774910, 662.746236, 41.259032, 0.050140, 4444, 3295.0
619, 75.310941, 661.313654, 33.840921, 0.031542, 4435, 3272.0
620, 72.708686, 659.371098, 38.556262, 0.026177, 4427, 3470.0
621, 70.555022, 660.346242, 45.039237, 0.073323, 4451, 3418.0
622, 75.528321, 659.657857, 38.235993, 0.077428, 4407, 3369.0
623, 73.680670, 661.407968, 34.563126, 0.073052, 4420, 3414.0
624, 68.901747, 661.841194, 41.119070, 0.057281, 4445, 3358.0
625, 73.139497, 659.588522, 35.135751, 0.037832, 4417, 3322.0
626, 69.639689, 661.838745, 40.521027, 0.168564, 4427, 3316.0
627, 71.285505, 665.070798, 36.072869, 0.088087, 4447, 3260.0
628, 71.238163, 661.393565, 39.181161, 0.063308, 4445, 3436.0
629, 70.376201, 663.167329, 37.804299, 0.062580, 4450, 3297.0
630, 72.611608, 661.649731, 34.775873, 0.041728, 4438, 3351.0
631, 73.881706, 660.353703, 34.204561, 0.035538, 4415, 3333.0
632, 72.337720, 660.956728, 37.802937, 0.040959, 4436, 3369.0
633, 70.437455, 661.219104, 38.498627, 0.069279, 4443, 3513.0
634, 76.211179, 660.461542, 32.038736, 0.044115, 4412, 3419.0
635, 71.359612, 660.070766, 41.672037, 0.127210, 4415, 3768.0
636, 72.036388, 662.752581, 38.073661, 0.022107, 4436, 3271.0
637, 67.584936, 660.634217, 43.985759, 0.143834, 4444, 3313.0
638, 75.054130, 661.467590, 31.227775, 0.050138, 4424, 3265.0
639, 68.731553, 660.174980, 44.885258, 0.145238, 4443, 3318.0
640, 76.033691, 660.312907, 30.306795, 0.060648, 4414, 3467.0
641, 73.063692, 660.675181, 34.868466, 0.039661, 4426, 3498.0
642, 70.608963, 659.560614, 41.696916, 0.109660, 4436, 4290.0
643, 72.102363, 661.123661, 35.821046, 0.044058, 4427, 3487.0
644, 75.345761, 659.417703, 34.072635, 0.035983, 4422, 4351.0
645, 70.810941, 662.984820, 33.884610, 0.061147, 4436, 3435.0
646, 73.044264, 659.772727, 38.734275, 0.032188, 4428, 4981.0
647, 69.019021, 662.650961, 38.962131, 0.051406, 4449, 4635.0
648, 71.103527, 660.563843, 42.240317, 0.069944, 4430, 3697.0
649, 71.451077, 661.826829, 37.796300, 0.085270, 4437, 3309.0
650, 69.074061, 660.842886, 42.335684, 0.114635, 4429, 4202.0
651, 69.215593, 663.541382, 35.829454, 0.023296, 4449, 3750.0
652, 71.263230, 664.005997, 35.220261, 0.066154, 4444, 4085.0
653, 70.038197, 661.367298, 40.519733, 0.041950, 4443, 4331.0
654, 69.692175, 660.993960, 39.825450, 0.096304, 4444, 3893.0
655, 70.704424, 660.958750, 35.835636, 0.041298, 4447, 3415.0
656, 66.628281, 663.348598, 41.677746, 0.047923, 4442, 3405.0
657, 69.857199, 662.048427, 39.267322, 0.088214, 4442, 3452.0
658, 68.203630, 662.871267, 44.433867, 0.102314, 4453, 3320.0
659, 70.763499, 661.334561, 42.135498, 0.065156, 4448, 4239.0
660, 69.219612, 661.080992, 43.892655, 0.078278, 4433, 4191.0
661, 70.592605, 663.477291, 42.911303, 0.053125, 4446, 3871.0
662, 70.201840, 661.693306, 38.693289, 0.057250, 4434, 4421.0
663, 67.279404, 663.026357, 41.286456, 0.166250, 4444, 3383.0
664, 75.612100, 658.483213, 36.092909, 0.044006, 4412, 4043.0
665, 72.228264, 662.246671, 33.904073, 0.046656, 4449, 3308.0
666, 69.964575, 660.919852, 42.234429, 0.053471, 4446, 3761.0
667, 67.387756, 662.514526, 44.503420, 0.148554, 4449, 3808.0
668, 68.295399, 663.317483, 42.474117, 0.123922, 4440, 3683.0
669, 74.199042, 660.622395, 39.487232, 0.051266, 4430, 3386.0
670, 67.831213, 661.342802, 45.189697, 0.098146, 4447, 3461.0
671, 71.017997, 662.419389, 38.728065, 0.061487, 4429, 3493.0
672, 75.337871, 659.090870, 36.237573, 0.046583, 4420, 3558.0
673, 67.757571, 658.786009, 46.391645, 0.140225, 4446, 3434.0
674, 73.658442, 658.456421, 36.459258, 0.025818, 4419, 3271.0
675, 74.425477, 659.499255, 36.839373, 0.048072, 4410, 3375.0
676, 66.631286, 665.473634, 39.537556, 0.185085, 4445, 3392.0
677, 69.186662, 662.713835, 41.610281, 0.055021, 4445, 3773.0
678, 75.179610, 660.334726, 37.609107, 0.037885, 4427, 3531.0
679, 67.489440, 663.271341, 40.864255, 0.103233, 4441, 3346.0
680, 69.193348, 661.907869, 42.926154, 0.091058, 4448, 3377.0
681, 70.872003, 659.881937, 41.250600, 0.101097, 4427, 3247.0
682, 69.813478, 661.215738, 39.538594, 0.071486, 4445, 3305.0
683, 72.656416, 662.233411, 36.902098, 0.055467, 4425, 3488.0
684, 68.633620, 662.654930, 41.186509, 0.032502, 4445, 3336.0
685, 68.854979, 663.282261, 40.799816, 0.106639, 4434, 3327.0
686, 68.518538, 658.976662, 44.611994, 0.162988, 4429, 3308.0
687, 69.400772, 659.943063, 42.334788, 0.079601, 4426, 4297.0
688, 70.779098, 661.926636, 44.348875, 0.042663, 4431, 4493.0
689, 69.524461, 659.399075, 43.635735, 0.144045, 4446, 3387.0
690, 73.080493, 659.901659, 36.249678, 0.043072, 4413, 3256.0
691, 71.901908, 659.840194, 41.801553, 0.092154, 4414, 4003.0
692, 73.149987, 661.554112, 36.813714, 0.057509, 4423, 3321.0
693, 73.308572, 661.045632, 36.381751, 0.050913, 4432, 3363.0
694, 69.243607, 661.319812, 42.111099, 0.074204, 4450, 3424.0
695, 74.191315, 659.495085, 41.278859, 0.137065, 4418, 3287.0
696, 69.972233, 663.018426, 39.435327, 0.045896, 4441, 3259.0
697, 71.611194, 660.222249, 41.899383, 0.035028, 4421, 3860.0
698, 66.702278, 661.106842, 43.406329, 0.139240, 4450, 3492.0
699, 67.985052, 663.339867, 39.675202, 0.096708, 4449, 3567.0
700, 71.939747, 660.554554, 38.209041, 0.043844, 4432, 3348.0
701, 73.730045, 660.343099, 38.508678, 0.072434, 4410, 3291.0
702, 71.121394, 663.118382, 35.730965, 0.048207, 4453, 3403.0
703, 68.836292, 658.989091, 44.526545, 0.147367, 4435, 4016.0
704, 68.437463, 661.584058, 42.637147, 0.102991, 4445, 3509.0
705, 69.047816, 663.006039, 39.120236, 0.120007, 4440, 3243.0
706, 73.040242, 661.861816, 33.002545, 0.036026, 4447, 3608.0
707, 73.453856, 661.431647, 34.397674, 0.033956, 4427, 3244.0
708, 66.906243, 660.844973, 44.414713, 0.218279, 4447, 3436.0
709, 75.566813, 659.691699, 40.010356, 0.071355, 4403, 3232.0
710, 70.504166, 660.733330, 43.703264, 0.084135, 4426, 3365.0
711, 70.422538, 662.476834, 38.196191, 0.057507, 4440, 3334.0
712, 69.396904, 663.508266, 37.676027, 0.039322, 4443, 3368.0
713, 68.935780, 660.350673, 43.014993, 0.112868, 4444, 3376.0
714, 73.477691, 661.221117, 38.400263, 0.034070, 4435, 3364.0
715, 69.571834, 661.564728, 45.225164, 0.116182, 4441, 3315.0
716, 72.778773, 659.964559, 35.804262, 0.026757, 4428, 3360.0
717, 71.513150, 659.385668, 43.599600, 0.155238, 4411, 4246.0
718, 71.163893, 660.894435, 38.993632, 0.097978, 4410, 3442.0
719, 67.448418, 657.798699, 47.904105, 0.237812, 4432, 3238.0
720, 70.529038, 661.722318, 41.031124, 0.078310, 4425, 3325.0
721, 71.086357, 659.745045, 44.886445, 0.183029, 4417, 3269.0
722, 70.085451, 661.504044, 38.714443, 0.098735, 4451, 3516.0
723, 68.446792, 658.962938, 48.955703, 0.166009, 4437, 3260.0
724, 75.794374, 659.429037, 34.875339, 0.046108, 4414, 3229.0
725, 67.024503, 664.206695, 40.941425, 0.133720, 4438, 3319.0
726, 72.905978, 658.660621, 42.920037, 0.057836, 4408, 3595.0
727, 71.066224, 660.660305, 39.203995, 0.029226, 4425, 4195.0
728, 72.645556, 661.308331, 35.102673, 0.052038, 4443, 3260.0
729, 73.827423, 660.301023, 31.580630, 0.048645, 4421, 3262.0
730, 70.023099, 661.693390, 41.847020, 0.111418, 4425, 3357.0
731, 66.848266, 663.830144, 40.587112, 0.169978, 4453, 3289.0
732, 74.548605, 660.883760, 35.131944, 0.060157, 4413, 3524.0
733, 71.649684, 661.120305, 40.107035, 0.063730, 4426, 3244.0
734, 70.212853, 661.206566, 43.942897, 0.077616, 4434, 3675.0
735, 70.314420, 662.594820, 34.848205, 0.071603, 4444, 3242.0
736, 68.684027, 661.008610, 41.726722, 0.056417, 4446, 3298.0
737, 69.795651, 662.838935, 39.774302, 0.101612, 4444, 3898.0
738, 69.836620, 661.467441, 39.613617, 0.061874, 4444, 3369.0
739, 74.076843, 661.553033, 40.982308, 0.044632, 4424, 4876.0
740, 70.612868, 662.213612, 38.437055, 0.050823, 4441, 5009.0
741, 72.276181, 659.812759, 41.155389, 0.068939, 4406, 3293.0
742, 68.380902, 663.201420, 42.409452, 0.063460, 4443, 3265.0
743, 74.368741, 659.480698, 38.162055, 0.071469, 4413, 3337.0
744, 71.487903, 661.118131, 38.164573, 0.039901, 4442, 3250.0
745, 69.608243, 662.420379, 40.121616, 0.075266, 4440, 3621.0
746, 69.612878, 660.610699, 40.059947, 0.042715, 4445, 3743.0
747, 70.001151, 661.891196, 43.873778, 0.119558, 4439, 3252.0
748, 68.620295, 659.933605, 45.835410, 0.179861, 4452, 3337.0
749, 69.653202, 662.327807, 35.990339, 0.067174, 4440, 3317.0
750, 71.353964, 661.532200, 42.455895, 0.063022, 4424, 3770.0
751, 73.929000, 660.082133, 34.293113, 0.049573, 4419, 3231.0
752, 68.499732, 662.392261, 43.366848, 0.103483, 4446, 3253.0
753, 67.590715, 662.592150, 40.565993, 0.131317, 4432, 3267.0
754, 66.388083, 660.813119, 44.992773, 0.135680, 4440, 3279.0
755, 69.063433, 660.654277, 41.393077, 0.144096, 4411, 3288.0
756, 69.570693, 660.419602, 44.476421, 0.027212, 4441, 3296.0
757, 71.158857, 661.522450, 41.199755, 0.045334, 4433, 3311.0
758, 67.418916, 661.988464, 42.404523, 0.145422, 4446, 3297.0
759, 67.281763, 661.113361, 42.460910, 0.102793, 4450, 3287.0
760, 67.837563, 663.874246, 40.908544, 0.123764, 4455, 3324.0
761, 76.258116, 658.902282, 35.786503, 0.047294, 4401, 3231.0
762, 72.773244, 662.623999, 35.917855, 0.089535, 4444, 3372.0
763, 66.435110, 660.068502, 48.605903, 0.128348, 4447, 3256.0
764, 67.436715, 661.161637, 43.838537, 0.165398, 4447, 3292.0
765, 72.902533, 660.236845, 37.538638, 0.059008, 4439, 3308.0
766, 67.623724, 662.909557, 42.359664, 0.170694, 4452, 3361.0
767, 69.615163, 662.690062, 40.926580, 0.112987, 4440, 3981.0
768, 71.533292, 661.108861, 39.216004, 0.056213, 4431, 3274.0
769, 75.616350, 660.182819, 36.878826, 0.071682, 4425, 3325.0
770, 71.898713, 661.377930, 37.602150, 0.052320, 4447, 3518.0
771, 73.057732, 661.155957, 35.125734, 0.041359, 4426, 3238.0
772, 70.781504, 660.871997, 42.303065, 0.066762, 4445, 3272.0
773, 71.108069, 664.142944, 36.999133, 0.117114, 4451, 3244.0
774, 72.654528, 660.732896, 41.242720, 0.043760, 4438, 3659.0
775, 68.173996, 661.056788, 42.011596, 0.070808, 4449, 3285.0
776, 70.217139, 660.822850, 43.180391, 0.085561, 4447, 3319.0
777, 70.703885, 660.152334, 41.510604, 0.085293, 4435, 3635.0
778, 69.215372, 661.984777, 40.071838, 0.023460, 4448, 3478.0
779, 71.493173, 660.532365, 41.202757, 0.064456, 4434, 3376.0
780, 71.299405, 661.933207, 39.786475, 0.040125, 4438, 3281.0
781, 76.266878, 659.464880, 32.353944, 0.068668, 4388, 4540.0
782, 73.069225, 661.026151, 36.100262, 0.037908, 4434, 3912.0
783, 71.381160, 661.384065, 40.995418, 0.094406, 4437, 3379.0
784, 69.805961, 662.267608, 40.136647, 0.092207, 4444, 3514.0
785, 70.913597, 662.346090, 37.604897, 0.068654, 4448, 3431.0
786, 69.517051, 660.210363, 40.825664, 0.065873, 4446, 4206.0
787, 69.770709, 661.656499, 42.540865, 0.040620, 4448, 3315.0
788, 67.310892, 662.209403, 42.822038, 0.135125, 4445, 3399.0
789, 69.331229, 660.787273, 43.442416, 0.060888, 4448, 4441.0
790, 71.736323, 662.092884, 34.197719, 0.030053, 4444, 3546.0
791, 65.300259, 662.676869, 44.193137, 0.057819, 4442, 3288.0
792, 71.466167, 662.992966, 37.740076, 0.057447, 4446, 3351.0
793, 73.149880, 660.850413, 35.718686, 0.025173, 4421, 3437.0
794, 67.823027, 659.950202, 44.799405, 0.095543, 4447, 3453.0
795, 69.932426, 659.305338, 46.202780, 0.064194, 4445, 3286.0
796, 71.646042, 661.613534, 39.781627, 0.078808, 4427, 4921.0
797, 65.280321, 663.543817, 39.987520, 0.194001, 4449, 3316.0
798, 71.949269, 660.473542, 42.352385, 0.036991, 4432, 3414.0
799, 70.332609, 660.118145, 42.794220, 0.118741, 4428, 3239.0
800, 73.312501, 659.671446, 41.701651, 0.069048, 4422, 3318.0
801, 69.059812, 663.699915, 39.924598, 0.044225, 4443, 3314.0
802, 71.926590, 659.838163, 38.961316, 0.057240, 4411, 3228.0
803, 67.439633, 657.871014, 49.182035, 0.158072, 4441, 3328.0
804, 68.728248, 662.447041, 42.393416, 0.122404, 4436, 3359.0
805, 70.526023, 659.800116, 44.637258, 0.087241, 4429, 3518.0
806, 73.555305, 659.512367, 35.979176, 0.044144, 4423, 3306.0
807, 69.000457, 659.815951, 46.460325, 0.090704, 4449, 3463.0
808, 71.615993, 661.704910, 38.042261, 0.033427, 4431, 3599.0
809, 70.061913, 661.166594, 41.999687, 0.114095, 4443, 3299.0
810, 65.687924, 658.850888, 45.776379, 0.260780, 4450, 3418.0
811, 69.451449, 661.908064, 41.374256, 0.042279, 4439, 3303.0
812, 71.489067, 662.863648, 34.647910, 0.048650, 4446, 3571.0
813, 68.593661, 662.901831, 41.659242, 0.088740, 4445, 3236.0
814, 66.830379, 660.406723, 44.435811, 0.117213, 4449, 3257.0
815, 72.150563, 659.268045, 42.099208, 0.059246, 4416, 3893.0
816, 66.405064, 660.865909, 45.196947, 0.123636, 4450, 3359.0
817, 70.161458, 662.518439, 40.708708, 0.055585, 4440, 3502.0
818, 70.161132, 661.365236, 41.095491, 0.030267, 4420, 3236.0
819, 71.285868, 660.580190, 36.308965, 0.065847, 4414, 3240.0
820, 66.099879, 662.839756, 42.843979, 0.119440, 4448, 3350.0
821, 67.886960, 661.700703, 43.859803, 0.110077, 4442, 3315.0
822, 71.704547, 662.392990, 39.792432, 0.048618, 4430, 3425.0
823, 71.043065, 661.049984, 38.379649, 0.058553, 4448, 3265.0
824, 68.021939, 663.522391, 39.803383, 0.065033, 4438, 3313.0
825, 70.048680, 661.312882, 36.311899, 0.047751, 4449, 3986.0
826, 75.806026, 659.223679, 35.434199, 0.045179, 4420, 3227.0
827, 70.526031, 662.394239, 38.162558, 0.053937, 4447, 3646.0
828, 64.591175, 660.635619, 44.491617, 0.148352, 4442, 3654.0
829, 67.420685, 661.363510, 43.197538, 0.074595, 4447, 3409.0
830, 70.530626, 662.042814, 38.835235, 0.039844, 4428, 3327.0
831, 69.596382, 663.223396, 39.794050, 0.055215, 4442, 3491.0
832, 70.726584, 660.132951, 38.574762, 0.047803, 4419, 3638.0
833, 65.724745, 657.942401, 49.023913, 0.410532, 4447, 3393.0
834, 67.628168, 659.525496, 47.104051, 0.224331, 4434, 3270.0
835, 68.515946, 663.488058, 37.288781, 0.117770, 4448, 5179.0
836, 71.761965, 659.154314, 43.158599, 0.098495, 4413, 3239.0
837, 68.305889, 660.784688, 44.373791, 0.123831, 4440, 3279.0
838, 66.500569, 658.976508, 45.082549, 0.157428, 4441, 3327.0
839, 69.346257, 662.160048, 40.431395, 0.082507, 4446, 3269.0
840, 69.356475, 659.986244, 40.780967, 0.061319, 4445, 3315.0
841, 69.129592, 661.860898, 41.202219, 0.096669, 4442, 3258.0
842, 69.122795, 661.082200, 43.082569, 0.066056, 4440, 3270.0
843, 67.406590, 664.048473, 40.316350, 0.102344, 4449, 3299.0
844, 70.187988, 662.859938, 36.122389, 0.040471, 4442, 3264.0
845, 73.869071, 658.995979, 34.774290, 0.042734, 4405, 3374.0
846, 64.988183, 662.502697, 43.012659, 0.147370, 4444, 3245.0
847, 74.683054, 660.044597, 35.272569, 0.014024, 4431, 3300.0
848, 66.419163, 658.543634, 48.306591, 0.203731, 4441, 3324.0
849, 68.827626, 662.754111, 38.404004, 0.062550, 4445, 3246.0
850, 68.972490, 659.412591, 45.576403, 0.036107, 4443, 3410.0
851, 67.935402, 659.190925, 46.969964, 0.128283, 4447, 3272.0
852, 69.437923, 661.309718, 37.759076, 0.055507, 4447, 3789.0
853, 70.322172, 663.637523, 38.047291, 0.042817, 4441, 3291.0
854, 64.679281, 655.444732, 49.047069, 0.522624, 4422, 3504.0
855, 72.124297, 661.772377, 35.936644, 0.053277, 4429, 3893.0
856, 66.592891, 660.023258, 44.964880, 0.104713, 4445, 4208.0
857, 67.677117, 658.041427, 48.792398, 0.129668, 4444, 3339.0
858, 68.244224, 662.088470, 42.854964, 0.111094, 4447, 3242.0
859, 73.929765, 660.701660, 35.738780, 0.065338, 4426, 3362.0
860, 69.346420, 661.303057, 41.245694, 0.062409, 4442, 3318.0
861, 71.047683, 662.309576, 37.485027, 0.060205, 4445, 3321.0
862, 70.117393, 662.223118, 40.358930, 0.079983, 4444, 3320.0
863, 67.575746, 662.580544, 41.521412, 0.058015, 4449, 3241.0
864, 68.221282, 663.429041, 40.584357, 0.105671, 4449, 3339.0
865, 67.637383, 661.960033, 42.438361, 0.182918, 4451, 3639.0
866, 71.632075, 659.931888, 43.864898, 0.047382, 4422, 3317.0
867, 72.099519, 660.353631, 36.825803, 0.034105, 4421, 3316.0
868, 71.396125, 661.611657, 42.120043, 0.074083, 4445, 3587.0
869, 73.449162, 661.766925, 34.808437, 0.046571, 4432, 3439.0
870, 71.035441, 662.021053, 38.427442, 0.070810, 4432, 3253.0
871, 68.955493, 661.537092, 42.436728, 0.046305, 4444, 3355.0
872, 70.355222, 661.978480, 40.510955, 0.043921, 4449, 4089.0
873, 71.464125, 660.990249, 39.765552, 0.083393, 4428, 3435.0
874, 70.175742, 661.646410, 37.849361, 0.046552, 4441, 4366.0
875, 68.510542, 659.454122, 46.117684, 0.133910, 4448, 3605.0
876, 72.396311, 659.269129, 41.669305, 0.047853, 4410, 3259.0
877, 71.070939, 661.893817, 36.769399, 0.050175, 4450, 3335.0
878, 68.057054, 662.951292, 41.548859, 0.188327, 4446, 3261.0
879, 67.308751, 664.674683, 37.551287, 0.117029, 4440, 3304.0
880, 68.752718, 662.479673, 39.203611, 0.044493, 4444, 3321.0
881, 68.557988, 662.951877, 40.464840, 0.099858, 4449, 3262.0
882, 68.133545, 662.980411, 40.344413, 0.080548, 4439, 3400.0
883, 72.271234, 659.850332, 41.759855, 0.074248, 4416, 3336.0
884, 68.985303, 661.385678, 41.164667, 0.141618, 4432, 3653.0
885, 71.640594, 660.445211, 40.904817, 0.033906, 4432, 3257.0
886, 68.979622, 661.825549, 41.981534, 0.077290, 4450, 3298.0
887, 68.170553, 660.346163, 46.363684, 0.154278, 4444, 3347.0
888, 71.607564, 661.130823, 41.014863, 0.081646, 4438, 3535.0
889, 67.633973, 663.322283, 42.571030, 0.100205, 4442, 3313.0
890, 69.915012, 662.079828, 38.600044, 0.038682, 4443, 3268.0
891, 72.226413, 660.639585, 40.958137, 0.086028, 4432, 3258.0
892, 67.760227, 660.388036, 46.465561, 0.134866, 4450, 3288.0
893, 72.435403, 659.647897, 40.086142, 0.027921, 4426, 3263.0
894, 66.618157, 661.971079, 44.162058, 0.198421, 4446, 3328.0
895, 72.849426, 660.795720, 34.968947, 0.039199, 4430, 3302.0
896, 66.804674, 662.092022, 40.511052, 0.202344, 4449, 3642.0
897, 72.270377, 662.129613, 33.434843, 0.055361, 4447, 3263.0
898, 71.730978, 660.197759, 36.595019, 0.034311, 4432, 3420.0
899, 75.856765, 660.125233, 32.043197, 0.070823, 4436, 3328.0
900, 73.165365, 659.040650, 35.444435, 0.065609, 4420, 3227.0
901, 70.976519, 660.212396, 41.654042, 0.060694, 4431, 3292.0
902, 69.078572, 659.697281, 42.434744, 0.171464, 4429, 3246.0
903, 71.254983, 659.688400, 43.455990, 0.053398, 4438, 3284.0
904, 69.248742, 661.495771, 38.128833, 0.041788, 4448, 3246.0
905, 69.038273, 659.979687, 43.125690, 0.066974, 4447, 3337.0
906, 68.375705, 659.205706, 47.617633, 0.179790, 4449, 3380.0
907, 68.944402, 661.894536, 39.735285, 0.107139, 4432, 3295.0
908, 71.346065, 660.570808, 36.140193, 0.039885, 4427, 3581.0
909, 69.737217, 660.396370, 43.508276, 0.042343, 4440, 3324.0
910, 66.621496, 658.969387, 46.594601, 0.187508, 4441, 3823.0
911, 67.544359, 660.410379, 47.271779, 0.122960, 4448, 3303.0
912, 71.999744, 660.292911, 44.212627, 0.129128, 4408, 3241.0
913, 67.256267, 664.327523, 39.504035, 0.117476, 4451, 3564.0
914, 70.778500, 662.353192, 36.242891, 0.025157, 4452, 3304.0
915, 66.877703, 661.298158, 42.810918, 0.224814, 4438, 3559.0
916, 65.411570, 660.851880, 45.010943, 0.174332, 4448, 3329.0
917, 74.647454, 660.275105, 35.202023, 0.036387, 4428, 3305.0
918, 67.451260, 663.904259, 38.189257, 0.119063, 4444, 3262.0
919, 67.822622, 659.893282, 43.663823, 0.135870, 4445, 3352.0
920, 67.886691, 661.328265, 46.016719, 0.099516, 4446, 3451.0
921, 68.283286, 662.332113, 38.575002, 0.069484, 4442, 3300.0
922, 72.670356, 660.555430, 33.987829, 0.035055, 4440, 3324.0
923, 70.634662, 661.181434, 41.548261, 0.140331, 4426, 3278.0
924, 69.115703, 663.235997, 43.678454, 0.048499, 4443, 3398.0
925, 70.362617, 662.265910, 38.531311, 0.064637, 4445, 3384.0
926, 69.827795, 660.973547, 40.464253, 0.065649, 4442, 3477.0
927, 70.215718, 663.399371, 38.513916, 0.048748, 4442, 3453.0
928, 69.838153, 662.108219, 40.691375, 0.086747, 4430, 4924.0
929, 69.646417, 661.633544, 40.274843, 0.094839, 4433, 3247.0
930, 72.049955, 659.377517, 39.265015, 0.042177, 4427, 3350.0
931, 68.326765, 661.922585, 44.034819, 0.082083, 4448, 3502.0
932, 73.641729, 659.987701, 37.210158, 0.024356, 4429, 3262.0
933, 68.873574, 661.215952, 43.551756, 0.049033, 4448, 3548.0
934, 73.598271, 660.351248, 35.872068, 0.017380, 4429, 4090.0
935, 73.480838, 658.975113, 43.901056, 0.061031, 4408, 3317.0
936, 72.788608, 661.996019, 33.763409, 0.053935, 4445, 3316.0
937, 76.473822, 659.700894, 29.344931, 0.109412, 4414, 3367.0
938, 75.026264, 659.482052, 39.018270, 0.071236, 4404, 3416.0
939, 70.655433, 662.556588, 38.488825, 0.022594, 4447, 3292.0
940, 73.564490, 660.829910, 35.198512, 0.024216, 4430, 3467.0
941, 72.399049, 659.925672, 39.736085, 0.079959, 4411, 3235.0
942, 70.503400, 661.464421, 41.663573, 0.109982, 4449, 3338.0
943, 70.044477, 662.810520, 33.052729, 0.035271, 4444, 3418.0
944, 70.411455, 661.100564, 38.880520, 0.071987, 4435, 4450.0
945, 71.855241, 661.037682, 38.143669, 0.033667, 4444, 3433.0
946, 68.996613, 661.988007, 40.309003, 0.094778, 4449, 4129.0
947, 70.422852, 663.710061, 36.048151, 0.108164, 4450, 3487.0
948, 73.322338, 659.494988, 37.550196, 0.060515, 4415, 3320.0
949, 67.560071, 662.992969, 40.162213, 0.103729, 4447, 3736.0
950, 69.489931, 661.236616, 42.669035, 0.119851, 4422, 3468.0
951, 70.004002, 662.237053, 40.096120, 0.040349, 4444, 3267.0
952, 71.149689, 662.253926, 39.304493, 0.044477, 4426, 3251.0
953, 69.704452, 659.003430, 41.829801, 0.083701, 4443, 3283.0
954, 69.430132, 662.441590, 42.481271, 0.096947, 4454, 3579.0
955, 69.694531, 663.021569, 37.500485, 0.065849, 4442, 3280.0
956, 69.969986, 662.292222, 41.468542, 0.091016, 4435, 3312.0
957, 71.265980, 657.941869, 46.565342, 0.063929, 4405, 3234.0
958, 74.111718, 659.562043, 35.736953, 0.031121, 4420, 3252.0
959, 69.232038, 662.708988, 41.695542, 0.073410, 4450, 3265.0
960, 67.979132, 661.649806, 42.525655, 0.092001, 4447, 3441.0
961, 67.211709, 660.797254, 44.094740, 0.106022, 4439, 3352.0
962, 74.246879, 658.346849, 37.117089, 0.076730, 4410, 3227.0
963, 69.955468, 660.706612, 45.268560, 0.050312, 4450, 3610.0
964, 70.692789, 661.780527, 39.705586, 0.081598, 4431, 4557.0
965, 73.201335, 659.117916, 38.135836, 0.037640, 4430, 3356.0
966, 70.946704, 662.969680, 39.444461, 0.048084, 4444, 3269.0
967, 67.668734, 659.624133, 46.146677, 0.215961, 4446, 3255.0
968, 70.136022, 662.061804, 39.286593, 0.078279, 4444, 3306.0
969, 74.568117, 659.520091, 36.099010, 0.024373, 4419, 3236.0
970, 73.787605, 658.554495, 36.541098, 0.057814, 4423, 3347.0
971, 71.452834, 660.569280, 43.083434, 0.073697, 4427, 3339.0
972, 71.118395, 660.707971, 37.217054, 0.033214, 4433, 3434.0
973, 70.852918, 662.976644, 36.038643, 0.052122, 4443, 3838.0
974, 71.065747, 661.191485, 40.163926, 0.096556, 4427, 4359.0
975, 68.507665, 660.326506, 43.733163, 0.154648, 4431, 3312.0
976, 69.784127, 660.270669, 42.828521, 0.060211, 4444, 3267.0
977, 71.550141, 661.259287, 43.873870, 0.103905, 4435, 3470.0
978, 69.914448, 661.011390, 42.286972, 0.047406, 4454, 3300.0
979, 71.337165, 660.341307, 41.140972, 0.076000, 4433, 3344.0
980, 67.471481, 660.902821, 44.459130, 0.130865, 4444, 3335.0
981, 70.670066, 661.075406, 40.778101, 0.097388, 4445, 3286.0
982, 68.197834, 662.939842, 43.639640, 0.120525, 4449, 3523.0
983, 69.517405, 662.040715, 40.667667, 0.054116, 4446, 4649.0
984, 67.893273, 658.513008, 47.326418, 0.125879, 4452, 3291.0
985, 68.024878, 660.066057, 44.005238, 0.084429, 4448, 3294.0
986, 69.554501, 661.918261, 39.569406, 0.053012, 4448, 3336.0
987, 68.456252, 660.195788, 46.450671, 0.164237, 4451, 3298.0
988, 68.955990, 661.518363, 40.492034, 0.066830, 4451, 3459.0
989, 69.212278, 663.705979, 39.058796, 0.077796, 4443, 3312.0
990, 67.899992, 659.996545, 44.523585, 0.128182, 4440, 3271.0
991, 69.707131, 660.896074, 46.178222, 0.085349, 4434, 3388.0
992, 72.990728, 660.534145, 38.432261, 0.057750, 4432, 3261.0
993, 70.790803, 662.939080, 38.393640, 0.093511, 4451, 5528.0
994, 71.235234, 661.076789, 40.405712, 0.116626, 4433, 3250.0
995, 70.360998, 660.583802, 38.723147, 0.048476, 4427, 3353.0
996, 74.532901, 661.887169, 32.686843, 0.065401, 4428, 3330.0
997, 72.871980, 661.355315, 38.508954, 0.070859, 4417, 3281.0
998, 67.420081, 663.600642, 40.159033, 0.097505, 4441, 3264.0
999, 67.699503, 661.502734, 43.499502, 0.049253, 4451, 3249.0
