#idx, x0, x1, x2, y, f_neval, total_time (us), 
0, 68.320724, 665.525117, 39.383579, 0.108140, 6362, 4564.0
1, 71.964856, 660.212856, 45.933981, 0.102397, 6291, 4551.0
2, 74.978432, 661.161467, 35.327880, 0.042771, 6321, 4499.0
3, 70.656847, 661.307431, 39.152951, 0.078597, 6367, 4694.0
4, 71.381886, 662.627889, 38.558053, 0.107383, 6335, 4611.0
5, 76.452655, 660.821944, 28.601827, 0.034002, 6293, 4555.0
6, 69.683474, 661.729709, 44.415557, 0.084712, 6365, 4551.0
7, 74.119884, 660.108667, 44.213066, 0.081101, 6296, 4581.0
8, 69.707814, 662.252293, 41.831045, 0.135720, 6360, 4544.0
9, 70.768085, 661.393012, 39.722520, 0.070080, 6343, 4611.0
10, 74.060992, 659.983196, 38.956534, 0.086044, 6342, 4573.0
11, 78.440017, 660.524528, 30.970456, 0.081683, 6303, 4503.0
12, 75.144492, 660.103181, 36.854292, 0.062552, 6324, 4576.0
13, 77.304375, 659.627083, 31.184154, 0.052966, 6294, 4471.0
14, 74.567064, 660.429052, 38.502834, 0.051729, 6322, 4702.0
15, 73.138492, 660.595366, 36.126311, 0.044215, 6326, 4503.0
16, 74.976243, 660.633913, 32.027997, 0.044868, 6303, 4562.0
17, 76.325140, 660.955696, 28.379941, 0.037720, 6297, 4472.0
18, 74.153367, 659.554988, 36.067818, 0.034948, 6307, 4653.0
19, 77.096523, 660.847426, 34.723197, 0.087682, 6308, 4492.0
20, 76.031218, 659.985203, 33.752296, 0.074251, 6288, 4517.0
21, 74.725618, 661.359015, 29.699930, 0.065472, 6336, 4608.0
22, 69.621002, 661.815372, 40.595296, 0.102167, 6370, 4638.0
23, 71.869361, 660.509045, 40.037851, 0.066996, 6337, 4572.0
24, 70.921006, 661.950057, 41.722873, 0.085542, 6346, 4563.0
25, 74.177888, 659.389539, 38.462313, 0.059835, 6323, 4589.0
26, 69.733782, 660.989417, 42.701598, 0.193509, 6333, 4599.0
27, 67.703014, 661.010169, 45.380515, 0.147859, 6366, 4602.0
28, 71.864244, 660.294792, 38.979610, 0.072530, 6365, 4532.0
29, 72.406540, 660.535909, 42.216124, 0.074903, 6337, 4743.0
30, 72.610542, 660.360893, 39.002370, 0.062076, 6341, 4537.0
31, 69.058613, 662.066594, 42.603437, 0.136327, 6364, 4556.0
32, 78.420644, 658.706470, 32.733478, 0.056901, 6316, 4547.0
33, 75.598123, 658.507628, 34.868504, 0.045000, 6321, 4562.0
34, 71.690533, 660.192021, 43.862939, 0.068785, 6364, 4595.0
35, 71.754866, 662.917963, 38.232131, 0.040594, 6368, 4549.0
36, 67.212068, 658.868076, 48.230497, 0.172136, 6366, 4642.0
37, 72.758450, 659.485358, 40.301413, 0.037191, 6313, 4577.0
38, 70.353575, 659.123876, 46.879153, 0.060562, 6311, 4562.0
39, 72.649866, 660.196100, 35.122303, 0.065909, 6322, 4491.0
40, 68.110911, 662.030571, 42.436392, 0.073306, 6360, 4705.0
41, 70.739623, 662.735707, 37.966599, 0.071302, 6358, 4542.0
42, 69.649594, 663.567345, 34.754226, 0.101682, 6368, 4544.0
43, 72.232368, 660.743202, 43.703112, 0.071750, 6345, 4611.0
44, 70.807415, 661.765094, 40.069105, 0.075276, 6344, 4538.0
45, 71.454249, 661.213801, 37.724041, 0.040614, 6340, 4582.0
46, 70.642619, 660.563614, 43.547521, 0.145026, 6339, 4550.0
47, 77.441225, 659.253863, 31.877521, 0.073653, 6280, 4614.0
48, 71.937541, 661.159839, 41.393391, 0.052369, 6353, 4547.0
49, 77.126497, 658.631463, 30.518617, 0.020892, 6317, 4561.0
50, 68.364861, 661.394504, 41.728688, 0.163893, 6358, 4565.0
51, 70.681121, 659.473321, 42.306099, 0.139088, 6312, 4510.0
52, 69.072013, 662.669381, 37.893493, 0.061303, 6363, 4612.0
53, 72.246500, 661.107788, 38.116547, 0.047410, 6344, 4536.0
54, 75.390939, 659.753259, 31.597470, 0.041561, 6276, 4554.0
55, 69.562643, 659.987130, 44.712833, 0.076444, 6349, 4539.0
56, 70.132156, 663.119130, 43.140190, 0.076650, 6365, 4589.0
57, 66.655819, 659.541836, 46.486933, 0.220982, 6370, 4563.0
58, 70.341101, 660.855102, 44.651748, 0.121303, 6345, 4624.0
59, 72.910502, 660.497144, 35.542130, 0.036910, 6337, 4516.0
60, 73.270377, 660.413449, 37.464691, 0.061330, 6319, 4513.0
61, 74.496917, 660.705436, 31.229976, 0.034808, 6335, 4586.0
62, 68.848462, 662.536399, 37.009157, 0.065984, 6357, 4507.0
63, 77.474530, 659.293415, 28.879326, 0.072678, 6281, 4580.0
64, 72.512104, 659.454736, 45.050244, 0.141670, 6292, 4539.0
65, 70.094418, 659.970523, 38.844718, 0.068630, 6338, 4576.0
66, 68.684456, 659.702000, 44.073849, 0.076855, 6365, 4552.0
67, 74.088668, 659.785406, 34.753657, 0.024847, 6347, 4576.0
68, 69.185333, 659.811652, 45.088194, 0.070020, 6362, 4565.0
69, 68.455242, 661.778916, 41.797502, 0.082407, 6370, 4614.0
70, 68.173461, 660.088412, 44.191534, 0.107717, 6362, 4609.0
71, 73.656592, 659.834158, 41.239784, 0.061686, 6285, 4479.0
72, 70.806459, 663.714139, 37.684349, 0.083288, 6361, 4584.0
73, 68.679566, 660.733045, 44.523064, 0.041676, 6365, 4542.0
74, 69.060087, 662.626239, 37.642480, 0.065655, 6363, 4626.0
75, 72.006049, 660.642950, 37.170760, 0.032026, 6338, 4538.0
76, 68.452779, 664.148189, 35.521504, 0.094070, 6367, 4581.0
77, 65.848825, 662.309674, 44.223610, 0.114778, 6362, 4549.0
78, 76.054487, 659.101708, 37.627678, 0.035480, 6296, 4550.0
79, 70.618299, 660.205490, 43.808795, 0.139301, 6332, 4622.0
80, 70.047534, 661.067713, 38.480988, 0.028835, 6366, 4576.0
81, 70.293743, 661.815078, 40.473363, 0.038193, 6358, 4635.0
82, 67.535283, 662.346028, 42.875744, 0.105545, 6373, 4617.0
83, 69.177924, 662.240940, 39.628598, 0.061072, 6366, 4586.0
84, 69.617772, 660.098036, 43.461853, 0.119786, 6344, 4541.0
85, 67.871771, 661.694309, 43.893033, 0.112041, 6367, 4724.0
86, 74.441689, 660.810298, 33.622144, 0.032270, 6306, 4522.0
87, 68.300721, 662.242870, 41.348001, 0.077594, 6369, 4593.0
88, 64.732174, 665.079991, 39.748777, 0.214842, 6364, 4515.0
89, 71.841687, 660.940504, 38.407497, 0.051034, 6345, 4578.0
90, 69.090193, 660.252180, 45.504297, 0.059987, 6366, 4551.0
91, 71.564673, 660.690630, 38.445915, 0.051077, 6338, 4557.0
92, 67.531574, 666.106372, 50.881320, 0.047551, 6356, 4576.0
93, 70.236812, 660.671231, 42.657269, 0.042758, 6334, 4580.0
94, 71.035949, 660.681828, 46.558878, 0.057495, 6365, 4596.0
95, 74.880080, 660.976148, 32.207284, 0.049692, 6328, 4511.0
96, 71.849836, 660.098648, 39.394052, 0.029777, 6337, 4643.0
97, 70.344735, 661.604877, 43.697426, 0.043620, 6366, 4582.0
98, 73.113291, 660.749163, 37.022454, 0.044411, 6344, 4595.0
99, 71.036295, 662.064326, 37.741996, 0.043556, 6342, 4525.0
100, 69.548593, 660.535526, 46.047456, 0.046830, 6367, 4607.0
101, 69.621836, 662.816328, 44.306328, 0.145941, 6362, 4532.0
102, 68.416017, 661.664221, 43.500544, 0.079397, 6364, 4576.0
103, 68.244878, 661.083692, 43.845874, 0.047084, 6360, 4592.0
104, 67.827189, 661.189929, 40.792297, 0.127171, 6363, 4658.0
105, 69.603622, 662.029356, 36.215924, 0.076353, 6366, 4664.0
106, 68.854979, 659.562033, 43.554055, 0.083167, 6360, 4545.0
107, 75.737674, 657.711976, 42.990310, 0.076641, 6259, 4634.0
108, 69.694717, 661.935911, 40.941908, 0.056930, 6375, 4650.0
109, 66.158317, 661.548285, 43.779163, 0.156478, 6368, 4601.0
110, 72.095539, 660.773598, 39.290988, 0.076763, 6335, 4525.0
111, 71.854197, 661.776178, 35.426747, 0.062649, 6369, 4572.0
112, 76.267520, 659.547756, 31.505608, 0.037344, 6324, 4600.0
113, 68.893441, 661.654392, 43.588090, 0.078689, 6367, 4568.0
114, 69.450616, 661.569008, 43.822198, 0.076680, 6361, 4638.0
115, 73.593671, 661.424732, 31.904443, 0.028876, 6323, 4503.0
116, 73.046270, 659.461184, 35.171221, 0.041601, 6318, 4554.0
117, 72.067740, 660.830551, 44.204840, 0.047300, 6344, 4546.0
118, 69.203231, 663.219507, 39.572829, 0.059611, 6364, 4700.0
119, 73.178219, 658.721334, 39.602654, 0.029223, 6318, 4594.0
120, 69.049795, 662.330947, 39.836555, 0.062619, 6364, 4599.0
121, 65.271435, 661.889612, 44.483246, 0.186775, 6366, 4584.0
122, 76.874744, 659.730985, 30.569657, 0.076674, 6288, 4540.0
123, 69.956425, 662.290391, 41.948296, 0.032872, 6368, 4667.0
124, 73.946417, 659.091991, 35.923042, 0.033575, 6322, 4508.0
125, 71.872756, 659.162134, 42.960220, 0.052707, 6313, 4559.0
126, 68.322556, 659.952938, 43.251891, 0.050253, 6374, 4569.0
127, 67.741527, 661.820197, 40.016278, 0.079393, 6360, 4818.0
128, 67.936500, 659.468375, 43.894226, 0.143140, 6363, 4572.0
129, 70.576647, 661.391127, 41.851899, 0.123148, 6365, 4730.0
130, 70.318061, 664.123367, 36.802370, 0.079584, 6369, 4696.0
131, 67.246037, 664.552528, 41.462365, 0.123834, 6360, 4529.0
132, 74.329348, 658.146616, 39.996429, 0.035919, 6293, 4539.0
133, 70.176711, 660.190690, 43.654809, 0.075168, 6366, 4567.0
134, 71.067875, 662.487435, 37.883221, 0.033920, 6368, 4640.0
135, 71.399116, 662.653156, 36.028586, 0.063591, 6366, 4554.0
136, 67.823935, 660.839520, 45.558982, 0.236192, 6357, 4597.0
137, 68.997354, 660.359325, 48.910959, 0.164147, 6355, 4556.0
138, 66.126263, 660.961148, 43.457377, 0.238430, 6368, 4594.0
139, 71.065024, 661.624376, 42.422746, 0.127361, 6366, 4572.0
140, 67.975198, 661.975568, 43.579998, 0.090646, 6364, 4578.0
141, 68.644744, 661.994671, 40.473357, 0.074871, 6365, 4632.0
142, 75.150158, 660.137117, 36.500578, 0.071884, 6352, 4530.0
143, 76.931605, 659.464805, 31.420624, 0.058201, 6303, 4537.0
144, 72.664023, 662.126871, 39.657033, 0.094814, 6328, 4528.0
145, 71.698660, 660.134221, 43.821611, 0.093233, 6313, 4606.0
146, 70.826127, 662.303952, 38.062453, 0.068892, 6369, 4548.0
147, 79.275486, 660.201086, 25.418803, 0.050311, 6301, 4534.0
148, 73.962491, 660.958923, 32.720734, 0.052838, 6338, 4583.0
149, 70.940664, 662.849647, 41.708694, 0.121112, 6371, 4587.0
150, 69.800098, 662.697768, 40.956405, 0.047033, 6368, 4638.0
151, 70.990572, 661.368739, 42.486712, 0.094005, 6356, 4540.0
152, 72.481605, 661.253830, 41.712835, 0.145381, 6310, 4748.0
153, 69.442978, 661.117594, 44.391634, 0.240595, 6374, 4566.0
154, 68.415967, 660.420841, 45.752795, 0.114148, 6360, 4621.0
155, 68.736453, 662.321105, 44.667393, 0.179301, 6372, 4554.0
156, 67.856420, 660.593065, 44.822998, 0.100140, 6361, 4867.0
157, 72.417474, 660.991521, 36.477794, 0.009218, 6332, 4730.0
158, 73.249047, 660.606658, 38.256114, 0.035303, 6334, 4519.0
159, 70.379045, 661.452184, 44.029641, 0.072059, 6372, 4648.0
160, 70.895915, 661.200459, 43.144531, 0.102987, 6336, 4516.0
161, 68.644843, 663.509408, 41.159052, 0.240820, 6367, 4700.0
162, 69.456313, 661.985260, 43.055009, 0.154671, 6368, 4572.0
163, 67.324133, 660.819142, 44.781345, 0.108996, 6362, 4600.0
164, 72.461525, 660.438142, 40.255970, 0.033942, 6337, 4531.0
165, 70.976441, 661.886279, 41.949790, 0.074977, 6342, 4605.0
166, 71.249869, 661.036650, 41.254587, 0.110395, 6336, 4512.0
167, 66.008590, 661.300779, 43.204482, 0.231391, 6362, 4603.0
168, 74.449892, 661.510645, 31.892229, 0.043490, 6306, 4592.0
169, 75.211873, 659.688850, 36.175584, 0.038106, 6316, 4505.0
170, 70.813778, 661.327336, 41.691555, 0.057900, 6371, 4695.0
171, 70.894503, 660.582234, 40.383833, 0.065547, 6342, 4527.0
172, 72.581585, 661.255529, 38.270725, 0.042361, 6345, 4628.0
173, 74.035562, 660.078140, 38.594717, 0.055353, 6316, 4503.0
174, 69.089650, 661.659099, 43.650818, 0.109932, 6356, 4590.0
175, 67.693403, 665.421031, 38.496605, 0.113961, 6362, 4510.0
176, 66.141030, 660.249963, 46.060036, 0.209749, 6369, 4601.0
177, 71.317748, 662.509703, 40.151453, 0.084003, 6343, 4512.0
178, 67.489352, 659.001044, 47.389626, 0.156387, 6362, 4593.0
179, 70.711767, 660.684461, 41.734589, 0.051521, 6363, 4609.0
180, 75.812693, 659.955694, 36.655329, 0.059417, 6299, 4507.0
181, 72.802458, 659.367856, 37.345443, 0.036646, 6314, 4541.0
182, 69.392328, 660.904035, 42.927858, 0.070266, 6365, 4565.0
183, 66.970978, 663.890933, 39.799876, 0.120371, 6360, 4605.0
184, 71.868785, 661.593836, 39.108967, 0.074742, 6370, 4541.0
185, 70.162133, 662.790995, 37.398933, 0.042851, 6369, 4579.0
186, 72.497864, 659.185262, 39.769187, 0.051231, 6333, 4555.0
187, 66.156716, 661.973601, 45.912143, 0.103633, 6366, 4556.0
188, 66.363124, 663.916014, 40.145123, 0.138031, 6359, 4710.0
189, 71.549443, 662.044068, 34.370294, 0.035509, 6368, 4555.0
190, 69.098530, 661.855862, 42.681712, 0.124489, 6361, 4700.0
191, 71.750664, 659.933797, 41.229689, 0.037078, 6340, 4538.0
192, 73.831855, 660.810289, 33.556141, 0.048984, 6334, 4551.0
193, 71.575196, 662.486055, 35.853842, 0.043336, 6362, 4556.0
194, 74.358339, 660.759306, 32.684760, 0.041011, 6339, 4617.0
195, 73.436499, 661.501830, 39.315014, 0.099663, 6325, 4530.0
196, 69.790167, 661.819242, 42.104179, 0.050121, 6362, 4589.0
197, 68.312805, 662.637873, 38.442158, 0.115980, 6358, 4695.0
198, 74.477941, 659.468126, 31.735258, 0.057126, 6330, 4512.0
199, 72.859362, 661.973531, 33.616189, 0.064852, 6340, 4590.0
200, 73.121064, 659.758889, 39.693772, 0.098220, 6320, 4511.0
201, 69.578093, 662.035530, 39.706579, 0.057976, 6359, 4589.0
202, 68.739280, 663.483419, 37.820118, 0.039676, 6365, 4540.0
203, 78.416836, 658.181105, 37.269434, 0.078077, 6294, 4526.0
204, 71.440226, 661.189074, 39.648443, 0.034408, 6345, 4573.0
205, 74.701029, 660.187084, 38.966104, 0.120716, 6281, 4586.0
206, 71.321857, 662.068988, 34.290268, 0.057081, 6367, 4543.0
207, 68.027513, 663.247998, 40.542133, 0.116239, 6363, 4558.0
208, 67.896208, 660.887603, 45.360358, 0.048875, 6365, 4616.0
209, 73.017344, 661.045396, 39.203233, 0.055315, 6335, 4527.0
210, 72.111408, 662.430386, 37.855024, 0.041647, 6344, 4614.0
211, 72.159646, 662.986160, 34.160864, 0.041531, 6369, 4525.0
212, 71.050789, 662.320963, 41.762787, 0.068256, 6350, 4605.0
213, 70.563207, 663.581353, 37.770184, 0.035036, 6370, 4556.0
214, 72.664008, 659.379438, 37.914206, 0.096468, 6306, 4563.0
215, 73.188049, 661.056195, 40.882033, 0.117396, 6306, 4535.0
216, 69.636663, 661.761164, 42.779717, 0.130777, 6340, 4531.0
217, 70.711244, 662.698415, 39.615147, 0.031201, 6368, 4598.0
218, 74.620544, 659.832058, 33.127084, 0.041864, 6311, 4491.0
219, 76.195204, 660.189221, 36.231065, 0.072113, 6315, 4552.0
220, 72.977702, 662.300714, 34.731380, 0.025952, 6364, 4545.0
221, 75.185722, 660.512771, 37.880760, 0.102893, 6307, 4574.0
222, 75.326244, 658.951505, 42.803334, 0.128455, 6269, 4475.0
223, 70.329972, 661.350471, 42.542941, 0.111590, 6334, 4615.0
224, 68.285228, 663.327137, 38.598436, 0.041689, 6363, 4545.0
225, 67.887185, 662.342018, 41.986974, 0.126847, 6370, 4597.0
226, 74.121448, 661.692747, 30.520965, 0.057340, 6323, 4539.0
227, 72.230634, 660.505667, 35.282538, 0.056462, 6346, 4547.0
228, 70.436686, 660.534926, 42.457575, 0.085349, 6347, 4601.0
229, 71.109742, 662.124615, 38.827130, 0.040124, 6339, 4536.0
230, 71.406256, 660.501185, 38.828286, 0.032337, 6338, 4574.0
231, 77.460501, 661.478388, 32.028576, 0.106221, 6319, 4504.0
232, 70.641699, 662.879473, 37.377174, 0.094448, 6368, 4633.0
233, 68.901718, 662.834158, 38.636123, 0.050031, 6367, 4536.0
234, 68.758270, 661.944011, 42.616526, 0.107107, 6363, 4598.0
235, 71.556495, 660.447705, 40.864952, 0.079691, 6310, 4499.0
236, 74.115813, 660.834050, 38.351891, 0.066195, 6339, 4520.0
237, 68.743085, 662.667080, 41.104743, 0.074958, 6371, 4594.0
238, 73.546701, 660.566555, 35.750988, 0.040788, 6334, 4533.0
239, 74.397373, 660.827260, 40.050716, 0.050230, 6309, 4559.0
240, 75.250880, 659.207579, 36.259221, 0.021542, 6316, 4502.0
241, 70.952253, 658.423045, 45.326703, 0.159940, 6319, 4568.0
242, 69.241166, 660.535226, 45.560534, 0.068213, 6369, 4569.0
243, 72.165285, 661.556127, 35.855215, 0.044358, 6347, 4619.0
244, 69.937375, 660.447473, 42.305596, 0.043784, 6359, 4552.0
245, 72.781993, 659.694765, 38.771439, 0.054919, 6316, 4581.0
246, 74.061841, 658.989312, 40.016974, 0.054486, 6297, 4538.0
247, 72.534150, 659.677089, 40.875438, 0.013804, 6347, 4559.0
248, 68.018023, 662.202681, 43.374006, 0.178450, 6363, 4617.0
249, 70.217612, 659.737888, 44.071502, 0.173814, 6309, 4521.0
250, 69.912034, 663.508920, 38.090320, 0.029677, 6365, 4599.0
251, 70.503098, 661.025644, 41.497960, 0.161739, 6340, 4529.0
252, 73.553261, 661.043072, 36.572938, 0.062057, 6302, 4530.0
253, 73.146474, 659.457130, 34.937985, 0.031350, 6319, 4505.0
254, 72.307122, 660.634361, 36.981202, 0.069501, 6336, 4612.0
255, 71.098912, 661.686926, 36.232303, 0.045190, 6365, 4539.0
256, 73.783396, 659.577290, 38.124040, 0.056421, 6316, 4523.0
257, 73.342769, 660.261426, 39.796987, 0.082564, 6322, 4566.0
258, 70.069961, 662.325346, 39.817236, 0.040276, 6372, 4564.0
259, 68.819472, 660.778767, 41.965720, 0.170788, 6342, 4619.0
260, 69.315797, 662.517802, 38.985049, 0.130724, 6366, 4562.0
261, 68.933764, 661.835034, 43.822090, 0.089939, 6364, 4607.0
262, 77.006118, 658.839947, 30.874175, 0.058501, 6314, 4567.0
263, 67.737635, 659.506142, 44.974904, 0.207786, 6364, 4699.0
264, 75.484829, 660.061463, 28.307788, 0.073620, 6296, 4500.0
265, 73.943949, 660.126020, 29.336784, 0.013754, 6321, 4602.0
266, 70.280085, 659.760831, 44.126506, 0.062175, 6344, 4574.0
267, 72.536835, 660.347078, 36.108916, 0.032285, 6318, 4533.0
268, 72.267845, 662.031744, 35.858472, 0.075411, 6326, 4656.0
269, 70.870979, 659.771557, 40.835653, 0.106958, 6315, 4522.0
270, 76.088578, 658.665935, 33.254867, 0.046096, 6302, 4596.0
271, 73.465442, 662.562600, 37.316220, 0.053911, 6340, 4539.0
272, 70.791794, 660.811364, 40.002717, 0.030605, 6341, 4578.0
273, 69.632828, 659.982381, 44.752087, 0.122801, 6343, 4546.0
274, 77.805347, 661.336257, 19.702878, 0.060111, 6344, 4497.0
275, 75.799938, 659.725160, 36.219973, 0.075954, 6294, 4536.0
276, 76.471386, 658.950962, 33.622962, 0.042010, 6316, 4529.0
277, 73.682578, 661.402243, 38.507289, 0.064114, 6338, 4590.0
278, 73.934215, 661.708466, 33.625253, 0.089835, 6294, 4486.0
279, 69.459350, 660.427902, 44.174576, 0.097088, 6364, 4654.0
280, 74.609786, 659.099665, 36.833346, 0.059008, 6340, 4522.0
281, 71.672810, 661.881164, 37.589297, 0.036876, 6346, 4674.0
282, 70.401821, 658.702591, 44.405043, 0.116684, 6338, 4555.0
283, 76.821763, 659.746961, 32.854902, 0.067877, 6319, 4546.0
284, 73.819232, 662.598508, 32.215046, 0.066863, 6368, 4540.0
285, 67.945367, 657.705027, 47.437134, 0.359729, 6356, 4566.0
286, 69.732687, 662.513915, 40.344351, 0.040298, 6371, 4609.0
287, 67.546064, 661.827541, 44.765262, 0.109751, 6363, 4564.0
288, 70.444350, 660.271443, 41.125517, 0.059094, 6340, 4580.0
289, 69.888817, 661.672629, 40.207631, 0.072629, 6369, 4547.0
290, 69.280690, 661.913202, 42.711471, 0.162534, 6365, 4605.0
291, 68.720381, 662.413649, 43.335636, 0.063631, 6359, 4543.0
292, 71.499594, 662.404478, 41.721931, 0.073501, 6367, 4631.0
293, 69.624176, 662.536346, 38.294349, 0.097751, 6339, 4518.0
294, 70.248690, 662.298928, 43.227127, 0.095418, 6338, 4593.0
295, 68.044508, 660.056840, 44.656318, 0.150976, 6364, 4596.0
296, 72.640643, 660.657099, 37.369326, 0.032629, 6356, 4526.0
297, 71.706309, 660.674102, 38.736460, 0.038024, 6339, 4721.0
298, 66.873450, 660.732129, 44.182886, 0.133345, 6360, 4562.0
299, 72.736189, 660.582390, 41.329679, 0.117683, 6309, 4569.0
300, 72.586871, 661.737423, 37.110228, 0.046059, 6345, 4620.0
301, 72.723343, 661.582728, 36.655421, 0.034330, 6344, 4595.0
302, 70.881240, 661.788238, 33.112580, 0.065017, 6363, 4534.0
303, 72.304564, 662.154779, 36.419832, 0.061359, 6340, 4772.0
304, 72.699887, 662.689390, 30.515330, 0.061715, 6371, 4535.0
305, 75.442667, 659.772844, 32.268829, 0.044340, 6319, 4529.0
306, 70.992212, 660.177100, 42.600403, 0.079992, 6337, 4559.0
307, 75.520860, 660.758850, 27.701242, 0.055407, 6281, 4480.0
308, 71.996467, 660.424227, 38.583607, 0.060867, 6307, 4892.0
309, 74.119141, 660.647408, 37.347404, 0.051628, 6333, 4702.0
310, 69.655080, 661.620628, 41.956095, 0.040533, 6359, 4603.0
311, 69.106623, 662.386854, 41.198517, 0.074407, 6366, 4576.0
312, 76.180946, 661.282950, 29.373162, 0.065553, 6338, 4585.0
313, 71.267338, 660.845410, 41.342592, 0.055660, 6337, 4519.0
314, 73.646942, 662.026118, 36.367172, 0.065517, 6340, 4531.0
315, 74.588356, 659.902711, 36.225249, 0.046338, 6324, 4530.0
316, 78.262443, 658.928659, 35.450893, 0.139289, 6272, 4504.0
317, 74.464940, 661.182937, 32.796930, 0.027893, 6348, 4576.0
318, 69.278093, 664.988513, 39.229267, 0.122662, 6372, 4491.0
319, 73.191147, 661.837648, 33.880913, 0.043639, 6311, 4606.0
320, 72.557107, 662.787734, 32.491682, 0.060184, 6363, 4541.0
321, 72.305739, 661.938705, 36.701420, 0.050234, 6367, 4624.0
322, 68.522868, 664.150453, 38.811648, 0.072033, 6367, 4531.0
323, 77.071384, 662.757590, 26.186908, 0.096585, 6334, 4498.0
324, 73.754644, 661.349956, 35.096296, 0.035012, 6361, 4588.0
325, 74.905859, 661.060451, 31.354819, 0.017985, 6337, 4525.0
326, 76.580513, 659.542275, 37.282772, 0.103477, 6288, 4536.0
327, 71.305347, 664.077565, 38.207144, 0.073044, 6362, 4549.0
328, 73.740826, 659.853669, 40.018946, 0.052463, 6316, 4566.0
329, 67.452163, 661.341639, 44.065585, 0.053227, 6364, 4553.0
330, 70.570498, 661.947163, 40.716944, 0.048307, 6362, 4650.0
331, 69.680271, 661.133196, 42.332404, 0.134433, 6341, 4557.0
332, 70.879085, 660.827729, 40.089068, 0.062299, 6345, 4558.0
333, 68.633351, 662.296991, 41.184356, 0.098381, 6367, 4573.0
334, 71.194365, 660.030841, 42.883503, 0.076987, 6347, 4530.0
335, 70.109480, 659.531893, 45.682164, 0.112327, 6338, 4615.0
336, 66.281314, 662.368537, 43.939632, 0.134689, 6369, 4534.0
337, 70.877830, 662.218420, 38.544331, 0.060768, 6370, 4598.0
338, 69.724554, 660.683372, 42.483646, 0.059701, 6366, 4552.0
339, 73.195105, 661.482410, 39.283507, 0.058799, 6349, 4575.0
340, 69.563741, 661.477230, 43.418346, 0.067016, 6364, 4560.0
341, 70.647151, 661.527856, 35.768893, 0.043725, 6366, 4639.0
342, 70.804552, 660.426972, 42.476969, 0.074325, 6340, 4527.0
343, 71.024268, 662.359805, 40.686467, 0.039295, 6368, 4552.0
344, 70.507415, 661.415124, 42.321346, 0.152636, 6340, 4578.0
345, 73.958016, 661.905838, 30.266658, 0.070021, 6359, 4545.0
346, 69.132716, 659.224475, 47.818939, 0.160397, 6360, 4626.0
347, 72.440903, 660.094402, 38.839293, 0.062133, 6314, 4515.0
348, 70.115029, 661.013964, 44.977821, 0.135865, 6343, 4576.0
349, 68.031642, 662.534253, 38.919697, 0.058748, 6370, 4541.0
350, 77.117627, 660.484000, 29.934524, 0.087901, 6286, 4524.0
351, 67.721174, 660.244845, 46.568725, 0.222729, 6363, 4555.0
352, 70.173439, 663.053240, 38.771036, 0.069912, 6364, 4616.0
353, 70.851863, 661.144028, 40.553977, 0.064694, 6369, 4566.0
354, 73.305708, 661.875393, 37.071310, 0.068534, 6338, 4517.0
355, 71.028967, 662.255786, 38.951044, 0.055158, 6352, 4640.0
356, 72.227171, 662.101222, 33.775595, 0.057174, 6366, 4566.0
357, 69.567746, 662.767312, 40.275243, 0.131921, 6359, 4627.0
358, 67.037106, 661.046763, 43.252927, 0.100239, 6374, 4530.0
359, 74.559276, 660.190132, 35.959985, 0.064376, 6337, 4552.0
360, 70.949450, 662.670962, 41.242300, 0.096823, 6359, 4542.0
361, 70.870108, 660.201678, 39.278040, 0.027474, 6355, 4578.0
362, 71.985552, 663.546849, 31.153057, 0.042187, 6359, 4566.0
363, 72.778903, 662.203010, 37.330587, 0.015715, 6343, 4724.0
364, 73.935687, 660.592457, 37.489990, 0.042423, 6342, 4536.0
365, 73.122370, 660.344193, 36.356505, 0.023242, 6334, 4510.0
366, 69.479864, 661.245444, 41.330238, 0.062202, 6365, 4689.0
367, 72.521003, 662.597429, 28.508315, 0.025142, 6366, 4537.0
368, 74.480691, 659.943923, 37.211657, 0.038774, 6323, 4599.0
369, 72.723661, 660.939635, 37.174098, 0.058163, 6348, 4522.0
370, 73.263220, 661.114197, 43.404703, 0.064023, 6339, 4587.0
371, 74.872362, 661.716023, 37.918873, 0.079435, 6325, 4509.0
372, 73.198419, 661.869656, 32.859836, 0.055072, 6365, 4621.0
373, 73.134649, 659.978530, 39.401515, 0.064134, 6321, 4505.0
374, 69.112107, 662.755371, 43.533165, 0.194529, 6367, 4693.0
375, 72.763758, 660.734691, 39.006924, 0.055082, 6347, 4557.0
376, 72.033158, 660.695928, 39.328743, 0.042507, 6334, 4523.0
377, 70.940153, 662.754688, 38.707568, 0.103547, 6360, 4593.0
378, 70.392922, 662.012749, 40.388014, 0.073260, 6370, 4575.0
379, 70.619832, 662.457202, 38.564169, 0.060874, 6366, 4629.0
380, 76.147780, 659.375413, 37.788491, 0.057535, 6316, 4495.0
381, 71.555972, 662.223349, 36.227167, 0.087558, 6312, 7396.0
382, 74.028849, 660.155294, 37.210134, 0.020018, 6334, 5952.0
383, 76.252946, 661.008659, 26.512024, 0.033201, 6287, 4469.0
384, 71.062642, 660.677390, 42.360565, 0.135931, 6304, 4688.0
385, 70.191381, 662.249693, 41.851797, 0.083600, 6343, 4532.0
386, 75.131468, 660.008274, 39.676111, 0.070277, 6321, 4524.0
387, 69.060558, 661.568555, 40.689475, 0.140707, 6362, 4618.0
388, 70.757235, 661.768790, 41.138224, 0.070559, 6365, 4557.0
389, 69.075993, 659.797985, 45.341767, 0.111402, 6371, 4704.0
390, 69.597442, 665.924198, 55.474429, 0.087598, 6316, 4507.0
391, 76.039647, 661.484251, 37.029490, 0.135600, 6309, 4577.0
392, 72.226460, 660.295421, 39.891774, 0.063008, 6339, 4544.0
393, 74.021697, 660.752971, 38.210815, 0.054746, 6335, 4589.0
394, 70.247347, 659.648130, 45.159836, 0.096697, 6338, 4515.0
395, 78.185952, 658.244435, 34.118371, 0.082644, 6286, 4511.0
396, 74.095638, 660.325415, 38.141668, 0.043911, 6334, 4560.0
397, 70.649814, 661.715446, 39.230077, 0.024165, 6364, 4555.0
398, 73.569843, 660.374555, 38.013020, 0.043341, 6343, 4576.0
399, 76.481972, 659.843419, 36.242102, 0.078571, 6317, 4520.0
400, 71.097574, 660.811819, 41.729056, 0.108011, 6340, 4755.0
401, 70.101267, 662.199409, 39.262908, 0.061748, 6362, 4556.0
402, 71.000024, 661.578832, 39.478879, 0.106505, 6329, 4893.0
403, 72.920045, 661.522594, 40.043466, 0.031387, 6333, 6358.0
404, 69.991595, 661.358404, 42.608156, 0.054169, 6363, 4530.0
405, 74.876005, 660.770533, 33.815447, 0.036659, 6345, 4603.0
406, 73.222564, 662.482624, 32.541112, 0.043135, 6371, 4552.0
407, 75.236220, 660.765479, 36.264475, 0.059338, 6304, 4716.0
408, 74.651882, 660.029103, 33.342974, 0.056521, 6329, 4498.0
409, 77.353997, 662.194038, 23.599168, 0.112914, 6349, 4536.0
410, 69.637837, 663.383574, 39.152342, 0.079521, 6364, 4571.0
411, 81.483273, 657.726234, 28.714134, 0.064693, 6269, 4465.0
412, 72.001644, 662.043341, 33.444037, 0.035590, 6361, 4587.0
413, 73.732403, 660.700095, 38.486515, 0.037390, 6353, 4531.0
414, 73.091607, 660.125812, 37.594392, 0.045617, 6343, 4553.0
415, 75.388037, 660.247051, 40.671290, 0.040642, 6289, 4482.0
416, 73.442465, 661.427723, 30.521367, 0.047352, 6359, 4606.0
417, 66.475822, 659.251836, 46.194327, 0.216423, 6364, 4574.0
418, 74.375693, 661.832075, 33.805147, 0.053768, 6332, 4573.0
419, 69.973595, 662.448777, 39.929815, 0.054927, 6354, 4664.0
420, 70.405878, 660.883651, 38.527781, 0.119204, 6366, 4580.0
421, 74.629230, 659.997085, 36.900744, 0.056723, 6310, 4789.0
422, 73.296154, 660.595154, 39.286217, 0.051074, 6345, 4529.0
423, 69.597122, 662.259910, 41.583576, 0.085575, 6358, 4602.0
424, 72.154778, 661.938660, 34.550557, 0.068097, 6363, 4558.0
425, 75.326927, 659.170269, 37.021683, 0.061364, 6322, 4549.0
426, 72.112027, 661.477261, 36.602829, 0.059568, 6342, 4585.0
427, 71.997746, 659.738719, 43.052607, 0.060467, 6347, 4705.0
428, 77.079542, 661.394788, 26.479130, 0.084097, 6281, 4469.0
429, 69.198974, 661.339072, 43.753675, 0.136831, 6366, 4626.0
430, 74.968065, 660.716791, 35.639568, 0.065344, 6325, 4579.0
431, 68.745255, 662.052428, 44.041861, 0.055920, 6362, 4595.0
432, 72.474039, 661.639146, 37.072926, 0.056375, 6343, 4742.0
433, 72.575555, 660.734201, 36.315426, 0.047226, 6340, 4521.0
434, 71.152061, 660.359409, 40.106341, 0.037995, 6348, 4774.0
435, 68.398206, 661.129079, 41.853867, 0.085250, 6370, 4575.0
436, 67.111480, 663.559490, 39.090084, 0.110083, 6365, 4578.0
437, 69.318782, 660.959336, 45.135986, 0.115809, 6367, 4566.0
438, 68.424254, 664.587757, 35.501372, 0.081820, 6370, 4524.0
439, 70.683656, 661.937834, 39.242326, 0.039045, 6357, 4600.0
440, 71.362899, 661.169445, 39.585515, 0.038685, 6333, 4514.0
441, 75.018906, 660.053521, 36.809046, 0.052434, 6312, 4569.0
442, 67.232694, 663.162343, 42.017025, 0.063307, 6363, 4561.0
443, 74.536762, 659.698010, 33.908003, 0.013476, 6322, 4839.0
444, 70.449245, 659.459007, 44.966222, 0.088522, 6353, 4526.0
445, 72.792993, 660.541089, 36.600386, 0.027695, 6343, 4586.0
446, 73.024168, 660.894735, 42.091521, 0.136244, 6312, 4566.0
447, 72.717461, 662.620116, 40.663585, 0.130812, 6351, 4537.0
448, 70.873246, 661.804601, 40.018306, 0.043183, 6375, 4678.0
449, 70.265077, 661.981601, 40.681056, 0.057527, 6364, 4577.0
450, 72.666965, 660.970852, 39.599052, 0.048193, 6337, 4610.0
451, 70.114023, 662.620170, 40.967487, 0.111166, 6369, 4540.0
452, 70.434685, 662.796597, 36.023469, 0.058614, 6360, 4725.0
453, 74.651682, 660.404328, 35.736422, 0.025154, 6336, 4517.0
454, 68.551282, 662.078141, 35.983762, 0.057933, 6368, 4660.0
455, 72.052492, 659.583297, 42.305745, 0.114139, 6310, 4511.0
456, 78.597793, 660.411014, 30.089654, 0.125731, 6311, 4517.0
457, 70.876949, 662.506869, 35.602650, 0.056835, 6367, 4614.0
458, 73.830335, 660.174592, 35.346717, 0.028886, 6332, 4534.0
459, 71.995124, 659.715945, 41.850836, 0.149633, 6308, 4591.0
460, 71.443349, 660.914358, 43.225144, 0.117873, 6341, 4526.0
461, 72.912464, 660.906857, 39.181795, 0.101654, 6321, 4580.0
462, 71.641345, 660.706870, 41.150395, 0.044050, 6344, 4538.0
463, 72.992862, 661.268073, 39.064793, 0.090433, 6318, 4591.0
464, 72.472962, 660.356896, 44.642419, 0.093032, 6307, 4506.0
465, 71.857493, 661.180380, 44.891521, 0.065898, 6361, 4638.0
466, 67.613543, 661.162409, 44.073426, 0.135809, 6370, 4615.0
467, 74.531556, 659.333310, 38.346346, 0.088406, 6327, 4546.0
468, 74.206046, 659.475356, 40.327012, 0.039603, 6282, 4533.0
469, 69.195778, 663.478825, 40.362864, 0.075322, 6371, 4537.0
470, 68.462185, 662.449337, 40.774718, 0.120409, 6357, 4612.0
471, 71.838613, 660.541132, 43.233056, 0.096726, 6340, 4537.0
472, 69.265703, 663.012516, 41.660064, 0.105796, 6365, 4589.0
473, 71.473317, 662.190697, 35.549250, 0.061595, 6366, 4528.0
474, 67.881225, 661.639108, 44.170658, 0.182367, 6364, 4601.0
475, 71.567774, 661.028107, 39.051950, 0.095924, 6322, 4556.0
476, 69.544682, 660.747674, 43.676900, 0.136886, 6357, 4563.0
477, 71.705071, 661.526823, 36.832767, 0.029865, 6343, 4631.0
478, 70.909568, 661.282299, 38.482599, 0.014686, 6366, 4551.0
479, 72.815811, 661.918572, 40.988358, 0.081822, 6342, 4579.0
480, 73.586445, 659.294857, 40.367353, 0.061189, 6294, 4499.0
481, 72.155772, 660.424829, 41.849476, 0.032831, 6338, 4693.0
482, 72.496606, 661.869741, 41.650496, 0.079030, 6343, 4561.0
483, 67.410272, 660.376654, 42.906673, 0.118142, 6361, 4601.0
484, 70.114784, 663.042254, 35.991167, 0.056712, 6366, 4517.0
485, 68.160342, 661.640906, 42.559730, 0.035948, 6371, 4702.0
486, 73.255792, 661.926582, 33.038355, 0.059055, 6364, 4557.0
487, 69.965294, 661.023820, 38.082002, 0.025342, 6358, 4568.0
488, 71.003513, 661.607262, 38.884943, 0.051552, 6368, 4597.0
489, 73.126429, 661.079267, 35.919236, 0.052965, 6342, 4535.0
490, 68.240862, 662.832948, 38.288273, 0.072904, 6364, 4578.0
491, 70.642222, 661.483233, 39.662133, 0.071687, 6368, 4869.0
492, 71.196706, 662.732778, 39.568726, 0.080226, 6347, 4729.0
493, 66.281693, 661.545999, 42.715017, 0.085289, 6363, 6536.0
494, 69.542779, 662.417777, 41.509428, 0.082912, 6365, 5924.0
495, 78.323095, 661.100308, 27.636661, 0.071080, 6286, 4483.0
496, 72.426863, 661.150233, 33.756270, 0.023079, 6372, 4576.0
497, 69.565739, 661.484758, 43.174680, 0.179455, 6365, 4591.0
498, 69.551825, 663.828678, 40.690880, 0.107922, 6359, 4616.0
499, 74.842528, 661.623862, 32.194665, 0.035525, 6341, 4533.0
500, 71.621736, 661.555232, 45.231204, 0.065625, 6346, 4582.0
501, 68.669854, 662.576370, 39.836992, 0.050913, 6366, 4551.0
502, 70.893571, 659.091210, 44.492974, 0.134819, 6315, 4616.0
503, 69.064719, 661.006364, 40.567469, 0.060859, 6357, 4548.0
504, 72.887247, 661.066154, 38.018105, 0.042342, 6333, 4581.0
505, 69.187967, 661.088670, 39.400034, 0.073753, 6341, 4627.0
506, 70.726415, 662.617116, 38.296207, 0.061592, 6369, 4530.0
507, 72.420319, 661.308421, 34.269428, 0.058852, 6359, 4658.0
508, 71.158470, 662.624984, 39.587969, 0.049876, 6340, 4548.0
509, 71.146970, 661.394104, 39.829835, 0.045719, 6366, 4615.0
510, 71.223698, 661.008618, 42.145925, 0.061317, 6346, 4542.0
511, 68.889547, 662.184369, 40.086012, 0.206225, 6334, 5303.0
512, 68.726869, 662.145489, 44.773133, 0.055378, 6372, 4621.0
513, 72.300444, 661.541487, 39.106212, 0.068750, 6339, 4661.0
514, 68.839332, 659.659763, 45.882785, 0.110044, 6339, 4594.0
515, 73.553721, 660.282873, 40.548218, 0.058242, 6306, 5013.0
516, 66.642344, 662.326720, 44.417545, 0.110047, 6365, 5291.0
517, 71.295052, 661.273292, 40.975306, 0.061813, 6343, 4621.0
518, 66.757238, 662.271789, 41.345916, 0.149782, 6366, 4546.0
519, 69.817016, 660.092598, 47.329404, 0.074366, 6344, 6436.0
520, 72.640596, 661.600479, 33.387563, 0.033852, 6362, 7772.0
521, 71.818657, 661.491910, 34.444920, 0.066127, 6365, 7632.0
522, 68.810729, 661.571024, 40.429815, 0.114515, 6362, 4563.0
523, 73.371078, 660.641729, 38.961807, 0.062512, 6315, 4593.0
524, 72.736772, 662.185532, 40.524303, 0.067936, 6337, 4714.0
525, 70.743607, 662.464772, 42.921926, 0.029952, 6370, 4604.0
526, 68.682497, 661.692852, 42.971108, 0.219752, 6370, 4567.0
527, 68.134952, 661.229682, 44.423997, 0.102891, 6372, 4666.0
528, 74.131335, 659.518036, 34.961622, 0.042532, 6312, 4497.0
529, 71.070495, 662.627355, 38.663316, 0.107256, 6337, 4523.0
530, 74.050297, 660.520296, 34.429869, 0.032739, 6342, 4587.0
531, 74.978158, 660.481761, 33.723557, 0.069346, 6342, 5974.0
532, 77.961707, 658.383932, 38.477071, 0.103009, 6273, 5940.0
533, 70.172530, 662.920592, 41.156139, 0.071805, 6365, 4876.0
534, 68.868645, 660.232394, 39.832127, 0.113899, 6366, 4600.0
535, 71.511164, 662.348016, 37.710573, 0.113726, 6364, 4649.0
536, 74.533934, 659.829564, 33.239208, 0.026133, 6315, 4497.0
537, 75.600855, 661.528453, 31.798322, 0.058155, 6320, 4634.0
538, 73.222129, 660.784911, 32.051822, 0.030565, 6323, 4508.0
539, 73.186907, 661.724321, 37.513820, 0.061086, 6337, 4594.0
540, 70.538395, 662.795928, 36.182507, 0.058335, 6371, 4567.0
541, 71.942697, 660.986855, 43.767986, 0.048476, 6339, 4594.0
542, 71.576687, 661.552033, 40.459195, 0.053266, 6336, 4610.0
543, 71.407643, 660.708090, 39.949770, 0.052505, 6366, 4602.0
544, 70.760682, 661.908075, 41.202827, 0.077589, 6367, 4773.0
545, 70.253579, 663.157482, 38.272509, 0.065947, 6363, 4595.0
546, 73.583370, 662.189767, 29.185789, 0.080096, 6367, 4739.0
547, 72.447276, 660.668156, 37.157900, 0.054592, 6346, 4556.0
548, 69.484845, 661.782773, 40.097004, 0.117093, 6368, 4647.0
549, 72.703030, 660.620240, 39.650814, 0.060053, 6338, 4607.0
550, 73.179806, 660.490249, 37.219861, 0.077885, 6314, 4575.0
551, 70.686280, 661.358734, 40.402648, 0.049148, 6372, 4793.0
552, 66.622542, 662.768854, 42.255532, 0.339435, 6364, 4590.0
553, 76.323733, 660.671968, 34.867080, 0.081474, 6280, 4575.0
554, 71.961191, 659.960982, 36.466288, 0.072635, 6319, 4501.0
555, 69.998529, 661.386042, 37.128440, 0.044042, 6362, 4656.0
556, 69.045144, 661.878370, 38.134633, 0.110194, 6368, 7594.0
557, 70.977158, 660.972143, 41.078292, 0.092956, 6371, 7539.0
558, 71.418230, 660.858971, 41.039370, 0.027329, 6345, 7226.0
559, 73.870879, 660.208158, 39.291783, 0.064586, 6309, 5523.0
560, 76.218744, 660.167487, 34.396495, 0.100782, 6309, 5326.0
561, 73.198135, 662.649258, 36.701917, 0.057181, 6351, 4569.0
562, 67.687633, 662.970858, 39.584350, 0.077135, 6365, 4629.0
563, 68.095930, 663.251947, 39.392267, 0.153813, 6363, 4591.0
564, 73.705150, 662.024805, 33.288519, 0.066773, 6348, 4553.0
565, 76.484696, 659.263610, 30.504909, 0.051618, 6320, 4578.0
566, 71.139388, 661.459415, 40.509577, 0.092255, 6350, 4570.0
567, 70.844820, 662.005574, 36.647978, 0.054263, 6366, 4661.0
568, 71.300775, 662.636642, 38.792453, 0.070920, 6342, 4536.0
569, 72.263926, 660.242516, 44.566705, 0.086483, 6314, 4501.0
570, 77.398208, 661.044041, 24.284431, 0.048768, 6307, 4528.0
571, 71.938483, 661.055033, 40.479589, 0.055793, 6333, 4627.0
572, 71.548381, 662.919981, 38.457869, 0.060721, 6367, 4645.0
573, 69.113250, 662.099315, 42.460633, 0.106586, 6366, 4598.0
574, 71.989914, 661.299046, 37.971257, 0.053737, 6347, 4713.0
575, 74.354865, 660.744310, 34.613761, 0.046250, 6330, 4579.0
576, 72.036771, 661.441596, 40.609004, 0.042460, 6335, 4547.0
577, 71.647807, 661.239977, 40.144793, 0.070364, 6344, 4610.0
578, 70.405965, 660.974463, 40.447135, 0.078096, 6364, 4580.0
579, 74.884858, 661.000524, 30.312928, 0.022185, 6319, 4674.0
580, 76.737734, 659.917265, 31.605835, 0.069593, 6305, 4577.0
581, 72.899667, 661.138384, 34.856193, 0.051912, 6341, 4806.0
582, 76.658414, 659.772163, 33.443437, 0.059855, 6276, 6863.0
583, 72.713901, 660.676234, 40.523976, 0.088276, 6316, 4530.0
584, 72.570485, 661.456405, 38.188271, 0.041707, 6345, 7129.0
585, 68.793501, 660.782236, 43.234126, 0.070365, 6363, 4617.0
586, 73.313602, 660.241238, 39.621014, 0.067307, 6320, 4610.0
587, 75.128262, 660.277030, 29.959628, 0.042214, 6313, 4612.0
588, 70.254487, 660.695241, 39.121679, 0.081576, 6363, 4703.0
589, 71.093893, 660.833842, 43.142542, 0.093184, 6345, 4646.0
590, 72.132714, 661.287654, 38.696923, 0.058903, 6346, 4538.0
591, 68.638390, 663.291118, 40.991185, 0.159627, 6371, 4623.0
592, 75.950915, 659.387802, 37.092214, 0.062461, 6293, 4483.0
593, 73.342077, 661.210888, 40.103211, 0.052599, 6339, 4613.0
594, 70.651968, 663.987757, 39.599470, 0.136574, 6370, 4715.0
595, 72.353716, 661.127074, 35.671645, 0.032573, 6338, 4516.0
596, 68.254922, 662.607325, 42.237085, 0.118276, 6369, 4682.0
597, 72.727976, 661.938121, 38.264495, 0.011908, 6368, 4547.0
598, 70.440214, 662.104859, 37.887372, 0.031613, 6361, 5947.0
599, 75.640408, 660.628046, 33.979470, 0.057348, 6330, 4568.0
600, 74.188584, 661.400582, 37.439096, 0.047023, 6337, 4521.0
601, 73.371321, 660.556297, 38.640195, 0.108649, 6315, 4673.0
602, 70.033505, 662.707871, 34.771949, 0.052603, 6363, 4527.0
603, 72.381210, 661.461256, 37.925900, 0.042250, 6338, 4728.0
604, 72.901149, 659.782588, 33.687299, 0.067593, 6311, 4559.0
605, 79.668007, 658.111190, 35.614583, 0.180099, 6246, 4511.0
606, 72.044181, 661.180139, 35.760916, 0.082124, 6323, 4476.0
607, 73.212611, 660.700189, 38.675758, 0.053855, 6342, 4585.0
608, 71.199669, 662.365113, 41.279354, 0.178925, 6350, 4609.0
609, 77.366410, 659.709540, 31.928236, 0.060144, 6305, 4499.0
610, 68.780075, 664.703121, 38.675195, 0.214888, 6366, 4572.0
611, 71.770733, 661.101586, 41.733624, 0.061981, 6344, 4574.0
612, 75.354218, 660.056740, 32.927034, 0.053635, 6317, 4549.0
613, 69.488414, 662.373842, 42.570498, 0.137536, 6365, 4548.0
614, 73.422130, 660.430428, 33.030896, 0.056644, 6367, 4626.0
615, 69.610750, 663.461280, 40.166925, 0.170897, 6365, 4533.0
616, 73.639221, 659.133180, 37.362877, 0.043312, 6315, 4527.0
617, 68.090619, 661.530874, 42.856810, 0.109460, 6369, 4610.0
618, 70.790783, 662.790107, 41.130073, 0.050128, 6369, 4552.0
619, 75.305976, 661.314797, 33.786494, 0.031540, 6334, 4584.0
620, 72.738948, 659.338361, 38.647952, 0.026168, 6331, 4521.0
621, 70.577695, 660.335042, 44.937123, 0.073318, 6372, 4606.0
622, 75.456866, 659.696223, 38.259272, 0.077419, 6298, 4517.0
623, 73.632114, 661.420889, 34.617960, 0.073049, 6347, 4718.0
624, 69.023206, 661.735842, 41.055626, 0.057243, 6364, 4536.0
625, 73.160956, 659.567665, 35.176021, 0.037829, 6308, 4606.0
626, 69.665225, 661.764872, 40.522517, 0.168553, 6337, 4659.0
627, 71.294465, 665.090261, 36.236742, 0.088074, 6366, 4532.0
628, 71.162072, 661.485523, 39.268954, 0.063293, 6372, 4590.0
629, 70.365384, 663.221619, 37.827923, 0.062575, 6366, 4535.0
630, 72.599942, 661.600751, 34.848339, 0.041719, 6363, 4670.0
631, 73.781432, 660.366746, 34.261090, 0.035523, 6325, 4498.0
632, 72.381332, 660.944087, 37.773756, 0.040957, 6347, 4572.0
633, 70.507755, 661.180172, 38.443371, 0.069269, 6363, 4555.0
634, 76.208640, 660.439841, 31.997706, 0.044112, 6311, 4546.0
635, 71.387693, 660.053611, 41.751038, 0.127202, 6319, 4584.0
636, 72.039878, 662.748865, 38.107754, 0.022107, 6350, 4553.0
637, 67.642225, 660.633618, 43.838783, 0.143825, 6365, 4716.0
638, 75.028194, 661.478485, 31.430411, 0.050124, 6333, 4513.0
639, 68.771257, 660.196471, 44.887491, 0.145230, 6370, 4601.0
640, 76.020050, 660.304533, 30.306069, 0.060647, 6294, 4474.0
641, 72.993763, 660.672089, 34.888879, 0.039651, 6346, 4782.0
642, 70.665518, 659.567332, 41.635465, 0.109651, 6361, 4546.0
643, 72.128441, 661.076924, 35.749197, 0.044053, 6340, 4581.0
644, 75.333190, 659.425582, 34.149812, 0.035980, 6318, 4833.0
645, 70.833437, 663.045417, 33.735423, 0.061121, 6363, 4617.0
646, 73.066006, 659.787157, 38.719888, 0.032186, 6339, 4617.0
647, 68.925503, 662.682316, 38.971047, 0.051389, 6368, 4526.0
648, 71.142744, 660.515998, 42.147336, 0.069938, 6348, 4570.0
649, 71.454445, 661.880218, 37.811039, 0.085260, 6339, 4522.0
650, 68.983714, 660.856420, 42.274485, 0.114597, 6341, 4572.0
651, 69.229464, 663.571510, 35.952836, 0.023280, 6362, 4523.0
652, 71.223772, 663.984725, 35.302549, 0.066149, 6364, 4666.0
653, 70.147750, 661.329694, 40.398571, 0.041935, 6361, 4548.0
654, 69.682166, 661.057187, 39.854449, 0.096294, 6337, 4536.0
655, 70.616142, 661.038381, 35.940128, 0.041278, 6369, 4584.0
656, 66.548561, 663.286404, 41.817533, 0.047897, 6361, 4528.0
657, 69.850136, 662.087832, 39.420017, 0.088195, 6362, 4619.0
658, 68.145107, 662.821706, 44.493587, 0.102299, 6365, 4562.0
659, 70.773217, 661.364681, 42.197899, 0.065150, 6362, 4608.0
660, 69.287919, 661.071626, 43.891110, 0.078266, 6335, 4508.0
661, 70.566138, 663.455792, 42.907536, 0.053120, 6365, 4652.0
662, 70.164295, 661.728642, 38.850054, 0.057240, 6349, 4533.0
663, 67.303300, 663.064360, 41.247299, 0.166246, 6364, 4597.0
664, 75.648647, 658.458148, 36.019724, 0.044002, 6319, 4553.0
665, 72.190552, 662.287157, 33.852498, 0.046649, 6363, 4533.0
666, 69.942327, 660.922498, 42.191369, 0.053467, 6364, 4577.0
667, 67.346821, 662.587356, 44.583013, 0.148539, 6363, 4524.0
668, 68.250030, 663.376312, 42.506224, 0.123916, 6362, 4656.0
669, 74.158367, 660.681488, 39.515915, 0.051259, 6338, 4671.0
670, 67.881394, 661.335749, 45.220177, 0.098136, 6365, 4761.0
671, 71.060811, 662.389647, 38.760167, 0.061480, 6337, 4533.0
672, 75.373589, 659.072004, 36.179012, 0.046580, 6316, 4464.0
673, 67.841963, 658.748323, 46.366881, 0.140207, 6371, 4695.0
674, 73.691007, 658.449788, 36.514241, 0.025813, 6321, 4527.0
675, 74.440054, 659.522598, 36.799286, 0.048070, 6314, 4534.0
676, 66.617375, 665.402340, 39.577318, 0.185077, 6371, 4543.0
677, 69.181238, 662.648667, 41.642851, 0.055013, 6361, 4592.0
678, 75.127285, 660.362060, 37.689332, 0.037881, 6331, 4600.0
679, 67.572924, 663.294917, 40.795915, 0.103214, 6366, 4635.0
680, 69.274144, 661.854586, 42.916467, 0.091044, 6366, 4551.0
681, 70.844872, 659.863561, 41.232164, 0.101093, 6346, 4590.0
682, 69.765298, 661.135965, 39.648860, 0.071462, 6367, 4761.0
683, 72.730541, 662.202358, 36.783658, 0.055459, 6349, 4525.0
684, 68.718977, 662.600784, 41.120899, 0.032490, 6365, 4656.0
685, 68.860313, 663.344612, 40.733802, 0.106629, 6364, 4530.0
686, 68.515527, 658.920112, 44.528039, 0.162974, 6342, 4581.0
687, 69.361719, 659.964058, 42.236009, 0.079584, 6332, 4518.0
688, 70.879306, 661.876223, 44.183841, 0.042660, 6347, 4560.0
689, 69.600111, 659.474066, 43.633796, 0.144003, 6369, 4682.0
690, 73.021743, 659.899564, 36.267101, 0.043064, 6317, 4595.0
691, 71.955683, 659.808335, 41.800640, 0.092148, 6310, 4547.0
692, 73.126273, 661.619017, 36.749621, 0.057498, 6330, 4525.0
693, 73.287013, 661.042295, 36.358954, 0.050912, 6333, 4572.0
694, 69.297607, 661.319653, 42.077893, 0.074197, 6370, 4603.0
695, 74.182670, 659.454275, 41.307894, 0.137059, 6314, 4643.0
696, 69.837033, 663.054028, 39.711902, 0.045867, 6364, 4532.0
697, 71.645037, 660.196554, 41.885206, 0.035026, 6332, 4740.0
698, 66.804703, 661.108275, 43.174162, 0.139211, 6368, 4549.0
699, 67.967010, 663.400645, 39.702755, 0.096702, 6372, 4634.0
700, 71.941159, 660.531430, 38.257672, 0.043841, 6345, 4587.0
701, 73.737930, 660.348504, 38.549490, 0.072432, 6315, 4581.0
702, 71.122519, 663.065514, 35.789375, 0.048197, 6366, 4572.0
703, 68.802236, 659.077552, 44.451288, 0.147350, 6368, 4555.0
704, 68.447518, 661.552457, 42.366935, 0.102947, 6365, 4588.0
705, 69.106799, 663.012723, 39.109343, 0.120000, 6363, 4529.0
706, 73.015466, 661.813579, 32.996912, 0.036012, 6370, 4693.0
707, 73.489011, 661.397992, 34.369861, 0.033952, 6339, 4528.0
708, 66.876987, 660.892398, 44.547914, 0.218261, 6365, 4605.0
709, 75.563169, 659.660984, 39.980819, 0.071350, 6306, 4557.0
710, 70.574792, 660.696319, 43.734412, 0.084122, 6339, 4554.0
711, 70.487718, 662.361296, 38.065092, 0.057475, 6362, 4719.0
712, 69.476821, 663.506660, 37.546171, 0.039313, 6366, 4523.0
713, 68.974566, 660.396716, 42.825381, 0.112849, 6366, 4615.0
714, 73.465105, 661.213411, 38.349555, 0.034066, 6341, 4515.0
715, 69.639369, 661.528570, 45.238095, 0.116165, 6368, 4593.0
716, 72.778621, 660.009216, 35.771899, 0.026751, 6340, 4518.0
717, 71.523652, 659.321807, 43.586525, 0.155229, 6299, 4598.0
718, 71.219396, 660.891478, 38.861695, 0.097968, 6313, 4520.0
719, 67.497679, 657.781368, 47.914736, 0.237802, 6353, 4594.0
720, 70.539337, 661.719549, 41.085697, 0.078307, 6344, 4572.0
721, 71.113156, 659.765428, 44.803926, 0.183024, 6322, 4513.0
722, 70.015443, 661.486452, 38.819421, 0.098721, 6373, 4686.0
723, 68.495824, 658.882111, 48.885478, 0.165995, 6369, 4557.0
724, 75.818475, 659.417423, 34.882063, 0.046107, 6310, 4550.0
725, 67.071924, 664.204620, 40.870004, 0.133715, 6369, 4539.0
726, 72.905467, 658.643244, 43.030017, 0.057829, 6308, 4571.0
727, 71.108362, 660.569198, 39.070392, 0.029205, 6339, 4525.0
728, 72.682059, 661.285191, 35.165012, 0.052031, 6365, 4573.0
729, 73.909492, 660.261121, 31.563757, 0.048634, 6312, 4568.0
730, 70.061158, 661.728936, 41.721886, 0.111408, 6343, 4537.0
731, 66.837793, 663.773017, 40.673313, 0.169970, 6368, 4586.0
732, 74.501419, 660.898785, 35.206624, 0.060153, 6310, 4486.0
733, 71.642192, 661.060431, 40.077307, 0.063719, 6337, 4627.0
734, 70.171339, 661.207125, 43.978956, 0.077612, 6344, 4603.0
735, 70.360412, 662.609141, 34.862784, 0.071596, 6361, 4562.0
736, 68.767844, 660.958970, 41.680924, 0.056404, 6362, 4538.0
737, 69.815269, 662.851153, 39.809707, 0.101608, 6362, 4552.0
738, 69.753483, 661.527679, 39.626924, 0.061860, 6364, 4710.0
739, 74.037583, 661.611919, 40.954285, 0.044623, 6333, 4540.0
740, 70.641495, 662.156027, 38.341853, 0.050815, 6361, 4585.0
741, 72.260685, 659.842607, 41.234044, 0.068936, 6312, 4496.0
742, 68.470566, 663.187032, 42.325020, 0.063450, 6364, 4595.0
743, 74.351330, 659.485534, 38.127516, 0.071467, 6313, 4492.0
744, 71.542295, 661.095492, 38.169259, 0.039894, 6363, 4672.0
745, 69.539335, 662.417126, 40.257158, 0.075255, 6366, 4546.0
746, 69.612209, 660.547550, 39.871645, 0.042690, 6360, 4538.0
747, 69.981133, 661.938649, 43.920004, 0.119551, 6339, 4548.0
748, 68.603772, 660.003128, 45.847966, 0.179851, 6369, 4526.0
749, 69.714774, 662.269881, 35.984330, 0.067162, 6362, 4629.0
750, 71.323517, 661.538191, 42.411079, 0.063016, 6336, 4566.0
751, 73.900618, 660.076549, 34.333819, 0.049570, 6309, 4586.0
752, 68.529516, 662.351964, 43.311726, 0.103479, 6365, 4552.0
753, 67.533893, 662.665526, 40.571773, 0.131306, 6364, 4560.0
754, 66.321882, 660.775290, 45.083352, 0.135667, 6372, 4541.0
755, 69.153218, 660.720348, 41.257908, 0.144066, 6311, 4575.0
756, 69.522408, 660.456937, 44.601964, 0.027204, 6367, 4658.0
757, 71.227691, 661.483151, 41.146665, 0.045327, 6346, 4570.0
758, 67.396946, 662.044658, 42.442349, 0.145415, 6370, 4623.0
759, 67.198412, 661.202676, 42.467790, 0.102771, 6370, 4658.0
760, 67.775060, 663.947741, 40.949088, 0.123752, 6368, 4652.0
761, 76.227408, 658.918187, 35.743075, 0.047291, 6289, 4479.0
762, 72.796783, 662.623470, 35.961074, 0.089530, 6364, 4572.0
763, 66.451047, 660.083487, 48.453211, 0.128337, 6366, 4539.0
764, 67.415722, 661.132155, 43.835594, 0.165392, 6366, 4609.0
765, 72.861935, 660.270776, 37.603412, 0.059006, 6343, 4526.0
766, 67.614307, 662.933057, 42.217625, 0.170677, 6365, 4547.0
767, 69.551945, 662.700629, 41.019479, 0.112981, 6364, 4585.0
768, 71.523417, 661.080517, 39.199148, 0.056210, 6343, 4527.0
769, 75.666898, 660.179507, 36.804973, 0.071678, 6333, 4579.0
770, 71.872980, 661.401353, 37.652698, 0.052319, 6369, 4541.0
771, 73.007873, 661.174254, 35.137003, 0.041355, 6333, 4625.0
772, 70.753559, 660.859836, 42.231162, 0.066751, 6370, 4559.0
773, 71.086597, 664.144546, 36.945777, 0.117109, 6367, 4568.0
774, 72.641677, 660.714929, 41.190930, 0.043756, 6346, 4592.0
775, 68.152610, 661.086078, 41.898837, 0.070797, 6359, 4644.0
776, 70.280935, 660.799388, 43.181426, 0.085549, 6366, 4557.0
777, 70.721836, 660.183751, 41.432082, 0.085286, 6339, 4517.0
778, 69.324701, 661.972131, 39.994443, 0.023437, 6358, 4583.0
779, 71.497561, 660.521083, 41.068756, 0.064444, 6331, 4540.0
780, 71.258619, 661.973840, 39.829989, 0.040121, 6345, 4574.0
781, 76.288564, 659.440868, 32.324103, 0.068665, 6267, 4480.0
782, 73.089626, 661.026716, 36.095704, 0.037907, 6341, 4885.0
783, 71.381103, 661.410017, 40.924554, 0.094401, 6342, 4550.0
784, 69.843846, 662.295789, 40.098794, 0.092200, 6361, 4865.0
785, 70.944328, 662.289006, 37.673143, 0.068644, 6374, 4565.0
786, 69.458662, 660.267476, 41.008438, 0.065853, 6366, 4543.0
787, 69.760260, 661.686441, 42.700473, 0.040607, 6362, 4669.0
788, 67.361259, 662.222527, 42.758905, 0.135121, 6367, 4532.0
789, 69.320669, 660.705971, 43.426118, 0.060872, 6368, 4590.0
790, 71.737285, 662.062538, 34.136233, 0.030047, 6358, 4577.0
791, 65.341046, 662.746029, 44.152782, 0.057808, 6358, 4693.0
792, 71.513419, 663.005428, 37.715395, 0.057442, 6366, 4544.0
793, 73.147336, 660.903148, 35.647205, 0.025162, 6335, 4662.0
794, 67.846745, 659.954890, 44.905099, 0.095530, 6368, 4595.0
795, 69.907182, 659.251631, 46.199709, 0.064183, 6366, 4548.0
796, 71.710200, 661.546594, 39.668081, 0.078798, 6343, 4580.0
797, 65.313587, 663.574717, 40.034417, 0.193992, 6364, 4610.0
798, 72.038595, 660.395134, 42.141478, 0.036974, 6343, 4590.0
799, 70.384437, 660.029550, 42.908780, 0.118712, 6342, 4526.0
800, 73.320759, 659.673127, 41.806019, 0.069042, 6319, 4628.0
801, 68.993095, 663.778173, 39.953180, 0.044213, 6360, 4516.0
802, 71.981438, 659.836248, 38.913908, 0.057233, 6310, 4582.0
803, 67.393836, 657.813972, 49.192536, 0.158049, 6368, 4572.0
804, 68.677386, 662.517049, 42.386671, 0.122392, 6367, 4520.0
805, 70.548817, 659.803414, 44.658598, 0.087237, 6341, 4594.0
806, 73.579920, 659.478667, 35.836739, 0.044136, 6333, 4510.0
807, 69.053133, 659.796387, 46.321819, 0.090694, 6364, 4636.0
808, 71.603048, 661.723086, 38.120563, 0.033425, 6354, 4529.0
809, 70.048951, 661.112916, 41.948419, 0.114084, 6361, 4600.0
810, 65.627086, 658.979471, 45.739284, 0.260755, 6367, 4542.0
811, 69.465740, 661.876941, 41.432737, 0.042273, 6362, 4638.0
812, 71.446910, 662.859136, 34.555177, 0.048633, 6364, 4579.0
813, 68.562892, 662.967384, 41.673947, 0.088733, 6372, 4561.0
814, 66.895010, 660.446966, 44.306025, 0.117194, 6362, 4604.0
815, 72.154713, 659.269494, 42.252051, 0.059232, 6310, 4493.0
816, 66.394598, 660.926891, 45.198554, 0.123628, 6363, 4588.0
817, 70.228177, 662.453266, 40.648876, 0.055578, 6360, 4541.0
818, 70.178769, 661.238501, 41.106498, 0.030225, 6340, 4578.0
819, 71.381449, 660.507082, 36.317408, 0.065827, 6322, 4508.0
820, 66.144101, 662.908614, 42.813982, 0.119428, 6359, 4583.0
821, 67.891036, 661.720538, 43.766680, 0.110071, 6365, 4643.0
822, 71.715425, 662.351421, 39.813913, 0.048614, 6340, 4545.0
823, 71.134201, 661.029289, 38.272817, 0.058541, 6362, 4541.0
824, 68.014322, 663.530901, 39.953813, 0.065023, 6365, 4522.0
825, 70.114901, 661.269565, 36.300297, 0.047743, 6360, 4583.0
826, 75.831211, 659.220533, 35.453635, 0.045177, 6327, 4535.0
827, 70.543303, 662.435821, 38.071424, 0.053930, 6361, 4568.0
828, 64.567861, 660.735601, 44.444054, 0.148338, 6366, 4543.0
829, 67.412115, 661.324394, 43.092333, 0.074578, 6367, 4607.0
830, 70.627618, 661.979720, 38.762373, 0.039831, 6339, 4535.0
831, 69.475195, 663.217482, 40.046538, 0.055182, 6363, 4615.0
832, 70.761640, 660.117408, 38.675358, 0.047791, 6325, 4497.0
833, 65.741316, 657.973178, 49.049932, 0.410524, 6364, 4538.0
834, 67.571257, 659.522495, 47.226228, 0.224320, 6355, 4544.0
835, 68.504968, 663.520253, 37.356633, 0.117765, 6364, 4558.0
836, 71.708421, 659.200003, 43.315909, 0.098481, 6303, 4656.0
837, 68.356492, 660.762489, 44.378704, 0.123824, 6371, 4553.0
838, 66.571455, 658.942328, 45.012563, 0.157418, 6368, 4599.0
839, 69.423490, 662.159620, 40.352309, 0.082498, 6370, 4550.0
840, 69.357672, 659.934779, 40.900620, 0.061303, 6369, 4608.0
841, 69.233928, 661.870807, 40.895364, 0.096636, 6364, 4549.0
842, 69.151096, 661.113111, 43.029034, 0.066051, 6366, 4654.0
843, 67.358539, 664.040337, 40.311912, 0.102335, 6366, 4558.0
844, 70.197004, 662.772171, 36.122078, 0.040453, 6363, 4569.0
845, 73.884614, 658.963360, 34.817692, 0.042730, 6311, 4543.0
846, 65.016577, 662.623614, 42.990542, 0.147347, 6364, 4523.0
847, 74.707402, 660.030200, 35.278669, 0.014023, 6345, 4633.0
848, 66.467877, 658.575715, 48.248334, 0.203718, 6363, 4555.0
849, 68.888161, 662.745983, 38.383429, 0.062544, 6364, 4678.0
850, 68.942788, 659.377384, 45.547504, 0.036097, 6360, 4548.0
851, 67.934306, 659.209000, 46.863700, 0.128276, 6358, 4550.0
852, 69.464003, 661.341737, 37.667299, 0.055502, 6369, 4649.0
853, 70.280675, 663.583388, 37.990750, 0.042789, 6367, 4545.0
854, 64.607425, 655.439263, 49.150971, 0.522603, 6306, 4580.0
855, 72.069347, 661.733586, 35.936668, 0.053256, 6340, 4524.0
856, 66.548338, 660.083584, 44.856588, 0.104691, 6365, 4587.0
857, 67.653835, 658.109587, 48.779860, 0.129659, 6364, 4543.0
858, 68.278403, 662.145188, 42.788857, 0.111081, 6362, 4636.0
859, 73.961636, 660.708301, 35.718851, 0.065335, 6346, 4515.0
860, 69.413153, 661.253408, 41.121867, 0.062397, 6375, 4553.0
861, 71.085524, 662.302087, 37.462912, 0.060203, 6366, 4661.0
862, 70.145451, 662.216804, 40.381827, 0.079979, 6371, 4538.0
863, 67.646025, 662.495733, 41.471466, 0.058001, 6363, 4636.0
864, 68.212602, 663.460469, 40.658832, 0.105667, 6370, 4524.0
865, 67.668285, 661.903569, 42.519637, 0.182905, 6360, 4652.0
866, 71.648018, 659.871144, 43.799709, 0.047375, 6330, 4522.0
867, 72.068741, 660.366377, 36.965098, 0.034096, 6339, 4614.0
868, 71.351295, 661.646512, 42.137867, 0.074079, 6363, 4611.0
869, 73.460193, 661.739644, 34.814463, 0.046569, 6336, 4650.0
870, 71.093870, 661.977980, 38.400016, 0.070802, 6345, 4680.0
871, 69.028395, 661.578537, 42.305012, 0.046283, 6368, 4573.0
872, 70.386987, 661.993138, 40.501003, 0.043916, 6362, 4575.0
873, 71.421965, 661.004509, 39.723071, 0.083386, 6340, 4569.0
874, 70.195322, 661.671041, 37.677369, 0.046538, 6340, 4606.0
875, 68.517848, 659.412123, 46.030725, 0.133898, 6359, 4892.0
876, 72.503919, 659.202132, 41.581551, 0.047837, 6312, 4559.0
877, 71.154227, 661.915551, 36.555079, 0.050154, 6370, 4560.0
878, 68.039487, 663.047842, 41.632342, 0.188299, 6369, 4548.0
879, 67.292833, 664.599203, 37.574997, 0.117014, 6366, 4615.0
880, 68.662533, 662.434112, 39.314694, 0.044467, 6366, 4544.0
881, 68.559465, 662.878768, 40.499990, 0.099846, 6371, 4611.0
882, 68.184944, 662.974448, 40.203781, 0.080541, 6373, 4617.0
883, 72.279842, 659.901252, 41.778134, 0.074237, 6318, 4606.0
884, 69.029775, 661.381621, 41.229524, 0.141606, 6343, 4531.0
885, 71.548750, 660.470387, 40.973724, 0.033894, 6341, 4634.0
886, 68.861444, 661.887502, 42.103303, 0.077267, 6359, 4656.0
887, 68.149768, 660.369190, 46.275949, 0.154270, 6356, 4571.0
888, 71.580907, 661.166557, 41.013594, 0.081643, 6345, 4577.0
889, 67.666942, 663.375519, 42.581937, 0.100193, 6363, 4523.0
890, 69.910301, 662.110657, 38.555675, 0.038678, 6359, 4643.0
891, 72.294706, 660.657986, 40.871076, 0.086015, 6336, 4547.0
892, 67.718647, 660.408948, 46.455838, 0.134858, 6363, 4602.0
893, 72.453109, 659.605058, 40.103317, 0.027917, 6346, 4541.0
894, 66.552055, 661.930413, 44.184333, 0.198400, 6369, 4584.0
895, 72.809500, 660.816541, 35.124111, 0.039188, 6329, 4500.0
896, 66.833312, 661.988656, 40.546100, 0.202322, 6366, 4656.0
897, 72.294768, 662.126570, 33.544498, 0.055348, 6364, 4593.0
898, 71.692435, 660.185302, 36.507561, 0.034300, 6346, 4547.0
899, 75.871565, 660.097582, 32.048576, 0.070820, 6351, 4630.0
900, 73.152543, 659.014829, 35.481661, 0.065607, 6322, 4537.0
901, 70.930449, 660.249323, 41.566474, 0.060679, 6348, 4619.0
902, 69.133122, 659.651187, 42.324908, 0.171456, 6338, 4525.0
903, 71.289120, 659.656661, 43.555215, 0.053383, 6348, 4583.0
904, 69.329894, 661.425267, 38.027677, 0.041775, 6362, 4550.0
905, 69.096194, 659.856154, 43.082099, 0.066947, 6371, 4655.0
906, 68.398137, 659.229961, 47.616179, 0.179784, 6362, 4625.0
907, 68.994579, 661.862659, 39.712131, 0.107134, 6336, 4531.0
908, 71.364713, 660.546834, 36.224418, 0.039879, 6333, 4554.0
909, 69.619618, 660.460382, 43.572501, 0.042319, 6365, 4561.0
910, 66.694662, 658.866546, 46.620370, 0.187484, 6372, 4631.0
911, 67.518401, 660.468778, 47.177110, 0.122948, 6364, 4542.0
912, 71.964593, 660.282727, 44.247687, 0.129125, 6317, 4714.0
913, 67.161491, 664.448056, 39.620254, 0.117448, 6365, 4524.0
914, 70.779073, 662.319229, 36.152644, 0.025148, 6370, 4667.0
915, 66.891516, 661.369114, 42.740643, 0.224806, 6363, 4596.0
916, 65.338993, 660.819644, 45.036338, 0.174313, 6363, 4603.0
917, 74.619627, 660.253125, 35.266935, 0.036381, 6338, 4598.0
918, 67.536389, 663.889735, 38.190192, 0.119046, 6368, 4536.0
919, 67.861910, 659.898669, 43.697375, 0.135861, 6369, 4685.0
920, 67.879353, 661.256752, 45.969077, 0.099503, 6363, 4535.0
921, 68.266476, 662.357140, 38.724497, 0.069472, 6363, 4624.0
922, 72.628969, 660.593606, 34.069631, 0.035047, 6371, 4548.0
923, 70.668395, 661.160775, 41.504370, 0.140329, 6336, 4663.0
924, 69.116648, 663.241192, 43.540685, 0.048489, 6363, 4570.0
925, 70.385629, 662.336273, 38.263446, 0.064592, 6372, 4536.0
926, 69.886643, 660.970113, 40.397191, 0.065644, 6368, 4590.0
927, 70.245156, 663.425220, 38.468405, 0.048743, 6359, 4521.0
928, 69.907758, 662.103162, 40.685731, 0.086736, 6354, 4624.0
929, 69.538047, 661.664059, 40.304476, 0.094818, 6335, 4516.0
930, 72.019342, 659.382743, 39.187915, 0.042170, 6340, 4571.0
931, 68.299786, 661.870143, 43.971338, 0.082066, 6371, 4558.0
932, 73.600272, 659.999679, 37.223998, 0.024354, 6339, 4567.0
933, 68.825902, 661.201670, 43.581789, 0.049029, 6370, 4579.0
934, 73.567485, 660.359042, 35.801886, 0.017374, 6344, 4595.0
935, 73.523253, 658.970260, 43.977343, 0.061017, 6296, 4592.0
936, 72.732221, 661.928314, 33.875920, 0.053903, 6365, 4596.0
937, 76.487598, 659.692208, 29.453841, 0.109406, 6305, 4561.0
938, 75.031124, 659.475120, 38.927303, 0.071233, 6291, 4493.0
939, 70.549394, 662.596200, 38.543419, 0.022575, 6363, 4624.0
940, 73.609566, 660.795022, 35.206676, 0.024213, 6343, 4523.0
941, 72.391262, 659.931511, 39.686653, 0.079957, 6318, 4656.0
942, 70.553928, 661.419855, 41.617844, 0.109976, 6362, 4555.0
943, 70.039695, 662.772153, 33.078051, 0.035266, 6368, 4677.0
944, 70.445890, 661.134139, 38.786143, 0.071979, 6362, 4534.0
945, 71.869630, 661.065186, 38.185310, 0.033663, 6363, 4607.0
946, 68.913604, 662.047297, 40.439138, 0.094764, 6369, 4575.0
947, 70.482708, 663.731968, 35.951579, 0.108156, 6374, 4677.0
948, 73.332308, 659.503364, 37.399773, 0.060503, 6319, 4535.0
949, 67.577688, 663.065200, 39.978177, 0.103702, 6359, 4502.0
950, 69.417236, 661.271064, 42.794015, 0.119844, 6335, 4599.0
951, 69.952042, 662.237680, 40.106861, 0.040344, 6363, 4537.0
952, 71.105771, 662.300950, 39.338141, 0.044473, 6329, 4676.0
953, 69.653291, 659.061027, 41.978271, 0.083686, 6364, 4547.0
954, 69.430963, 662.492991, 42.468790, 0.096943, 6365, 4558.0
955, 69.733872, 662.967891, 37.444890, 0.065844, 6364, 4634.0
956, 69.902236, 662.275866, 41.553928, 0.091006, 6342, 4519.0
957, 71.257213, 657.918290, 46.427032, 0.063916, 6308, 4550.0
958, 74.053679, 659.602856, 35.739960, 0.031114, 6313, 4554.0
959, 69.300742, 662.690532, 41.632767, 0.073403, 6362, 4587.0
960, 67.940820, 661.607045, 42.563993, 0.091994, 6363, 4543.0
961, 67.206267, 660.827528, 43.970680, 0.106008, 6364, 4641.0
962, 74.263810, 658.362979, 37.173614, 0.076726, 6307, 4502.0
963, 69.946426, 660.757048, 45.274573, 0.050307, 6365, 4610.0
964, 70.697362, 661.739111, 39.758032, 0.081593, 6339, 4574.0
965, 73.174701, 659.166799, 38.180356, 0.037635, 6345, 4519.0
966, 70.994366, 662.982927, 39.434407, 0.048078, 6372, 4657.0
967, 67.665435, 659.565740, 46.248855, 0.215950, 6358, 4550.0
968, 70.201339, 662.072227, 39.187843, 0.078268, 6360, 5366.0
969, 74.543190, 659.526678, 36.200012, 0.024369, 6323, 4500.0
970, 73.805913, 658.533126, 36.519957, 0.057813, 6315, 4623.0
971, 71.412681, 660.595023, 43.053324, 0.073692, 6343, 4547.0
972, 71.085036, 660.672311, 37.376884, 0.033201, 6344, 4535.0
973, 70.833282, 662.933160, 36.065394, 0.052114, 6358, 4626.0
974, 71.099462, 661.152516, 40.192878, 0.096549, 6340, 4551.0
975, 68.471261, 660.316265, 43.760910, 0.154643, 6340, 4627.0
976, 69.860227, 660.233257, 42.698013, 0.060202, 6366, 4540.0
977, 71.604573, 661.253635, 43.785308, 0.103900, 6340, 4702.0
978, 69.922570, 661.042920, 42.207742, 0.047399, 6370, 4686.0
979, 71.377070, 660.318684, 41.206665, 0.075992, 6336, 4660.0
980, 67.326028, 661.029394, 44.518527, 0.130818, 6367, 4600.0
981, 70.619658, 661.082074, 40.773918, 0.097380, 6362, 4582.0
982, 68.182282, 662.976006, 43.577519, 0.120518, 6367, 4651.0
983, 69.510504, 661.985694, 40.688423, 0.054111, 6367, 4571.0
984, 67.879472, 658.572797, 47.196289, 0.125863, 6371, 4682.0
985, 68.034222, 660.138073, 44.013548, 0.084418, 6369, 4586.0
986, 69.532482, 661.955376, 39.564445, 0.053009, 6364, 4588.0
987, 68.494358, 660.191447, 46.308168, 0.164227, 6357, 4544.0
988, 68.999169, 661.569516, 40.458417, 0.066813, 6356, 4666.0
989, 69.313436, 663.660928, 38.945397, 0.077785, 6365, 4673.0
990, 67.830644, 659.978962, 44.567476, 0.128168, 6370, 4559.0
991, 69.650442, 660.870661, 46.263275, 0.085336, 6351, 4597.0
992, 73.015966, 660.526280, 38.350621, 0.057748, 6337, 4548.0
993, 70.844986, 662.918961, 38.373986, 0.093506, 6375, 4604.0
994, 71.232166, 661.103792, 40.462091, 0.116621, 6351, 4573.0
995, 70.383964, 660.648524, 38.779431, 0.048457, 6343, 4605.0
996, 74.561471, 661.888080, 32.753415, 0.065396, 6319, 4598.0
997, 72.920058, 661.309620, 38.441727, 0.070852, 6317, 4552.0
998, 67.487197, 663.574172, 40.126080, 0.097497, 6362, 4582.0
999, 67.730808, 661.475744, 43.645363, 0.049231, 6362, 4591.0
