#idx, x0, x1, x2, y, f_neval, total_time (us), 
0, 68.360347, 665.434244, 39.381038, 0.108155, 4250, 3119.0
1, 72.000570, 660.223491, 45.879077, 0.102401, 4211, 3119.0
2, 74.972680, 661.178130, 35.337718, 0.042772, 4231, 3157.0
3, 70.698871, 661.323138, 39.184396, 0.078605, 4253, 3192.0
4, 71.470766, 662.621484, 38.391725, 0.107396, 4238, 3104.0
5, 76.419630, 660.854717, 28.644483, 0.034008, 4212, 3105.0
6, 69.648560, 661.651889, 44.473978, 0.084730, 4251, 3276.0
7, 74.134524, 660.090391, 43.999482, 0.081121, 4205, 3086.0
8, 69.786757, 662.237942, 41.735414, 0.135728, 4249, 3207.0
9, 70.811749, 661.382829, 39.713500, 0.070084, 4249, 3873.0
10, 74.060248, 659.998684, 39.032816, 0.086047, 4240, 3128.0
11, 78.417017, 660.514924, 30.912542, 0.081688, 4229, 3189.0
12, 75.081768, 660.135798, 36.872150, 0.062560, 4227, 3107.0
13, 77.268033, 659.626204, 31.174504, 0.052970, 4226, 3156.0
14, 74.523642, 660.457718, 38.491178, 0.051734, 4230, 3140.0
15, 73.137182, 660.606550, 36.051582, 0.044219, 4232, 3111.0
16, 74.961419, 660.640533, 32.153871, 0.044875, 4225, 3201.0
17, 76.346934, 660.904214, 28.393838, 0.037730, 4224, 3094.0
18, 74.199276, 659.517891, 36.134459, 0.034958, 4229, 3209.0
19, 77.091493, 660.839554, 34.833791, 0.087689, 4218, 3162.0
20, 76.030835, 659.946630, 33.788347, 0.074257, 4226, 4779.0
21, 74.709038, 661.333468, 29.863369, 0.065483, 4235, 3159.0
22, 69.602458, 661.848290, 40.386918, 0.102202, 4255, 3136.0
23, 71.812599, 660.585415, 39.946151, 0.067018, 4239, 3201.0
24, 70.930646, 661.883340, 41.814249, 0.085556, 4247, 3123.0
25, 74.167861, 659.450713, 38.388390, 0.059850, 4228, 3165.0
26, 69.689865, 661.027516, 42.655047, 0.193521, 4235, 3184.0
27, 67.678958, 661.006536, 45.552095, 0.147879, 4250, 3132.0
28, 71.852359, 660.339117, 38.990116, 0.072534, 4250, 3303.0
29, 72.373183, 660.542863, 42.202366, 0.074907, 4235, 3118.0
30, 72.666867, 660.333649, 39.012681, 0.062084, 4239, 4015.0
31, 69.075063, 661.996465, 42.587300, 0.136339, 4239, 3131.0
32, 78.483837, 658.653005, 32.602483, 0.056919, 4223, 3097.0
33, 75.536579, 658.553035, 34.948900, 0.045010, 4223, 3193.0
34, 71.741275, 660.123428, 43.828909, 0.068794, 4252, 3127.0
35, 71.721523, 662.900862, 38.366783, 0.040601, 4246, 3227.0
36, 67.237901, 658.791493, 48.153075, 0.172154, 4253, 3142.0
37, 72.780837, 659.466096, 40.180815, 0.037197, 4208, 3090.0
38, 70.380263, 659.176115, 46.804054, 0.060573, 4227, 3176.0
39, 72.645249, 660.227999, 35.003720, 0.065919, 4241, 3129.0
40, 68.090775, 662.096847, 42.665040, 0.073342, 4257, 5146.0
41, 70.725916, 662.707389, 37.971284, 0.071305, 4252, 4869.0
42, 69.698621, 663.557504, 34.502225, 0.101708, 4256, 3134.0
43, 72.212456, 660.677057, 43.791901, 0.071765, 4241, 3129.0
44, 70.785425, 661.735533, 40.054575, 0.075283, 4248, 3426.0
45, 71.376979, 661.297723, 37.798337, 0.040631, 4244, 3124.0
46, 70.587760, 660.532279, 43.555013, 0.145045, 4230, 3112.0
47, 77.483452, 659.230283, 31.911039, 0.073657, 4201, 3098.0
48, 72.003766, 661.134937, 41.271655, 0.052375, 4242, 3119.0
49, 77.115360, 658.680970, 30.496977, 0.020901, 4234, 3156.0
50, 68.257711, 661.505947, 41.776504, 0.163930, 4237, 3497.0
51, 70.726698, 659.538652, 42.163159, 0.139116, 4216, 3508.0
52, 69.032387, 662.655560, 38.072410, 0.061317, 4254, 3151.0
53, 72.192752, 661.101467, 38.199631, 0.047416, 4238, 3145.0
54, 75.405456, 659.735690, 31.520849, 0.041566, 4213, 3367.0
55, 69.502412, 659.960329, 44.806228, 0.076458, 4242, 3223.0
56, 70.159505, 663.195311, 43.203107, 0.076671, 4248, 3178.0
57, 66.593151, 659.603069, 46.513699, 0.220992, 4246, 3126.0
58, 70.404077, 660.832425, 44.544338, 0.121312, 4242, 3129.0
59, 72.867073, 660.503466, 35.491352, 0.036917, 4234, 3257.0
60, 73.258293, 660.453188, 37.397023, 0.061338, 4227, 3155.0
61, 74.416879, 660.740234, 31.301624, 0.034819, 4245, 3116.0
62, 68.880635, 662.490845, 36.908688, 0.065989, 4248, 3106.0
63, 77.549292, 659.275315, 28.861981, 0.072687, 4209, 3395.0
64, 72.469809, 659.444235, 45.248854, 0.141687, 4207, 3216.0
65, 70.026395, 659.996297, 38.809811, 0.068646, 4234, 3109.0
66, 68.760587, 659.650876, 43.776141, 0.076891, 4255, 3132.0
67, 74.117011, 659.745596, 34.722937, 0.024851, 4231, 3108.0
68, 69.166348, 659.871261, 44.977015, 0.070038, 4258, 3937.0
69, 68.526032, 661.741436, 41.828305, 0.082422, 4254, 3315.0
70, 68.054352, 660.121422, 44.263565, 0.107750, 4249, 3122.0
71, 73.699892, 659.788839, 41.210936, 0.061691, 4214, 3747.0
72, 70.749867, 663.780865, 37.770420, 0.083300, 4254, 3325.0
73, 68.595068, 660.865139, 44.654653, 0.041701, 4253, 3135.0
74, 69.005019, 662.663593, 37.548532, 0.065677, 4254, 3200.0
75, 72.047517, 660.561683, 37.232916, 0.032046, 4238, 3109.0
76, 68.356643, 664.148069, 35.484905, 0.094105, 4253, 3511.0
77, 65.861949, 662.326222, 44.284134, 0.114785, 4254, 3120.0
78, 76.087415, 659.084429, 37.509876, 0.035485, 4207, 3085.0
79, 70.643678, 660.185760, 43.910806, 0.139313, 4242, 3119.0
80, 70.061540, 661.057022, 38.618317, 0.028847, 4246, 3218.0
81, 70.176159, 661.840680, 40.583270, 0.038209, 4255, 3447.0
82, 67.535839, 662.385563, 42.752847, 0.105554, 4240, 5084.0
83, 69.350531, 662.207614, 39.617500, 0.061142, 4252, 4430.0
84, 69.626834, 660.121122, 43.578033, 0.119798, 4235, 3120.0
85, 67.781023, 661.737228, 44.028590, 0.112053, 4260, 3200.0
86, 74.470417, 660.813476, 33.583552, 0.032273, 4240, 3112.0
87, 68.413002, 662.252400, 41.168801, 0.077615, 4255, 3124.0
88, 64.673940, 665.064435, 39.947247, 0.214858, 4254, 3136.0
89, 71.877202, 660.942083, 38.508744, 0.051045, 4241, 3109.0
90, 69.160285, 660.270838, 45.527550, 0.060007, 4248, 3182.0
91, 71.520969, 660.630309, 38.633931, 0.051110, 4236, 3573.0
92, 67.651493, 666.108787, 51.134444, 0.047620, 4243, 3126.0
93, 70.291049, 660.628178, 42.679875, 0.042767, 4242, 3187.0
94, 70.946575, 660.815548, 47.000864, 0.057550, 4251, 3123.0
95, 74.829156, 660.931971, 32.439169, 0.049719, 4241, 3188.0
96, 71.876470, 660.125578, 39.407568, 0.029783, 4234, 3129.0
97, 70.323118, 661.585627, 43.800193, 0.043627, 4249, 3124.0
98, 73.147830, 660.759685, 37.017099, 0.044415, 4239, 3130.0
99, 71.035750, 662.111848, 37.836033, 0.043565, 4233, 3109.0
100, 69.444186, 660.539476, 46.146555, 0.046852, 4258, 3181.0
101, 69.586675, 662.768445, 44.363971, 0.145950, 4251, 3128.0
102, 68.384662, 661.591953, 43.609539, 0.079414, 4251, 3478.0
103, 68.288619, 661.010701, 43.875586, 0.047094, 4256, 3185.0
104, 67.775874, 661.078085, 40.858172, 0.127212, 4256, 3127.0
105, 69.535366, 662.142034, 36.332952, 0.076383, 4252, 3196.0
106, 68.761026, 659.667903, 43.688220, 0.083189, 4252, 3139.0
107, 75.836387, 657.648652, 43.015179, 0.076663, 4182, 3077.0
108, 69.628558, 661.924895, 40.958230, 0.056942, 4255, 3183.0
109, 66.207131, 661.535050, 43.846275, 0.156497, 4256, 3160.0
110, 71.984248, 660.843574, 39.405101, 0.076780, 4247, 3202.0
111, 71.828950, 661.847909, 35.439383, 0.062659, 4248, 3129.0
112, 76.244276, 659.546859, 31.422132, 0.037349, 4225, 3096.0
113, 68.882830, 661.713382, 43.558055, 0.078697, 4253, 3220.0
114, 69.460193, 661.515013, 43.914313, 0.076690, 4246, 3131.0
115, 73.588746, 661.465958, 31.963345, 0.028885, 4238, 3107.0
116, 73.012144, 659.456410, 35.210149, 0.041604, 4227, 3095.0
117, 72.050535, 660.794667, 44.268450, 0.047305, 4239, 3117.0
118, 69.138828, 663.302998, 39.748086, 0.059625, 4252, 3223.0
119, 73.173465, 658.782653, 39.536483, 0.029238, 4215, 3095.0
120, 69.099528, 662.277562, 39.990909, 0.062651, 4246, 3111.0
121, 65.367903, 661.981001, 44.362845, 0.186801, 4249, 3170.0
122, 76.882077, 659.770220, 30.549450, 0.076681, 4221, 3118.0
123, 69.870395, 662.308280, 41.995040, 0.032881, 4247, 3192.0
124, 73.997754, 659.045587, 35.879492, 0.033581, 4234, 3371.0
125, 71.762889, 659.162913, 43.190537, 0.052738, 4227, 3102.0
126, 68.374276, 659.979142, 43.093940, 0.050269, 4258, 3224.0
127, 67.813072, 661.750181, 40.131475, 0.079423, 4252, 3134.0
128, 68.013442, 659.497349, 43.857311, 0.143162, 4251, 3208.0
129, 70.558829, 661.354063, 41.971038, 0.123157, 4252, 3137.0
130, 70.284836, 664.173446, 36.773137, 0.079593, 4256, 3124.0
131, 67.172031, 664.592859, 41.609376, 0.123848, 4256, 3144.0
132, 74.311400, 658.138360, 40.016099, 0.035920, 4217, 3101.0
133, 70.210245, 660.169526, 43.700871, 0.075174, 4251, 3237.0
134, 71.100189, 662.473963, 37.975877, 0.033931, 4254, 3802.0
135, 71.407322, 662.665111, 35.876046, 0.063603, 4248, 3164.0
136, 67.724783, 660.817326, 45.685402, 0.236214, 4246, 3187.0
137, 68.992601, 660.472413, 48.788076, 0.164175, 4237, 3597.0
138, 66.206704, 661.002557, 43.427565, 0.238453, 4252, 4501.0
139, 70.999651, 661.760042, 42.559973, 0.127401, 4249, 3136.0
140, 68.021403, 662.027057, 43.543020, 0.090662, 4246, 3244.0
141, 68.515274, 661.991416, 40.637470, 0.074899, 4249, 3114.0
142, 75.100211, 660.130054, 36.612592, 0.071892, 4236, 3102.0
143, 76.980075, 659.457225, 31.397386, 0.058205, 4224, 3194.0
144, 72.663763, 662.151525, 39.748587, 0.094821, 4231, 3252.0
145, 71.714709, 660.173324, 43.836833, 0.093240, 4222, 3174.0
146, 70.754203, 662.404151, 38.137026, 0.068908, 4249, 3119.0
147, 79.307097, 660.181488, 25.452632, 0.050313, 4236, 3113.0
148, 73.893457, 660.980955, 32.712628, 0.052847, 4235, 3185.0
149, 70.999823, 662.762348, 41.568152, 0.121130, 4253, 3123.0
150, 69.972396, 662.580172, 40.678840, 0.047067, 4253, 3185.0
151, 71.026739, 661.335334, 42.511707, 0.094010, 4252, 3161.0
152, 72.454467, 661.224675, 41.711803, 0.145388, 4221, 3104.0
153, 69.399050, 661.105585, 44.354412, 0.240612, 4250, 3316.0
154, 68.365662, 660.377086, 45.984575, 0.114179, 4243, 3139.0
155, 68.692391, 662.243159, 44.657534, 0.179325, 4251, 3686.0
156, 67.857783, 660.491745, 44.933201, 0.100158, 4257, 3153.0
157, 72.347363, 660.963388, 36.623163, 0.009236, 4234, 3116.0
158, 73.256243, 660.605093, 38.323044, 0.035306, 4234, 3178.0
159, 70.390043, 661.475466, 43.961296, 0.072062, 4255, 3126.0
160, 70.849780, 661.170282, 43.256872, 0.102998, 4241, 3197.0
161, 68.590365, 663.430576, 41.424876, 0.240851, 4251, 3127.0
162, 69.487690, 661.975138, 43.104387, 0.154678, 4260, 3135.0
163, 67.364547, 660.822698, 44.810409, 0.109006, 4253, 3246.0
164, 72.553553, 660.423028, 40.019436, 0.033965, 4235, 3163.0
165, 70.964258, 661.888754, 42.068399, 0.074982, 4249, 3199.0
166, 71.198612, 661.107423, 41.208298, 0.110412, 4241, 3107.0
167, 66.003861, 661.421603, 43.116326, 0.231411, 4246, 3120.0
168, 74.471012, 661.521378, 31.759497, 0.043496, 4223, 3163.0
169, 75.183002, 659.704824, 36.141846, 0.038110, 4225, 3100.0
170, 70.865620, 661.356486, 41.669650, 0.057911, 4258, 3136.0
171, 70.852702, 660.568766, 40.509438, 0.065553, 4240, 3112.0
172, 72.563584, 661.293487, 38.387734, 0.042368, 4240, 3126.0
173, 74.055973, 660.104245, 38.645661, 0.055359, 4228, 3184.0
174, 69.077957, 661.764213, 43.552803, 0.109952, 4248, 3137.0
175, 67.642179, 665.368635, 38.502514, 0.113975, 4246, 3103.0
176, 66.235796, 660.322732, 45.899853, 0.209779, 4251, 3175.0
177, 71.288173, 662.485798, 40.145771, 0.084010, 4241, 3525.0
178, 67.539772, 659.017070, 47.399390, 0.156403, 4257, 3199.0
179, 70.632974, 660.749952, 41.766619, 0.051533, 4243, 3156.0
180, 75.861218, 659.923041, 36.524263, 0.059425, 4216, 3091.0
181, 72.806175, 659.333552, 37.358476, 0.036650, 4225, 3455.0
182, 69.401692, 660.854199, 42.972321, 0.070273, 4254, 3124.0
183, 66.967751, 663.933848, 39.946783, 0.120393, 4257, 4201.0
184, 71.860827, 661.560589, 39.155398, 0.074746, 4249, 3128.0
185, 70.180874, 662.744210, 37.385014, 0.042856, 4247, 3264.0
186, 72.552471, 659.135464, 39.756021, 0.051239, 4242, 3116.0
187, 66.206048, 661.901442, 45.944668, 0.103644, 4258, 5055.0
188, 66.274315, 663.933259, 40.189328, 0.138044, 4250, 3643.0
189, 71.636775, 661.995802, 34.319763, 0.035521, 4251, 3126.0
190, 69.132119, 661.902824, 42.700074, 0.124502, 4249, 3236.0
191, 71.788729, 659.920232, 41.088909, 0.037085, 4239, 3216.0
192, 73.812423, 660.844782, 33.483219, 0.048989, 4229, 3181.0
193, 71.532816, 662.530074, 35.814432, 0.043346, 4252, 3147.0
194, 74.333471, 660.728387, 32.645242, 0.041019, 4239, 3113.0
195, 73.398822, 661.523951, 39.292110, 0.099667, 4226, 3271.0
196, 69.762505, 661.805215, 42.157773, 0.050124, 4251, 3146.0
197, 68.375486, 662.678235, 38.253410, 0.115998, 4238, 4014.0
198, 74.469284, 659.474471, 31.882137, 0.057137, 4230, 3123.0
199, 72.896446, 661.956538, 33.656137, 0.064858, 4238, 3110.0
200, 73.084220, 659.760290, 39.773130, 0.098223, 4223, 3183.0
201, 69.450679, 662.029527, 39.871968, 0.058001, 4260, 3156.0
202, 68.824366, 663.461025, 37.677770, 0.039685, 4252, 3181.0
203, 78.404240, 658.171188, 37.189455, 0.078080, 4210, 3093.0
204, 71.464031, 661.146782, 39.634428, 0.034413, 4230, 3108.0
205, 74.738767, 660.144751, 38.749807, 0.120737, 4205, 3154.0
206, 71.333091, 662.008683, 34.286797, 0.057093, 4258, 3139.0
207, 68.085198, 663.197467, 40.485869, 0.116249, 4255, 3219.0
208, 68.009913, 660.875752, 45.273352, 0.048898, 4258, 3963.0
209, 73.055368, 661.016579, 39.270013, 0.055323, 4234, 3117.0
210, 72.100727, 662.483817, 37.782447, 0.041658, 4235, 3180.0
211, 72.247060, 662.985288, 34.160590, 0.041550, 4259, 3137.0
212, 71.054167, 662.360681, 41.712652, 0.068262, 4236, 3335.0
213, 70.491277, 663.595379, 37.782434, 0.035047, 4245, 3128.0
214, 72.705086, 659.375514, 37.978407, 0.096478, 4221, 3096.0
215, 73.195689, 661.119369, 40.948242, 0.117412, 4230, 3183.0
216, 69.703910, 661.777125, 42.697585, 0.130788, 4236, 3128.0
217, 70.704141, 662.674507, 39.725645, 0.031210, 4248, 3181.0
218, 74.657927, 659.818032, 33.042773, 0.041869, 4227, 3113.0
219, 76.157154, 660.174192, 36.240260, 0.072119, 4222, 3100.0
220, 73.042012, 662.249862, 34.610559, 0.025964, 4253, 3178.0
221, 75.126180, 660.524634, 37.871316, 0.102902, 4226, 3130.0
222, 75.325778, 658.931173, 42.683964, 0.128464, 4194, 3165.0
223, 70.351307, 661.333873, 42.589247, 0.111594, 4225, 3102.0
224, 68.289717, 663.378631, 38.640564, 0.041699, 4259, 3140.0
225, 67.912176, 662.389313, 41.938913, 0.126853, 4247, 3186.0
226, 74.188842, 661.690319, 30.184321, 0.057382, 4247, 3124.0
227, 72.196620, 660.457680, 35.506607, 0.056492, 4236, 3122.0
228, 70.504568, 660.551541, 42.283689, 0.085365, 4246, 3117.0
229, 71.043832, 662.154730, 39.014503, 0.040135, 4241, 4114.0
230, 71.352239, 660.566215, 38.870417, 0.032348, 4237, 4489.0
231, 77.506295, 661.427507, 32.018433, 0.106230, 4223, 3105.0
232, 70.691999, 662.901751, 37.236569, 0.094459, 4252, 3197.0
233, 69.038058, 662.835112, 38.549312, 0.050063, 4252, 3124.0
234, 68.693955, 662.004463, 42.748669, 0.107120, 4254, 3190.0
235, 71.580266, 660.499864, 40.971474, 0.079719, 4221, 3094.0
236, 74.132800, 660.819418, 38.413051, 0.066198, 4233, 3107.0
237, 68.755331, 662.604140, 40.955566, 0.074979, 4249, 3202.0
238, 73.516795, 660.556484, 35.714897, 0.040792, 4236, 3108.0
239, 74.376818, 660.883447, 40.134967, 0.050238, 4219, 3679.0
240, 75.288696, 659.212304, 36.200026, 0.021546, 4230, 3102.0
241, 70.898472, 658.459355, 45.370504, 0.159946, 4229, 3129.0
242, 69.164905, 660.548252, 45.680911, 0.068225, 4260, 3250.0
243, 72.267359, 661.505851, 35.756264, 0.044369, 4239, 3111.0
244, 69.985558, 660.299220, 42.197344, 0.043820, 4252, 3146.0
245, 72.786745, 659.705731, 38.815398, 0.054921, 4225, 3116.0
246, 74.089838, 658.925419, 40.020623, 0.054495, 4212, 3125.0
247, 72.589073, 659.680289, 40.911646, 0.013815, 4241, 3336.0
248, 68.102348, 662.115183, 43.299795, 0.178476, 4253, 3129.0
249, 70.259876, 659.711427, 44.119239, 0.173823, 4220, 3111.0
250, 69.778643, 663.487231, 38.229239, 0.029707, 4253, 3800.0
251, 70.492852, 660.972787, 41.478348, 0.161750, 4236, 3123.0
252, 73.586496, 661.031459, 36.687656, 0.062069, 4224, 3209.0
253, 73.136635, 659.480416, 34.991190, 0.031354, 4236, 3111.0
254, 72.253100, 660.680275, 36.965461, 0.069507, 4231, 3118.0
255, 71.080814, 661.757762, 36.355871, 0.045209, 4257, 3127.0
256, 73.839236, 659.566046, 38.110385, 0.056427, 4222, 3100.0
257, 73.298756, 660.229699, 39.807176, 0.082574, 4229, 3186.0
258, 70.045307, 662.342853, 39.666082, 0.040295, 4256, 3136.0
259, 68.776278, 660.728361, 42.109580, 0.170801, 4245, 3360.0
260, 69.377289, 662.581228, 39.021011, 0.130757, 4250, 3126.0
261, 68.957184, 661.764084, 43.933539, 0.089956, 4252, 3527.0
262, 76.936398, 658.841743, 30.869488, 0.058511, 4237, 3142.0
263, 67.856840, 659.480139, 44.750203, 0.207826, 4253, 3130.0
264, 75.460958, 660.097576, 28.340198, 0.073626, 4223, 3238.0
265, 73.915955, 660.163249, 29.287876, 0.013761, 4232, 3105.0
266, 70.243893, 659.734830, 44.308932, 0.062191, 4236, 3111.0
267, 72.585679, 660.354833, 35.923784, 0.032300, 4225, 3107.0
268, 72.310477, 662.043089, 35.720957, 0.075420, 4227, 3093.0
269, 70.870668, 659.815074, 40.741134, 0.106968, 4225, 3148.0
270, 76.117882, 658.663649, 33.232821, 0.046098, 4223, 3112.0
271, 73.514651, 662.503983, 37.266293, 0.053917, 4240, 3108.0
272, 70.721389, 660.817475, 40.062646, 0.030613, 4239, 3381.0
273, 69.600810, 659.990175, 44.898466, 0.122812, 4246, 3127.0
274, 77.944888, 661.299330, 19.677922, 0.060136, 4241, 3158.0
275, 75.815616, 659.726432, 36.301130, 0.075959, 4224, 3129.0
276, 76.477222, 658.975679, 33.649853, 0.042014, 4231, 3116.0
277, 73.640339, 661.411973, 38.518502, 0.064117, 4228, 3169.0
278, 73.931818, 661.742768, 33.649099, 0.089840, 4223, 3119.0
279, 69.470121, 660.349953, 44.196689, 0.097101, 4251, 3136.0
280, 74.661997, 659.072857, 36.795261, 0.059013, 4246, 3104.0
281, 71.687592, 661.911592, 37.501491, 0.036881, 4233, 3101.0
282, 70.440445, 658.686992, 44.449365, 0.116692, 4238, 3318.0
283, 76.858223, 659.729156, 32.844337, 0.067879, 4241, 3393.0
284, 73.850349, 662.602703, 32.205398, 0.066866, 4254, 3180.0
285, 67.869912, 657.715978, 47.495870, 0.359750, 4253, 3121.0
286, 69.652870, 662.497523, 40.411438, 0.040313, 4253, 3127.0
287, 67.448053, 661.842839, 44.867009, 0.109767, 4256, 3192.0
288, 70.515452, 660.221389, 41.067153, 0.059101, 4239, 3124.0
289, 69.847243, 661.729435, 40.264890, 0.072636, 4254, 3127.0
290, 69.236230, 661.842709, 42.731332, 0.162553, 4245, 3176.0
291, 68.804911, 662.421621, 43.308987, 0.063651, 4251, 3129.0
292, 71.462230, 662.437009, 41.734717, 0.073504, 4248, 3189.0
293, 69.677941, 662.486281, 38.135776, 0.097766, 4252, 5191.0
294, 70.355622, 662.238646, 43.050521, 0.095437, 4240, 3790.0
295, 68.225237, 660.048110, 44.276222, 0.151060, 4256, 3144.0
296, 72.656857, 660.659657, 37.443275, 0.032633, 4254, 3205.0
297, 71.787137, 660.671033, 38.557629, 0.038040, 4235, 3174.0
298, 66.801134, 660.693220, 44.347683, 0.133360, 4251, 3145.0
299, 72.804631, 660.574123, 41.247264, 0.117692, 4227, 3163.0
300, 72.491175, 661.786283, 37.164537, 0.046073, 4243, 3140.0
301, 72.755245, 661.620070, 36.532795, 0.034341, 4239, 3173.0
302, 70.918975, 661.752907, 33.095131, 0.065022, 4243, 3114.0
303, 72.253266, 662.219658, 36.528494, 0.061370, 4232, 3126.0
304, 72.673025, 662.653650, 30.501269, 0.061724, 4256, 3199.0
305, 75.411860, 659.772990, 32.207862, 0.044345, 4241, 3106.0
306, 70.909653, 660.263708, 42.683184, 0.080008, 4231, 3196.0
307, 75.545776, 660.783286, 27.669316, 0.055413, 4214, 3100.0
308, 71.941601, 660.443775, 38.593391, 0.060872, 4224, 3126.0
309, 74.131772, 660.677166, 37.411026, 0.051634, 4234, 3166.0
310, 69.619975, 661.587279, 42.005712, 0.040540, 4254, 3149.0
311, 69.106896, 662.477021, 41.042682, 0.074444, 4256, 3378.0
312, 76.123073, 661.273999, 29.413506, 0.065562, 4244, 3111.0
313, 71.296627, 660.850101, 41.187291, 0.055671, 4236, 3116.0
314, 73.597725, 662.062500, 36.379860, 0.065522, 4236, 3765.0
315, 74.626475, 659.888618, 36.302077, 0.046346, 4232, 3134.0
316, 78.268876, 658.972525, 35.506252, 0.139299, 4206, 3268.0
317, 74.457419, 661.224368, 32.778424, 0.027900, 4231, 3121.0
318, 69.348856, 664.948978, 39.159660, 0.122668, 4249, 3110.0
319, 73.178991, 661.812275, 34.031402, 0.043650, 4232, 3191.0
320, 72.524475, 662.799625, 32.435509, 0.060190, 4254, 3118.0
321, 72.282304, 661.991584, 36.645980, 0.050245, 4253, 3157.0
322, 68.473503, 664.128981, 38.793536, 0.072044, 4254, 3119.0
323, 76.979403, 662.675255, 26.593733, 0.096665, 4232, 3109.0
324, 73.707806, 661.399257, 35.161798, 0.035019, 4251, 3185.0
325, 74.895838, 661.019120, 31.468857, 0.017997, 4233, 3588.0
326, 76.575595, 659.530142, 37.201080, 0.103481, 4220, 3243.0
327, 71.242018, 664.119866, 38.414493, 0.073055, 4251, 3117.0
328, 73.773200, 659.804227, 39.974116, 0.052469, 4226, 3107.0
329, 67.409057, 661.398730, 44.235746, 0.053241, 4249, 3206.0
330, 70.601340, 661.914037, 40.745575, 0.048312, 4256, 3130.0
331, 69.609516, 661.152381, 42.307767, 0.134449, 4238, 3133.0
332, 70.858174, 660.866306, 40.026249, 0.062304, 4246, 3117.0
333, 68.702350, 662.196078, 40.932704, 0.098415, 4253, 3114.0
334, 71.173150, 660.050647, 42.775507, 0.076999, 4234, 3211.0
335, 70.099598, 659.468186, 45.720118, 0.112338, 4238, 3179.0
336, 66.326465, 662.463892, 43.914566, 0.134710, 4252, 3116.0
337, 70.941220, 662.175078, 38.430091, 0.060774, 4255, 3126.0
338, 69.778667, 660.702718, 42.487005, 0.059714, 4250, 3140.0
339, 73.146424, 661.510406, 39.258222, 0.058806, 4239, 3327.0
340, 69.597991, 661.469879, 43.455144, 0.067023, 4251, 3134.0
341, 70.559097, 661.613001, 35.833863, 0.043748, 4250, 3139.0
342, 70.878999, 660.403385, 42.500542, 0.074343, 4239, 3201.0
343, 71.017609, 662.328055, 40.749426, 0.039300, 4248, 3123.0
344, 70.445527, 661.402090, 42.494475, 0.152655, 4232, 3292.0
345, 73.898358, 661.944060, 30.253524, 0.070030, 4246, 3116.0
346, 69.101553, 659.213328, 47.777953, 0.160407, 4247, 3749.0
347, 72.396669, 660.086600, 39.005210, 0.062146, 4222, 3117.0
348, 70.208919, 660.984406, 44.872031, 0.135878, 4243, 3119.0
349, 67.928589, 662.495543, 39.001902, 0.058774, 4251, 3182.0
350, 77.203390, 660.426564, 29.758701, 0.087930, 4221, 3091.0
351, 67.655584, 660.291296, 46.576345, 0.222742, 4250, 3148.0
352, 70.170225, 663.064737, 38.961123, 0.069930, 4246, 3171.0
353, 70.877193, 661.134491, 40.410622, 0.064704, 4256, 3125.0
354, 73.353023, 661.840307, 36.947516, 0.068539, 4237, 3155.0
355, 71.032126, 662.198179, 38.936092, 0.055167, 4243, 3132.0
356, 72.292349, 662.074596, 33.714279, 0.057181, 4254, 3118.0
357, 69.478870, 662.734648, 40.424415, 0.131940, 4245, 4449.0
358, 66.894463, 661.131850, 43.487827, 0.100268, 4252, 3836.0
359, 74.576431, 660.168132, 36.000507, 0.064378, 4236, 3193.0
360, 71.004989, 662.642231, 41.107695, 0.096828, 4254, 3148.0
361, 70.822955, 660.270493, 39.244780, 0.027490, 4239, 3174.0
362, 71.992644, 663.536828, 31.258599, 0.042192, 4249, 3126.0
363, 72.698576, 662.269967, 37.358524, 0.015727, 4247, 3197.0
364, 73.894054, 660.618897, 37.689610, 0.042439, 4236, 3243.0
365, 73.177477, 660.338894, 36.346777, 0.023250, 4232, 3099.0
366, 69.468399, 661.189718, 41.279093, 0.062214, 4260, 3131.0
367, 72.517179, 662.611578, 28.566745, 0.025145, 4243, 3251.0
368, 74.439235, 659.981612, 37.276137, 0.038778, 4233, 3151.0
369, 72.728836, 660.939661, 37.254513, 0.058167, 4237, 3163.0
370, 73.257702, 661.047140, 43.374671, 0.064036, 4230, 3109.0
371, 74.917470, 661.703040, 37.907313, 0.079439, 4234, 3103.0
372, 73.235514, 661.890022, 32.845632, 0.055079, 4255, 3300.0
373, 73.106391, 660.014360, 39.489346, 0.064139, 4231, 3120.0
374, 69.057656, 662.741991, 43.712511, 0.194545, 4255, 3203.0
375, 72.758812, 660.707859, 39.057548, 0.055085, 4240, 3122.0
376, 72.052991, 660.683971, 39.205978, 0.042513, 4241, 3160.0
377, 70.903436, 662.788458, 38.803832, 0.103551, 4253, 3544.0
378, 70.444038, 662.004473, 40.400400, 0.073268, 4257, 3387.0
379, 70.612058, 662.409327, 38.597152, 0.060881, 4255, 3243.0
380, 76.080936, 659.419841, 37.779685, 0.057544, 4226, 3105.0
381, 71.625692, 662.203925, 36.285211, 0.087575, 4214, 3250.0
382, 73.979911, 660.185258, 37.306927, 0.020023, 4237, 3233.0
383, 76.282417, 661.002915, 26.535227, 0.033203, 4211, 3093.0
384, 71.105213, 660.709676, 42.362902, 0.135941, 4216, 3225.0
385, 70.197986, 662.219128, 41.918396, 0.083604, 4238, 3163.0
386, 75.103904, 659.993422, 39.865437, 0.070292, 4227, 3112.0
387, 69.154480, 661.589628, 40.588072, 0.140728, 4255, 3211.0
388, 70.797191, 661.784449, 41.156050, 0.070568, 4252, 3165.0
389, 68.999233, 659.809304, 45.522057, 0.111417, 4255, 3311.0
390, 69.459927, 666.012202, 55.594748, 0.087632, 4226, 3102.0
391, 75.967945, 661.520031, 37.091165, 0.135607, 4227, 3113.0
392, 72.208863, 660.260817, 39.952675, 0.063016, 4237, 3113.0
393, 74.029952, 660.813764, 38.160964, 0.054759, 4237, 3263.0
394, 70.295666, 659.660273, 45.274748, 0.096724, 4240, 3346.0
395, 78.133683, 658.250726, 34.114072, 0.082650, 4216, 3197.0
396, 74.147646, 660.317441, 38.060749, 0.043917, 4231, 3091.0
397, 70.728542, 661.576720, 39.055433, 0.024197, 4259, 3134.0
398, 73.547265, 660.392109, 37.952707, 0.043346, 4245, 3200.0
399, 76.486281, 659.802809, 36.254463, 0.078576, 4229, 3551.0
400, 71.070251, 660.894642, 41.710760, 0.108027, 4241, 3909.0
401, 70.151205, 662.221823, 39.218767, 0.061756, 4246, 3227.0
402, 70.854678, 661.587970, 39.750580, 0.106539, 4228, 3512.0
403, 72.906261, 661.524898, 39.990633, 0.031390, 4235, 3119.0
404, 70.032020, 661.422306, 42.514217, 0.054184, 4255, 3190.0
405, 74.863983, 660.772786, 33.686510, 0.036667, 4248, 3117.0
406, 73.244921, 662.468060, 32.277397, 0.043163, 4243, 3208.0
407, 75.174729, 660.767043, 36.290968, 0.059345, 4228, 3106.0
408, 74.603913, 660.029730, 33.402011, 0.056525, 4234, 3197.0
409, 77.420398, 662.316178, 23.933740, 0.113175, 4246, 3300.0
410, 69.550266, 663.327508, 39.310365, 0.079554, 4253, 3181.0
411, 81.521941, 657.706833, 28.709984, 0.064697, 4212, 3239.0
412, 71.937145, 662.080607, 33.443405, 0.035599, 4258, 3149.0
413, 73.723750, 660.690927, 38.449577, 0.037391, 4236, 3126.0
414, 73.061699, 660.145232, 37.734402, 0.045625, 4244, 3278.0
415, 75.399167, 660.269030, 40.575106, 0.040649, 4208, 3067.0
416, 73.444369, 661.470493, 30.247881, 0.047386, 4257, 3129.0
417, 66.459100, 659.343290, 46.035392, 0.216446, 4250, 3116.0
418, 74.454691, 661.792500, 33.731569, 0.053778, 4232, 3119.0
419, 69.949608, 662.451434, 39.778161, 0.054951, 4250, 3247.0
420, 70.273484, 660.891989, 38.692540, 0.119235, 4255, 3278.0
421, 74.674803, 659.984962, 36.924171, 0.056729, 4216, 3102.0
422, 73.276284, 660.619945, 39.487208, 0.051091, 4244, 3092.0
423, 69.560187, 662.317890, 41.560346, 0.085583, 4252, 3214.0
424, 72.072452, 661.970654, 34.659869, 0.068105, 4259, 3595.0
425, 75.369278, 659.178542, 36.936448, 0.061371, 4225, 3099.0
426, 72.088530, 661.464450, 36.549078, 0.059572, 4241, 3110.0
427, 71.940547, 659.719379, 43.192729, 0.060483, 4242, 3154.0
428, 77.094201, 661.360630, 26.543596, 0.084102, 4217, 3077.0
429, 69.212892, 661.299157, 43.589677, 0.136853, 4248, 3184.0
430, 74.936045, 660.704871, 35.620261, 0.065349, 4225, 3107.0
431, 68.758358, 662.101497, 44.153249, 0.055935, 4252, 3643.0
432, 72.400427, 661.647591, 37.026624, 0.056394, 4242, 4727.0
433, 72.712432, 660.708985, 36.128686, 0.047253, 4240, 3115.0
434, 71.133463, 660.311640, 40.152111, 0.038003, 4233, 3161.0
435, 68.448437, 661.199570, 41.837111, 0.085274, 4253, 3159.0
436, 67.075408, 663.679541, 39.106349, 0.110113, 4247, 3160.0
437, 69.357926, 661.002491, 45.145155, 0.115821, 4251, 3132.0
438, 68.456795, 664.560422, 35.697264, 0.081862, 4255, 3107.0
439, 70.756156, 661.873942, 39.175334, 0.039055, 4260, 3244.0
440, 71.419932, 661.159169, 39.446874, 0.038692, 4233, 3210.0
441, 75.064892, 660.063792, 36.776877, 0.052440, 4228, 3283.0
442, 67.323323, 663.065750, 41.848359, 0.063328, 4254, 3158.0
443, 74.575872, 659.680811, 33.809433, 0.013482, 4235, 3103.0
444, 70.390610, 659.435868, 45.006305, 0.088538, 4232, 3339.0
445, 72.787284, 660.512718, 36.658034, 0.027698, 4242, 3125.0
446, 72.927929, 660.973630, 42.186851, 0.136266, 4225, 3210.0
447, 72.758190, 662.633961, 40.635283, 0.130817, 4239, 3118.0
448, 70.962666, 661.818779, 39.875250, 0.043198, 4249, 3125.0
449, 70.221366, 661.971466, 40.687764, 0.057533, 4248, 3189.0
450, 72.606175, 661.021924, 39.565372, 0.048204, 4238, 3138.0
451, 70.095360, 662.563586, 40.895407, 0.111184, 4256, 3124.0
452, 70.377316, 662.868267, 36.072805, 0.058626, 4247, 3214.0
453, 74.659020, 660.352814, 35.598381, 0.025170, 4245, 3167.0
454, 68.518124, 662.042468, 36.110371, 0.057945, 4256, 3294.0
455, 72.075065, 659.631003, 42.247383, 0.114152, 4212, 3095.0
456, 78.619520, 660.403133, 30.020376, 0.125734, 4220, 3102.0
457, 70.783029, 662.520322, 35.591111, 0.056855, 4252, 3158.0
458, 73.841210, 660.132175, 35.278439, 0.028894, 4232, 3111.0
459, 71.924200, 659.695985, 41.941915, 0.149649, 4212, 3142.0
460, 71.375980, 660.962137, 43.411833, 0.117891, 4236, 3109.0
461, 72.862091, 660.961675, 39.158145, 0.101665, 4218, 3123.0
462, 71.623176, 660.703323, 41.333111, 0.044062, 4243, 3226.0
463, 72.977172, 661.342659, 38.996477, 0.090448, 4224, 3796.0
464, 72.411648, 660.348670, 44.810432, 0.093046, 4221, 3829.0
465, 71.842245, 661.161988, 44.852673, 0.065902, 4253, 3169.0
466, 67.636073, 661.075698, 44.060800, 0.135821, 4256, 3347.0
467, 74.570284, 659.314852, 38.360959, 0.088410, 4230, 3115.0
468, 74.239693, 659.441067, 40.347633, 0.039608, 4214, 3101.0
469, 69.129128, 663.404876, 40.521801, 0.075355, 4253, 3223.0
470, 68.389679, 662.434261, 41.022483, 0.120436, 4253, 3113.0
471, 71.767346, 660.572788, 43.450406, 0.096746, 4241, 3113.0
472, 69.286195, 663.021985, 41.731451, 0.105802, 4250, 3112.0
473, 71.450303, 662.235405, 35.551986, 0.061601, 4251, 3278.0
474, 67.831718, 661.643042, 44.110339, 0.182381, 4252, 3539.0
475, 71.654741, 660.951327, 39.001275, 0.095941, 4227, 3110.0
476, 69.599825, 660.654655, 43.643079, 0.136902, 4252, 3154.0
477, 71.720438, 661.524318, 36.734811, 0.029870, 4240, 3124.0
478, 70.974141, 661.232505, 38.232956, 0.014708, 4264, 3146.0
479, 72.780397, 661.911876, 40.939837, 0.081829, 4231, 3270.0
480, 73.544896, 659.356474, 40.392839, 0.061198, 4204, 3080.0
481, 72.135048, 660.482396, 41.904406, 0.032838, 4232, 3120.0
482, 72.448180, 661.885331, 41.853673, 0.079045, 4235, 3177.0
483, 67.465845, 660.466394, 42.772802, 0.118173, 4256, 3135.0
484, 70.001023, 663.066392, 36.071346, 0.056734, 4256, 4264.0
485, 67.940030, 661.709472, 42.828969, 0.036020, 4252, 3127.0
486, 73.434101, 661.896782, 32.958660, 0.059105, 4260, 3186.0
487, 69.905858, 661.003127, 38.283709, 0.025362, 4248, 3150.0
488, 71.018634, 661.672224, 38.913960, 0.051566, 4254, 3126.0
489, 73.081841, 661.070862, 35.938398, 0.052971, 4242, 3351.0
490, 68.309388, 662.833637, 38.184787, 0.072910, 4248, 3099.0
491, 70.604839, 661.503312, 39.882385, 0.071707, 4261, 3287.0
492, 71.100350, 662.757703, 39.639958, 0.080240, 4241, 3147.0
493, 66.255845, 661.483431, 42.866103, 0.085306, 4257, 3125.0
494, 69.415281, 662.500813, 41.560964, 0.082941, 4252, 3230.0
495, 78.365263, 661.053796, 27.699606, 0.071091, 4216, 3190.0
496, 72.439149, 661.136389, 33.829311, 0.023084, 4250, 3147.0
497, 69.521349, 661.516400, 43.364567, 0.179474, 4259, 3155.0
498, 69.533347, 663.880314, 40.766506, 0.107930, 4253, 3138.0
499, 74.825022, 661.645404, 32.282281, 0.035529, 4237, 3276.0
500, 71.526162, 661.648280, 45.346874, 0.065631, 4243, 3140.0
501, 68.635392, 662.546697, 40.054291, 0.050938, 4254, 3131.0
502, 70.900009, 659.029982, 44.578649, 0.134833, 4231, 3108.0
503, 69.208146, 660.863164, 40.490329, 0.060902, 4252, 3143.0
504, 72.898249, 661.082733, 37.935230, 0.042346, 4239, 3270.0
505, 69.107165, 661.049986, 39.420380, 0.073783, 4247, 3297.0
506, 70.724919, 662.638068, 38.350487, 0.061596, 4258, 4823.0
507, 72.342779, 661.346533, 34.308058, 0.058861, 4246, 3361.0
508, 71.164116, 662.555508, 39.485152, 0.049898, 4240, 3132.0
509, 71.181623, 661.336163, 39.789121, 0.045725, 4257, 3137.0
510, 71.213953, 660.969132, 42.167228, 0.061321, 4248, 3145.0
511, 68.945809, 662.089652, 40.178975, 0.206251, 4238, 3163.0
512, 68.775591, 662.103576, 44.801353, 0.055389, 4252, 3175.0
513, 72.319437, 661.487462, 39.175125, 0.068760, 4236, 3128.0
514, 68.899471, 659.594159, 45.799514, 0.110057, 4241, 3250.0
515, 73.529281, 660.276973, 40.641629, 0.058247, 4228, 3108.0
516, 66.559228, 662.311614, 44.589097, 0.110060, 4251, 3890.0
517, 71.229061, 661.322306, 41.006848, 0.061821, 4241, 3136.0
518, 66.829737, 662.221165, 41.307291, 0.149795, 4257, 3123.0
519, 69.870861, 660.007522, 47.334861, 0.074383, 4241, 3157.0
520, 72.718861, 661.545245, 33.230202, 0.033873, 4260, 3144.0
521, 71.860947, 661.457226, 34.472301, 0.066134, 4259, 3276.0
522, 68.815818, 661.639972, 40.354713, 0.114527, 4257, 3135.0
523, 73.317433, 660.659135, 38.966376, 0.062517, 4224, 3106.0
524, 72.796620, 662.141872, 40.475620, 0.067942, 4233, 3161.0
525, 70.713385, 662.455808, 42.988342, 0.029954, 4250, 3125.0
526, 68.696452, 661.598080, 42.965840, 0.219771, 4249, 3735.0
527, 68.175629, 661.272158, 44.314175, 0.102900, 4253, 3616.0
528, 74.099980, 659.543357, 35.016644, 0.042536, 4222, 3100.0
529, 71.041980, 662.648909, 38.761201, 0.107261, 4234, 3121.0
530, 74.098386, 660.538077, 34.419811, 0.032746, 4238, 3121.0
531, 75.012995, 660.456102, 33.727101, 0.069350, 4242, 3166.0
532, 77.980733, 658.395649, 38.414443, 0.103013, 4205, 3089.0
533, 70.068495, 662.994488, 41.344277, 0.071821, 4250, 3135.0
534, 68.872956, 660.136300, 39.714711, 0.113927, 4250, 3190.0
535, 71.575957, 662.305009, 37.527983, 0.113738, 4258, 3122.0
536, 74.514726, 659.843840, 33.286158, 0.026135, 4229, 3344.0
537, 75.625014, 661.521865, 31.709910, 0.058158, 4235, 3185.0
538, 73.168838, 660.862903, 32.051246, 0.030583, 4226, 3096.0
539, 73.200443, 661.709188, 37.594005, 0.061092, 4242, 3183.0
540, 70.400108, 662.827785, 36.354639, 0.058358, 4249, 3107.0
541, 71.942634, 661.010757, 43.845781, 0.048481, 4223, 3333.0
542, 71.539059, 661.603644, 40.452564, 0.053272, 4232, 3084.0
543, 71.451006, 660.733458, 39.972552, 0.052516, 4254, 3141.0
544, 70.794768, 661.959060, 41.215659, 0.077604, 4257, 3239.0
545, 70.208451, 663.140697, 38.399750, 0.065955, 4251, 3125.0
546, 73.526596, 662.194049, 29.110492, 0.080109, 4256, 3234.0
547, 72.462400, 660.673921, 37.156423, 0.054592, 4235, 3115.0
548, 69.571745, 661.835117, 39.954421, 0.117122, 4257, 4534.0
549, 72.665259, 660.622204, 39.826049, 0.060067, 4241, 3772.0
550, 73.180135, 660.525745, 37.313369, 0.077893, 4225, 3119.0
551, 70.630888, 661.390247, 40.367299, 0.049160, 4255, 4090.0
552, 66.484479, 662.749474, 42.365544, 0.339468, 4252, 3132.0
553, 76.293446, 660.702780, 34.843878, 0.081478, 4209, 3268.0
554, 71.915805, 659.980082, 36.424667, 0.072640, 4223, 3115.0
555, 70.064014, 661.384702, 37.041858, 0.044050, 4254, 3140.0
556, 68.985519, 661.930580, 38.323157, 0.110213, 4252, 3472.0
557, 70.987984, 661.041664, 41.027130, 0.092969, 4247, 3137.0
558, 71.395693, 660.917980, 41.069047, 0.027337, 4245, 3281.0
559, 73.895452, 660.222161, 39.270125, 0.064589, 4218, 3137.0
560, 76.248931, 660.139615, 34.329155, 0.100785, 4211, 3110.0
561, 73.223574, 662.660534, 36.714987, 0.057184, 4237, 3187.0
562, 67.682276, 663.097679, 39.609023, 0.077172, 4252, 3130.0
563, 68.088455, 663.293024, 39.454938, 0.153819, 4255, 3266.0
564, 73.605420, 662.000888, 33.326816, 0.066798, 4240, 3108.0
565, 76.425611, 659.290007, 30.563765, 0.051626, 4228, 3093.0
566, 71.186814, 661.475732, 40.412634, 0.092264, 4240, 3894.0
567, 70.908693, 661.939955, 36.601698, 0.054275, 4257, 3128.0
568, 71.307334, 662.709055, 38.874510, 0.070940, 4232, 3415.0
569, 72.264336, 660.185287, 44.602527, 0.086491, 4229, 3124.0
570, 77.389707, 661.070352, 24.243118, 0.048771, 4223, 3097.0
571, 71.990020, 661.045905, 40.472025, 0.055800, 4236, 3408.0
572, 71.557729, 662.867603, 38.386700, 0.060729, 4255, 3127.0
573, 69.080843, 662.205329, 42.487363, 0.106608, 4249, 3262.0
574, 71.925190, 661.343578, 38.090839, 0.053747, 4245, 3131.0
575, 74.353511, 660.765565, 34.703645, 0.046256, 4232, 3119.0
576, 72.050646, 661.422717, 40.722042, 0.042470, 4245, 3400.0
577, 71.621233, 661.256674, 40.232908, 0.070367, 4237, 3141.0
578, 70.456880, 660.934307, 40.477837, 0.078104, 4258, 4056.0
579, 74.940881, 661.034738, 30.094071, 0.022214, 4232, 3864.0
580, 76.734139, 659.954645, 31.594839, 0.069598, 4230, 3427.0
581, 72.942774, 661.102949, 34.670445, 0.051926, 4237, 3674.0
582, 76.709556, 659.763886, 33.357143, 0.059861, 4215, 3186.0
583, 72.698286, 660.641018, 40.485747, 0.088283, 4224, 3192.0
584, 72.555533, 661.458973, 38.028830, 0.041725, 4239, 3132.0
585, 68.900891, 660.823661, 43.101817, 0.070397, 4246, 3192.0
586, 73.286659, 660.272305, 39.715831, 0.067312, 4224, 3168.0
587, 75.099788, 660.248949, 29.979779, 0.042221, 4226, 3132.0
588, 70.284470, 660.667630, 39.201959, 0.081584, 4246, 3249.0
589, 71.074218, 660.837669, 43.089423, 0.093190, 4236, 4533.0
590, 72.148415, 661.257823, 38.816283, 0.058915, 4244, 3375.0
591, 68.520734, 663.317164, 41.168775, 0.159648, 4255, 3144.0
592, 75.888815, 659.429061, 37.144972, 0.062469, 4210, 3272.0
593, 73.375960, 661.209563, 40.177169, 0.052607, 4241, 3120.0
594, 70.619526, 663.987702, 39.505408, 0.136590, 4252, 3162.0
595, 72.386485, 661.156796, 35.739820, 0.032585, 4240, 3208.0
596, 68.269123, 662.639320, 42.300377, 0.118286, 4256, 3230.0
597, 72.792068, 661.880244, 38.211383, 0.011915, 4245, 3355.0
598, 70.533772, 662.101144, 37.864461, 0.031633, 4250, 3199.0
599, 75.681891, 660.594945, 33.931061, 0.057352, 4226, 4065.0
600, 74.201850, 661.387664, 37.516304, 0.047027, 4239, 4548.0
601, 73.338028, 660.535150, 38.793975, 0.108659, 4222, 3120.0
602, 70.147519, 662.730814, 34.504628, 0.052633, 4258, 3166.0
603, 72.365106, 661.440857, 37.990763, 0.042254, 4246, 3170.0
604, 72.878313, 659.785086, 33.629743, 0.067597, 4222, 3155.0
605, 79.641628, 658.139694, 35.566017, 0.180103, 4192, 3110.0
606, 71.967512, 661.193062, 35.751327, 0.082138, 4229, 3115.0
607, 73.119877, 660.771295, 38.712503, 0.053871, 4237, 3132.0
608, 71.263166, 662.359005, 41.353404, 0.178945, 4237, 3111.0
609, 77.362514, 659.728557, 31.995388, 0.060148, 4212, 3737.0
610, 68.793834, 664.711412, 38.712719, 0.214892, 4254, 4351.0
611, 71.730175, 661.141822, 41.781091, 0.061984, 4239, 3547.0
612, 75.351685, 660.077769, 32.983773, 0.053639, 4226, 3104.0
613, 69.443743, 662.337095, 42.737520, 0.137549, 4252, 3274.0
614, 73.428106, 660.409856, 33.139663, 0.056650, 4248, 3135.0
615, 69.635263, 663.439148, 40.253200, 0.170908, 4252, 3255.0
616, 73.722841, 659.115324, 37.325266, 0.043328, 4227, 3961.0
617, 68.063100, 661.457394, 42.968365, 0.109481, 4251, 3130.0
618, 70.789143, 662.740054, 41.027355, 0.050141, 4256, 3189.0
619, 75.271231, 661.331382, 33.857547, 0.031543, 4231, 3559.0
620, 72.740083, 659.290270, 38.739973, 0.026178, 4239, 3730.0
621, 70.518165, 660.337953, 45.003866, 0.073325, 4246, 3277.0
622, 75.370646, 659.738367, 38.269320, 0.077435, 4220, 3111.0
623, 73.642442, 661.396898, 34.689977, 0.073053, 4239, 3270.0
624, 68.901747, 661.841194, 41.119070, 0.057281, 4247, 3207.0
625, 73.100761, 659.613827, 35.242886, 0.037837, 4218, 3234.0
626, 69.748755, 661.781702, 40.442750, 0.168567, 4241, 3117.0
627, 71.285505, 665.070798, 36.072869, 0.088087, 4250, 3153.0
628, 71.238163, 661.393565, 39.181161, 0.063308, 4255, 3197.0
629, 70.376201, 663.167329, 37.804299, 0.062580, 4244, 3157.0
630, 72.556438, 661.570064, 34.858498, 0.041730, 4257, 4709.0
631, 73.881706, 660.353703, 34.204561, 0.035538, 4225, 3226.0
632, 72.423144, 660.949871, 37.682778, 0.040963, 4248, 3127.0
633, 70.437455, 661.219104, 38.498627, 0.069279, 4257, 3134.0
634, 76.271223, 660.420910, 31.972395, 0.044118, 4230, 3115.0
635, 71.359612, 660.070766, 41.672037, 0.127210, 4225, 3212.0
636, 72.022870, 662.697587, 38.139963, 0.022116, 4238, 3169.0
637, 67.768166, 660.534321, 43.648564, 0.143864, 4255, 3136.0
638, 74.940264, 661.476558, 31.590082, 0.050144, 4236, 3204.0
639, 68.760559, 660.156437, 45.058254, 0.145247, 4250, 3135.0
640, 76.017822, 660.269403, 30.371425, 0.060653, 4214, 3499.0
641, 73.072735, 660.605584, 34.732708, 0.039670, 4238, 3282.0
642, 70.754637, 659.600796, 41.514253, 0.109671, 4262, 3192.0
643, 72.102363, 661.123661, 35.821046, 0.044058, 4243, 3159.0
644, 75.281027, 659.449521, 34.203962, 0.035984, 4229, 3104.0
645, 70.810941, 662.984820, 33.884610, 0.061147, 4252, 3200.0
646, 73.097551, 659.788428, 38.734990, 0.032189, 4230, 3117.0
647, 69.019021, 662.650961, 38.962131, 0.051406, 4248, 3160.0
648, 71.187049, 660.449644, 42.063495, 0.069944, 4231, 3119.0
649, 71.428424, 661.874291, 37.991263, 0.085275, 4237, 3138.0
650, 68.907085, 661.043242, 42.356559, 0.114667, 4240, 3162.0
651, 69.189796, 663.652758, 36.156022, 0.023309, 4249, 3290.0
652, 71.234805, 663.981711, 35.421242, 0.066160, 4250, 3128.0
653, 70.229489, 661.293623, 40.378810, 0.041951, 4255, 3132.0
654, 69.620110, 661.080742, 39.806626, 0.096305, 4237, 3119.0
655, 70.704424, 660.958750, 35.835636, 0.041298, 4251, 3203.0
656, 66.514521, 663.226802, 41.693564, 0.047926, 4254, 3337.0
657, 69.898558, 662.121192, 39.458858, 0.088215, 4252, 3152.0
658, 68.143632, 662.735547, 44.617259, 0.102315, 4250, 3113.0
659, 70.780262, 661.428656, 42.240242, 0.065164, 4241, 3144.0
660, 69.262717, 661.104021, 43.740399, 0.078287, 4232, 3298.0
661, 70.598272, 663.407702, 42.927708, 0.053126, 4255, 3188.0
662, 70.201840, 661.693306, 38.693289, 0.057250, 4245, 3293.0
663, 67.340187, 663.115938, 41.249750, 0.166257, 4252, 3119.0
664, 75.612100, 658.483213, 36.092909, 0.044006, 4219, 3211.0
665, 72.188206, 662.313737, 33.747308, 0.046657, 4248, 3361.0
666, 69.879946, 660.939013, 42.119814, 0.053485, 4253, 3213.0
667, 67.387756, 662.514526, 44.503420, 0.148554, 4246, 3126.0
668, 68.223190, 663.336599, 42.506492, 0.123923, 4252, 3121.0
669, 74.115364, 660.699194, 39.653492, 0.051266, 4244, 3221.0
670, 67.829551, 661.293304, 45.387119, 0.098153, 4255, 3236.0
671, 71.062474, 662.431538, 38.825802, 0.061488, 4240, 3126.0
672, 75.345389, 659.068217, 36.119103, 0.046585, 4235, 3764.0
673, 67.947826, 658.668206, 46.341125, 0.140234, 4250, 3155.0
674, 73.671082, 658.506067, 36.497473, 0.025821, 4233, 3112.0
675, 74.478611, 659.482379, 36.759847, 0.048074, 4227, 3211.0
676, 66.606496, 665.453189, 39.479428, 0.185087, 4248, 3122.0
677, 69.089362, 662.613448, 41.708290, 0.055042, 4260, 3198.0
678, 75.139979, 660.398296, 37.753995, 0.037890, 4234, 3152.0
679, 67.459830, 663.418825, 40.960429, 0.103254, 4255, 3248.0
680, 69.354020, 661.903933, 42.818338, 0.091070, 4246, 3124.0
681, 70.804357, 659.916233, 41.302031, 0.101100, 4242, 3194.0
682, 69.813478, 661.215738, 39.538594, 0.071486, 4252, 3217.0
683, 72.760169, 662.143270, 36.712850, 0.055467, 4244, 4716.0
684, 68.763983, 662.649579, 41.059665, 0.032502, 4254, 3204.0
685, 68.774022, 663.360782, 40.853483, 0.106641, 4258, 3130.0
686, 68.585417, 658.821107, 44.495120, 0.162992, 4244, 3123.0
687, 69.484007, 659.881762, 41.999620, 0.079621, 4233, 3193.0
688, 70.779098, 661.926636, 44.348875, 0.042663, 4249, 3112.0
689, 69.445855, 659.472076, 43.756829, 0.144055, 4254, 3203.0
690, 73.105496, 659.845736, 36.188587, 0.043076, 4221, 3098.0
691, 72.011249, 659.813754, 41.826448, 0.092161, 4224, 3104.0
692, 73.076359, 661.698535, 36.749614, 0.057516, 4233, 3166.0
693, 73.308572, 661.045632, 36.381751, 0.050913, 4239, 3147.0
694, 69.237824, 661.365706, 42.269352, 0.074215, 4250, 3176.0
695, 74.131291, 659.500684, 41.314446, 0.137066, 4221, 3104.0
696, 69.947187, 662.995558, 39.815676, 0.045911, 4253, 3116.0
697, 71.700082, 660.160040, 41.901968, 0.035033, 4245, 3265.0
698, 66.829756, 661.066957, 43.412500, 0.139270, 4255, 3223.0
699, 67.991195, 663.492984, 39.712961, 0.096730, 4251, 3160.0
700, 71.947133, 660.509171, 38.341937, 0.043846, 4241, 3113.0
701, 73.754369, 660.321225, 38.561853, 0.072434, 4220, 3106.0
702, 71.013068, 663.098107, 35.819225, 0.048216, 4242, 3246.0
703, 68.766785, 659.168052, 44.406756, 0.147368, 4260, 3153.0
704, 68.614585, 661.599837, 42.162292, 0.103012, 4246, 3732.0
705, 69.047816, 663.006039, 39.120236, 0.120007, 4253, 3147.0
706, 73.085259, 661.800173, 33.065861, 0.036028, 4252, 3119.0
707, 73.451529, 661.391511, 34.363119, 0.033957, 4242, 3301.0
708, 66.846377, 660.860045, 44.726993, 0.218280, 4251, 3185.0
709, 75.521032, 659.644776, 39.935610, 0.071360, 4222, 3298.0
710, 70.504166, 660.733330, 43.703264, 0.084135, 4243, 3144.0
711, 70.422538, 662.476834, 38.196191, 0.057507, 4251, 3318.0
712, 69.426047, 663.546153, 37.530323, 0.039322, 4256, 3258.0
713, 68.871952, 660.489947, 42.965140, 0.112873, 4260, 3397.0
714, 73.412512, 661.244709, 38.351129, 0.034072, 4240, 3553.0
715, 69.735426, 661.582618, 45.117162, 0.116190, 4254, 3758.0
716, 72.725023, 660.004153, 35.770712, 0.026758, 4241, 3202.0
717, 71.453865, 659.342810, 43.701705, 0.155240, 4221, 3358.0
718, 71.219141, 660.828307, 38.894435, 0.097981, 4229, 3220.0
719, 67.448418, 657.798699, 47.904105, 0.237812, 4255, 4040.0
720, 70.543994, 661.763337, 41.141268, 0.078315, 4244, 3119.0
721, 71.097550, 659.731930, 44.746354, 0.183036, 4220, 3400.0
722, 69.896133, 661.542704, 39.021955, 0.098742, 4249, 3120.0
723, 68.446792, 658.962938, 48.955703, 0.166009, 4252, 3785.0
724, 75.848056, 659.395827, 34.851672, 0.046109, 4224, 3097.0
725, 67.097233, 664.181131, 40.765926, 0.133722, 4256, 3465.0
726, 72.914642, 658.589425, 43.023703, 0.057836, 4221, 3281.0
727, 71.083068, 660.609251, 39.323735, 0.029235, 4236, 3764.0
728, 72.626992, 661.303688, 35.313436, 0.052040, 4248, 3209.0
729, 73.853791, 660.254399, 31.428473, 0.048654, 4220, 3317.0
730, 70.125514, 661.730629, 41.715270, 0.111420, 4240, 3189.0
731, 66.848266, 663.830144, 40.587112, 0.169978, 4255, 3938.0
732, 74.548605, 660.883760, 35.131944, 0.060157, 4218, 3237.0
733, 71.649684, 661.120305, 40.107035, 0.063730, 4246, 3386.0
734, 70.212853, 661.206566, 43.942897, 0.077616, 4241, 3126.0
735, 70.388551, 662.596387, 34.958341, 0.071608, 4255, 4223.0
736, 68.865121, 660.997814, 41.693048, 0.056438, 4253, 3132.0
737, 69.836728, 662.882423, 39.878837, 0.101618, 4252, 3538.0
738, 69.683435, 661.543039, 39.564741, 0.061879, 4248, 3175.0
739, 74.076843, 661.553033, 40.982308, 0.044632, 4246, 3943.0
740, 70.693157, 662.133895, 38.101061, 0.050835, 4252, 3119.0
741, 72.235545, 659.880743, 41.198893, 0.068941, 4221, 3315.0
742, 68.585904, 663.183828, 42.240081, 0.063479, 4251, 3245.0
743, 74.293904, 659.511105, 38.143217, 0.071473, 4220, 3958.0
744, 71.473723, 661.171447, 38.225909, 0.039907, 4262, 3209.0
745, 69.631131, 662.429033, 40.165339, 0.075273, 4254, 3757.0
746, 69.727038, 660.410313, 39.618233, 0.042741, 4256, 3259.0
747, 70.001151, 661.891196, 43.873778, 0.119558, 4240, 3965.0
748, 68.669345, 660.004727, 45.847469, 0.179864, 4254, 3147.0
749, 69.613436, 662.255393, 36.191771, 0.067184, 4251, 3453.0
750, 71.378442, 661.488826, 42.472353, 0.063033, 4234, 3123.0
751, 73.823758, 660.119074, 34.368988, 0.049580, 4222, 3928.0
752, 68.572370, 662.239259, 43.377637, 0.103508, 4251, 3123.0
753, 67.590715, 662.592150, 40.565993, 0.131317, 4257, 3451.0
754, 66.388083, 660.813119, 44.992773, 0.135680, 4255, 3526.0
755, 69.271233, 660.645029, 41.096982, 0.144104, 4229, 4717.0
756, 69.602254, 660.426723, 44.506677, 0.027213, 4256, 3142.0
757, 71.169768, 661.545411, 41.326275, 0.045338, 4238, 3188.0
758, 67.418916, 661.988464, 42.404523, 0.145422, 4249, 3207.0
759, 67.281763, 661.113361, 42.460910, 0.102793, 4254, 4157.0
760, 67.730116, 664.034384, 40.993726, 0.123768, 4243, 3492.0
761, 76.244109, 658.875959, 35.786077, 0.047296, 4211, 3686.0
762, 72.796022, 662.668027, 36.011857, 0.089537, 4256, 3214.0
763, 66.430632, 660.140352, 48.367381, 0.128350, 4254, 3613.0
764, 67.299433, 661.170033, 43.917500, 0.165417, 4248, 3522.0
765, 72.841754, 660.321936, 37.666431, 0.059013, 4238, 3761.0
766, 67.623724, 662.909557, 42.359664, 0.170694, 4254, 3429.0
767, 69.619201, 662.688488, 41.019036, 0.112993, 4255, 3518.0
768, 71.559669, 661.009247, 39.174936, 0.056222, 4238, 3329.0
769, 75.651092, 660.176016, 36.980980, 0.071689, 4225, 3747.0
770, 71.807933, 661.441969, 37.771494, 0.052328, 4247, 3119.0
771, 73.057732, 661.155957, 35.125734, 0.041359, 4239, 3115.0
772, 70.776451, 660.775619, 42.194146, 0.066763, 4255, 3465.0
773, 71.108069, 664.142944, 36.999133, 0.117114, 4250, 3609.0
774, 72.654528, 660.732896, 41.242720, 0.043760, 4231, 5047.0
775, 68.225198, 661.030636, 41.647991, 0.070830, 4251, 3452.0
776, 70.285562, 660.815988, 42.991344, 0.085575, 4250, 3595.0
777, 70.805756, 660.185176, 41.283545, 0.085302, 4240, 3422.0
778, 69.281817, 661.896894, 39.951385, 0.023469, 4250, 3184.0
779, 71.523904, 660.456494, 41.112611, 0.064456, 4230, 3119.0
780, 71.299405, 661.933207, 39.786475, 0.040125, 4240, 3370.0
781, 76.266878, 659.464880, 32.353944, 0.068668, 4204, 3107.0
782, 73.090790, 661.038362, 36.037708, 0.037909, 4237, 3113.0
783, 71.381160, 661.384065, 40.995418, 0.094406, 4234, 3393.0
784, 69.884464, 662.354090, 39.983868, 0.092215, 4254, 3379.0
785, 71.083692, 662.211943, 37.506836, 0.068666, 4245, 3192.0
786, 69.515928, 660.234328, 40.685114, 0.065907, 4256, 3136.0
787, 69.698697, 661.669413, 42.683395, 0.040622, 4244, 3131.0
788, 67.338594, 662.188020, 42.869260, 0.135127, 4251, 3469.0
789, 69.211875, 660.706713, 43.540772, 0.060898, 4250, 3123.0
790, 71.736323, 662.092884, 34.197719, 0.030053, 4253, 3192.0
791, 65.240866, 662.811248, 44.156396, 0.057832, 4253, 3138.0
792, 71.566212, 662.978004, 37.716965, 0.057449, 4253, 3524.0
793, 73.230746, 660.852784, 35.570823, 0.025173, 4236, 3318.0
794, 67.912603, 660.003611, 44.732275, 0.095551, 4252, 5036.0
795, 69.932426, 659.305338, 46.202780, 0.064194, 4249, 4762.0
796, 71.609238, 661.558229, 39.724444, 0.078814, 4231, 3118.0
797, 65.322248, 663.467934, 40.045195, 0.194008, 4251, 3219.0
798, 71.949269, 660.473542, 42.352385, 0.036991, 4240, 3131.0
799, 70.514602, 659.996677, 42.676362, 0.118747, 4242, 3180.0
800, 73.360027, 659.615071, 41.764666, 0.069048, 4219, 3121.0
801, 68.965453, 663.688068, 39.899294, 0.044244, 4241, 3101.0
802, 72.007225, 659.814659, 39.007531, 0.057242, 4219, 3181.0
803, 67.339084, 657.742702, 49.324528, 0.158079, 4247, 3157.0
804, 68.621684, 662.505612, 42.356879, 0.122404, 4262, 4840.0
805, 70.601069, 659.856236, 44.600222, 0.087254, 4242, 3133.0
806, 73.555305, 659.512367, 35.979176, 0.044144, 4233, 3099.0
807, 69.119581, 659.786394, 46.144130, 0.090709, 4251, 3124.0
808, 71.574293, 661.721646, 38.251577, 0.033432, 4242, 3139.0
809, 70.061913, 661.166594, 41.999687, 0.114095, 4253, 3216.0
810, 65.662963, 658.982194, 45.885011, 0.260789, 4246, 3144.0
811, 69.559683, 661.824213, 41.398416, 0.042289, 4248, 3134.0
812, 71.446059, 662.771880, 34.625460, 0.048656, 4250, 3119.0
813, 68.593661, 662.901831, 41.659242, 0.088740, 4250, 3145.0
814, 66.830379, 660.406723, 44.435811, 0.117213, 4257, 3553.0
815, 72.219521, 659.209988, 42.290266, 0.059247, 4227, 3122.0
816, 66.405064, 660.865909, 45.196947, 0.123636, 4255, 3131.0
817, 70.161458, 662.518439, 40.708708, 0.055585, 4253, 3415.0
818, 70.161132, 661.365236, 41.095491, 0.030267, 4237, 3143.0
819, 71.380442, 660.531235, 36.092212, 0.065852, 4231, 3340.0
820, 66.099879, 662.839756, 42.843979, 0.119440, 4249, 3134.0
821, 67.836267, 661.774143, 43.772188, 0.110081, 4250, 3153.0
822, 71.789725, 662.303495, 39.760088, 0.048623, 4223, 3283.0
823, 71.064143, 661.123596, 38.265821, 0.058567, 4254, 3135.0
824, 68.021939, 663.522391, 39.803383, 0.065033, 4260, 3267.0
825, 70.048680, 661.312882, 36.311899, 0.047751, 4249, 3369.0
826, 75.860322, 659.228401, 35.377729, 0.045182, 4223, 3200.0
827, 70.646018, 662.350704, 37.964336, 0.053951, 4256, 3146.0
828, 64.549342, 660.753944, 44.308769, 0.148359, 4258, 3153.0
829, 67.333069, 661.279572, 43.219706, 0.074598, 4255, 3212.0
830, 70.530626, 662.042814, 38.835235, 0.039844, 4240, 3137.0
831, 69.337447, 663.292060, 40.451059, 0.055226, 4254, 3131.0
832, 70.805192, 660.112229, 38.815020, 0.047811, 4224, 3165.0
833, 65.775742, 658.057158, 48.830083, 0.410556, 4256, 3138.0
834, 67.628168, 659.525496, 47.104051, 0.224331, 4243, 3194.0
835, 68.528519, 663.530944, 37.206539, 0.117775, 4253, 3158.0
836, 71.761965, 659.154314, 43.158599, 0.098495, 4220, 5186.0
837, 68.346593, 660.817881, 44.303233, 0.123832, 4254, 3251.0
838, 66.671295, 658.912923, 44.848526, 0.157439, 4257, 3131.0
839, 69.425805, 662.229742, 40.369928, 0.082511, 4256, 3137.0
840, 69.356475, 659.986244, 40.780967, 0.061319, 4250, 3117.0
841, 69.129592, 661.860898, 41.202219, 0.096669, 4256, 3176.0
842, 69.122795, 661.082200, 43.082569, 0.066056, 4254, 3130.0
843, 67.300846, 664.094916, 40.255215, 0.102351, 4249, 3108.0
844, 70.112812, 662.846864, 36.106636, 0.040473, 4253, 3127.0
845, 73.869071, 658.995979, 34.774290, 0.042734, 4223, 3230.0
846, 65.121881, 662.700543, 42.883563, 0.147377, 4252, 3683.0
847, 74.683054, 660.044597, 35.272569, 0.014024, 4235, 3107.0
848, 66.537130, 658.509499, 48.347330, 0.203747, 4256, 3933.0
849, 68.798408, 662.761913, 38.493238, 0.062553, 4253, 3111.0
850, 69.012129, 659.310455, 45.402745, 0.036110, 4255, 3125.0
851, 67.864768, 659.169687, 46.822325, 0.128319, 4254, 3253.0
852, 69.427640, 661.296945, 37.546689, 0.055529, 4247, 3269.0
853, 70.054720, 663.603571, 38.229544, 0.042856, 4256, 3189.0
854, 64.668440, 655.279083, 49.222175, 0.522642, 4227, 3152.0
855, 72.043356, 661.629999, 35.960631, 0.053296, 4242, 3113.0
856, 66.595161, 660.186595, 44.711435, 0.104723, 4255, 3409.0
857, 67.552298, 658.113693, 48.760963, 0.129708, 4255, 3561.0
858, 68.244224, 662.088470, 42.854964, 0.111094, 4250, 3309.0
859, 73.920318, 660.741437, 35.746629, 0.065339, 4245, 3101.0
860, 69.521078, 661.220972, 40.959481, 0.062413, 4252, 3124.0
861, 71.047683, 662.309576, 37.485027, 0.060205, 4253, 3115.0
862, 70.170269, 662.190073, 40.451905, 0.079986, 4255, 3125.0
863, 67.575746, 662.580544, 41.521412, 0.058015, 4248, 3173.0
864, 68.165787, 663.531031, 40.629550, 0.105679, 4252, 3112.0
865, 67.673920, 661.897389, 42.392505, 0.182922, 4244, 3121.0
866, 71.616173, 659.899885, 43.699046, 0.047386, 4233, 3118.0
867, 72.054166, 660.355312, 37.146910, 0.034110, 4238, 3386.0
868, 71.292462, 661.684455, 42.252391, 0.074085, 4257, 3210.0
869, 73.496641, 661.726450, 34.712162, 0.046573, 4239, 3109.0
870, 71.163689, 661.923807, 38.223607, 0.070817, 4232, 3111.0
871, 69.162204, 661.635267, 42.088329, 0.046329, 4245, 3144.0
872, 70.385070, 661.987917, 40.396673, 0.043922, 4250, 3124.0
873, 71.394079, 660.976989, 39.697252, 0.083394, 4236, 3157.0
874, 70.163475, 661.574540, 37.579612, 0.046586, 4238, 3112.0
875, 68.510542, 659.454122, 46.117684, 0.133910, 4248, 3132.0
876, 72.491720, 659.275743, 41.720235, 0.047860, 4228, 3171.0
877, 71.170696, 661.997867, 36.453135, 0.050180, 4248, 3541.0
878, 68.119653, 663.005379, 41.364480, 0.188338, 4250, 3178.0
879, 67.308751, 664.674683, 37.551287, 0.117029, 4256, 3106.0
880, 68.537858, 662.510904, 39.338170, 0.044497, 4253, 3112.0
881, 68.557988, 662.951877, 40.464840, 0.099858, 4249, 3242.0
882, 68.133545, 662.980411, 40.344413, 0.080548, 4257, 3124.0
883, 72.327921, 659.845451, 41.849018, 0.074253, 4226, 3173.0
884, 69.035391, 661.310672, 41.403562, 0.141636, 4245, 3120.0
885, 71.640594, 660.445211, 40.904817, 0.033906, 4231, 3113.0
886, 68.824553, 661.793298, 42.232053, 0.077301, 4253, 3252.0
887, 68.117439, 660.422370, 46.194863, 0.154283, 4252, 3137.0
888, 71.566284, 661.149092, 41.114304, 0.081649, 4242, 3611.0
889, 67.589047, 663.379615, 42.779146, 0.100206, 4252, 3114.0
890, 69.901083, 662.147017, 38.644079, 0.038684, 4255, 3125.0
891, 72.226413, 660.639585, 40.958137, 0.086028, 4239, 3184.0
892, 67.793103, 660.343849, 46.408260, 0.134874, 4249, 3129.0
893, 72.488915, 659.609481, 40.203225, 0.027931, 4241, 3168.0
894, 66.618157, 661.971079, 44.162058, 0.198421, 4253, 3125.0
895, 72.849426, 660.795720, 34.968947, 0.039199, 4237, 3118.0
896, 66.950135, 662.029654, 40.471687, 0.202361, 4247, 3173.0
897, 72.270377, 662.129613, 33.434843, 0.055361, 4246, 3190.0
898, 71.730978, 660.197759, 36.595019, 0.034311, 4246, 3123.0
899, 75.881272, 660.063509, 32.036299, 0.070825, 4242, 3131.0
900, 73.106698, 659.058720, 35.552849, 0.065614, 4229, 3151.0
901, 71.062211, 660.164686, 41.477452, 0.060707, 4233, 3182.0
902, 69.197915, 659.570236, 42.234436, 0.171474, 4234, 3121.0
903, 71.254983, 659.688400, 43.455990, 0.053398, 4242, 3126.0
904, 69.316666, 661.424601, 37.882105, 0.041791, 4251, 3194.0
905, 69.055932, 659.815910, 42.921902, 0.066982, 4252, 3170.0
906, 68.395468, 659.206885, 47.770627, 0.179802, 4251, 3195.0
907, 69.002360, 661.818189, 39.663113, 0.107142, 4240, 3138.0
908, 71.396036, 660.569183, 35.976447, 0.039907, 4236, 3119.0
909, 69.737217, 660.396370, 43.508276, 0.042343, 4255, 3303.0
910, 66.763732, 658.766231, 46.693514, 0.187514, 4254, 3793.0
911, 67.500981, 660.372606, 47.327130, 0.122971, 4246, 3179.0
912, 71.901380, 660.307113, 44.330043, 0.129132, 4229, 3137.0
913, 67.025120, 664.604908, 39.868591, 0.117481, 4245, 3110.0
914, 70.699771, 662.345019, 36.126702, 0.025163, 4254, 3196.0
915, 66.928428, 661.373346, 42.554931, 0.224825, 4259, 3188.0
916, 65.294785, 660.843180, 44.914938, 0.174337, 4253, 3196.0
917, 74.534362, 660.269533, 35.279355, 0.036394, 4239, 3231.0
918, 67.562963, 663.995924, 38.136597, 0.119071, 4252, 3145.0
919, 67.764333, 659.914351, 43.773058, 0.135880, 4247, 3214.0
920, 67.953088, 661.221043, 45.988499, 0.099520, 4250, 3457.0
921, 68.283286, 662.332113, 38.575002, 0.069484, 4259, 3492.0
922, 72.670356, 660.555430, 33.987829, 0.035055, 4256, 3142.0
923, 70.638025, 661.199609, 41.453064, 0.140336, 4244, 3120.0
924, 69.115703, 663.235997, 43.678454, 0.048499, 4252, 3185.0
925, 70.310301, 662.267130, 38.194544, 0.064643, 4257, 3126.0
926, 69.955663, 660.959453, 40.343914, 0.065653, 4249, 3189.0
927, 70.257120, 663.472678, 38.375297, 0.048750, 4259, 3120.0
928, 69.965824, 662.130103, 40.578052, 0.086748, 4239, 3113.0
929, 69.646417, 661.633544, 40.274843, 0.094839, 4229, 3192.0
930, 71.983654, 659.351268, 39.188239, 0.042181, 4239, 3114.0
931, 68.304630, 661.927029, 43.773828, 0.082091, 4249, 3535.0
932, 73.641729, 659.987701, 37.210158, 0.024356, 4239, 3115.0
933, 68.843359, 661.168036, 43.696326, 0.049041, 4253, 3127.0
934, 73.463559, 660.395925, 35.827156, 0.017393, 4238, 3185.0
935, 73.480838, 658.975113, 43.901056, 0.061031, 4217, 3121.0
936, 72.705831, 661.972481, 34.113032, 0.053937, 4252, 3183.0
937, 76.411048, 659.726629, 29.514523, 0.109416, 4225, 3104.0
938, 75.026264, 659.482052, 39.018270, 0.071236, 4220, 3191.0
939, 70.476982, 662.543266, 38.552614, 0.022601, 4250, 3178.0
940, 73.604241, 660.849199, 35.192122, 0.024221, 4240, 3107.0
941, 72.329528, 659.964558, 39.666681, 0.079966, 4225, 3162.0
942, 70.623110, 661.356778, 41.582353, 0.109984, 4249, 3164.0
943, 70.125924, 662.717249, 33.028349, 0.035279, 4250, 3128.0
944, 70.520775, 661.121583, 38.644649, 0.071991, 4261, 3374.0
945, 71.909522, 661.079820, 38.128237, 0.033669, 4246, 3115.0
946, 68.906731, 662.139924, 40.385667, 0.094781, 4251, 3106.0
947, 70.422852, 663.710061, 36.048151, 0.108164, 4249, 3192.0
948, 73.272093, 659.561655, 37.341696, 0.060515, 4224, 3129.0
949, 67.560071, 662.992969, 40.162213, 0.103729, 4257, 3165.0
950, 69.376448, 661.279242, 42.975997, 0.119860, 4243, 3116.0
951, 70.020692, 662.165404, 40.039886, 0.040353, 4255, 3224.0
952, 71.046319, 662.344951, 39.451779, 0.044479, 4241, 3311.0
953, 69.645902, 658.967363, 42.104405, 0.083714, 4253, 4770.0
954, 69.423130, 662.546621, 42.416887, 0.096951, 4242, 3203.0
955, 69.752578, 662.945668, 37.305195, 0.065854, 4253, 3133.0
956, 69.906985, 662.333027, 41.435731, 0.091019, 4239, 3156.0
957, 71.187051, 658.011249, 46.405073, 0.063940, 4228, 3114.0
958, 73.994000, 659.580785, 35.778288, 0.031129, 4225, 3097.0
959, 69.381838, 662.635747, 41.608451, 0.073415, 4251, 3198.0
960, 67.859111, 661.609599, 42.785232, 0.092016, 4249, 3190.0
961, 67.206509, 660.702593, 43.989778, 0.106040, 4258, 3210.0
962, 74.292085, 658.386015, 37.184734, 0.076732, 4223, 3115.0
963, 70.019816, 660.773162, 45.106305, 0.050323, 4252, 3554.0
964, 70.751619, 661.697594, 39.592935, 0.081605, 4239, 3228.0
965, 73.206504, 659.103823, 38.084810, 0.037645, 4239, 3134.0
966, 70.910673, 663.058469, 39.638715, 0.048096, 4255, 3242.0
967, 67.675643, 659.475982, 46.225322, 0.215970, 4254, 3149.0
968, 70.136022, 662.061804, 39.286593, 0.078279, 4253, 3151.0
969, 74.591626, 659.539063, 36.114800, 0.024376, 4216, 3251.0
970, 73.858361, 658.507111, 36.530010, 0.057818, 4221, 3237.0
971, 71.452834, 660.569280, 43.083434, 0.073697, 4230, 3202.0
972, 71.129546, 660.708435, 37.063711, 0.033245, 4243, 3979.0
973, 70.820799, 662.900362, 35.937408, 0.052132, 4253, 3483.0
974, 71.105331, 661.188042, 40.061950, 0.096562, 4234, 3297.0
975, 68.462738, 660.330818, 43.664586, 0.154653, 4245, 3167.0
976, 69.927375, 660.214380, 42.504302, 0.060214, 4251, 4062.0
977, 71.653808, 661.253345, 43.765021, 0.103906, 4239, 3111.0
978, 69.889644, 661.086340, 42.318964, 0.047406, 4246, 3226.0
979, 71.337165, 660.341307, 41.140972, 0.076000, 4237, 3117.0
980, 67.241122, 661.143952, 44.355468, 0.130884, 4249, 4047.0
981, 70.670066, 661.075406, 40.778101, 0.097388, 4253, 3215.0
982, 68.197834, 662.939842, 43.639640, 0.120525, 4254, 3155.0
983, 69.517405, 662.040715, 40.667667, 0.054116, 4253, 3189.0
984, 67.897435, 658.528316, 47.027412, 0.125886, 4252, 4059.0
985, 67.991634, 660.259546, 44.111477, 0.084445, 4252, 3148.0
986, 69.466940, 662.011292, 39.652443, 0.053019, 4250, 3125.0
987, 68.512315, 660.079730, 46.425477, 0.164252, 4251, 3125.0
988, 68.955990, 661.518363, 40.492034, 0.066830, 4247, 4033.0
989, 69.409541, 663.677512, 38.912085, 0.077810, 4244, 3117.0
990, 67.870180, 659.984309, 44.404972, 0.128183, 4259, 3260.0
991, 69.722645, 660.866860, 46.253714, 0.085352, 4243, 3099.0
992, 73.054070, 660.542078, 38.219480, 0.057757, 4229, 3927.0
993, 70.919001, 662.858534, 38.265725, 0.093519, 4255, 3185.0
994, 71.276322, 661.124099, 40.507777, 0.116633, 4244, 3397.0
995, 70.500658, 660.580679, 38.605920, 0.048478, 4244, 3229.0
996, 74.572257, 661.883431, 32.845119, 0.065402, 4239, 3955.0
997, 72.890730, 661.382665, 38.447447, 0.070866, 4221, 3115.0
998, 67.476834, 663.601856, 40.292717, 0.097520, 4255, 3174.0
999, 67.811857, 661.467703, 43.659369, 0.049254, 4252, 3130.0
