#idx, x0, x1, x2, y, f_neval, total_time (us), 
0, 68.372418, 665.517985, 39.140939, 0.108161, 3929, 3030.0
1, 71.920398, 660.285747, 46.091357, 0.102412, 3887, 2869.0
2, 75.047569, 661.142167, 35.283734, 0.042778, 3908, 2880.0
3, 70.631841, 661.260432, 39.263183, 0.078608, 3929, 2898.0
4, 71.482844, 662.523027, 38.337410, 0.107420, 3922, 2882.0
5, 76.426795, 660.775088, 28.655360, 0.034018, 3903, 3003.0
6, 69.735824, 661.641867, 44.242367, 0.084744, 3940, 2910.0
7, 74.223476, 660.062857, 44.245637, 0.081132, 3892, 2870.0
8, 69.593578, 662.315960, 41.884597, 0.135748, 3934, 2900.0
9, 70.735749, 661.468897, 39.748497, 0.070091, 3916, 2897.0
10, 74.022355, 659.958964, 38.985576, 0.086051, 3927, 3028.0
11, 78.455592, 660.554126, 30.956650, 0.081689, 3900, 2871.0
12, 75.076909, 660.154571, 37.107202, 0.062581, 3902, 2887.0
13, 77.324382, 659.584306, 31.312270, 0.052978, 3920, 3549.0
14, 74.637588, 660.410161, 38.555257, 0.051744, 3911, 3152.0
15, 73.220734, 660.555988, 36.087567, 0.044224, 3918, 2882.0
16, 74.905092, 660.658863, 32.171393, 0.044882, 3915, 2877.0
17, 76.317168, 660.904567, 28.569101, 0.037740, 3904, 2865.0
18, 74.238212, 659.491654, 35.939150, 0.034966, 3906, 2883.0
19, 77.091493, 660.839554, 34.833791, 0.087689, 3906, 3013.0
20, 75.975894, 659.972363, 33.831495, 0.074260, 3902, 2876.0
21, 74.709038, 661.333468, 29.863369, 0.065483, 3918, 2878.0
22, 69.365988, 661.886599, 41.078964, 0.102286, 3931, 2901.0
23, 71.975600, 660.414038, 40.233981, 0.067076, 3922, 2932.0
24, 70.949994, 662.018880, 41.709584, 0.085562, 3914, 2887.0
25, 74.292830, 659.381274, 38.511779, 0.059875, 3909, 2877.0
26, 69.824081, 660.863579, 42.639008, 0.193545, 3910, 2880.0
27, 67.782867, 661.114850, 45.166335, 0.147898, 3935, 2904.0
28, 71.799638, 660.274045, 39.166639, 0.072552, 3940, 3033.0
29, 72.454446, 660.577521, 42.113704, 0.074916, 3915, 2892.0
30, 72.682151, 660.370923, 38.898171, 0.062089, 3926, 2891.0
31, 69.039946, 662.207887, 42.603105, 0.136364, 3932, 2904.0
32, 78.377884, 658.664037, 32.619417, 0.056929, 3916, 2890.0
33, 75.536579, 658.553035, 34.948900, 0.045010, 3913, 3022.0
34, 71.710844, 660.214244, 44.022733, 0.068807, 3934, 2896.0
35, 71.855170, 662.906988, 38.048541, 0.040610, 3936, 2904.0
36, 67.050147, 658.863697, 48.468231, 0.172195, 3931, 2908.0
37, 72.861714, 659.469418, 40.178410, 0.037213, 3904, 3637.0
38, 70.315559, 659.068024, 46.795266, 0.060595, 3911, 2927.0
39, 72.644556, 660.187060, 35.317766, 0.065925, 3919, 2886.0
40, 67.987763, 662.228474, 42.626974, 0.073372, 3930, 2900.0
41, 70.738955, 662.723735, 37.833264, 0.071314, 3939, 3004.0
42, 69.698621, 663.557504, 34.502225, 0.101708, 3927, 3271.0
43, 72.107407, 660.792005, 44.036894, 0.071784, 3932, 2909.0
44, 70.880670, 661.770806, 40.057819, 0.075290, 3924, 2905.0
45, 71.512438, 661.110598, 37.589790, 0.040643, 3926, 2899.0
46, 70.801946, 660.565455, 43.390679, 0.145081, 3916, 3679.0
47, 77.470789, 659.261843, 31.739541, 0.073663, 3905, 2890.0
48, 71.902260, 661.262021, 41.370407, 0.052389, 3920, 2890.0
49, 77.199462, 658.636388, 30.587376, 0.020910, 3913, 2879.0
50, 68.257711, 661.505947, 41.776504, 0.163930, 3931, 2897.0
51, 70.484118, 659.428116, 42.512568, 0.139200, 3900, 2885.0
52, 69.046909, 662.673374, 37.711989, 0.061327, 3929, 2888.0
53, 72.331271, 661.072149, 37.953783, 0.047423, 3909, 2891.0
54, 75.405456, 659.735690, 31.520849, 0.041566, 3898, 2876.0
55, 69.403238, 660.073982, 44.958358, 0.076493, 3920, 2898.0
56, 70.078154, 663.207008, 43.337807, 0.076673, 3930, 3241.0
57, 66.752978, 659.643413, 46.435080, 0.221053, 3934, 2937.0
58, 70.219343, 660.881550, 44.868763, 0.121332, 3918, 2889.0
59, 72.867073, 660.503466, 35.491352, 0.036917, 3923, 2885.0
60, 73.294629, 660.327634, 37.569940, 0.061353, 3913, 2888.0
61, 74.435649, 660.686897, 31.478707, 0.034834, 3920, 2892.0
62, 68.838744, 662.646028, 37.045843, 0.066018, 3929, 4089.0
63, 77.378076, 659.305343, 28.939309, 0.072696, 3904, 4818.0
64, 72.636474, 659.472945, 45.014495, 0.141731, 3891, 4146.0
65, 70.106388, 659.867743, 38.789600, 0.068658, 3919, 3848.0
66, 68.584914, 659.617534, 44.106928, 0.076920, 3937, 3177.0
67, 74.015324, 659.781226, 34.769019, 0.024859, 3920, 3915.0
68, 69.215871, 659.794325, 45.321364, 0.070067, 3933, 4406.0
69, 68.561294, 661.608279, 41.771070, 0.082467, 3929, 4830.0
70, 68.227071, 659.960808, 44.104113, 0.107754, 3936, 4850.0
71, 73.549349, 659.935788, 41.365184, 0.061705, 3900, 4046.0
72, 70.828359, 663.643447, 37.790869, 0.083305, 3935, 3352.0
73, 68.708399, 660.579587, 44.513591, 0.041723, 3933, 3043.0
74, 69.103019, 662.474717, 37.777991, 0.065719, 3933, 2899.0
75, 72.047517, 660.561683, 37.232916, 0.032046, 3921, 2899.0
76, 68.678264, 664.087139, 35.387770, 0.094141, 3931, 2891.0
77, 65.805318, 662.385404, 44.192479, 0.114792, 3938, 2902.0
78, 75.983167, 659.139595, 37.749898, 0.035491, 3898, 2878.0
79, 70.510734, 660.226536, 43.876909, 0.139327, 3916, 2885.0
80, 69.884272, 661.101994, 38.679755, 0.028874, 3933, 4377.0
81, 70.287645, 661.927015, 40.323881, 0.038241, 3926, 4826.0
82, 67.550532, 662.221767, 42.919507, 0.105576, 3940, 4840.0
83, 68.941480, 662.275338, 39.757318, 0.061164, 3928, 3665.0
84, 69.551509, 660.111021, 43.289897, 0.119846, 3922, 2929.0
85, 67.820869, 661.606339, 44.005208, 0.112062, 3924, 4024.0
86, 74.464570, 660.756975, 33.683126, 0.032280, 3917, 4414.0
87, 68.205993, 662.219102, 41.500054, 0.077616, 3932, 4837.0
88, 64.741657, 664.948229, 39.852790, 0.214862, 3930, 4109.0
89, 71.835955, 660.956031, 38.238403, 0.051052, 3917, 3271.0
90, 69.060985, 660.254630, 45.844362, 0.060042, 3937, 3715.0
91, 71.505613, 660.817454, 38.427257, 0.051112, 3912, 2889.0
92, 67.901251, 665.962185, 50.543048, 0.047692, 3925, 2888.0
93, 70.096136, 660.656403, 42.967804, 0.042820, 3915, 2885.0
94, 70.961393, 660.550617, 46.628992, 0.057574, 3932, 2900.0
95, 74.934428, 660.873193, 32.270328, 0.049724, 3913, 2874.0
96, 71.821641, 660.126679, 39.243213, 0.029794, 3924, 2895.0
97, 70.377367, 661.638187, 43.854497, 0.043647, 3931, 4752.0
98, 73.122833, 660.739097, 37.168286, 0.044421, 3918, 4814.0
99, 71.131945, 661.957270, 37.470418, 0.043600, 3922, 3230.0
100, 69.477964, 660.674469, 46.315095, 0.046887, 3930, 2905.0
101, 69.597408, 662.814141, 44.230194, 0.145951, 3930, 2946.0
102, 68.489455, 661.732844, 43.347277, 0.079423, 3935, 2904.0
103, 68.389964, 661.133002, 43.563204, 0.047145, 3938, 2909.0
104, 67.757196, 661.338568, 40.718113, 0.127226, 3934, 2899.0
105, 69.715534, 662.139367, 35.813702, 0.076459, 3930, 2878.0
106, 68.887164, 659.431346, 43.527435, 0.083195, 3930, 2938.0
107, 75.801107, 657.621570, 43.218356, 0.076694, 3877, 2862.0
108, 69.584953, 661.903285, 40.880891, 0.056984, 3932, 2894.0
109, 66.069698, 661.536404, 43.788428, 0.156500, 3936, 2901.0
110, 72.194223, 660.733790, 39.391481, 0.076804, 3912, 2885.0
111, 71.964542, 661.694480, 35.401956, 0.062678, 3931, 2902.0
112, 76.376529, 659.529875, 31.431327, 0.037365, 3919, 2880.0
113, 68.888656, 661.710493, 43.733910, 0.078711, 3932, 2919.0
114, 69.317959, 661.634925, 43.866584, 0.076712, 3926, 2893.0
115, 73.597028, 661.359368, 32.015647, 0.028896, 3909, 2866.0
116, 73.064729, 659.484480, 35.049366, 0.041609, 3916, 2880.0
117, 72.049907, 660.906300, 44.176850, 0.047315, 3924, 2894.0
118, 69.201878, 663.228530, 39.304843, 0.059651, 3930, 2891.0
119, 73.183404, 658.675276, 39.804609, 0.029248, 3905, 2879.0
120, 68.946594, 662.349366, 39.735613, 0.062672, 3936, 2896.0
121, 65.231325, 662.081200, 44.267323, 0.186840, 3940, 2900.0
122, 76.882077, 659.770220, 30.549450, 0.076681, 3907, 2868.0
123, 70.029313, 662.338105, 41.934191, 0.032897, 3938, 2902.0
124, 73.955438, 659.148568, 35.848422, 0.033589, 3917, 2883.0
125, 71.966793, 659.188246, 42.839691, 0.052739, 3919, 2890.0
126, 68.256019, 659.895027, 43.298144, 0.050277, 3934, 2902.0
127, 67.577889, 661.795511, 40.253066, 0.079444, 3934, 2899.0
128, 67.946695, 659.341190, 44.046053, 0.143177, 3927, 2903.0
129, 70.498069, 661.359602, 41.955004, 0.123165, 3929, 2906.0
130, 70.284836, 664.173446, 36.773137, 0.079593, 3939, 2899.0
131, 67.380436, 664.575554, 41.339431, 0.123869, 3932, 2890.0
132, 74.289704, 658.219751, 39.885929, 0.035943, 3890, 2866.0
133, 70.111717, 660.181002, 43.746064, 0.075178, 3927, 2896.0
134, 71.085582, 662.433241, 37.740679, 0.033931, 3931, 2904.0
135, 71.424746, 662.727941, 36.025915, 0.063613, 3931, 2896.0
136, 67.890261, 660.925567, 45.275162, 0.236242, 3926, 2898.0
137, 69.032095, 660.198658, 48.847336, 0.164215, 3931, 2901.0
138, 66.145880, 661.130635, 43.228716, 0.238477, 3931, 2893.0
139, 71.176179, 661.700576, 42.135776, 0.127411, 3930, 2897.0
140, 68.021403, 662.027057, 43.543020, 0.090662, 3929, 2898.0
141, 68.607049, 661.899161, 40.291847, 0.074927, 3932, 2887.0
142, 75.151799, 660.084635, 36.390666, 0.071898, 3922, 2879.0
143, 76.932171, 659.492613, 31.517252, 0.058210, 3912, 2881.0
144, 72.595850, 662.114182, 39.812782, 0.094826, 3918, 2889.0
145, 71.781017, 660.074816, 43.591348, 0.093249, 3904, 2887.0
146, 70.918102, 662.181823, 37.938683, 0.068920, 3938, 2902.0
147, 79.307097, 660.181488, 25.452632, 0.050313, 3921, 2876.0
148, 74.077763, 660.918922, 32.642939, 0.052857, 3920, 2880.0
149, 70.963952, 662.750708, 41.812180, 0.121141, 3934, 2893.0
150, 69.588054, 662.791552, 41.180299, 0.047084, 3935, 2907.0
151, 70.931868, 661.420001, 42.452458, 0.094020, 3933, 2904.0
152, 72.460228, 661.365773, 41.690615, 0.145409, 3904, 3920.0
153, 69.295837, 661.110183, 44.402737, 0.240675, 3937, 4938.0
154, 68.500603, 660.404255, 45.469123, 0.114180, 3934, 4834.0
155, 68.705779, 662.432278, 44.703347, 0.179325, 3928, 4855.0
156, 67.902857, 660.440618, 44.758921, 0.100182, 3932, 3811.0
157, 72.347363, 660.963388, 36.623163, 0.009236, 3921, 4268.0
158, 73.256243, 660.605093, 38.323044, 0.035306, 3921, 4752.0
159, 70.387886, 661.479474, 44.126580, 0.072068, 3928, 2917.0
160, 70.824337, 661.253626, 43.103516, 0.103005, 3924, 2886.0
161, 68.519300, 663.646349, 41.246782, 0.240885, 3929, 2897.0
162, 69.455345, 661.980580, 42.918648, 0.154689, 3929, 2904.0
163, 67.390143, 660.901409, 44.644297, 0.109021, 3940, 4228.0
164, 72.553553, 660.423028, 40.019436, 0.033965, 3926, 4829.0
165, 70.970116, 661.876503, 41.818783, 0.074989, 3922, 4041.0
166, 71.192773, 660.966683, 41.234635, 0.110429, 3930, 2922.0
167, 65.945592, 661.312302, 43.095075, 0.231431, 3933, 3309.0
168, 74.479225, 661.451555, 32.034884, 0.043511, 3912, 3940.0
169, 75.185506, 659.643680, 36.253313, 0.038117, 3906, 4831.0
170, 70.865620, 661.356486, 41.669650, 0.057911, 3933, 4528.0
171, 71.005578, 660.594503, 40.194771, 0.065580, 3917, 3350.0
172, 72.623376, 661.224228, 38.320307, 0.042370, 3922, 2895.0
173, 74.012506, 660.071859, 38.411953, 0.055377, 3912, 3011.0
174, 69.147996, 661.600353, 43.743124, 0.109960, 3940, 2910.0
175, 67.700734, 665.517362, 38.606496, 0.113999, 3932, 2897.0
176, 66.020357, 660.269354, 46.238692, 0.209785, 3939, 2904.0
177, 71.326781, 662.579448, 40.202543, 0.084021, 3917, 2879.0
178, 67.318187, 659.088889, 47.616283, 0.156449, 3936, 2982.0
179, 70.729206, 660.625832, 41.906180, 0.051551, 3935, 2918.0
180, 75.909963, 659.952424, 36.623058, 0.059437, 3901, 2883.0
181, 72.726259, 659.398107, 37.476583, 0.036657, 3912, 2885.0
182, 69.332974, 661.017249, 43.044371, 0.070285, 3930, 2992.0
183, 66.868331, 663.984405, 39.641051, 0.120443, 3936, 2903.0
184, 71.900017, 661.599651, 39.001776, 0.074747, 3930, 2911.0
185, 70.065543, 662.830195, 37.403601, 0.042869, 3936, 2895.0
186, 72.589333, 659.096668, 39.606069, 0.051252, 3923, 2893.0
187, 66.140724, 662.174234, 45.840444, 0.103706, 3931, 2910.0
188, 66.449229, 663.885997, 40.208835, 0.138067, 3938, 2914.0
189, 71.461225, 662.044576, 34.409098, 0.035526, 3934, 2980.0
190, 69.027396, 661.835458, 42.789432, 0.124503, 3929, 2911.0
191, 71.643714, 659.990000, 41.267571, 0.037098, 3922, 2895.0
192, 73.809813, 660.771451, 33.619011, 0.048994, 3923, 2891.0
193, 71.641523, 662.367854, 35.872035, 0.043369, 3925, 2896.0
194, 74.408704, 660.790210, 32.686270, 0.041026, 3913, 2880.0
195, 73.398822, 661.523951, 39.292110, 0.099667, 3907, 2886.0
196, 69.753176, 661.855582, 42.069056, 0.050128, 3929, 2905.0
197, 68.363520, 662.513410, 38.422946, 0.116014, 3937, 2894.0
198, 74.469284, 659.474471, 31.882137, 0.057137, 3920, 2895.0
199, 72.983350, 661.931176, 33.679809, 0.064894, 3920, 2895.0
200, 73.127214, 659.778232, 39.801348, 0.098229, 3910, 2886.0
201, 69.697759, 662.110878, 39.608810, 0.058040, 3929, 2897.0
202, 68.767456, 663.412927, 37.895156, 0.039695, 3925, 2889.0
203, 78.404240, 658.171188, 37.189455, 0.078080, 3891, 2863.0
204, 71.409412, 661.248156, 39.566778, 0.034422, 3926, 2894.0
205, 74.796839, 660.204754, 38.955462, 0.120751, 3902, 2887.0
206, 71.341616, 662.023000, 34.506568, 0.057111, 3933, 2899.0
207, 68.128240, 663.288953, 40.440553, 0.116263, 3935, 2902.0
208, 67.751864, 660.935207, 45.476675, 0.048913, 3932, 2917.0
209, 73.055368, 661.016579, 39.270013, 0.055323, 3921, 2901.0
210, 72.137687, 662.326531, 37.909794, 0.041674, 3920, 2897.0
211, 72.111527, 662.967565, 34.071606, 0.041551, 3932, 2890.0
212, 71.090245, 662.234915, 41.791201, 0.068272, 3913, 2887.0
213, 70.459050, 663.655482, 37.920519, 0.035052, 3939, 2901.0
214, 72.704616, 659.418333, 37.844832, 0.096483, 3909, 2884.0
215, 73.136764, 661.024564, 40.744044, 0.117441, 3907, 2887.0
216, 69.592702, 661.680676, 42.810550, 0.130806, 3921, 2893.0
217, 70.752534, 662.775315, 39.613278, 0.031227, 3932, 2902.0
218, 74.590631, 659.843682, 33.247856, 0.041870, 3917, 2888.0
219, 76.240355, 660.218781, 36.216916, 0.072122, 3913, 2882.0
220, 73.042012, 662.249862, 34.610559, 0.025964, 3936, 2903.0
221, 75.217179, 660.527035, 38.068175, 0.102915, 3912, 2888.0
222, 75.250640, 658.982051, 42.852415, 0.128465, 3877, 2871.0
223, 70.384392, 661.318984, 42.428903, 0.111597, 3927, 2900.0
224, 68.343345, 663.149744, 38.551035, 0.041746, 3932, 2894.0
225, 67.947943, 662.298072, 42.037384, 0.126861, 3936, 2906.0
226, 74.339151, 661.674621, 30.278584, 0.057413, 3919, 2891.0
227, 72.362358, 660.458206, 35.401307, 0.056510, 3925, 2893.0
228, 70.325490, 660.545761, 42.666470, 0.085378, 3918, 2886.0
229, 71.176702, 662.043700, 38.711649, 0.040139, 3923, 2893.0
230, 71.363582, 660.446152, 39.016590, 0.032363, 3925, 2896.0
231, 77.392775, 661.492704, 32.147947, 0.106230, 3907, 2886.0
232, 70.691999, 662.901751, 37.236569, 0.094459, 3936, 2899.0
233, 69.021347, 662.791093, 38.819214, 0.050107, 3928, 2901.0
234, 68.815183, 661.886768, 42.415635, 0.107133, 3930, 2900.0
235, 71.406599, 660.455591, 41.178055, 0.079747, 3906, 2883.0
236, 74.069184, 660.820160, 38.492684, 0.066205, 3923, 2897.0
237, 68.858450, 662.702946, 41.126158, 0.075014, 3932, 2897.0
238, 73.610468, 660.575481, 35.795104, 0.040805, 3919, 2891.0
239, 74.426299, 660.879478, 39.966962, 0.050246, 3912, 2885.0
240, 75.176507, 659.198018, 36.213682, 0.021562, 3905, 2883.0
241, 70.982899, 658.353405, 45.146208, 0.159975, 3911, 2889.0
242, 69.353931, 660.537423, 45.407321, 0.068237, 3926, 2907.0
243, 72.203815, 661.494224, 36.055231, 0.044392, 3929, 2899.0
244, 70.018503, 660.422032, 42.489175, 0.043834, 3935, 2920.0
245, 72.782349, 659.676621, 38.644046, 0.054929, 3906, 2888.0
246, 74.071147, 659.079606, 40.138507, 0.054521, 3902, 2877.0
247, 72.589073, 659.680289, 40.911646, 0.013815, 3923, 2897.0
248, 67.839885, 662.268533, 43.389537, 0.178530, 3936, 2922.0
249, 70.206070, 659.653961, 44.217981, 0.173840, 3900, 2863.0
250, 69.992548, 663.563873, 38.188435, 0.029736, 3932, 2879.0
251, 70.624572, 661.065330, 41.309948, 0.161778, 3921, 2882.0
252, 73.464424, 661.115892, 36.593324, 0.062075, 3912, 2867.0
253, 73.216641, 659.451938, 34.832258, 0.031362, 3906, 2864.0
254, 72.378852, 660.576296, 37.049105, 0.069522, 3926, 2873.0
255, 71.284166, 661.613811, 36.105991, 0.045241, 3929, 2879.0
256, 73.708421, 659.663183, 38.194542, 0.056439, 3905, 2868.0
257, 73.222115, 660.328999, 39.875805, 0.082588, 3908, 2865.0
258, 69.970705, 662.329077, 40.047885, 0.040297, 3931, 2881.0
259, 68.873572, 660.842930, 41.782910, 0.170814, 3913, 2870.0
260, 69.199364, 662.521801, 38.970338, 0.130763, 3939, 2912.0
261, 69.000389, 661.735906, 43.606208, 0.089977, 3928, 2909.0
262, 77.069793, 658.859554, 30.778243, 0.058518, 3910, 2889.0
263, 67.734503, 659.696854, 44.985861, 0.207858, 3926, 2899.0
264, 75.460958, 660.097576, 28.340198, 0.073626, 3909, 2880.0
265, 73.894072, 660.083686, 29.374907, 0.013771, 3915, 2889.0
266, 70.185138, 659.773258, 44.280659, 0.062193, 3919, 3130.0
267, 72.566314, 660.243754, 36.088701, 0.032313, 3907, 4348.0
268, 72.211475, 661.964968, 35.983647, 0.075441, 3913, 3877.0
269, 70.987306, 659.759773, 40.737731, 0.106986, 3911, 2892.0
270, 76.038273, 658.659840, 33.296300, 0.046102, 3899, 2952.0
271, 73.423588, 662.587029, 37.100984, 0.053951, 3921, 2894.0
272, 70.811759, 660.732911, 40.045295, 0.030621, 3921, 2902.0
273, 69.588592, 660.092670, 44.627182, 0.122835, 3929, 2898.0
274, 77.811018, 661.436073, 19.481029, 0.060159, 3919, 2865.0
275, 75.719207, 659.732968, 36.282407, 0.075969, 3898, 2879.0
276, 76.535196, 658.953321, 33.511535, 0.042023, 3911, 4155.0
277, 73.789404, 661.357716, 38.411607, 0.064127, 3930, 4875.0
278, 73.828570, 661.700996, 33.829494, 0.089860, 3903, 4448.0
279, 69.489822, 660.315313, 44.106637, 0.097117, 3928, 4391.0
280, 74.532183, 659.133532, 36.879382, 0.059017, 3916, 4721.0
281, 71.738025, 661.829880, 37.379671, 0.036893, 3928, 4850.0
282, 70.464375, 658.589075, 44.153767, 0.116739, 3916, 4603.0
283, 76.820516, 659.782841, 32.902602, 0.067883, 3929, 3776.0
284, 73.718566, 662.610482, 32.343902, 0.066876, 3927, 2922.0
285, 68.111628, 657.685448, 47.245714, 0.359801, 3924, 2884.0
286, 69.654285, 662.590282, 40.358774, 0.040314, 3930, 4818.0
287, 67.664394, 661.871938, 44.690856, 0.109786, 3935, 4849.0
288, 70.480311, 660.351802, 41.096705, 0.059121, 3916, 3733.0
289, 69.811667, 661.643345, 40.276474, 0.072645, 3928, 2892.0
290, 69.139977, 662.036860, 42.882960, 0.162589, 3928, 2924.0
291, 68.804911, 662.421621, 43.308987, 0.063651, 3933, 2908.0
292, 71.494409, 662.469783, 41.717059, 0.073511, 3933, 2907.0
293, 69.506452, 662.542195, 38.514202, 0.097777, 3929, 2885.0
294, 70.355622, 662.238646, 43.050521, 0.095437, 3927, 2896.0
295, 68.225237, 660.048110, 44.276222, 0.151060, 3930, 3690.0
296, 72.711056, 660.647920, 37.351443, 0.032638, 3929, 4841.0
297, 71.616450, 660.766340, 38.883592, 0.038046, 3919, 4720.0
298, 66.877283, 660.878030, 44.084364, 0.133378, 3937, 3361.0
299, 72.804631, 660.574123, 41.247264, 0.117692, 3912, 2917.0
300, 72.641785, 661.786437, 37.129009, 0.046084, 3922, 2890.0
301, 72.760116, 661.515635, 36.748302, 0.034350, 3915, 2888.0
302, 70.807933, 661.836827, 33.166061, 0.065026, 3936, 2940.0
303, 72.294833, 662.073963, 36.378845, 0.061385, 3917, 4785.0
304, 72.673025, 662.653650, 30.501269, 0.061724, 3928, 4830.0
305, 75.504525, 659.752819, 32.356804, 0.044353, 3911, 4015.0
306, 71.015321, 660.180328, 42.385823, 0.080015, 3926, 3255.0
307, 75.555055, 660.732286, 27.602822, 0.055416, 3906, 2881.0
308, 72.020549, 660.396971, 38.683976, 0.060878, 3903, 2870.0
309, 74.062952, 660.592305, 37.317310, 0.051658, 3916, 2878.0
310, 69.601775, 661.697126, 42.057387, 0.040544, 3931, 2904.0
311, 69.168211, 662.242817, 41.362102, 0.074468, 3931, 2898.0
312, 76.115888, 661.321389, 29.237490, 0.065574, 3916, 2881.0
313, 71.296627, 660.850101, 41.187291, 0.055671, 3920, 2895.0
314, 73.624577, 661.966330, 36.342308, 0.065535, 3915, 2887.0
315, 74.489847, 659.894838, 36.320847, 0.046360, 3919, 4113.0
316, 78.286280, 658.893176, 35.326327, 0.139300, 3896, 4967.0
317, 74.437467, 661.120922, 32.703392, 0.027923, 3919, 4469.0
318, 69.334164, 665.012588, 39.139180, 0.122670, 3932, 3434.0
319, 73.178991, 661.812275, 34.031402, 0.043650, 3920, 2883.0
320, 72.634506, 662.806756, 32.329822, 0.060199, 3931, 2901.0
321, 72.302349, 661.863312, 36.792669, 0.050253, 3936, 3272.0
322, 68.433463, 664.216072, 38.854390, 0.072051, 3935, 4893.0
323, 77.152211, 662.701445, 26.668081, 0.096724, 3919, 4785.0
324, 73.781761, 661.362884, 35.260175, 0.035036, 3929, 4824.0
325, 75.018619, 661.049338, 31.338262, 0.018010, 3921, 4827.0
326, 76.510747, 659.592842, 37.400975, 0.103488, 3901, 4803.0
327, 71.301821, 664.020700, 38.172658, 0.073057, 3936, 2906.0
328, 73.793855, 659.814291, 39.841822, 0.052475, 3899, 2883.0
329, 67.435287, 661.475253, 44.051378, 0.053259, 3934, 2944.0
330, 70.613419, 661.993466, 40.627276, 0.048319, 3925, 2886.0
331, 69.594558, 661.102881, 42.580911, 0.134471, 3918, 2883.0
332, 70.858174, 660.866306, 40.026249, 0.062304, 3922, 2884.0
333, 68.713570, 662.236829, 41.410621, 0.098454, 3932, 2887.0
334, 71.300317, 659.989888, 42.741800, 0.077003, 3921, 2892.0
335, 70.099598, 659.468186, 45.720118, 0.112338, 3914, 3336.0
336, 66.220031, 662.266440, 44.203397, 0.134736, 3926, 4685.0
337, 70.796339, 662.276538, 38.672800, 0.060779, 3936, 3692.0
338, 69.551569, 660.879040, 42.682587, 0.059763, 3933, 2898.0
339, 73.168796, 661.495116, 39.457307, 0.058810, 3926, 2893.0
340, 69.523960, 661.515043, 43.334353, 0.067029, 3928, 2903.0
341, 70.539409, 661.542410, 36.032667, 0.043759, 3941, 2912.0
342, 70.743718, 660.454960, 42.327683, 0.074357, 3917, 2926.0
343, 71.044880, 662.424127, 40.616168, 0.039307, 3939, 2908.0
344, 70.524215, 661.466817, 42.138639, 0.152657, 3925, 2895.0
345, 73.822325, 661.898401, 30.492747, 0.070058, 3930, 2911.0
346, 69.113209, 659.303252, 47.622217, 0.160433, 3931, 2906.0
347, 72.514520, 660.045028, 38.860096, 0.062146, 3903, 2874.0
348, 70.023260, 661.003517, 45.077595, 0.135886, 3917, 2889.0
349, 67.948109, 662.440350, 39.101365, 0.058794, 3939, 2892.0
350, 76.945398, 660.467917, 30.124224, 0.087961, 3903, 2872.0
351, 67.847723, 660.259875, 46.398861, 0.222763, 3939, 2921.0
352, 70.170225, 663.064737, 38.961123, 0.069930, 3935, 2903.0
353, 70.767563, 661.221459, 40.506644, 0.064718, 3934, 2910.0
354, 73.273348, 661.823601, 37.088017, 0.068549, 3929, 2906.0
355, 71.017658, 662.327931, 39.009919, 0.055173, 3918, 2895.0
356, 72.116480, 662.097145, 33.873504, 0.057197, 3935, 2899.0
357, 69.528956, 662.820512, 40.564738, 0.131977, 3940, 2991.0
358, 67.196959, 661.032156, 43.125485, 0.100286, 3933, 2900.0
359, 74.608918, 660.168812, 35.876731, 0.064380, 3920, 2889.0
360, 71.017288, 662.611546, 41.212913, 0.096832, 3933, 2913.0
361, 70.999314, 660.118462, 39.345433, 0.027519, 3918, 2894.0
362, 71.872842, 663.564985, 31.160489, 0.042213, 3931, 2907.0
363, 72.789026, 662.123429, 37.493544, 0.015750, 3927, 3671.0
364, 73.782588, 660.658380, 37.657547, 0.042456, 3917, 2896.0
365, 73.177477, 660.338894, 36.346777, 0.023250, 3918, 2887.0
366, 69.529902, 661.193673, 41.490233, 0.062236, 3926, 2904.0
367, 72.499487, 662.561760, 28.526014, 0.025150, 3939, 2979.0
368, 74.543450, 659.891084, 37.247051, 0.038786, 3915, 2892.0
369, 72.687233, 660.903763, 37.270462, 0.058174, 3924, 2895.0
370, 73.370047, 661.005396, 43.131193, 0.064049, 3926, 2910.0
371, 74.775958, 661.757952, 38.067869, 0.079449, 3922, 2894.0
372, 73.146554, 661.838706, 32.800899, 0.055090, 3931, 2908.0
373, 73.080214, 659.975696, 39.303066, 0.064151, 3908, 2890.0
374, 69.047223, 662.837894, 43.448380, 0.194557, 3936, 2914.0
375, 72.773635, 660.759670, 38.905702, 0.055089, 3923, 2902.0
376, 72.052991, 660.683971, 39.205978, 0.042513, 3930, 2901.0
377, 70.994372, 662.703194, 38.537462, 0.103562, 3928, 2886.0
378, 70.300634, 662.133281, 40.466993, 0.073287, 3932, 2906.0
379, 70.573705, 662.435213, 38.576542, 0.060882, 3934, 2906.0
380, 76.099673, 659.462724, 37.955356, 0.057557, 3904, 2887.0
381, 71.594190, 662.160550, 36.088441, 0.087578, 3904, 2872.0
382, 73.995050, 660.224313, 37.164855, 0.020031, 3913, 2890.0
383, 76.227547, 660.959026, 26.738176, 0.033227, 3906, 2885.0
384, 70.995783, 660.680704, 42.367058, 0.135943, 3902, 2879.0
385, 70.257067, 662.307337, 41.804584, 0.083624, 3932, 2902.0
386, 75.196709, 660.052125, 39.556364, 0.070305, 3909, 2891.0
387, 69.004844, 661.683425, 40.498680, 0.140760, 3933, 2912.0
388, 70.614687, 661.842113, 41.273743, 0.070590, 3936, 2916.0
389, 68.991124, 659.877774, 45.300550, 0.111430, 3942, 2925.0
390, 69.459927, 666.012202, 55.594748, 0.087632, 3914, 2884.0
391, 75.967945, 661.520031, 37.091165, 0.135607, 3908, 4833.0
392, 72.130512, 660.298567, 40.015648, 0.063028, 3922, 4838.0
393, 74.064704, 660.744760, 38.309267, 0.054761, 3914, 4810.0
394, 70.049230, 659.773842, 45.283789, 0.096765, 3923, 4779.0
395, 78.277377, 658.248586, 34.056433, 0.082667, 3899, 3618.0
396, 74.036771, 660.310964, 38.296001, 0.043924, 3914, 4437.0
397, 70.640133, 661.920309, 39.278911, 0.024263, 3921, 3460.0
398, 73.606971, 660.349769, 38.108336, 0.043352, 3923, 2894.0
399, 76.432144, 659.851667, 36.174863, 0.078580, 3919, 2891.0
400, 71.117574, 660.699399, 41.825661, 0.108042, 3923, 2892.0
401, 70.130253, 662.177569, 39.062192, 0.061768, 3935, 2918.0
402, 71.200628, 661.466394, 39.061854, 0.106574, 3908, 2892.0
403, 72.992773, 661.512176, 40.074995, 0.031403, 3917, 2896.0
404, 70.051059, 661.357502, 42.691464, 0.054190, 3937, 2907.0
405, 74.813501, 660.746073, 33.838259, 0.036674, 3917, 2892.0
406, 73.406327, 662.518131, 32.349091, 0.043204, 3943, 2917.0
407, 75.283219, 660.789748, 36.223803, 0.059348, 3906, 2882.0
408, 74.619369, 660.050667, 33.279270, 0.056526, 3915, 2884.0
409, 76.871607, 662.441982, 23.916523, 0.113349, 3923, 2881.0
410, 69.740282, 663.394185, 38.675727, 0.079603, 3935, 2895.0
411, 81.426650, 657.704992, 28.694296, 0.064707, 3900, 2871.0
412, 72.125821, 662.078334, 33.270516, 0.035633, 3931, 2902.0
413, 73.738006, 660.691745, 38.619731, 0.037400, 3926, 2900.0
414, 73.118263, 660.160683, 37.495853, 0.045627, 3920, 2893.0
415, 75.488596, 660.248473, 40.597979, 0.040666, 3897, 2899.0
416, 73.548357, 661.322401, 30.356566, 0.047408, 3930, 2898.0
417, 66.616095, 659.227013, 46.096638, 0.216468, 3938, 2909.0
418, 74.454691, 661.792500, 33.731569, 0.053778, 3924, 2897.0
419, 70.115922, 662.493105, 39.680789, 0.054987, 3937, 2914.0
420, 70.532745, 660.900678, 38.108825, 0.119277, 3929, 2900.0
421, 74.591799, 659.945129, 36.997471, 0.056740, 3898, 2872.0
422, 73.260172, 660.653951, 39.075179, 0.051114, 3916, 2886.0
423, 69.560187, 662.317890, 41.560346, 0.085583, 3933, 2908.0
424, 72.257515, 661.904445, 34.622036, 0.068128, 3934, 2905.0
425, 75.406719, 659.111181, 36.974987, 0.061376, 3901, 2884.0
426, 72.207877, 661.475250, 36.575763, 0.059589, 3921, 2916.0
427, 71.843353, 659.828911, 43.245875, 0.060504, 3926, 2898.0
428, 77.118767, 661.436399, 26.395403, 0.084113, 3904, 2872.0
429, 69.172995, 661.353223, 43.963400, 0.136865, 3942, 2911.0
430, 75.014041, 660.720882, 35.688750, 0.065354, 3905, 2880.0
431, 68.758358, 662.101497, 44.153249, 0.055935, 3937, 2918.0
432, 72.431521, 661.758989, 37.032619, 0.056414, 3918, 2890.0
433, 72.399539, 660.827006, 36.336749, 0.047293, 3923, 2888.0
434, 71.217696, 660.321375, 40.192204, 0.038015, 3917, 2890.0
435, 68.399780, 661.045835, 41.645275, 0.085301, 3935, 2914.0
436, 66.901337, 663.458130, 39.518689, 0.110201, 3939, 2898.0
437, 69.260553, 660.957756, 44.974917, 0.115858, 3928, 2903.0
438, 68.464034, 664.657529, 34.987426, 0.081940, 3930, 2883.0
439, 70.646278, 661.970954, 39.047212, 0.039077, 3935, 2902.0
440, 71.261334, 661.251281, 39.718828, 0.038707, 3927, 2914.0
441, 74.962236, 660.058462, 36.819300, 0.052441, 3905, 2882.0
442, 67.156865, 663.248933, 42.220402, 0.063334, 3935, 2897.0
443, 74.504534, 659.686023, 34.068694, 0.013487, 3924, 2880.0
444, 70.499632, 659.386289, 44.802436, 0.088543, 3925, 2894.0
445, 72.787284, 660.512718, 36.658034, 0.027698, 3914, 2891.0
446, 72.987000, 660.889164, 42.393107, 0.136291, 3906, 2878.0
447, 72.684939, 662.569570, 40.727753, 0.130827, 3920, 2893.0
448, 70.959612, 661.791601, 40.035949, 0.043201, 3934, 2900.0
449, 70.221366, 661.971466, 40.687764, 0.057533, 3934, 2906.0
450, 72.606175, 661.021924, 39.565372, 0.048204, 3930, 2907.0
451, 70.110118, 662.481676, 41.066525, 0.111205, 3924, 2893.0
452, 70.377316, 662.868267, 36.072805, 0.058626, 3932, 2893.0
453, 74.707338, 660.464433, 35.667791, 0.025182, 3924, 2888.0
454, 68.510603, 662.197559, 35.922718, 0.057970, 3929, 2884.0
455, 72.075065, 659.631003, 42.247383, 0.114152, 3915, 2878.0
456, 78.619520, 660.403133, 30.020376, 0.125734, 3906, 2878.0
457, 70.974907, 662.479034, 35.646056, 0.056861, 3935, 2915.0
458, 73.849120, 660.164778, 35.533763, 0.028906, 3920, 2889.0
459, 72.050867, 659.734966, 41.912910, 0.149656, 3910, 2875.0
460, 71.416823, 660.881257, 43.429768, 0.117896, 3914, 2889.0
461, 72.862091, 660.961675, 39.158145, 0.101665, 3912, 2892.0
462, 71.623176, 660.703323, 41.333111, 0.044062, 3927, 2894.0
463, 72.977172, 661.342659, 38.996477, 0.090448, 3910, 2880.0
464, 72.428991, 660.332193, 44.552250, 0.093052, 3903, 2875.0
465, 71.927130, 661.167652, 44.850228, 0.065907, 3934, 2909.0
466, 67.599269, 661.216250, 44.140750, 0.135821, 3922, 2895.0
467, 74.570284, 659.314852, 38.360959, 0.088410, 3906, 2881.0
468, 74.117411, 659.531931, 40.361795, 0.039617, 3889, 2874.0
469, 69.072524, 663.569165, 40.171214, 0.075409, 3933, 2893.0
470, 68.474602, 662.411254, 40.543701, 0.120440, 3935, 2896.0
471, 71.875969, 660.474068, 43.087606, 0.096747, 3917, 2889.0
472, 69.243497, 662.963082, 41.562249, 0.105817, 3934, 2892.0
473, 71.636882, 662.087607, 35.400119, 0.061633, 3939, 2898.0
474, 67.981150, 661.675940, 43.904155, 0.182400, 3932, 4574.0
475, 71.562154, 661.104720, 38.834128, 0.095965, 3900, 4805.0
476, 69.648233, 660.711599, 43.719264, 0.136924, 3928, 3685.0
477, 71.586245, 661.652739, 36.803227, 0.029916, 3923, 2970.0
478, 70.933778, 661.316725, 38.190501, 0.014727, 3931, 3139.0
479, 72.836768, 661.856442, 41.094141, 0.081839, 3930, 3239.0
480, 73.614611, 659.340728, 40.436392, 0.061206, 3901, 2876.0
481, 72.088266, 660.403987, 41.981861, 0.032847, 3922, 2926.0
482, 72.530904, 661.868182, 41.842783, 0.079065, 3923, 2898.0
483, 67.465845, 660.466394, 42.772802, 0.118173, 3927, 3256.0
484, 70.282516, 662.936995, 35.902711, 0.056756, 3931, 4825.0
485, 67.940030, 661.709472, 42.828969, 0.036020, 3930, 4830.0
486, 73.149472, 661.963828, 32.804758, 0.059118, 3933, 3377.0
487, 69.854479, 661.078594, 38.422664, 0.025387, 3933, 2907.0
488, 70.891466, 661.697064, 39.068409, 0.051577, 3939, 2899.0
489, 73.218842, 661.033911, 35.797684, 0.052977, 3919, 2884.0
490, 68.144816, 662.784272, 38.380773, 0.072935, 3928, 2910.0
491, 70.777991, 661.453349, 39.419868, 0.071716, 3925, 4599.0
492, 71.244801, 662.820631, 39.578082, 0.080265, 3927, 4848.0
493, 66.268578, 661.604226, 42.530967, 0.085317, 3930, 3628.0
494, 69.423256, 662.395306, 41.514792, 0.082953, 3932, 3119.0
495, 78.362793, 661.119155, 27.719102, 0.071097, 3899, 2871.0
496, 72.504803, 661.181530, 33.601196, 0.023099, 3924, 3048.0
497, 69.528901, 661.444153, 43.003846, 0.179507, 3929, 2910.0
498, 69.619911, 663.788976, 40.478297, 0.107944, 3932, 2913.0
499, 74.835337, 661.616110, 32.094336, 0.035532, 3926, 2910.0
500, 71.689722, 661.555595, 45.168457, 0.065634, 3919, 2922.0
501, 68.759207, 662.445508, 39.489535, 0.050965, 3928, 2961.0
502, 70.967817, 659.137579, 44.250263, 0.134857, 3914, 3006.0
503, 69.169824, 660.979558, 40.161213, 0.060921, 3936, 2891.0
504, 72.843732, 661.098386, 37.971251, 0.042350, 3915, 2888.0
505, 69.241212, 661.285818, 39.096319, 0.073895, 3918, 2891.0
506, 70.657853, 662.598372, 38.481151, 0.061608, 3928, 2888.0
507, 72.532462, 661.274425, 34.074408, 0.058870, 3934, 2896.0
508, 71.157468, 662.718278, 39.657262, 0.049901, 3915, 2889.0
509, 71.242879, 661.359543, 39.880048, 0.045744, 3929, 3126.0
510, 71.200888, 661.084638, 42.318681, 0.061343, 3915, 4820.0
511, 68.778853, 662.235481, 40.016409, 0.206279, 3915, 4839.0
512, 68.617859, 662.200463, 44.774203, 0.055403, 3928, 3743.0
513, 72.269988, 661.638851, 38.925991, 0.068795, 3922, 2896.0
514, 68.949928, 659.536788, 45.754612, 0.110086, 3936, 2899.0
515, 73.529281, 660.276973, 40.641629, 0.058247, 3905, 2876.0
516, 66.713410, 662.376403, 44.214478, 0.110069, 3927, 2889.0
517, 71.321313, 661.229603, 41.064674, 0.061825, 3929, 2914.0
518, 66.829737, 662.221165, 41.307291, 0.149795, 3934, 2906.0
519, 69.965873, 660.072993, 47.068009, 0.074413, 3911, 2895.0
520, 72.570126, 661.574849, 33.616486, 0.033876, 3929, 2905.0
521, 71.868931, 661.554907, 34.341552, 0.066154, 3922, 2896.0
522, 68.812718, 661.531441, 40.696839, 0.114563, 3925, 3889.0
523, 73.381673, 660.628600, 39.081527, 0.062522, 3906, 4996.0
524, 72.645715, 662.237689, 40.558129, 0.067950, 3925, 4468.0
525, 70.745914, 662.468550, 42.802807, 0.029960, 3931, 4482.0
526, 68.755303, 661.799900, 42.858891, 0.219788, 3934, 4201.0
527, 68.226154, 661.183943, 44.357519, 0.102907, 3936, 2899.0
528, 74.159461, 659.440667, 34.954333, 0.042548, 3898, 2877.0
529, 71.061899, 662.531308, 38.725241, 0.107281, 3917, 2905.0
530, 74.098386, 660.538077, 34.419811, 0.032746, 3913, 3427.0
531, 74.922738, 660.516544, 33.738737, 0.069352, 3919, 2886.0
532, 77.991434, 658.331846, 38.446667, 0.103014, 3886, 2867.0
533, 70.173291, 663.004586, 41.290273, 0.071832, 3932, 2901.0
534, 68.720300, 660.344936, 39.845067, 0.113948, 3926, 2902.0
535, 71.384914, 662.416647, 38.037859, 0.113770, 3935, 2947.0
536, 74.552006, 659.813789, 33.145674, 0.026137, 3909, 2884.0
537, 75.552282, 661.545726, 31.727344, 0.058163, 3912, 2886.0
538, 73.168838, 660.862903, 32.051246, 0.030583, 3916, 2888.0
539, 73.147285, 661.769696, 37.366442, 0.061108, 3918, 2895.0
540, 70.542783, 662.710125, 36.455257, 0.058390, 3928, 2889.0
541, 72.046135, 660.905520, 43.634050, 0.048496, 3920, 2982.0
542, 71.678722, 661.489628, 40.444200, 0.053288, 3917, 2896.0
543, 71.424228, 660.614801, 39.844007, 0.052531, 3932, 2915.0
544, 70.786938, 661.830553, 40.981485, 0.077623, 3934, 2912.0
545, 70.302551, 663.217350, 38.155693, 0.065964, 3928, 2897.0
546, 73.766039, 662.206263, 28.982492, 0.080161, 3932, 2905.0
547, 72.393797, 660.664017, 37.126171, 0.054600, 3922, 2942.0
548, 69.310334, 661.743467, 40.445061, 0.117166, 3931, 2901.0
549, 72.724263, 660.494060, 39.779212, 0.060108, 3919, 2888.0
550, 73.141440, 660.471342, 37.185368, 0.077894, 3903, 2875.0
551, 70.630888, 661.390247, 40.367299, 0.049160, 3939, 2915.0
552, 66.776880, 662.947092, 41.872409, 0.339489, 3936, 2906.0
553, 76.281583, 660.657536, 34.964812, 0.081481, 3906, 2889.0
554, 72.035767, 659.885200, 36.570165, 0.072665, 3909, 2882.0
555, 69.985461, 661.472184, 37.094043, 0.044063, 3931, 2901.0
556, 68.985519, 661.930580, 38.323157, 0.110213, 3932, 2903.0
557, 71.089850, 660.897276, 41.039622, 0.092983, 3932, 2903.0
558, 71.395693, 660.917980, 41.069047, 0.027337, 3919, 2895.0
559, 73.869098, 660.201642, 39.192741, 0.064592, 3910, 2887.0
560, 76.259917, 660.188324, 34.384646, 0.100790, 3904, 2892.0
561, 73.160007, 662.703692, 36.688982, 0.057188, 3921, 2895.0
562, 67.758717, 663.031085, 39.199369, 0.077202, 3928, 2896.0
563, 68.158143, 663.167616, 39.219202, 0.153846, 3928, 2900.0
564, 73.801227, 661.940550, 33.311224, 0.066803, 3922, 2889.0
565, 76.449162, 659.223772, 30.523001, 0.051633, 3911, 2884.0
566, 71.186814, 661.475732, 40.412634, 0.092264, 3916, 2891.0
567, 70.847205, 662.099213, 36.438388, 0.054306, 3930, 2899.0
568, 71.336149, 662.687010, 38.528990, 0.070959, 3920, 2897.0
569, 72.310374, 660.262002, 44.658631, 0.086504, 3903, 2889.0
570, 77.415267, 661.009116, 24.200261, 0.048783, 3913, 2875.0
571, 71.828744, 661.059467, 40.573424, 0.055815, 3925, 2907.0
572, 71.534155, 662.967556, 38.599752, 0.060736, 3928, 2898.0
573, 69.147441, 662.100801, 42.585996, 0.106609, 3933, 2910.0
574, 71.900912, 661.270257, 38.233591, 0.053774, 3924, 3111.0
575, 74.407958, 660.731015, 34.670958, 0.046260, 3928, 4833.0
576, 71.927023, 661.423737, 40.771299, 0.042489, 3919, 4798.0
577, 71.673131, 661.270846, 40.015069, 0.070376, 3911, 4816.0
578, 70.313140, 660.986035, 40.404775, 0.078121, 3932, 4508.0
579, 74.940881, 661.034738, 30.094071, 0.022214, 3915, 3730.0
580, 76.692896, 659.903184, 31.529701, 0.069604, 3923, 4539.0
581, 72.889754, 661.150648, 35.093359, 0.051938, 3935, 3558.0
582, 76.582208, 659.786109, 33.588095, 0.059870, 3896, 2882.0
583, 72.698286, 660.641018, 40.485747, 0.088283, 3906, 2882.0
584, 72.517306, 661.442520, 38.551073, 0.041759, 3918, 2905.0
585, 68.900891, 660.823661, 43.101817, 0.070397, 3933, 2896.0
586, 73.312623, 660.219000, 39.505822, 0.067315, 3912, 2883.0
587, 75.123752, 660.315572, 30.024853, 0.042224, 3920, 2879.0
588, 70.255131, 660.785160, 38.945528, 0.081615, 3936, 4719.0
589, 71.197178, 660.761816, 43.169279, 0.093213, 3926, 4781.0
590, 72.017575, 661.342062, 38.817478, 0.058922, 3922, 4114.0
591, 68.689349, 663.297175, 40.659800, 0.159687, 3929, 2896.0
592, 76.007994, 659.378877, 37.143554, 0.062472, 3901, 2874.0
593, 73.318496, 661.257426, 39.982146, 0.052617, 3908, 2887.0
594, 70.702290, 663.927194, 39.466562, 0.136590, 3939, 2903.0
595, 72.335486, 661.022697, 35.513793, 0.032639, 3922, 2912.0
596, 68.154059, 662.643043, 42.374076, 0.118295, 3933, 2898.0
597, 72.799556, 661.941445, 38.036660, 0.011928, 3936, 2903.0
598, 70.449248, 662.101185, 37.479506, 0.031697, 3930, 2887.0
599, 75.681891, 660.594945, 33.931061, 0.057352, 3913, 2884.0
600, 74.254367, 661.382638, 37.328516, 0.047030, 3916, 2895.0
601, 73.407502, 660.538497, 38.390631, 0.108679, 3900, 2879.0
602, 70.147519, 662.730814, 34.504628, 0.052633, 3929, 2901.0
603, 72.375605, 661.502328, 37.852514, 0.042259, 3921, 2891.0
604, 72.862938, 659.804631, 33.808102, 0.067600, 3913, 2897.0
605, 79.750231, 658.024120, 35.590081, 0.180122, 3878, 2870.0
606, 72.195209, 661.063699, 35.546908, 0.082178, 3914, 2884.0
607, 73.176106, 660.750302, 38.898957, 0.053877, 3920, 2892.0
608, 71.091612, 662.351373, 41.280788, 0.178965, 3923, 2910.0
609, 77.310946, 659.703324, 32.149596, 0.060166, 3898, 2888.0
610, 68.756344, 664.771063, 38.543935, 0.214907, 3935, 2914.0
611, 71.826114, 661.037070, 41.592891, 0.061997, 3924, 2896.0
612, 75.408947, 660.038999, 32.905490, 0.053641, 3916, 2889.0
613, 69.443743, 662.337095, 42.737520, 0.137549, 3933, 2909.0
614, 73.495001, 660.384173, 32.997207, 0.056655, 3931, 2905.0
615, 69.657698, 663.439594, 39.954913, 0.170918, 3926, 2895.0
616, 73.663965, 659.085476, 37.668292, 0.043372, 3910, 2885.0
617, 68.116174, 661.631454, 42.950509, 0.109494, 3935, 2915.0
618, 70.927665, 662.793794, 40.858807, 0.050168, 3934, 2914.0
619, 75.326549, 661.296438, 33.878483, 0.031546, 3925, 2895.0
620, 72.710650, 659.423251, 38.468220, 0.026206, 3925, 2896.0
621, 70.628200, 660.296145, 44.768266, 0.073332, 3935, 2966.0
622, 75.370646, 659.738367, 38.269320, 0.077435, 3900, 2891.0
623, 73.551482, 661.467539, 34.696081, 0.073059, 3917, 2898.0
624, 69.325243, 661.455692, 40.761686, 0.057411, 3944, 2913.0
625, 73.176478, 659.566811, 35.287241, 0.037838, 3902, 2877.0
626, 69.748755, 661.781702, 40.442750, 0.168567, 3925, 2904.0
627, 71.285505, 665.070798, 36.072869, 0.088087, 3928, 2899.0
628, 71.131141, 661.602443, 39.382081, 0.063328, 3935, 2902.0
629, 70.442595, 663.264642, 37.769511, 0.062599, 3929, 2904.0
630, 72.556438, 661.570064, 34.858498, 0.041730, 3929, 2908.0
631, 73.956397, 660.330476, 34.084284, 0.035570, 3917, 2890.0
632, 72.386495, 660.994061, 37.821610, 0.040966, 3921, 2884.0
633, 70.684266, 661.065591, 38.207794, 0.069317, 3929, 2898.0
634, 76.205058, 660.480718, 32.070857, 0.044122, 3910, 2883.0
635, 71.482727, 659.980391, 41.738803, 0.127224, 3905, 2882.0
636, 71.987586, 662.817298, 38.250522, 0.022122, 3926, 2933.0
637, 67.492104, 660.637161, 44.186501, 0.143884, 3937, 2911.0
638, 75.053745, 661.445814, 31.124101, 0.050167, 3918, 2959.0
639, 68.676358, 660.307560, 44.943544, 0.145259, 3934, 2922.0
640, 76.060635, 660.332661, 30.294218, 0.060658, 3904, 2880.0
641, 73.041465, 660.736015, 34.560026, 0.039706, 3921, 2893.0
642, 70.544575, 659.583500, 41.741320, 0.109680, 3933, 2904.0
643, 72.049659, 661.046385, 35.817985, 0.044072, 3915, 4559.0
644, 75.281027, 659.449521, 34.203962, 0.035984, 3909, 4822.0
645, 70.810941, 662.984820, 33.884610, 0.061147, 3933, 4869.0
646, 73.097551, 659.788428, 38.734990, 0.032189, 3911, 4792.0
647, 69.017517, 662.701174, 38.697445, 0.051422, 3935, 3221.0
648, 71.187049, 660.449644, 42.063495, 0.069944, 3919, 4349.0
649, 71.417074, 661.964457, 37.898204, 0.085278, 3923, 3963.0
650, 68.830804, 660.917695, 42.000247, 0.114757, 3918, 2886.0
651, 69.333397, 663.505435, 36.020636, 0.023319, 3935, 2889.0
652, 71.093770, 664.031415, 35.525237, 0.066168, 3937, 2888.0
653, 70.100895, 661.470309, 40.653185, 0.041993, 3933, 2900.0
654, 69.711006, 660.940388, 39.766679, 0.096327, 3925, 2891.0
655, 70.620040, 661.138768, 35.596536, 0.041362, 3934, 2899.0
656, 66.624643, 663.471818, 41.700799, 0.047995, 3926, 2892.0
657, 69.898558, 662.121192, 39.458858, 0.088215, 3934, 2898.0
658, 68.224362, 662.912130, 44.437088, 0.102337, 3931, 2905.0
659, 70.750422, 661.286050, 42.326475, 0.065172, 3942, 2908.0
660, 69.264301, 661.143475, 44.069341, 0.078301, 3928, 2890.0
661, 70.453754, 663.548764, 42.993329, 0.053137, 3921, 2890.0
662, 70.048070, 661.850014, 39.061817, 0.057279, 3919, 2889.0
663, 67.241278, 663.081580, 41.449617, 0.166263, 3932, 2889.0
664, 75.612100, 658.483213, 36.092909, 0.044006, 3909, 2875.0
665, 72.070229, 662.310806, 33.945973, 0.046670, 3931, 2895.0
666, 69.981669, 660.816227, 42.006207, 0.053496, 3933, 2894.0
667, 67.294042, 662.796194, 44.563946, 0.148596, 3930, 2886.0
668, 68.223015, 663.505604, 42.518605, 0.123940, 3936, 2886.0
669, 74.225274, 660.572051, 39.440738, 0.051281, 3917, 2885.0
670, 67.809939, 661.398704, 45.091614, 0.098174, 3932, 2904.0
671, 71.043522, 662.321394, 39.012984, 0.061524, 3922, 2890.0
672, 75.319658, 659.065631, 36.062513, 0.046596, 3918, 2881.0
673, 67.693862, 658.785578, 46.399266, 0.140268, 3935, 2906.0
674, 73.708813, 658.396842, 36.571063, 0.025822, 3910, 2873.0
675, 74.459749, 659.559247, 36.772124, 0.048077, 3911, 2873.0
676, 66.660381, 665.304294, 39.614205, 0.185094, 3934, 2888.0
677, 69.223542, 662.787463, 41.484964, 0.055077, 3933, 2890.0
678, 75.003340, 660.413933, 37.883917, 0.037906, 3922, 2879.0
679, 67.432760, 663.194194, 40.930718, 0.103296, 3932, 2895.0
680, 69.372982, 661.812321, 43.002353, 0.091092, 3936, 2898.0
681, 70.900701, 659.907120, 41.223259, 0.101109, 3914, 2884.0
682, 69.840292, 661.179360, 39.843471, 0.071535, 3934, 2898.0
683, 72.616050, 662.273231, 37.031813, 0.055484, 3918, 2890.0
684, 68.635491, 662.582324, 41.404463, 0.032520, 3934, 2906.0
685, 68.877546, 663.225764, 40.797668, 0.106658, 3928, 2886.0
686, 68.414040, 659.110541, 44.654900, 0.163042, 3912, 2879.0
687, 69.411051, 660.079015, 41.951702, 0.079659, 3910, 2877.0
688, 71.286212, 661.720819, 43.476593, 0.042806, 3928, 2886.0
689, 69.678895, 659.604723, 43.522501, 0.144075, 3937, 2900.0
690, 73.061397, 659.864328, 36.391913, 0.043079, 3910, 2882.0
691, 71.829655, 659.851074, 41.863817, 0.092177, 3900, 2871.0
692, 73.173572, 661.556570, 36.459831, 0.057538, 3924, 2896.0
693, 73.230023, 661.062470, 36.328442, 0.050920, 3922, 2880.0
694, 69.439140, 661.294206, 41.927405, 0.074226, 3940, 2900.0
695, 74.199205, 659.520321, 41.223417, 0.137077, 3905, 2876.0
696, 70.095792, 662.949410, 39.153393, 0.045978, 3929, 2896.0
697, 71.585940, 660.252198, 41.857943, 0.035039, 3920, 2889.0
698, 66.829756, 661.066957, 43.412500, 0.139270, 3933, 2905.0
699, 67.991195, 663.492984, 39.712961, 0.096730, 3930, 2883.0
700, 71.921105, 660.593925, 38.187639, 0.043855, 3920, 2890.0
701, 73.715160, 660.338830, 38.471452, 0.072439, 3909, 2886.0
702, 71.012654, 663.063558, 36.073946, 0.048225, 3935, 2888.0
703, 68.854487, 658.949330, 44.603850, 0.147395, 3926, 2895.0
704, 68.131176, 661.626723, 42.807430, 0.103087, 3939, 2906.0
705, 69.076828, 663.066597, 38.957499, 0.120024, 3944, 2906.0
706, 73.085259, 661.800173, 33.065861, 0.036028, 3929, 2885.0
707, 73.567574, 661.399661, 34.347165, 0.033964, 3925, 2892.0
708, 66.963584, 660.974179, 44.309184, 0.218292, 3938, 2903.0
709, 75.574592, 659.587760, 40.005573, 0.071364, 3897, 2878.0
710, 70.648407, 660.731848, 43.887487, 0.084195, 3921, 2883.0
711, 70.577807, 662.189366, 38.131595, 0.057541, 3936, 2887.0
712, 69.563689, 663.449932, 37.589724, 0.039334, 3928, 2883.0
713, 68.871952, 660.489947, 42.965140, 0.112873, 3928, 2907.0
714, 73.518253, 661.201471, 38.384798, 0.034076, 3926, 2890.0
715, 69.486346, 661.578311, 45.324313, 0.116217, 3932, 2902.0
716, 72.836908, 659.984677, 35.540853, 0.026775, 3914, 2879.0
717, 71.453865, 659.342810, 43.701705, 0.155240, 3907, 2876.0
718, 71.334472, 660.812222, 38.661530, 0.097998, 3914, 2890.0
719, 67.645480, 657.725640, 47.839115, 0.237852, 3922, 2889.0
720, 70.537449, 661.711430, 40.952333, 0.078318, 3920, 2889.0
721, 71.199560, 659.714355, 44.766879, 0.183039, 3911, 2882.0
722, 70.164654, 661.533969, 38.468493, 0.098802, 3934, 2896.0
723, 68.364279, 658.839155, 49.150360, 0.166064, 3926, 2905.0
724, 75.761534, 659.433542, 34.871482, 0.046113, 3907, 2880.0
725, 67.181276, 664.247741, 40.746474, 0.133739, 3930, 2899.0
726, 72.919788, 658.667129, 42.820157, 0.057851, 3908, 2892.0
727, 70.952628, 660.646781, 39.110281, 0.029252, 3920, 2888.0
728, 72.740277, 661.266933, 34.999923, 0.052041, 3937, 2900.0
729, 73.967540, 660.188165, 31.701585, 0.048661, 3908, 2871.0
730, 70.049923, 661.727497, 41.916448, 0.111429, 3916, 2893.0
731, 66.862928, 663.679785, 40.753793, 0.169986, 3925, 2893.0
732, 74.410572, 661.004682, 35.291736, 0.060182, 3909, 2876.0
733, 71.736340, 661.022313, 40.186215, 0.063758, 3912, 2887.0
734, 70.131564, 661.272656, 43.896804, 0.077628, 3921, 2899.0
735, 70.228720, 662.597330, 34.871197, 0.071636, 3931, 2886.0
736, 68.833875, 660.802665, 41.487341, 0.056464, 3936, 2898.0
737, 69.729877, 662.922827, 39.825207, 0.101625, 3936, 2889.0
738, 69.881228, 661.469476, 39.647055, 0.061896, 3939, 2905.0
739, 74.081217, 661.496147, 40.851998, 0.044652, 3913, 2894.0
740, 70.568680, 662.296490, 38.567199, 0.050866, 3933, 2901.0
741, 72.279865, 659.819080, 41.370410, 0.068949, 3898, 2869.0
742, 68.309574, 663.186889, 42.402275, 0.063500, 3941, 2915.0
743, 74.369634, 659.470028, 37.993310, 0.071475, 3912, 2881.0
744, 71.616750, 661.140136, 37.996194, 0.039918, 3929, 2885.0
745, 69.468929, 662.336059, 40.401315, 0.075284, 3931, 2885.0
746, 69.601517, 660.709944, 40.172904, 0.042787, 3933, 2912.0
747, 70.065923, 661.893495, 43.946193, 0.119574, 3922, 2883.0
748, 68.625085, 659.875376, 45.995609, 0.179890, 3933, 2902.0
749, 69.826588, 662.216067, 36.006762, 0.067188, 3930, 2898.0
750, 71.305712, 661.523971, 42.225731, 0.063042, 3912, 2892.0
751, 73.884181, 660.031023, 34.432570, 0.049582, 3914, 2877.0
752, 68.470935, 662.264056, 43.350386, 0.103512, 3931, 2896.0
753, 67.363385, 662.695318, 40.732541, 0.131350, 3934, 2877.0
754, 66.388083, 660.813119, 44.992773, 0.135680, 3932, 2893.0
755, 68.977779, 660.988973, 41.328780, 0.144223, 3905, 2875.0
756, 69.527221, 660.428845, 44.795113, 0.027228, 3933, 2906.0
757, 71.251881, 661.417484, 41.031962, 0.045341, 3920, 2899.0
758, 67.419361, 662.161077, 42.288968, 0.145441, 3939, 2900.0
759, 67.385491, 661.253578, 42.155610, 0.102844, 3936, 2902.0
760, 67.854948, 663.809549, 40.859807, 0.123788, 3933, 2893.0
761, 76.210415, 658.878458, 35.667766, 0.047303, 3896, 2871.0
762, 72.792063, 662.580905, 35.826522, 0.089550, 3929, 2878.0
763, 66.464793, 660.029230, 48.269819, 0.128368, 3935, 2899.0
764, 67.385299, 661.275655, 43.711477, 0.165437, 3932, 2898.0
765, 72.956122, 660.185238, 37.456935, 0.059023, 3924, 2888.0
766, 67.576911, 663.074840, 41.959222, 0.170755, 3929, 2895.0
767, 69.488789, 662.706286, 41.003896, 0.112995, 3931, 2898.0
768, 71.550443, 661.131420, 39.269402, 0.056227, 3921, 2894.0
769, 75.574121, 660.169739, 36.867919, 0.071698, 3918, 2880.0
770, 71.927778, 661.336562, 37.501447, 0.052334, 3936, 2892.0
771, 72.931410, 661.189853, 35.032481, 0.041384, 3916, 2879.0
772, 70.867465, 660.796476, 42.072274, 0.066772, 3930, 2906.0
773, 71.156519, 664.137364, 36.687579, 0.117130, 3932, 2879.0
774, 72.622794, 660.674015, 41.115356, 0.043767, 3922, 2893.0
775, 68.220074, 661.002253, 42.210700, 0.070898, 3935, 2905.0
776, 70.317655, 660.788520, 43.363221, 0.085582, 3932, 2901.0
777, 70.665550, 660.114923, 41.674642, 0.085333, 3920, 2887.0
778, 69.297278, 661.931845, 40.295803, 0.023485, 3932, 2895.0
779, 71.493364, 660.586223, 40.974393, 0.064458, 3919, 2882.0
780, 71.248309, 662.047650, 39.887763, 0.040133, 3917, 2891.0
781, 76.364438, 659.438732, 32.295690, 0.068676, 3881, 2866.0
782, 73.124585, 661.018702, 36.125028, 0.037910, 3922, 2885.0
783, 71.424987, 661.346529, 40.750742, 0.094421, 3924, 2892.0
784, 69.835897, 662.394140, 40.213351, 0.092229, 3933, 2898.0
785, 70.888571, 662.239016, 37.978791, 0.068696, 3928, 2895.0
786, 69.605398, 660.320708, 41.067889, 0.065940, 3928, 2894.0
787, 69.786979, 661.774918, 42.784986, 0.040642, 3934, 2903.0
788, 67.453472, 662.198416, 42.574396, 0.135140, 3931, 2889.0
789, 69.455374, 660.657269, 43.321954, 0.060899, 3942, 2907.0
790, 71.736323, 662.092884, 34.197719, 0.030053, 3925, 2887.0
791, 65.478081, 662.765334, 44.088118, 0.057856, 3935, 2898.0
792, 71.445497, 662.974355, 37.670972, 0.057467, 3927, 2889.0
793, 73.183900, 660.967520, 35.624058, 0.025185, 3912, 2880.0
794, 67.890252, 659.960164, 45.001560, 0.095554, 3931, 2902.0
795, 69.932426, 659.305338, 46.202780, 0.064194, 3936, 2897.0
796, 71.783306, 661.453069, 39.680734, 0.078817, 3920, 2889.0
797, 65.315813, 663.537067, 40.197539, 0.194015, 3931, 2887.0
798, 72.215772, 660.287848, 42.132386, 0.037043, 3916, 2888.0
799, 70.483719, 659.841437, 42.708724, 0.118787, 3912, 2898.0
800, 73.236507, 659.760789, 41.905531, 0.069054, 3915, 2889.0
801, 68.857100, 663.852799, 40.033504, 0.044245, 3927, 2881.0
802, 71.902057, 659.801946, 38.966204, 0.057260, 3908, 2882.0
803, 67.617511, 657.672221, 48.927175, 0.158156, 3939, 2900.0
804, 68.734984, 662.560803, 42.381205, 0.122410, 3924, 2879.0
805, 70.441348, 659.795446, 44.701155, 0.087272, 3917, 2881.0
806, 73.581706, 659.429814, 36.031112, 0.044159, 3916, 2881.0
807, 69.148223, 659.790977, 46.332783, 0.090729, 3933, 2903.0
808, 71.648164, 661.670898, 37.954814, 0.033438, 3921, 2886.0
809, 69.964474, 661.211139, 41.873091, 0.114119, 3929, 2904.0
810, 65.730393, 658.782713, 45.855757, 0.260829, 3936, 2902.0
811, 69.418694, 661.967534, 41.295648, 0.042311, 3929, 2901.0
812, 71.569113, 662.879742, 34.642338, 0.048700, 3932, 2891.0
813, 68.546800, 663.094881, 41.709414, 0.088767, 3928, 2891.0
814, 67.077315, 660.431251, 43.861305, 0.117288, 3932, 4741.0
815, 72.021269, 659.387425, 42.612801, 0.059280, 3911, 4817.0
816, 66.438981, 660.789761, 45.347470, 0.123679, 3934, 3985.0
817, 70.188204, 662.518556, 40.997529, 0.055618, 3934, 2905.0
818, 69.995582, 661.173927, 41.369578, 0.030318, 3920, 2891.0
819, 71.570460, 660.400897, 36.056863, 0.065895, 3911, 2883.0
820, 66.284735, 662.965017, 42.647944, 0.119471, 3937, 2901.0
821, 67.875329, 661.678861, 43.968255, 0.110096, 3937, 2903.0
822, 71.748614, 662.307698, 39.928576, 0.048633, 3923, 2892.0
823, 71.270957, 660.937281, 38.311884, 0.058582, 3928, 2893.0
824, 67.940734, 663.702091, 40.209604, 0.065072, 3928, 2891.0
825, 70.095841, 661.199520, 36.436534, 0.047768, 3938, 2899.0
826, 75.784460, 659.220944, 35.425437, 0.045184, 3914, 4778.0
827, 70.473000, 662.483069, 37.999072, 0.053953, 3930, 4798.0
828, 64.535191, 660.592028, 44.725255, 0.148396, 3932, 3750.0
829, 67.578632, 661.275156, 42.798313, 0.074633, 3931, 2899.0
830, 70.570006, 661.922514, 39.080811, 0.039886, 3921, 2886.0
831, 69.337447, 663.292060, 40.451059, 0.055226, 3928, 2894.0
832, 70.729315, 660.107530, 38.412862, 0.047842, 3911, 2874.0
833, 65.819773, 658.022231, 49.064773, 0.410584, 3932, 2896.0
834, 67.625859, 659.521114, 47.371950, 0.224365, 3924, 2893.0
835, 68.502325, 663.587140, 37.446562, 0.117780, 3935, 3507.0
836, 71.567569, 659.168962, 43.613077, 0.098552, 3902, 4800.0
837, 68.351798, 660.708990, 44.476435, 0.123834, 3931, 4650.0
838, 66.475444, 658.971459, 44.814692, 0.157500, 3930, 3534.0
839, 69.285612, 662.176467, 40.475922, 0.082528, 3935, 2906.0
840, 69.371959, 659.866989, 41.173764, 0.061354, 3933, 2898.0
841, 69.441320, 661.650011, 40.649335, 0.096747, 3933, 2915.0
842, 69.152292, 661.183847, 42.908417, 0.066070, 3929, 2895.0
843, 67.423709, 664.063185, 40.378319, 0.102364, 3938, 2887.0
844, 70.144926, 662.917941, 36.210717, 0.040499, 3925, 2898.0
845, 73.951524, 658.976729, 34.719868, 0.042743, 3906, 2875.0
846, 64.932964, 662.394558, 43.080764, 0.147438, 3935, 2895.0
847, 74.679085, 659.976725, 35.220448, 0.014040, 3915, 3636.0
848, 66.299202, 658.559884, 48.421404, 0.203804, 3939, 4832.0
849, 68.780361, 662.756303, 38.381453, 0.062569, 3927, 4602.0
850, 68.898497, 659.324602, 45.661051, 0.036114, 3929, 3709.0
851, 67.863501, 659.325109, 46.716512, 0.128329, 3929, 2909.0
852, 69.508252, 661.420750, 37.503816, 0.055534, 3932, 2894.0
853, 70.430814, 663.724848, 38.006470, 0.042976, 3927, 2888.0
854, 64.654696, 655.547456, 49.283656, 0.522739, 3924, 2885.0
855, 71.959775, 661.644615, 36.279881, 0.053341, 3919, 2877.0
856, 66.378556, 660.228588, 44.855582, 0.104774, 3927, 2892.0
857, 67.732002, 658.165396, 48.913899, 0.129742, 3937, 2908.0
858, 68.480571, 662.054333, 42.540367, 0.111152, 3942, 2905.0
859, 74.011113, 660.672582, 35.734616, 0.065341, 3926, 4134.0
860, 69.498968, 661.350475, 40.877306, 0.062454, 3927, 4850.0
861, 71.155738, 662.231701, 37.261648, 0.060223, 3928, 4152.0
862, 70.187857, 662.277139, 40.305887, 0.079995, 3931, 3273.0
863, 67.591689, 662.471043, 41.758214, 0.058040, 3935, 2883.0
864, 68.110500, 663.529265, 40.885091, 0.105690, 3936, 2886.0
865, 67.500343, 662.002855, 42.463251, 0.183009, 3937, 2908.0
866, 71.616387, 659.983844, 43.918321, 0.047401, 3918, 2893.0
867, 72.117676, 660.383541, 36.668280, 0.034136, 3917, 2891.0
868, 71.419449, 661.590987, 42.135413, 0.074090, 3939, 2906.0
869, 73.424773, 661.740693, 34.935219, 0.046575, 3926, 2885.0
870, 71.077682, 661.846270, 38.485339, 0.070849, 3923, 2892.0
871, 68.874068, 661.497222, 42.487625, 0.046367, 3936, 2911.0
872, 70.429913, 662.021539, 40.486256, 0.043925, 3936, 4655.0
873, 71.417208, 661.065311, 39.859044, 0.083408, 3924, 3762.0
874, 70.228032, 661.792627, 37.534585, 0.046594, 3927, 3157.0
875, 68.536068, 659.465132, 45.777332, 0.133937, 3928, 2908.0
876, 72.376478, 659.252405, 41.789964, 0.047863, 3902, 2871.0
877, 70.950497, 661.956052, 36.619833, 0.050231, 3931, 2883.0
878, 68.087762, 663.057400, 41.922829, 0.188412, 3930, 2894.0
879, 67.303851, 664.679098, 37.710637, 0.117047, 3929, 2912.0
880, 68.537858, 662.510904, 39.338170, 0.044497, 3935, 2895.0
881, 68.656010, 662.678192, 40.490645, 0.099918, 3938, 2903.0
882, 68.288606, 662.932319, 40.078587, 0.080557, 3930, 2894.0
883, 72.327921, 659.845451, 41.849018, 0.074253, 3909, 2884.0
884, 69.182731, 661.280929, 41.126831, 0.141658, 3916, 2880.0
885, 71.640594, 660.445211, 40.904817, 0.033906, 3920, 2884.0
886, 68.650960, 661.948194, 42.442281, 0.077338, 3933, 2907.0
887, 68.169208, 660.460235, 46.137645, 0.154294, 3929, 2907.0
888, 71.636799, 661.100264, 41.000636, 0.081653, 3927, 2892.0
889, 67.757016, 663.337221, 42.681107, 0.100232, 3935, 2891.0
890, 69.950998, 662.075551, 38.361734, 0.038691, 3930, 2892.0
891, 72.447312, 660.538217, 40.719091, 0.086054, 3924, 2890.0
892, 67.673961, 660.375710, 46.367258, 0.134885, 3932, 2905.0
893, 72.459041, 659.561087, 40.261805, 0.027937, 3920, 2884.0
894, 66.647892, 661.996326, 44.216029, 0.198466, 3925, 2888.0
895, 72.622897, 660.819674, 35.280394, 0.039250, 3929, 2888.0
896, 66.849358, 661.810801, 40.631365, 0.202373, 3940, 2897.0
897, 72.332217, 662.196843, 33.317370, 0.055386, 3934, 2899.0
898, 71.730978, 660.197759, 36.595019, 0.034311, 3922, 2890.0
899, 75.868800, 660.063708, 32.135992, 0.070828, 3924, 2885.0
900, 73.093387, 658.972881, 35.553277, 0.065627, 3900, 2866.0
901, 70.799330, 660.309996, 41.518964, 0.060719, 3916, 2881.0
902, 69.197915, 659.570236, 42.234436, 0.171474, 3925, 2894.0
903, 71.296918, 659.744551, 43.635757, 0.053404, 3925, 2898.0
904, 69.361917, 661.445208, 38.155961, 0.041792, 3937, 2896.0
905, 68.977665, 660.075043, 43.269938, 0.067037, 3929, 2896.0
906, 68.461022, 659.348122, 47.510679, 0.179835, 3935, 2907.0
907, 69.079561, 661.842684, 39.773044, 0.107161, 3924, 2893.0
908, 71.554535, 660.442734, 36.146514, 0.039949, 3910, 2876.0
909, 69.607858, 660.337546, 43.596148, 0.042357, 3945, 2912.0
910, 66.763732, 658.766231, 46.693514, 0.187514, 3929, 2888.0
911, 67.573597, 660.496839, 47.258475, 0.122980, 3939, 2905.0
912, 72.048979, 660.302813, 44.176892, 0.129146, 3902, 2873.0
913, 67.025120, 664.604908, 39.868591, 0.117481, 3938, 2961.0
914, 70.848964, 662.342316, 36.254692, 0.025182, 3932, 2876.0
915, 66.936374, 661.496640, 42.667697, 0.224845, 3927, 2881.0
916, 65.435866, 660.667411, 45.161276, 0.174385, 3933, 2888.0
917, 74.700631, 660.281705, 35.215575, 0.036404, 3917, 2870.0
918, 67.349601, 663.879427, 38.278119, 0.119118, 3935, 2872.0
919, 67.870055, 659.769225, 43.870354, 0.135906, 3936, 2913.0
920, 67.820367, 661.320758, 45.921216, 0.099520, 3941, 2949.0
921, 68.413102, 662.355606, 38.587351, 0.069505, 3932, 2991.0
922, 72.629201, 660.700630, 33.875366, 0.035098, 3928, 4473.0
923, 70.741293, 661.104060, 41.422432, 0.140339, 3917, 2931.0
924, 69.112818, 663.175572, 43.391051, 0.048514, 3935, 3791.0
925, 70.310301, 662.267130, 38.194544, 0.064643, 3929, 2933.0
926, 69.774057, 661.004898, 40.479485, 0.065663, 3938, 2975.0
927, 70.163825, 663.388091, 38.635522, 0.048766, 3932, 4867.0
928, 69.780690, 662.126234, 40.679298, 0.086777, 3920, 4800.0
929, 69.644850, 661.691477, 39.935059, 0.094884, 3921, 4816.0
930, 72.088066, 659.417896, 39.083050, 0.042189, 3920, 4641.0
931, 68.304630, 661.927029, 43.773828, 0.082091, 3930, 4892.0
932, 73.521400, 660.033385, 37.230122, 0.024366, 3926, 4425.0
933, 68.909004, 661.261678, 43.515880, 0.049054, 3932, 2970.0
934, 73.667380, 660.314193, 35.932971, 0.017412, 3921, 3023.0
935, 73.558055, 659.051054, 44.141558, 0.061072, 3900, 3095.0
936, 72.790267, 662.067792, 33.710591, 0.053997, 3934, 2936.0
937, 76.536146, 659.722263, 29.575335, 0.109431, 3906, 2891.0
938, 74.980449, 659.540406, 38.824853, 0.071253, 3891, 2992.0
939, 70.476982, 662.543266, 38.552614, 0.022601, 3925, 3143.0
940, 73.554809, 660.873708, 35.028526, 0.024248, 3917, 4195.0
941, 72.414273, 659.905761, 39.850476, 0.079978, 3918, 2917.0
942, 70.529463, 661.361664, 41.739300, 0.109991, 3934, 3163.0
943, 70.032509, 662.864955, 33.089554, 0.035294, 3932, 3785.0
944, 70.380162, 661.061606, 39.010730, 0.072016, 3932, 2915.0
945, 71.909522, 661.079820, 38.128237, 0.033669, 3928, 2904.0
946, 69.074678, 661.941455, 40.201170, 0.094810, 3936, 2974.0
947, 70.595487, 663.780944, 35.868101, 0.108192, 3937, 2929.0
948, 73.273202, 659.461632, 37.551581, 0.060529, 3908, 2892.0
949, 67.641324, 663.163621, 39.943666, 0.103733, 3931, 2881.0
950, 69.558752, 661.189170, 42.572656, 0.119873, 3916, 2883.0
951, 69.847769, 662.256023, 40.186902, 0.040361, 3934, 2997.0
952, 71.180676, 662.212188, 39.223920, 0.044487, 3915, 2899.0
953, 69.647501, 659.069358, 42.242940, 0.083722, 3941, 2903.0
954, 69.399467, 662.404313, 42.511970, 0.096964, 3931, 2916.0
955, 69.620145, 663.086219, 37.630739, 0.065874, 3933, 2899.0
956, 69.818747, 662.353577, 41.592805, 0.091027, 3929, 2893.0
957, 71.328804, 657.778032, 46.455415, 0.063950, 3903, 2883.0
958, 74.130556, 659.607150, 35.807485, 0.031133, 3915, 2882.0
959, 69.419330, 662.725074, 41.372593, 0.073442, 3935, 2900.0
960, 68.061858, 661.679668, 42.415514, 0.092035, 3939, 3056.0
961, 67.157407, 660.984473, 43.934504, 0.106048, 3932, 2903.0
962, 74.298148, 658.344371, 37.321117, 0.076743, 3911, 2942.0
963, 69.975978, 660.851442, 45.277912, 0.050336, 3943, 2929.0
964, 70.675296, 661.659662, 39.814445, 0.081615, 3918, 2897.0
965, 73.139765, 659.218204, 38.110452, 0.037645, 3927, 2967.0
966, 71.110159, 662.986591, 39.339016, 0.048105, 3930, 2909.0
967, 67.608787, 659.510583, 46.480177, 0.215980, 3930, 2927.0
968, 70.330533, 662.132485, 39.004168, 0.078319, 3938, 2994.0
969, 74.463993, 659.593916, 36.288008, 0.024385, 3918, 2886.0
970, 73.751845, 658.580921, 36.582468, 0.057821, 3915, 2940.0
971, 71.445613, 660.502243, 42.942756, 0.073713, 3923, 2950.0
972, 71.261649, 660.559551, 37.325494, 0.033262, 3916, 2888.0
973, 70.766421, 662.873933, 36.073016, 0.052142, 3929, 2946.0
974, 71.147802, 661.072022, 40.210934, 0.096563, 3918, 2965.0
975, 68.454128, 660.382441, 43.929775, 0.154679, 3917, 2952.0
976, 69.732584, 660.297626, 43.052560, 0.060246, 3939, 2953.0
977, 71.498525, 661.289010, 43.955394, 0.103918, 3921, 2952.0
978, 69.922712, 661.119285, 42.016844, 0.047431, 3935, 2909.0
979, 71.389601, 660.235506, 41.161244, 0.076011, 3925, 4583.0
980, 67.424308, 660.841896, 44.614105, 0.130893, 3936, 3489.0
981, 70.670066, 661.075406, 40.778101, 0.097388, 3931, 2966.0
982, 68.277056, 662.949498, 43.326473, 0.120545, 3937, 2918.0
983, 69.604070, 661.995908, 40.677692, 0.054131, 3932, 2914.0
984, 67.816947, 658.711974, 47.432646, 0.125934, 3936, 3607.0
985, 67.972644, 659.989211, 44.095940, 0.084487, 3932, 2913.0
986, 69.565915, 661.849460, 39.603590, 0.053034, 3937, 2907.0
987, 68.448987, 660.227830, 46.188258, 0.164255, 3935, 2982.0
988, 68.917417, 661.725629, 40.522211, 0.066856, 3932, 3137.0
989, 69.473442, 663.535628, 38.758977, 0.077827, 3927, 2892.0
990, 67.946808, 660.007436, 44.522042, 0.128211, 3926, 2905.0
991, 69.735132, 660.950121, 46.114986, 0.085385, 3927, 3009.0
992, 72.987208, 660.524005, 38.522408, 0.057760, 3920, 3101.0
993, 70.978527, 662.912201, 38.211184, 0.093535, 3928, 2940.0
994, 71.189790, 661.072640, 40.383363, 0.116644, 3917, 2896.0
995, 70.265764, 660.780342, 38.746213, 0.048514, 3920, 4044.0
996, 74.530427, 661.874229, 32.601771, 0.065414, 3920, 3764.0
997, 72.824972, 661.388521, 38.537684, 0.070872, 3909, 3094.0
998, 67.383526, 663.639384, 40.068636, 0.097536, 3938, 2965.0
999, 67.701289, 661.481181, 43.375286, 0.049291, 3933, 2962.0
