#idx, x0, x1, x2, y, f_neval, total_time (us), 
0, 69.989433, 665.327891, 37.427135, 0.112376, 1632, 1257.0
1, 70.595404, 660.409430, 47.263108, 0.105969, 1628, 1255.0
2, 73.982042, 661.681024, 35.253692, 0.044812, 1627, 1383.0
3, 69.173055, 661.616775, 40.107640, 0.082318, 1628, 1505.0
4, 72.289953, 663.350303, 36.078267, 0.112382, 1626, 1253.0
5, 76.069413, 660.215773, 29.725792, 0.036630, 1627, 1349.0
6, 69.236368, 662.876923, 45.046743, 0.087068, 1631, 1256.0
7, 73.456798, 661.678839, 46.179805, 0.086424, 1624, 1265.0
8, 68.624073, 662.391042, 42.414281, 0.138133, 1630, 1266.0
9, 71.144124, 660.245430, 38.124391, 0.074514, 1622, 1254.0
10, 74.070907, 659.637080, 37.148410, 0.087622, 1624, 1284.0
11, 78.272661, 659.559178, 32.489427, 0.086396, 1629, 1266.0
12, 73.794886, 660.680479, 37.194940, 0.065670, 1629, 1253.0
13, 78.207222, 659.759293, 33.095335, 0.058105, 1628, 1249.0
14, 76.334575, 660.169657, 37.376705, 0.057766, 1623, 1477.0
15, 71.947753, 660.634829, 38.773690, 0.047728, 1626, 1287.0
16, 75.518346, 659.823953, 30.349715, 0.048710, 1632, 1279.0
17, 75.932607, 660.209825, 29.525369, 0.041170, 1620, 1239.0
18, 74.884714, 659.692301, 36.608541, 0.037136, 1626, 1265.0
19, 76.171216, 660.400422, 35.463121, 0.091631, 1616, 1253.0
20, 76.593107, 659.174853, 34.893881, 0.077007, 1621, 1246.0
21, 75.017285, 660.506614, 28.932861, 0.069251, 1630, 1285.0
22, 68.681313, 662.160084, 34.154709, 0.139081, 1628, 1268.0
23, 73.518469, 659.568062, 42.115156, 0.079972, 1625, 1259.0
24, 73.263858, 659.351643, 41.049239, 0.102147, 1629, 1252.0
25, 75.294549, 657.776223, 35.726204, 0.067729, 1622, 1419.0
26, 69.017191, 661.743235, 43.391571, 0.195198, 1629, 1291.0
27, 66.299431, 662.386542, 44.027619, 0.158098, 1624, 1269.0
28, 73.417924, 659.737737, 36.753737, 0.076119, 1628, 1252.0
29, 73.304247, 660.167936, 41.983310, 0.076524, 1628, 1414.0
30, 72.430538, 659.721970, 41.825988, 0.067303, 1631, 1268.0
31, 69.190006, 663.141813, 41.523948, 0.138928, 1628, 1316.0
32, 79.515922, 657.740445, 33.421198, 0.060683, 1627, 1248.0
33, 76.756660, 657.678202, 34.500406, 0.048032, 1625, 1264.0
34, 73.304247, 660.167936, 41.983310, 0.073653, 1630, 1269.0
35, 72.289953, 663.350303, 36.078267, 0.043126, 1625, 1252.0
36, 68.111884, 657.762727, 45.663038, 0.178746, 1620, 1350.0
37, 72.324694, 659.328295, 41.724875, 0.038371, 1620, 1291.0
38, 72.976573, 656.509289, 45.824794, 0.076998, 1632, 1273.0
39, 72.518671, 660.373605, 36.753737, 0.066962, 1625, 1261.0
40, 71.942447, 661.627083, 33.365507, 0.107970, 1628, 1255.0
41, 71.524581, 663.331050, 39.244543, 0.077998, 1629, 1253.0
42, 68.663579, 663.047739, 33.704837, 0.109561, 1634, 1315.0
43, 73.304247, 660.167936, 41.983310, 0.073403, 1627, 1254.0
44, 71.048104, 661.155789, 42.060215, 0.078991, 1628, 1252.0
45, 73.757885, 660.540420, 33.173539, 0.052212, 1631, 1261.0
46, 72.103694, 660.261830, 44.999345, 0.156510, 1626, 1251.0
47, 76.775889, 658.834328, 31.004170, 0.077318, 1631, 1365.0
48, 72.430538, 659.721970, 41.825988, 0.056740, 1630, 1365.0
49, 75.617284, 658.825967, 30.000000, 0.025391, 1624, 1257.0
50, 69.698409, 662.993217, 37.946800, 0.176224, 1627, 1263.0
51, 69.148720, 659.901562, 48.087031, 0.154207, 1634, 1258.0
52, 68.055347, 662.427434, 36.156114, 0.068847, 1628, 1248.0
53, 73.484812, 660.705376, 36.529267, 0.049736, 1630, 1460.0
54, 74.360831, 660.578700, 31.712197, 0.044444, 1623, 1244.0
55, 69.437246, 661.663399, 43.104869, 0.083600, 1640, 1262.0
56, 72.012347, 663.778973, 43.180271, 0.089666, 1629, 1264.0
57, 68.706506, 656.924973, 46.865049, 0.237684, 1630, 1258.0
58, 71.284735, 660.038295, 42.318757, 0.125231, 1635, 1518.0
59, 73.417924, 659.737737, 36.753737, 0.039603, 1632, 1254.0
60, 73.198706, 659.328435, 41.635218, 0.073695, 1630, 1262.0
61, 74.838649, 661.471400, 32.556368, 0.039808, 1620, 1258.0
62, 68.449405, 663.164746, 37.469949, 0.066806, 1635, 1257.0
63, 76.730087, 659.214349, 25.132953, 0.082155, 1633, 1252.0
64, 72.716226, 660.301985, 45.510811, 0.144995, 1618, 1445.0
65, 69.703190, 659.901610, 33.747997, 0.086879, 1626, 1249.0
66, 68.111884, 657.762727, 45.663038, 0.089351, 1633, 1259.0
67, 75.465562, 659.467714, 35.491690, 0.029479, 1627, 1360.0
68, 69.761623, 661.221086, 41.866201, 0.078586, 1633, 1283.0
69, 71.822184, 662.407686, 37.658113, 0.104782, 1618, 1297.0
70, 68.111884, 657.762727, 45.663038, 0.120883, 1633, 1260.0
71, 74.135780, 659.395788, 37.344786, 0.067633, 1624, 1260.0
72, 71.667048, 664.186119, 35.255707, 0.086514, 1627, 1264.0
73, 69.749220, 659.172122, 41.780565, 0.047351, 1629, 1255.0
74, 68.055347, 662.427434, 36.156114, 0.072424, 1624, 1249.0
75, 70.340095, 661.245933, 41.740147, 0.039111, 1633, 1405.0
76, 70.462604, 662.670339, 33.318848, 0.102283, 1625, 1320.0
77, 65.864407, 664.814974, 42.862913, 0.124429, 1628, 1258.0
78, 77.296772, 658.411409, 36.144399, 0.038516, 1619, 1273.0
79, 72.135557, 659.813877, 41.473041, 0.143879, 1624, 1252.0
80, 73.079106, 660.719925, 34.440000, 0.044711, 1628, 1379.0
81, 72.887430, 661.119967, 39.105025, 0.048470, 1635, 1277.0
82, 67.397106, 662.852947, 41.502116, 0.107339, 1622, 1265.0
83, 73.154529, 661.343031, 33.793062, 0.084336, 1632, 1250.0
84, 69.321766, 658.093306, 40.617175, 0.142494, 1627, 1252.0
85, 69.310319, 662.995752, 40.041004, 0.121801, 1626, 1256.0
86, 74.046006, 661.799339, 32.843689, 0.035665, 1621, 1312.0
87, 67.397106, 662.852947, 41.502116, 0.079574, 1620, 1258.0
88, 66.342778, 667.703244, 36.434994, 0.226066, 1622, 1248.0
89, 70.340095, 661.245933, 41.740147, 0.055305, 1624, 1381.0
90, 69.148720, 659.901562, 48.087031, 0.064412, 1627, 1257.0
91, 73.577840, 659.274144, 35.186982, 0.061290, 1631, 1305.0
92, 72.983050, 661.269406, 40.482005, 0.052768, 1623, 1256.0
93, 69.152385, 660.252853, 46.272750, 0.049995, 1620, 1250.0
94, 73.191049, 657.694928, 43.476181, 0.067716, 1632, 1256.0
95, 74.529870, 662.566379, 29.041679, 0.061497, 1626, 1262.0
96, 71.847262, 659.825208, 36.256582, 0.034834, 1627, 1313.0
97, 69.080609, 660.952854, 46.432278, 0.050397, 1632, 1312.0
98, 73.302029, 660.584172, 39.388777, 0.047595, 1626, 1267.0
99, 71.906292, 661.283486, 35.938893, 0.045678, 1627, 1251.0
100, 69.148720, 659.901562, 48.087031, 0.049882, 1632, 1268.0
101, 69.076526, 661.841097, 45.494373, 0.149031, 1631, 1257.0
102, 68.783481, 662.378828, 45.336745, 0.086100, 1628, 1290.0
103, 69.925036, 662.801754, 37.029641, 0.074610, 1625, 1328.0
104, 69.549826, 662.739120, 37.926605, 0.140801, 1627, 1252.0
105, 70.925926, 662.143258, 30.000000, 0.091934, 1631, 1253.0
106, 70.116824, 659.349311, 39.244543, 0.092091, 1632, 1267.0
107, 75.706978, 655.807317, 42.062951, 0.087284, 1621, 1296.0
108, 72.120450, 660.873756, 35.754128, 0.068654, 1634, 1258.0
109, 66.510946, 663.443608, 43.278243, 0.163530, 1626, 1337.0
110, 71.648479, 661.282900, 36.971439, 0.081590, 1628, 1253.0
111, 72.075078, 661.545181, 35.334196, 0.062806, 1623, 1288.0
112, 76.615120, 659.733126, 32.477207, 0.038679, 1628, 1264.0
113, 67.203942, 663.622126, 46.327416, 0.087501, 1627, 1323.0
114, 71.452670, 659.675293, 42.364132, 0.084924, 1630, 1293.0
115, 75.275489, 661.834067, 29.216340, 0.036845, 1627, 1248.0
116, 73.417924, 659.737737, 36.753737, 0.044236, 1631, 1268.0
117, 73.304247, 660.167936, 41.983310, 0.049209, 1625, 1251.0
118, 68.652678, 663.508914, 34.288156, 0.079007, 1629, 1344.0
119, 73.566057, 658.015972, 41.014325, 0.031826, 1626, 1311.0
120, 71.822184, 662.407686, 37.658113, 0.077975, 1623, 1314.0
121, 63.126371, 661.918436, 44.833307, 0.199449, 1631, 1258.0
122, 76.568796, 659.002962, 30.651928, 0.079910, 1622, 1245.0
123, 70.997135, 661.302331, 42.317589, 0.036512, 1631, 1265.0
124, 74.022873, 659.961773, 36.821225, 0.036620, 1630, 1273.0
125, 70.989241, 660.171291, 42.092213, 0.056591, 1631, 1317.0
126, 67.672353, 659.218566, 41.610842, 0.056248, 1632, 1269.0
127, 69.549826, 662.739120, 37.926605, 0.088545, 1631, 1261.0
128, 68.111884, 657.762727, 45.663038, 0.149769, 1626, 1256.0
129, 70.944611, 660.375848, 43.887352, 0.128397, 1634, 1332.0
130, 71.667048, 664.186119, 35.255707, 0.082563, 1630, 1246.0
131, 70.263024, 663.958785, 38.023545, 0.137721, 1627, 1324.0
132, 74.800867, 656.784574, 38.365322, 0.041030, 1625, 1250.0
133, 69.862633, 661.760294, 45.987806, 0.081443, 1629, 1277.0
134, 70.902566, 662.357466, 35.374781, 0.037762, 1633, 1332.0
135, 72.329473, 661.705387, 33.587164, 0.068058, 1625, 1247.0
136, 66.410218, 662.103949, 44.797501, 0.244210, 1624, 1323.0
137, 69.387160, 662.185900, 49.326106, 0.176134, 1625, 1387.0
138, 65.981282, 662.350396, 41.004861, 0.244041, 1626, 1262.0
139, 73.888604, 659.512067, 38.297667, 0.146072, 1625, 1250.0
140, 69.872727, 663.165300, 41.599685, 0.103399, 1625, 1455.0
141, 73.154529, 661.343031, 33.793062, 0.105386, 1626, 1252.0
142, 74.123881, 660.083830, 36.550882, 0.074375, 1625, 1280.0
143, 76.141854, 659.398038, 30.301535, 0.060844, 1628, 1262.0
144, 70.832372, 662.224280, 41.571787, 0.100685, 1626, 1251.0
145, 73.236507, 659.760789, 41.905531, 0.096780, 1621, 1288.0
146, 73.538297, 660.899871, 33.407556, 0.080185, 1633, 1258.0
147, 80.103012, 660.807954, 22.758736, 0.055255, 1632, 1319.0
148, 74.768284, 660.755551, 32.359718, 0.053858, 1624, 1249.0
149, 72.366679, 662.463467, 37.536509, 0.127671, 1627, 1260.0
150, 72.120450, 660.873756, 35.754128, 0.058212, 1635, 1276.0
151, 71.583480, 660.603097, 44.195588, 0.098620, 1625, 1314.0
152, 73.333419, 660.557304, 41.801185, 0.147378, 1625, 1251.0
153, 71.398352, 659.433799, 39.982227, 0.260043, 1629, 1327.0
154, 67.901548, 661.549300, 42.478308, 0.125075, 1629, 1268.0
155, 69.764854, 660.191131, 44.913846, 0.187292, 1624, 1274.0
156, 67.735879, 659.655679, 47.680837, 0.105853, 1625, 1287.0
157, 73.757885, 660.540420, 33.173539, 0.014457, 1631, 1269.0
158, 73.340673, 660.509982, 39.858264, 0.036785, 1627, 1258.0
159, 69.237761, 660.717202, 46.739106, 0.078430, 1636, 1259.0
160, 72.688885, 660.008438, 41.180264, 0.107966, 1634, 1300.0
161, 69.381129, 665.332964, 38.891013, 0.246382, 1628, 1257.0
162, 70.097855, 660.783773, 42.698378, 0.157417, 1628, 1355.0
163, 67.293880, 659.871510, 47.589505, 0.114883, 1623, 1253.0
164, 71.476193, 660.777853, 41.457712, 0.035252, 1626, 1272.0
165, 69.702018, 662.884476, 40.565566, 0.082676, 1622, 1260.0
166, 73.263858, 659.351643, 41.049239, 0.120545, 1639, 1262.0
167, 65.981282, 662.350396, 41.004861, 0.235318, 1616, 1424.0
168, 75.830876, 660.426875, 29.731417, 0.049804, 1628, 1267.0
169, 74.221396, 660.001211, 36.533433, 0.039691, 1626, 1321.0
170, 72.430538, 659.721970, 41.825988, 0.065325, 1629, 1277.0
171, 72.243864, 660.210204, 42.836159, 0.077939, 1628, 1279.0
172, 73.302029, 660.584172, 39.388777, 0.045394, 1627, 1288.0
173, 73.884947, 661.645834, 38.583951, 0.062119, 1625, 1280.0
174, 71.955095, 662.381003, 40.226634, 0.126597, 1629, 1267.0
175, 68.607389, 664.421081, 34.699040, 0.122033, 1622, 1311.0
176, 63.811326, 660.174821, 51.663729, 0.227757, 1628, 1255.0
177, 71.914088, 663.732210, 39.275655, 0.089584, 1624, 1249.0
178, 68.111884, 657.762727, 45.663038, 0.161733, 1624, 1311.0
179, 69.852671, 663.111522, 40.089000, 0.065727, 1622, 1263.0
180, 74.675236, 660.071222, 36.708919, 0.062334, 1631, 1266.0
181, 73.417924, 659.737737, 36.753737, 0.038382, 1622, 1271.0
182, 68.396753, 660.296744, 45.616912, 0.075505, 1634, 1343.0
183, 68.971507, 662.562337, 35.246293, 0.133327, 1628, 1288.0
184, 73.484812, 660.705376, 36.529267, 0.078209, 1636, 1261.0
185, 72.764459, 661.357263, 33.580097, 0.054400, 1631, 1263.0
186, 70.924783, 659.439348, 40.522990, 0.056053, 1628, 1278.0
187, 68.233295, 662.664205, 42.504650, 0.112849, 1626, 1271.0
188, 68.971507, 662.562337, 35.246293, 0.156188, 1628, 1270.0
189, 72.934491, 662.453480, 31.779424, 0.040954, 1637, 1321.0
190, 68.257023, 661.472477, 42.253046, 0.128568, 1624, 1253.0
191, 72.324694, 659.328295, 41.724875, 0.038554, 1625, 1330.0
192, 73.631774, 660.380110, 34.823287, 0.050426, 1626, 1276.0
193, 73.662308, 663.651651, 32.394679, 0.060071, 1631, 1315.0
194, 74.675218, 660.032341, 30.987297, 0.044499, 1624, 1286.0
195, 74.909477, 660.537200, 39.343075, 0.104550, 1627, 1279.0
196, 69.157745, 662.920231, 40.989269, 0.054414, 1628, 1264.0
197, 67.872470, 662.375398, 36.067009, 0.122928, 1630, 1309.0
198, 75.617284, 658.825967, 30.000000, 0.060768, 1626, 1253.0
199, 74.491912, 660.363093, 33.557752, 0.073879, 1631, 1385.0
200, 72.430538, 659.721970, 41.825988, 0.100490, 1623, 1258.0
201, 65.574499, 662.993689, 46.796296, 0.080890, 1623, 1251.0
202, 68.887427, 662.771797, 35.399628, 0.044318, 1624, 1309.0
203, 79.359392, 657.697600, 38.067467, 0.080415, 1617, 1257.0
204, 71.255058, 662.264706, 39.842348, 0.037003, 1628, 1290.0
205, 75.120755, 660.867565, 40.847498, 0.126417, 1626, 1301.0
206, 69.075730, 662.691374, 34.257046, 0.066891, 1628, 1253.0
207, 68.388447, 663.497842, 42.887788, 0.123457, 1629, 1267.0
208, 67.901548, 661.549300, 42.478308, 0.054700, 1633, 1323.0
209, 74.952693, 660.156000, 37.437863, 0.060542, 1626, 1251.0
210, 72.289953, 663.350303, 36.078267, 0.045683, 1630, 1314.0
211, 72.319651, 662.952182, 29.855892, 0.050840, 1633, 1265.0
212, 69.577966, 662.669369, 41.928099, 0.073052, 1626, 1243.0
213, 72.999880, 662.952549, 35.812019, 0.042941, 1636, 1345.0
214, 71.699237, 659.609505, 39.991656, 0.098884, 1629, 1258.0
215, 73.434774, 661.691219, 36.993096, 0.126222, 1626, 1264.0
216, 68.711108, 660.978936, 43.142427, 0.135957, 1630, 1256.0
217, 71.524581, 663.331050, 39.244543, 0.034736, 1627, 1272.0
218, 74.955342, 659.551172, 31.501310, 0.043350, 1628, 1250.0
219, 77.249629, 660.582872, 35.494779, 0.075895, 1624, 1308.0
220, 72.613418, 662.971685, 36.332238, 0.027800, 1633, 1257.0
221, 73.915572, 660.804971, 37.341177, 0.106895, 1622, 1299.0
222, 75.767711, 657.070595, 42.239977, 0.136792, 1620, 1259.0
223, 70.944611, 660.375848, 43.887352, 0.115687, 1632, 1256.0
224, 72.195363, 662.750381, 33.094588, 0.060498, 1624, 1291.0
225, 67.397106, 662.852947, 41.502116, 0.128146, 1622, 1248.0
226, 75.017285, 660.506614, 28.932861, 0.064330, 1626, 1347.0
227, 69.953581, 660.618066, 34.610153, 0.068944, 1625, 1266.0
228, 72.243864, 660.210204, 42.836159, 0.094730, 1625, 1250.0
229, 71.524581, 663.331050, 39.244543, 0.045947, 1627, 1249.0
230, 71.108626, 659.268023, 40.551462, 0.038249, 1630, 1256.0
231, 76.266275, 661.602721, 31.707910, 0.109819, 1628, 1260.0
232, 71.374917, 663.885249, 35.232373, 0.099450, 1633, 1293.0
233, 65.574499, 662.993689, 46.796296, 0.074872, 1628, 2054.0
234, 68.550321, 662.996575, 41.309951, 0.109984, 1619, 1945.0
235, 73.518469, 659.568062, 42.115156, 0.092680, 1629, 1919.0
236, 73.753991, 661.655225, 37.437741, 0.068639, 1624, 1260.0
237, 69.872727, 663.165300, 41.599685, 0.081266, 1626, 1252.0
238, 74.919129, 660.608640, 35.684981, 0.045617, 1631, 1261.0
239, 75.117394, 661.514820, 40.495832, 0.054672, 1624, 1249.0
240, 74.010024, 660.055912, 36.741077, 0.024671, 1625, 1442.0
241, 71.212999, 660.156810, 45.012623, 0.168920, 1624, 1331.0
242, 67.314518, 659.899638, 48.960741, 0.079672, 1634, 1296.0
243, 73.534188, 661.335652, 35.377063, 0.047516, 1631, 1251.0
244, 70.882741, 658.289970, 41.868508, 0.051872, 1634, 1257.0
245, 72.495933, 660.093723, 40.751152, 0.056824, 1618, 1295.0
246, 74.152842, 657.945633, 38.635658, 0.058527, 1616, 1400.0
247, 73.236507, 659.760789, 41.905531, 0.016597, 1629, 1252.0
248, 70.263024, 663.958785, 38.023545, 0.196614, 1629, 1280.0
249, 69.761623, 661.221086, 41.866201, 0.181254, 1626, 1315.0
250, 69.432045, 662.598415, 34.259374, 0.046515, 1628, 1254.0
251, 72.181965, 662.075236, 39.035518, 0.171629, 1621, 1258.0
252, 71.401222, 662.334685, 37.048369, 0.070415, 1622, 1249.0
253, 73.417924, 659.737737, 36.753737, 0.034144, 1623, 1262.0
254, 73.417924, 659.737737, 36.753737, 0.072181, 1624, 1246.0
255, 73.757885, 660.540420, 33.173539, 0.056564, 1632, 1254.0
256, 72.834029, 659.225197, 36.930798, 0.061675, 1625, 1304.0
257, 74.777992, 660.017598, 37.718045, 0.086750, 1627, 1351.0
258, 73.538297, 660.899871, 33.407556, 0.059870, 1634, 1275.0
259, 69.053122, 659.698708, 40.318119, 0.176305, 1625, 1251.0
260, 71.822184, 662.407686, 37.658113, 0.143021, 1625, 1279.0
261, 67.203942, 663.622126, 46.327416, 0.097842, 1634, 1258.0
262, 77.607636, 659.246834, 32.668601, 0.063014, 1634, 1260.0
263, 68.111884, 657.762727, 45.663038, 0.213072, 1629, 1258.0
264, 75.788473, 659.261760, 27.002761, 0.078267, 1627, 1251.0
265, 73.653871, 661.328807, 27.718136, 0.019616, 1629, 1249.0
266, 72.138265, 659.752897, 41.447095, 0.070303, 1629, 1255.0
267, 70.512418, 660.542071, 35.934514, 0.041818, 1626, 1364.0
268, 74.967489, 660.653549, 34.510134, 0.086533, 1626, 1287.0
269, 69.749220, 659.172122, 41.780565, 0.112233, 1627, 1260.0
270, 75.979761, 658.640491, 31.777930, 0.047315, 1625, 1247.0
271, 71.966120, 663.017179, 42.914017, 0.063125, 1620, 1248.0
272, 71.108626, 659.268023, 40.551462, 0.036101, 1631, 1252.0
273, 69.761623, 661.221086, 41.866201, 0.130117, 1630, 1307.0
274, 78.008738, 661.332243, 24.238284, 0.071020, 1625, 1282.0
275, 74.561142, 659.965757, 36.928794, 0.078826, 1628, 1252.0
276, 77.241851, 659.036923, 33.349571, 0.043596, 1619, 1243.0
277, 74.098862, 660.994648, 39.707248, 0.065936, 1631, 1255.0
278, 74.147512, 660.656583, 32.905825, 0.094306, 1622, 1301.0
279, 69.412189, 658.881009, 46.017951, 0.103491, 1628, 1291.0
280, 73.647430, 658.981443, 39.273493, 0.062726, 1625, 1283.0
281, 71.395592, 663.343065, 35.496408, 0.045190, 1621, 1247.0
282, 69.148720, 659.901562, 48.087031, 0.124826, 1629, 1255.0
283, 77.079619, 660.351210, 33.831357, 0.070564, 1626, 1249.0
284, 72.445528, 662.760599, 33.953591, 0.069565, 1632, 1321.0
285, 68.947336, 657.659424, 46.227886, 0.362685, 1635, 1261.0
286, 69.077275, 664.468103, 39.544803, 0.048977, 1632, 1256.0
287, 70.553688, 658.666147, 42.588903, 0.129854, 1632, 1273.0
288, 68.535121, 659.927564, 41.733509, 0.069613, 1639, 1264.0
289, 70.924482, 660.275870, 38.357122, 0.078189, 1629, 1259.0
290, 70.301896, 660.234108, 39.585533, 0.175297, 1627, 1306.0
291, 68.257023, 661.472477, 42.253046, 0.069543, 1629, 1289.0
292, 72.412497, 661.133144, 40.471469, 0.076244, 1637, 1261.0
293, 71.822184, 662.407686, 37.658113, 0.107881, 1633, 1253.0
294, 69.236368, 662.876923, 45.046743, 0.097447, 1628, 1253.0
295, 69.819030, 657.958804, 43.444042, 0.161463, 1634, 1259.0
296, 71.817810, 660.128323, 36.373586, 0.037310, 1629, 1284.0
297, 71.181406, 661.898453, 39.874086, 0.041480, 1625, 1249.0
298, 68.601488, 660.739942, 38.360012, 0.150707, 1626, 1258.0
299, 72.430538, 659.721970, 41.825988, 0.120591, 1625, 1248.0
300, 71.914751, 662.925437, 36.029064, 0.050966, 1626, 1252.0
301, 71.914751, 662.925437, 36.029064, 0.039551, 1627, 1286.0
302, 69.554239, 662.438939, 34.508277, 0.067477, 1626, 1281.0
303, 72.289953, 663.350303, 36.078267, 0.065668, 1626, 1253.0
304, 72.909588, 663.346556, 31.156237, 0.064711, 1624, 1246.0
305, 76.339762, 659.712892, 33.648037, 0.047690, 1623, 1352.0
306, 72.430538, 659.721970, 41.825988, 0.084020, 1631, 1439.0
307, 76.340156, 661.258521, 27.284915, 0.059016, 1634, 1270.0
308, 73.417924, 659.737737, 36.753737, 0.064160, 1632, 1258.0
309, 74.621069, 661.112314, 39.880748, 0.057823, 1625, 1256.0
310, 68.257023, 661.472477, 42.253046, 0.045892, 1632, 1290.0
311, 72.445422, 662.750346, 36.648999, 0.096459, 1628, 1256.0
312, 75.959698, 660.504265, 29.910729, 0.068764, 1626, 1514.0
313, 72.430538, 659.721970, 41.825988, 0.060324, 1624, 1424.0
314, 74.431943, 662.528479, 37.330203, 0.070499, 1622, 1342.0
315, 75.238396, 660.097704, 38.282419, 0.050877, 1628, 1339.0
316, 78.884249, 657.973543, 33.873485, 0.143131, 1619, 1599.0
317, 75.747740, 660.375376, 29.566326, 0.035083, 1625, 1365.0
318, 70.014722, 665.539081, 38.704536, 0.125114, 1623, 1250.0
319, 72.866635, 661.982643, 30.638082, 0.050223, 1627, 1250.0
320, 73.370618, 663.462863, 31.715822, 0.064464, 1632, 1256.0
321, 71.395592, 663.343065, 35.496408, 0.057216, 1628, 1254.0
322, 67.053041, 665.200113, 39.661469, 0.076413, 1627, 1459.0
323, 78.108066, 662.825393, 27.301326, 0.101232, 1622, 1470.0
324, 72.724580, 662.273687, 36.627121, 0.037455, 1633, 1355.0
325, 75.498552, 659.763761, 30.259027, 0.025381, 1626, 1249.0
326, 75.883420, 659.540459, 35.591299, 0.106919, 1624, 1327.0
327, 71.914088, 663.732210, 39.275655, 0.075367, 1628, 1283.0
328, 74.135780, 659.395788, 37.344786, 0.055539, 1634, 1258.0
329, 70.542209, 661.114199, 42.956308, 0.073302, 1622, 1262.0
330, 70.997135, 661.302331, 42.317589, 0.051724, 1631, 1253.0
331, 68.257023, 661.472477, 42.253046, 0.140100, 1624, 1319.0
332, 71.108626, 659.268023, 40.551462, 0.067938, 1631, 1286.0
333, 69.963190, 663.192175, 36.919465, 0.108271, 1631, 1436.0
334, 72.430538, 659.721970, 41.825988, 0.079582, 1627, 1262.0
335, 69.148720, 659.901562, 48.087031, 0.115205, 1621, 1256.0
336, 66.261178, 663.045643, 43.411628, 0.135439, 1622, 1249.0
337, 71.524581, 663.331050, 39.244543, 0.067411, 1629, 1297.0
338, 72.281911, 660.297333, 40.727131, 0.071743, 1637, 1327.0
339, 74.039857, 661.034962, 39.687956, 0.060838, 1629, 1326.0
340, 70.594860, 660.702645, 44.775078, 0.073119, 1627, 1265.0
341, 70.925926, 662.143258, 30.000000, 0.059770, 1636, 1261.0
342, 72.430538, 659.721970, 41.825988, 0.079173, 1625, 1319.0
343, 71.278699, 661.621312, 42.948412, 0.044197, 1625, 1293.0
344, 70.832372, 662.224280, 41.571787, 0.154961, 1621, 1367.0
345, 75.287969, 662.720628, 27.599423, 0.078127, 1632, 1256.0
346, 70.866728, 658.151399, 48.713551, 0.172181, 1626, 1264.0
347, 71.476193, 660.777853, 41.457712, 0.064564, 1630, 1258.0
348, 69.148720, 659.901562, 48.087031, 0.144817, 1633, 1305.0
349, 68.449405, 663.164746, 37.469949, 0.060887, 1632, 1290.0
350, 77.119165, 660.836280, 33.199185, 0.093911, 1628, 1247.0
351, 66.409374, 662.027932, 44.767394, 0.234808, 1629, 1555.0
352, 72.329473, 661.705387, 33.587164, 0.079348, 1635, 1257.0
353, 71.099144, 662.232296, 39.703207, 0.067928, 1623, 1248.0
354, 72.852645, 662.706296, 36.809557, 0.070444, 1624, 1293.0
355, 71.524581, 663.331050, 39.244543, 0.060681, 1626, 1313.0
356, 72.595307, 661.935076, 33.399372, 0.057363, 1626, 1250.0
357, 69.339000, 662.145739, 40.176161, 0.133287, 1629, 1264.0
358, 68.241097, 661.778804, 37.016255, 0.118496, 1630, 1249.0
359, 74.137431, 660.017808, 37.683451, 0.065864, 1626, 1467.0
360, 72.379643, 661.715865, 39.979387, 0.099559, 1637, 1360.0
361, 72.281911, 660.297333, 40.727131, 0.037018, 1624, 1276.0
362, 71.089231, 662.986103, 30.753798, 0.047589, 1621, 1257.0
363, 72.289953, 663.350303, 36.078267, 0.020365, 1626, 1249.0
364, 73.354308, 660.899362, 36.352039, 0.044333, 1626, 1250.0
365, 71.934918, 660.595570, 38.764411, 0.026314, 1631, 1356.0
366, 71.635105, 660.954903, 41.223876, 0.073370, 1625, 1322.0
367, 72.694426, 663.026966, 28.163116, 0.026225, 1634, 1251.0
368, 75.076029, 659.647184, 38.564925, 0.041132, 1624, 1276.0
369, 71.947753, 660.634829, 38.773690, 0.060406, 1628, 1317.0
370, 73.836712, 659.444228, 41.157784, 0.070540, 1627, 1275.0
371, 74.255872, 661.669459, 36.927979, 0.081737, 1623, 1248.0
372, 72.620285, 662.334063, 29.824209, 0.061477, 1630, 1313.0
373, 71.476193, 660.777853, 41.457712, 0.067830, 1624, 1304.0
374, 71.955095, 662.381003, 40.226634, 0.208410, 1623, 1251.0
375, 71.476193, 660.777853, 41.457712, 0.058708, 1623, 1493.0
376, 72.430538, 659.721970, 41.825988, 0.049150, 1627, 1302.0
377, 72.181965, 662.075236, 39.035518, 0.107620, 1631, 1322.0
378, 70.997135, 661.302331, 42.317589, 0.078414, 1622, 1293.0
379, 70.607485, 662.722763, 36.005026, 0.064792, 1630, 1306.0
380, 74.343828, 660.854942, 41.184067, 0.063320, 1625, 1248.0
381, 73.662308, 663.651651, 32.394679, 0.107879, 1627, 1316.0
382, 73.508426, 660.370828, 40.021051, 0.022880, 1626, 1263.0
383, 75.835332, 659.986706, 29.526881, 0.040371, 1624, 1251.0
384, 72.652979, 660.297297, 42.062134, 0.141522, 1626, 1246.0
385, 71.237759, 661.745109, 43.333541, 0.090256, 1627, 1253.0
386, 75.569578, 660.196952, 40.485506, 0.071779, 1618, 1300.0
387, 68.702022, 662.825467, 34.491237, 0.169277, 1629, 1462.0
388, 71.668663, 660.391488, 38.995816, 0.076490, 1627, 1325.0
389, 68.763060, 657.690748, 46.107961, 0.121655, 1628, 1255.0
390, 75.775858, 659.706693, 35.554449, 0.089406, 1625, 1330.0
391, 74.683151, 661.905983, 37.002246, 0.139322, 1622, 1246.0
392, 72.430538, 659.721970, 41.825988, 0.066247, 1629, 1297.0
393, 73.540227, 661.995372, 37.029425, 0.059763, 1625, 1263.0
394, 69.148720, 659.901562, 48.087031, 0.100609, 1628, 1314.0
395, 78.118528, 658.816217, 33.699216, 0.083949, 1625, 1261.0
396, 73.190829, 660.510755, 37.534259, 0.046374, 1630, 1265.0
397, 71.375546, 662.747695, 34.251299, 0.037786, 1636, 1333.0
398, 73.439197, 660.364671, 39.993985, 0.044956, 1628, 1252.0
399, 75.770986, 659.748274, 35.537145, 0.080441, 1630, 1308.0
400, 71.355326, 659.828941, 44.228539, 0.114244, 1627, 1253.0
401, 70.870623, 660.579213, 37.132747, 0.069596, 1629, 1424.0
402, 70.340095, 661.245933, 41.740147, 0.109251, 1629, 1255.0
403, 71.568384, 661.911521, 39.175695, 0.037343, 1632, 1266.0
404, 70.594860, 660.702645, 44.775078, 0.060314, 1630, 1267.0
405, 76.031498, 661.019497, 33.377846, 0.040544, 1620, 1387.0
406, 72.506640, 662.209591, 30.734365, 0.048534, 1630, 1408.0
407, 73.900013, 660.982007, 36.741139, 0.062634, 1630, 1271.0
408, 74.826134, 659.567586, 31.775794, 0.058531, 1632, 1361.0
409, 74.893272, 663.318953, 29.855696, 0.133727, 1626, 1261.0
410, 73.439991, 662.882437, 32.398029, 0.101736, 1630, 1321.0
411, 82.345527, 657.345086, 28.180039, 0.066205, 1636, 1261.0
412, 72.934491, 662.453480, 31.779424, 0.038652, 1632, 1315.0
413, 73.469425, 661.441310, 37.780518, 0.039124, 1631, 1288.0
414, 74.596038, 659.942981, 37.488795, 0.050440, 1626, 1420.0
415, 76.525666, 658.713330, 41.730164, 0.047942, 1632, 1380.0
416, 74.645478, 660.458569, 28.763252, 0.052709, 1628, 1262.0
417, 69.360070, 657.531994, 44.559174, 0.235516, 1628, 1254.0
418, 73.888889, 662.143258, 30.000000, 0.062292, 1622, 1453.0
419, 72.693521, 662.856822, 31.820508, 0.082411, 1630, 1322.0
420, 72.281911, 660.297333, 40.727131, 0.133836, 1623, 1253.0
421, 75.099486, 659.668668, 38.552362, 0.059398, 1626, 1250.0
422, 73.332439, 660.260647, 41.697191, 0.054524, 1622, 1250.0
423, 69.103631, 663.284149, 41.309220, 0.087752, 1628, 1630.0
424, 72.595307, 661.935076, 33.399372, 0.068646, 1637, 1289.0
425, 74.263615, 660.006167, 36.830622, 0.064226, 1620, 1256.0
426, 73.534188, 661.335652, 35.377063, 0.062792, 1627, 1324.0
427, 72.430538, 659.721970, 41.825988, 0.061149, 1627, 1756.0
428, 75.389272, 661.179720, 28.306735, 0.089971, 1624, 1267.0
429, 70.419832, 660.119560, 39.729613, 0.149925, 1622, 1265.0
430, 73.397598, 661.956227, 36.417169, 0.070624, 1619, 1244.0
431, 68.257023, 661.472477, 42.253046, 0.061657, 1627, 1592.0
432, 72.497228, 662.285607, 35.791270, 0.058361, 1628, 1323.0
433, 73.407943, 660.238331, 35.787454, 0.048377, 1632, 1523.0
434, 73.541277, 659.047074, 37.112005, 0.047935, 1622, 1249.0
435, 68.397011, 659.035598, 42.581244, 0.093769, 1622, 1433.0
436, 70.624869, 662.653778, 33.521271, 0.129158, 1635, 1436.0
437, 69.511527, 658.979057, 46.378710, 0.124533, 1630, 1266.0
438, 70.212811, 662.809222, 32.636258, 0.092604, 1628, 1252.0
439, 73.236250, 659.745130, 35.440412, 0.052054, 1633, 1433.0
440, 69.852671, 663.111522, 40.089000, 0.047110, 1628, 1289.0
441, 76.529565, 658.828873, 35.604922, 0.057886, 1623, 1314.0
442, 67.397106, 662.852947, 41.502116, 0.063546, 1629, 1255.0
443, 74.826134, 659.567586, 31.775794, 0.015638, 1623, 1268.0
444, 69.148720, 659.901562, 48.087031, 0.092922, 1631, 1284.0
445, 71.934918, 660.595570, 38.764411, 0.029819, 1623, 1250.0
446, 75.009611, 659.150068, 41.453166, 0.146717, 1621, 1257.0
447, 74.152744, 661.301780, 38.500992, 0.136487, 1623, 1313.0
448, 70.997135, 661.302331, 42.317589, 0.047135, 1632, 1294.0
449, 70.116580, 663.199729, 43.313051, 0.064586, 1631, 1291.0
450, 70.832372, 662.224280, 41.571787, 0.053107, 1635, 1272.0
451, 71.955095, 662.381003, 40.226634, 0.118115, 1622, 1250.0
452, 71.394914, 663.699509, 35.352835, 0.064587, 1622, 1266.0
453, 74.706993, 660.834494, 38.654389, 0.029640, 1629, 1309.0
454, 70.925926, 662.143258, 30.000000, 0.073543, 1629, 1249.0
455, 72.430538, 659.721970, 41.825988, 0.114683, 1626, 1259.0
456, 77.223253, 660.221633, 31.728141, 0.130204, 1620, 1240.0
457, 72.538321, 661.439758, 33.584618, 0.061696, 1625, 1294.0
458, 75.428562, 659.686920, 35.532965, 0.034130, 1624, 1261.0
459, 72.430538, 659.721970, 41.825988, 0.150242, 1626, 1301.0
460, 70.469140, 661.976679, 41.657824, 0.124529, 1622, 1445.0
461, 71.476193, 660.777853, 41.457712, 0.106285, 1628, 1304.0
462, 70.340095, 661.245933, 41.740147, 0.046741, 1632, 1254.0
463, 72.219182, 662.417530, 37.817873, 0.095459, 1620, 1264.0
464, 73.304247, 660.167936, 41.983310, 0.095647, 1630, 1300.0
465, 73.597677, 660.806230, 41.959263, 0.070574, 1627, 1251.0
466, 66.276339, 662.539773, 43.559010, 0.143015, 1626, 1278.0
467, 74.552709, 659.463000, 35.471926, 0.092541, 1621, 1245.0
468, 72.947184, 660.320387, 40.442340, 0.043067, 1626, 1372.0
469, 69.938082, 661.422033, 34.470162, 0.101937, 1635, 1260.0
470, 71.822184, 662.407686, 37.658113, 0.139490, 1617, 1284.0
471, 73.509374, 659.207488, 39.508993, 0.106842, 1625, 1320.0
472, 68.738320, 662.602171, 41.127058, 0.107970, 1627, 1253.0
473, 73.596501, 660.770792, 33.421200, 0.069613, 1624, 1250.0
474, 67.938032, 659.356385, 43.836773, 0.191951, 1627, 1255.0
475, 69.852671, 663.111522, 40.089000, 0.106023, 1627, 1458.0
476, 68.711108, 660.978936, 43.142427, 0.139743, 1633, 1290.0
477, 73.534188, 661.335652, 35.377063, 0.035580, 1621, 1291.0
478, 72.887430, 661.119967, 39.105025, 0.025134, 1633, 1297.0
479, 72.749527, 662.777439, 42.145479, 0.084012, 1629, 1486.0
480, 74.479847, 659.961736, 40.218090, 0.066428, 1633, 1390.0
481, 72.430538, 659.721970, 41.825988, 0.033848, 1622, 1518.0
482, 71.608581, 662.630499, 41.271437, 0.081623, 1622, 1250.0
483, 69.549826, 662.739120, 37.926605, 0.147822, 1628, 1414.0
484, 72.714045, 663.026353, 31.448060, 0.067994, 1631, 1399.0
485, 71.942447, 661.627083, 33.365507, 0.073827, 1627, 1277.0
486, 75.198647, 661.599432, 29.600767, 0.065612, 1625, 1307.0
487, 70.925926, 662.143258, 30.000000, 0.055812, 1622, 1511.0
488, 71.652441, 660.524013, 36.074138, 0.057811, 1634, 1389.0
489, 71.401222, 662.334685, 37.048369, 0.058108, 1630, 1262.0
490, 68.449405, 663.164746, 37.469949, 0.073509, 1629, 1270.0
491, 69.852671, 663.111522, 40.089000, 0.076820, 1630, 1522.0
492, 71.914088, 663.732210, 39.275655, 0.085786, 1633, 1266.0
493, 63.126371, 661.918436, 44.833307, 0.103519, 1626, 1253.0
494, 68.738320, 662.602171, 41.127058, 0.085126, 1628, 1488.0
495, 77.056163, 661.133741, 26.958667, 0.075462, 1627, 1361.0
496, 72.360050, 660.955330, 34.894671, 0.023778, 1629, 1477.0
497, 70.136741, 662.333716, 44.348372, 0.186237, 1629, 1254.0
498, 70.033649, 663.318263, 38.360644, 0.111172, 1628, 1255.0
499, 73.710510, 661.754136, 33.874834, 0.037621, 1624, 1247.0
500, 73.304247, 660.167936, 41.983310, 0.067231, 1631, 1514.0
501, 64.247267, 667.394609, 51.519227, 0.084735, 1627, 1489.0
502, 70.078186, 659.597719, 44.775259, 0.136315, 1621, 1263.0
503, 70.111239, 659.798719, 33.947165, 0.082343, 1627, 1253.0
504, 72.676794, 662.175294, 36.572097, 0.046860, 1628, 1740.0
505, 67.923515, 662.882612, 34.543851, 0.101225, 1631, 1505.0
506, 70.902566, 662.357466, 35.374781, 0.066284, 1633, 1909.0
507, 73.826367, 660.984628, 32.731283, 0.061609, 1634, 1266.0
508, 71.737109, 661.582917, 37.780738, 0.053418, 1633, 1256.0
509, 69.852671, 663.111522, 40.089000, 0.052177, 1624, 1263.0
510, 70.832372, 662.224280, 41.571787, 0.064892, 1623, 1296.0
511, 71.822184, 662.407686, 37.658113, 0.222824, 1630, 1518.0
512, 70.653424, 661.576350, 44.663909, 0.064143, 1625, 1699.0
513, 72.289953, 663.350303, 36.078267, 0.081717, 1624, 1260.0
514, 68.763060, 657.690748, 46.107961, 0.120461, 1626, 1267.0
515, 73.304247, 660.167936, 41.983310, 0.059185, 1624, 1352.0
516, 68.067068, 663.985694, 40.845403, 0.119381, 1624, 1336.0
517, 72.430538, 659.721970, 41.825988, 0.068832, 1629, 1267.0
518, 69.549826, 662.739120, 37.926605, 0.162885, 1624, 1253.0
519, 69.148720, 659.901562, 48.087031, 0.075955, 1631, 1274.0
520, 73.730024, 663.038491, 30.801733, 0.047458, 1633, 1444.0
521, 72.360050, 660.955330, 34.894671, 0.067374, 1632, 1334.0
522, 69.850508, 660.136109, 38.613880, 0.120363, 1626, 1274.0
523, 74.436332, 660.567129, 38.130135, 0.064677, 1629, 1255.0
524, 71.522740, 662.442957, 39.336510, 0.073867, 1625, 1314.0
525, 69.734190, 663.028344, 47.149933, 0.034996, 1631, 1269.0
526, 68.711602, 664.170893, 43.456614, 0.232975, 1627, 1309.0
527, 66.982234, 662.213678, 46.159144, 0.106296, 1631, 1250.0
528, 72.518671, 660.373605, 36.753737, 0.046805, 1629, 1301.0
529, 72.181965, 662.075236, 39.035518, 0.110818, 1629, 1253.0
530, 74.761162, 661.198991, 34.159408, 0.036285, 1622, 1248.0
531, 75.452783, 660.331870, 34.265181, 0.070116, 1630, 1687.0
532, 79.359392, 657.697600, 38.067467, 0.106553, 1625, 2137.0
533, 68.931298, 662.895052, 43.775820, 0.074851, 1629, 2097.0
534, 69.904514, 660.095071, 39.415264, 0.116068, 1630, 2111.0
535, 72.289953, 663.350303, 36.078267, 0.119003, 1631, 2122.0
536, 74.826134, 659.567586, 31.775794, 0.027358, 1630, 2110.0
537, 75.396159, 662.239912, 32.078833, 0.060033, 1626, 2158.0
538, 73.681853, 660.311488, 33.078447, 0.032035, 1624, 2124.0
539, 72.497228, 662.285607, 35.791270, 0.065152, 1630, 2107.0
540, 71.727829, 661.497666, 32.732375, 0.067652, 1629, 2129.0
541, 73.406149, 660.885297, 41.885761, 0.052576, 1624, 2114.0
542, 70.340095, 661.245933, 41.740147, 0.057302, 1630, 2108.0
543, 71.181406, 661.898453, 39.874086, 0.055524, 1618, 2120.0
544, 72.289953, 663.350303, 36.078267, 0.094551, 1629, 2158.0
545, 69.371686, 663.083127, 36.858531, 0.071379, 1621, 2127.0
546, 73.505577, 663.143906, 28.511507, 0.084046, 1628, 2128.0
547, 73.471977, 660.666117, 36.519988, 0.056478, 1630, 2131.0
548, 72.445422, 662.750346, 36.648999, 0.138728, 1621, 2173.0
549, 72.430538, 659.721970, 41.825988, 0.065016, 1631, 2135.0
550, 72.749221, 661.946226, 36.817910, 0.083502, 1623, 1396.0
551, 69.852671, 663.111522, 40.089000, 0.055810, 1637, 1259.0
552, 69.550143, 665.228768, 36.936537, 0.354053, 1626, 1300.0
553, 77.043202, 659.621227, 35.279567, 0.084914, 1624, 1248.0
554, 73.417924, 659.737737, 36.753737, 0.077233, 1631, 1263.0
555, 69.785879, 660.387918, 35.184121, 0.050085, 1626, 1254.0
556, 70.964106, 660.685283, 35.502778, 0.118272, 1630, 1279.0
557, 72.430538, 659.721970, 41.825988, 0.100198, 1633, 1259.0
558, 72.430538, 659.721970, 41.825988, 0.031885, 1638, 1260.0
559, 73.304247, 660.167936, 41.983310, 0.067456, 1620, 1249.0
560, 77.108730, 660.335031, 33.889636, 0.102909, 1629, 1255.0
561, 71.914088, 663.732210, 39.275655, 0.059685, 1617, 1257.0
562, 70.406488, 661.673963, 35.549194, 0.091413, 1626, 1251.0
563, 68.067068, 663.985694, 40.845403, 0.157126, 1629, 1333.0
564, 74.244794, 660.788869, 33.847778, 0.071679, 1625, 1248.0
565, 75.617284, 658.825967, 30.000000, 0.055913, 1632, 1294.0
566, 72.442499, 662.039122, 36.825212, 0.100219, 1634, 1258.0
567, 73.757885, 660.540420, 33.173539, 0.067485, 1635, 1271.0
568, 71.737109, 661.582917, 37.780738, 0.073909, 1627, 1644.0
569, 70.595404, 660.409430, 47.263108, 0.091647, 1625, 1356.0
570, 77.858852, 662.002430, 22.649670, 0.054991, 1624, 1261.0
571, 70.832372, 662.224280, 41.571787, 0.058757, 1631, 1272.0
572, 71.914088, 663.732210, 39.275655, 0.064200, 1631, 1253.0
573, 70.301896, 660.234108, 39.585533, 0.118835, 1621, 1633.0
574, 69.852671, 663.111522, 40.089000, 0.062341, 1632, 1255.0
575, 75.040712, 660.453789, 35.587613, 0.048121, 1625, 1248.0
576, 70.832372, 662.224280, 41.571787, 0.044506, 1633, 1292.0
577, 70.832372, 662.224280, 41.571787, 0.072543, 1628, 1277.0
578, 71.272850, 660.337686, 40.761765, 0.080231, 1634, 1424.0
579, 75.498552, 659.763761, 30.259027, 0.027776, 1633, 1258.0
580, 77.377701, 660.526900, 32.414546, 0.074019, 1622, 1326.0
581, 73.664017, 661.199568, 32.951252, 0.053717, 1629, 1266.0
582, 77.079619, 660.351210, 33.831357, 0.062728, 1626, 1281.0
583, 71.476193, 660.777853, 41.457712, 0.091305, 1624, 1252.0
584, 73.529826, 660.250972, 40.729655, 0.051885, 1623, 1261.0
585, 72.725346, 661.208440, 39.394066, 0.103116, 1628, 1255.0
586, 73.286373, 661.146171, 38.548616, 0.070110, 1627, 1373.0
587, 74.980783, 660.044859, 27.859424, 0.045511, 1630, 1308.0
588, 72.281911, 660.297333, 40.727131, 0.096352, 1635, 1259.0
589, 72.103694, 660.261830, 44.999345, 0.101124, 1631, 1392.0
590, 73.248530, 659.629483, 36.061581, 0.067990, 1629, 1253.0
591, 70.442731, 664.721232, 38.722928, 0.169701, 1618, 1317.0
592, 77.296772, 658.411409, 36.144399, 0.066091, 1629, 1264.0
593, 73.706558, 661.659847, 37.410722, 0.056547, 1626, 1266.0
594, 71.409917, 663.589608, 37.374209, 0.139161, 1635, 1294.0
595, 73.880388, 661.015173, 35.147251, 0.037061, 1632, 1293.0
596, 68.257731, 662.335734, 43.373874, 0.119222, 1631, 1255.0
597, 73.303559, 661.047396, 39.551161, 0.015581, 1633, 1255.0
598, 72.120450, 660.873756, 35.754128, 0.037042, 1628, 1252.0
599, 76.952371, 660.694128, 33.913941, 0.061625, 1631, 1254.0
600, 74.082336, 660.590347, 35.581490, 0.051792, 1621, 1302.0
601, 73.082454, 660.607564, 36.229487, 0.112773, 1626, 1251.0
602, 70.925926, 662.143258, 30.000000, 0.063491, 1622, 1285.0
603, 72.453872, 660.941875, 35.651652, 0.045038, 1631, 1257.0
604, 71.828467, 659.666174, 32.729132, 0.071683, 1630, 1280.0
605, 78.275994, 658.157291, 34.484374, 0.186376, 1613, 1273.0
606, 73.534188, 661.335652, 35.377063, 0.087517, 1637, 1273.0
607, 74.952693, 660.156000, 37.437863, 0.058537, 1633, 1257.0
608, 73.697307, 660.958189, 37.927435, 0.190722, 1620, 1308.0
609, 76.334693, 659.405614, 30.160077, 0.067168, 1623, 1263.0
610, 68.808455, 664.446168, 37.647127, 0.216140, 1628, 1257.0
611, 71.149604, 662.023113, 44.035405, 0.065561, 1630, 1351.0
612, 75.771395, 659.143422, 31.884472, 0.057182, 1623, 1258.0
613, 67.365466, 662.516434, 45.889101, 0.145607, 1624, 1331.0
614, 72.277365, 661.061563, 31.521116, 0.061216, 1630, 1254.0
615, 69.345538, 664.915581, 37.038585, 0.180828, 1624, 1254.0
616, 75.356916, 657.442210, 38.707022, 0.054458, 1626, 1284.0
617, 71.011869, 659.508466, 40.769909, 0.124701, 1630, 1272.0
618, 72.289953, 663.350303, 36.078267, 0.061491, 1631, 1264.0
619, 75.737622, 660.849325, 34.883116, 0.033119, 1628, 2003.0
620, 73.666420, 660.273102, 38.309686, 0.032888, 1622, 1648.0
621, 69.366074, 659.942197, 45.729996, 0.078100, 1633, 1339.0
622, 75.569578, 660.196952, 40.485506, 0.080994, 1627, 1250.0
623, 72.873151, 661.029911, 34.472294, 0.075731, 1629, 1255.0
624, 68.550873, 664.334737, 34.681519, 0.096341, 1628, 1266.0
625, 73.417924, 659.737737, 36.753737, 0.039892, 1630, 1302.0
626, 68.184449, 661.730574, 41.255691, 0.173647, 1627, 1290.0
627, 72.352972, 663.550805, 33.369013, 0.095270, 1632, 1969.0
628, 69.852671, 663.111522, 40.089000, 0.068482, 1630, 1251.0
629, 72.329473, 661.705387, 33.587164, 0.070754, 1635, 1270.0
630, 75.271890, 661.912557, 29.401977, 0.058869, 1628, 1253.0
631, 75.317614, 659.990608, 33.915241, 0.039597, 1625, 1287.0
632, 73.484812, 660.705376, 36.529267, 0.042711, 1633, 1293.0
633, 69.101527, 662.648199, 35.910041, 0.083325, 1631, 1254.0
634, 76.848083, 660.628656, 33.710686, 0.048116, 1624, 1412.0
635, 72.430538, 659.721970, 41.825988, 0.129992, 1626, 1272.0
636, 71.914088, 663.732210, 39.275655, 0.025237, 1621, 1862.0
637, 70.766211, 660.536153, 42.336889, 0.167580, 1622, 1263.0
638, 73.934758, 663.108228, 31.616423, 0.058779, 1626, 1258.0
639, 68.727890, 658.215860, 42.073608, 0.164927, 1627, 1257.0
640, 77.141916, 660.571588, 28.495724, 0.064422, 1626, 1263.0
641, 73.826367, 660.984628, 32.731283, 0.042560, 1629, 1254.0
642, 69.749220, 659.172122, 41.780565, 0.112922, 1637, 1289.0
643, 73.826367, 660.984628, 32.731283, 0.049748, 1637, 1287.0
644, 74.170378, 659.855820, 35.131194, 0.038104, 1626, 1249.0
645, 71.727571, 664.541378, 32.250473, 0.072919, 1633, 1939.0
646, 72.495933, 660.093723, 40.751152, 0.033643, 1626, 1250.0
647, 67.753978, 661.967320, 35.748729, 0.069784, 1632, 1254.0
648, 72.430538, 659.721970, 41.825988, 0.073106, 1631, 1256.0
649, 72.038084, 660.298521, 36.410640, 0.092550, 1622, 1350.0
650, 72.019620, 660.328104, 34.824448, 0.143711, 1622, 1246.0
651, 71.234240, 664.103640, 31.751368, 0.032606, 1625, 1256.0
652, 73.484473, 663.980113, 31.797886, 0.073624, 1625, 1503.0
653, 69.101527, 662.648199, 35.910041, 0.062827, 1622, 1572.0
654, 73.079106, 660.719925, 34.440000, 0.117200, 1637, 1748.0
655, 69.236760, 661.103213, 33.712763, 0.050625, 1626, 1322.0
656, 62.937117, 665.439975, 48.009346, 0.067848, 1627, 1269.0
657, 71.916741, 661.742688, 33.868875, 0.102411, 1629, 1447.0
658, 70.873443, 660.388940, 40.058200, 0.124154, 1622, 1253.0
659, 73.263858, 659.351643, 41.049239, 0.078210, 1628, 1429.0
660, 68.257023, 661.472477, 42.253046, 0.085640, 1626, 1250.0
661, 69.951694, 663.773691, 46.603620, 0.056415, 1633, 1265.0
662, 69.221557, 663.492383, 34.567746, 0.078462, 1626, 1879.0
663, 68.067068, 663.985694, 40.845403, 0.169627, 1631, 1275.0
664, 76.737850, 657.339431, 34.941815, 0.048004, 1625, 1249.0
665, 72.809433, 663.433281, 32.128146, 0.053744, 1625, 1256.0
666, 70.474802, 658.287211, 41.756552, 0.066677, 1630, 1253.0
667, 67.650906, 664.632937, 40.981815, 0.158440, 1634, 1386.0
668, 68.184449, 661.730574, 41.255691, 0.130539, 1627, 1253.0
669, 75.011963, 659.550396, 41.580206, 0.058636, 1624, 1280.0
670, 66.410218, 662.103949, 44.797501, 0.104938, 1627, 1475.0
671, 71.524581, 663.331050, 39.244543, 0.066162, 1623, 1844.0
672, 76.947388, 658.352976, 34.655222, 0.050984, 1627, 1292.0
673, 68.111884, 657.762727, 45.663038, 0.142579, 1624, 1255.0
674, 74.588134, 657.514989, 36.887497, 0.028611, 1623, 1262.0
675, 75.202231, 659.552421, 36.964188, 0.049743, 1631, 1253.0
676, 68.379583, 665.080623, 37.177355, 0.190150, 1625, 1261.0
677, 67.917710, 663.077603, 36.186090, 0.083556, 1636, 1269.0
678, 74.391255, 660.186603, 37.037316, 0.040211, 1623, 1285.0
679, 69.881564, 661.115526, 34.836518, 0.127654, 1623, 1442.0
680, 69.586960, 663.041003, 45.992712, 0.106249, 1627, 1712.0
681, 70.474802, 658.287211, 41.756552, 0.108784, 1626, 1250.0
682, 72.120450, 660.873756, 35.754128, 0.081502, 1631, 1265.0
683, 72.289953, 663.350303, 36.078267, 0.059441, 1628, 1875.0
684, 69.529062, 662.827286, 36.526054, 0.041587, 1625, 1292.0
685, 68.827653, 662.458915, 41.340038, 0.108406, 1627, 1251.0
686, 68.111884, 657.762727, 45.663038, 0.167265, 1620, 1268.0
687, 70.390945, 663.144169, 43.518186, 0.116099, 1626, 1375.0
688, 72.430538, 659.721970, 41.825988, 0.047348, 1633, 1774.0
689, 68.763060, 657.690748, 46.107961, 0.155967, 1634, 1265.0
690, 73.417924, 659.737737, 36.753737, 0.043629, 1623, 1304.0
691, 72.430538, 659.721970, 41.825988, 0.092755, 1626, 1253.0
692, 72.724580, 662.273687, 36.627121, 0.058660, 1624, 1295.0
693, 72.674185, 660.880633, 35.801568, 0.052637, 1625, 1249.0
694, 69.302427, 659.216048, 40.864515, 0.086057, 1631, 1256.0
695, 72.947184, 660.320387, 40.442340, 0.142371, 1624, 1252.0
696, 73.607629, 662.732110, 32.566902, 0.071079, 1629, 1350.0
697, 72.430538, 659.721970, 41.825988, 0.036339, 1629, 1817.0
698, 69.549826, 662.739120, 37.926605, 0.162938, 1634, 1295.0
699, 67.467369, 662.602266, 38.963060, 0.100576, 1628, 1252.0
700, 73.417924, 659.737737, 36.753737, 0.047215, 1637, 1261.0
701, 73.190829, 660.510755, 37.534259, 0.074173, 1619, 1381.0
702, 72.329473, 661.705387, 33.587164, 0.054214, 1631, 1255.0
703, 68.111884, 657.762727, 45.663038, 0.153956, 1626, 1263.0
704, 70.532152, 663.487750, 43.459182, 0.134805, 1633, 1256.0
705, 69.916832, 664.008484, 37.784309, 0.124393, 1627, 1863.0
706, 75.271890, 661.912557, 29.401977, 0.045934, 1623, 1351.0
707, 72.707866, 662.478074, 36.551118, 0.038383, 1626, 1322.0
708, 68.067068, 663.985694, 40.845403, 0.235733, 1632, 1258.0
709, 73.572015, 660.612721, 41.827647, 0.076737, 1628, 1259.0
710, 72.103694, 660.261830, 44.999345, 0.094840, 1630, 1263.0
711, 71.926587, 661.298790, 32.679211, 0.071097, 1626, 1251.0
712, 71.822184, 662.407686, 37.658113, 0.051550, 1626, 1328.0
713, 67.901548, 661.549300, 42.478308, 0.117136, 1625, 1402.0
714, 74.039857, 661.034962, 39.687956, 0.036560, 1625, 1720.0
715, 70.217153, 662.687584, 46.983808, 0.127502, 1623, 1545.0
716, 72.101685, 660.201830, 39.539590, 0.032399, 1634, 1258.0
717, 72.430538, 659.721970, 41.825988, 0.158655, 1623, 1249.0
718, 72.887430, 661.119967, 39.105025, 0.107633, 1634, 1320.0
719, 68.947336, 657.659424, 46.227886, 0.243358, 1630, 1258.0
720, 69.672450, 661.984814, 40.753064, 0.080562, 1626, 1260.0
721, 72.181379, 659.488942, 42.810706, 0.186030, 1624, 1251.0
722, 67.917710, 663.077603, 36.186090, 0.121600, 1627, 1258.0
723, 67.186040, 658.541665, 50.115040, 0.172318, 1627, 1712.0
724, 76.424027, 659.855444, 34.653020, 0.048204, 1625, 1504.0
725, 68.192453, 665.583475, 38.665161, 0.139343, 1630, 1257.0
726, 73.191049, 657.694928, 43.476181, 0.059927, 1632, 1276.0
727, 72.281911, 660.297333, 40.727131, 0.035726, 1643, 1266.0
728, 70.692447, 662.367978, 36.866677, 0.057711, 1626, 1311.0
729, 73.975212, 661.667532, 28.783867, 0.058273, 1629, 1253.0
730, 70.788698, 660.343438, 43.748211, 0.119369, 1622, 1247.0
731, 65.808906, 663.490037, 40.036162, 0.175473, 1627, 1255.0
732, 76.055532, 661.095670, 33.707172, 0.065529, 1627, 1963.0
733, 70.832372, 662.224280, 41.571787, 0.066603, 1626, 1287.0
734, 68.832611, 660.737590, 46.738081, 0.083559, 1628, 1393.0
735, 70.925926, 662.143258, 30.000000, 0.084063, 1626, 1251.0
736, 73.154529, 661.343031, 33.793062, 0.098062, 1623, 1251.0
737, 69.955575, 662.787361, 36.807308, 0.106790, 1630, 1306.0
738, 69.101527, 662.648199, 35.910041, 0.075229, 1633, 1256.0
739, 72.767639, 663.101755, 43.075984, 0.048995, 1628, 1499.0
740, 73.538297, 660.899871, 33.407556, 0.066142, 1623, 1243.0
741, 72.430538, 659.721970, 41.825988, 0.069320, 1623, 1292.0
742, 69.190006, 663.141813, 41.523948, 0.064312, 1633, 1269.0
743, 73.977721, 659.434842, 36.742349, 0.073186, 1628, 1260.0
744, 69.852671, 663.111522, 40.089000, 0.047496, 1628, 1422.0
745, 68.184449, 661.730574, 41.255691, 0.081382, 1634, 1288.0
746, 69.726217, 660.054978, 34.019385, 0.062381, 1632, 1255.0
747, 69.236368, 662.876923, 45.046743, 0.121775, 1634, 1267.0
748, 68.536907, 660.012292, 42.653148, 0.188305, 1625, 1315.0
749, 70.925926, 662.143258, 30.000000, 0.080761, 1628, 1349.0
750, 70.832372, 662.224280, 41.571787, 0.064998, 1626, 1269.0
751, 74.801682, 659.708562, 31.714921, 0.052991, 1632, 1258.0
752, 70.636142, 663.859357, 37.834546, 0.121131, 1632, 1333.0
753, 67.872470, 662.375398, 36.067009, 0.142547, 1629, 1254.0
754, 68.067068, 663.985694, 40.845403, 0.154828, 1625, 1255.0
755, 70.181548, 658.559300, 40.139563, 0.155013, 1629, 1319.0
756, 69.437246, 661.663399, 43.104869, 0.031336, 1626, 1276.0
757, 70.832372, 662.224280, 41.571787, 0.046282, 1629, 1266.0
758, 68.067068, 663.985694, 40.845403, 0.152448, 1624, 1263.0
759, 69.549826, 662.739120, 37.926605, 0.120630, 1623, 1267.0
760, 69.906036, 663.178402, 39.599189, 0.132139, 1626, 2286.0
761, 75.919301, 658.428127, 37.454876, 0.049786, 1617, 1534.0
762, 73.416643, 662.128098, 33.080085, 0.093389, 1622, 1247.0
763, 63.811326, 660.174821, 51.663729, 0.142325, 1620, 1252.0
764, 67.848457, 663.240230, 41.356867, 0.175522, 1628, 1267.0
765, 73.417924, 659.737737, 36.753737, 0.059743, 1629, 1412.0
766, 67.641327, 662.549390, 39.110588, 0.180035, 1627, 1257.0
767, 69.916268, 662.328181, 42.965946, 0.117068, 1632, 1269.0
768, 69.852671, 663.111522, 40.089000, 0.065333, 1627, 1264.0
769, 74.526068, 660.265135, 36.804206, 0.074573, 1625, 1491.0
770, 72.045084, 660.273627, 36.506835, 0.056489, 1627, 1285.0
771, 74.416475, 660.002450, 34.563497, 0.046322, 1625, 1269.0
772, 71.355326, 659.828941, 44.228539, 0.072747, 1629, 1261.0
773, 71.667048, 664.186119, 35.255707, 0.118085, 1625, 1259.0
774, 73.304247, 660.167936, 41.983310, 0.045841, 1628, 1259.0
775, 67.950557, 661.005471, 41.099035, 0.071706, 1621, 1360.0
776, 71.355326, 659.828941, 44.228539, 0.091079, 1631, 1246.0
777, 70.474802, 658.287211, 41.756552, 0.096263, 1632, 1272.0
778, 72.350902, 660.822669, 35.277689, 0.037489, 1622, 1312.0
779, 72.430538, 659.721970, 41.825988, 0.067930, 1628, 1264.0
780, 71.524581, 663.331050, 39.244543, 0.046110, 1633, 1266.0
781, 76.767423, 659.592191, 32.602202, 0.069616, 1628, 1284.0
782, 72.692091, 661.041663, 38.479692, 0.039954, 1624, 1312.0
783, 70.091228, 661.845232, 41.088643, 0.097924, 1623, 1259.0
784, 68.184449, 661.730574, 41.255691, 0.099761, 1626, 1251.0
785, 73.538297, 660.899871, 33.407556, 0.079003, 1630, 1262.0
786, 72.281911, 660.297333, 40.727131, 0.085796, 1628, 1397.0
787, 68.257023, 661.472477, 42.253046, 0.048928, 1625, 1743.0
788, 65.665647, 662.982530, 45.760340, 0.140825, 1627, 1262.0
789, 69.179636, 657.711262, 41.606754, 0.087257, 1627, 1252.0
790, 71.382038, 662.263903, 31.366073, 0.035308, 1636, 1265.0
791, 67.177664, 660.699353, 43.905299, 0.068720, 1624, 1353.0
792, 71.914088, 663.732210, 39.275655, 0.062865, 1630, 1253.0
793, 74.416475, 660.002450, 34.563497, 0.028348, 1623, 1342.0
794, 68.111884, 657.762727, 45.663038, 0.103396, 1632, 1266.0
795, 69.148720, 659.901562, 48.087031, 0.065572, 1631, 1266.0
796, 73.248530, 659.629483, 36.061581, 0.089902, 1638, 1269.0
797, 66.238308, 663.254404, 37.567734, 0.197009, 1629, 1264.0
798, 72.430538, 659.721970, 41.825988, 0.037800, 1626, 1304.0
799, 69.148720, 659.901562, 48.087031, 0.131016, 1630, 1279.0
800, 73.236507, 659.760789, 41.905531, 0.069054, 1623, 1259.0
801, 69.449626, 662.363581, 39.312762, 0.048022, 1629, 1255.0
802, 71.928033, 658.680876, 39.759124, 0.061517, 1631, 1448.0
803, 68.706506, 656.924973, 46.865049, 0.163247, 1628, 1255.0
804, 69.046929, 662.007089, 42.600538, 0.123114, 1626, 1402.0
805, 72.409219, 659.971329, 42.318948, 0.095320, 1626, 1253.0
806, 73.417924, 659.737737, 36.753737, 0.044544, 1625, 1257.0
807, 69.761623, 661.221086, 41.866201, 0.104161, 1630, 1296.0
808, 70.832372, 662.224280, 41.571787, 0.037849, 1627, 1797.0
809, 70.891187, 661.154799, 43.189087, 0.119328, 1629, 1763.0
810, 65.856341, 660.199790, 40.546704, 0.278934, 1624, 1284.0
811, 68.257023, 661.472477, 42.253046, 0.046419, 1625, 1867.0
812, 72.329473, 661.705387, 33.587164, 0.052352, 1633, 1546.0
813, 68.827653, 662.458915, 41.340038, 0.089241, 1633, 1270.0
814, 63.830794, 661.802956, 44.685935, 0.139177, 1626, 1395.0
815, 71.386322, 659.820410, 42.475253, 0.060355, 1633, 1273.0
816, 68.233295, 662.664205, 42.504650, 0.137804, 1630, 1267.0
817, 71.524581, 663.331050, 39.244543, 0.062878, 1630, 1292.0
818, 73.236250, 659.745130, 35.440412, 0.049211, 1632, 1452.0
819, 69.953581, 660.618066, 34.610153, 0.074388, 1631, 1305.0
820, 65.981282, 662.350396, 41.004861, 0.123914, 1627, 1261.0
821, 67.938032, 659.356385, 43.836773, 0.120170, 1631, 1731.0
822, 72.289953, 663.350303, 36.078267, 0.057716, 1627, 1302.0
823, 73.577840, 659.274144, 35.186982, 0.070333, 1633, 1349.0
824, 64.247267, 667.394609, 51.519227, 0.091862, 1624, 1301.0
825, 70.379302, 660.319836, 33.621061, 0.054771, 1623, 1792.0
826, 76.462022, 659.696910, 33.954728, 0.048232, 1616, 1910.0
827, 71.740055, 660.695290, 35.638662, 0.062721, 1627, 1319.0
828, 64.894926, 662.232820, 42.325917, 0.153183, 1630, 1792.0
829, 67.394451, 663.845406, 44.948518, 0.092294, 1631, 1267.0
830, 72.542964, 661.669444, 34.331540, 0.048308, 1625, 1260.0
831, 69.938082, 661.422033, 34.470162, 0.080289, 1627, 1245.0
832, 69.616777, 660.690637, 34.447416, 0.063954, 1627, 1348.0
833, 67.549305, 659.005777, 46.468621, 0.423772, 1624, 1256.0
834, 68.111884, 657.762727, 45.663038, 0.233559, 1625, 1261.0
835, 67.872470, 662.375398, 36.067009, 0.126561, 1630, 1266.0
836, 70.989241, 660.171291, 42.092213, 0.102463, 1620, 1251.0
837, 68.402191, 662.111764, 42.606518, 0.128192, 1627, 1290.0
838, 68.259130, 657.078909, 44.862029, 0.166212, 1632, 1288.0
839, 68.184449, 661.730574, 41.255691, 0.086636, 1626, 1262.0
840, 71.901913, 659.614700, 40.105575, 0.074683, 1627, 1253.0
841, 68.652678, 663.508914, 34.288156, 0.131209, 1630, 1273.0
842, 70.281786, 659.197464, 40.539845, 0.075309, 1628, 1254.0
843, 68.067068, 663.985694, 40.845403, 0.104601, 1631, 1262.0
844, 72.133603, 663.023449, 32.309144, 0.048151, 1637, 1259.0
845, 74.208220, 657.893155, 34.070506, 0.046555, 1630, 1254.0
846, 62.023366, 663.026322, 44.618116, 0.163925, 1629, 1271.0
847, 73.734482, 661.337095, 37.190653, 0.018777, 1624, 1247.0
848, 66.967349, 659.976038, 48.434330, 0.212178, 1619, 1298.0
849, 68.786887, 662.545556, 34.742518, 0.071677, 1624, 1263.0
850, 68.763060, 657.690748, 46.107961, 0.043592, 1629, 1258.0
851, 68.111884, 657.762727, 45.663038, 0.134905, 1627, 1271.0
852, 70.925926, 662.143258, 30.000000, 0.081076, 1627, 1360.0
853, 73.439991, 662.882437, 32.398029, 0.057148, 1629, 1254.0
854, 65.521681, 655.412063, 48.775935, 0.526181, 1627, 1254.0
855, 70.340095, 661.245933, 41.740147, 0.068995, 1624, 1282.0
856, 63.830794, 661.802956, 44.685935, 0.125969, 1622, 1264.0
857, 68.706506, 656.924973, 46.865049, 0.134253, 1624, 1284.0
858, 69.040568, 663.685318, 41.430102, 0.118432, 1630, 1269.0
859, 72.902616, 662.067749, 36.571897, 0.069525, 1629, 1318.0
860, 73.154529, 661.343031, 33.793062, 0.095218, 1628, 1253.0
861, 70.902566, 662.357466, 35.374781, 0.063262, 1628, 1267.0
862, 71.048104, 661.155789, 42.060215, 0.086756, 1626, 1252.0
863, 69.698409, 662.993217, 37.946800, 0.066206, 1625, 1251.0
864, 69.916832, 664.008484, 37.784309, 0.112114, 1627, 1249.0
865, 69.549826, 662.739120, 37.926605, 0.192967, 1631, 1259.0
866, 70.989241, 660.171291, 42.092213, 0.051180, 1620, 1273.0
867, 72.302932, 660.188087, 40.638733, 0.041929, 1624, 1250.0
868, 72.044304, 660.566717, 40.821673, 0.076301, 1626, 1482.0
869, 72.760321, 662.043636, 36.227641, 0.047369, 1623, 1260.0
870, 71.524581, 663.331050, 39.244543, 0.079052, 1624, 1294.0
871, 63.631201, 665.044765, 47.848301, 0.084979, 1632, 1257.0
872, 70.997135, 661.302331, 42.317589, 0.048687, 1628, 1356.0
873, 71.144124, 660.245430, 38.124391, 0.088549, 1630, 1253.0
874, 73.455389, 660.968590, 33.620510, 0.064201, 1631, 1273.0
875, 69.324223, 658.814988, 42.899736, 0.139955, 1625, 1291.0
876, 71.386322, 659.820410, 42.475253, 0.049780, 1628, 1275.0
877, 72.454279, 661.554803, 33.536050, 0.054316, 1632, 1256.0
878, 70.263024, 663.958785, 38.023545, 0.198312, 1631, 1259.0
879, 69.683781, 663.556186, 33.295753, 0.126001, 1626, 1422.0
880, 72.216828, 662.051302, 37.659888, 0.068560, 1624, 1258.0
881, 69.286428, 661.681540, 39.065868, 0.103413, 1622, 1275.0
882, 67.397106, 662.852947, 41.502116, 0.081658, 1633, 1257.0
883, 72.430538, 659.721970, 41.825988, 0.074332, 1632, 1578.0
884, 72.080387, 662.097057, 40.214072, 0.170354, 1635, 1259.0
885, 70.340095, 661.245933, 41.740147, 0.036269, 1630, 1264.0
886, 69.341914, 661.350101, 37.554706, 0.089525, 1631, 1283.0
887, 68.536907, 660.012292, 42.653148, 0.163151, 1632, 1259.0
888, 70.340095, 661.245933, 41.740147, 0.084417, 1628, 1254.0
889, 68.827653, 662.458915, 41.340038, 0.102377, 1626, 1253.0
890, 73.455389, 660.968590, 33.620510, 0.058512, 1629, 1404.0
891, 72.430538, 659.721970, 41.825988, 0.088844, 1630, 1415.0
892, 66.410218, 662.103949, 44.797501, 0.145912, 1622, 1263.0
893, 72.324694, 659.328295, 41.724875, 0.029459, 1626, 1252.0
894, 67.394451, 663.845406, 44.948518, 0.213612, 1623, 1480.0
895, 73.664017, 661.199568, 32.951252, 0.042464, 1629, 1252.0
896, 68.294353, 661.267832, 41.018007, 0.209526, 1618, 1247.0
897, 73.596501, 660.770792, 33.421200, 0.061612, 1633, 1328.0
898, 70.284472, 660.319909, 34.158646, 0.044836, 1631, 1271.0
899, 75.771395, 659.143422, 31.884472, 0.074727, 1631, 1252.0
900, 73.417924, 659.737737, 36.753737, 0.069408, 1626, 1258.0
901, 72.324694, 659.328295, 41.724875, 0.065105, 1633, 1325.0
902, 69.179636, 657.711262, 41.606754, 0.181002, 1619, 1284.0
903, 70.989241, 660.171291, 42.092213, 0.055661, 1624, 1284.0
904, 69.785879, 660.387918, 35.184121, 0.048038, 1638, 1259.0
905, 71.901913, 659.614700, 40.105575, 0.082875, 1633, 1285.0
906, 68.432799, 659.342964, 50.346665, 0.187072, 1630, 1258.0
907, 68.224739, 662.145311, 40.829120, 0.107994, 1630, 1308.0
908, 69.953581, 660.618066, 34.610153, 0.048067, 1627, 1251.0
909, 69.148720, 659.901562, 48.087031, 0.053297, 1626, 1251.0
910, 68.947336, 657.659424, 46.227886, 0.201043, 1625, 1345.0
911, 66.410218, 662.103949, 44.797501, 0.135347, 1625, 1259.0
912, 69.951464, 661.041388, 46.337705, 0.136297, 1625, 1299.0
913, 70.814367, 662.817287, 33.485517, 0.135271, 1628, 1251.0
914, 72.538321, 661.439758, 33.584618, 0.030106, 1625, 1255.0
915, 69.549826, 662.739120, 37.926605, 0.241745, 1624, 1251.0
916, 63.126371, 661.918436, 44.833307, 0.188776, 1623, 1283.0
917, 74.393465, 660.535465, 38.884658, 0.042114, 1627, 1262.0
918, 70.624869, 662.653778, 33.521271, 0.136642, 1631, 1450.0
919, 68.111884, 657.762727, 45.663038, 0.145110, 1623, 1270.0
920, 66.410218, 662.103949, 44.797501, 0.109103, 1633, 1261.0
921, 68.449405, 663.164746, 37.469949, 0.071771, 1630, 1265.0
922, 73.952957, 659.319703, 33.553814, 0.040342, 1630, 1253.0
923, 70.832372, 662.224280, 41.571787, 0.143951, 1624, 1582.0
924, 68.005054, 662.440407, 45.132311, 0.053628, 1630, 1259.0
925, 72.120450, 660.873756, 35.754128, 0.070816, 1633, 1279.0
926, 73.621428, 660.086668, 35.599856, 0.090009, 1627, 1251.0
927, 71.374917, 663.885249, 35.232373, 0.053676, 1633, 1259.0
928, 68.257023, 661.472477, 42.253046, 0.094952, 1626, 1250.0
929, 73.154529, 661.343031, 33.793062, 0.121078, 1624, 1304.0
930, 71.006504, 660.712037, 35.994552, 0.054751, 1630, 1611.0
931, 69.310319, 662.995752, 40.041004, 0.090777, 1625, 1254.0
932, 73.399678, 660.469668, 39.877556, 0.027978, 1625, 1693.0
933, 67.901548, 661.549300, 42.478308, 0.053519, 1636, 1638.0
934, 75.027386, 660.345794, 36.140895, 0.022953, 1629, 1254.0
935, 72.492915, 659.448344, 48.202035, 0.067752, 1629, 1275.0
936, 75.165727, 661.460849, 29.709502, 0.064698, 1631, 1255.0
937, 76.709226, 660.375996, 31.380466, 0.114866, 1632, 1314.0
938, 74.263615, 660.006167, 36.830622, 0.076090, 1625, 1282.0
939, 72.329473, 661.705387, 33.587164, 0.032736, 1622, 1245.0
940, 72.470407, 660.603292, 33.898444, 0.030375, 1628, 1366.0
941, 72.430538, 659.721970, 41.825988, 0.082639, 1626, 1448.0
942, 70.857926, 660.215149, 43.381472, 0.115212, 1633, 1264.0
943, 69.175971, 663.181901, 33.922468, 0.036238, 1630, 1253.0
944, 70.630126, 662.049894, 37.057595, 0.075212, 1625, 1261.0
945, 73.471977, 660.666117, 36.519988, 0.037215, 1626, 1251.0
946, 68.652678, 663.508914, 34.288156, 0.122156, 1625, 1310.0
947, 69.784711, 662.714892, 34.410202, 0.117927, 1627, 1292.0
948, 74.576029, 659.807515, 37.448210, 0.065841, 1626, 1253.0
949, 69.881564, 661.115526, 34.836518, 0.123000, 1629, 1696.0
950, 70.474802, 658.287211, 41.756552, 0.137948, 1630, 1512.0
951, 71.652441, 660.524013, 36.074138, 0.050436, 1628, 1252.0
952, 71.524581, 663.331050, 39.244543, 0.048753, 1625, 1249.0
953, 71.901913, 659.614700, 40.105575, 0.097483, 1628, 1263.0
954, 69.456053, 663.121057, 44.750137, 0.101280, 1629, 1678.0
955, 70.344297, 664.806555, 37.591949, 0.078110, 1626, 1287.0
956, 68.951229, 663.691054, 41.482867, 0.095766, 1629, 1250.0
957, 71.720825, 655.401357, 47.723635, 0.078713, 1631, 1366.0
958, 75.465562, 659.467714, 35.491690, 0.035268, 1625, 1613.0
959, 70.185347, 661.163150, 40.232914, 0.076906, 1633, 1304.0
960, 69.549826, 662.739120, 37.926605, 0.103467, 1621, 1269.0
961, 65.472646, 659.524421, 43.447599, 0.126826, 1620, 1266.0
962, 74.498465, 659.370376, 35.156693, 0.081701, 1628, 1264.0
963, 72.432223, 660.187272, 42.501296, 0.060777, 1624, 1302.0
964, 70.116580, 663.199729, 43.313051, 0.090624, 1633, 1296.0
965, 73.283268, 658.248127, 40.419611, 0.042722, 1627, 1436.0
966, 71.737109, 661.582917, 37.780738, 0.052522, 1625, 1252.0
967, 68.111884, 657.762727, 45.663038, 0.223257, 1628, 1670.0
968, 71.790893, 660.618372, 35.611737, 0.087164, 1631, 1253.0
969, 74.805742, 659.991617, 39.005159, 0.030024, 1618, 1562.0
970, 72.273910, 658.698489, 37.796998, 0.062150, 1630, 1282.0
971, 72.670182, 659.927396, 41.319887, 0.076461, 1624, 1279.0
972, 69.953581, 660.618066, 34.610153, 0.044143, 1624, 1249.0
973, 72.329473, 661.705387, 33.587164, 0.057675, 1633, 1269.0
974, 69.815165, 661.574494, 40.032417, 0.100820, 1630, 1254.0
975, 68.279972, 659.145921, 45.984558, 0.159573, 1626, 1766.0
976, 69.168326, 661.066538, 46.100644, 0.064417, 1633, 1257.0
977, 70.658810, 662.671084, 43.457168, 0.108605, 1621, 1249.0
978, 70.474802, 658.287211, 41.756552, 0.062526, 1628, 1261.0
979, 72.430538, 659.721970, 41.825988, 0.079460, 1616, 1247.0
980, 69.397091, 660.539742, 43.671815, 0.139921, 1622, 1270.0
981, 71.099144, 662.232296, 39.703207, 0.101586, 1634, 1263.0
982, 68.066830, 662.932037, 44.707931, 0.121250, 1623, 1264.0
983, 69.310319, 662.995752, 40.041004, 0.056439, 1629, 1252.0
984, 68.111884, 657.762727, 45.663038, 0.128938, 1622, 1458.0
985, 68.111884, 657.762727, 45.663038, 0.097396, 1624, 1336.0
986, 69.912159, 660.717566, 39.869883, 0.056393, 1627, 1387.0
987, 68.432799, 659.342964, 50.346665, 0.175588, 1627, 1263.0
988, 69.639281, 660.103990, 37.595515, 0.075432, 1625, 1272.0
989, 69.449626, 662.363581, 39.312762, 0.081543, 1630, 1266.0
990, 68.715384, 661.460130, 41.568514, 0.136072, 1615, 1279.0
991, 69.148720, 659.901562, 48.087031, 0.089818, 1631, 1354.0
992, 74.777992, 660.017598, 37.718045, 0.063439, 1626, 1281.0
993, 69.404041, 663.674013, 37.249637, 0.101667, 1627, 1452.0
994, 70.157353, 660.689604, 39.266646, 0.124608, 1636, 1377.0
995, 72.281911, 660.297333, 40.727131, 0.063297, 1630, 1422.0
996, 73.111274, 662.435291, 35.711753, 0.068655, 1634, 1253.0
997, 72.497228, 662.285607, 35.791270, 0.077798, 1632, 1415.0
998, 68.067068, 663.985694, 40.845403, 0.100475, 1629, 1256.0
999, 70.542209, 661.114199, 42.956308, 0.067076, 1626, 1266.0
