#idx, x0, x1, x2, y, f_neval, total_time (us), 
0, 69.989433, 665.327891, 37.427135, 0.112376, 1756, 1350.0
1, 70.595404, 660.409430, 47.263108, 0.105969, 1753, 1346.0
2, 75.888257, 660.728303, 34.804883, 0.044091, 1752, 1366.0
3, 69.173055, 661.616775, 40.107640, 0.082318, 1758, 1357.0
4, 70.600634, 662.188486, 38.734007, 0.110256, 1747, 1599.0
5, 76.069413, 660.215773, 29.725792, 0.036630, 1761, 1365.0
6, 69.236368, 662.876923, 45.046743, 0.087068, 1762, 1362.0
7, 73.456798, 661.678839, 46.179805, 0.086424, 1750, 1344.0
8, 68.624073, 662.391042, 42.414281, 0.138133, 1755, 1358.0
9, 71.190818, 660.745470, 41.339568, 0.073430, 1750, 1583.0
10, 74.070907, 659.637080, 37.148410, 0.087622, 1752, 2076.0
11, 78.608293, 660.884562, 31.231775, 0.082709, 1758, 2070.0
12, 73.794886, 660.680479, 37.194940, 0.065670, 1748, 2064.0
13, 75.888394, 660.151759, 30.853449, 0.056680, 1759, 1350.0
14, 74.373280, 660.171039, 37.093867, 0.053558, 1753, 1349.0
15, 72.494185, 661.499220, 36.557702, 0.046210, 1756, 1362.0
16, 73.866872, 661.278446, 32.521641, 0.047090, 1763, 1390.0
17, 75.932607, 660.209825, 29.525369, 0.041170, 1754, 1361.0
18, 74.884714, 659.692301, 36.608541, 0.037136, 1755, 1427.0
19, 76.171216, 660.400422, 35.463121, 0.091631, 1751, 1361.0
20, 76.593107, 659.174853, 34.893881, 0.077007, 1751, 1420.0
21, 75.017285, 660.506614, 28.932861, 0.069251, 1762, 1357.0
22, 72.483868, 660.939418, 36.469834, 0.115964, 1753, 1344.0
23, 73.518469, 659.568062, 42.115156, 0.079972, 1758, 1464.0
24, 70.948115, 663.124820, 41.939923, 0.089078, 1755, 1348.0
25, 74.663149, 659.349677, 36.951507, 0.060865, 1750, 1348.0
26, 69.017191, 661.743235, 43.391571, 0.195198, 1757, 1381.0
27, 67.870139, 660.613661, 47.178944, 0.150857, 1756, 1385.0
28, 73.417924, 659.737737, 36.753737, 0.076119, 1759, 1408.0
29, 73.304247, 660.167936, 41.983310, 0.076524, 1754, 2070.0
30, 72.804992, 661.060377, 37.457060, 0.064727, 1757, 2069.0
31, 69.190006, 663.141813, 41.523948, 0.138928, 1764, 2084.0
32, 79.240006, 659.048651, 32.350695, 0.059835, 1758, 1509.0
33, 76.756660, 657.678202, 34.500406, 0.048032, 1754, 1403.0
34, 73.304247, 660.167936, 41.983310, 0.073653, 1758, 1529.0
35, 72.289953, 663.350303, 36.078267, 0.043126, 1753, 1350.0
36, 68.111884, 657.762727, 45.663038, 0.178746, 1749, 1433.0
37, 72.324694, 659.328295, 41.724875, 0.038371, 1753, 1557.0
38, 70.252299, 660.934146, 46.477769, 0.068450, 1762, 1384.0
39, 72.518671, 660.373605, 36.753737, 0.066962, 1756, 1346.0
40, 71.942447, 661.627083, 33.365507, 0.107970, 1758, 1362.0
41, 70.563115, 663.110723, 35.965967, 0.074308, 1755, 1360.0
42, 68.663579, 663.047739, 33.704837, 0.109561, 1761, 1542.0
43, 73.304247, 660.167936, 41.983310, 0.073403, 1755, 1349.0
44, 69.577625, 662.147327, 40.632767, 0.077971, 1752, 1344.0
45, 72.919478, 661.646924, 36.140006, 0.046485, 1754, 1350.0
46, 71.393416, 660.235261, 39.446908, 0.154407, 1752, 1345.0
47, 77.827837, 658.427432, 33.002731, 0.076272, 1761, 1360.0
48, 72.430538, 659.721970, 41.825988, 0.056740, 1758, 1711.0
49, 78.492221, 658.192307, 31.332239, 0.024513, 1754, 2056.0
50, 67.266787, 660.281748, 42.510897, 0.171424, 1755, 1636.0
51, 70.862970, 659.651056, 42.401629, 0.139427, 1758, 1436.0
52, 68.055347, 662.427434, 36.156114, 0.068847, 1754, 1353.0
53, 71.774639, 660.663851, 38.887226, 0.049086, 1758, 1348.0
54, 75.674766, 659.404643, 30.513220, 0.042673, 1754, 1348.0
55, 69.437246, 661.663399, 43.104869, 0.083600, 1759, 1411.0
56, 72.012347, 663.778973, 43.180271, 0.089666, 1758, 1372.0
57, 68.813409, 658.393922, 44.913205, 0.230845, 1759, 1352.0
58, 71.284735, 660.038295, 42.318757, 0.125231, 1769, 1360.0
59, 73.417924, 659.737737, 36.753737, 0.039603, 1762, 1355.0
60, 73.984607, 661.157991, 35.972925, 0.065628, 1755, 1404.0
61, 74.901881, 659.963112, 31.284450, 0.036651, 1748, 1341.0
62, 68.449405, 663.164746, 37.469949, 0.066806, 1759, 1351.0
63, 77.107257, 660.154510, 27.712884, 0.075661, 1760, 1357.0
64, 72.716226, 660.301985, 45.510811, 0.144995, 1750, 1348.0
65, 71.846608, 660.119677, 40.553204, 0.082956, 1761, 1411.0
66, 69.110551, 658.572082, 46.543128, 0.084079, 1757, 1352.0
67, 74.172386, 660.146886, 32.977026, 0.026594, 1754, 1350.0
68, 69.761623, 661.221086, 41.866201, 0.078586, 1766, 1348.0
69, 70.011082, 660.289100, 38.873233, 0.091533, 1753, 1347.0
70, 68.111884, 657.762727, 45.663038, 0.120883, 1759, 1346.0
71, 72.745069, 660.308994, 40.682549, 0.064141, 1752, 2331.0
72, 71.667048, 664.186119, 35.255707, 0.086514, 1753, 2081.0
73, 69.749220, 659.172122, 41.780565, 0.047351, 1756, 2074.0
74, 68.055347, 662.427434, 36.156114, 0.072424, 1758, 1696.0
75, 70.340095, 661.245933, 41.740147, 0.039111, 1762, 1366.0
76, 70.462604, 662.670339, 33.318848, 0.102283, 1753, 1352.0
77, 64.367207, 662.807283, 46.562929, 0.118758, 1755, 1353.0
78, 77.296772, 658.411409, 36.144399, 0.038516, 1747, 1346.0
79, 72.135557, 659.813877, 41.473041, 0.143879, 1759, 1433.0
80, 70.911340, 660.906593, 40.379360, 0.034584, 1754, 1354.0
81, 72.887430, 661.119967, 39.105025, 0.048470, 1761, 1354.0
82, 67.397106, 662.852947, 41.502116, 0.107339, 1752, 1352.0
83, 73.154529, 661.343031, 33.793062, 0.084336, 1757, 1348.0
84, 68.003858, 660.405156, 42.834193, 0.129035, 1756, 1416.0
85, 66.925180, 661.324002, 43.710396, 0.115997, 1761, 1357.0
86, 73.501930, 660.692964, 34.984994, 0.034312, 1749, 1348.0
87, 67.397106, 662.852947, 41.502116, 0.079574, 1747, 1343.0
88, 65.284561, 663.240538, 38.185572, 0.222842, 1755, 1668.0
89, 72.098194, 660.992119, 40.339875, 0.053588, 1752, 1347.0
90, 69.148720, 659.901562, 48.087031, 0.064412, 1754, 1350.0
91, 73.577840, 659.274144, 35.186982, 0.061290, 1760, 1352.0
92, 72.222416, 662.592695, 38.362544, 0.050320, 1754, 1341.0
93, 71.903916, 659.570671, 42.482152, 0.048671, 1746, 1342.0
94, 73.191049, 657.694928, 43.476181, 0.067716, 1756, 1350.0
95, 75.595332, 659.722006, 30.323433, 0.057767, 1755, 1436.0
96, 71.796745, 660.943230, 37.597805, 0.033470, 1756, 1363.0
97, 69.080609, 660.952854, 46.432278, 0.050397, 1761, 1366.0
98, 72.821044, 660.774980, 35.909102, 0.045491, 1756, 1347.0
99, 71.906292, 661.283486, 35.938893, 0.045678, 1750, 1353.0
100, 69.148720, 659.901562, 48.087031, 0.049882, 1750, 1406.0
101, 70.511418, 661.648217, 43.352968, 0.148511, 1761, 1363.0
102, 68.187658, 660.692910, 45.354529, 0.082764, 1755, 1353.0
103, 69.197909, 662.634099, 44.208026, 0.058304, 1753, 1361.0
104, 66.486730, 660.458498, 44.328063, 0.134879, 1753, 1451.0
105, 67.187657, 663.951347, 36.733069, 0.089502, 1759, 1419.0
106, 70.116824, 659.349311, 39.244543, 0.092091, 1757, 1353.0
107, 75.038618, 657.718142, 40.204898, 0.082497, 1749, 1346.0
108, 72.120450, 660.873756, 35.754128, 0.068654, 1755, 1417.0
109, 66.510946, 663.443608, 43.278243, 0.163530, 1756, 1361.0
110, 71.648479, 661.282900, 36.971439, 0.081590, 1758, 1422.0
111, 72.075078, 661.545181, 35.334196, 0.062806, 1761, 1353.0
112, 76.615120, 659.733126, 32.477207, 0.038679, 1760, 1348.0
113, 67.673187, 661.537074, 42.882439, 0.085340, 1757, 1360.0
114, 71.452670, 659.675293, 42.364132, 0.084924, 1759, 1365.0
115, 72.399363, 662.344351, 29.661678, 0.036251, 1757, 1346.0
116, 73.417924, 659.737737, 36.753737, 0.044236, 1756, 1353.0
117, 73.304247, 660.167936, 41.983310, 0.049209, 1751, 1346.0
118, 71.614267, 663.773980, 36.191162, 0.071568, 1757, 1356.0
119, 73.566057, 658.015972, 41.014325, 0.031826, 1751, 1345.0
120, 70.011082, 660.289100, 38.873233, 0.071917, 1754, 1358.0
121, 64.503311, 664.525853, 43.367496, 0.196201, 1758, 1433.0
122, 76.568796, 659.002962, 30.651928, 0.079910, 1754, 1351.0
123, 69.519576, 662.314223, 40.925887, 0.034512, 1755, 1349.0
124, 73.545784, 658.397403, 36.764619, 0.036218, 1757, 1371.0
125, 70.989241, 660.171291, 42.092213, 0.056591, 1757, 1347.0
126, 67.672353, 659.218566, 41.610842, 0.056248, 1755, 1418.0
127, 69.549826, 662.739120, 37.926605, 0.088545, 1761, 1349.0
128, 68.111884, 657.762727, 45.663038, 0.149769, 1752, 1370.0
129, 71.075016, 662.248068, 40.400154, 0.126248, 1761, 1361.0
130, 69.581883, 664.565044, 36.432519, 0.081421, 1753, 1678.0
131, 67.165352, 664.662900, 38.803326, 0.129398, 1752, 1413.0
132, 73.976133, 657.372604, 40.536218, 0.038880, 1750, 1344.0
133, 71.928328, 659.893365, 42.363714, 0.080860, 1758, 1358.0
134, 70.902566, 662.357466, 35.374781, 0.037762, 1759, 1352.0
135, 72.329473, 661.705387, 33.587164, 0.068058, 1748, 1348.0
136, 68.266017, 660.372468, 47.251332, 0.240178, 1751, 1347.0
137, 67.663742, 659.181699, 50.367407, 0.175653, 1754, 1382.0
138, 65.981282, 662.350396, 41.004861, 0.244041, 1749, 1343.0
139, 71.747462, 663.986155, 39.115730, 0.143492, 1755, 1352.0
140, 65.952386, 663.073961, 45.425818, 0.096933, 1756, 1353.0
141, 67.139630, 659.762181, 45.433210, 0.101156, 1757, 1375.0
142, 74.123881, 660.083830, 36.550882, 0.074375, 1752, 1415.0
143, 76.141854, 659.398038, 30.301535, 0.060844, 1758, 1413.0
144, 72.109735, 662.272127, 40.502164, 0.095262, 1754, 1348.0
145, 73.236507, 659.760789, 41.905531, 0.096780, 1748, 1365.0
146, 72.362430, 663.282639, 36.516425, 0.078997, 1752, 1348.0
147, 79.340307, 660.740312, 26.268637, 0.053339, 1761, 1408.0
148, 74.768284, 660.755551, 32.359718, 0.053858, 1751, 1344.0
149, 72.366679, 662.463467, 37.536509, 0.127671, 1758, 1363.0
150, 72.120450, 660.873756, 35.754128, 0.058212, 1756, 1365.0
151, 71.583480, 660.603097, 44.195588, 0.098620, 1754, 1620.0
152, 73.333419, 660.557304, 41.801185, 0.147378, 1750, 1457.0
153, 71.118814, 661.719392, 43.450341, 0.249877, 1756, 1352.0
154, 67.901548, 661.549300, 42.478308, 0.125075, 1758, 1362.0
155, 69.764854, 660.191131, 44.913846, 0.187292, 1759, 1354.0
156, 68.323780, 662.064983, 42.662256, 0.105447, 1753, 1359.0
157, 73.757885, 660.540420, 33.173539, 0.014457, 1763, 1424.0
158, 73.340673, 660.509982, 39.858264, 0.036785, 1756, 1373.0
159, 70.011790, 660.823418, 42.519505, 0.076078, 1759, 1352.0
160, 70.284354, 662.379399, 45.349036, 0.106779, 1760, 1355.0
161, 69.381129, 665.332964, 38.891013, 0.246382, 1758, 1354.0
162, 70.097855, 660.783773, 42.698378, 0.157417, 1754, 1439.0
163, 68.202794, 662.169360, 42.501874, 0.114532, 1753, 1350.0
164, 71.476193, 660.777853, 41.457712, 0.035252, 1760, 1352.0
165, 70.980457, 661.955113, 45.085403, 0.080443, 1757, 1351.0
166, 70.365448, 661.330450, 39.970140, 0.114898, 1758, 1371.0
167, 65.981282, 662.350396, 41.004861, 0.235318, 1754, 1350.0
168, 74.583369, 661.254318, 33.260567, 0.044599, 1763, 1350.0
169, 74.221396, 660.001211, 36.533433, 0.039691, 1744, 1349.0
170, 71.922672, 661.269459, 37.668110, 0.063618, 1756, 1347.0
171, 70.987735, 661.214242, 38.279593, 0.068833, 1758, 1357.0
172, 72.821044, 660.774980, 35.909102, 0.044846, 1754, 1347.0
173, 74.070907, 659.637080, 37.148410, 0.056898, 1751, 1476.0
174, 68.360423, 663.237855, 45.123694, 0.114358, 1762, 1354.0
175, 69.813735, 664.378730, 36.582071, 0.120451, 1752, 1355.0
176, 68.601471, 661.185187, 42.805395, 0.224887, 1755, 1351.0
177, 71.914088, 663.732210, 39.275655, 0.089584, 1752, 1360.0
178, 68.813409, 658.393922, 44.913205, 0.161458, 1755, 1416.0
179, 70.590025, 659.299505, 43.763783, 0.057886, 1750, 1369.0
180, 74.675236, 660.071222, 36.708919, 0.062334, 1748, 1409.0
181, 73.417924, 659.737737, 36.753737, 0.038382, 1754, 1357.0
182, 70.602568, 660.392902, 41.626095, 0.072132, 1761, 1346.0
183, 67.321589, 663.633921, 40.120067, 0.120997, 1755, 1427.0
184, 73.484812, 660.705376, 36.529267, 0.078209, 1761, 1353.0
185, 70.784887, 662.254681, 36.738180, 0.043646, 1758, 1350.0
186, 70.924783, 659.439348, 40.522990, 0.056053, 1753, 1351.0
187, 68.233295, 662.664205, 42.504650, 0.112849, 1764, 1373.0
188, 68.393096, 664.357611, 35.259180, 0.148628, 1754, 1489.0
189, 72.934491, 662.453480, 31.779424, 0.040954, 1763, 1356.0
190, 68.257023, 661.472477, 42.253046, 0.128568, 1752, 1423.0
191, 72.324694, 659.328295, 41.724875, 0.038554, 1757, 1349.0
192, 73.631774, 660.380110, 34.823287, 0.050426, 1756, 1357.0
193, 72.278862, 661.978828, 33.475695, 0.045631, 1758, 1524.0
194, 74.675218, 660.032341, 30.987297, 0.044499, 1757, 1363.0
195, 73.450157, 662.029352, 36.677181, 0.104054, 1759, 1423.0
196, 70.692101, 661.928714, 42.762770, 0.053434, 1760, 1440.0
197, 67.872470, 662.375398, 36.067009, 0.122928, 1759, 1397.0
198, 75.087152, 658.561592, 32.106412, 0.059808, 1753, 1381.0
199, 72.019174, 662.085978, 33.141804, 0.066903, 1763, 1344.0
200, 72.430538, 659.721970, 41.825988, 0.100490, 1752, 1378.0
201, 65.574499, 662.993689, 46.796296, 0.080890, 1753, 1474.0
202, 68.887427, 662.771797, 35.399628, 0.044318, 1753, 1356.0
203, 79.359392, 657.697600, 38.067467, 0.080415, 1748, 1354.0
204, 71.255058, 662.264706, 39.842348, 0.037003, 1755, 1433.0
205, 75.120755, 660.867565, 40.847498, 0.126417, 1749, 1357.0
206, 72.934491, 662.453480, 31.779424, 0.062986, 1755, 1369.0
207, 68.411334, 662.369477, 39.555973, 0.118468, 1763, 1357.0
208, 67.901548, 661.549300, 42.478308, 0.054700, 1756, 1384.0
209, 72.872027, 660.688558, 36.247503, 0.060442, 1750, 1393.0
210, 72.289953, 663.350303, 36.078267, 0.045683, 1760, 1363.0
211, 73.258622, 662.244670, 33.491092, 0.043851, 1758, 1348.0
212, 71.951642, 661.130525, 42.095994, 0.071990, 1757, 1367.0
213, 71.016354, 662.625018, 37.116085, 0.036951, 1763, 1404.0
214, 71.699237, 659.609505, 39.991656, 0.098884, 1750, 1652.0
215, 72.389142, 660.277673, 39.725362, 0.125419, 1756, 1410.0
216, 68.711108, 660.978936, 43.142427, 0.135957, 1754, 1422.0
217, 69.872294, 662.612811, 40.031148, 0.032797, 1758, 1351.0
218, 74.955342, 659.551172, 31.501310, 0.043350, 1758, 1349.0
219, 77.249629, 660.582872, 35.494779, 0.075895, 1752, 1497.0
220, 72.613418, 662.971685, 36.332238, 0.027800, 1758, 1372.0
221, 73.915572, 660.804971, 37.341177, 0.106895, 1750, 1336.0
222, 76.573473, 658.991499, 41.541582, 0.132428, 1747, 1384.0
223, 70.944611, 660.375848, 43.887352, 0.115687, 1749, 1339.0
224, 68.161961, 662.284026, 37.445242, 0.045515, 1754, 1346.0
225, 67.397106, 662.852947, 41.502116, 0.128146, 1749, 1350.0
226, 73.556110, 662.852553, 28.161508, 0.064041, 1751, 1381.0
227, 70.883527, 661.877560, 36.532355, 0.061256, 1753, 1567.0
228, 72.243864, 660.210204, 42.836159, 0.094730, 1755, 1349.0
229, 69.789858, 662.696974, 40.865112, 0.042292, 1749, 1416.0
230, 71.075766, 661.350466, 38.112219, 0.034472, 1754, 1364.0
231, 77.624121, 661.334923, 34.209340, 0.108921, 1752, 1372.0
232, 70.185436, 662.510550, 39.235113, 0.096228, 1755, 1456.0
233, 67.911100, 663.029763, 38.889478, 0.051987, 1757, 1529.0
234, 68.550321, 662.996575, 41.309951, 0.109984, 1755, 1887.0
235, 73.518469, 659.568062, 42.115156, 0.092680, 1754, 1658.0
236, 74.215972, 660.902085, 39.848707, 0.067602, 1755, 1441.0
237, 69.872727, 663.165300, 41.599685, 0.081266, 1759, 1460.0
238, 72.669450, 660.884365, 38.964392, 0.044510, 1758, 1350.0
239, 74.491699, 660.266463, 40.969990, 0.051575, 1755, 1636.0
240, 74.010024, 660.055912, 36.741077, 0.024671, 1760, 1478.0
241, 70.999516, 658.604149, 47.471579, 0.163862, 1753, 1344.0
242, 69.478921, 661.745982, 43.420324, 0.073467, 1757, 1495.0
243, 73.534188, 661.335652, 35.377063, 0.047516, 1757, 1346.0
244, 70.882741, 658.289970, 41.868508, 0.051872, 1762, 1371.0
245, 72.495933, 660.093723, 40.751152, 0.056824, 1752, 1346.0
246, 74.152842, 657.945633, 38.635658, 0.058527, 1744, 1357.0
247, 73.236507, 659.760789, 41.905531, 0.016597, 1750, 1525.0
248, 67.565002, 664.260065, 40.829415, 0.188885, 1762, 1424.0
249, 69.574208, 658.732575, 46.632209, 0.179673, 1748, 1340.0
250, 72.789536, 663.623666, 36.584816, 0.046478, 1754, 1379.0
251, 69.517309, 662.656493, 40.776345, 0.168430, 1749, 1380.0
252, 74.232789, 660.617457, 38.471881, 0.066203, 1755, 1357.0
253, 73.417924, 659.737737, 36.753737, 0.034144, 1758, 1355.0
254, 73.417924, 659.737737, 36.753737, 0.072181, 1747, 1337.0
255, 72.620666, 662.387096, 36.692146, 0.056127, 1758, 1379.0
256, 74.530850, 659.752892, 38.452984, 0.058575, 1752, 1428.0
257, 73.241192, 661.220140, 38.266956, 0.086223, 1755, 1537.0
258, 72.362430, 663.282639, 36.516425, 0.056142, 1755, 1345.0
259, 70.216532, 660.471198, 41.607119, 0.175620, 1756, 1358.0
260, 67.383349, 663.040827, 39.541397, 0.138386, 1751, 1356.0
261, 69.215095, 660.591433, 45.265168, 0.094270, 1762, 1386.0
262, 77.404600, 658.349305, 32.983415, 0.061084, 1761, 1349.0
263, 68.111884, 657.762727, 45.663038, 0.213072, 1758, 1413.0
264, 74.207039, 660.333893, 27.509542, 0.076757, 1754, 1344.0
265, 73.653871, 661.328807, 27.718136, 0.019616, 1759, 1376.0
266, 68.629831, 659.614497, 46.145977, 0.069130, 1761, 1351.0
267, 74.054725, 659.462189, 33.073874, 0.039372, 1751, 1352.0
268, 74.967489, 660.653549, 34.510134, 0.086533, 1761, 1477.0
269, 69.749220, 659.172122, 41.780565, 0.112233, 1748, 1376.0
270, 75.979761, 658.640491, 31.777930, 0.047315, 1752, 1344.0
271, 71.966120, 663.017179, 42.914017, 0.063125, 1745, 1336.0
272, 71.075766, 661.350466, 38.112219, 0.033086, 1756, 1345.0
273, 69.574208, 658.732575, 46.632209, 0.127879, 1756, 1421.0
274, 77.460133, 660.339619, 22.654791, 0.065944, 1748, 1334.0
275, 74.561142, 659.965757, 36.928794, 0.078826, 1744, 1339.0
276, 77.241851, 659.036923, 33.349571, 0.043596, 1749, 1353.0
277, 74.717477, 660.959208, 37.492749, 0.065483, 1759, 1409.0
278, 74.147512, 660.656583, 32.905825, 0.094306, 1754, 1436.0
279, 69.855509, 661.689655, 41.783007, 0.102941, 1753, 1346.0
280, 73.477098, 659.841284, 37.266470, 0.061239, 1754, 1358.0
281, 71.837896, 662.187210, 39.558678, 0.039843, 1747, 1340.0
282, 69.148720, 659.901562, 48.087031, 0.124826, 1755, 1378.0
283, 77.079619, 660.351210, 33.831357, 0.070564, 1756, 1399.0
284, 72.445528, 662.760599, 33.953591, 0.069565, 1757, 1355.0
285, 68.947336, 657.659424, 46.227886, 0.362685, 1759, 1352.0
286, 69.235296, 663.565791, 43.222717, 0.045960, 1756, 1443.0
287, 70.553688, 658.666147, 42.588903, 0.129854, 1759, 1353.0
288, 72.367771, 659.352788, 38.499213, 0.064877, 1763, 1353.0
289, 70.848997, 662.266963, 39.968263, 0.076978, 1750, 1404.0
290, 69.327343, 663.018318, 42.833111, 0.165452, 1755, 1386.0
291, 68.257023, 661.472477, 42.253046, 0.069543, 1758, 1351.0
292, 72.412497, 661.133144, 40.471469, 0.076244, 1763, 1355.0
293, 67.383349, 663.040827, 39.541397, 0.106011, 1762, 1407.0
294, 69.236368, 662.876923, 45.046743, 0.097447, 1756, 1429.0
295, 69.819030, 657.958804, 43.444042, 0.161463, 1752, 1358.0
296, 72.621513, 660.150417, 39.725011, 0.036224, 1753, 1348.0
297, 71.181406, 661.898453, 39.874086, 0.041480, 1757, 1353.0
298, 67.606812, 658.870884, 44.931069, 0.139163, 1754, 1430.0
299, 72.430538, 659.721970, 41.825988, 0.120591, 1757, 1425.0
300, 71.914751, 662.925437, 36.029064, 0.050966, 1760, 1344.0
301, 71.914751, 662.925437, 36.029064, 0.039551, 1759, 1358.0
302, 69.554239, 662.438939, 34.508277, 0.067477, 1753, 1340.0
303, 72.289953, 663.350303, 36.078267, 0.065668, 1753, 1368.0
304, 72.277109, 662.490075, 29.549933, 0.063658, 1762, 1459.0
305, 75.264856, 659.335359, 31.385671, 0.046142, 1752, 1351.0
306, 72.430538, 659.721970, 41.825988, 0.084020, 1749, 1342.0
307, 76.340156, 661.258521, 27.284915, 0.059016, 1760, 1378.0
308, 72.624698, 660.828969, 39.147834, 0.063617, 1754, 1347.0
309, 72.318138, 661.240389, 39.716637, 0.055949, 1753, 1487.0
310, 68.257023, 661.472477, 42.253046, 0.045892, 1763, 1357.0
311, 70.560816, 659.686526, 37.821985, 0.094258, 1760, 1375.0
312, 75.959698, 660.504265, 29.910729, 0.068764, 1753, 1346.0
313, 72.430538, 659.721970, 41.825988, 0.060324, 1754, 1350.0
314, 73.237361, 661.376426, 38.040883, 0.068373, 1755, 1409.0
315, 73.241736, 661.216274, 38.013773, 0.050781, 1756, 1349.0
316, 78.267320, 659.532273, 36.381891, 0.141152, 1749, 1354.0
317, 74.398662, 661.072523, 32.502985, 0.028048, 1749, 1466.0
318, 70.014722, 665.539081, 38.704536, 0.125114, 1757, 1702.0
319, 74.172392, 662.554514, 31.676682, 0.049052, 1760, 1495.0
320, 73.370618, 663.462863, 31.715822, 0.064464, 1763, 1408.0
321, 72.166784, 660.911940, 38.452482, 0.054850, 1757, 1348.0
322, 68.296974, 663.122868, 38.434883, 0.075484, 1756, 1347.0
323, 76.609090, 662.115928, 27.124110, 0.099736, 1754, 1341.0
324, 72.724580, 662.273687, 36.627121, 0.037455, 1769, 1499.0
325, 75.083077, 660.020498, 31.353925, 0.022279, 1759, 1341.0
326, 75.883420, 659.540459, 35.591299, 0.106919, 1749, 2010.0
327, 71.914088, 663.732210, 39.275655, 0.075367, 1758, 1371.0
328, 74.135780, 659.395788, 37.344786, 0.055539, 1757, 1351.0
329, 65.467005, 661.499707, 45.387184, 0.060288, 1755, 1485.0
330, 70.997135, 661.302331, 42.317589, 0.051724, 1761, 1351.0
331, 68.257023, 661.472477, 42.253046, 0.140100, 1754, 1347.0
332, 71.075766, 661.350466, 38.112219, 0.064888, 1756, 1359.0
333, 69.963190, 663.192175, 36.919465, 0.108271, 1762, 1354.0
334, 72.430538, 659.721970, 41.825988, 0.079582, 1754, 1455.0
335, 69.148720, 659.901562, 48.087031, 0.115205, 1756, 1861.0
336, 66.261178, 663.045643, 43.411628, 0.135439, 1753, 1347.0
337, 69.777825, 662.739769, 40.699742, 0.062428, 1756, 1465.0
338, 72.281911, 660.297333, 40.727131, 0.071743, 1762, 1355.0
339, 74.039857, 661.034962, 39.687956, 0.060838, 1761, 1597.0
340, 70.594860, 660.702645, 44.775078, 0.073119, 1756, 1348.0
341, 70.925926, 662.143258, 30.000000, 0.059770, 1760, 1355.0
342, 72.430538, 659.721970, 41.825988, 0.079173, 1753, 1348.0
343, 71.557461, 661.507873, 38.273709, 0.042717, 1760, 1428.0
344, 70.832372, 662.224280, 41.571787, 0.154961, 1751, 1510.0
345, 73.416560, 662.958577, 28.081917, 0.075663, 1757, 1501.0
346, 70.166311, 660.597830, 46.932714, 0.169130, 1752, 1404.0
347, 71.476193, 660.777853, 41.457712, 0.064564, 1755, 1350.0
348, 68.870533, 660.719619, 46.833465, 0.140110, 1764, 1369.0
349, 68.449405, 663.164746, 37.469949, 0.060887, 1763, 1485.0
350, 77.119165, 660.836280, 33.199185, 0.093911, 1757, 1350.0
351, 67.252764, 658.731083, 47.291652, 0.229216, 1755, 1618.0
352, 72.329473, 661.705387, 33.587164, 0.079348, 1753, 1386.0
353, 71.099144, 662.232296, 39.703207, 0.067928, 1752, 1343.0
354, 72.852645, 662.706296, 36.809557, 0.070444, 1754, 1652.0
355, 69.859751, 662.629061, 40.504936, 0.057103, 1753, 1356.0
356, 72.595307, 661.935076, 33.399372, 0.057363, 1751, 1355.0
357, 69.339000, 662.145739, 40.176161, 0.133287, 1756, 1395.0
358, 65.758408, 660.342758, 44.585808, 0.105160, 1763, 1381.0
359, 74.137431, 660.017808, 37.683451, 0.065864, 1751, 1666.0
360, 70.635840, 663.450426, 43.727643, 0.099451, 1762, 1366.0
361, 72.281911, 660.297333, 40.727131, 0.037018, 1751, 1341.0
362, 72.463778, 664.054240, 31.652435, 0.045131, 1747, 1423.0
363, 72.289953, 663.350303, 36.078267, 0.020365, 1755, 1345.0
364, 73.354308, 660.899362, 36.352039, 0.044333, 1755, 1504.0
365, 73.121877, 659.501738, 37.133961, 0.025760, 1758, 1359.0
366, 66.769458, 662.454057, 43.609156, 0.072398, 1750, 1360.0
367, 72.694426, 663.026966, 28.163116, 0.026225, 1759, 1344.0
368, 75.076029, 659.647184, 38.564925, 0.041132, 1751, 1389.0
369, 72.211424, 660.733289, 36.320019, 0.060011, 1756, 1430.0
370, 73.836712, 659.444228, 41.157784, 0.070540, 1754, 1535.0
371, 74.255872, 661.669459, 36.927979, 0.081737, 1757, 1350.0
372, 72.620285, 662.334063, 29.824209, 0.061477, 1754, 1352.0
373, 72.935827, 660.760756, 39.022954, 0.065733, 1750, 1365.0
374, 69.075400, 664.193122, 44.092112, 0.199357, 1756, 1427.0
375, 72.583041, 660.381472, 37.296598, 0.057500, 1754, 1361.0
376, 73.554022, 660.345153, 37.737599, 0.046042, 1757, 1369.0
377, 72.181965, 662.075236, 39.035518, 0.107620, 1757, 1346.0
378, 70.997135, 661.302331, 42.317589, 0.078414, 1750, 1743.0
379, 69.574424, 662.158710, 40.588781, 0.063646, 1754, 1409.0
380, 76.079237, 660.123439, 40.076610, 0.060925, 1752, 1385.0
381, 71.586038, 661.527424, 35.299437, 0.089935, 1757, 1348.0
382, 74.461540, 660.531337, 37.860294, 0.021764, 1759, 1353.0
383, 76.928562, 661.353173, 27.837474, 0.038083, 1752, 1350.0
384, 69.947174, 661.904221, 42.695576, 0.139571, 1753, 1429.0
385, 69.345097, 662.501305, 40.985896, 0.087082, 1749, 1379.0
386, 75.569578, 660.196952, 40.485506, 0.071779, 1747, 1370.0
387, 71.465709, 661.984671, 37.412482, 0.152994, 1757, 1360.0
388, 71.800684, 661.081278, 42.003423, 0.075195, 1757, 1447.0
389, 69.299302, 661.421635, 43.458122, 0.117273, 1759, 1389.0
390, 75.775858, 659.706693, 35.554449, 0.089406, 1754, 1335.0
391, 74.683151, 661.905983, 37.002246, 0.139322, 1750, 1452.0
392, 72.430538, 659.721970, 41.825988, 0.066247, 1750, 1346.0
393, 74.811459, 660.053757, 39.571790, 0.058541, 1756, 1358.0
394, 69.148720, 659.901562, 48.087031, 0.100609, 1761, 1384.0
395, 78.118528, 658.816217, 33.699216, 0.083949, 1754, 1353.0
396, 73.590821, 660.434875, 40.172731, 0.045335, 1752, 1353.0
397, 73.604652, 660.200320, 37.617288, 0.037231, 1766, 1503.0
398, 73.067752, 660.407398, 37.315364, 0.044455, 1759, 1349.0
399, 77.349339, 659.721654, 36.656017, 0.080401, 1761, 2342.0
400, 71.864757, 661.911548, 39.821580, 0.114197, 1758, 1349.0
401, 70.204651, 662.247237, 36.472300, 0.066236, 1755, 1337.0
402, 70.340095, 661.245933, 41.740147, 0.109251, 1763, 1346.0
403, 71.568384, 661.911521, 39.175695, 0.037343, 1762, 1353.0
404, 70.676689, 662.620253, 41.411176, 0.059820, 1762, 1421.0
405, 75.750319, 660.065097, 33.922106, 0.038685, 1749, 1359.0
406, 72.506640, 662.209591, 30.734365, 0.048534, 1752, 1361.0
407, 73.900013, 660.982007, 36.741139, 0.062634, 1755, 1359.0
408, 74.826134, 659.567586, 31.775794, 0.058531, 1757, 1348.0
409, 76.005860, 661.553743, 30.101752, 0.129049, 1748, 1498.0
410, 73.137480, 661.528771, 35.682376, 0.097084, 1755, 1523.0
411, 82.345527, 657.345086, 28.180039, 0.066205, 1763, 1410.0
412, 72.934491, 662.453480, 31.779424, 0.038652, 1759, 1347.0
413, 73.596545, 660.453994, 40.177791, 0.038918, 1755, 1357.0
414, 72.745398, 661.062606, 37.429993, 0.047768, 1752, 1432.0
415, 76.906207, 660.297004, 40.509623, 0.047003, 1748, 1455.0
416, 74.645478, 660.458569, 28.763252, 0.052709, 1756, 1347.0
417, 64.535542, 659.976170, 50.218865, 0.227278, 1755, 1441.0
418, 75.444540, 660.815217, 34.233250, 0.057705, 1750, 1539.0
419, 72.483868, 660.939418, 36.469834, 0.065419, 1758, 1571.0
420, 68.038365, 662.304577, 38.640901, 0.130241, 1751, 1387.0
421, 75.099486, 659.668668, 38.552362, 0.059398, 1747, 1375.0
422, 73.332439, 660.260647, 41.697191, 0.054524, 1756, 1849.0
423, 69.103631, 663.284149, 41.309220, 0.087752, 1757, 1428.0
424, 72.595307, 661.935076, 33.399372, 0.068646, 1759, 1414.0
425, 74.263615, 660.006167, 36.830622, 0.064226, 1745, 1380.0
426, 73.534188, 661.335652, 35.377063, 0.062792, 1755, 1361.0
427, 72.430538, 659.721970, 41.825988, 0.061149, 1757, 1355.0
428, 75.389272, 661.179720, 28.306735, 0.089971, 1753, 1357.0
429, 70.337048, 661.650596, 43.627478, 0.141549, 1754, 1517.0
430, 74.236780, 660.427432, 35.619135, 0.067703, 1748, 1403.0
431, 68.257023, 661.472477, 42.253046, 0.061657, 1760, 1353.0
432, 72.497228, 662.285607, 35.791270, 0.058361, 1755, 1367.0
433, 73.407943, 660.238331, 35.787454, 0.048377, 1760, 1378.0
434, 70.987735, 661.214242, 38.279593, 0.041781, 1756, 1432.0
435, 66.230035, 662.321206, 43.892667, 0.092992, 1751, 1447.0
436, 69.116569, 664.909260, 34.551597, 0.123965, 1755, 1347.0
437, 69.386040, 662.298069, 42.365406, 0.123357, 1755, 1473.0
438, 70.212811, 662.809222, 32.636258, 0.092604, 1754, 1399.0
439, 71.980211, 661.821392, 39.088866, 0.042631, 1755, 1437.0
440, 72.936785, 659.664946, 38.933087, 0.045092, 1752, 1407.0
441, 74.148449, 660.234262, 36.757442, 0.054083, 1748, 1364.0
442, 67.397106, 662.852947, 41.502116, 0.063546, 1759, 1367.0
443, 73.683445, 660.021513, 35.460138, 0.015125, 1754, 1360.0
444, 69.148720, 659.901562, 48.087031, 0.092922, 1759, 1538.0
445, 73.563931, 660.701934, 36.242578, 0.029324, 1753, 1411.0
446, 73.073053, 660.838776, 41.826245, 0.136295, 1749, 1345.0
447, 72.436734, 663.312050, 39.340394, 0.133230, 1753, 1357.0
448, 70.997135, 661.302331, 42.317589, 0.047135, 1767, 1356.0
449, 71.048104, 661.155789, 42.060215, 0.062144, 1759, 1426.0
450, 72.583041, 660.381472, 37.296598, 0.052778, 1761, 1389.0
451, 70.009326, 664.204228, 39.823724, 0.115909, 1756, 1360.0
452, 70.702608, 661.981655, 35.799086, 0.060357, 1753, 1371.0
453, 73.412328, 660.727230, 36.943808, 0.027488, 1751, 1374.0
454, 69.406027, 660.601574, 31.899582, 0.073354, 1761, 1502.0
455, 72.430538, 659.721970, 41.825988, 0.114683, 1751, 1351.0
456, 78.993979, 659.503916, 31.598882, 0.129272, 1747, 1336.0
457, 72.538321, 661.439758, 33.584618, 0.061696, 1756, 1416.0
458, 75.428562, 659.686920, 35.532965, 0.034130, 1760, 1349.0
459, 72.430538, 659.721970, 41.825988, 0.150242, 1756, 1771.0
460, 72.553218, 660.362763, 40.986071, 0.121004, 1750, 1345.0
461, 71.476193, 660.777853, 41.457712, 0.106285, 1755, 1350.0
462, 70.340095, 661.245933, 41.740147, 0.046741, 1756, 1351.0
463, 72.219182, 662.417530, 37.817873, 0.095459, 1745, 1341.0
464, 73.304247, 660.167936, 41.983310, 0.095647, 1760, 1428.0
465, 71.809551, 662.416835, 44.976045, 0.069115, 1752, 1347.0
466, 68.235333, 662.492455, 43.154812, 0.139932, 1750, 1354.0
467, 74.934711, 660.148156, 38.714923, 0.092149, 1745, 1340.0
468, 72.947184, 660.320387, 40.442340, 0.043067, 1756, 1362.0
469, 69.938082, 661.422033, 34.470162, 0.101937, 1751, 1346.0
470, 70.011082, 660.289100, 38.873233, 0.130255, 1747, 1370.0
471, 70.590223, 661.347789, 45.782831, 0.100505, 1750, 1346.0
472, 68.738320, 662.602171, 41.127058, 0.107970, 1758, 1363.0
473, 70.546833, 663.130759, 34.271204, 0.066529, 1758, 1352.0
474, 66.963174, 661.332453, 46.617412, 0.185085, 1754, 1374.0
475, 72.936785, 659.664946, 38.933087, 0.101625, 1760, 1444.0
476, 68.711108, 660.978936, 43.142427, 0.139743, 1764, 1361.0
477, 71.259317, 661.587238, 39.832749, 0.033616, 1752, 1342.0
478, 72.887430, 661.119967, 39.105025, 0.025134, 1762, 1354.0
479, 72.749527, 662.777439, 42.145479, 0.084012, 1761, 1353.0
480, 74.037058, 658.721940, 37.062557, 0.066083, 1757, 1733.0
481, 72.430538, 659.721970, 41.825988, 0.033848, 1754, 1348.0
482, 71.608581, 662.630499, 41.271437, 0.081623, 1753, 1368.0
483, 65.417485, 659.417680, 43.170855, 0.136623, 1757, 1352.0
484, 69.261504, 662.755292, 33.952546, 0.064341, 1755, 1347.0
485, 71.942447, 661.627083, 33.365507, 0.073827, 1750, 1425.0
486, 75.198647, 661.599432, 29.600767, 0.065612, 1750, 1345.0
487, 71.619812, 660.663815, 35.253351, 0.030629, 1751, 1448.0
488, 69.267280, 662.505901, 39.976200, 0.056485, 1759, 1351.0
489, 71.401222, 662.334685, 37.048369, 0.058108, 1759, 1361.0
490, 68.449405, 663.164746, 37.469949, 0.073509, 1754, 1426.0
491, 69.852671, 663.111522, 40.089000, 0.076820, 1760, 1391.0
492, 69.367948, 663.053336, 41.910402, 0.085136, 1757, 1360.0
493, 63.791428, 663.771018, 44.856752, 0.098498, 1754, 1359.0
494, 68.738320, 662.602171, 41.127058, 0.085126, 1756, 1352.0
495, 77.476691, 660.786731, 29.001650, 0.073719, 1756, 1662.0
496, 72.360050, 660.955330, 34.894671, 0.023778, 1755, 1381.0
497, 70.136741, 662.333716, 44.348372, 0.186237, 1759, 1539.0
498, 70.033649, 663.318263, 38.360644, 0.111172, 1758, 1351.0
499, 73.710510, 661.754136, 33.874834, 0.037621, 1751, 1355.0
500, 73.304247, 660.167936, 41.983310, 0.067231, 1760, 1897.0
501, 67.748054, 664.160573, 35.625171, 0.071495, 1756, 1364.0
502, 70.078186, 659.597719, 44.775259, 0.136315, 1755, 1440.0
503, 70.911340, 660.906593, 40.379360, 0.068953, 1756, 1358.0
504, 72.825267, 660.730046, 36.229715, 0.044568, 1753, 1344.0
505, 71.784081, 660.213753, 33.468133, 0.092357, 1755, 1560.0
506, 69.708195, 663.797044, 40.768446, 0.065075, 1755, 1347.0
507, 73.826367, 660.984628, 32.731283, 0.061609, 1763, 1369.0
508, 71.737109, 661.582917, 37.780738, 0.053418, 1759, 1349.0
509, 69.852671, 663.111522, 40.089000, 0.052177, 1753, 1378.0
510, 71.402107, 661.664385, 42.355008, 0.062926, 1751, 1435.0
511, 67.383349, 663.040827, 39.541397, 0.213721, 1754, 1355.0
512, 69.464379, 663.184349, 45.835296, 0.062667, 1755, 1351.0
513, 70.948115, 663.124820, 41.939923, 0.074439, 1750, 1412.0
514, 68.538447, 661.393945, 44.542752, 0.116873, 1751, 1339.0
515, 73.304247, 660.167936, 41.983310, 0.059185, 1752, 1464.0
516, 68.067068, 663.985694, 40.845403, 0.119381, 1755, 1351.0
517, 71.402107, 661.664385, 42.355008, 0.063594, 1768, 1357.0
518, 69.549826, 662.739120, 37.926605, 0.162885, 1756, 1449.0
519, 69.148720, 659.901562, 48.087031, 0.075955, 1763, 1357.0
520, 72.462567, 661.624775, 32.540908, 0.034469, 1765, 1361.0
521, 72.360050, 660.955330, 34.894671, 0.067374, 1757, 1680.0
522, 69.850508, 660.136109, 38.613880, 0.120363, 1759, 1515.0
523, 73.057830, 660.519179, 37.588217, 0.064360, 1763, 1374.0
524, 73.478397, 661.526002, 40.048941, 0.068941, 1754, 1347.0
525, 71.667926, 662.980794, 40.295544, 0.033898, 1758, 1416.0
526, 70.357400, 660.368997, 39.769238, 0.229207, 1754, 1350.0
527, 68.522582, 661.971294, 42.346064, 0.105615, 1760, 1354.0
528, 75.511102, 658.519310, 34.676149, 0.046611, 1759, 1358.0
529, 72.181965, 662.075236, 39.035518, 0.110818, 1758, 1349.0
530, 74.043609, 659.749543, 35.574580, 0.035081, 1757, 2054.0
531, 75.452783, 660.331870, 34.265181, 0.070116, 1758, 1362.0
532, 77.823729, 658.851274, 36.954669, 0.104826, 1753, 1346.0
533, 68.931298, 662.895052, 43.775820, 0.074851, 1757, 1361.0
534, 69.904514, 660.095071, 39.415264, 0.116068, 1758, 1351.0
535, 72.289953, 663.350303, 36.078267, 0.119003, 1754, 1356.0
536, 74.826134, 659.567586, 31.775794, 0.027358, 1758, 1362.0
537, 75.396159, 662.239912, 32.078833, 0.060033, 1750, 1358.0
538, 73.681853, 660.311488, 33.078447, 0.032035, 1753, 1837.0
539, 72.497228, 662.285607, 35.791270, 0.065152, 1763, 1354.0
540, 71.727829, 661.497666, 32.732375, 0.067652, 1758, 1348.0
541, 73.406149, 660.885297, 41.885761, 0.052576, 1751, 1358.0
542, 70.340095, 661.245933, 41.740147, 0.057302, 1760, 1847.0
543, 71.181406, 661.898453, 39.874086, 0.055524, 1749, 2072.0
544, 70.365448, 661.330450, 39.970140, 0.081107, 1749, 1628.0
545, 69.371686, 663.083127, 36.858531, 0.071379, 1754, 1373.0
546, 73.505577, 663.143906, 28.511507, 0.084046, 1758, 1692.0
547, 71.760022, 660.619140, 38.876658, 0.056001, 1761, 1361.0
548, 70.560816, 659.686526, 37.821985, 0.129818, 1758, 1365.0
549, 72.583041, 660.381472, 37.296598, 0.063689, 1761, 1464.0
550, 72.748979, 660.145649, 39.782904, 0.081263, 1747, 1342.0
551, 69.852671, 663.111522, 40.089000, 0.055810, 1760, 1363.0
552, 67.484884, 659.933308, 45.027502, 0.353695, 1753, 1349.0
553, 76.965384, 660.845090, 34.113922, 0.082707, 1745, 1354.0
554, 71.529064, 660.173267, 39.251052, 0.075671, 1755, 1410.0
555, 69.785879, 660.387918, 35.184121, 0.050085, 1749, 1359.0
556, 70.964106, 660.685283, 35.502778, 0.118272, 1756, 1360.0
557, 71.922672, 661.269459, 37.668110, 0.098139, 1756, 1348.0
558, 72.430538, 659.721970, 41.825988, 0.031885, 1761, 1349.0
559, 73.554117, 659.879152, 38.044524, 0.066637, 1747, 1367.0
560, 75.169943, 660.190631, 35.446398, 0.102869, 1751, 1346.0
561, 73.415335, 662.409876, 35.110740, 0.058189, 1750, 1766.0
562, 70.406488, 661.673963, 35.549194, 0.091413, 1757, 1349.0
563, 68.067068, 663.985694, 40.845403, 0.157126, 1754, 1599.0
564, 74.244794, 660.788869, 33.847778, 0.071679, 1752, 1421.0
565, 75.617284, 658.825967, 30.000000, 0.055913, 1761, 1347.0
566, 69.911914, 661.236695, 39.238630, 0.099766, 1755, 1386.0
567, 70.980794, 661.237823, 37.437850, 0.056219, 1760, 1352.0
568, 71.737109, 661.582917, 37.780738, 0.073909, 1748, 1349.0
569, 72.110693, 659.967002, 42.204497, 0.090780, 1754, 1418.0
570, 75.737694, 661.001006, 25.608400, 0.053843, 1755, 1351.0
571, 70.832372, 662.224280, 41.571787, 0.058757, 1752, 1346.0
572, 69.888700, 663.339257, 40.347321, 0.063993, 1755, 1368.0
573, 69.327343, 663.018318, 42.833111, 0.109180, 1755, 1344.0
574, 73.242432, 659.925577, 37.640348, 0.058884, 1756, 1364.0
575, 75.040712, 660.453789, 35.587613, 0.048121, 1751, 1354.0
576, 70.832372, 662.224280, 41.571787, 0.044506, 1763, 1377.0
577, 70.832372, 662.224280, 41.571787, 0.072543, 1751, 1355.0
578, 71.272850, 660.337686, 40.761765, 0.080231, 1764, 1360.0
579, 75.083077, 660.020498, 31.353925, 0.025740, 1758, 1398.0
580, 77.377701, 660.526900, 32.414546, 0.074019, 1756, 1455.0
581, 73.664017, 661.199568, 32.951252, 0.053717, 1756, 1347.0
582, 76.872459, 658.968797, 33.994653, 0.062127, 1754, 1717.0
583, 71.476193, 660.777853, 41.457712, 0.091305, 1754, 1368.0
584, 70.600634, 662.188486, 38.734007, 0.048690, 1755, 1422.0
585, 68.372598, 659.589473, 44.947003, 0.075487, 1757, 1457.0
586, 73.420922, 659.814642, 38.155665, 0.068838, 1756, 1350.0
587, 74.292561, 660.924306, 30.809216, 0.044259, 1753, 1338.0
588, 68.038365, 662.304577, 38.640901, 0.094604, 1758, 1349.0
589, 72.103694, 660.261830, 44.999345, 0.101124, 1756, 1398.0
590, 70.365448, 661.330450, 39.970140, 0.064788, 1756, 1453.0
591, 70.442731, 664.721232, 38.722928, 0.169701, 1750, 1361.0
592, 76.508268, 659.851354, 35.569398, 0.065065, 1751, 1343.0
593, 73.706558, 661.659847, 37.410722, 0.056547, 1754, 1367.0
594, 71.409917, 663.589608, 37.374209, 0.139161, 1758, 1401.0
595, 73.880388, 661.015173, 35.147251, 0.037061, 1766, 1567.0
596, 68.257731, 662.335734, 43.373874, 0.119222, 1761, 1353.0
597, 72.826632, 662.466422, 36.502042, 0.014202, 1758, 1379.0
598, 72.120450, 660.873756, 35.754128, 0.037042, 1761, 1413.0
599, 74.804388, 661.697727, 33.626278, 0.061054, 1762, 1368.0
600, 73.433163, 662.030444, 36.599897, 0.049549, 1745, 1411.0
601, 73.082454, 660.607564, 36.229487, 0.112773, 1746, 1369.0
602, 70.925926, 662.143258, 30.000000, 0.063491, 1755, 1361.0
603, 73.719975, 660.874991, 36.427428, 0.044432, 1755, 1502.0
604, 72.697687, 660.555098, 33.833050, 0.069481, 1756, 1348.0
605, 79.470341, 658.694164, 33.355291, 0.183321, 1738, 1468.0
606, 73.534188, 661.335652, 35.377063, 0.087517, 1766, 1477.0
607, 72.872027, 660.688558, 36.247503, 0.058041, 1758, 1434.0
608, 73.697307, 660.958189, 37.927435, 0.190722, 1750, 1350.0
609, 75.947888, 660.175016, 30.244670, 0.066144, 1750, 1456.0
610, 68.808455, 664.446168, 37.647127, 0.216140, 1756, 1432.0
611, 72.344477, 660.203749, 40.907308, 0.063744, 1756, 1372.0
612, 75.851746, 660.242440, 33.552676, 0.055095, 1756, 1350.0
613, 67.365466, 662.516434, 45.889101, 0.145607, 1752, 1789.0
614, 73.585706, 660.224237, 34.990449, 0.058718, 1752, 1571.0
615, 68.424353, 664.825463, 43.296740, 0.178161, 1756, 1652.0
616, 73.096777, 660.454575, 38.651116, 0.047705, 1757, 1360.0
617, 66.469270, 660.044940, 44.368333, 0.123620, 1760, 1365.0
618, 70.600634, 662.188486, 38.734007, 0.055541, 1753, 1361.0
619, 75.737622, 660.849325, 34.883116, 0.033119, 1753, 1352.0
620, 73.666420, 660.273102, 38.309686, 0.032888, 1749, 1413.0
621, 69.366074, 659.942197, 45.729996, 0.078100, 1760, 1429.0
622, 75.569578, 660.196952, 40.485506, 0.080994, 1748, 1879.0
623, 74.140306, 661.099958, 34.943012, 0.073764, 1756, 1382.0
624, 68.550873, 664.334737, 34.681519, 0.096341, 1753, 1779.0
625, 73.417924, 659.737737, 36.753737, 0.039892, 1757, 1411.0
626, 70.848997, 662.266963, 39.968263, 0.173317, 1760, 1367.0
627, 72.352972, 663.550805, 33.369013, 0.095270, 1754, 1441.0
628, 69.852671, 663.111522, 40.089000, 0.068482, 1754, 1356.0
629, 72.329473, 661.705387, 33.587164, 0.070754, 1764, 1422.0
630, 72.075078, 661.545181, 35.334196, 0.042269, 1755, 1347.0
631, 75.317614, 659.990608, 33.915241, 0.039597, 1748, 1458.0
632, 71.774639, 660.663851, 38.887226, 0.042425, 1754, 1565.0
633, 69.101527, 662.648199, 35.910041, 0.083325, 1760, 1634.0
634, 77.038447, 660.798380, 30.301571, 0.046964, 1748, 1411.0
635, 72.430538, 659.721970, 41.825988, 0.129992, 1751, 1346.0
636, 72.390692, 661.713963, 37.175453, 0.024932, 1757, 1371.0
637, 66.136711, 660.483903, 44.717412, 0.149840, 1750, 1425.0
638, 73.632200, 661.026402, 30.709929, 0.058510, 1761, 1544.0
639, 68.271496, 659.275478, 48.408971, 0.152479, 1757, 1978.0
640, 77.141916, 660.571588, 28.495724, 0.064422, 1756, 1694.0
641, 73.826367, 660.984628, 32.731283, 0.042560, 1758, 1702.0
642, 69.749220, 659.172122, 41.780565, 0.112922, 1753, 2009.0
643, 73.826367, 660.984628, 32.731283, 0.049748, 1764, 1399.0
644, 76.304247, 658.844126, 34.194036, 0.037841, 1752, 1346.0
645, 71.586162, 661.311230, 33.127223, 0.070014, 1754, 1355.0
646, 72.495933, 660.093723, 40.751152, 0.033643, 1755, 1398.0
647, 71.411254, 662.693563, 32.936848, 0.065560, 1755, 1436.0
648, 72.430538, 659.721970, 41.825988, 0.073106, 1761, 1353.0
649, 69.777825, 662.739769, 40.699742, 0.089768, 1753, 1349.0
650, 68.309054, 660.764435, 38.725917, 0.128559, 1761, 1444.0
651, 71.234240, 664.103640, 31.751368, 0.032606, 1755, 1352.0
652, 73.484473, 663.980113, 31.797886, 0.073624, 1754, 1345.0
653, 70.435560, 658.963574, 40.623016, 0.054440, 1752, 1361.0
654, 70.911340, 660.906593, 40.379360, 0.100923, 1761, 1381.0
655, 69.236760, 661.103213, 33.712763, 0.050625, 1760, 1361.0
656, 66.099939, 661.050119, 43.515668, 0.058962, 1753, 1435.0
657, 71.916741, 661.742688, 33.868875, 0.102411, 1758, 1362.0
658, 69.075400, 664.193122, 44.092112, 0.109480, 1750, 1379.0
659, 70.365448, 661.330450, 39.970140, 0.070208, 1759, 1365.0
660, 68.257023, 661.472477, 42.253046, 0.085640, 1758, 1362.0
661, 71.924507, 663.216320, 40.012776, 0.055414, 1758, 1351.0
662, 70.741192, 661.113117, 37.205134, 0.058860, 1752, 1351.0
663, 68.067068, 663.985694, 40.845403, 0.169627, 1763, 1527.0
664, 76.737850, 657.339431, 34.941815, 0.048004, 1752, 1578.0
665, 72.809433, 663.433281, 32.128146, 0.053744, 1753, 1357.0
666, 68.406365, 661.728671, 43.713033, 0.056705, 1764, 1367.0
667, 67.650906, 664.632937, 40.981815, 0.158440, 1764, 1351.0
668, 67.975973, 665.000947, 42.079503, 0.128642, 1759, 1562.0
669, 74.373280, 660.171039, 37.093867, 0.053851, 1753, 1346.0
670, 68.486137, 659.920384, 43.877873, 0.102371, 1755, 1362.0
671, 69.872294, 662.612811, 40.031148, 0.063579, 1748, 1417.0
672, 75.082453, 659.964554, 38.887170, 0.050605, 1755, 1455.0
673, 68.111884, 657.762727, 45.663038, 0.142579, 1752, 1363.0
674, 73.737159, 658.088601, 38.723317, 0.028560, 1748, 1351.0
675, 73.821298, 659.504815, 36.580725, 0.049198, 1758, 1347.0
676, 66.512872, 663.943621, 41.953531, 0.189775, 1755, 1372.0
677, 70.086111, 661.242119, 35.503980, 0.072187, 1761, 1352.0
678, 74.391255, 660.186603, 37.037316, 0.040211, 1749, 1405.0
679, 65.425916, 662.739592, 46.776100, 0.119189, 1757, 1350.0
680, 70.715993, 661.465415, 44.275798, 0.101442, 1759, 1361.0
681, 70.474802, 658.287211, 41.756552, 0.108784, 1755, 1358.0
682, 72.120450, 660.873756, 35.754128, 0.081502, 1757, 1363.0
683, 72.289953, 663.350303, 36.078267, 0.059441, 1754, 1428.0
684, 69.529062, 662.827286, 36.526054, 0.041587, 1755, 1367.0
685, 68.827653, 662.458915, 41.340038, 0.108406, 1754, 1340.0
686, 68.111884, 657.762727, 45.663038, 0.167265, 1754, 1341.0
687, 68.372598, 659.589473, 44.947003, 0.084067, 1754, 1348.0
688, 72.430538, 659.721970, 41.825988, 0.047348, 1763, 1419.0
689, 68.763060, 657.690748, 46.107961, 0.155967, 1761, 1633.0
690, 73.417924, 659.737737, 36.753737, 0.043629, 1756, 1348.0
691, 72.430538, 659.721970, 41.825988, 0.092755, 1758, 1350.0
692, 72.724580, 662.273687, 36.627121, 0.058660, 1751, 1342.0
693, 72.674185, 660.880633, 35.801568, 0.052637, 1758, 1412.0
694, 70.669843, 661.457254, 41.638517, 0.079069, 1760, 1379.0
695, 72.947184, 660.320387, 40.442340, 0.142371, 1752, 1356.0
696, 70.657385, 663.254286, 34.977684, 0.054853, 1759, 1351.0
697, 72.430538, 659.721970, 41.825988, 0.036339, 1761, 1388.0
698, 65.417485, 659.417680, 43.170855, 0.155954, 1756, 1415.0
699, 67.467369, 662.602266, 38.963060, 0.100576, 1758, 1364.0
700, 72.624698, 660.828969, 39.147834, 0.046842, 1759, 1352.0
701, 73.190829, 660.510755, 37.534259, 0.074173, 1754, 1356.0
702, 72.329473, 661.705387, 33.587164, 0.054214, 1755, 1398.0
703, 68.531774, 660.696246, 43.563760, 0.152454, 1755, 1359.0
704, 70.532152, 663.487750, 43.459182, 0.134805, 1767, 1357.0
705, 68.295274, 662.482771, 39.069311, 0.123501, 1756, 1383.0
706, 72.395265, 662.433742, 29.873098, 0.043384, 1756, 1344.0
707, 72.784792, 660.863676, 33.637111, 0.038112, 1755, 1347.0
708, 67.606812, 658.870884, 44.931069, 0.225112, 1759, 1353.0
709, 75.732378, 659.853892, 42.615240, 0.075053, 1751, 1405.0
710, 71.393416, 660.235261, 39.446908, 0.093999, 1764, 1353.0
711, 71.926587, 661.298790, 32.679211, 0.071097, 1757, 1596.0
712, 69.022588, 664.888269, 35.412724, 0.047138, 1758, 1347.0
713, 68.372598, 659.589473, 44.947003, 0.116457, 1754, 1349.0
714, 74.589289, 661.081500, 37.412960, 0.036141, 1754, 1582.0
715, 69.632037, 660.716007, 42.747189, 0.124304, 1755, 1373.0
716, 71.839121, 659.920712, 35.080162, 0.029907, 1757, 1359.0
717, 72.430538, 659.721970, 41.825988, 0.158655, 1746, 1342.0
718, 72.887430, 661.119967, 39.105025, 0.107633, 1760, 1360.0
719, 68.947336, 657.659424, 46.227886, 0.243358, 1766, 1425.0
720, 69.672450, 661.984814, 40.753064, 0.080562, 1754, 1359.0
721, 72.181379, 659.488942, 42.810706, 0.186030, 1752, 1347.0
722, 70.086111, 661.242119, 35.503980, 0.105585, 1762, 1366.0
723, 67.186040, 658.541665, 50.115040, 0.172318, 1758, 1450.0
724, 76.067019, 659.645013, 36.226409, 0.047697, 1755, 1606.0
725, 68.192453, 665.583475, 38.665161, 0.139343, 1757, 1783.0
726, 73.191049, 657.694928, 43.476181, 0.059927, 1759, 1515.0
727, 72.281911, 660.297333, 40.727131, 0.035726, 1762, 1411.0
728, 73.194105, 661.629793, 32.094782, 0.056224, 1757, 1371.0
729, 74.809452, 659.059517, 33.204272, 0.054528, 1757, 1834.0
730, 70.897448, 662.211156, 40.241688, 0.113906, 1747, 1907.0
731, 67.710998, 664.988336, 38.606389, 0.173753, 1753, 1381.0
732, 74.423898, 660.394819, 37.926125, 0.064477, 1756, 1346.0
733, 70.832372, 662.224280, 41.571787, 0.066603, 1755, 1497.0
734, 69.823729, 660.638617, 42.502901, 0.081863, 1754, 1346.0
735, 69.879743, 662.823393, 32.809449, 0.075637, 1754, 1347.0
736, 67.837025, 661.459441, 40.109033, 0.062145, 1750, 1396.0
737, 69.018349, 662.479851, 40.120911, 0.103857, 1761, 1375.0
738, 69.101527, 662.648199, 35.910041, 0.075229, 1757, 1667.0
739, 72.767639, 663.101755, 43.075984, 0.048995, 1752, 1378.0
740, 72.362430, 663.282639, 36.516425, 0.064323, 1754, 1348.0
741, 72.430538, 659.721970, 41.825988, 0.069320, 1751, 1346.0
742, 69.190006, 663.141813, 41.523948, 0.064312, 1758, 1360.0
743, 73.977721, 659.434842, 36.742349, 0.073186, 1750, 2137.0
744, 73.242432, 659.925577, 37.640348, 0.045548, 1759, 1665.0
745, 68.184449, 661.730574, 41.255691, 0.081382, 1757, 1670.0
746, 69.726217, 660.054978, 34.019385, 0.062381, 1761, 1370.0
747, 69.236368, 662.876923, 45.046743, 0.121775, 1758, 2122.0
748, 69.000407, 658.353866, 46.646595, 0.185141, 1759, 1967.0
749, 67.187657, 663.951347, 36.733069, 0.079145, 1754, 1512.0
750, 70.832372, 662.224280, 41.571787, 0.064998, 1749, 1883.0
751, 74.694189, 660.257961, 33.826193, 0.051342, 1751, 2120.0
752, 68.981909, 663.230153, 42.450396, 0.105624, 1757, 1551.0
753, 69.252041, 661.064590, 41.054051, 0.141592, 1751, 1513.0
754, 64.935714, 660.791141, 48.216437, 0.140699, 1752, 1368.0
755, 70.181548, 658.559300, 40.139563, 0.155013, 1754, 1747.0
756, 68.636956, 660.352415, 46.806702, 0.029627, 1759, 1497.0
757, 70.832372, 662.224280, 41.571787, 0.046282, 1760, 1916.0
758, 68.067068, 663.985694, 40.845403, 0.152448, 1747, 1382.0
759, 64.229413, 660.980204, 45.546599, 0.120201, 1757, 1947.0
760, 69.906036, 663.178402, 39.599189, 0.132139, 1753, 1575.0
761, 75.375610, 659.272779, 35.928387, 0.048672, 1748, 1662.0
762, 72.574343, 661.719859, 35.977642, 0.092364, 1750, 1543.0
763, 69.000407, 658.353866, 46.646595, 0.141510, 1754, 1371.0
764, 67.848457, 663.240230, 41.356867, 0.175522, 1757, 1396.0
765, 73.417924, 659.737737, 36.753737, 0.059743, 1759, 1349.0
766, 67.641327, 662.549390, 39.110588, 0.180035, 1756, 1351.0
767, 69.916268, 662.328181, 42.965946, 0.117068, 1758, 1458.0
768, 72.936785, 659.664946, 38.933087, 0.062046, 1753, 1347.0
769, 74.526068, 660.265135, 36.804206, 0.074573, 1753, 1894.0
770, 72.125238, 662.264409, 37.860991, 0.055135, 1752, 1337.0
771, 73.277668, 661.695890, 32.103914, 0.046034, 1756, 1348.0
772, 71.355326, 659.828941, 44.228539, 0.072747, 1760, 1367.0
773, 71.667048, 664.186119, 35.255707, 0.118085, 1758, 1371.0
774, 73.304247, 660.167936, 41.983310, 0.045841, 1754, 1547.0
775, 67.950557, 661.005471, 41.099035, 0.071706, 1752, 1346.0
776, 71.355326, 659.828941, 44.228539, 0.091079, 1759, 1351.0
777, 70.987735, 661.214242, 38.279593, 0.092914, 1753, 1374.0
778, 67.415682, 661.421070, 41.754254, 0.033051, 1756, 1372.0
779, 72.430538, 659.721970, 41.825988, 0.067930, 1763, 1393.0
780, 72.208138, 660.816182, 38.002886, 0.042965, 1760, 1380.0
781, 76.767423, 659.592191, 32.602202, 0.069616, 1749, 1343.0
782, 73.910596, 660.901991, 35.991955, 0.039172, 1758, 2307.0
783, 71.411516, 662.194763, 39.944764, 0.096471, 1750, 2300.0
784, 69.235296, 663.565791, 43.222717, 0.098594, 1755, 1893.0
785, 72.362430, 663.282639, 36.516425, 0.078234, 1755, 2078.0
786, 67.711343, 658.778479, 45.670455, 0.085002, 1753, 2058.0
787, 68.257023, 661.472477, 42.253046, 0.048928, 1757, 2136.0
788, 67.307558, 660.762884, 44.781061, 0.139675, 1748, 2122.0
789, 71.853999, 660.331469, 41.259639, 0.072629, 1752, 2057.0
790, 70.687889, 662.880270, 33.585914, 0.033609, 1763, 2109.0
791, 65.296306, 664.584559, 44.957413, 0.064220, 1749, 2047.0
792, 71.914088, 663.732210, 39.275655, 0.062865, 1752, 2088.0
793, 74.416475, 660.002450, 34.563497, 0.028348, 1762, 2094.0
794, 67.634562, 660.029681, 44.195502, 0.096246, 1752, 1978.0
795, 69.148720, 659.901562, 48.087031, 0.065572, 1758, 1638.0
796, 70.365448, 661.330450, 39.970140, 0.083497, 1765, 1985.0
797, 66.238308, 663.254404, 37.567734, 0.197009, 1754, 2046.0
798, 72.430538, 659.721970, 41.825988, 0.037800, 1755, 2042.0
799, 69.148720, 659.901562, 48.087031, 0.131016, 1763, 1500.0
800, 73.236507, 659.760789, 41.905531, 0.069054, 1749, 2100.0
801, 69.449626, 662.363581, 39.312762, 0.048022, 1749, 2014.0
802, 71.928033, 658.680876, 39.759124, 0.061517, 1753, 2321.0
803, 68.706506, 656.924973, 46.865049, 0.163247, 1756, 2060.0
804, 69.046929, 662.007089, 42.600538, 0.123114, 1759, 2076.0
805, 68.911951, 660.347599, 46.898734, 0.091703, 1760, 2045.0
806, 73.417924, 659.737737, 36.753737, 0.044544, 1750, 1357.0
807, 71.409251, 659.286051, 43.147554, 0.102051, 1757, 2273.0
808, 72.956121, 661.490906, 35.293147, 0.037260, 1753, 2395.0
809, 70.891187, 661.154799, 43.189087, 0.119328, 1764, 2264.0
810, 67.754039, 657.236249, 45.393679, 0.274005, 1751, 2468.0
811, 68.257023, 661.472477, 42.253046, 0.046419, 1756, 2318.0
812, 72.329473, 661.705387, 33.587164, 0.052352, 1756, 2265.0
813, 68.827653, 662.458915, 41.340038, 0.089241, 1767, 2039.0
814, 65.417485, 659.417680, 43.170855, 0.134955, 1757, 2090.0
815, 71.386322, 659.820410, 42.475253, 0.060355, 1759, 1431.0
816, 64.229413, 660.980204, 45.546599, 0.136490, 1755, 2131.0
817, 69.267280, 662.505901, 39.976200, 0.058806, 1756, 2115.0
818, 69.525853, 659.605579, 40.529863, 0.041427, 1754, 1740.0
819, 73.274737, 660.425614, 35.899186, 0.073476, 1760, 2091.0
820, 65.981282, 662.350396, 41.004861, 0.123914, 1753, 1536.0
821, 66.963174, 661.332453, 46.617412, 0.113868, 1756, 1363.0
822, 70.600634, 662.188486, 38.734007, 0.054818, 1759, 1373.0
823, 73.577840, 659.274144, 35.186982, 0.070333, 1755, 1433.0
824, 67.911100, 663.029763, 38.889478, 0.066443, 1751, 1347.0
825, 70.498305, 660.564388, 37.679545, 0.050457, 1750, 1887.0
826, 76.057844, 659.524284, 37.252846, 0.047570, 1752, 1870.0
827, 71.740055, 660.695290, 35.638662, 0.062721, 1754, 1347.0
828, 64.894926, 662.232820, 42.325917, 0.153183, 1753, 1452.0
829, 68.233295, 662.664205, 42.504650, 0.081495, 1753, 1725.0
830, 72.542964, 661.669444, 34.331540, 0.048308, 1755, 1375.0
831, 70.657385, 663.254286, 34.977684, 0.064465, 1760, 1350.0
832, 71.858130, 660.014474, 40.459948, 0.054566, 1750, 1343.0
833, 67.549305, 659.005777, 46.468621, 0.423772, 1752, 1367.0
834, 66.794262, 658.562296, 47.066754, 0.231879, 1752, 1519.0
835, 69.026213, 662.536562, 39.700368, 0.124841, 1751, 1345.0
836, 70.989241, 660.171291, 42.092213, 0.102463, 1748, 1376.0
837, 68.402191, 662.111764, 42.606518, 0.128192, 1758, 1367.0
838, 68.259130, 657.078909, 44.862029, 0.166212, 1758, 1350.0
839, 68.184449, 661.730574, 41.255691, 0.086636, 1754, 1397.0
840, 71.901913, 659.614700, 40.105575, 0.074683, 1757, 1344.0
841, 72.012551, 662.063876, 36.848097, 0.111207, 1760, 1359.0
842, 69.210131, 659.863948, 43.939809, 0.069662, 1762, 1379.0
843, 68.067068, 663.985694, 40.845403, 0.104601, 1757, 1388.0
844, 72.133603, 663.023449, 32.309144, 0.048151, 1760, 1436.0
845, 75.129727, 658.515550, 34.404485, 0.045293, 1760, 1993.0
846, 66.343334, 661.704983, 44.496990, 0.157726, 1752, 2103.0
847, 75.627312, 660.379775, 35.349453, 0.017309, 1752, 2056.0
848, 66.967349, 659.976038, 48.434330, 0.212178, 1750, 2099.0
849, 67.383349, 663.040827, 39.541397, 0.065550, 1754, 1550.0
850, 68.763060, 657.690748, 46.107961, 0.043592, 1756, 1350.0
851, 68.813409, 658.393922, 44.913205, 0.131639, 1760, 1642.0
852, 69.244943, 662.651343, 34.901435, 0.063842, 1752, 1347.0
853, 73.439991, 662.882437, 32.398029, 0.057148, 1755, 1354.0
854, 65.521681, 655.412063, 48.775935, 0.526181, 1757, 1351.0
855, 72.075078, 661.545181, 35.334196, 0.053602, 1754, 1361.0
856, 68.813409, 658.393922, 44.913205, 0.119613, 1750, 1361.0
857, 68.706506, 656.924973, 46.865049, 0.134253, 1755, 1375.0
858, 69.040568, 663.685318, 41.430102, 0.118432, 1756, 1559.0
859, 72.880656, 660.837411, 35.038561, 0.068555, 1751, 1354.0
860, 67.117828, 662.092940, 45.855441, 0.072576, 1758, 1367.0
861, 69.988072, 662.173543, 39.598715, 0.062707, 1748, 1350.0
862, 69.577625, 662.147327, 40.632767, 0.080812, 1753, 1346.0
863, 69.698409, 662.993217, 37.946800, 0.066206, 1748, 1396.0
864, 68.295274, 662.482771, 39.069311, 0.109487, 1752, 1347.0
865, 69.549826, 662.739120, 37.926605, 0.192967, 1759, 1500.0
866, 70.989241, 660.171291, 42.092213, 0.051180, 1748, 1345.0
867, 70.883527, 661.877560, 36.532355, 0.040900, 1755, 1906.0
868, 72.044304, 660.566717, 40.821673, 0.076301, 1751, 1348.0
869, 72.760321, 662.043636, 36.227641, 0.047369, 1757, 1377.0
870, 72.858212, 661.557117, 35.056758, 0.077203, 1747, 1362.0
871, 69.956544, 660.775488, 36.718281, 0.060953, 1758, 1371.0
872, 70.997135, 661.302331, 42.317589, 0.048687, 1755, 1357.0
873, 71.262969, 662.193892, 39.709756, 0.086735, 1756, 1372.0
874, 70.228032, 661.792627, 37.534585, 0.046594, 1754, 1345.0
875, 69.000407, 658.353866, 46.646595, 0.136117, 1759, 1418.0
876, 71.386322, 659.820410, 42.475253, 0.049780, 1756, 1343.0
877, 72.454279, 661.554803, 33.536050, 0.054316, 1755, 1339.0
878, 70.263024, 663.958785, 38.023545, 0.198312, 1755, 1462.0
879, 69.683781, 663.556186, 33.295753, 0.126001, 1760, 1375.0
880, 67.911100, 663.029763, 38.889478, 0.046489, 1750, 1347.0
881, 69.286428, 661.681540, 39.065868, 0.103413, 1751, 1338.0
882, 67.397106, 662.852947, 41.502116, 0.081658, 1762, 1355.0
883, 72.430538, 659.721970, 41.825988, 0.074332, 1758, 1438.0
884, 68.433474, 660.172079, 44.900355, 0.151294, 1768, 1386.0
885, 70.340095, 661.245933, 41.740147, 0.036269, 1764, 1360.0
886, 69.341914, 661.350101, 37.554706, 0.089525, 1757, 1660.0
887, 68.860141, 661.705051, 43.976181, 0.160444, 1757, 1353.0
888, 71.212193, 661.663545, 42.254450, 0.082474, 1762, 1361.0
889, 68.827653, 662.458915, 41.340038, 0.102377, 1758, 1350.0
890, 70.228032, 661.792627, 37.534585, 0.039149, 1757, 1358.0
891, 72.430538, 659.721970, 41.825988, 0.088844, 1752, 1461.0
892, 68.429752, 662.162925, 43.902523, 0.142698, 1746, 1498.0
893, 72.324694, 659.328295, 41.724875, 0.029459, 1750, 1342.0
894, 67.394451, 663.845406, 44.948518, 0.213612, 1759, 1364.0
895, 73.664017, 661.199568, 32.951252, 0.042464, 1752, 1367.0
896, 68.294353, 661.267832, 41.018007, 0.209526, 1747, 1360.0
897, 73.596501, 660.770792, 33.421200, 0.061612, 1756, 1345.0
898, 73.295174, 660.319402, 35.813243, 0.040057, 1760, 1349.0
899, 76.830594, 660.530939, 30.395279, 0.074185, 1760, 1347.0
900, 73.417924, 659.737737, 36.753737, 0.069408, 1750, 1343.0
901, 72.324694, 659.328295, 41.724875, 0.065105, 1757, 1424.0
902, 68.250627, 660.510121, 43.384609, 0.173466, 1746, 1342.0
903, 70.989241, 660.171291, 42.092213, 0.055661, 1751, 1437.0
904, 69.785879, 660.387918, 35.184121, 0.048038, 1763, 1368.0
905, 71.901913, 659.614700, 40.105575, 0.082875, 1754, 1438.0
906, 68.432799, 659.342964, 50.346665, 0.187072, 1763, 1589.0
907, 68.224739, 662.145311, 40.829120, 0.107994, 1759, 1357.0
908, 73.274737, 660.425614, 35.899186, 0.047483, 1764, 1355.0
909, 69.148720, 659.901562, 48.087031, 0.053297, 1753, 1381.0
910, 67.754039, 657.236249, 45.393679, 0.193384, 1753, 1351.0
911, 67.389693, 658.778934, 46.956422, 0.130071, 1752, 1355.0
912, 71.318293, 660.568064, 42.505759, 0.133975, 1757, 1352.0
913, 69.174611, 665.084522, 32.613963, 0.134840, 1761, 1361.0
914, 72.538321, 661.439758, 33.584618, 0.030106, 1755, 1344.0
915, 66.877662, 663.191089, 42.591367, 0.230951, 1754, 1354.0
916, 67.022772, 663.191656, 42.141727, 0.187772, 1747, 1403.0
917, 75.524820, 658.903224, 36.075635, 0.041991, 1757, 1370.0
918, 69.116569, 664.909260, 34.551597, 0.126968, 1759, 1351.0
919, 66.136711, 660.483903, 44.717412, 0.141763, 1751, 1347.0
920, 68.266017, 660.372468, 47.251332, 0.102315, 1752, 1349.0
921, 68.449405, 663.164746, 37.469949, 0.071771, 1754, 1436.0
922, 71.467846, 660.004042, 35.893476, 0.040276, 1750, 1342.0
923, 70.832372, 662.224280, 41.571787, 0.143951, 1749, 1341.0
924, 68.005054, 662.440407, 45.132311, 0.053628, 1764, 1382.0
925, 72.120450, 660.873756, 35.754128, 0.070816, 1754, 1347.0
926, 70.168675, 659.896548, 40.841190, 0.068121, 1763, 1545.0
927, 70.102930, 662.388265, 39.240174, 0.051746, 1758, 1546.0
928, 70.394576, 661.226140, 42.840265, 0.092518, 1753, 2025.0
929, 73.154529, 661.343031, 33.793062, 0.121078, 1756, 1810.0
930, 73.449207, 659.419657, 38.409725, 0.046989, 1762, 1420.0
931, 68.699826, 660.453626, 41.821040, 0.089294, 1752, 1362.0
932, 74.458307, 660.139503, 37.968116, 0.027366, 1749, 1358.0
933, 67.901548, 661.549300, 42.478308, 0.053519, 1760, 1363.0
934, 75.027386, 660.345794, 36.140895, 0.022953, 1755, 1348.0
935, 72.492915, 659.448344, 48.202035, 0.067752, 1754, 1624.0
936, 75.165727, 661.460849, 29.709502, 0.064698, 1763, 1381.0
937, 77.221891, 660.177880, 28.965242, 0.112577, 1764, 1349.0
938, 75.853319, 659.469930, 39.721164, 0.074024, 1748, 1339.0
939, 72.329473, 661.705387, 33.587164, 0.032736, 1756, 1341.0
940, 73.627971, 661.560127, 32.203986, 0.029855, 1756, 1341.0
941, 72.430538, 659.721970, 41.825988, 0.082639, 1752, 1347.0
942, 70.690867, 662.610985, 41.001630, 0.113658, 1758, 1360.0
943, 69.175971, 663.181901, 33.922468, 0.036238, 1759, 1351.0
944, 70.630126, 662.049894, 37.057595, 0.075212, 1750, 1446.0
945, 72.166524, 661.399946, 36.870138, 0.034879, 1754, 1339.0
946, 72.012551, 662.063876, 36.848097, 0.110417, 1754, 1453.0
947, 70.948682, 665.217762, 34.590347, 0.115588, 1757, 1364.0
948, 72.637587, 660.799754, 37.375587, 0.064701, 1748, 1664.0
949, 66.099939, 661.050119, 43.515668, 0.119129, 1761, 1352.0
950, 68.406365, 661.728671, 43.713033, 0.121357, 1758, 1372.0
951, 69.267280, 662.505901, 39.976200, 0.041492, 1757, 1348.0
952, 71.524581, 663.331050, 39.244543, 0.048753, 1765, 1722.0
953, 71.901913, 659.614700, 40.105575, 0.097483, 1753, 1363.0
954, 70.394576, 661.226140, 42.840265, 0.101137, 1759, 1354.0
955, 69.218191, 664.348904, 34.897986, 0.075083, 1760, 1596.0
956, 68.951229, 663.691054, 41.482867, 0.095766, 1757, 1724.0
957, 70.994894, 659.072606, 49.253102, 0.070735, 1764, 1358.0
958, 75.465562, 659.467714, 35.491690, 0.035268, 1759, 1350.0
959, 70.185347, 661.163150, 40.232914, 0.076906, 1753, 1446.0
960, 67.149320, 662.835006, 40.275904, 0.100863, 1751, 1744.0
961, 68.233295, 662.664205, 42.504650, 0.116472, 1755, 1559.0
962, 74.230730, 657.155776, 38.137945, 0.081132, 1754, 1344.0
963, 68.870533, 660.719619, 46.833465, 0.052735, 1749, 1497.0
964, 71.048104, 661.155789, 42.060215, 0.086559, 1765, 1369.0
965, 73.283268, 658.248127, 40.419611, 0.042722, 1758, 1517.0
966, 71.737109, 661.582917, 37.780738, 0.052522, 1750, 1375.0
967, 68.813409, 658.393922, 44.913205, 0.220259, 1750, 1424.0
968, 71.790893, 660.618372, 35.611737, 0.087164, 1759, 1476.0
969, 73.702299, 659.383882, 38.958427, 0.028347, 1749, 2082.0
970, 74.057511, 657.543840, 36.001143, 0.060428, 1756, 1351.0
971, 72.670182, 659.927396, 41.319887, 0.076461, 1757, 1391.0
972, 73.274737, 660.425614, 35.899186, 0.041424, 1759, 1369.0
973, 72.329473, 661.705387, 33.587164, 0.057675, 1758, 1383.0
974, 71.262969, 662.193892, 39.709756, 0.099598, 1758, 1350.0
975, 68.279972, 659.145921, 45.984558, 0.159573, 1755, 1485.0
976, 70.592507, 660.462918, 39.759170, 0.064100, 1757, 1421.0
977, 71.092604, 660.717335, 42.621635, 0.108171, 1749, 1641.0
978, 68.406365, 661.728671, 43.713033, 0.050687, 1755, 1346.0
979, 72.430538, 659.721970, 41.825988, 0.079460, 1748, 1797.0
980, 69.397091, 660.539742, 43.671815, 0.139921, 1754, 1354.0
981, 69.756076, 661.421890, 40.096120, 0.100214, 1761, 1396.0
982, 68.066830, 662.932037, 44.707931, 0.121250, 1754, 1391.0
983, 69.310319, 662.995752, 40.041004, 0.056439, 1760, 1643.0
984, 68.111884, 657.762727, 45.663038, 0.128938, 1750, 1580.0
985, 68.111884, 657.762727, 45.663038, 0.097396, 1756, 1361.0
986, 69.912159, 660.717566, 39.869883, 0.056393, 1759, 1662.0
987, 69.067668, 661.826674, 43.894213, 0.171318, 1760, 1399.0
988, 69.639281, 660.103990, 37.595515, 0.075432, 1753, 1340.0
989, 69.449626, 662.363581, 39.312762, 0.081543, 1758, 1412.0
990, 68.715384, 661.460130, 41.568514, 0.136072, 1755, 1392.0
991, 68.870533, 660.719619, 46.833465, 0.087082, 1756, 1347.0
992, 72.748979, 660.145649, 39.782904, 0.059279, 1752, 1355.0
993, 70.183473, 664.529213, 39.471905, 0.099805, 1756, 1390.0
994, 70.157353, 660.689604, 39.266646, 0.124608, 1757, 1475.0
995, 68.038365, 662.304577, 38.640901, 0.061583, 1758, 1384.0
996, 73.111274, 662.435291, 35.711753, 0.068655, 1754, 1399.0
997, 73.692978, 660.107617, 39.325071, 0.075461, 1753, 1793.0
998, 68.067068, 663.985694, 40.845403, 0.100475, 1757, 1397.0
999, 68.397011, 659.035598, 42.581244, 0.059389, 1750, 1437.0
