#idx, x0, x1, x2, y, f_neval, total_time (us), 
0, 69.989433, 665.327891, 37.427135, 0.112376, 2263, 1723.0
1, 71.848559, 660.147960, 47.349635, 0.103394, 2263, 1733.0
2, 75.085743, 661.345608, 35.914685, 0.043237, 2257, 1716.0
3, 70.644622, 661.872846, 38.849166, 0.079415, 2269, 1812.0
4, 71.863978, 663.013084, 37.360136, 0.108727, 2266, 1720.0
5, 76.651891, 660.391209, 28.073124, 0.035113, 2268, 1739.0
6, 68.639432, 661.946687, 46.226049, 0.086673, 2270, 1734.0
7, 73.957257, 660.044083, 42.507704, 0.083281, 2256, 1777.0
8, 69.398912, 662.848992, 41.017281, 0.137101, 2265, 1739.0
9, 70.920212, 661.082839, 40.548991, 0.070835, 2260, 1720.0
10, 73.338120, 660.446381, 39.731101, 0.086736, 2265, 1727.0
11, 78.413807, 660.296908, 30.538250, 0.082134, 2264, 1716.0
12, 74.610663, 660.454639, 37.243984, 0.063046, 2259, 1742.0
13, 77.515074, 659.860625, 31.926953, 0.053912, 2262, 1733.0
14, 74.621606, 660.763298, 37.733659, 0.052378, 2259, 1722.0
15, 72.598459, 661.162411, 36.669072, 0.045058, 2263, 2498.0
16, 75.036767, 660.329686, 31.478499, 0.045433, 2262, 2655.0
17, 76.903027, 660.462880, 29.491676, 0.039274, 2261, 2494.0
18, 74.600405, 659.614262, 35.957502, 0.035500, 2259, 1779.0
19, 77.384926, 661.215180, 35.303587, 0.089136, 2266, 1727.0
20, 76.501695, 660.016026, 33.801255, 0.074851, 2260, 1717.0
21, 74.949727, 661.038454, 28.808630, 0.066343, 2265, 1724.0
22, 69.589651, 661.124999, 38.402647, 0.107599, 2269, 1725.0
23, 72.245082, 660.082887, 41.716205, 0.069909, 2265, 1776.0
24, 70.632680, 661.574816, 41.103952, 0.086944, 2271, 1738.0
25, 74.663149, 659.349677, 36.951507, 0.060865, 2263, 1725.0
26, 69.017191, 661.743235, 43.391571, 0.195198, 2263, 1722.0
27, 67.884854, 660.782569, 43.919043, 0.149450, 2266, 1793.0
28, 72.682737, 660.084258, 37.596373, 0.073623, 2269, 1733.0
29, 72.439791, 661.041278, 42.561240, 0.075703, 2263, 1726.0
30, 72.883233, 660.655124, 37.914832, 0.062966, 2257, 1770.0
31, 68.316192, 661.857115, 42.786866, 0.138258, 2260, 2226.0
32, 78.827970, 658.788538, 32.413455, 0.057426, 2262, 1822.0
33, 76.016670, 658.334727, 33.741451, 0.045725, 2263, 1784.0
34, 72.234378, 659.463841, 41.637501, 0.071171, 2267, 1732.0
35, 71.058713, 662.934009, 39.325919, 0.041314, 2266, 1785.0
36, 67.372583, 659.538094, 49.424843, 0.176056, 2259, 1732.0
37, 73.505308, 659.129332, 39.210081, 0.038217, 2262, 1713.0
38, 70.367754, 660.134463, 46.781954, 0.063220, 2264, 1731.0
39, 72.445760, 660.094757, 33.927082, 0.066896, 2264, 1743.0
40, 67.047187, 661.726848, 44.683496, 0.076353, 2268, 1744.0
41, 70.573078, 662.833344, 37.163155, 0.071944, 2268, 1772.0
42, 69.786315, 663.559956, 35.048876, 0.101871, 2264, 1720.0
43, 72.394278, 660.135932, 43.639799, 0.072423, 2263, 1745.0
44, 70.768371, 662.290882, 40.305553, 0.075969, 2260, 1777.0
45, 72.047632, 660.481101, 37.112250, 0.041926, 2266, 1737.0
46, 71.447264, 660.305630, 43.639830, 0.146924, 2265, 1723.0
47, 77.351658, 658.859667, 31.482462, 0.074680, 2255, 1732.0
48, 71.185154, 661.546961, 41.703532, 0.053327, 2260, 1786.0
49, 77.717425, 658.550379, 31.102841, 0.021814, 2258, 1714.0
50, 68.267913, 661.756184, 40.470146, 0.165241, 2268, 1750.0
51, 70.862970, 659.651056, 42.401629, 0.139427, 2258, 1717.0
52, 70.436077, 662.497602, 34.384505, 0.065794, 2268, 1948.0
53, 71.300635, 661.583662, 39.468376, 0.048571, 2262, 1713.0
54, 74.916909, 660.261961, 31.421146, 0.042515, 2263, 1826.0
55, 68.529009, 660.016865, 46.047781, 0.078675, 2272, 1774.0
56, 71.150668, 661.999192, 41.422787, 0.079512, 2267, 1762.0
57, 66.506719, 660.770546, 45.892172, 0.223823, 2279, 1742.0
58, 71.036962, 660.507468, 43.452397, 0.122374, 2270, 1778.0
59, 73.062974, 660.191916, 36.105470, 0.037366, 2272, 1730.0
60, 73.637150, 660.699815, 36.833253, 0.062154, 2261, 1731.0
61, 73.946311, 661.170167, 32.378186, 0.036049, 2264, 1857.0
62, 68.449405, 663.164746, 37.469949, 0.066806, 2263, 1727.0
63, 77.106755, 659.232400, 29.046448, 0.073076, 2257, 1729.0
64, 71.651329, 659.401235, 45.178943, 0.144249, 2257, 1730.0
65, 70.068466, 658.752970, 38.069818, 0.073355, 2273, 2174.0
66, 68.350445, 661.488699, 44.148281, 0.083168, 2276, 1748.0
67, 74.713078, 659.813274, 35.012936, 0.025954, 2268, 1777.0
68, 68.580328, 659.952496, 43.927766, 0.073198, 2271, 1792.0
69, 69.655695, 661.092136, 41.899617, 0.086352, 2261, 1951.0
70, 66.753366, 660.813263, 45.971773, 0.111433, 2271, 1740.0
71, 73.265440, 659.869041, 40.654317, 0.062482, 2260, 1730.0
72, 71.183323, 664.096163, 36.511563, 0.084331, 2267, 1732.0
73, 68.465222, 661.371484, 44.640072, 0.042351, 2274, 1788.0
74, 70.436077, 662.497602, 34.384505, 0.069863, 2271, 1735.0
75, 71.352017, 660.470466, 36.345452, 0.034321, 2264, 1806.0
76, 68.656671, 663.190112, 36.439746, 0.096758, 2261, 1720.0
77, 66.069125, 662.087593, 43.078396, 0.115678, 2265, 1881.0
78, 76.633741, 658.776453, 37.261880, 0.036078, 2256, 1731.0
79, 71.360849, 660.231237, 42.523557, 0.140629, 2258, 1730.0
80, 70.150549, 661.950510, 37.607404, 0.031410, 2268, 1736.0
81, 69.105450, 661.821888, 42.786352, 0.040787, 2274, 1743.0
82, 67.397106, 662.852947, 41.502116, 0.107339, 2268, 2204.0
83, 68.941480, 662.275338, 39.757318, 0.061164, 2269, 2591.0
84, 69.386297, 660.465558, 45.133144, 0.121785, 2264, 2643.0
85, 67.222949, 661.559051, 43.962464, 0.113392, 2270, 1730.0
86, 74.700107, 660.968144, 33.378017, 0.032591, 2264, 1734.0
87, 68.580502, 662.968851, 41.015058, 0.079108, 2273, 1720.0
88, 64.745445, 666.230080, 39.226117, 0.216251, 2274, 1727.0
89, 71.458394, 661.129557, 37.327692, 0.052365, 2268, 1792.0
90, 69.551853, 661.044818, 45.043997, 0.062503, 2263, 1741.0
91, 72.837868, 660.479103, 38.167623, 0.054438, 2268, 1773.0
92, 71.991571, 662.397200, 40.664073, 0.049597, 2270, 1718.0
93, 71.239478, 660.628449, 41.887030, 0.044872, 2264, 1787.0
94, 70.936554, 660.627793, 45.197282, 0.058527, 2257, 1722.0
95, 75.538540, 661.549137, 30.772590, 0.052588, 2273, 1734.0
96, 72.322038, 659.678320, 39.904772, 0.030755, 2264, 1738.0
97, 70.163374, 662.483603, 43.339796, 0.045324, 2268, 1737.0
98, 73.622751, 660.833589, 37.198276, 0.045306, 2257, 1716.0
99, 71.906292, 661.283486, 35.938893, 0.045678, 2263, 1717.0
100, 69.854624, 660.896332, 46.488568, 0.048053, 2278, 2261.0
101, 70.221221, 662.248328, 43.701133, 0.146712, 2269, 1728.0
102, 68.630256, 660.970201, 42.545001, 0.080982, 2268, 1750.0
103, 68.866452, 660.855904, 41.278380, 0.049819, 2265, 1742.0
104, 68.131290, 660.800254, 40.600579, 0.127491, 2267, 1726.0
105, 69.922402, 661.763283, 36.572465, 0.076829, 2267, 1738.0
106, 68.190272, 660.785750, 44.842977, 0.085929, 2267, 1783.0
107, 75.923545, 658.176964, 44.030541, 0.078092, 2248, 1735.0
108, 70.082229, 661.655906, 43.315168, 0.061827, 2267, 1729.0
109, 65.421932, 661.406965, 44.116034, 0.157878, 2265, 1733.0
110, 72.801222, 660.513584, 39.516261, 0.078068, 2264, 1774.0
111, 72.075078, 661.545181, 35.334196, 0.062806, 2272, 1732.0
112, 75.981599, 659.366577, 31.296065, 0.037897, 2267, 1741.0
113, 68.869048, 662.140812, 44.543835, 0.079972, 2265, 1729.0
114, 68.759885, 662.645325, 44.786394, 0.078546, 2264, 1794.0
115, 73.597271, 661.640058, 32.159009, 0.029141, 2258, 1713.0
116, 72.403684, 659.480924, 35.276318, 0.042524, 2262, 1741.0
117, 71.882919, 660.567728, 44.958459, 0.047855, 2261, 1724.0
118, 69.964012, 663.029522, 40.311488, 0.062021, 2267, 1729.0
119, 73.177478, 658.573958, 40.391520, 0.029592, 2263, 1786.0
120, 69.623136, 661.155978, 38.528874, 0.066399, 2266, 1723.0
121, 65.316899, 662.485033, 45.469007, 0.188920, 2272, 1740.0
122, 76.730078, 659.395710, 30.772497, 0.077337, 2260, 1717.0
123, 70.606483, 661.880662, 42.125384, 0.034027, 2267, 1918.0
124, 73.828488, 659.477150, 36.551196, 0.034130, 2272, 1728.0
125, 71.332269, 659.272354, 44.076878, 0.053388, 2255, 1731.0
126, 68.002519, 659.211921, 44.472362, 0.052762, 2269, 1733.0
127, 68.149890, 661.555520, 40.497580, 0.080214, 2268, 1831.0
128, 68.545386, 658.068109, 43.318563, 0.146819, 2274, 1746.0
129, 70.842259, 661.723347, 41.030529, 0.123793, 2266, 1727.0
130, 69.997811, 664.463535, 36.777664, 0.079963, 2263, 1724.0
131, 66.844619, 664.844283, 42.403510, 0.124372, 2269, 1727.0
132, 73.939266, 658.424996, 39.006318, 0.037051, 2256, 1719.0
133, 69.609108, 660.101416, 44.775487, 0.076052, 2276, 2339.0
134, 70.576283, 662.733618, 37.334623, 0.034912, 2262, 1723.0
135, 70.992088, 662.464332, 35.976874, 0.064322, 2264, 1777.0
136, 68.087883, 660.592380, 44.187896, 0.237617, 2269, 1748.0
137, 68.529364, 659.783347, 48.918047, 0.166696, 2267, 1732.0
138, 65.292224, 662.050991, 44.109197, 0.241349, 2269, 1750.0
139, 71.997101, 659.969724, 42.292580, 0.132532, 2269, 1740.0
140, 66.675967, 662.520643, 45.209936, 0.093063, 2267, 1857.0
141, 68.941480, 662.275338, 39.757318, 0.075376, 2271, 1728.0
142, 74.717642, 660.079884, 36.660782, 0.072344, 2267, 1726.0
143, 76.706104, 659.417975, 30.776725, 0.058635, 2260, 1729.0
144, 72.109735, 662.272127, 40.502164, 0.095262, 2258, 1776.0
145, 71.970031, 659.631935, 45.017302, 0.094986, 2258, 1727.0
146, 71.429341, 661.406733, 37.253487, 0.070380, 2270, 1731.0
147, 79.295727, 660.476122, 25.744592, 0.051010, 2262, 1783.0
148, 73.315791, 661.355613, 32.878658, 0.053638, 2263, 1770.0
149, 71.384544, 662.826435, 42.205805, 0.122198, 2273, 1739.0
150, 67.979273, 663.534779, 45.367676, 0.051126, 2265, 2156.0
151, 71.232152, 661.904791, 41.350930, 0.095210, 2277, 1746.0
152, 73.333419, 660.557304, 41.801185, 0.147378, 2258, 1798.0
153, 67.793785, 661.227732, 45.407524, 0.246997, 2276, 1745.0
154, 68.695146, 660.792893, 43.325696, 0.117356, 2259, 1724.0
155, 69.477207, 661.328432, 44.186836, 0.181667, 2262, 1769.0
156, 67.812210, 660.202715, 45.797520, 0.100839, 2263, 1783.0
157, 72.171560, 660.511582, 36.660431, 0.010314, 2266, 1746.0
158, 73.317959, 660.607456, 38.911679, 0.035576, 2274, 1728.0
159, 70.680559, 661.476036, 44.456295, 0.072637, 2270, 1734.0
160, 71.620642, 660.836455, 42.574644, 0.103761, 2261, 1732.0
161, 68.083300, 664.185938, 41.243066, 0.242165, 2265, 1716.0
162, 69.064281, 662.549406, 43.283511, 0.155353, 2269, 1743.0
163, 67.493486, 660.392022, 45.631029, 0.109902, 2268, 1730.0
164, 71.476193, 660.777853, 41.457712, 0.035252, 2262, 1855.0
165, 70.180924, 662.324341, 41.742987, 0.076682, 2268, 1795.0
166, 72.369874, 660.383605, 40.625895, 0.112618, 2262, 1743.0
167, 65.325041, 661.242876, 45.499535, 0.234057, 2266, 1794.0
168, 74.583369, 661.254318, 33.260567, 0.044599, 2266, 2573.0
169, 75.256704, 659.549459, 36.492186, 0.038211, 2252, 1715.0
170, 70.984536, 661.231465, 42.751873, 0.058828, 2273, 1748.0
171, 70.980844, 659.848956, 41.083373, 0.067082, 2258, 1721.0
172, 72.940860, 660.913895, 38.276370, 0.042724, 2265, 1732.0
173, 73.050727, 660.651023, 39.806832, 0.056741, 2255, 1717.0
174, 69.217257, 661.763441, 45.628842, 0.113416, 2269, 1739.0
175, 67.076407, 665.091126, 38.460632, 0.115598, 2268, 1759.0
176, 65.408734, 659.212838, 47.248117, 0.213732, 2265, 1724.0
177, 71.429261, 663.075407, 39.897593, 0.084916, 2260, 1881.0
178, 67.789178, 659.289981, 48.314450, 0.158853, 2266, 1726.0
179, 70.755414, 659.992616, 43.261720, 0.053914, 2274, 1810.0
180, 75.456749, 659.920146, 36.668347, 0.059780, 2254, 1717.0
181, 72.055777, 659.689159, 38.827505, 0.037818, 2261, 1842.0
182, 69.376490, 660.418699, 42.355275, 0.071008, 2259, 1733.0
183, 67.321589, 663.633921, 40.120067, 0.120997, 2276, 1739.0
184, 71.387720, 661.985620, 40.497467, 0.075218, 2269, 2098.0
185, 70.784887, 662.254681, 36.738180, 0.043646, 2269, 2659.0
186, 73.228584, 658.598444, 40.098768, 0.052783, 2265, 1728.0
187, 65.030480, 661.619714, 48.069920, 0.106557, 2268, 1772.0
188, 67.043093, 663.806770, 39.925827, 0.139083, 2268, 1732.0
189, 71.405983, 661.616474, 35.302195, 0.036532, 2266, 1902.0
190, 68.932856, 662.451677, 43.840546, 0.126090, 2264, 1726.0
191, 71.514281, 660.373201, 42.868454, 0.038296, 2274, 1732.0
192, 74.384138, 660.770968, 32.852986, 0.049535, 2265, 1729.0
193, 71.240669, 663.186244, 36.356667, 0.044501, 2265, 1778.0
194, 74.680888, 660.325576, 33.291165, 0.041832, 2265, 1740.0
195, 73.323989, 661.396332, 38.422351, 0.100381, 2255, 1718.0
196, 69.975388, 662.070365, 42.691879, 0.050717, 2265, 1857.0
197, 68.509082, 661.861883, 39.943082, 0.118759, 2265, 1775.0
198, 74.954753, 659.706308, 30.422395, 0.058475, 2263, 1734.0
199, 72.019174, 662.085978, 33.141804, 0.066903, 2264, 1727.0
200, 72.897807, 659.738374, 38.705743, 0.099155, 2258, 1730.0
201, 69.128163, 662.027015, 39.832079, 0.058441, 2264, 2516.0
202, 68.446244, 664.123823, 37.300707, 0.040911, 2271, 1743.0
203, 78.826865, 658.039392, 37.354122, 0.078425, 2266, 1726.0
204, 71.330174, 660.912928, 40.807870, 0.035258, 2268, 1741.0
205, 75.206433, 660.312904, 39.666153, 0.122355, 2251, 1720.0
206, 72.039127, 662.129339, 35.055519, 0.059394, 2267, 1732.0
207, 67.764391, 664.249501, 40.469031, 0.118036, 2269, 1728.0
208, 66.993640, 661.337746, 45.856197, 0.050387, 2266, 1730.0
209, 73.481078, 660.458189, 39.746185, 0.056613, 2260, 1742.0
210, 71.455021, 662.247444, 39.365651, 0.043007, 2261, 1771.0
211, 72.369022, 663.088303, 35.282452, 0.042836, 2273, 1741.0
212, 70.511635, 662.267180, 41.390879, 0.069532, 2263, 1722.0
213, 69.681125, 664.109209, 38.660324, 0.036023, 2265, 1739.0
214, 72.937423, 659.531156, 37.407702, 0.096874, 2255, 1784.0
215, 72.424365, 661.218041, 40.812100, 0.118998, 2257, 1723.0
216, 70.370672, 662.038443, 42.241148, 0.132426, 2260, 1724.0
217, 71.183954, 662.875771, 39.474987, 0.031962, 2269, 1726.0
218, 74.793776, 659.756909, 32.267628, 0.042207, 2255, 2144.0
219, 75.420423, 660.311651, 36.937118, 0.073099, 2271, 1819.0
220, 72.230801, 662.597329, 36.435443, 0.026970, 2277, 1734.0
221, 74.597977, 660.482413, 37.742305, 0.103916, 2265, 1736.0
222, 76.050502, 658.981149, 42.250844, 0.129838, 2246, 1777.0
223, 70.774239, 660.746788, 42.849468, 0.112656, 2265, 1736.0
224, 69.150547, 663.938268, 37.014817, 0.044893, 2271, 1750.0
225, 67.397106, 662.852947, 41.502116, 0.128146, 2274, 1739.0
226, 74.068444, 662.218967, 28.673242, 0.059482, 2267, 1797.0
227, 71.985329, 660.652191, 37.382598, 0.058298, 2267, 1724.0
228, 71.354216, 660.235342, 42.621570, 0.087539, 2261, 1725.0
229, 71.188151, 662.907205, 38.888213, 0.041929, 2267, 1721.0
230, 71.396111, 659.647989, 39.185380, 0.034301, 2261, 1781.0
231, 76.822461, 661.630827, 32.313586, 0.106907, 2259, 1719.0
232, 70.894741, 662.284339, 36.442260, 0.095826, 2265, 1725.0
233, 67.911100, 663.029763, 38.889478, 0.051987, 2264, 1723.0
234, 67.469853, 662.518429, 44.381767, 0.109849, 2257, 1768.0
235, 72.255177, 660.040642, 41.750542, 0.082123, 2263, 2464.0
236, 74.540062, 660.950956, 37.965734, 0.066777, 2260, 2759.0
237, 67.536647, 663.341602, 42.572698, 0.077006, 2267, 2481.0
238, 72.892452, 660.744937, 35.242276, 0.042065, 2258, 1714.0
239, 74.011604, 661.432961, 39.970981, 0.051100, 2263, 1729.0
240, 74.887695, 659.203940, 37.441558, 0.022239, 2266, 1721.0
241, 70.780348, 657.838325, 46.518103, 0.161541, 2258, 1793.0
242, 68.409934, 660.395713, 47.154524, 0.070038, 2268, 1727.0
243, 71.647570, 661.783281, 38.585522, 0.046953, 2257, 1713.0
244, 70.503647, 659.243867, 42.528020, 0.046592, 2276, 1760.0
245, 73.371058, 659.677796, 38.389797, 0.055652, 2265, 1781.0
246, 74.497434, 658.262605, 40.419011, 0.055902, 2261, 1728.0
247, 71.906322, 659.953505, 40.265538, 0.015250, 2265, 1724.0
248, 67.500558, 663.089970, 44.109194, 0.180244, 2268, 1737.0
249, 69.983642, 659.140155, 44.898633, 0.175068, 2251, 1713.0
250, 69.204519, 663.613633, 37.955386, 0.031007, 2267, 1724.0
251, 69.682561, 660.634915, 41.812402, 0.164421, 2258, 2131.0
252, 74.137312, 660.849825, 37.401675, 0.063557, 2254, 1715.0
253, 73.136059, 659.193638, 36.302732, 0.032429, 2265, 1733.0
254, 71.881742, 660.945722, 36.674056, 0.070052, 2271, 1785.0
255, 69.564804, 662.648564, 36.984752, 0.049189, 2271, 1731.0
256, 74.136701, 659.604946, 38.704967, 0.057109, 2265, 1726.0
257, 72.926408, 660.009482, 40.238267, 0.083393, 2261, 1725.0
258, 69.182674, 662.452505, 41.160143, 0.041316, 2269, 1779.0
259, 69.192758, 660.134347, 41.052390, 0.172251, 2271, 1728.0
260, 70.528809, 662.207934, 37.966105, 0.133088, 2266, 1728.0
261, 69.042516, 662.661407, 42.366026, 0.092419, 2269, 1728.0
262, 76.525260, 658.832131, 30.935375, 0.059007, 2261, 1737.0
263, 67.682368, 659.188456, 46.532640, 0.209449, 2273, 1734.0
264, 75.331524, 660.479351, 28.247814, 0.074349, 2258, 1718.0
265, 73.928745, 660.584233, 28.638038, 0.014685, 2267, 1726.0
266, 69.629207, 659.670644, 45.545540, 0.063532, 2276, 1748.0
267, 71.742126, 660.408954, 34.954698, 0.035322, 2260, 1771.0
268, 72.061194, 661.691916, 36.316680, 0.076087, 2274, 1727.0
269, 70.975206, 660.097731, 41.739516, 0.108106, 2258, 1738.0
270, 76.354881, 658.671996, 33.300209, 0.046275, 2256, 1717.0
271, 72.874774, 662.846441, 36.392437, 0.055768, 2269, 1786.0
272, 70.900806, 660.002667, 40.548717, 0.032312, 2270, 1731.0
273, 69.386297, 660.465558, 45.133144, 0.123326, 2263, 1809.0
274, 76.852573, 660.999551, 21.272296, 0.062983, 2259, 1796.0
275, 75.338078, 659.810182, 36.642820, 0.076355, 2253, 1782.0
276, 76.093806, 659.333083, 32.708846, 0.042934, 2263, 1719.0
277, 74.055513, 661.097826, 38.677325, 0.064530, 2264, 1728.0
278, 74.413637, 661.102117, 32.977545, 0.091073, 2264, 1731.0
279, 69.386297, 660.465558, 45.133144, 0.097690, 2275, 1861.0
280, 73.923651, 659.412404, 37.130867, 0.059750, 2261, 1741.0
281, 71.868924, 662.023101, 38.602517, 0.037914, 2265, 1727.0
282, 69.585138, 658.368589, 44.506545, 0.119925, 2267, 1734.0
283, 76.576289, 659.564827, 32.069309, 0.068693, 2253, 1766.0
284, 73.239962, 662.559080, 33.032162, 0.067480, 2260, 1736.0
285, 68.947336, 657.659424, 46.227886, 0.362685, 2267, 1724.0
286, 70.004346, 661.943029, 39.362759, 0.041359, 2270, 2275.0
287, 67.005167, 661.634674, 44.676382, 0.110958, 2268, 1752.0
288, 70.929029, 660.689854, 40.980086, 0.060578, 2266, 1727.0
289, 69.235094, 661.471461, 40.761741, 0.073786, 2259, 1727.0
290, 69.327343, 663.018318, 42.833111, 0.165452, 2260, 1722.0
291, 69.805537, 662.751838, 41.762484, 0.066567, 2270, 1745.0
292, 71.751831, 661.813458, 41.567075, 0.074112, 2267, 1785.0
293, 70.517627, 662.331933, 37.888729, 0.099129, 2268, 1825.0
294, 70.862134, 661.840620, 43.892169, 0.097322, 2265, 1726.0
295, 69.194445, 660.576826, 43.216584, 0.155462, 2266, 1734.0
296, 72.467285, 661.239577, 37.133489, 0.033514, 2274, 1791.0
297, 71.221576, 661.265054, 39.424219, 0.038851, 2262, 1735.0
298, 66.474110, 660.135038, 45.993920, 0.135171, 2269, 1736.0
299, 73.409334, 660.605703, 40.858555, 0.118749, 2263, 1725.0
300, 72.437663, 661.247087, 38.720358, 0.048042, 2264, 1931.0
301, 72.377617, 661.171087, 37.822018, 0.035661, 2259, 1730.0
302, 70.232814, 662.167890, 33.574819, 0.065702, 2266, 1723.0
303, 72.686856, 661.644700, 35.838493, 0.062052, 2259, 2097.0
304, 72.914164, 662.918126, 30.754146, 0.062315, 2273, 1783.0
305, 74.956218, 659.931877, 31.909466, 0.044896, 2261, 1726.0
306, 70.785208, 660.229043, 41.012706, 0.082126, 2272, 1741.0
307, 75.198692, 660.466409, 28.289608, 0.056197, 2274, 1726.0
308, 71.751805, 660.248637, 39.893070, 0.061760, 2261, 1880.0
309, 73.917582, 661.186215, 39.261206, 0.053608, 2257, 1716.0
310, 70.187028, 662.013005, 41.405397, 0.041775, 2263, 1741.0
311, 68.951957, 662.960093, 38.838145, 0.078855, 2268, 1728.0
312, 76.031570, 661.046867, 29.799609, 0.065926, 2257, 1714.0
313, 70.984536, 661.231465, 42.751873, 0.056545, 2271, 1735.0
314, 74.338107, 661.475415, 36.117233, 0.066564, 2264, 1723.0
315, 75.182080, 659.799272, 36.428646, 0.047170, 2257, 1723.0
316, 78.511547, 658.597545, 34.297086, 0.140153, 2256, 1716.0
317, 74.398662, 661.072523, 32.502985, 0.028048, 2267, 1773.0
318, 69.503771, 665.314017, 39.025200, 0.123128, 2265, 1723.0
319, 73.858563, 662.158257, 32.352503, 0.045472, 2262, 1728.0
320, 73.282683, 662.973064, 31.602999, 0.061441, 2270, 2127.0
321, 71.862081, 661.728787, 38.504170, 0.051707, 2266, 1791.0
322, 68.323391, 663.728043, 38.759741, 0.072733, 2271, 1731.0
323, 77.302087, 662.851591, 26.768401, 0.097252, 2268, 1716.0
324, 73.219549, 661.760144, 35.904386, 0.035598, 2274, 1736.0
325, 75.220081, 660.642158, 30.877735, 0.018738, 2259, 1785.0
326, 77.005446, 659.580512, 37.437901, 0.104108, 2259, 1719.0
327, 70.882253, 664.315328, 40.529658, 0.074666, 2260, 1723.0
328, 74.308619, 659.590498, 39.899501, 0.053058, 2261, 1727.0
329, 66.667679, 661.315904, 43.966578, 0.055107, 2267, 1737.0
330, 70.752266, 662.338238, 40.392604, 0.048841, 2269, 1727.0
331, 69.181545, 661.291849, 41.819827, 0.135691, 2270, 1730.0
332, 71.420077, 660.424200, 40.817997, 0.063802, 2268, 1727.0
333, 68.650719, 662.161151, 43.228206, 0.101046, 2265, 1723.0
334, 70.584463, 660.516098, 42.095870, 0.078931, 2269, 1782.0
335, 70.003318, 660.194406, 46.072812, 0.113461, 2274, 1732.0
336, 66.261178, 663.045643, 43.411628, 0.135439, 2257, 1720.0
337, 70.872090, 662.610436, 37.675085, 0.061555, 2268, 1725.0
338, 69.915448, 661.294849, 40.240716, 0.063109, 2271, 2226.0
339, 72.781489, 661.540022, 38.496984, 0.059890, 2265, 1734.0
340, 69.295876, 661.458533, 44.669593, 0.067686, 2265, 1724.0
341, 71.142677, 661.096834, 35.019012, 0.044418, 2264, 1731.0
342, 71.218881, 659.906107, 43.438884, 0.076034, 2261, 1780.0
343, 71.275084, 661.930823, 39.428482, 0.040196, 2272, 1737.0
344, 70.832372, 662.224280, 41.571787, 0.154961, 2260, 1722.0
345, 74.101249, 661.365293, 30.195406, 0.071158, 2264, 1733.0
346, 69.131258, 658.415872, 48.341735, 0.161626, 2262, 1733.0
347, 73.236150, 659.956478, 38.397621, 0.063222, 2261, 1729.0
348, 69.701263, 660.867857, 44.275705, 0.137531, 2263, 1731.0
349, 68.449405, 663.164746, 37.469949, 0.060887, 2273, 1727.0
350, 77.522635, 660.473864, 31.426776, 0.089683, 2262, 1726.0
351, 67.952598, 659.697506, 48.251719, 0.225551, 2268, 1790.0
352, 72.114193, 663.019107, 35.990228, 0.075583, 2268, 1745.0
353, 70.998880, 661.659426, 39.907031, 0.065514, 2268, 1742.0
354, 73.132984, 662.299414, 37.204314, 0.068971, 2267, 1724.0
355, 71.201496, 661.797871, 38.488901, 0.055712, 2259, 1891.0
356, 72.595307, 661.935076, 33.399372, 0.057363, 2268, 1726.0
357, 69.339000, 662.145739, 40.176161, 0.133287, 2269, 1737.0
358, 66.715403, 662.673122, 44.646041, 0.104916, 2269, 1726.0
359, 74.298810, 660.149590, 36.822692, 0.064724, 2274, 1733.0
360, 71.540977, 662.319712, 41.201205, 0.097560, 2261, 1810.0
361, 72.165463, 659.086778, 39.037123, 0.031670, 2266, 1719.0
362, 71.368189, 663.522852, 30.748839, 0.043589, 2263, 1725.0
363, 72.841948, 661.702310, 38.145965, 0.016786, 2269, 1721.0
364, 74.411147, 660.202900, 37.877295, 0.043239, 2256, 1794.0
365, 73.693708, 660.341829, 36.365754, 0.024093, 2267, 1720.0
366, 70.348300, 661.207699, 41.178858, 0.063993, 2264, 1723.0
367, 72.229233, 662.337931, 29.041321, 0.025723, 2263, 1719.0
368, 73.828460, 660.189715, 37.815270, 0.039452, 2262, 1778.0
369, 72.287481, 660.799928, 37.804379, 0.058729, 2270, 1739.0
370, 73.829265, 660.038914, 41.889851, 0.066281, 2257, 1721.0
371, 75.216196, 661.577350, 38.400054, 0.079989, 2266, 1728.0
372, 72.502021, 661.728560, 32.650579, 0.056634, 2275, 1991.0
373, 73.554742, 659.525167, 39.345630, 0.064669, 2259, 1731.0
374, 68.390676, 662.651425, 45.170625, 0.195899, 2272, 1890.0
375, 72.867479, 660.449121, 37.770378, 0.055896, 2260, 1717.0
376, 72.262397, 660.820442, 38.027199, 0.043292, 2272, 1945.0
377, 70.162551, 663.136125, 40.500785, 0.104704, 2262, 1719.0
378, 70.752266, 662.338238, 40.392604, 0.074125, 2268, 1737.0
379, 70.039363, 662.313269, 39.568381, 0.061648, 2270, 1731.0
380, 75.931715, 659.759855, 39.380762, 0.058613, 2255, 1715.0
381, 70.402555, 662.640180, 38.562857, 0.089831, 2258, 1781.0
382, 74.018070, 660.566278, 37.961371, 0.020760, 2262, 1722.0
383, 76.755683, 660.484256, 27.374123, 0.034468, 2258, 1765.0
384, 71.550012, 660.598042, 42.533577, 0.136691, 2263, 1732.0
385, 70.933863, 662.016427, 42.022135, 0.085190, 2260, 1827.0
386, 75.569578, 660.196952, 40.485506, 0.071779, 2259, 1736.0
387, 68.624866, 661.056933, 40.640560, 0.142359, 2265, 1733.0
388, 70.268377, 661.771931, 40.704651, 0.071736, 2273, 1754.0
389, 69.229339, 659.613917, 43.416634, 0.114180, 2265, 1910.0
390, 76.288166, 659.638916, 35.542877, 0.088143, 2262, 1709.0
391, 76.743401, 661.077119, 36.474490, 0.136354, 2261, 2676.0
392, 71.350451, 660.252948, 40.369795, 0.064924, 2262, 2681.0
393, 74.047250, 661.280731, 37.401698, 0.055907, 2270, 1742.0
394, 71.308718, 659.289181, 44.167125, 0.098741, 2262, 1794.0
395, 78.014897, 657.930463, 34.195800, 0.083287, 2268, 1870.0
396, 73.572366, 660.394346, 38.246788, 0.044475, 2257, 1776.0
397, 72.233465, 661.825329, 38.255055, 0.029049, 2266, 1751.0
398, 73.452996, 660.476585, 39.061460, 0.043741, 2263, 1723.0
399, 76.250851, 659.890342, 35.716292, 0.078868, 2265, 1744.0
400, 71.180787, 660.379235, 42.706661, 0.109005, 2268, 1726.0
401, 69.658326, 662.632893, 40.772213, 0.062897, 2275, 1838.0
402, 70.340095, 661.245933, 41.740147, 0.109251, 2260, 1718.0
403, 73.503514, 660.864632, 40.633806, 0.033153, 2259, 1719.0
404, 70.320282, 661.108372, 43.406079, 0.055257, 2266, 1731.0
405, 74.243533, 660.711916, 34.447614, 0.037570, 2266, 1773.0
406, 73.112726, 662.259150, 31.201969, 0.044651, 2268, 1873.0
407, 74.703277, 660.908086, 36.633121, 0.059780, 2256, 1727.0
408, 74.150421, 660.081738, 34.233549, 0.057049, 2269, 1750.0
409, 75.078187, 662.261248, 29.374929, 0.126919, 2268, 1880.0
410, 67.872198, 663.886020, 41.570623, 0.083085, 2268, 1725.0
411, 80.860859, 658.071748, 28.465656, 0.065380, 2267, 1733.0
412, 72.871956, 661.916763, 33.090627, 0.036942, 2270, 1724.0
413, 73.717238, 660.604854, 39.292389, 0.037741, 2264, 1789.0
414, 72.824129, 660.187034, 38.856879, 0.046200, 2272, 1734.0
415, 74.702920, 660.616798, 40.502495, 0.041824, 2259, 1720.0
416, 74.401585, 661.029970, 30.113979, 0.048834, 2264, 1748.0
417, 67.956911, 658.618761, 45.289650, 0.221228, 2269, 1782.0
418, 73.737098, 661.949312, 34.626067, 0.054347, 2262, 1725.0
419, 70.931801, 661.975314, 39.213720, 0.056286, 2268, 1729.0
420, 71.043250, 660.954412, 39.325922, 0.121194, 2264, 1724.0
421, 74.704827, 659.515552, 36.814635, 0.057400, 2261, 1725.0
422, 73.181524, 661.055437, 38.271725, 0.052244, 2261, 1768.0
423, 70.231604, 661.970723, 41.471558, 0.086510, 2265, 2112.0
424, 72.595307, 661.935076, 33.399372, 0.068646, 2269, 1745.0
425, 76.064329, 658.754000, 36.768313, 0.062343, 2260, 1724.0
426, 71.647570, 661.783281, 38.585522, 0.061092, 2265, 1807.0
427, 72.430538, 659.721970, 41.825988, 0.061149, 2257, 1722.0
428, 77.910729, 661.229824, 26.493311, 0.085171, 2262, 1723.0
429, 68.735892, 661.751561, 45.515416, 0.139005, 2266, 1726.0
430, 75.264641, 660.765347, 36.257990, 0.065994, 2260, 2014.0
431, 67.692171, 663.099712, 45.521305, 0.058132, 2266, 1727.0
432, 72.312341, 662.175085, 38.519879, 0.057974, 2256, 1732.0
433, 73.407943, 660.238331, 35.787454, 0.048377, 2269, 1734.0
434, 71.169331, 659.728001, 40.618307, 0.039129, 2267, 1930.0
435, 68.146784, 660.128051, 42.312705, 0.087644, 2265, 1736.0
436, 67.053477, 663.369559, 36.632703, 0.114979, 2267, 1729.0
437, 69.460779, 660.271281, 45.434530, 0.116779, 2261, 1736.0
438, 68.863436, 664.445488, 32.183531, 0.086597, 2266, 1734.0
439, 70.943705, 661.090283, 39.053101, 0.040457, 2264, 1722.0
440, 70.687448, 661.806640, 39.689009, 0.039923, 2265, 1733.0
441, 75.256704, 659.549459, 36.492186, 0.053120, 2256, 1731.0
442, 67.397106, 662.852947, 41.502116, 0.063546, 2268, 1740.0
443, 74.246767, 659.857740, 34.781656, 0.013874, 2272, 1880.0
444, 71.022089, 659.538544, 45.503813, 0.090444, 2266, 1735.0
445, 73.083202, 660.566815, 36.607894, 0.027923, 2273, 1924.0
446, 73.073053, 660.838776, 41.826245, 0.136295, 2255, 1707.0
447, 72.668889, 662.929303, 39.793224, 0.131487, 2266, 1886.0
448, 70.793397, 661.589055, 41.367559, 0.044224, 2267, 1727.0
449, 70.630115, 661.361864, 39.604714, 0.058622, 2265, 1731.0
450, 73.581286, 660.717079, 39.060307, 0.049598, 2258, 1710.0
451, 69.774402, 662.748534, 41.862868, 0.111523, 2267, 1791.0
452, 70.702608, 661.981655, 35.799086, 0.060357, 2265, 1743.0
453, 75.551296, 659.736115, 35.692642, 0.026972, 2264, 1718.0
454, 68.386345, 661.239662, 37.457045, 0.060856, 2269, 1737.0
455, 72.430538, 659.721970, 41.825988, 0.114683, 2254, 1720.0
456, 78.832419, 660.639480, 29.991109, 0.126262, 2268, 1740.0
457, 70.613806, 662.305351, 34.010002, 0.059301, 2265, 1843.0
458, 73.594537, 660.793469, 35.304236, 0.029957, 2264, 1736.0
459, 72.430538, 659.721970, 41.825988, 0.150242, 2260, 1877.0
460, 70.726049, 660.769314, 44.297603, 0.119240, 2254, 1731.0
461, 72.980077, 660.628643, 40.023043, 0.102274, 2251, 1726.0
462, 71.094531, 660.349336, 40.893746, 0.045842, 2262, 1766.0
463, 73.218906, 661.572447, 40.161217, 0.092207, 2255, 1721.0
464, 72.744515, 659.523677, 44.563705, 0.094455, 2259, 1797.0
465, 71.119985, 661.213044, 45.612650, 0.066889, 2266, 1726.0
466, 67.250869, 660.764739, 44.249468, 0.136613, 2266, 1760.0
467, 74.319017, 659.126048, 38.021426, 0.088912, 2252, 1725.0
468, 73.758715, 659.985615, 40.348501, 0.040263, 2259, 1887.0
469, 67.901509, 663.659054, 40.038869, 0.079990, 2269, 1750.0
470, 69.623136, 661.155978, 38.528874, 0.125138, 2276, 1723.0
471, 72.550337, 659.603144, 41.902144, 0.099133, 2249, 1742.0
472, 69.074473, 663.878269, 41.570619, 0.107132, 2271, 1780.0
473, 70.904373, 662.784942, 35.372317, 0.062812, 2273, 1801.0
474, 68.518417, 661.104739, 43.879973, 0.183392, 2265, 1731.0
475, 72.271975, 660.345557, 38.414770, 0.097244, 2256, 1717.0
476, 69.324480, 660.932585, 45.065008, 0.138120, 2267, 1866.0
477, 72.460793, 661.571672, 36.215785, 0.031027, 2266, 1720.0
478, 71.054295, 660.503896, 39.302985, 0.016608, 2261, 1729.0
479, 72.602433, 662.261237, 40.617455, 0.082272, 2265, 1726.0
480, 73.128883, 660.049574, 41.127417, 0.062330, 2259, 1912.0
481, 72.430538, 659.721970, 41.825988, 0.033848, 2257, 1737.0
482, 72.035594, 662.373480, 41.501496, 0.079821, 2258, 1720.0
483, 68.213014, 660.244932, 43.683006, 0.121464, 2264, 1732.0
484, 70.086617, 663.832560, 34.916038, 0.059031, 2272, 1727.0
485, 66.640338, 661.127204, 43.123813, 0.043373, 2262, 1734.0
486, 74.215833, 662.124779, 30.966695, 0.061555, 2268, 1727.0
487, 69.775612, 661.643123, 36.769037, 0.027344, 2267, 1727.0
488, 71.149601, 661.294228, 37.903781, 0.052247, 2267, 1730.0
489, 72.149178, 661.714447, 37.146408, 0.054448, 2266, 1791.0
490, 68.449405, 663.164746, 37.469949, 0.073509, 2267, 1727.0
491, 70.659036, 661.323083, 37.808711, 0.073759, 2267, 1726.0
492, 71.418710, 663.166181, 39.876747, 0.081310, 2267, 1937.0
493, 65.406090, 660.734742, 43.675214, 0.088665, 2265, 1784.0
494, 68.738320, 662.602171, 41.127058, 0.085126, 2278, 1732.0
495, 78.065277, 660.823137, 28.387183, 0.071799, 2266, 1767.0
496, 72.360050, 660.955330, 34.894671, 0.023778, 2274, 1727.0
497, 69.661886, 660.485919, 44.231695, 0.181761, 2269, 1831.0
498, 68.943617, 663.751660, 41.691307, 0.108580, 2274, 1731.0
499, 74.294974, 661.732456, 33.115434, 0.036035, 2264, 1725.0
500, 71.422960, 661.173243, 44.709089, 0.066386, 2259, 1720.0
501, 70.148459, 661.072648, 37.914998, 0.055491, 2274, 1740.0
502, 70.078186, 659.597719, 44.775259, 0.136315, 2258, 1745.0
503, 68.353358, 661.602943, 44.171220, 0.065146, 2269, 1724.0
504, 73.342890, 660.764696, 38.480049, 0.043139, 2264, 1729.0
505, 69.882391, 661.226921, 39.088846, 0.074988, 2269, 1727.0
506, 70.574022, 662.704222, 37.328594, 0.062400, 2260, 1722.0
507, 72.058070, 661.257213, 35.965950, 0.059974, 2269, 1728.0
508, 71.586951, 662.986041, 38.955783, 0.050849, 2267, 1725.0
509, 72.026207, 660.785459, 39.887840, 0.047535, 2269, 1864.0
510, 71.912140, 661.108488, 40.411304, 0.062906, 2268, 1751.0
511, 68.529152, 662.354119, 39.595584, 0.207066, 2263, 1722.0
512, 67.692171, 663.099712, 45.521305, 0.057494, 2269, 1731.0
513, 72.926222, 660.843481, 40.200173, 0.071597, 2262, 1724.0
514, 68.729413, 659.449131, 45.596093, 0.110437, 2266, 1794.0
515, 73.500114, 660.555501, 39.936266, 0.058659, 2260, 1723.0
516, 65.660586, 662.570202, 45.998073, 0.111717, 2269, 1735.0
517, 71.796477, 661.363160, 39.680734, 0.062651, 2268, 1730.0
518, 65.954259, 662.777826, 43.192181, 0.151978, 2263, 1966.0
519, 69.640831, 660.851446, 47.020901, 0.075694, 2258, 1735.0
520, 72.462567, 661.624775, 32.540908, 0.034469, 2263, 1722.0
521, 72.360050, 660.955330, 34.894671, 0.067374, 2261, 1725.0
522, 68.433756, 661.843389, 39.802701, 0.115512, 2273, 1772.0
523, 73.299300, 660.592720, 38.125275, 0.062966, 2267, 1737.0
524, 72.226522, 662.306344, 40.644984, 0.068433, 2269, 1729.0
525, 70.328961, 662.812438, 44.695874, 0.030883, 2265, 1725.0
526, 68.196785, 660.878265, 43.802795, 0.221842, 2274, 2038.0
527, 67.548056, 661.842964, 45.344584, 0.103988, 2261, 1727.0
528, 73.499263, 659.943053, 35.746046, 0.043361, 2255, 1727.0
529, 71.585405, 663.006157, 37.935242, 0.108415, 2269, 1725.0
530, 74.353827, 660.726216, 34.456768, 0.033232, 2264, 1727.0
531, 74.802558, 660.543154, 33.093025, 0.069671, 2263, 1770.0
532, 78.695503, 657.902169, 37.863304, 0.103985, 2253, 1716.0
533, 69.547589, 663.180503, 42.271038, 0.072322, 2263, 1727.0
534, 69.904514, 660.095071, 39.415264, 0.116068, 2268, 1726.0
535, 71.248224, 662.531723, 38.547573, 0.114008, 2266, 1780.0
536, 74.234418, 660.197014, 32.711819, 0.026728, 2264, 1721.0
537, 75.358512, 661.953450, 32.132432, 0.058798, 2262, 1724.0
538, 73.681853, 660.311488, 33.078447, 0.032035, 2264, 1739.0
539, 73.178676, 661.813597, 36.454963, 0.061694, 2263, 1926.0
540, 70.792871, 663.565441, 34.996363, 0.060789, 2268, 1730.0
541, 72.596068, 660.316690, 43.163219, 0.049484, 2261, 1738.0
542, 71.175261, 661.505084, 40.955166, 0.053608, 2266, 1732.0
543, 71.619427, 659.711385, 39.956557, 0.054627, 2261, 1884.0
544, 70.754374, 661.132165, 42.368791, 0.079579, 2267, 2199.0
545, 69.512359, 663.954722, 39.251323, 0.067320, 2264, 1852.0
546, 73.668420, 662.607358, 28.627699, 0.080965, 2275, 1724.0
547, 72.859131, 660.749575, 36.860187, 0.054987, 2262, 1782.0
548, 69.126107, 661.320734, 39.050682, 0.120033, 2271, 1742.0
549, 72.729175, 660.076459, 40.124857, 0.060996, 2265, 1724.0
550, 72.881089, 660.375223, 38.769856, 0.078970, 2261, 1729.0
551, 70.567583, 661.941240, 39.613122, 0.050317, 2275, 1735.0
552, 64.990947, 661.422577, 45.039923, 0.344717, 2272, 1757.0
553, 75.905771, 660.460015, 35.442541, 0.082229, 2263, 1723.0
554, 71.929898, 660.199942, 35.259104, 0.073510, 2268, 1724.0
555, 70.088588, 660.869984, 35.915533, 0.045380, 2269, 1729.0
556, 69.722891, 661.409446, 37.229864, 0.111197, 2271, 1724.0
557, 71.614753, 661.082831, 39.152956, 0.094578, 2272, 1737.0
558, 71.256803, 660.686218, 39.880916, 0.028477, 2269, 1727.0
559, 73.771457, 660.107603, 38.566789, 0.065003, 2258, 1741.0
560, 76.529061, 660.316836, 33.959088, 0.101200, 2264, 1877.0
561, 73.751555, 662.700104, 36.533803, 0.057907, 2267, 2243.0
562, 67.989518, 663.211621, 37.859147, 0.078540, 2265, 1732.0
563, 67.828022, 663.243466, 38.562910, 0.154989, 2268, 1726.0
564, 74.258597, 661.360583, 32.897489, 0.068154, 2265, 1810.0
565, 76.203310, 658.918930, 30.286525, 0.052778, 2269, 1731.0
566, 71.110501, 662.075871, 41.135016, 0.093346, 2261, 1804.0
567, 71.571157, 662.295375, 36.270069, 0.055928, 2266, 1746.0
568, 71.363375, 662.931012, 39.345559, 0.071492, 2270, 1776.0
569, 72.956237, 660.177386, 43.283943, 0.087455, 2264, 1745.0
570, 77.299336, 660.536457, 25.332919, 0.050179, 2266, 1716.0
571, 72.061070, 661.034991, 40.502597, 0.055837, 2262, 1739.0
572, 71.589250, 663.251737, 39.309831, 0.061515, 2264, 1780.0
573, 69.327343, 663.018318, 42.833111, 0.109180, 2261, 1740.0
574, 72.279344, 660.573864, 36.891650, 0.055507, 2260, 1725.0
575, 74.033504, 661.042650, 33.831463, 0.047004, 2268, 1723.0
576, 71.185154, 661.546961, 41.703532, 0.043570, 2270, 1809.0
577, 71.571124, 661.536033, 39.924901, 0.070609, 2262, 1908.0
578, 71.127131, 661.116981, 38.826667, 0.079554, 2271, 2743.0
579, 75.704624, 660.981174, 30.437258, 0.023735, 2261, 1735.0
580, 76.489674, 659.560957, 31.419405, 0.070611, 2258, 1987.0
581, 72.449611, 661.404396, 36.059500, 0.052511, 2261, 1706.0
582, 76.862220, 660.001791, 34.154331, 0.060742, 2260, 1720.0
583, 72.556680, 660.255732, 41.209868, 0.089092, 2257, 1716.0
584, 72.610936, 661.205219, 40.237525, 0.044246, 2263, 1967.0
585, 67.314648, 661.514851, 45.848929, 0.073976, 2258, 1721.0
586, 73.171877, 660.328101, 40.725681, 0.067848, 2261, 1721.0
587, 75.300547, 659.953936, 29.866457, 0.042622, 2259, 1743.0
588, 69.135504, 661.383064, 39.290293, 0.084103, 2262, 1772.0
589, 71.761939, 660.596003, 43.565834, 0.094907, 2262, 1727.0
590, 72.932320, 661.345561, 38.797614, 0.060827, 2270, 1729.0
591, 68.739640, 664.360986, 41.423053, 0.162467, 2269, 1733.0
592, 75.365062, 659.612985, 36.780245, 0.063312, 2256, 1716.0
593, 72.650954, 661.514188, 40.037538, 0.053617, 2262, 1724.0
594, 70.176885, 664.084939, 41.241992, 0.137778, 2275, 1736.0
595, 71.636317, 660.899904, 34.757297, 0.035617, 2266, 2596.0
596, 68.257731, 662.335734, 43.373874, 0.119222, 2273, 2227.0
597, 72.937666, 661.628108, 38.826432, 0.012451, 2268, 1741.0
598, 72.120450, 660.873756, 35.754128, 0.037042, 2264, 1722.0
599, 75.216799, 661.188637, 33.816777, 0.058345, 2271, 1798.0
600, 74.032831, 661.583300, 37.071617, 0.047246, 2260, 1885.0
601, 73.532438, 660.445789, 39.779369, 0.109610, 2253, 1717.0
602, 70.092561, 663.573538, 33.518383, 0.055491, 2271, 1756.0
603, 71.834508, 661.519785, 37.748266, 0.043014, 2266, 1734.0
604, 72.930203, 659.391686, 33.567581, 0.068162, 2267, 1789.0
605, 79.677714, 658.157083, 34.174788, 0.180998, 2249, 1725.0
606, 71.643226, 661.253985, 35.508804, 0.082620, 2270, 1728.0
607, 73.481078, 660.458189, 39.746185, 0.054969, 2263, 1737.0
608, 71.934789, 662.044923, 41.529003, 0.180540, 2268, 1726.0
609, 78.072321, 659.847360, 31.444284, 0.061535, 2256, 1725.0
610, 68.930217, 665.025779, 38.917867, 0.215465, 2268, 1788.0
611, 71.240861, 661.579675, 43.109281, 0.063025, 2263, 1798.0
612, 75.450395, 660.153750, 33.418592, 0.053897, 2258, 1720.0
613, 68.957956, 662.375664, 44.814586, 0.139989, 2271, 1751.0
614, 73.735685, 659.978286, 32.393429, 0.057423, 2273, 1748.0
615, 69.600743, 662.873373, 39.236195, 0.172663, 2264, 1744.0
616, 73.265434, 659.640092, 38.538285, 0.044243, 2259, 1828.0
617, 68.770776, 662.168694, 43.224259, 0.112927, 2269, 1787.0
618, 70.460998, 662.628954, 40.402773, 0.051291, 2265, 1742.0
619, 74.744468, 661.390799, 34.644062, 0.032078, 2263, 1728.0
620, 72.734286, 658.860833, 39.659679, 0.027326, 2257, 1728.0
621, 70.539979, 660.811079, 45.682177, 0.074300, 2271, 1811.0
622, 74.758334, 659.516270, 38.195622, 0.079312, 2255, 1801.0
623, 73.450193, 661.268957, 35.491395, 0.073456, 2269, 1734.0
624, 67.699362, 663.035508, 41.236346, 0.062208, 2268, 1757.0
625, 73.198397, 659.871683, 33.611878, 0.039187, 2260, 1819.0
626, 69.169594, 661.547719, 40.916792, 0.169329, 2268, 1730.0
627, 72.499016, 665.176337, 33.953920, 0.090495, 2265, 1736.0
628, 71.389482, 660.860821, 37.765660, 0.065029, 2274, 2767.0
629, 69.451573, 663.839439, 38.384483, 0.063755, 2267, 2034.0
630, 72.075078, 661.545181, 35.334196, 0.042269, 2270, 1727.0
631, 72.918217, 661.365074, 34.000885, 0.038775, 2265, 1741.0
632, 72.907338, 660.827147, 36.923984, 0.041384, 2264, 1722.0
633, 71.230220, 661.050275, 39.624315, 0.072423, 2266, 1785.0
634, 76.588479, 660.664675, 31.151481, 0.044870, 2258, 1721.0
635, 71.347049, 660.021513, 41.254589, 0.127390, 2260, 1733.0
636, 71.988701, 663.279574, 38.360801, 0.022895, 2270, 1751.0
637, 68.472512, 659.264823, 42.336825, 0.148411, 2269, 1931.0
638, 75.678156, 661.861810, 29.686498, 0.052369, 2275, 1726.0
639, 68.710285, 659.433625, 46.250899, 0.146965, 2268, 1750.0
640, 75.701928, 660.135618, 30.037518, 0.061292, 2270, 1724.0
641, 72.286613, 661.205993, 36.065867, 0.040866, 2270, 1738.0
642, 70.765518, 660.048329, 42.497334, 0.110963, 2266, 1724.0
643, 72.038176, 661.313102, 36.024020, 0.044217, 2268, 1753.0
644, 74.912639, 659.574967, 34.489228, 0.036260, 2261, 2001.0
645, 71.130985, 662.383528, 33.706079, 0.062371, 2269, 1728.0
646, 73.512422, 659.664969, 38.476708, 0.032531, 2264, 1824.0
647, 70.148679, 663.391261, 36.943163, 0.056570, 2266, 1721.0
648, 71.202262, 660.550034, 40.857325, 0.070765, 2266, 1828.0
649, 71.465450, 661.295710, 37.316692, 0.086513, 2268, 1728.0
650, 69.597674, 658.959802, 42.242778, 0.121693, 2265, 2280.0
651, 70.092561, 663.573538, 33.518383, 0.025175, 2268, 1978.0
652, 71.917376, 663.710971, 35.684231, 0.067601, 2270, 1734.0
653, 71.302894, 660.939174, 39.909786, 0.044356, 2272, 1732.0
654, 70.194210, 660.608422, 37.485633, 0.098801, 2268, 1800.0
655, 71.089130, 660.614297, 36.992208, 0.042927, 2271, 1728.0
656, 66.422779, 663.880157, 44.341465, 0.052497, 2265, 1914.0
657, 71.545151, 662.265623, 38.119112, 0.094120, 2264, 1720.0
658, 68.123601, 662.159557, 45.129036, 0.103157, 2261, 1800.0
659, 70.475780, 660.877775, 43.375257, 0.066436, 2263, 1724.0
660, 69.324480, 660.932585, 45.065008, 0.079331, 2270, 1728.0
661, 70.227583, 663.866392, 44.740939, 0.053771, 2270, 2176.0
662, 70.741192, 661.113117, 37.205134, 0.058860, 2262, 2056.0
663, 66.672426, 662.643618, 41.529064, 0.167720, 2263, 1724.0
664, 75.349281, 658.864239, 37.182260, 0.044823, 2262, 1732.0
665, 71.495374, 662.688663, 33.376103, 0.048072, 2266, 1731.0
666, 70.140336, 661.145449, 40.609574, 0.054741, 2268, 1918.0
667, 66.920361, 663.484833, 44.873395, 0.149865, 2268, 1739.0
668, 68.330352, 662.733337, 41.812390, 0.124859, 2268, 1735.0
669, 73.910972, 660.819375, 41.121471, 0.052087, 2264, 1733.0
670, 68.156400, 660.903145, 45.774734, 0.098901, 2269, 1733.0
671, 71.262740, 661.859871, 38.272907, 0.062213, 2261, 1748.0
672, 75.982760, 658.911854, 36.099916, 0.047262, 2263, 1724.0
673, 68.111884, 657.762727, 45.663038, 0.142579, 2268, 1736.0
674, 74.112889, 657.866246, 37.098998, 0.026982, 2264, 1721.0
675, 74.777263, 659.647304, 36.798350, 0.048528, 2266, 2289.0
676, 66.865713, 666.347633, 39.100210, 0.186512, 2267, 1732.0
677, 68.571171, 663.970864, 41.991431, 0.058054, 2275, 1731.0
678, 75.639536, 660.565390, 36.615877, 0.038999, 2268, 1995.0
679, 68.247747, 663.649869, 40.309033, 0.104771, 2280, 2321.0
680, 68.359840, 661.929387, 43.027935, 0.093256, 2275, 1731.0
681, 70.682825, 660.598160, 40.230586, 0.102825, 2266, 1732.0
682, 70.152727, 659.636257, 40.252856, 0.076279, 2269, 1739.0
683, 71.436694, 663.121960, 38.150738, 0.057802, 2264, 1737.0
684, 68.352322, 662.660882, 42.970676, 0.033853, 2271, 1744.0
685, 68.822744, 663.432710, 42.207739, 0.108098, 2271, 1738.0
686, 68.568670, 658.027843, 43.490570, 0.165955, 2267, 1743.0
687, 68.372598, 659.589473, 44.947003, 0.084067, 2268, 1822.0
688, 71.592004, 660.460364, 42.410675, 0.044784, 2263, 1742.0
689, 70.586068, 660.086201, 42.896493, 0.148340, 2272, 1728.0
690, 73.417924, 659.737737, 36.753737, 0.043629, 2263, 1732.0
691, 72.430538, 659.721970, 41.825988, 0.092755, 2259, 1769.0
692, 72.724580, 662.273687, 36.627121, 0.058660, 2262, 1737.0
693, 72.933492, 661.024478, 36.193735, 0.051297, 2256, 1733.0
694, 68.943922, 660.980064, 43.781631, 0.075830, 2270, 1729.0
695, 73.655152, 659.831637, 41.020667, 0.137952, 2267, 2447.0
696, 72.108052, 661.712127, 36.169509, 0.054200, 2268, 1727.0
697, 71.227366, 660.321979, 43.393596, 0.035820, 2274, 1735.0
698, 66.696261, 661.756389, 41.424724, 0.141934, 2269, 1735.0
699, 67.954630, 664.243851, 40.465875, 0.098624, 2271, 2021.0
700, 71.692122, 660.264577, 37.868599, 0.044540, 2274, 1743.0
701, 73.458225, 660.424495, 38.304558, 0.072699, 2263, 1727.0
702, 71.262001, 662.571684, 33.921524, 0.050735, 2263, 1723.0
703, 68.022307, 658.380400, 45.410564, 0.150857, 2268, 1770.0
704, 67.047187, 661.726848, 44.683496, 0.106033, 2260, 1722.0
705, 69.553889, 663.390115, 38.725287, 0.120975, 2273, 1737.0
706, 72.794494, 662.044465, 34.804023, 0.037691, 2269, 1723.0
707, 73.194001, 661.205693, 33.703775, 0.034963, 2267, 1729.0
708, 66.574030, 660.254740, 43.880311, 0.221219, 2265, 1769.0
709, 74.410655, 660.210628, 41.673027, 0.073171, 2255, 1719.0
710, 71.447264, 660.305630, 43.639830, 0.085973, 2268, 1726.0
711, 71.901919, 661.131519, 35.830941, 0.062324, 2270, 1727.0
712, 70.615674, 662.961517, 37.240732, 0.041652, 2270, 2719.0
713, 69.919296, 660.103909, 41.718611, 0.114369, 2268, 2666.0
714, 73.599506, 661.090216, 37.059182, 0.034737, 2263, 2472.0
715, 69.500483, 660.938299, 44.626297, 0.117948, 2265, 1793.0
716, 72.458091, 659.998669, 37.951706, 0.028758, 2254, 1720.0
717, 71.296005, 658.975243, 42.869789, 0.156722, 2254, 1716.0
718, 71.726725, 661.118863, 39.492087, 0.099870, 2270, 1740.0
719, 66.622981, 658.314415, 48.665336, 0.239487, 2268, 1739.0
720, 70.914112, 662.064125, 40.615679, 0.079181, 2268, 1730.0
721, 70.454189, 659.898193, 45.782756, 0.183990, 2261, 1731.0
722, 68.470524, 662.955134, 39.575907, 0.104622, 2273, 1731.0
723, 68.805156, 659.548617, 48.822140, 0.168053, 2270, 1736.0
724, 75.132503, 659.617761, 35.150787, 0.046851, 2257, 1778.0
725, 66.718282, 664.917845, 39.911544, 0.135583, 2272, 1739.0
726, 73.016421, 658.703542, 41.430021, 0.059007, 2257, 1723.0
727, 69.657096, 661.148902, 39.717314, 0.032504, 2267, 1728.0
728, 73.598700, 660.820540, 34.602200, 0.053350, 2272, 1796.0
729, 74.193327, 659.747835, 31.949048, 0.049527, 2253, 1715.0
730, 69.913590, 662.023668, 43.562168, 0.113596, 2268, 1730.0
731, 65.980129, 663.711031, 42.493232, 0.171469, 2268, 1729.0
732, 75.062654, 661.063849, 35.048145, 0.061173, 2266, 1775.0
733, 72.200986, 660.233933, 40.288505, 0.065434, 2270, 1731.0
734, 71.144100, 660.730522, 43.019536, 0.079207, 2273, 1729.0
735, 70.956324, 662.689282, 35.210804, 0.072938, 2265, 1732.0
736, 67.151297, 660.826003, 44.472663, 0.061811, 2267, 1728.0
737, 69.520400, 663.425249, 41.001577, 0.102772, 2264, 1735.0
738, 69.359860, 662.052730, 37.884369, 0.065132, 2266, 1726.0
739, 74.385247, 660.922165, 41.527776, 0.046046, 2268, 1739.0
740, 71.429341, 661.406733, 37.253487, 0.052312, 2263, 1727.0
741, 72.430538, 659.721970, 41.825988, 0.069320, 2257, 1767.0
742, 69.190006, 663.141813, 41.523948, 0.064312, 2265, 1751.0
743, 74.319284, 659.586586, 39.348713, 0.072122, 2257, 1717.0
744, 72.362746, 660.422960, 38.030851, 0.041451, 2268, 1726.0
745, 69.332175, 661.761347, 41.445257, 0.076764, 2264, 1775.0
746, 68.895674, 659.527681, 40.204002, 0.047745, 2271, 1740.0
747, 70.612925, 661.477402, 42.221246, 0.121313, 2265, 1724.0
748, 68.221298, 659.950557, 47.649819, 0.181494, 2268, 1728.0
749, 70.099365, 661.953983, 36.500796, 0.067910, 2268, 2181.0
750, 70.832372, 662.224280, 41.571787, 0.064998, 2262, 1721.0
751, 73.421605, 660.121257, 35.388625, 0.050180, 2263, 1730.0
752, 67.457227, 662.663032, 44.514850, 0.105465, 2266, 1725.0
753, 68.003751, 661.699953, 40.964309, 0.133315, 2263, 1736.0
754, 65.846896, 660.777478, 44.774664, 0.136792, 2267, 1770.0
755, 68.417461, 661.684891, 41.515360, 0.146290, 2257, 1727.0
756, 69.516984, 661.100850, 43.538425, 0.028664, 2268, 1839.0
757, 71.240544, 661.207096, 40.129250, 0.046057, 2274, 1731.0
758, 67.846880, 662.909154, 41.819891, 0.147119, 2271, 1906.0
759, 68.537563, 661.117509, 40.216757, 0.106214, 2266, 1725.0
760, 66.930580, 664.777380, 40.988234, 0.126119, 2266, 1728.0
761, 76.819932, 658.559701, 36.064977, 0.048179, 2258, 1724.0
762, 72.442302, 662.967883, 37.617468, 0.090665, 2266, 1795.0
763, 65.234077, 660.345400, 49.495386, 0.131220, 2270, 1889.0
764, 67.089480, 661.293031, 44.404527, 0.165625, 2271, 1740.0
765, 73.417924, 659.737737, 36.753737, 0.059743, 2261, 1947.0
766, 67.869263, 663.214003, 39.905019, 0.173775, 2260, 1808.0
767, 69.139128, 662.794082, 41.192084, 0.113324, 2262, 1723.0
768, 72.271975, 660.345557, 38.414770, 0.057636, 2271, 1897.0
769, 75.300780, 660.103804, 36.719804, 0.072126, 2261, 1721.0
770, 72.266045, 661.710959, 37.824522, 0.053370, 2265, 1829.0
771, 73.654973, 661.302840, 34.914353, 0.042458, 2261, 1729.0
772, 70.933912, 660.601406, 43.575985, 0.068337, 2270, 1729.0
773, 71.667048, 664.186119, 35.255707, 0.118085, 2268, 1728.0
774, 72.962251, 660.490643, 41.715822, 0.044357, 2266, 1725.0
775, 67.950557, 661.005471, 41.099035, 0.071706, 2274, 1807.0
776, 70.669349, 660.389633, 44.108959, 0.087061, 2265, 1721.0
777, 70.680054, 660.738444, 40.233273, 0.086815, 2263, 1746.0
778, 68.402773, 661.845817, 40.404518, 0.025538, 2259, 1719.0
779, 71.093458, 661.032556, 40.630486, 0.065379, 2266, 1776.0
780, 71.664615, 661.490794, 39.246189, 0.040553, 2262, 2158.0
781, 76.688048, 659.062779, 32.594351, 0.069211, 2256, 1717.0
782, 73.420859, 661.051821, 36.186958, 0.038214, 2263, 1730.0
783, 70.507161, 661.850387, 41.419685, 0.095652, 2263, 1786.0
784, 69.960625, 662.698083, 40.618745, 0.093014, 2261, 1756.0
785, 71.429341, 661.406733, 37.253487, 0.070280, 2269, 1776.0
786, 69.517278, 659.044004, 40.098480, 0.069738, 2270, 1739.0
787, 70.168875, 661.117177, 43.477332, 0.042142, 2262, 1796.0
788, 68.111000, 662.555400, 41.983470, 0.136342, 2265, 1741.0
789, 67.588185, 660.943658, 45.664102, 0.066056, 2266, 1735.0
790, 71.367514, 661.736731, 34.516227, 0.030901, 2274, 1737.0
791, 66.468706, 661.858963, 43.603483, 0.060698, 2264, 1727.0
792, 71.188959, 663.211055, 36.442383, 0.059216, 2260, 1903.0
793, 72.645328, 661.263815, 35.962034, 0.025641, 2263, 1722.0
794, 67.634562, 660.029681, 44.195502, 0.096246, 2272, 1742.0
795, 69.148720, 659.901562, 48.087031, 0.065572, 2268, 1731.0
796, 72.005012, 660.843857, 39.705031, 0.079816, 2267, 1778.0
797, 64.798447, 663.360353, 41.513986, 0.194865, 2268, 2209.0
798, 72.430538, 659.721970, 41.825988, 0.037800, 2263, 1721.0
799, 70.610842, 658.884182, 43.219879, 0.121521, 2269, 2459.0
800, 73.236507, 659.760789, 41.905531, 0.069054, 2266, 1744.0
801, 68.598406, 664.029726, 39.568966, 0.044930, 2269, 1724.0
802, 71.879180, 659.413883, 39.592265, 0.058042, 2264, 1739.0
803, 68.224341, 658.306868, 49.033732, 0.162518, 2272, 1741.0
804, 69.046929, 662.007089, 42.600538, 0.123114, 2272, 1800.0
805, 71.360113, 659.897614, 43.355333, 0.088877, 2263, 1736.0
806, 73.417924, 659.737737, 36.753737, 0.044544, 2264, 1722.0
807, 68.465693, 659.905654, 47.432614, 0.091495, 2260, 1821.0
808, 72.037422, 661.049359, 36.583622, 0.035286, 2255, 1769.0
809, 70.262357, 661.035494, 42.865514, 0.115132, 2267, 1744.0
810, 65.601442, 658.749575, 48.038982, 0.264993, 2263, 1729.0
811, 70.203589, 661.932882, 41.252785, 0.043648, 2266, 1730.0
812, 72.475601, 662.803360, 34.417122, 0.050881, 2268, 1790.0
813, 68.827653, 662.458915, 41.340038, 0.089241, 2265, 1724.0
814, 65.756190, 661.228530, 44.650085, 0.120075, 2271, 1873.0
815, 71.386322, 659.820410, 42.475253, 0.060355, 2261, 1720.0
816, 67.318566, 661.520647, 44.248435, 0.126505, 2263, 1754.0
817, 69.878857, 663.186746, 42.471676, 0.056746, 2270, 1729.0
818, 68.604440, 661.552517, 42.190565, 0.034250, 2261, 1736.0
819, 70.775489, 660.765625, 35.627127, 0.067168, 2261, 1729.0
820, 65.926010, 662.795379, 42.477639, 0.119871, 2272, 1892.0
821, 67.533236, 661.328677, 45.199178, 0.111140, 2269, 1784.0
822, 71.106918, 662.427354, 39.323254, 0.050058, 2262, 1722.0
823, 71.862345, 660.572614, 38.689456, 0.060066, 2266, 1725.0
824, 67.911100, 663.029763, 38.889478, 0.066443, 2261, 1723.0
825, 68.924490, 661.670489, 37.211778, 0.049983, 2263, 1813.0
826, 75.838759, 658.866478, 34.889518, 0.045807, 2262, 1731.0
827, 70.919885, 662.256003, 39.159468, 0.055527, 2270, 1740.0
828, 65.230141, 661.745638, 42.077892, 0.152082, 2269, 1739.0
829, 67.228748, 662.437682, 44.377031, 0.078401, 2277, 1794.0
830, 69.612656, 662.912474, 38.735026, 0.042718, 2262, 1722.0
831, 67.872198, 663.886020, 41.570623, 0.058149, 2259, 2123.0
832, 70.812122, 660.260092, 35.858703, 0.051839, 2257, 1848.0
833, 66.409435, 658.513056, 47.700594, 0.412793, 2273, 1801.0
834, 67.743298, 659.415420, 48.389808, 0.225860, 2267, 1803.0
835, 68.392675, 662.938790, 36.652710, 0.119393, 2266, 1729.0
836, 71.332269, 659.272354, 44.076878, 0.098815, 2261, 1737.0
837, 68.218677, 661.381566, 43.351177, 0.125140, 2270, 1734.0
838, 66.394359, 659.576579, 46.459474, 0.159691, 2262, 1968.0
839, 69.727609, 662.682259, 40.560917, 0.083863, 2275, 1728.0
840, 70.143291, 658.536553, 39.848758, 0.064902, 2264, 1733.0
841, 70.130879, 661.179524, 37.859968, 0.101122, 2264, 1807.0
842, 69.392728, 661.379139, 43.374057, 0.066779, 2276, 1730.0
843, 68.352167, 663.312184, 39.137899, 0.104148, 2271, 1736.0
844, 70.809264, 662.513475, 36.823635, 0.041983, 2260, 1723.0
845, 74.576546, 658.642898, 34.836226, 0.043590, 2264, 1726.0
846, 66.271968, 662.851352, 41.726561, 0.149948, 2265, 1813.0
847, 75.234767, 660.268071, 35.907087, 0.015676, 2266, 1718.0
848, 65.616535, 658.734799, 48.087841, 0.206603, 2264, 2274.0
849, 69.538962, 662.657285, 38.106363, 0.063261, 2268, 2781.0
850, 69.159708, 660.165519, 45.479346, 0.038105, 2274, 1722.0
851, 68.103191, 658.744567, 47.641533, 0.129081, 2269, 1740.0
852, 70.119923, 661.480585, 38.516751, 0.057997, 2268, 1724.0
853, 71.345771, 663.716202, 34.667657, 0.046701, 2262, 1792.0
854, 65.521681, 655.412063, 48.775935, 0.526181, 2270, 1742.0
855, 72.075078, 661.545181, 35.334196, 0.053602, 2266, 1722.0
856, 65.404080, 661.476834, 44.690798, 0.109827, 2269, 1738.0
857, 68.108946, 658.452778, 48.985120, 0.131543, 2260, 1725.0
858, 68.115828, 661.347572, 43.035283, 0.112722, 2275, 1745.0
859, 74.174424, 660.661493, 36.561234, 0.065880, 2265, 1725.0
860, 68.941480, 662.275338, 39.757318, 0.066268, 2264, 1729.0
861, 70.472921, 662.172170, 38.570237, 0.061041, 2270, 1728.0
862, 69.577625, 662.147327, 40.632767, 0.080812, 2266, 1787.0
863, 68.066716, 662.442278, 39.577924, 0.059335, 2274, 1734.0
864, 68.479999, 663.313156, 41.472498, 0.106645, 2269, 1727.0
865, 68.128298, 661.217319, 40.586381, 0.187087, 2262, 1733.0
866, 70.989241, 660.171291, 42.092213, 0.051180, 2255, 1771.0
867, 72.122117, 660.492771, 38.758042, 0.035871, 2264, 1728.0
868, 71.003328, 662.139766, 43.287904, 0.074765, 2271, 1734.0
869, 73.735075, 661.740589, 33.452535, 0.047209, 2263, 1721.0
870, 71.647593, 661.783500, 39.199801, 0.072570, 2263, 1727.0
871, 68.356131, 662.028874, 44.488668, 0.047980, 2267, 1728.0
872, 70.752266, 662.338238, 40.392604, 0.044815, 2269, 1738.0
873, 71.484409, 661.494924, 39.811523, 0.084127, 2257, 1779.0
874, 70.228032, 661.792627, 37.534585, 0.046594, 2269, 1728.0
875, 68.773725, 659.302608, 44.823435, 0.134703, 2271, 1736.0
876, 71.386322, 659.820410, 42.475253, 0.049780, 2255, 1719.0
877, 70.801902, 661.083934, 36.546310, 0.052944, 2266, 1772.0
878, 66.699733, 662.930208, 44.628655, 0.192582, 2265, 1726.0
879, 68.714736, 664.463445, 35.464093, 0.119509, 2268, 1731.0
880, 67.911100, 663.029763, 38.889478, 0.046489, 2264, 1722.0
881, 68.632999, 662.164479, 41.438838, 0.101205, 2270, 1736.0
882, 67.397106, 662.852947, 41.502116, 0.081658, 2272, 1728.0
883, 72.430538, 659.721970, 41.825988, 0.074332, 2265, 2618.0
884, 67.720443, 660.870765, 42.332835, 0.146979, 2276, 2662.0
885, 71.202262, 660.550034, 40.857325, 0.034238, 2264, 2339.0
886, 70.624686, 660.717798, 40.838382, 0.082993, 2261, 1734.0
887, 68.174949, 659.931618, 47.688366, 0.155793, 2270, 2105.0
888, 71.212193, 661.663545, 42.254450, 0.082474, 2272, 2379.0
889, 66.998550, 662.995092, 43.293751, 0.101354, 2269, 1738.0
890, 70.228032, 661.792627, 37.534585, 0.039149, 2269, 1731.0
891, 73.360253, 660.145108, 40.603180, 0.088140, 2255, 1789.0
892, 68.214427, 660.204611, 47.402815, 0.137157, 2266, 2906.0
893, 73.232539, 659.482895, 38.801164, 0.029182, 2264, 2537.0
894, 67.047830, 662.617065, 44.631179, 0.201788, 2267, 1727.0
895, 71.881740, 661.510941, 36.213417, 0.040819, 2264, 1730.0
896, 66.113182, 662.929008, 40.431826, 0.204724, 2264, 1724.0
897, 72.393386, 662.551815, 32.207867, 0.056608, 2269, 2049.0
898, 71.178506, 661.185919, 36.556874, 0.036711, 2266, 1733.0
899, 75.896604, 659.702996, 31.877723, 0.071458, 2267, 1723.0
900, 72.957547, 658.511180, 36.401809, 0.066937, 2256, 1744.0
901, 70.700411, 660.367508, 39.757126, 0.062957, 2269, 1726.0
902, 68.995980, 658.931936, 42.859323, 0.172716, 2267, 1732.0
903, 70.989241, 660.171291, 42.092213, 0.055661, 2272, 1730.0
904, 69.322055, 661.097071, 36.785990, 0.043022, 2266, 1781.0
905, 70.020106, 659.822842, 43.945023, 0.071271, 2261, 1735.0
906, 67.352609, 660.380581, 47.938712, 0.183455, 2263, 1728.0
907, 68.224739, 662.145311, 40.829120, 0.107994, 2269, 1729.0
908, 70.748181, 660.796541, 35.581554, 0.041204, 2263, 1779.0
909, 69.656793, 661.592071, 42.905827, 0.045404, 2270, 2177.0
910, 65.638429, 658.640004, 47.736791, 0.190691, 2266, 2728.0
911, 66.751182, 661.043513, 46.569169, 0.125624, 2259, 2576.0
912, 71.759051, 660.943620, 44.740199, 0.130218, 2259, 1723.0
913, 68.436792, 664.860775, 35.603320, 0.123525, 2267, 2247.0
914, 69.848434, 662.436098, 38.263221, 0.026765, 2265, 1859.0
915, 67.412893, 661.375117, 40.534804, 0.227557, 2267, 1791.0
916, 65.069710, 659.604227, 46.378758, 0.176931, 2267, 1873.0
917, 74.857079, 659.748879, 33.923367, 0.037887, 2261, 1720.0
918, 68.139352, 662.911574, 36.021073, 0.123858, 2260, 1733.0
919, 68.294987, 660.204318, 41.198817, 0.139203, 2268, 1731.0
920, 68.062863, 661.992333, 44.845599, 0.100872, 2263, 1728.0
921, 67.423826, 663.055947, 40.816328, 0.070927, 2269, 1731.0
922, 72.355914, 660.886719, 33.077047, 0.035942, 2272, 1727.0
923, 70.842259, 661.723347, 41.030529, 0.141379, 2264, 1731.0
924, 69.024480, 662.942966, 42.548511, 0.049483, 2265, 1785.0
925, 72.120450, 660.873756, 35.754128, 0.070816, 2269, 1737.0
926, 69.758850, 660.359745, 41.303009, 0.066901, 2264, 1728.0
927, 69.597685, 663.993534, 39.466176, 0.049664, 2270, 1730.0
928, 70.058079, 661.057178, 40.334250, 0.089353, 2258, 1778.0
929, 68.941480, 662.275338, 39.757318, 0.096549, 2257, 1714.0
930, 71.712475, 659.091413, 39.633595, 0.042853, 2262, 1752.0
931, 68.658379, 661.968834, 45.006466, 0.084121, 2260, 1728.0
932, 73.061063, 660.108605, 37.540709, 0.024841, 2258, 1731.0
933, 68.898705, 661.696207, 43.953666, 0.049707, 2265, 1731.0
934, 72.786695, 660.763403, 35.598282, 0.018764, 2261, 1721.0
935, 72.507786, 659.535992, 43.978836, 0.063473, 2254, 1728.0
936, 72.292369, 661.209032, 32.852133, 0.058371, 2270, 1728.0
937, 76.299669, 659.300339, 29.916511, 0.110399, 2261, 1772.0
938, 74.858653, 659.627604, 37.809444, 0.072103, 2251, 1721.0
939, 70.588171, 661.753273, 37.305699, 0.025490, 2265, 1728.0
940, 73.021029, 661.317882, 35.576623, 0.025072, 2262, 1719.0
941, 72.251238, 659.935764, 40.676335, 0.080378, 2258, 1768.0
942, 70.453350, 661.946011, 41.429345, 0.110579, 2267, 1735.0
943, 69.175971, 663.181901, 33.922468, 0.036238, 2273, 1728.0
944, 70.840013, 660.751945, 39.952485, 0.073869, 2266, 1735.0
945, 72.106832, 660.672803, 36.993664, 0.034342, 2265, 1784.0
946, 68.786067, 662.930172, 39.173115, 0.097272, 2267, 1728.0
947, 70.642096, 664.404199, 35.170742, 0.109637, 2269, 1725.0
948, 73.125499, 659.277898, 38.656850, 0.061465, 2263, 2336.0
949, 66.635332, 664.463439, 40.784616, 0.107338, 2261, 2145.0
950, 68.406365, 661.728671, 43.713033, 0.121357, 2263, 1731.0
951, 69.267280, 662.505901, 39.976200, 0.041492, 2264, 1724.0
952, 71.626936, 661.772319, 38.730724, 0.045044, 2265, 1785.0
953, 69.269866, 659.012277, 43.893889, 0.085344, 2272, 1788.0
954, 69.692506, 662.629283, 43.640899, 0.098645, 2270, 1735.0
955, 69.288349, 663.811274, 38.408510, 0.067346, 2269, 1723.0
956, 69.470943, 662.718049, 41.757540, 0.091585, 2270, 1728.0
957, 71.226940, 658.626786, 47.856698, 0.066448, 2261, 1730.0
958, 73.369038, 659.942625, 35.134391, 0.032461, 2261, 1722.0
959, 69.494051, 662.703613, 43.436203, 0.075696, 2262, 1732.0
960, 68.322438, 662.577327, 42.381914, 0.094480, 2265, 1729.0
961, 67.034522, 662.415236, 44.487245, 0.111280, 2265, 1739.0
962, 74.671437, 658.644822, 36.214014, 0.077757, 2260, 1770.0
963, 68.870533, 660.719619, 46.833465, 0.052735, 2267, 1735.0
964, 70.651456, 662.242482, 40.280651, 0.082380, 2268, 1729.0
965, 73.339133, 658.743077, 39.704549, 0.039441, 2261, 2277.0
966, 71.549016, 662.932141, 39.179322, 0.048683, 2266, 1751.0
967, 67.902890, 658.751124, 47.657514, 0.218417, 2265, 1727.0
968, 71.728690, 661.643019, 38.570674, 0.082241, 2266, 1722.0
969, 74.908927, 659.381338, 34.377530, 0.025825, 2256, 1727.0
970, 73.592525, 658.974126, 37.693934, 0.058753, 2257, 1792.0
971, 71.384431, 660.261443, 41.931975, 0.074961, 2262, 1738.0
972, 70.775489, 660.765625, 35.627127, 0.035654, 2267, 1722.0
973, 69.908165, 663.100691, 37.019897, 0.053201, 2270, 1734.0
974, 71.112866, 661.654014, 39.903130, 0.097199, 2261, 1771.0
975, 68.886587, 660.915704, 42.588528, 0.156238, 2264, 1724.0
976, 69.564787, 660.654337, 43.777273, 0.060727, 2268, 1734.0
977, 71.457069, 661.871967, 44.184013, 0.104771, 2254, 1721.0
978, 70.140336, 661.145449, 40.609574, 0.048600, 2269, 1776.0
979, 71.176770, 660.450059, 40.768480, 0.076280, 2265, 1728.0
980, 67.089480, 661.293031, 44.404527, 0.131054, 2275, 1744.0
981, 70.298329, 661.236714, 40.111976, 0.098193, 2270, 1729.0
982, 68.066830, 662.932037, 44.707931, 0.121250, 2266, 1910.0
983, 69.852883, 661.319490, 39.751602, 0.054961, 2274, 1735.0
984, 68.111884, 657.762727, 45.663038, 0.128938, 2261, 1728.0
985, 67.936687, 660.473169, 44.819259, 0.084898, 2270, 1739.0
986, 68.775852, 662.625057, 40.574274, 0.054356, 2267, 1724.0
987, 68.387024, 660.045572, 48.001681, 0.166107, 2263, 1786.0
988, 68.810473, 661.492033, 40.707877, 0.066925, 2270, 1744.0
989, 70.221131, 663.709961, 37.837263, 0.079038, 2263, 1723.0
990, 68.205408, 660.935355, 42.821136, 0.131020, 2272, 1749.0
991, 68.870533, 660.719619, 46.833465, 0.087082, 2278, 1797.0
992, 72.881946, 660.482649, 37.566501, 0.058261, 2263, 1731.0
993, 71.357194, 662.585504, 38.841989, 0.094665, 2269, 1727.0
994, 70.862831, 661.138460, 39.549551, 0.118080, 2273, 1737.0
995, 69.135504, 661.383064, 39.290293, 0.051199, 2265, 1722.0
996, 74.500148, 661.842399, 31.937340, 0.065766, 2264, 1720.0
997, 72.797536, 661.838710, 37.271804, 0.072402, 2260, 1730.0
998, 66.295120, 664.128063, 40.865583, 0.100040, 2268, 1732.0
999, 68.175787, 660.118197, 42.372853, 0.052830, 2259, 2764.0
