#idx, x0, x1, x2, y, f_neval, total_time (us), 
0, 68.012015, 664.320043, 34.652372, 0.133105, 1249, 977.0
1, 72.326281, 662.375279, 46.886511, 0.118461, 1247, 991.0
2, 76.868301, 660.470605, 35.415188, 0.049684, 1247, 1023.0
3, 71.511104, 659.190324, 36.271298, 0.094441, 1247, 980.0
4, 72.289953, 663.350303, 36.078267, 0.112382, 1244, 964.0
5, 74.751453, 662.584825, 28.613645, 0.046691, 1244, 1002.0
6, 71.975191, 660.272156, 38.611628, 0.104727, 1245, 1028.0
7, 72.793978, 659.907303, 40.518751, 0.101300, 1241, 968.0
8, 71.914088, 663.732210, 39.275655, 0.153570, 1254, 984.0
9, 71.524581, 663.331050, 39.244543, 0.083840, 1240, 956.0
10, 73.459025, 659.069010, 35.670439, 0.096462, 1239, 981.0
11, 77.426768, 660.102698, 30.176057, 0.087404, 1244, 1197.0
12, 77.057674, 660.436789, 35.406581, 0.072301, 1245, 973.0
13, 78.207222, 659.759293, 33.095335, 0.058105, 1251, 1028.0
14, 75.011963, 659.550396, 41.580206, 0.059941, 1251, 984.0
15, 74.731233, 660.496416, 35.711814, 0.049155, 1247, 966.0
16, 75.843247, 661.171252, 33.267325, 0.050962, 1251, 1035.0
17, 74.751453, 662.584825, 28.613645, 0.048508, 1235, 950.0
18, 73.240574, 659.129391, 35.261302, 0.039643, 1247, 987.0
19, 78.408139, 661.925814, 34.682823, 0.101348, 1247, 1011.0
20, 74.327849, 660.011201, 35.115344, 0.080329, 1240, 957.0
21, 73.934758, 663.108228, 31.616423, 0.079052, 1247, 974.0
22, 73.739856, 659.607107, 33.729535, 0.142305, 1243, 1016.0
23, 75.169913, 658.040985, 35.997998, 0.092365, 1236, 977.0
24, 72.289953, 663.350303, 36.078267, 0.104983, 1244, 1221.0
25, 73.588990, 658.610349, 34.144937, 0.073061, 1240, 978.0
26, 72.004051, 659.202684, 37.353088, 0.220219, 1239, 1026.0
27, 67.823728, 659.642097, 50.486046, 0.168072, 1230, 956.0
28, 73.417924, 659.737737, 36.753737, 0.076119, 1251, 969.0
29, 73.304247, 660.167936, 41.983310, 0.076524, 1238, 987.0
30, 72.430538, 659.721970, 41.825988, 0.067303, 1246, 964.0
31, 69.190006, 663.141813, 41.523948, 0.138928, 1248, 976.0
32, 79.346027, 659.653201, 32.502980, 0.065474, 1234, 1018.0
33, 74.148570, 659.641981, 35.207164, 0.050027, 1244, 959.0
34, 73.304247, 660.167936, 41.983310, 0.073653, 1236, 1013.0
35, 72.289953, 663.350303, 36.078267, 0.043126, 1242, 1016.0
36, 67.823728, 659.642097, 50.486046, 0.185774, 1242, 1496.0
37, 72.324694, 659.328295, 41.724875, 0.038371, 1244, 962.0
38, 70.106780, 662.437375, 45.700023, 0.086569, 1241, 968.0
39, 72.518671, 660.373605, 36.753737, 0.066962, 1246, 1290.0
40, 64.247267, 667.394609, 51.519227, 0.128386, 1240, 965.0
41, 71.524581, 663.331050, 39.244543, 0.077998, 1244, 962.0
42, 70.925926, 662.143258, 30.000000, 0.121923, 1248, 973.0
43, 73.304247, 660.167936, 41.983310, 0.073403, 1241, 997.0
44, 71.524581, 663.331050, 39.244543, 0.084141, 1237, 1161.0
45, 70.925926, 662.143258, 30.000000, 0.075561, 1245, 1585.0
46, 69.148720, 659.901562, 48.087031, 0.157112, 1241, 955.0
47, 78.207222, 659.759293, 33.095335, 0.078988, 1243, 976.0
48, 72.430538, 659.721970, 41.825988, 0.056740, 1244, 960.0
49, 75.617284, 658.825967, 30.000000, 0.025391, 1244, 1274.0
50, 72.603370, 658.709072, 36.989460, 0.206312, 1235, 958.0
51, 69.148720, 659.901562, 48.087031, 0.154207, 1246, 1084.0
52, 70.925926, 662.143258, 30.000000, 0.085459, 1245, 978.0
53, 71.272850, 660.337686, 40.761765, 0.054593, 1240, 960.0
54, 75.617284, 658.825967, 30.000000, 0.047298, 1241, 975.0
55, 67.314518, 659.899638, 48.960741, 0.088945, 1242, 1068.0
56, 72.576180, 663.482992, 34.339984, 0.106614, 1242, 967.0
57, 63.811326, 660.174821, 51.663729, 0.239313, 1248, 1035.0
58, 69.259671, 662.725355, 48.048873, 0.133989, 1246, 966.0
59, 73.417924, 659.737737, 36.753737, 0.039603, 1243, 961.0
60, 75.169913, 658.040985, 35.997998, 0.077140, 1242, 972.0
61, 75.617284, 658.825967, 30.000000, 0.048744, 1245, 961.0
62, 70.925926, 662.143258, 30.000000, 0.084183, 1240, 998.0
63, 75.617284, 658.825967, 30.000000, 0.084267, 1241, 1018.0
64, 72.716226, 660.301985, 45.510811, 0.144995, 1247, 1024.0
65, 69.148720, 659.901562, 48.087031, 0.110112, 1246, 991.0
66, 65.681995, 661.042852, 54.812698, 0.121576, 1242, 1083.0
67, 74.043401, 660.820720, 32.014269, 0.031304, 1249, 1021.0
68, 68.747603, 657.951186, 50.194148, 0.089699, 1237, 1115.0
69, 72.964187, 660.760679, 34.410478, 0.123789, 1240, 960.0
70, 63.811326, 660.174821, 51.663729, 0.152266, 1244, 985.0
71, 74.895074, 659.259557, 42.683696, 0.068064, 1242, 1024.0
72, 71.667048, 664.186119, 35.255707, 0.086514, 1241, 959.0
73, 69.749220, 659.172122, 41.780565, 0.047351, 1245, 972.0
74, 70.925926, 662.143258, 30.000000, 0.089467, 1244, 961.0
75, 75.134964, 659.806036, 34.961658, 0.047667, 1239, 996.0
76, 70.925926, 662.143258, 30.000000, 0.117465, 1247, 974.0
77, 64.909333, 660.912695, 43.393378, 0.126288, 1247, 982.0
78, 76.883628, 660.213823, 33.923678, 0.047562, 1244, 1043.0
79, 69.148720, 659.901562, 48.087031, 0.149007, 1244, 999.0
80, 70.925926, 662.143258, 30.000000, 0.061899, 1246, 965.0
81, 69.148720, 659.901562, 48.087031, 0.079122, 1235, 992.0
82, 66.794305, 663.589608, 37.374209, 0.133797, 1239, 963.0
83, 70.925926, 662.143258, 30.000000, 0.096022, 1243, 961.0
84, 70.202798, 662.666203, 36.644846, 0.155020, 1242, 980.0
85, 69.310319, 662.995752, 40.041004, 0.121801, 1241, 1022.0
86, 72.518671, 660.373605, 36.753737, 0.042653, 1245, 983.0
87, 66.794305, 663.589608, 37.374209, 0.103224, 1243, 973.0
88, 66.342778, 667.703244, 36.434994, 0.226066, 1240, 1032.0
89, 73.417924, 659.737737, 36.753737, 0.055538, 1244, 974.0
90, 69.148720, 659.901562, 48.087031, 0.064412, 1239, 1006.0
91, 70.925926, 662.143258, 30.000000, 0.094848, 1245, 962.0
92, 71.346594, 663.194057, 37.308148, 0.056702, 1237, 966.0
93, 68.535121, 659.927564, 41.733509, 0.058544, 1242, 961.0
94, 71.939479, 661.532210, 37.316510, 0.094772, 1249, 967.0
95, 75.617284, 658.825967, 30.000000, 0.071956, 1243, 961.0
96, 72.324694, 659.328295, 41.724875, 0.035272, 1242, 961.0
97, 69.080609, 660.952854, 46.432278, 0.050397, 1237, 976.0
98, 72.259726, 660.588862, 34.589302, 0.051333, 1248, 1021.0
99, 70.925926, 662.143258, 30.000000, 0.075343, 1244, 961.0
100, 69.148720, 659.901562, 48.087031, 0.049882, 1250, 1135.0
101, 69.631231, 663.470627, 47.551949, 0.154528, 1239, 1032.0
102, 69.310319, 662.995752, 40.041004, 0.088129, 1244, 1007.0
103, 63.811326, 660.174821, 51.663729, 0.096852, 1248, 1031.0
104, 63.452497, 661.117815, 51.526164, 0.176579, 1240, 1014.0
105, 70.925926, 662.143258, 30.000000, 0.091934, 1245, 977.0
106, 70.116824, 659.349311, 39.244543, 0.092091, 1240, 955.0
107, 77.632579, 658.118643, 42.425771, 0.090102, 1242, 954.0
108, 70.925926, 662.143258, 30.000000, 0.106696, 1253, 995.0
109, 64.909333, 660.912695, 43.393378, 0.164723, 1245, 964.0
110, 73.888889, 662.143258, 30.000000, 0.117787, 1240, 959.0
111, 70.925926, 662.143258, 30.000000, 0.084326, 1241, 1030.0
112, 75.617284, 658.825967, 30.000000, 0.044376, 1253, 1333.0
113, 69.310319, 662.995752, 40.041004, 0.088365, 1246, 1007.0
114, 69.310319, 662.995752, 40.041004, 0.089680, 1245, 1003.0
115, 70.925926, 662.143258, 30.000000, 0.048223, 1241, 956.0
116, 73.417924, 659.737737, 36.753737, 0.044236, 1247, 1033.0
117, 73.304247, 660.167936, 41.983310, 0.049209, 1241, 1007.0
118, 64.247267, 667.394609, 51.519227, 0.088790, 1247, 985.0
119, 73.800712, 656.509411, 41.796147, 0.044133, 1241, 960.0
120, 72.964187, 660.760679, 34.410478, 0.091062, 1244, 1001.0
121, 63.811326, 660.174821, 51.663729, 0.209702, 1243, 968.0
122, 77.377701, 660.526900, 32.414546, 0.083767, 1244, 1476.0
123, 71.524581, 663.331050, 39.244543, 0.042682, 1240, 1521.0
124, 74.467716, 657.595348, 35.968295, 0.039476, 1242, 1271.0
125, 74.257693, 657.117625, 36.100391, 0.082389, 1239, 975.0
126, 67.672353, 659.218566, 41.610842, 0.056248, 1237, 997.0
127, 70.925926, 662.143258, 30.000000, 0.122214, 1245, 962.0
128, 63.811326, 660.174821, 51.663729, 0.179947, 1241, 1022.0
129, 71.524581, 663.331050, 39.244543, 0.136945, 1240, 1004.0
130, 71.667048, 664.186119, 35.255707, 0.082563, 1240, 959.0
131, 68.607389, 664.421081, 34.699040, 0.145154, 1238, 1013.0
132, 73.800712, 656.509411, 41.796147, 0.048362, 1239, 1283.0
133, 69.862633, 661.760294, 45.987806, 0.081443, 1245, 989.0
134, 71.524581, 663.331050, 39.244543, 0.038624, 1243, 960.0
135, 70.925926, 662.143258, 30.000000, 0.091856, 1250, 965.0
136, 68.432799, 659.342964, 50.346665, 0.259156, 1248, 983.0
137, 65.681995, 661.042852, 54.812698, 0.188514, 1247, 965.0
138, 63.811326, 660.174821, 51.663729, 0.271309, 1250, 987.0
139, 69.148720, 659.901562, 48.087031, 0.150577, 1237, 956.0
140, 67.360376, 663.394683, 37.688783, 0.120286, 1238, 958.0
141, 64.247267, 667.394609, 51.519227, 0.113791, 1242, 977.0
142, 76.883628, 660.213823, 33.923678, 0.078559, 1249, 965.0
143, 78.207222, 659.759293, 33.095335, 0.066071, 1250, 1345.0
144, 70.832372, 662.224280, 41.571787, 0.100685, 1248, 983.0
145, 73.236507, 659.760789, 41.905531, 0.096780, 1238, 999.0
146, 70.925926, 662.143258, 30.000000, 0.098141, 1246, 971.0
147, 79.428534, 661.328446, 27.272822, 0.063440, 1251, 963.0
148, 73.934758, 663.108228, 31.616423, 0.070957, 1250, 965.0
149, 72.366679, 662.463467, 37.536509, 0.127671, 1239, 963.0
150, 70.925926, 662.143258, 30.000000, 0.093350, 1248, 967.0
151, 71.914088, 663.732210, 39.275655, 0.111481, 1244, 961.0
152, 76.467764, 659.572842, 37.308148, 0.171897, 1243, 1003.0
153, 72.887080, 661.475796, 41.365223, 0.267699, 1243, 963.0
154, 69.179636, 657.711262, 41.606754, 0.139025, 1241, 1419.0
155, 69.764854, 660.191131, 44.913846, 0.187292, 1244, 1147.0
156, 69.310319, 662.995752, 40.041004, 0.118855, 1241, 960.0
157, 70.925926, 662.143258, 30.000000, 0.042256, 1242, 958.0
158, 75.112500, 660.603810, 37.386537, 0.042343, 1245, 999.0
159, 69.588285, 663.152779, 42.642176, 0.080189, 1249, 988.0
160, 69.080609, 660.952854, 46.432278, 0.110992, 1244, 957.0
161, 71.817558, 665.800038, 35.997722, 0.266405, 1245, 961.0
162, 71.409917, 663.589608, 37.374209, 0.171200, 1241, 968.0
163, 69.310319, 662.995752, 40.041004, 0.127829, 1246, 966.0
164, 72.430538, 659.721970, 41.825988, 0.036763, 1244, 963.0
165, 69.479937, 660.995276, 44.746223, 0.084942, 1239, 964.0
166, 72.289953, 663.350303, 36.078267, 0.136568, 1239, 958.0
167, 63.452497, 661.117815, 51.526164, 0.265219, 1247, 966.0
168, 73.934758, 663.108228, 31.616423, 0.052509, 1243, 1041.0
169, 76.883628, 660.213823, 33.923678, 0.046769, 1243, 1380.0
170, 72.430538, 659.721970, 41.825988, 0.065325, 1245, 1016.0
171, 70.202798, 662.666203, 36.644846, 0.085126, 1243, 963.0
172, 71.966120, 663.017179, 42.914017, 0.051769, 1241, 959.0
173, 73.459025, 659.069010, 35.670439, 0.066869, 1248, 966.0
174, 70.466251, 664.665215, 43.301929, 0.134894, 1244, 964.0
175, 68.607389, 664.421081, 34.699040, 0.122033, 1246, 990.0
176, 63.811326, 660.174821, 51.663729, 0.227757, 1235, 958.0
177, 71.914088, 663.732210, 39.275655, 0.089584, 1238, 956.0
178, 68.253569, 659.292270, 50.220144, 0.172388, 1251, 983.0
179, 69.148720, 659.901562, 48.087031, 0.071559, 1242, 960.0
180, 76.870412, 660.431324, 40.676902, 0.076355, 1248, 963.0
181, 73.417924, 659.737737, 36.753737, 0.038382, 1248, 983.0
182, 71.939404, 659.991898, 41.026347, 0.079680, 1246, 1029.0
183, 68.971507, 662.562337, 35.246293, 0.133327, 1245, 966.0
184, 71.272850, 660.337686, 40.761765, 0.081749, 1249, 1001.0
185, 72.764459, 661.357263, 33.580097, 0.054400, 1251, 966.0
186, 74.257693, 657.117625, 36.100391, 0.064331, 1246, 991.0
187, 63.452497, 661.117815, 51.526164, 0.121728, 1239, 960.0
188, 68.971507, 662.562337, 35.246293, 0.156188, 1248, 1001.0
189, 70.925926, 662.143258, 30.000000, 0.048669, 1247, 981.0
190, 71.524581, 663.331050, 39.244543, 0.144899, 1247, 964.0
191, 72.324694, 659.328295, 41.724875, 0.038554, 1244, 1057.0
192, 76.011996, 660.155576, 31.527124, 0.056436, 1253, 967.0
193, 70.925926, 662.143258, 30.000000, 0.067987, 1247, 962.0
194, 71.883168, 661.318047, 34.307421, 0.050540, 1250, 989.0
195, 70.832372, 662.224280, 41.571787, 0.109088, 1243, 980.0
196, 69.494422, 660.102961, 39.595801, 0.061518, 1240, 978.0
197, 70.925926, 662.143258, 30.000000, 0.148178, 1241, 1012.0
198, 75.617284, 658.825967, 30.000000, 0.060768, 1250, 1019.0
199, 70.925926, 662.143258, 30.000000, 0.088047, 1249, 1247.0
200, 72.430538, 659.721970, 41.825988, 0.100490, 1250, 1058.0
201, 70.925926, 662.143258, 30.000000, 0.099505, 1246, 967.0
202, 70.925926, 662.143258, 30.000000, 0.067167, 1239, 974.0
203, 78.503479, 659.485148, 33.338475, 0.091055, 1246, 963.0
204, 71.524581, 663.331050, 39.244543, 0.046165, 1237, 954.0
205, 73.089574, 662.535445, 37.303309, 0.139280, 1256, 970.0
206, 70.925926, 662.143258, 30.000000, 0.069141, 1243, 1144.0
207, 68.607389, 664.421081, 34.699040, 0.134873, 1244, 1013.0
208, 69.179636, 657.711262, 41.606754, 0.073320, 1244, 1167.0
209, 72.259726, 660.588862, 34.589302, 0.071876, 1241, 1475.0
210, 72.289953, 663.350303, 36.078267, 0.045683, 1238, 955.0
211, 74.097726, 664.735680, 27.432672, 0.069267, 1244, 959.0
212, 71.914088, 663.732210, 39.275655, 0.077539, 1249, 1135.0
213, 72.999880, 662.952549, 35.812019, 0.042941, 1247, 964.0
214, 73.417924, 659.737737, 36.753737, 0.099101, 1247, 1021.0
215, 70.832372, 662.224280, 41.571787, 0.128669, 1243, 1016.0
216, 66.953331, 663.756527, 46.002959, 0.144664, 1242, 962.0
217, 71.524581, 663.331050, 39.244543, 0.034736, 1239, 970.0
218, 73.065667, 661.255954, 32.463055, 0.049719, 1249, 994.0
219, 76.870412, 660.431324, 40.676902, 0.085140, 1244, 978.0
220, 73.888889, 662.143258, 30.000000, 0.034157, 1236, 984.0
221, 76.870412, 660.431324, 40.676902, 0.117372, 1248, 1001.0
222, 78.296768, 659.090513, 41.587569, 0.152958, 1246, 963.0
223, 71.524581, 663.331050, 39.244543, 0.128500, 1246, 962.0
224, 70.925926, 662.143258, 30.000000, 0.067285, 1249, 968.0
225, 66.794305, 663.589608, 37.374209, 0.152408, 1235, 1026.0
226, 72.891491, 663.680128, 28.504186, 0.073006, 1242, 956.0
227, 75.134964, 659.806036, 34.961658, 0.070911, 1248, 998.0
228, 70.202798, 662.666203, 36.644846, 0.115446, 1238, 982.0
229, 71.524581, 663.331050, 39.244543, 0.045947, 1246, 1004.0
230, 70.202798, 662.666203, 36.644846, 0.048514, 1240, 960.0
231, 76.266275, 661.602721, 31.707910, 0.109819, 1244, 1685.0
232, 71.374917, 663.885249, 35.232373, 0.099450, 1242, 1662.0
233, 70.925926, 662.143258, 30.000000, 0.079765, 1245, 1022.0
234, 71.524581, 663.331050, 39.244543, 0.127221, 1234, 976.0
235, 75.169913, 658.040985, 35.997998, 0.109434, 1236, 1203.0
236, 74.135002, 660.791704, 41.780954, 0.072449, 1253, 1183.0
237, 67.360376, 663.394683, 37.688783, 0.094234, 1243, 1567.0
238, 74.919129, 660.608640, 35.684981, 0.045617, 1247, 975.0
239, 75.009611, 659.150068, 41.453166, 0.058537, 1242, 1033.0
240, 72.518671, 660.373605, 36.753737, 0.035408, 1245, 1005.0
241, 68.651304, 659.771127, 46.630782, 0.170868, 1243, 961.0
242, 67.314518, 659.899638, 48.960741, 0.079672, 1248, 967.0
243, 70.925926, 662.143258, 30.000000, 0.070109, 1243, 1041.0
244, 70.882741, 658.289970, 41.868508, 0.051872, 1240, 972.0
245, 74.476035, 657.117614, 37.654223, 0.070684, 1246, 982.0
246, 73.565515, 660.685509, 39.689650, 0.061578, 1238, 956.0
247, 73.236507, 659.760789, 41.905531, 0.016597, 1246, 988.0
248, 68.397072, 664.739461, 36.228528, 0.212389, 1243, 965.0
249, 68.747603, 657.951186, 50.194148, 0.201303, 1241, 1024.0
250, 74.001679, 663.289281, 31.787474, 0.055043, 1246, 1176.0
251, 72.181965, 662.075236, 39.035518, 0.171629, 1240, 956.0
252, 75.916428, 659.293257, 34.921889, 0.073684, 1245, 983.0
253, 73.417924, 659.737737, 36.753737, 0.034144, 1250, 985.0
254, 73.417924, 659.737737, 36.753737, 0.072181, 1246, 962.0
255, 70.925926, 662.143258, 30.000000, 0.066089, 1247, 994.0
256, 73.236507, 659.760789, 41.905531, 0.061831, 1251, 1031.0
257, 72.430538, 659.721970, 41.825988, 0.087046, 1251, 982.0
258, 70.925926, 662.143258, 30.000000, 0.080752, 1246, 973.0
259, 69.310319, 662.995752, 40.041004, 0.182675, 1240, 1037.0
260, 72.964187, 660.760679, 34.410478, 0.156845, 1235, 995.0
261, 69.310319, 662.995752, 40.041004, 0.099720, 1243, 988.0
262, 75.617284, 658.825967, 30.000000, 0.063616, 1242, 974.0
263, 69.885335, 658.730487, 38.362007, 0.237205, 1242, 994.0
264, 75.617284, 658.825967, 30.000000, 0.080282, 1244, 976.0
265, 75.617284, 658.825967, 30.000000, 0.021515, 1246, 963.0
266, 67.314518, 659.899638, 48.960741, 0.082226, 1238, 973.0
267, 75.134964, 659.806036, 34.961658, 0.044302, 1240, 968.0
268, 70.925926, 662.143258, 30.000000, 0.103554, 1244, 979.0
269, 69.749220, 659.172122, 41.780565, 0.112233, 1241, 1021.0
270, 74.721663, 658.577091, 35.001689, 0.050919, 1245, 960.0
271, 71.966120, 663.017179, 42.914017, 0.063125, 1247, 991.0
272, 70.202798, 662.666203, 36.644846, 0.046179, 1238, 955.0
273, 68.747603, 657.951186, 50.194148, 0.147930, 1241, 1378.0
274, 80.769571, 659.942341, 22.883653, 0.075132, 1238, 1729.0
275, 77.057674, 660.436789, 35.406581, 0.083843, 1245, 1519.0
276, 74.721663, 658.577091, 35.001689, 0.051396, 1247, 1475.0
277, 73.252317, 662.288401, 36.613771, 0.068719, 1244, 1224.0
278, 77.685005, 661.420179, 32.293083, 0.115581, 1250, 963.0
279, 69.310319, 662.995752, 40.041004, 0.118119, 1232, 955.0
280, 72.518671, 660.373605, 36.753737, 0.067539, 1241, 1038.0
281, 71.395592, 663.343065, 35.496408, 0.045190, 1237, 991.0
282, 69.148720, 659.901562, 48.087031, 0.124826, 1236, 980.0
283, 77.361006, 658.416443, 34.429121, 0.074446, 1253, 960.0
284, 73.888889, 662.143258, 30.000000, 0.070769, 1240, 984.0
285, 63.811326, 660.174821, 51.663729, 0.401669, 1242, 973.0
286, 71.524581, 663.331050, 39.244543, 0.051179, 1244, 962.0
287, 64.247267, 667.394609, 51.519227, 0.167156, 1243, 1046.0
288, 68.535121, 659.927564, 41.733509, 0.069613, 1243, 969.0
289, 71.524581, 663.331050, 39.244543, 0.090167, 1250, 979.0
290, 71.817558, 665.800038, 35.997722, 0.212873, 1239, 959.0
291, 71.524581, 663.331050, 39.244543, 0.083375, 1245, 981.0
292, 70.071170, 663.787115, 46.630782, 0.080612, 1242, 966.0
293, 72.964187, 660.760679, 34.410478, 0.118296, 1244, 1325.0
294, 71.975191, 660.272156, 38.611628, 0.113145, 1243, 972.0
295, 63.282714, 660.343807, 52.061132, 0.199556, 1239, 961.0
296, 72.430538, 659.721970, 41.825988, 0.045269, 1243, 976.0
297, 73.888889, 662.143258, 30.000000, 0.077094, 1242, 974.0
298, 63.811326, 660.174821, 51.663729, 0.161210, 1246, 1003.0
299, 72.430538, 659.721970, 41.825988, 0.120591, 1239, 957.0
300, 71.914751, 662.925437, 36.029064, 0.050966, 1249, 1021.0
301, 71.914751, 662.925437, 36.029064, 0.039551, 1243, 969.0
302, 70.925926, 662.143258, 30.000000, 0.069632, 1246, 966.0
303, 72.289953, 663.350303, 36.078267, 0.065668, 1244, 963.0
304, 70.925926, 662.143258, 30.000000, 0.073560, 1240, 1025.0
305, 75.617284, 658.825967, 30.000000, 0.051537, 1248, 963.0
306, 72.430538, 659.721970, 41.825988, 0.084020, 1239, 977.0
307, 73.530096, 661.432130, 26.268325, 0.063458, 1242, 954.0
308, 73.417924, 659.737737, 36.753737, 0.064160, 1245, 960.0
309, 72.518671, 660.373605, 36.753737, 0.060308, 1252, 994.0
310, 71.524581, 663.331050, 39.244543, 0.058784, 1245, 962.0
311, 73.739856, 659.607107, 33.729535, 0.122211, 1246, 981.0
312, 77.151612, 662.494974, 27.308153, 0.076510, 1244, 1017.0
313, 72.430538, 659.721970, 41.825988, 0.060324, 1243, 1030.0
314, 75.511440, 661.091006, 35.429376, 0.071128, 1243, 979.0
315, 72.518671, 660.373605, 36.753737, 0.053937, 1243, 1147.0
316, 77.616023, 658.749215, 31.220554, 0.149911, 1238, 1123.0
317, 76.776352, 662.560095, 27.075760, 0.053400, 1250, 976.0
318, 71.667048, 664.186119, 35.255707, 0.129095, 1249, 970.0
319, 77.139208, 661.604595, 29.994028, 0.070032, 1248, 1023.0
320, 70.925926, 662.143258, 30.000000, 0.080224, 1247, 982.0
321, 71.395592, 663.343065, 35.496408, 0.057216, 1246, 960.0
322, 68.607389, 664.421081, 34.699040, 0.082331, 1239, 971.0
323, 79.085078, 662.150156, 28.150769, 0.107164, 1244, 950.0
324, 73.888889, 662.143258, 30.000000, 0.047943, 1239, 948.0
325, 75.617284, 658.825967, 30.000000, 0.040041, 1240, 1162.0
326, 78.333717, 657.316199, 35.438138, 0.117985, 1249, 1005.0
327, 71.914088, 663.732210, 39.275655, 0.075367, 1246, 962.0
328, 74.895074, 659.259557, 42.683696, 0.062380, 1248, 975.0
329, 63.811326, 660.174821, 51.663729, 0.089367, 1238, 958.0
330, 71.524581, 663.331050, 39.244543, 0.056628, 1243, 975.0
331, 66.953331, 663.756527, 46.002959, 0.154674, 1239, 956.0
332, 70.202798, 662.666203, 36.644846, 0.078506, 1244, 996.0
333, 70.925926, 662.143258, 30.000000, 0.149268, 1242, 997.0
334, 72.430538, 659.721970, 41.825988, 0.079582, 1236, 955.0
335, 69.148720, 659.901562, 48.087031, 0.115205, 1240, 981.0
336, 66.794305, 663.589608, 37.374209, 0.159422, 1248, 990.0
337, 71.524581, 663.331050, 39.244543, 0.067411, 1238, 983.0
338, 69.148720, 659.901562, 48.087031, 0.076647, 1244, 1000.0
339, 71.966120, 663.017179, 42.914017, 0.063440, 1245, 963.0
340, 71.524581, 663.331050, 39.244543, 0.087295, 1240, 974.0
341, 70.925926, 662.143258, 30.000000, 0.059770, 1249, 1000.0
342, 72.430538, 659.721970, 41.825988, 0.079173, 1241, 960.0
343, 71.914088, 663.732210, 39.275655, 0.047056, 1245, 972.0
344, 70.832372, 662.224280, 41.571787, 0.154961, 1239, 975.0
345, 72.675131, 663.718856, 28.462329, 0.083229, 1251, 1004.0
346, 66.411878, 658.771361, 49.604131, 0.184368, 1239, 960.0
347, 72.430538, 659.721970, 41.825988, 0.067231, 1247, 1014.0
348, 69.148720, 659.901562, 48.087031, 0.144817, 1246, 965.0
349, 70.925926, 662.143258, 30.000000, 0.089545, 1248, 1124.0
350, 74.323241, 660.874251, 33.993495, 0.101839, 1250, 975.0
351, 68.432799, 659.342964, 50.346665, 0.239238, 1241, 981.0
352, 70.925926, 662.143258, 30.000000, 0.103011, 1247, 1042.0
353, 71.524581, 663.331050, 39.244543, 0.078560, 1247, 978.0
354, 74.919333, 660.670444, 35.706646, 0.073118, 1242, 975.0
355, 71.524581, 663.331050, 39.244543, 0.060681, 1244, 967.0
356, 70.925926, 662.143258, 30.000000, 0.072594, 1251, 963.0
357, 71.524581, 663.331050, 39.244543, 0.142491, 1240, 991.0
358, 63.452497, 661.117815, 51.526164, 0.127779, 1237, 993.0
359, 76.049005, 659.949020, 35.452427, 0.068448, 1251, 966.0
360, 69.951694, 663.773691, 46.603620, 0.104865, 1237, 1003.0
361, 75.134964, 659.806036, 34.961658, 0.061619, 1247, 964.0
362, 73.967624, 664.283178, 31.786371, 0.060530, 1246, 962.0
363, 72.289953, 663.350303, 36.078267, 0.020365, 1239, 966.0
364, 73.252317, 662.288401, 36.613771, 0.050620, 1248, 976.0
365, 74.731233, 660.496416, 35.711814, 0.029784, 1245, 1034.0
366, 70.202798, 662.666203, 36.644846, 0.076832, 1250, 966.0
367, 70.925926, 662.143258, 30.000000, 0.031862, 1246, 973.0
368, 73.936870, 659.184995, 33.922257, 0.050155, 1248, 986.0
369, 74.731233, 660.496416, 35.711814, 0.064446, 1244, 962.0
370, 75.461213, 660.719281, 41.694282, 0.072693, 1252, 969.0
371, 76.881571, 661.668957, 38.452547, 0.091548, 1242, 1112.0
372, 76.892038, 661.194869, 29.049977, 0.074508, 1237, 956.0
373, 73.304247, 660.167936, 41.983310, 0.068470, 1252, 969.0
374, 71.817558, 665.800038, 35.997722, 0.236555, 1243, 1106.0
375, 72.430538, 659.721970, 41.825988, 0.062459, 1248, 967.0
376, 72.430538, 659.721970, 41.825988, 0.049150, 1246, 972.0
377, 72.181965, 662.075236, 39.035518, 0.107620, 1247, 975.0
378, 71.524581, 663.331050, 39.244543, 0.082843, 1241, 1017.0
379, 71.524581, 663.331050, 39.244543, 0.067841, 1242, 1025.0
380, 76.870412, 660.431324, 40.676902, 0.069170, 1243, 958.0
381, 70.925926, 662.143258, 30.000000, 0.116008, 1243, 974.0
382, 72.688700, 660.177707, 36.540767, 0.025344, 1252, 981.0
383, 77.799846, 661.653403, 26.725839, 0.045382, 1243, 960.0
384, 70.969197, 662.498381, 46.115537, 0.154057, 1244, 1115.0
385, 71.914088, 663.732210, 39.275655, 0.097580, 1248, 984.0
386, 76.870412, 660.431324, 40.676902, 0.083491, 1249, 964.0
387, 70.925926, 662.143258, 30.000000, 0.194971, 1238, 973.0
388, 71.914088, 663.732210, 39.275655, 0.085011, 1250, 979.0
389, 68.432799, 659.342964, 50.346665, 0.125407, 1238, 956.0
390, 77.655674, 659.819606, 37.646250, 0.093833, 1235, 975.0
391, 76.371606, 661.691911, 31.664673, 0.148446, 1237, 990.0
392, 72.430538, 659.721970, 41.825988, 0.066247, 1247, 965.0
393, 75.011963, 659.550396, 41.580206, 0.068290, 1250, 966.0
394, 69.148720, 659.901562, 48.087031, 0.100609, 1247, 994.0
395, 78.791917, 656.825337, 35.143029, 0.089321, 1239, 985.0
396, 73.304247, 660.167936, 41.983310, 0.049946, 1248, 964.0
397, 70.925926, 662.143258, 30.000000, 0.063419, 1242, 961.0
398, 75.209658, 660.401877, 37.526387, 0.049308, 1246, 1149.0
399, 77.655674, 659.819606, 37.646250, 0.083639, 1242, 957.0
400, 71.524581, 663.331050, 39.244543, 0.127356, 1235, 955.0
401, 71.524581, 663.331050, 39.244543, 0.073556, 1238, 1133.0
402, 70.925926, 662.143258, 30.000000, 0.153011, 1246, 963.0
403, 74.135002, 660.791704, 41.780954, 0.039087, 1239, 968.0
404, 71.524581, 663.331050, 39.244543, 0.071813, 1250, 1005.0
405, 73.349444, 661.768613, 32.345247, 0.044082, 1248, 1009.0
406, 77.069069, 661.551630, 29.605931, 0.063659, 1245, 1093.0
407, 73.972893, 662.834542, 37.885864, 0.069140, 1250, 967.0
408, 72.518671, 660.373605, 36.753737, 0.064639, 1250, 978.0
409, 73.934758, 663.108228, 31.616423, 0.140940, 1244, 958.0
410, 70.925926, 662.143258, 30.000000, 0.120479, 1241, 961.0
411, 79.763320, 657.849446, 31.616813, 0.073603, 1243, 1060.0
412, 70.925926, 662.143258, 30.000000, 0.048469, 1246, 979.0
413, 73.304247, 660.167936, 41.983310, 0.043952, 1248, 965.0
414, 72.430538, 659.721970, 41.825988, 0.054085, 1248, 975.0
415, 76.525666, 658.713330, 41.730164, 0.047942, 1241, 966.0
416, 73.934758, 663.108228, 31.616423, 0.064605, 1253, 1104.0
417, 63.811326, 660.174821, 51.663729, 0.236081, 1242, 999.0
418, 73.888889, 662.143258, 30.000000, 0.062292, 1241, 976.0
419, 73.739856, 659.607107, 33.729535, 0.089960, 1247, 1091.0
420, 65.281597, 663.336431, 45.408965, 0.141574, 1241, 961.0
421, 72.641149, 660.598334, 36.579457, 0.065590, 1248, 983.0
422, 76.467764, 659.572842, 37.308148, 0.068211, 1242, 971.0
423, 71.914088, 663.732210, 39.275655, 0.104475, 1248, 966.0
424, 70.925926, 662.143258, 30.000000, 0.087190, 1247, 998.0
425, 76.883628, 660.213823, 33.923678, 0.076804, 1246, 1100.0
426, 70.925926, 662.143258, 30.000000, 0.091728, 1245, 962.0
427, 72.430538, 659.721970, 41.825988, 0.061149, 1245, 1215.0
428, 77.151612, 662.494974, 27.308153, 0.093158, 1237, 1139.0
429, 72.887080, 661.475796, 41.365223, 0.166905, 1237, 961.0
430, 73.826263, 660.055983, 34.265848, 0.075184, 1246, 1166.0
431, 71.524581, 663.331050, 39.244543, 0.076293, 1241, 972.0
432, 73.888889, 662.143258, 30.000000, 0.076614, 1244, 1017.0
433, 70.925926, 662.143258, 30.000000, 0.081633, 1243, 961.0
434, 70.202798, 662.666203, 36.644846, 0.059615, 1238, 957.0
435, 63.452497, 661.117815, 51.526164, 0.135121, 1239, 977.0
436, 70.925926, 662.143258, 30.000000, 0.152188, 1241, 960.0
437, 69.310319, 662.995752, 40.041004, 0.138180, 1240, 997.0
438, 70.149290, 666.470766, 29.260884, 0.105350, 1242, 1005.0
439, 70.925926, 662.143258, 30.000000, 0.077154, 1246, 976.0
440, 69.852671, 663.111522, 40.089000, 0.047110, 1242, 973.0
441, 77.057674, 660.436789, 35.406581, 0.063446, 1250, 1214.0
442, 66.794305, 663.589608, 37.374209, 0.081093, 1239, 960.0
443, 72.518671, 660.373605, 36.753737, 0.020725, 1245, 1023.0
444, 69.148720, 659.901562, 48.087031, 0.092922, 1247, 966.0
445, 74.731233, 660.496416, 35.711814, 0.035377, 1241, 971.0
446, 75.009611, 659.150068, 41.453166, 0.146717, 1245, 1004.0
447, 71.764488, 661.629684, 42.940152, 0.138009, 1241, 962.0
448, 71.524581, 663.331050, 39.244543, 0.051474, 1243, 963.0
449, 71.524581, 663.331050, 39.244543, 0.067779, 1247, 988.0
450, 70.832372, 662.224280, 41.571787, 0.053107, 1243, 1036.0
451, 71.817558, 665.800038, 35.997722, 0.140727, 1240, 1489.0
452, 72.764459, 661.357263, 33.580097, 0.068631, 1247, 1012.0
453, 72.518671, 660.373605, 36.753737, 0.034742, 1240, 966.0
454, 70.925926, 662.143258, 30.000000, 0.073543, 1240, 976.0
455, 72.430538, 659.721970, 41.825988, 0.114683, 1247, 1374.0
456, 77.466725, 659.872321, 29.908188, 0.132288, 1241, 974.0
457, 70.925926, 662.143258, 30.000000, 0.074792, 1247, 963.0
458, 72.718061, 659.770759, 34.139824, 0.035649, 1246, 1090.0
459, 72.430538, 659.721970, 41.825988, 0.150242, 1244, 962.0
460, 73.509374, 659.207488, 39.508993, 0.130948, 1244, 1123.0
461, 72.259726, 660.588862, 34.589302, 0.119136, 1236, 963.0
462, 72.430538, 659.721970, 41.825988, 0.047250, 1247, 1121.0
463, 76.962015, 659.631160, 37.021298, 0.117406, 1239, 973.0
464, 73.304247, 660.167936, 41.983310, 0.095647, 1248, 982.0
465, 70.007637, 661.216000, 46.573408, 0.072450, 1244, 1081.0
466, 68.801321, 660.058278, 40.986830, 0.144672, 1243, 971.0
467, 72.947184, 660.320387, 40.442340, 0.092617, 1246, 974.0
468, 72.947184, 660.320387, 40.442340, 0.043067, 1248, 1005.0
469, 70.925926, 662.143258, 30.000000, 0.122126, 1247, 965.0
470, 72.964187, 660.760679, 34.410478, 0.154869, 1243, 1160.0
471, 73.509374, 659.207488, 39.508993, 0.106842, 1242, 1003.0
472, 71.524581, 663.331050, 39.244543, 0.115054, 1234, 956.0
473, 70.925926, 662.143258, 30.000000, 0.081904, 1242, 977.0
474, 70.157016, 660.808374, 43.107170, 0.193147, 1245, 1307.0
475, 69.852671, 663.111522, 40.089000, 0.106023, 1238, 999.0
476, 71.524581, 663.331050, 39.244543, 0.163797, 1246, 972.0
477, 70.925926, 662.143258, 30.000000, 0.060209, 1244, 1010.0
478, 70.925926, 662.143258, 30.000000, 0.050285, 1241, 1021.0
479, 74.109246, 661.091576, 41.871697, 0.087445, 1248, 980.0
480, 74.479847, 659.961736, 40.218090, 0.066428, 1244, 1369.0
481, 72.430538, 659.721970, 41.825988, 0.033848, 1241, 1041.0
482, 71.534028, 661.458174, 46.451891, 0.089501, 1246, 964.0
483, 63.452497, 661.117815, 51.526164, 0.155166, 1247, 1219.0
484, 70.925926, 662.143258, 30.000000, 0.075522, 1244, 963.0
485, 70.925926, 662.143258, 30.000000, 0.099681, 1247, 970.0
486, 70.925926, 662.143258, 30.000000, 0.081146, 1245, 1006.0
487, 70.925926, 662.143258, 30.000000, 0.055812, 1241, 960.0
488, 71.524581, 663.331050, 39.244543, 0.062535, 1245, 962.0
489, 75.916428, 659.293257, 34.921889, 0.067362, 1243, 954.0
490, 70.925926, 662.143258, 30.000000, 0.097421, 1245, 972.0
491, 69.852671, 663.111522, 40.089000, 0.076820, 1242, 1076.0
492, 71.914088, 663.732210, 39.275655, 0.085786, 1242, 991.0
493, 63.452497, 661.117815, 51.526164, 0.117461, 1241, 980.0
494, 71.524581, 663.331050, 39.244543, 0.093992, 1248, 977.0
495, 79.273018, 661.787911, 27.367594, 0.077997, 1240, 955.0
496, 70.925926, 662.143258, 30.000000, 0.039097, 1241, 961.0
497, 72.887080, 661.475796, 41.365223, 0.204169, 1239, 1052.0
498, 71.817558, 665.800038, 35.997722, 0.129859, 1245, 964.0
499, 74.629630, 661.619475, 30.000000, 0.038477, 1248, 1002.0
500, 73.304247, 660.167936, 41.983310, 0.067231, 1246, 978.0
501, 64.247267, 667.394609, 51.519227, 0.084735, 1246, 965.0
502, 69.148720, 659.901562, 48.087031, 0.142609, 1241, 1087.0
503, 70.925926, 662.143258, 30.000000, 0.109431, 1243, 1061.0
504, 70.832372, 662.224280, 41.571787, 0.047669, 1246, 965.0
505, 70.925926, 662.143258, 30.000000, 0.113559, 1238, 958.0
506, 71.524581, 663.331050, 39.244543, 0.067372, 1249, 968.0
507, 70.925926, 662.143258, 30.000000, 0.076597, 1256, 1023.0
508, 73.888889, 662.143258, 30.000000, 0.086404, 1245, 964.0
509, 69.852671, 663.111522, 40.089000, 0.052177, 1251, 967.0
510, 70.832372, 662.224280, 41.571787, 0.064892, 1244, 1161.0
511, 72.964187, 660.760679, 34.410478, 0.240977, 1243, 963.0
512, 71.524581, 663.331050, 39.244543, 0.076731, 1239, 1011.0
513, 72.289953, 663.350303, 36.078267, 0.081717, 1242, 968.0
514, 69.179636, 657.711262, 41.606754, 0.135030, 1240, 1053.0
515, 73.304247, 660.167936, 41.983310, 0.059185, 1250, 1133.0
516, 63.452497, 661.117815, 51.526164, 0.136430, 1235, 1304.0
517, 72.430538, 659.721970, 41.825988, 0.068832, 1238, 978.0
518, 63.452497, 661.117815, 51.526164, 0.195256, 1239, 976.0
519, 69.148720, 659.901562, 48.087031, 0.075955, 1238, 958.0
520, 70.925926, 662.143258, 30.000000, 0.050506, 1248, 973.0
521, 70.925926, 662.143258, 30.000000, 0.080058, 1249, 965.0
522, 72.964187, 660.760679, 34.410478, 0.145908, 1237, 958.0
523, 73.304247, 660.167936, 41.983310, 0.067846, 1250, 1029.0
524, 74.109246, 661.091576, 41.871697, 0.076133, 1241, 1166.0
525, 69.734190, 663.028344, 47.149933, 0.034996, 1243, 1054.0
526, 71.705499, 662.334655, 40.013461, 0.238791, 1245, 1054.0
527, 69.310319, 662.995752, 40.041004, 0.116031, 1241, 963.0
528, 72.518671, 660.373605, 36.753737, 0.046805, 1246, 962.0
529, 72.181965, 662.075236, 39.035518, 0.110818, 1244, 961.0
530, 72.518671, 660.373605, 36.753737, 0.037868, 1243, 981.0
531, 74.423795, 661.173837, 31.704070, 0.073135, 1244, 961.0
532, 78.503479, 659.485148, 33.338475, 0.119958, 1250, 967.0
533, 71.914088, 663.732210, 39.275655, 0.081053, 1240, 1000.0
534, 70.925926, 662.143258, 30.000000, 0.164998, 1240, 979.0
535, 72.289953, 663.350303, 36.078267, 0.119003, 1250, 1073.0
536, 72.518671, 660.373605, 36.753737, 0.034550, 1242, 1073.0
537, 74.629630, 661.619475, 30.000000, 0.063305, 1236, 991.0
538, 70.925926, 662.143258, 30.000000, 0.045926, 1245, 962.0
539, 73.888889, 662.143258, 30.000000, 0.085132, 1251, 967.0
540, 74.001679, 663.289281, 31.787474, 0.080764, 1249, 981.0
541, 71.760871, 662.930169, 46.073961, 0.060633, 1239, 986.0
542, 72.430538, 659.721970, 41.825988, 0.062877, 1247, 964.0
543, 70.975955, 658.369683, 34.400238, 0.094712, 1243, 972.0
544, 72.289953, 663.350303, 36.078267, 0.094551, 1246, 972.0
545, 71.374917, 663.885249, 35.232373, 0.071637, 1241, 960.0
546, 73.934758, 663.108228, 31.616423, 0.090445, 1245, 1029.0
547, 71.272850, 660.337686, 40.761765, 0.061123, 1239, 958.0
548, 73.739856, 659.607107, 33.729535, 0.159881, 1245, 999.0
549, 72.430538, 659.721970, 41.825988, 0.065016, 1251, 990.0
550, 72.430538, 659.721970, 41.825988, 0.089831, 1242, 1024.0
551, 69.852671, 663.111522, 40.089000, 0.055810, 1248, 979.0
552, 63.811326, 660.174821, 51.663729, 0.373924, 1247, 970.0
553, 74.650286, 660.215075, 36.646803, 0.089960, 1250, 962.0
554, 73.417924, 659.737737, 36.753737, 0.077233, 1250, 963.0
555, 70.925926, 662.143258, 30.000000, 0.065584, 1245, 961.0
556, 70.925926, 662.143258, 30.000000, 0.139057, 1237, 953.0
557, 72.430538, 659.721970, 41.825988, 0.100198, 1245, 1049.0
558, 72.430538, 659.721970, 41.825988, 0.031885, 1246, 977.0
559, 73.304247, 660.167936, 41.983310, 0.067456, 1248, 965.0
560, 74.501191, 659.848255, 35.226016, 0.108706, 1248, 971.0
561, 71.914088, 663.732210, 39.275655, 0.059685, 1235, 956.0
562, 70.925926, 662.143258, 30.000000, 0.121224, 1243, 962.0
563, 66.794305, 663.589608, 37.374209, 0.165863, 1242, 982.0
564, 77.186053, 661.960279, 30.486466, 0.087608, 1238, 955.0
565, 75.617284, 658.825967, 30.000000, 0.055913, 1247, 961.0
566, 72.430538, 659.721970, 41.825988, 0.102358, 1244, 963.0
567, 70.925926, 662.143258, 30.000000, 0.075879, 1243, 964.0
568, 73.888889, 662.143258, 30.000000, 0.102099, 1239, 1000.0
569, 72.326281, 662.375279, 46.886511, 0.101836, 1240, 976.0
570, 77.799846, 661.653403, 26.725839, 0.058418, 1242, 993.0
571, 70.832372, 662.224280, 41.571787, 0.058757, 1241, 986.0
572, 71.914088, 663.732210, 39.275655, 0.064200, 1249, 965.0
573, 70.466251, 664.665215, 43.301929, 0.133739, 1248, 987.0
574, 69.852671, 663.111522, 40.089000, 0.062341, 1245, 978.0
575, 72.979901, 662.329223, 34.947287, 0.053343, 1247, 964.0
576, 70.832372, 662.224280, 41.571787, 0.044506, 1245, 962.0
577, 70.832372, 662.224280, 41.571787, 0.072543, 1240, 1043.0
578, 71.272850, 660.337686, 40.761765, 0.080231, 1252, 969.0
579, 75.617284, 658.825967, 30.000000, 0.040893, 1245, 1013.0
580, 77.377701, 660.526900, 32.414546, 0.074019, 1252, 1187.0
581, 70.925926, 662.143258, 30.000000, 0.077149, 1256, 1193.0
582, 77.361006, 658.416443, 34.429121, 0.065979, 1248, 1337.0
583, 72.430538, 659.721970, 41.825988, 0.092073, 1240, 961.0
584, 72.289953, 663.350303, 36.078267, 0.053475, 1239, 1109.0
585, 65.681995, 661.042852, 54.812698, 0.121844, 1243, 1338.0
586, 73.304247, 660.167936, 41.983310, 0.070417, 1249, 1192.0
587, 75.617284, 658.825967, 30.000000, 0.050467, 1247, 1346.0
588, 75.134964, 659.806036, 34.961658, 0.119762, 1235, 1189.0
589, 71.914088, 663.732210, 39.275655, 0.117636, 1236, 1612.0
590, 72.289953, 663.350303, 36.078267, 0.073123, 1243, 1503.0
591, 68.262414, 665.065112, 36.002103, 0.181005, 1240, 1335.0
592, 76.883628, 660.213823, 33.923678, 0.071155, 1247, 1490.0
593, 74.135002, 660.791704, 41.780954, 0.056917, 1251, 1298.0
594, 71.409917, 663.589608, 37.374209, 0.139161, 1246, 1483.0
595, 70.925926, 662.143258, 30.000000, 0.059172, 1245, 1598.0
596, 68.877393, 663.716205, 36.436976, 0.136508, 1238, 1613.0
597, 72.269663, 663.596958, 35.643800, 0.023531, 1244, 1611.0
598, 70.925926, 662.143258, 30.000000, 0.060973, 1252, 1634.0
599, 77.144587, 658.709228, 34.573356, 0.069004, 1247, 1586.0
600, 72.285602, 663.129213, 36.146125, 0.060770, 1246, 1550.0
601, 76.467764, 659.572842, 37.308148, 0.125020, 1243, 1448.0
602, 70.925926, 662.143258, 30.000000, 0.063491, 1240, 1536.0
603, 74.731233, 660.496416, 35.711814, 0.049325, 1245, 1486.0
604, 72.518671, 660.373605, 36.753737, 0.072607, 1249, 1205.0
605, 79.720716, 659.381520, 33.027991, 0.189206, 1233, 1303.0
606, 70.925926, 662.143258, 30.000000, 0.107940, 1241, 1056.0
607, 72.259726, 660.588862, 34.589302, 0.068896, 1253, 1188.0
608, 72.576180, 663.482992, 34.339984, 0.202346, 1243, 1568.0
609, 79.033855, 659.791767, 32.488954, 0.067957, 1249, 1615.0
610, 71.817558, 665.800038, 35.997722, 0.237011, 1243, 1526.0
611, 73.509374, 659.207488, 39.508993, 0.071519, 1242, 1647.0
612, 76.710287, 660.376769, 33.813007, 0.060973, 1246, 1453.0
613, 71.817558, 665.800038, 35.997722, 0.177029, 1237, 1495.0
614, 73.417924, 659.737737, 36.753737, 0.064589, 1244, 1582.0
615, 71.817558, 665.800038, 35.997722, 0.195410, 1241, 1603.0
616, 74.257693, 657.117625, 36.100391, 0.055020, 1252, 1646.0
617, 69.925036, 662.801754, 37.029641, 0.128400, 1241, 1555.0
618, 72.289953, 663.350303, 36.078267, 0.061491, 1242, 1674.0
619, 72.913301, 662.392037, 36.146125, 0.039324, 1245, 1649.0
620, 74.257693, 657.117625, 36.100391, 0.040384, 1241, 1500.0
621, 73.019357, 658.597486, 39.856200, 0.091793, 1242, 1653.0
622, 76.870412, 660.431324, 40.676902, 0.094040, 1251, 1320.0
623, 74.919129, 660.608640, 35.684981, 0.078164, 1238, 1544.0
624, 70.925926, 662.143258, 30.000000, 0.108333, 1241, 1461.0
625, 73.417924, 659.737737, 36.753737, 0.039892, 1247, 1552.0
626, 71.524581, 663.331050, 39.244543, 0.185722, 1238, 1546.0
627, 72.352972, 663.550805, 33.369013, 0.095270, 1250, 1487.0
628, 69.852671, 663.111522, 40.089000, 0.068482, 1250, 1483.0
629, 64.247267, 667.394609, 51.519227, 0.086511, 1251, 1523.0
630, 70.925926, 662.143258, 30.000000, 0.065271, 1246, 1621.0
631, 75.344138, 658.663022, 29.889705, 0.055575, 1242, 1519.0
632, 71.272850, 660.337686, 40.761765, 0.047833, 1241, 1495.0
633, 70.925926, 662.143258, 30.000000, 0.105405, 1244, 1541.0
634, 74.297970, 660.086323, 35.078225, 0.054443, 1249, 1384.0
635, 72.430538, 659.721970, 41.825988, 0.129992, 1245, 997.0
636, 71.914088, 663.732210, 39.275655, 0.025237, 1241, 960.0
637, 63.452497, 661.117815, 51.526164, 0.179986, 1246, 989.0
638, 73.934758, 663.108228, 31.616423, 0.058779, 1244, 961.0
639, 71.540331, 659.802881, 44.689721, 0.167896, 1241, 962.0
640, 73.591084, 661.774394, 32.410172, 0.072167, 1235, 1024.0
641, 70.925926, 662.143258, 30.000000, 0.068351, 1244, 963.0
642, 69.749220, 659.172122, 41.780565, 0.112922, 1238, 1093.0
643, 70.925926, 662.143258, 30.000000, 0.069190, 1246, 994.0
644, 76.947388, 658.352976, 34.655222, 0.041834, 1238, 1206.0
645, 70.925926, 662.143258, 30.000000, 0.073166, 1244, 1357.0
646, 74.476035, 657.117614, 37.654223, 0.047811, 1248, 1002.0
647, 70.925926, 662.143258, 30.000000, 0.082800, 1249, 1003.0
648, 72.430538, 659.721970, 41.825988, 0.073106, 1239, 1233.0
649, 71.524581, 663.331050, 39.244543, 0.093342, 1240, 1399.0
650, 68.647616, 665.141714, 45.432039, 0.162895, 1238, 1545.0
651, 70.925926, 662.143258, 30.000000, 0.041991, 1243, 1487.0
652, 74.241330, 664.875235, 27.672398, 0.090956, 1238, 1528.0
653, 70.925926, 662.143258, 30.000000, 0.090427, 1245, 1521.0
654, 64.147849, 662.543532, 44.066735, 0.138558, 1247, 1636.0
655, 70.925926, 662.143258, 30.000000, 0.059490, 1238, 1628.0
656, 62.289598, 661.311431, 46.910614, 0.093680, 1244, 1546.0
657, 74.001679, 663.289281, 31.787474, 0.129686, 1241, 1489.0
658, 71.817558, 665.800038, 35.997722, 0.152339, 1241, 964.0
659, 69.148720, 659.901562, 48.087031, 0.087840, 1241, 1480.0
660, 66.953331, 663.756527, 46.002959, 0.095175, 1239, 1492.0
661, 69.951694, 663.773691, 46.603620, 0.056415, 1241, 1532.0
662, 70.925926, 662.143258, 30.000000, 0.092647, 1245, 1618.0
663, 66.794305, 663.589608, 37.374209, 0.181391, 1250, 1613.0
664, 75.284384, 657.324696, 34.587592, 0.051327, 1244, 1623.0
665, 70.925926, 662.143258, 30.000000, 0.064368, 1238, 1549.0
666, 69.148720, 659.901562, 48.087031, 0.072843, 1245, 1481.0
667, 63.452497, 661.117815, 51.526164, 0.181976, 1240, 1489.0
668, 71.524581, 663.331050, 39.244543, 0.141204, 1244, 1386.0
669, 75.011963, 659.550396, 41.580206, 0.058636, 1249, 1363.0
670, 68.432799, 659.342964, 50.346665, 0.124032, 1246, 1586.0
671, 71.524581, 663.331050, 39.244543, 0.066162, 1239, 1611.0
672, 72.518671, 660.373605, 36.753737, 0.060354, 1247, 1614.0
673, 63.811326, 660.174821, 51.663729, 0.170328, 1244, 1646.0
674, 74.465066, 659.501302, 39.107974, 0.036471, 1247, 1586.0
675, 73.403652, 659.235386, 35.384573, 0.054000, 1250, 1535.0
676, 67.051390, 665.728368, 34.802098, 0.198767, 1236, 1737.0
677, 70.925926, 662.143258, 30.000000, 0.104909, 1246, 1613.0
678, 76.870412, 660.431324, 40.676902, 0.054725, 1247, 1795.0
679, 70.925926, 662.143258, 30.000000, 0.154139, 1242, 1472.0
680, 71.524581, 663.331050, 39.244543, 0.109356, 1242, 1495.0
681, 70.202798, 662.666203, 36.644846, 0.130364, 1242, 1601.0
682, 70.925926, 662.143258, 30.000000, 0.114562, 1236, 1522.0
683, 72.289953, 663.350303, 36.078267, 0.059441, 1237, 1639.0
684, 70.925926, 662.143258, 30.000000, 0.084949, 1247, 1543.0
685, 71.524581, 663.331050, 39.244543, 0.121006, 1242, 1498.0
686, 70.116824, 659.349311, 39.244543, 0.178089, 1240, 1500.0
687, 65.681995, 661.042852, 54.812698, 0.134549, 1244, 1497.0
688, 72.430538, 659.721970, 41.825988, 0.047348, 1241, 1138.0
689, 70.202798, 662.666203, 36.644846, 0.185317, 1243, 1193.0
690, 73.417924, 659.737737, 36.753737, 0.043629, 1252, 980.0
691, 72.430538, 659.721970, 41.825988, 0.092755, 1235, 956.0
692, 73.888889, 662.143258, 30.000000, 0.076453, 1254, 967.0
693, 74.919129, 660.608640, 35.684981, 0.055084, 1244, 972.0
694, 70.202798, 662.666203, 36.644846, 0.091579, 1248, 1005.0
695, 72.947184, 660.320387, 40.442340, 0.142371, 1249, 984.0
696, 74.797018, 659.878660, 35.114295, 0.088669, 1246, 1002.0
697, 72.430538, 659.721970, 41.825988, 0.036339, 1243, 1479.0
698, 63.452497, 661.117815, 51.526164, 0.169605, 1243, 1444.0
699, 70.925926, 662.143258, 30.000000, 0.132172, 1242, 1444.0
700, 73.417924, 659.737737, 36.753737, 0.047215, 1237, 1580.0
701, 73.304247, 660.167936, 41.983310, 0.077902, 1248, 1670.0
702, 70.925926, 662.143258, 30.000000, 0.074351, 1249, 1427.0
703, 69.634908, 661.031227, 39.299715, 0.167006, 1243, 1461.0
704, 70.925926, 662.143258, 30.000000, 0.166940, 1243, 1557.0
705, 68.607389, 664.421081, 34.699040, 0.137499, 1237, 1636.0
706, 70.925926, 662.143258, 30.000000, 0.055934, 1246, 1615.0
707, 73.888889, 662.143258, 30.000000, 0.043176, 1237, 1411.0
708, 63.811326, 660.174821, 51.663729, 0.246715, 1241, 997.0
709, 76.870412, 660.431324, 40.676902, 0.081882, 1245, 960.0
710, 72.004051, 659.202684, 37.353088, 0.110749, 1246, 963.0
711, 70.925926, 662.143258, 30.000000, 0.089742, 1247, 1034.0
712, 72.964187, 660.760679, 34.410478, 0.064894, 1240, 1164.0
713, 69.179636, 657.711262, 41.606754, 0.130339, 1247, 1348.0
714, 75.400956, 660.820396, 37.316275, 0.040263, 1243, 973.0
715, 72.016424, 662.791186, 38.263688, 0.140566, 1244, 963.0
716, 75.134964, 659.806036, 34.961658, 0.037729, 1239, 998.0
717, 72.430538, 659.721970, 41.825988, 0.158655, 1242, 959.0
718, 70.925926, 662.143258, 30.000000, 0.142957, 1246, 1325.0
719, 63.811326, 660.174821, 51.663729, 0.266731, 1248, 1202.0
720, 71.524581, 663.331050, 39.244543, 0.090574, 1242, 961.0
721, 68.701780, 659.370545, 47.915081, 0.199514, 1236, 1427.0
722, 70.925926, 662.143258, 30.000000, 0.135215, 1249, 1284.0
723, 70.841533, 655.746697, 50.853786, 0.193885, 1244, 1495.0
724, 76.947388, 658.352976, 34.655222, 0.049779, 1246, 1370.0
725, 67.051390, 665.728368, 34.802098, 0.159252, 1243, 1361.0
726, 73.191049, 657.694928, 43.476181, 0.059927, 1241, 1370.0
727, 75.134964, 659.806036, 34.961658, 0.055051, 1243, 1513.0
728, 73.888889, 662.143258, 30.000000, 0.065015, 1239, 1563.0
729, 75.617284, 658.825967, 30.000000, 0.058287, 1242, 1573.0
730, 71.524581, 663.331050, 39.244543, 0.124758, 1245, 1517.0
731, 67.051390, 665.728368, 34.802098, 0.192723, 1245, 1535.0
732, 72.518671, 660.373605, 36.753737, 0.071156, 1253, 1484.0
733, 70.832372, 662.224280, 41.571787, 0.066603, 1236, 1500.0
734, 70.969197, 662.498381, 46.115537, 0.092823, 1240, 1053.0
735, 70.925926, 662.143258, 30.000000, 0.084063, 1244, 995.0
736, 70.925926, 662.143258, 30.000000, 0.117398, 1235, 994.0
737, 71.524581, 663.331050, 39.244543, 0.109998, 1243, 1132.0
738, 70.925926, 662.143258, 30.000000, 0.101297, 1246, 1390.0
739, 75.233582, 659.928032, 42.116987, 0.053529, 1244, 1070.0
740, 70.925926, 662.143258, 30.000000, 0.084409, 1243, 977.0
741, 72.430538, 659.721970, 41.825988, 0.069320, 1244, 1195.0
742, 69.190006, 663.141813, 41.523948, 0.064312, 1241, 1354.0
743, 73.459025, 659.069010, 35.670439, 0.079532, 1246, 970.0
744, 69.852671, 663.111522, 40.089000, 0.047496, 1252, 1167.0
745, 71.524581, 663.331050, 39.244543, 0.088673, 1242, 977.0
746, 70.925926, 662.143258, 30.000000, 0.090323, 1245, 1156.0
747, 71.975191, 660.272156, 38.611628, 0.139383, 1248, 980.0
748, 68.253569, 659.292270, 50.220144, 0.191600, 1242, 1020.0
749, 70.925926, 662.143258, 30.000000, 0.080761, 1238, 1352.0
750, 70.832372, 662.224280, 41.571787, 0.064998, 1247, 1112.0
751, 72.518671, 660.373605, 36.753737, 0.053286, 1254, 1413.0
752, 71.705499, 662.334655, 40.013461, 0.122289, 1245, 1483.0
753, 70.925926, 662.143258, 30.000000, 0.176875, 1245, 1516.0
754, 63.811326, 660.174821, 51.663729, 0.156022, 1239, 1493.0
755, 73.739856, 659.607107, 33.729535, 0.195295, 1235, 1319.0
756, 67.314518, 659.899638, 48.960741, 0.041341, 1249, 1527.0
757, 70.832372, 662.224280, 41.571787, 0.046282, 1241, 1475.0
758, 66.794305, 663.589608, 37.374209, 0.169905, 1242, 1657.0
759, 63.452497, 661.117815, 51.526164, 0.141224, 1236, 1138.0
760, 68.607389, 664.421081, 34.699040, 0.143648, 1239, 974.0
761, 74.362923, 659.711824, 35.239932, 0.054863, 1246, 981.0
762, 71.914088, 663.732210, 39.275655, 0.094510, 1242, 1509.0
763, 63.811326, 660.174821, 51.663729, 0.142325, 1244, 1484.0
764, 63.452497, 661.117815, 51.526164, 0.199500, 1245, 1357.0
765, 73.417924, 659.737737, 36.753737, 0.059743, 1249, 1452.0
766, 68.012015, 664.320043, 34.652372, 0.205826, 1244, 1588.0
767, 71.914088, 663.732210, 39.275655, 0.129660, 1240, 1519.0
768, 69.852671, 663.111522, 40.089000, 0.065333, 1240, 1050.0
769, 76.870412, 660.431324, 40.676902, 0.086432, 1249, 963.0
770, 71.524581, 663.331050, 39.244543, 0.062064, 1241, 1455.0
771, 73.888889, 662.143258, 30.000000, 0.054637, 1247, 1128.0
772, 69.148720, 659.901562, 48.087031, 0.085509, 1243, 1339.0
773, 71.667048, 664.186119, 35.255707, 0.118085, 1242, 989.0
774, 73.304247, 660.167936, 41.983310, 0.045841, 1244, 1246.0
775, 69.533884, 659.515079, 33.668183, 0.113761, 1241, 1376.0
776, 71.524581, 663.331050, 39.244543, 0.108555, 1244, 1487.0
777, 69.148720, 659.901562, 48.087031, 0.105247, 1239, 1497.0
778, 70.925926, 662.143258, 30.000000, 0.062469, 1243, 1153.0
779, 72.430538, 659.721970, 41.825988, 0.067930, 1236, 1328.0
780, 71.524581, 663.331050, 39.244543, 0.046110, 1235, 1096.0
781, 75.617284, 658.825967, 30.000000, 0.077464, 1245, 1475.0
782, 72.259726, 660.588862, 34.589302, 0.043304, 1243, 1218.0
783, 71.524581, 663.331050, 39.244543, 0.105650, 1235, 988.0
784, 71.524581, 663.331050, 39.244543, 0.103594, 1246, 1020.0
785, 70.925926, 662.143258, 30.000000, 0.097242, 1247, 962.0
786, 75.134964, 659.806036, 34.961658, 0.121514, 1240, 972.0
787, 71.524581, 663.331050, 39.244543, 0.057498, 1252, 1120.0
788, 69.310319, 662.995752, 40.041004, 0.142383, 1242, 1113.0
789, 70.202798, 662.666203, 36.644846, 0.091565, 1244, 1568.0
790, 70.925926, 662.143258, 30.000000, 0.044461, 1243, 974.0
791, 68.171768, 663.823371, 36.434994, 0.083286, 1249, 1495.0
792, 71.914088, 663.732210, 39.275655, 0.062865, 1237, 1518.0
793, 73.888889, 662.143258, 30.000000, 0.042774, 1244, 1541.0
794, 69.634908, 661.031227, 39.299715, 0.112227, 1237, 1005.0
795, 69.148720, 659.901562, 48.087031, 0.065572, 1239, 1538.0
796, 72.289953, 663.350303, 36.078267, 0.094294, 1242, 1508.0
797, 68.171768, 663.823371, 36.434994, 0.205442, 1243, 1510.0
798, 72.430538, 659.721970, 41.825988, 0.037800, 1245, 1554.0
799, 69.148720, 659.901562, 48.087031, 0.131016, 1240, 1543.0
800, 73.236507, 659.760789, 41.905531, 0.069054, 1249, 1551.0
801, 69.031942, 664.274888, 34.934971, 0.058615, 1244, 1498.0
802, 75.345984, 658.417503, 37.117745, 0.077918, 1243, 1566.0
803, 68.253569, 659.292270, 50.220144, 0.175416, 1246, 1445.0
804, 71.524581, 663.331050, 39.244543, 0.139642, 1238, 1453.0
805, 67.314518, 659.899638, 48.960741, 0.109254, 1240, 1563.0
806, 73.417924, 659.737737, 36.753737, 0.044544, 1237, 1472.0
807, 68.747603, 657.951186, 50.194148, 0.105253, 1239, 1404.0
808, 70.832372, 662.224280, 41.571787, 0.037849, 1236, 1490.0
809, 71.524581, 663.331050, 39.244543, 0.130969, 1245, 1071.0
810, 63.811326, 660.174821, 51.663729, 0.285650, 1250, 982.0
811, 71.524581, 663.331050, 39.244543, 0.059597, 1249, 1409.0
812, 70.925926, 662.143258, 30.000000, 0.068211, 1247, 1575.0
813, 71.524581, 663.331050, 39.244543, 0.105295, 1241, 959.0
814, 63.452497, 661.117815, 51.526164, 0.143261, 1240, 1481.0
815, 74.257693, 657.117625, 36.100391, 0.082529, 1246, 1005.0
816, 63.452497, 661.117815, 51.526164, 0.142691, 1243, 963.0
817, 71.524581, 663.331050, 39.244543, 0.062878, 1242, 981.0
818, 69.867457, 657.636356, 45.065172, 0.072355, 1243, 960.0
819, 75.134964, 659.806036, 34.961658, 0.091032, 1251, 967.0
820, 67.051390, 665.728368, 34.802098, 0.157998, 1243, 1077.0
821, 70.157016, 660.808374, 43.107170, 0.122151, 1240, 1419.0
822, 72.289953, 663.350303, 36.078267, 0.057716, 1242, 1198.0
823, 70.925926, 662.143258, 30.000000, 0.096502, 1242, 959.0
824, 64.247267, 667.394609, 51.519227, 0.091862, 1235, 982.0
825, 70.925926, 662.143258, 30.000000, 0.065973, 1237, 1013.0
826, 74.362923, 659.711824, 35.239932, 0.049575, 1247, 960.0
827, 70.925926, 662.143258, 30.000000, 0.089228, 1246, 975.0
828, 63.811326, 660.174821, 51.663729, 0.180720, 1244, 965.0
829, 66.794305, 663.589608, 37.374209, 0.106302, 1244, 1038.0
830, 70.925926, 662.143258, 30.000000, 0.078469, 1247, 964.0
831, 74.797018, 659.878660, 35.114295, 0.101601, 1244, 1327.0
832, 74.911057, 659.509379, 34.899722, 0.079723, 1249, 1948.0
833, 67.549305, 659.005777, 46.468621, 0.423772, 1245, 2577.0
834, 68.253569, 659.292270, 50.220144, 0.237359, 1248, 963.0
835, 70.925926, 662.143258, 30.000000, 0.144557, 1241, 988.0
836, 74.257693, 657.117625, 36.100391, 0.130517, 1244, 960.0
837, 69.310319, 662.995752, 40.041004, 0.139938, 1233, 956.0
838, 63.811326, 660.174821, 51.663729, 0.178596, 1245, 1001.0
839, 71.524581, 663.331050, 39.244543, 0.098672, 1239, 1477.0
840, 74.911057, 659.509379, 34.899722, 0.117615, 1243, 1994.0
841, 73.739856, 659.607107, 33.729535, 0.139023, 1238, 2537.0
842, 69.310319, 662.995752, 40.041004, 0.077892, 1241, 959.0
843, 66.794305, 663.589608, 37.374209, 0.113692, 1243, 1075.0
844, 70.925926, 662.143258, 30.000000, 0.056798, 1249, 965.0
845, 72.518671, 660.373605, 36.753737, 0.048845, 1238, 968.0
846, 68.171768, 663.823371, 36.434994, 0.167549, 1239, 959.0
847, 72.518671, 660.373605, 36.753737, 0.022176, 1246, 1238.0
848, 66.967349, 659.976038, 48.434330, 0.212178, 1240, 1525.0
849, 72.964187, 660.760679, 34.410478, 0.087166, 1241, 959.0
850, 69.168326, 661.066538, 46.100644, 0.044338, 1238, 995.0
851, 63.811326, 660.174821, 51.663729, 0.162308, 1238, 960.0
852, 70.925926, 662.143258, 30.000000, 0.081076, 1241, 960.0
853, 70.925926, 662.143258, 30.000000, 0.078559, 1247, 1484.0
854, 63.900507, 652.935313, 46.206362, 0.576979, 1241, 1480.0
855, 70.925926, 662.143258, 30.000000, 0.080404, 1246, 1483.0
856, 63.811326, 660.174821, 51.663729, 0.128145, 1240, 1500.0
857, 68.253569, 659.292270, 50.220144, 0.141994, 1240, 1378.0
858, 71.256530, 660.331205, 36.546356, 0.140595, 1246, 1375.0
859, 72.259726, 660.588862, 34.589302, 0.074680, 1247, 965.0
860, 70.925926, 662.143258, 30.000000, 0.119871, 1247, 965.0
861, 71.524581, 663.331050, 39.244543, 0.067518, 1241, 984.0
862, 71.524581, 663.331050, 39.244543, 0.089256, 1245, 963.0
863, 72.964187, 660.760679, 34.410478, 0.098460, 1239, 961.0
864, 68.607389, 664.421081, 34.699040, 0.125088, 1244, 964.0
865, 68.397072, 664.739461, 36.228528, 0.205964, 1239, 973.0
866, 74.257693, 657.117625, 36.100391, 0.079978, 1238, 1280.0
867, 75.134964, 659.806036, 34.961658, 0.051245, 1243, 1540.0
868, 69.734190, 663.028344, 47.149933, 0.082410, 1248, 982.0
869, 73.888889, 662.143258, 30.000000, 0.055670, 1243, 960.0
870, 71.524581, 663.331050, 39.244543, 0.079052, 1244, 999.0
871, 64.247267, 667.394609, 51.519227, 0.110700, 1244, 980.0
872, 71.524581, 663.331050, 39.244543, 0.054148, 1233, 955.0
873, 71.524581, 663.331050, 39.244543, 0.097837, 1236, 956.0
874, 70.925926, 662.143258, 30.000000, 0.074122, 1250, 966.0
875, 68.253569, 659.292270, 50.220144, 0.145370, 1241, 964.0
876, 74.257693, 657.117625, 36.100391, 0.067727, 1241, 974.0
877, 70.925926, 662.143258, 30.000000, 0.075315, 1245, 1508.0
878, 68.262414, 665.065112, 36.002103, 0.209900, 1237, 1391.0
879, 69.683781, 663.556186, 33.295753, 0.126001, 1249, 1006.0
880, 70.925926, 662.143258, 30.000000, 0.081104, 1245, 989.0
881, 68.607389, 664.421081, 34.699040, 0.122767, 1238, 959.0
882, 66.794305, 663.589608, 37.374209, 0.096955, 1238, 959.0
883, 72.430538, 659.721970, 41.825988, 0.074332, 1243, 979.0
884, 73.739856, 659.607107, 33.729535, 0.193782, 1240, 961.0
885, 72.430538, 659.721970, 41.825988, 0.037145, 1244, 961.0
886, 63.452497, 661.117815, 51.526164, 0.140508, 1243, 971.0
887, 68.253569, 659.292270, 50.220144, 0.166148, 1244, 983.0
888, 72.430538, 659.721970, 41.825988, 0.087159, 1242, 1474.0
889, 71.524581, 663.331050, 39.244543, 0.122446, 1239, 1182.0
890, 70.925926, 662.143258, 30.000000, 0.068723, 1242, 959.0
891, 72.430538, 659.721970, 41.825988, 0.088844, 1245, 1034.0
892, 68.432799, 659.342964, 50.346665, 0.151946, 1241, 979.0
893, 72.324694, 659.328295, 41.724875, 0.029459, 1240, 959.0
894, 63.452497, 661.117815, 51.526164, 0.225434, 1238, 956.0
895, 70.925926, 662.143258, 30.000000, 0.065956, 1239, 968.0
896, 68.171768, 663.823371, 36.434994, 0.214699, 1240, 962.0
897, 70.925926, 662.143258, 30.000000, 0.072927, 1242, 958.0
898, 75.134964, 659.806036, 34.961658, 0.056179, 1240, 1045.0
899, 76.710287, 660.376769, 33.813007, 0.076243, 1251, 983.0
900, 73.417924, 659.737737, 36.753737, 0.069408, 1251, 968.0
901, 72.324694, 659.328295, 41.724875, 0.065105, 1244, 963.0
902, 69.179636, 657.711262, 41.606754, 0.181002, 1243, 1007.0
903, 74.257693, 657.117625, 36.100391, 0.081367, 1240, 959.0
904, 70.925926, 662.143258, 30.000000, 0.068733, 1240, 961.0
905, 65.681995, 661.042852, 54.812698, 0.116387, 1244, 1029.0
906, 68.432799, 659.342964, 50.346665, 0.187072, 1245, 964.0
907, 67.537920, 665.025261, 35.089259, 0.146860, 1239, 967.0
908, 75.134964, 659.806036, 34.961658, 0.064930, 1248, 965.0
909, 69.148720, 659.901562, 48.087031, 0.053297, 1250, 1053.0
910, 63.811326, 660.174821, 51.663729, 0.207470, 1236, 1443.0
911, 68.432799, 659.342964, 50.346665, 0.137245, 1242, 1133.0
912, 70.832372, 662.224280, 41.571787, 0.144491, 1242, 1021.0
913, 70.925926, 662.143258, 30.000000, 0.157049, 1241, 960.0
914, 70.925926, 662.143258, 30.000000, 0.044949, 1248, 965.0
915, 66.794305, 663.589608, 37.374209, 0.247541, 1242, 1019.0
916, 63.738620, 659.666453, 44.074365, 0.193761, 1245, 966.0
917, 72.518671, 660.373605, 36.753737, 0.044528, 1243, 1182.0
918, 69.014552, 661.000427, 34.496485, 0.147658, 1240, 959.0
919, 63.811326, 660.174821, 51.663729, 0.173347, 1236, 958.0
920, 68.432799, 659.342964, 50.346665, 0.119489, 1246, 1296.0
921, 70.925926, 662.143258, 30.000000, 0.097912, 1248, 1566.0
922, 73.417924, 659.737737, 36.753737, 0.042368, 1245, 1481.0
923, 70.832372, 662.224280, 41.571787, 0.143951, 1239, 1011.0
924, 71.524581, 663.331050, 39.244543, 0.059106, 1244, 1050.0
925, 70.925926, 662.143258, 30.000000, 0.094801, 1248, 962.0
926, 70.925926, 662.143258, 30.000000, 0.118537, 1247, 1067.0
927, 71.374917, 663.885249, 35.232373, 0.053676, 1246, 1012.0
928, 71.524581, 663.331050, 39.244543, 0.099214, 1243, 961.0
929, 70.925926, 662.143258, 30.000000, 0.142502, 1247, 1174.0
930, 74.257693, 657.117625, 36.100391, 0.059522, 1243, 1470.0
931, 69.310319, 662.995752, 40.041004, 0.090777, 1240, 1055.0
932, 75.209658, 660.401877, 37.526387, 0.032845, 1240, 1107.0
933, 69.179636, 657.711262, 41.606754, 0.073710, 1241, 961.0
934, 72.259726, 660.588862, 34.589302, 0.023080, 1243, 960.0
935, 73.593983, 660.455193, 40.265680, 0.074158, 1236, 969.0
936, 70.925926, 662.143258, 30.000000, 0.076248, 1243, 969.0
937, 75.617284, 658.825967, 30.000000, 0.116668, 1248, 963.0
938, 76.883628, 660.213823, 33.923678, 0.089443, 1247, 964.0
939, 70.925926, 662.143258, 30.000000, 0.060260, 1239, 1092.0
940, 75.916428, 659.293257, 34.921889, 0.035540, 1250, 1229.0
941, 72.430538, 659.721970, 41.825988, 0.082639, 1249, 989.0
942, 71.524581, 663.331050, 39.244543, 0.124090, 1244, 1019.0
943, 70.925926, 662.143258, 30.000000, 0.040145, 1247, 965.0
944, 70.630126, 662.049894, 37.057595, 0.075212, 1244, 972.0
945, 71.272850, 660.337686, 40.761765, 0.038871, 1242, 1049.0
946, 73.739856, 659.607107, 33.729535, 0.140032, 1241, 981.0
947, 69.784711, 662.714892, 34.410202, 0.117927, 1244, 964.0
948, 72.324694, 659.328295, 41.724875, 0.069244, 1254, 981.0
949, 70.925926, 662.143258, 30.000000, 0.147610, 1240, 1021.0
950, 70.202798, 662.666203, 36.644846, 0.142160, 1237, 962.0
951, 71.524581, 663.331050, 39.244543, 0.051053, 1245, 1267.0
952, 71.524581, 663.331050, 39.244543, 0.048753, 1237, 994.0
953, 69.148720, 659.901562, 48.087031, 0.102561, 1242, 961.0
954, 71.524581, 663.331050, 39.244543, 0.108349, 1242, 962.0
955, 67.537920, 665.025261, 35.089259, 0.089807, 1240, 959.0
956, 71.914088, 663.732210, 39.275655, 0.107232, 1246, 961.0
957, 72.701869, 659.804403, 47.553701, 0.092906, 1236, 992.0
958, 74.043401, 660.820720, 32.014269, 0.041817, 1242, 959.0
959, 73.642071, 660.759324, 35.078301, 0.097789, 1247, 965.0
960, 67.360376, 663.394683, 37.688783, 0.115109, 1240, 970.0
961, 63.452497, 661.117815, 51.526164, 0.138028, 1235, 976.0
962, 75.629275, 659.229185, 33.338475, 0.088851, 1244, 981.0
963, 67.314518, 659.899638, 48.960741, 0.071335, 1240, 959.0
964, 71.524581, 663.331050, 39.244543, 0.092482, 1243, 999.0
965, 71.939479, 661.532210, 37.316510, 0.052074, 1244, 962.0
966, 73.888889, 662.143258, 30.000000, 0.080461, 1239, 1002.0
967, 67.483517, 658.170402, 49.897803, 0.226222, 1254, 974.0
968, 70.925926, 662.143258, 30.000000, 0.117992, 1248, 992.0
969, 72.518671, 660.373605, 36.753737, 0.031454, 1244, 960.0
970, 72.518671, 660.373605, 36.753737, 0.065960, 1246, 965.0
971, 70.832372, 662.224280, 41.571787, 0.081227, 1240, 998.0
972, 75.134964, 659.806036, 34.961658, 0.060359, 1249, 965.0
973, 70.925926, 662.143258, 30.000000, 0.076125, 1251, 1427.0
974, 71.524581, 663.331050, 39.244543, 0.110286, 1233, 1426.0
975, 69.310319, 662.995752, 40.041004, 0.175125, 1240, 960.0
976, 69.168326, 661.066538, 46.100644, 0.064417, 1246, 963.0
977, 71.760871, 662.930169, 46.073961, 0.116800, 1238, 958.0
978, 70.202798, 662.666203, 36.644846, 0.068835, 1244, 968.0
979, 72.430538, 659.721970, 41.825988, 0.079460, 1242, 1008.0
980, 63.452497, 661.117815, 51.526164, 0.160550, 1240, 961.0
981, 71.524581, 663.331050, 39.244543, 0.113087, 1242, 970.0
982, 71.705499, 662.334655, 40.013461, 0.139905, 1238, 1013.0
983, 69.310319, 662.995752, 40.041004, 0.056439, 1245, 964.0
984, 63.811326, 660.174821, 51.663729, 0.156430, 1240, 986.0
985, 63.811326, 660.174821, 51.663729, 0.120297, 1247, 965.0
986, 70.142548, 660.636839, 33.444868, 0.081166, 1242, 972.0
987, 68.432799, 659.342964, 50.346665, 0.175588, 1242, 964.0
988, 72.358683, 660.609423, 33.728973, 0.092452, 1240, 961.0
989, 69.031942, 664.274888, 34.934971, 0.089482, 1249, 1025.0
990, 69.885335, 658.730487, 38.362007, 0.153310, 1235, 954.0
991, 69.148720, 659.901562, 48.087031, 0.089818, 1238, 958.0
992, 72.430538, 659.721970, 41.825988, 0.065942, 1247, 979.0
993, 71.667048, 664.186119, 35.255707, 0.101736, 1249, 1011.0
994, 72.289953, 663.350303, 36.078267, 0.138074, 1236, 956.0
995, 75.134964, 659.806036, 34.961658, 0.086210, 1248, 1475.0
996, 74.629630, 661.619475, 30.000000, 0.069165, 1247, 1015.0
997, 73.888889, 662.143258, 30.000000, 0.102079, 1245, 1363.0
998, 66.794305, 663.589608, 37.374209, 0.108034, 1241, 1478.0
999, 63.811326, 660.174821, 51.663729, 0.092841, 1241, 1476.0
