#idx, x0, x1, x2, y, f_neval, total_time (us), 
0, 68.316973, 665.530086, 39.372104, 0.108141, 6238, 4454.0
1, 71.965487, 660.208791, 45.943844, 0.102397, 6163, 4453.0
2, 74.978209, 661.159723, 35.339728, 0.042771, 6192, 4418.0
3, 70.661005, 661.302101, 39.163124, 0.078597, 6235, 4466.0
4, 71.379833, 662.630441, 38.582973, 0.107383, 6208, 4537.0
5, 76.458342, 660.818220, 28.596731, 0.034002, 6168, 4398.0
6, 69.675879, 661.727753, 44.436336, 0.084712, 6231, 4541.0
7, 74.119884, 660.108667, 44.213066, 0.081101, 6172, 4412.0
8, 69.714035, 662.259392, 41.830981, 0.135720, 6237, 4644.0
9, 70.764093, 661.398224, 39.721553, 0.070080, 6213, 4430.0
10, 74.060992, 659.983196, 38.956534, 0.086044, 6209, 4596.0
11, 78.434815, 660.524283, 30.973487, 0.081683, 6178, 4428.0
12, 75.153038, 660.097966, 36.837899, 0.062552, 6195, 4495.0
13, 77.307337, 659.627939, 31.171487, 0.052966, 6170, 4388.0
14, 74.569395, 660.431975, 38.513159, 0.051729, 6196, 4497.0
15, 73.148311, 660.588344, 36.126801, 0.044215, 6200, 4416.0
16, 74.977745, 660.632252, 32.032575, 0.044868, 6177, 4436.0
17, 76.325140, 660.955696, 28.379941, 0.037720, 6172, 4445.0
18, 74.152660, 659.554548, 36.073390, 0.034948, 6177, 4424.0
19, 77.107576, 660.840471, 34.700490, 0.087682, 6180, 4467.0
20, 76.030633, 659.982287, 33.754877, 0.074251, 6163, 4464.0
21, 74.717475, 661.363645, 29.692199, 0.065472, 6205, 4785.0
22, 69.630446, 661.817910, 40.577287, 0.102167, 6237, 5317.0
23, 71.874870, 660.512345, 40.047410, 0.066996, 6212, 4544.0
24, 70.926013, 661.940181, 41.718538, 0.085542, 6216, 4450.0
25, 74.177888, 659.389539, 38.462313, 0.059835, 6194, 4519.0
26, 69.733782, 660.989417, 42.701598, 0.193509, 6206, 4460.0
27, 67.704920, 661.017708, 45.356926, 0.147859, 6241, 5150.0
28, 71.864244, 660.294792, 38.979610, 0.072530, 6238, 6269.0
29, 72.401355, 660.541791, 42.216986, 0.074903, 6210, 4441.0
30, 72.610542, 660.360893, 39.002370, 0.062076, 6216, 4540.0
31, 69.055517, 662.079896, 42.617390, 0.136328, 6233, 4498.0
32, 78.420644, 658.706470, 32.733478, 0.056901, 6192, 4610.0
33, 75.608611, 658.503123, 34.862151, 0.045000, 6196, 4501.0
34, 71.690533, 660.192021, 43.862939, 0.068785, 6236, 4598.0
35, 71.752567, 662.919095, 38.225918, 0.040594, 6239, 4454.0
36, 67.207364, 658.857771, 48.251667, 0.172136, 6240, 4666.0
37, 72.757685, 659.483084, 40.296832, 0.037191, 6184, 4418.0
38, 70.347527, 659.140269, 46.882496, 0.060562, 6183, 4640.0
39, 72.652143, 660.198288, 35.138107, 0.065909, 6191, 4526.0
40, 68.108668, 662.017795, 42.412660, 0.073306, 6228, 4499.0
41, 70.739689, 662.734320, 37.976149, 0.071302, 6231, 4529.0
42, 69.656645, 663.567125, 34.725143, 0.101682, 6237, 4452.0
43, 72.232368, 660.743202, 43.703112, 0.071750, 6214, 5101.0
44, 70.811090, 661.764673, 40.070825, 0.075276, 6216, 4482.0
45, 71.450738, 661.219825, 37.756992, 0.040614, 6215, 4521.0
46, 70.651516, 660.570655, 43.551001, 0.145026, 6212, 4814.0
47, 77.445931, 659.249571, 31.882399, 0.073653, 6154, 4451.0
48, 71.935690, 661.166713, 41.390644, 0.052369, 6220, 4536.0
49, 77.124500, 658.630093, 30.505359, 0.020892, 6189, 4450.0
50, 68.364861, 661.394504, 41.728688, 0.163893, 6234, 4545.0
51, 70.681121, 659.473321, 42.306099, 0.139088, 6178, 4487.0
52, 69.072013, 662.669381, 37.893493, 0.061303, 6237, 4505.0
53, 72.246500, 661.107788, 38.116547, 0.047410, 6214, 4545.0
54, 75.391861, 659.756085, 31.612805, 0.041561, 6149, 4593.0
55, 69.562643, 659.987130, 44.712833, 0.076444, 6224, 4647.0
56, 70.132156, 663.119130, 43.140190, 0.076650, 6237, 4603.0
57, 66.655819, 659.541836, 46.486933, 0.220982, 6243, 4582.0
58, 70.340205, 660.853914, 44.669089, 0.121303, 6219, 4506.0
59, 72.916850, 660.494493, 35.537353, 0.036910, 6211, 4698.0
60, 73.270377, 660.413449, 37.464691, 0.061330, 6194, 4460.0
61, 74.501366, 660.702164, 31.231105, 0.034808, 6209, 4669.0
62, 68.848462, 662.536399, 37.009157, 0.065984, 6236, 4482.0
63, 77.472642, 659.296177, 28.889100, 0.072678, 6153, 4578.0
64, 72.517148, 659.449811, 45.058867, 0.141670, 6169, 4412.0
65, 70.094418, 659.970523, 38.844718, 0.068630, 6213, 4690.0
66, 68.674417, 659.708912, 44.064969, 0.076855, 6232, 4518.0
67, 74.088668, 659.785406, 34.753657, 0.024847, 6214, 4532.0
68, 69.195683, 659.811053, 45.081775, 0.070020, 6234, 4563.0
69, 68.448832, 661.780993, 41.815695, 0.082407, 6239, 4465.0
70, 68.173461, 660.088412, 44.191534, 0.107717, 6234, 4613.0
71, 73.651849, 659.840763, 41.255501, 0.061686, 6161, 4401.0
72, 70.797760, 663.714230, 37.691436, 0.083288, 6238, 4630.0
73, 68.679307, 660.743925, 44.518127, 0.041676, 6236, 4499.0
74, 69.060087, 662.626239, 37.642480, 0.065655, 6234, 4484.0
75, 71.987751, 660.639278, 37.185578, 0.032026, 6212, 4474.0
76, 68.452779, 664.148189, 35.521504, 0.094070, 6237, 4598.0
77, 65.848825, 662.309674, 44.223610, 0.114778, 6236, 4572.0
78, 76.053969, 659.104398, 37.617596, 0.035480, 6166, 4405.0
79, 70.618299, 660.205490, 43.808795, 0.139301, 6205, 4567.0
80, 70.046680, 661.060451, 38.472076, 0.028835, 6234, 4450.0
81, 70.293743, 661.815078, 40.473363, 0.038193, 6232, 4735.0
82, 67.536336, 662.356271, 42.860532, 0.105545, 6242, 4455.0
83, 69.177924, 662.240940, 39.628598, 0.061072, 6238, 4552.0
84, 69.624801, 660.101569, 43.481873, 0.119786, 6217, 4460.0
85, 67.867066, 661.701715, 43.894652, 0.112041, 6240, 4722.0
86, 74.445332, 660.808428, 33.624175, 0.032270, 6184, 4410.0
87, 68.300721, 662.242870, 41.348001, 0.077594, 6243, 4511.0
88, 64.732174, 665.079991, 39.748777, 0.214842, 6236, 4484.0
89, 71.841687, 660.940504, 38.407497, 0.051034, 6217, 4440.0
90, 69.098723, 660.248774, 45.506952, 0.059987, 6238, 4510.0
91, 71.572341, 660.686733, 38.429901, 0.051077, 6203, 4436.0
92, 67.551988, 666.110586, 50.900961, 0.047552, 6232, 4573.0
93, 70.245016, 660.672212, 42.645705, 0.042758, 6207, 4460.0
94, 71.035949, 660.681828, 46.558878, 0.057495, 6233, 4531.0
95, 74.879243, 660.978902, 32.215451, 0.049692, 6205, 4433.0
96, 71.853914, 660.095712, 39.389297, 0.029777, 6205, 4539.0
97, 70.344735, 661.604877, 43.697426, 0.043620, 6240, 4468.0
98, 73.113291, 660.749163, 37.022454, 0.044411, 6217, 4504.0
99, 71.037337, 662.068511, 37.772873, 0.043556, 6217, 4576.0
100, 69.548593, 660.535526, 46.047456, 0.046830, 6243, 4514.0
101, 69.621836, 662.816328, 44.306328, 0.145941, 6231, 4513.0
102, 68.413843, 661.659203, 43.502140, 0.079397, 6237, 4460.0
103, 68.244878, 661.083692, 43.845874, 0.047084, 6231, 4550.0
104, 67.827189, 661.189929, 40.792297, 0.127171, 6233, 4614.0
105, 69.586324, 662.045074, 36.231775, 0.076353, 6239, 4498.0
106, 68.837934, 659.565669, 43.595820, 0.083167, 6233, 4533.0
107, 75.725549, 657.716673, 43.004261, 0.076641, 6136, 4454.0
108, 69.678828, 661.937642, 40.966552, 0.056930, 6247, 4553.0
109, 66.158317, 661.548285, 43.779163, 0.156478, 6240, 4494.0
110, 72.095898, 660.772424, 39.293477, 0.076763, 6210, 4505.0
111, 71.854197, 661.776178, 35.426747, 0.062649, 6234, 4506.0
112, 76.269265, 659.548675, 31.497646, 0.037344, 6190, 4459.0
113, 68.893441, 661.654392, 43.588090, 0.078689, 6238, 4506.0
114, 69.441402, 661.567435, 43.833024, 0.076680, 6238, 4639.0
115, 73.588973, 661.424905, 31.913336, 0.028876, 6192, 4435.0
116, 73.046270, 659.461184, 35.171221, 0.041601, 6190, 4568.0
117, 72.067740, 660.830551, 44.204840, 0.047300, 6216, 4445.0
118, 69.217739, 663.214155, 39.564580, 0.059611, 6238, 4454.0
119, 73.181871, 658.708415, 39.601315, 0.029223, 6190, 4669.0
120, 69.030468, 662.335300, 39.866855, 0.062620, 6235, 4449.0
121, 65.271435, 661.889612, 44.483246, 0.186775, 6233, 4506.0
122, 76.874744, 659.730985, 30.569657, 0.076674, 6160, 4393.0
123, 69.956425, 662.290391, 41.948296, 0.032872, 6244, 4555.0
124, 73.950157, 659.083603, 35.914471, 0.033575, 6196, 4415.0
125, 71.872756, 659.162134, 42.960220, 0.052707, 6188, 4573.0
126, 68.327451, 659.946553, 43.253418, 0.050253, 6240, 4459.0
127, 67.735383, 661.819154, 40.028572, 0.079393, 6238, 4519.0
128, 67.941405, 659.457621, 43.898389, 0.143140, 6236, 4483.0
129, 70.576647, 661.391127, 41.851899, 0.123148, 6233, 4515.0
130, 70.321138, 664.126132, 36.805550, 0.079584, 6237, 4482.0
131, 67.246037, 664.552528, 41.462365, 0.123834, 6232, 4480.0
132, 74.326700, 658.140923, 40.000517, 0.035919, 6164, 4541.0
133, 70.180075, 660.187303, 43.644026, 0.075168, 6235, 4473.0
134, 71.067875, 662.487435, 37.883221, 0.033920, 6246, 4552.0
135, 71.395976, 662.662388, 36.030165, 0.063591, 6237, 4456.0
136, 67.823935, 660.839520, 45.558982, 0.236192, 6231, 4673.0
137, 68.997354, 660.359325, 48.910959, 0.164147, 6222, 4462.0
138, 66.126263, 660.961148, 43.457377, 0.238430, 6241, 4514.0
139, 71.078223, 661.622534, 42.412258, 0.127361, 6233, 4472.0
140, 67.968428, 661.967833, 43.586596, 0.090646, 6243, 4570.0
141, 68.647366, 662.008895, 40.450387, 0.074871, 6235, 4498.0
142, 75.150158, 660.137117, 36.500578, 0.071884, 6224, 4519.0
143, 76.931237, 659.461418, 31.419492, 0.058201, 6179, 4472.0
144, 72.664023, 662.126871, 39.657033, 0.094814, 6202, 4447.0
145, 71.692140, 660.142346, 43.827965, 0.093233, 6184, 4497.0
146, 70.818400, 662.309164, 38.060570, 0.068892, 6240, 4466.0
147, 79.281898, 660.199185, 25.424320, 0.050311, 6178, 4536.0
148, 73.972066, 660.958378, 32.702128, 0.052838, 6207, 4473.0
149, 70.940664, 662.849647, 41.708694, 0.121112, 6243, 4564.0
150, 69.811367, 662.691992, 40.956166, 0.047033, 6234, 4474.0
151, 70.990206, 661.365145, 42.502119, 0.094005, 6229, 4539.0
152, 72.478529, 661.255413, 41.700687, 0.145381, 6186, 4487.0
153, 69.454327, 661.122921, 44.398481, 0.240595, 6243, 4504.0
154, 68.415967, 660.420841, 45.752795, 0.114148, 6233, 4533.0
155, 68.729347, 662.313782, 44.689531, 0.179301, 6240, 4570.0
156, 67.864938, 660.591981, 44.817698, 0.100140, 6232, 4694.0
157, 72.417474, 660.991521, 36.477794, 0.009218, 6208, 4431.0
158, 73.243093, 660.611171, 38.257856, 0.035303, 6207, 4511.0
159, 70.383962, 661.455611, 44.017807, 0.072059, 6240, 4701.0
160, 70.895915, 661.200459, 43.144531, 0.102987, 6207, 4499.0
161, 68.651061, 663.488327, 41.160399, 0.240820, 6241, 4477.0
162, 69.456313, 661.985260, 43.055009, 0.154671, 6236, 4527.0
163, 67.324133, 660.819142, 44.781345, 0.108996, 6235, 4454.0
164, 72.471281, 660.428339, 40.245930, 0.033942, 6209, 4531.0
165, 70.976441, 661.886279, 41.949790, 0.074977, 6216, 4527.0
166, 71.245105, 661.033829, 41.275258, 0.110395, 6213, 4675.0
167, 66.013307, 661.302819, 43.191128, 0.231391, 6235, 4513.0
168, 74.444177, 661.509849, 31.899074, 0.043490, 6181, 4444.0
169, 75.217532, 659.684071, 36.175020, 0.038106, 6188, 4619.0
170, 70.816613, 661.324199, 41.670350, 0.057900, 6239, 4567.0
171, 70.891756, 660.582862, 40.371216, 0.065547, 6214, 4558.0
172, 72.583121, 661.259342, 38.253783, 0.042361, 6217, 4445.0
173, 74.040109, 660.075017, 38.593268, 0.055353, 6191, 4482.0
174, 69.089650, 661.659099, 43.650818, 0.109932, 6233, 4676.0
175, 67.693403, 665.421031, 38.496605, 0.113961, 6237, 4561.0
176, 66.141030, 660.249963, 46.060036, 0.209749, 6245, 4507.0
177, 71.309957, 662.508991, 40.160883, 0.084003, 6213, 4439.0
178, 67.483720, 658.993868, 47.409884, 0.156387, 6240, 4598.0
179, 70.711767, 660.684461, 41.734589, 0.051521, 6232, 4606.0
180, 75.812693, 659.955694, 36.655329, 0.059417, 6177, 4531.0
181, 72.806186, 659.368420, 37.340038, 0.036646, 6186, 4424.0
182, 69.392546, 660.912477, 42.928708, 0.070266, 6234, 4548.0
183, 66.962182, 663.894132, 39.795264, 0.120371, 6231, 4445.0
184, 71.867489, 661.590064, 39.121636, 0.074742, 6244, 4485.0
185, 70.159835, 662.786899, 37.407230, 0.042851, 6236, 4450.0
186, 72.489195, 659.190805, 39.768946, 0.051231, 6209, 4495.0
187, 66.156716, 661.973601, 45.912143, 0.103633, 6243, 4607.0
188, 66.352823, 663.919214, 40.147079, 0.138031, 6231, 4526.0
189, 71.549443, 662.044068, 34.370294, 0.035509, 6236, 4616.0
190, 69.098530, 661.855862, 42.681712, 0.124489, 6229, 4472.0
191, 71.743514, 659.937126, 41.229224, 0.037078, 6213, 4718.0
192, 73.831855, 660.810289, 33.556141, 0.048984, 6206, 4435.0
193, 71.575196, 662.486055, 35.853842, 0.043336, 6232, 4499.0
194, 74.358339, 660.759306, 32.684760, 0.041011, 6211, 4441.0
195, 73.433967, 661.503196, 39.325245, 0.099663, 6193, 4444.0
196, 69.791959, 661.817187, 42.111457, 0.050121, 6237, 4476.0
197, 68.312805, 662.637873, 38.442158, 0.115980, 6231, 4454.0
198, 74.477941, 659.468126, 31.735258, 0.057126, 6206, 4484.0
199, 72.844964, 661.978175, 33.625616, 0.064852, 6213, 4448.0
200, 73.124785, 659.754431, 39.690898, 0.098220, 6191, 4550.0
201, 69.578093, 662.035530, 39.706579, 0.057976, 6234, 4476.0
202, 68.739280, 663.483419, 37.820118, 0.039676, 6236, 4539.0
203, 78.411178, 658.180215, 37.274503, 0.078077, 6170, 4513.0
204, 71.440226, 661.189074, 39.648443, 0.034408, 6220, 4502.0
205, 74.701029, 660.187084, 38.966104, 0.120716, 6155, 4424.0
206, 71.318550, 662.069200, 34.309615, 0.057081, 6238, 4521.0
207, 68.026605, 663.255549, 40.529492, 0.116240, 6231, 4501.0
208, 67.895751, 660.879927, 45.361680, 0.048875, 6242, 4531.0
209, 73.019303, 661.039340, 39.195388, 0.055315, 6206, 4543.0
210, 72.107071, 662.432669, 37.842244, 0.041647, 6219, 4543.0
211, 72.170386, 662.985638, 34.141262, 0.041531, 6242, 4635.0
212, 71.050789, 662.320963, 41.762787, 0.068256, 6219, 4454.0
213, 70.570324, 663.573856, 37.765272, 0.035036, 6242, 4763.0
214, 72.655636, 659.382067, 37.919824, 0.096469, 6180, 4961.0
215, 73.201797, 661.057153, 40.875685, 0.117396, 6182, 6356.0
216, 69.634651, 661.768555, 42.777615, 0.130777, 6215, 4571.0
217, 70.713905, 662.698218, 39.600142, 0.031201, 6237, 4455.0
218, 74.620544, 659.832058, 33.127084, 0.041864, 6191, 4536.0
219, 76.195204, 660.189221, 36.231065, 0.072113, 6182, 4390.0
220, 72.977702, 662.300714, 34.731380, 0.025952, 6234, 4538.0
221, 75.185722, 660.512771, 37.880760, 0.102893, 6187, 4562.0
222, 75.332882, 658.946452, 42.804910, 0.128455, 6145, 4403.0
223, 70.329972, 661.350471, 42.542941, 0.111590, 6210, 4441.0
224, 68.285228, 663.327137, 38.598436, 0.041689, 6235, 4435.0
225, 67.887185, 662.342018, 41.986974, 0.126847, 6242, 6178.0
226, 74.135917, 661.688357, 30.511417, 0.057340, 6196, 4427.0
227, 72.230634, 660.505667, 35.282538, 0.056462, 6213, 5210.0
228, 70.436686, 660.534926, 42.457575, 0.085349, 6219, 4579.0
229, 71.109742, 662.124615, 38.827130, 0.040124, 6210, 4519.0
230, 71.406256, 660.501185, 38.828286, 0.032337, 6216, 5219.0
231, 77.465970, 661.478117, 32.008798, 0.106221, 6190, 4557.0
232, 70.641699, 662.879473, 37.377174, 0.094448, 6237, 4508.0
233, 68.901718, 662.834158, 38.636123, 0.050031, 6235, 5290.0
234, 68.753426, 661.960245, 42.626682, 0.107107, 6235, 4694.0
235, 71.556495, 660.447705, 40.864952, 0.079691, 6186, 4421.0
236, 74.111970, 660.833634, 38.350907, 0.066195, 6215, 5340.0
237, 68.730541, 662.663410, 41.111063, 0.074958, 6244, 4708.0
238, 73.546701, 660.566555, 35.750988, 0.040788, 6209, 4436.0
239, 74.398909, 660.825013, 40.064371, 0.050230, 6186, 5348.0
240, 75.257265, 659.207708, 36.248802, 0.021542, 6183, 4906.0
241, 70.952396, 658.429788, 45.324787, 0.159940, 6197, 4609.0
242, 69.241166, 660.535226, 45.560534, 0.068213, 6240, 4503.0
243, 72.165285, 661.556127, 35.855215, 0.044358, 6214, 4518.0
244, 69.947431, 660.439653, 42.319826, 0.043784, 6239, 4479.0
245, 72.784595, 659.695197, 38.760872, 0.054919, 6189, 4511.0
246, 74.061841, 658.989312, 40.016974, 0.054486, 6172, 4650.0
247, 72.538358, 659.679375, 40.870590, 0.013804, 6215, 4531.0
248, 67.999383, 662.220242, 43.381359, 0.178450, 6234, 4514.0
249, 70.223024, 659.738344, 44.066639, 0.173814, 6185, 4494.0
250, 69.912034, 663.508920, 38.090320, 0.029677, 6243, 4557.0
251, 70.498413, 661.027122, 41.496631, 0.161739, 6212, 4458.0
252, 73.551612, 661.038670, 36.580616, 0.062057, 6176, 4412.0
253, 73.146474, 659.457130, 34.937985, 0.031350, 6196, 4506.0
254, 72.307122, 660.634361, 36.981202, 0.069501, 6211, 4560.0
255, 71.098912, 661.686926, 36.232303, 0.045190, 6240, 4674.0
256, 73.790054, 659.577453, 38.112118, 0.056421, 6191, 4428.0
257, 73.334254, 660.265984, 39.808134, 0.082564, 6195, 4709.0
258, 70.063392, 662.331316, 39.836504, 0.040276, 6243, 4483.0
259, 68.819526, 660.767386, 41.965770, 0.170788, 6215, 4569.0
260, 69.310096, 662.518395, 38.974783, 0.130724, 6238, 4454.0
261, 68.933764, 661.835034, 43.822090, 0.089939, 6233, 4648.0
262, 77.006118, 658.839947, 30.874175, 0.058501, 6185, 4430.0
263, 67.737635, 659.506142, 44.974904, 0.207786, 6237, 4473.0
264, 75.480861, 660.065475, 28.305011, 0.073620, 6168, 4527.0
265, 73.942788, 660.119896, 29.345581, 0.013754, 6200, 4433.0
266, 70.284909, 659.754433, 44.124733, 0.062175, 6219, 4531.0
267, 72.533741, 660.340907, 36.095273, 0.032285, 6193, 4428.0
268, 72.267845, 662.031744, 35.858472, 0.075411, 6196, 4478.0
269, 70.870979, 659.771557, 40.835653, 0.106958, 6186, 4430.0
270, 76.082426, 658.669245, 33.253983, 0.046096, 6174, 4470.0
271, 73.478579, 662.548164, 37.293085, 0.053911, 6206, 4442.0
272, 70.788957, 660.815769, 40.014696, 0.030605, 6217, 4551.0
273, 69.631438, 659.996689, 44.740959, 0.122801, 6216, 4450.0
274, 77.798552, 661.332734, 19.735887, 0.060111, 6216, 4414.0
275, 75.799938, 659.725160, 36.219973, 0.075954, 6172, 4464.0
276, 76.468982, 658.949630, 33.629640, 0.042010, 6190, 4437.0
277, 73.682578, 661.402243, 38.507289, 0.064114, 6208, 4540.0
278, 73.933879, 661.710789, 33.636206, 0.089835, 6163, 4412.0
279, 69.461643, 660.435532, 44.162850, 0.097088, 6235, 4527.0
280, 74.602488, 659.104689, 36.840516, 0.059008, 6212, 4448.0
281, 71.672810, 661.881164, 37.589297, 0.036876, 6217, 4507.0
282, 70.401821, 658.702591, 44.405043, 0.116684, 6210, 4471.0
283, 76.819274, 659.747867, 32.849581, 0.067877, 6190, 4565.0
284, 73.813542, 662.595684, 32.217341, 0.066863, 6237, 4489.0
285, 67.945367, 657.705027, 47.437134, 0.359729, 6230, 4532.0
286, 69.730896, 662.521981, 40.345892, 0.040298, 6245, 4603.0
287, 67.546064, 661.827541, 44.765262, 0.109751, 6236, 4475.0
288, 70.445187, 660.265863, 41.121098, 0.059094, 6211, 4504.0
289, 69.884976, 661.674037, 40.198885, 0.072629, 6240, 4471.0
290, 69.280690, 661.913202, 42.711471, 0.162534, 6237, 4513.0
291, 68.714525, 662.413355, 43.319978, 0.063631, 6229, 4459.0
292, 71.499594, 662.404478, 41.721931, 0.073501, 6238, 4506.0
293, 69.624176, 662.536346, 38.294349, 0.097751, 6212, 4427.0
294, 70.248690, 662.298928, 43.227127, 0.095418, 6208, 4643.0
295, 68.044508, 660.056840, 44.656318, 0.150976, 6236, 4428.0
296, 72.646416, 660.653261, 37.367152, 0.032629, 6231, 4521.0
297, 71.698686, 660.684847, 38.755276, 0.038024, 6208, 4472.0
298, 66.858128, 660.731962, 44.209965, 0.133346, 6232, 4464.0
299, 72.727677, 660.590104, 41.349041, 0.117683, 6186, 4468.0
300, 72.580500, 661.744938, 37.126488, 0.046059, 6217, 4470.0
301, 72.723343, 661.582728, 36.655421, 0.034330, 6217, 4551.0
302, 70.881240, 661.788238, 33.112580, 0.065017, 6231, 4451.0
303, 72.296454, 662.161860, 36.421274, 0.061359, 6212, 4613.0
304, 72.699887, 662.689390, 30.515330, 0.061715, 6241, 4449.0
305, 75.447819, 659.771080, 32.264793, 0.044340, 6193, 4500.0
306, 70.984399, 660.186396, 42.601040, 0.079992, 6209, 4428.0
307, 75.523199, 660.755277, 27.709862, 0.055407, 6158, 4453.0
308, 71.998172, 660.422599, 38.572716, 0.060867, 6185, 4423.0
309, 74.125056, 660.653304, 37.343680, 0.051628, 6201, 4467.0
310, 69.649853, 661.619921, 41.969860, 0.040533, 6229, 4458.0
311, 69.106623, 662.386854, 41.198517, 0.074407, 6240, 4580.0
312, 76.180946, 661.282950, 29.373162, 0.065553, 6209, 4440.0
313, 71.271475, 660.845355, 41.355256, 0.055660, 6209, 4509.0
314, 73.651870, 662.023360, 36.378710, 0.065517, 6215, 4492.0
315, 74.579271, 659.905602, 36.230454, 0.046338, 6198, 4408.0
316, 78.262067, 658.934488, 35.453172, 0.139289, 6149, 4474.0
317, 74.464940, 661.182937, 32.796930, 0.027893, 6215, 4449.0
318, 69.283729, 664.990617, 39.218458, 0.122662, 6241, 4517.0
319, 73.191147, 661.837648, 33.880913, 0.043639, 6189, 4414.0
320, 72.552761, 662.785962, 32.502240, 0.060184, 6232, 4508.0
321, 72.312822, 661.932463, 36.709047, 0.050234, 6239, 4461.0
322, 68.523081, 664.147184, 38.796757, 0.072033, 6234, 4538.0
323, 77.088904, 662.755537, 26.147214, 0.096585, 6213, 4549.0
324, 73.749379, 661.347121, 35.097765, 0.035012, 6233, 4531.0
325, 74.899293, 661.065327, 31.351430, 0.017985, 6206, 4474.0
326, 76.576984, 659.545483, 37.281837, 0.103477, 6162, 4405.0
327, 71.313242, 664.073768, 38.209547, 0.073044, 6232, 4615.0
328, 73.740826, 659.853669, 40.018946, 0.052463, 6184, 4476.0
329, 67.448655, 661.333205, 44.074264, 0.053227, 6237, 4529.0
330, 70.567065, 661.953522, 40.717507, 0.048307, 6234, 4466.0
331, 69.675371, 661.140853, 42.330019, 0.134434, 6214, 4502.0
332, 70.879085, 660.827729, 40.089068, 0.062299, 6217, 4494.0
333, 68.633351, 662.296991, 41.184356, 0.098381, 6236, 4519.0
334, 71.205974, 660.025599, 42.867369, 0.076987, 6218, 4447.0
335, 70.109480, 659.531893, 45.682164, 0.112327, 6210, 4491.0
336, 66.275843, 662.367208, 43.945501, 0.134689, 6245, 4442.0
337, 70.877830, 662.218420, 38.544331, 0.060768, 6240, 4455.0
338, 69.706881, 660.696334, 42.465847, 0.059701, 6235, 4509.0
339, 73.195105, 661.482410, 39.283507, 0.058799, 6220, 4544.0
340, 69.563741, 661.477230, 43.418346, 0.067016, 6234, 4520.0
341, 70.652326, 661.523390, 35.744472, 0.043725, 6235, 4456.0
342, 70.798962, 660.431972, 42.488702, 0.074325, 6213, 4477.0
343, 71.025853, 662.366650, 40.685928, 0.039295, 6240, 4590.0
344, 70.507415, 661.415124, 42.321346, 0.152636, 6211, 4522.0
345, 73.958016, 661.905838, 30.266658, 0.070021, 6235, 4451.0
346, 69.132716, 659.224475, 47.818939, 0.160397, 6234, 4499.0
347, 72.437187, 660.090511, 38.842621, 0.062133, 6190, 4505.0
348, 70.115029, 661.013964, 44.977821, 0.135865, 6212, 4462.0
349, 68.031642, 662.534253, 38.919697, 0.058748, 6238, 4438.0
350, 77.094851, 660.493463, 29.920399, 0.087902, 6161, 4411.0
351, 67.723201, 660.250835, 46.571229, 0.222729, 6235, 4556.0
352, 70.163791, 663.062029, 38.761361, 0.069912, 6239, 4446.0
353, 70.851863, 661.144028, 40.553977, 0.064694, 6240, 4501.0
354, 73.305708, 661.875393, 37.071310, 0.068534, 6215, 4441.0
355, 71.033760, 662.257860, 38.947361, 0.055158, 6224, 4605.0
356, 72.227171, 662.101222, 33.775595, 0.057174, 6237, 4472.0
357, 69.568973, 662.760989, 40.262373, 0.131921, 6230, 4504.0
358, 67.037106, 661.046763, 43.252927, 0.100239, 6248, 4464.0
359, 74.560999, 660.191102, 35.962349, 0.064376, 6204, 4462.0
360, 70.958522, 662.665929, 41.230327, 0.096823, 6231, 4457.0
361, 70.870108, 660.201678, 39.278040, 0.027474, 6229, 4496.0
362, 71.980245, 663.547295, 31.159546, 0.042187, 6231, 4582.0
363, 72.778903, 662.203010, 37.330587, 0.015715, 6217, 4449.0
364, 73.934881, 660.583978, 37.483091, 0.042423, 6213, 4485.0
365, 73.122370, 660.344193, 36.356505, 0.023242, 6204, 4425.0
366, 69.479864, 661.245444, 41.330238, 0.062202, 6238, 4593.0
367, 72.519815, 662.593366, 28.513446, 0.025142, 6242, 4458.0
368, 74.485145, 659.941499, 37.216375, 0.038774, 6199, 4474.0
369, 72.723661, 660.939635, 37.174098, 0.058163, 6219, 4434.0
370, 73.261482, 661.111049, 43.388433, 0.064023, 6207, 4556.0
371, 74.869641, 661.715925, 37.913307, 0.079435, 6202, 4431.0
372, 73.192319, 661.868184, 32.854945, 0.055072, 6240, 4541.0
373, 73.130934, 659.982172, 39.400860, 0.064134, 6198, 4429.0
374, 69.120724, 662.754559, 43.513644, 0.194529, 6240, 4522.0
375, 72.763758, 660.734691, 39.006924, 0.055082, 6215, 4492.0
376, 72.035335, 660.698808, 39.315127, 0.042507, 6206, 4440.0
377, 70.939120, 662.747919, 38.717360, 0.103547, 6229, 4509.0
378, 70.392922, 662.012749, 40.388014, 0.073260, 6241, 4470.0
379, 70.619610, 662.462884, 38.561424, 0.060874, 6238, 4497.0
380, 76.143356, 659.381074, 37.776514, 0.057535, 6187, 4414.0
381, 71.548165, 662.230317, 36.249194, 0.087558, 6182, 4442.0
382, 74.028779, 660.153232, 37.197703, 0.020018, 6209, 4428.0
383, 76.252946, 661.008659, 26.512024, 0.033201, 6163, 4459.0
384, 71.067681, 660.680548, 42.351429, 0.135931, 6178, 4415.0
385, 70.196098, 662.250009, 41.849139, 0.083600, 6218, 4503.0
386, 75.131388, 660.000771, 39.684828, 0.070277, 6195, 4420.0
387, 69.060558, 661.568555, 40.689475, 0.140707, 6236, 4466.0
388, 70.746155, 661.774486, 41.145615, 0.070559, 6238, 4519.0
389, 69.070869, 659.803816, 45.364757, 0.111402, 6241, 4499.0
390, 69.597442, 665.924198, 55.474429, 0.087598, 6188, 4474.0
391, 76.043308, 661.479877, 37.031223, 0.135600, 6185, 4425.0
392, 72.218634, 660.297556, 39.894761, 0.063008, 6210, 4481.0
393, 74.019400, 660.754858, 38.194766, 0.054746, 6206, 4454.0
394, 70.235289, 659.665663, 45.166805, 0.096697, 6213, 4638.0
395, 78.188534, 658.237619, 34.126844, 0.082644, 6162, 4398.0
396, 74.095638, 660.325415, 38.141668, 0.043911, 6209, 4540.0
397, 70.669403, 661.694734, 39.206777, 0.024165, 6237, 4525.0
398, 73.568177, 660.373358, 38.022025, 0.043341, 6214, 4494.0
399, 76.479547, 659.842373, 36.236130, 0.078572, 6192, 4578.0
400, 71.104740, 660.804585, 41.729537, 0.108011, 6211, 4472.0
401, 70.096670, 662.201696, 39.277064, 0.061748, 6236, 4514.0
402, 71.000024, 661.578832, 39.478879, 0.106505, 6203, 4429.0
403, 72.916411, 661.519510, 40.047988, 0.031387, 6204, 4481.0
404, 69.998635, 661.363649, 42.613562, 0.054169, 6235, 4473.0
405, 74.871253, 660.775786, 33.803882, 0.036659, 6215, 4516.0
406, 73.234601, 662.486167, 32.571562, 0.043137, 6235, 4461.0
407, 75.236220, 660.765479, 36.264475, 0.059338, 6176, 4455.0
408, 74.644945, 660.028935, 33.347682, 0.056521, 6208, 4416.0
409, 77.353997, 662.194038, 23.599168, 0.112914, 6222, 4470.0
410, 69.639127, 663.395159, 39.175558, 0.079521, 6237, 4443.0
411, 81.483273, 657.726234, 28.714134, 0.064693, 6145, 4469.0
412, 72.001644, 662.043341, 33.444037, 0.035590, 6234, 4506.0
413, 73.736468, 660.703289, 38.481023, 0.037390, 6220, 4444.0
414, 73.097274, 660.121207, 37.591733, 0.045617, 6218, 4475.0
415, 75.388037, 660.247051, 40.671290, 0.040642, 6163, 4418.0
416, 73.431248, 661.428080, 30.527966, 0.047352, 6231, 4669.0
417, 66.471793, 659.265103, 46.187435, 0.216423, 6235, 4458.0
418, 74.375693, 661.832075, 33.805147, 0.053768, 6202, 4494.0
419, 69.964391, 662.454572, 39.952912, 0.054927, 6227, 4464.0
420, 70.405878, 660.883651, 38.527781, 0.119204, 6236, 4526.0
421, 74.627815, 660.000781, 36.889670, 0.056723, 6180, 4409.0
422, 73.296154, 660.595154, 39.286217, 0.051074, 6216, 4594.0
423, 69.590058, 662.259285, 41.597551, 0.085575, 6231, 4455.0
424, 72.154778, 661.938660, 34.550557, 0.068097, 6235, 4460.0
425, 75.326927, 659.170269, 37.021683, 0.061364, 6193, 4460.0
426, 72.112027, 661.477261, 36.602829, 0.059568, 6210, 4433.0
427, 71.996683, 659.737633, 43.046214, 0.060467, 6219, 4562.0
428, 77.079528, 661.393868, 26.470104, 0.084097, 6158, 4387.0
429, 69.194471, 661.331835, 43.741468, 0.136831, 6242, 4530.0
430, 74.962930, 660.716640, 35.637682, 0.065344, 6196, 4431.0
431, 68.748961, 662.051175, 44.037257, 0.055920, 6237, 4523.0
432, 72.472515, 661.643540, 37.083704, 0.056375, 6214, 4474.0
433, 72.598815, 660.720243, 36.293249, 0.047226, 6209, 5729.0
434, 71.146847, 660.358345, 40.106494, 0.037995, 6225, 5898.0
435, 68.389411, 661.129328, 41.851111, 0.085250, 6242, 4474.0
436, 67.105218, 663.555025, 39.116931, 0.110084, 6240, 4498.0
437, 69.328462, 660.951369, 45.121325, 0.115809, 6241, 4489.0
438, 68.441453, 664.590684, 35.475486, 0.081821, 6237, 4519.0
439, 70.673070, 661.939476, 39.232543, 0.039045, 6236, 4453.0
440, 71.362899, 661.169445, 39.585515, 0.038685, 6208, 4487.0
441, 75.018282, 660.057952, 36.805505, 0.052434, 6184, 4429.0
442, 67.232694, 663.162343, 42.017025, 0.063307, 6233, 4437.0
443, 74.538574, 659.695242, 33.904809, 0.013476, 6193, 4515.0
444, 70.449245, 659.459007, 44.966222, 0.088522, 6225, 4457.0
445, 72.792993, 660.541089, 36.600386, 0.027695, 6214, 4499.0
446, 73.024168, 660.894735, 42.091521, 0.136244, 6184, 4427.0
447, 72.722125, 662.617059, 40.658590, 0.130812, 6222, 4496.0
448, 70.880614, 661.809778, 40.006323, 0.043183, 6243, 4458.0
449, 70.254918, 661.985218, 40.691285, 0.057527, 6235, 4550.0
450, 72.666965, 660.970852, 39.599052, 0.048193, 6208, 4446.0
451, 70.114023, 662.620170, 40.967487, 0.111166, 6238, 4493.0
452, 70.420148, 662.804290, 36.048849, 0.058614, 6237, 4445.0
453, 74.660110, 660.402605, 35.743650, 0.025154, 6208, 4474.0
454, 68.551282, 662.078141, 35.983762, 0.057933, 6242, 4491.0
455, 72.052492, 659.583297, 42.305745, 0.114139, 6187, 4440.0
456, 78.592549, 660.414895, 30.104954, 0.125731, 6184, 4468.0
457, 70.871659, 662.503199, 35.601651, 0.056835, 6237, 4446.0
458, 73.832738, 660.169495, 35.347112, 0.028886, 6207, 4475.0
459, 71.995124, 659.715945, 41.850836, 0.149633, 6185, 4410.0
460, 71.443349, 660.914358, 43.225144, 0.117873, 6217, 4532.0
461, 72.912464, 660.906857, 39.181795, 0.101654, 6192, 4432.0
462, 71.638952, 660.704892, 41.152471, 0.044050, 6216, 4494.0
463, 72.992862, 661.268073, 39.064793, 0.090433, 6192, 4423.0
464, 72.475896, 660.346680, 44.632062, 0.093032, 6181, 4457.0
465, 71.858650, 661.176666, 44.901107, 0.065898, 6237, 4476.0
466, 67.613543, 661.162409, 44.073426, 0.135809, 6244, 4527.0
467, 74.531556, 659.333310, 38.346346, 0.088406, 6199, 4482.0
468, 74.205703, 659.471672, 40.312392, 0.039603, 6155, 4402.0
469, 69.178366, 663.480389, 40.384426, 0.075322, 6245, 4497.0
470, 68.462185, 662.449337, 40.774718, 0.120409, 6234, 4441.0
471, 71.838613, 660.541132, 43.233056, 0.096726, 6213, 4534.0
472, 69.265703, 663.012516, 41.660064, 0.105796, 6237, 4445.0
473, 71.473317, 662.190697, 35.549250, 0.061595, 6238, 4512.0
474, 67.873303, 661.644860, 44.159019, 0.182367, 6240, 4450.0
475, 71.571539, 661.016204, 39.042526, 0.095924, 6191, 4467.0
476, 69.556169, 660.747041, 43.662625, 0.136886, 6230, 4483.0
477, 71.705071, 661.526823, 36.832767, 0.029865, 6216, 4532.0
478, 70.909568, 661.282299, 38.482599, 0.014686, 6236, 4460.0
479, 72.817002, 661.917449, 40.994539, 0.081822, 6216, 4491.0
480, 73.586445, 659.294857, 40.367353, 0.061189, 6169, 4421.0
481, 72.155772, 660.424829, 41.849476, 0.032831, 6215, 4459.0
482, 72.491779, 661.867728, 41.667719, 0.079030, 6220, 4619.0
483, 67.412250, 660.384158, 42.917137, 0.118142, 6232, 4505.0
484, 70.123520, 663.037848, 36.001645, 0.056712, 6234, 4494.0
485, 68.173848, 661.651102, 42.541810, 0.035948, 6244, 4491.0
486, 73.270859, 661.913478, 33.002915, 0.059055, 6236, 4599.0
487, 69.965294, 661.023820, 38.082002, 0.025342, 6233, 4481.0
488, 71.003513, 661.607262, 38.884943, 0.051552, 6239, 4570.0
489, 73.126429, 661.079267, 35.919236, 0.052965, 6216, 4448.0
490, 68.237892, 662.840816, 38.292603, 0.072905, 6234, 4529.0
491, 70.645147, 661.488349, 39.674177, 0.071687, 6239, 4688.0
492, 71.195752, 662.728741, 39.549430, 0.080226, 6219, 4463.0
493, 66.281693, 661.545999, 42.715017, 0.085289, 6235, 4538.0
494, 69.535747, 662.439304, 41.495001, 0.082912, 6239, 4464.0
495, 78.323095, 661.100308, 27.636661, 0.071080, 6161, 4555.0
496, 72.427682, 661.147238, 33.740063, 0.023079, 6239, 4477.0
497, 69.558478, 661.489959, 43.186191, 0.179455, 6242, 4623.0
498, 69.546099, 663.834373, 40.705756, 0.107922, 6230, 4464.0
499, 74.837473, 661.626999, 32.205417, 0.035525, 6213, 4640.0
500, 71.621736, 661.555232, 45.231204, 0.065625, 6214, 4459.0
501, 68.659864, 662.578892, 39.832103, 0.050913, 6233, 4460.0
502, 70.893571, 659.091210, 44.492974, 0.134819, 6182, 4482.0
503, 69.080001, 660.990022, 40.566992, 0.060859, 6228, 4461.0
504, 72.886086, 661.068016, 38.013840, 0.042342, 6208, 4545.0
505, 69.187967, 661.088670, 39.400034, 0.073753, 6218, 4547.0
506, 70.730103, 662.610288, 38.287061, 0.061592, 6236, 4519.0
507, 72.417776, 661.313976, 34.257481, 0.058852, 6228, 4453.0
508, 71.158470, 662.624984, 39.587969, 0.049876, 6209, 4677.0
509, 71.138448, 661.398353, 39.852204, 0.045719, 6237, 4467.0
510, 71.222237, 660.997551, 42.148244, 0.061317, 6222, 4590.0
511, 68.889547, 662.184369, 40.086012, 0.206225, 6212, 4446.0
512, 68.726869, 662.145489, 44.773133, 0.055378, 6245, 4593.0
513, 72.300444, 661.541487, 39.106212, 0.068750, 6210, 4496.0
514, 68.827005, 659.665299, 45.896427, 0.110044, 6211, 4441.0
515, 73.553721, 660.282873, 40.548218, 0.058242, 6181, 4539.0
516, 66.638911, 662.318757, 44.434171, 0.110047, 6238, 4463.0
517, 71.295052, 661.273292, 40.975306, 0.061813, 6215, 4550.0
518, 66.752178, 662.277578, 41.330669, 0.149782, 6241, 4459.0
519, 69.817016, 660.092598, 47.329404, 0.074366, 6214, 4563.0
520, 72.649085, 661.602006, 33.389472, 0.033853, 6231, 4458.0
521, 71.818657, 661.491910, 34.444920, 0.066127, 6238, 4570.0
522, 68.819635, 661.572684, 40.431081, 0.114515, 6232, 4529.0
523, 73.366922, 660.646577, 38.975318, 0.062512, 6186, 4442.0
524, 72.732031, 662.185168, 40.538215, 0.067936, 6205, 4489.0
525, 70.741247, 662.463708, 42.920514, 0.029952, 6239, 4451.0
526, 68.682461, 661.709527, 42.953148, 0.219752, 6240, 4582.0
527, 68.136296, 661.236340, 44.422234, 0.102891, 6244, 4465.0
528, 74.136813, 659.518826, 34.956968, 0.042532, 6186, 4590.0
529, 71.071286, 662.616254, 38.665347, 0.107256, 6210, 4450.0
530, 74.043888, 660.522147, 34.441172, 0.032739, 6214, 4582.0
531, 74.978990, 660.485046, 33.717661, 0.069346, 6218, 4450.0
532, 77.961707, 658.383932, 38.477071, 0.103009, 6143, 4483.0
533, 70.166520, 662.915596, 41.167045, 0.071805, 6236, 4506.0
534, 68.868645, 660.232394, 39.832127, 0.113899, 6233, 4526.0
535, 71.511654, 662.352541, 37.700054, 0.113726, 6236, 4497.0
536, 74.534076, 659.826627, 33.233397, 0.026133, 6193, 4407.0
537, 75.596177, 661.531846, 31.790830, 0.058155, 6191, 4625.0
538, 73.222129, 660.784911, 32.051822, 0.030565, 6193, 4421.0
539, 73.188774, 661.724320, 37.496897, 0.061086, 6205, 4627.0
540, 70.527993, 662.792574, 36.207630, 0.058335, 6242, 4594.0
541, 71.947646, 660.986676, 43.773955, 0.048477, 6212, 4555.0
542, 71.568906, 661.558884, 40.463034, 0.053266, 6210, 4447.0
543, 71.400811, 660.717517, 39.947888, 0.052505, 6239, 4594.0
544, 70.760004, 661.898946, 41.195953, 0.077589, 6238, 4566.0
545, 70.258079, 663.151458, 38.270880, 0.065947, 6232, 4479.0
546, 73.578467, 662.197031, 29.170670, 0.080096, 6242, 4700.0
547, 72.451324, 660.666353, 37.152009, 0.054592, 6223, 4456.0
548, 69.473663, 661.780435, 40.120384, 0.117093, 6240, 4636.0
549, 72.695094, 660.624748, 39.654827, 0.060053, 6210, 4449.0
550, 73.180449, 660.494021, 37.223822, 0.077885, 6191, 4602.0
551, 70.686280, 661.358734, 40.402648, 0.049148, 6238, 4471.0
552, 66.632758, 662.778487, 42.221153, 0.339435, 6231, 4536.0
553, 76.319824, 660.672451, 34.875152, 0.081474, 6158, 4412.0
554, 71.970262, 659.959174, 36.452567, 0.072635, 6196, 4690.0
555, 69.994424, 661.384181, 37.133877, 0.044042, 6236, 4432.0
556, 69.045144, 661.878370, 38.134633, 0.110194, 6242, 4488.0
557, 70.977158, 660.972143, 41.078292, 0.092956, 6241, 4546.0
558, 71.418230, 660.858971, 41.039370, 0.027329, 6215, 4525.0
559, 73.873706, 660.206223, 39.295339, 0.064586, 6184, 4565.0
560, 76.219821, 660.165605, 34.389322, 0.100782, 6180, 4461.0
561, 73.198135, 662.649258, 36.701917, 0.057181, 6222, 4513.0
562, 67.709784, 662.965337, 39.564310, 0.077135, 6235, 4476.0
563, 68.095930, 663.251947, 39.392267, 0.153813, 6237, 4547.0
564, 73.705150, 662.024805, 33.288519, 0.066773, 6218, 4447.0
565, 76.485523, 659.267264, 30.515129, 0.051618, 6192, 4615.0
566, 71.139388, 661.459415, 40.509577, 0.092255, 6218, 4576.0
567, 70.857351, 662.002372, 36.637112, 0.054263, 6240, 4577.0
568, 71.300775, 662.636642, 38.792453, 0.070920, 6212, 4470.0
569, 72.272343, 660.242873, 44.542991, 0.086483, 6184, 4432.0
570, 77.392562, 661.045298, 24.291547, 0.048768, 6179, 4533.0
571, 71.927535, 661.056808, 40.486349, 0.055793, 6214, 4479.0
572, 71.548381, 662.919981, 38.457869, 0.060721, 6241, 4507.0
573, 69.113250, 662.099315, 42.460633, 0.106586, 6238, 4545.0
574, 71.985572, 661.296838, 37.980145, 0.053737, 6222, 4522.0
575, 74.354865, 660.744310, 34.613761, 0.046250, 6204, 4499.0
576, 72.045779, 661.441633, 40.591910, 0.042460, 6204, 4556.0
577, 71.650920, 661.233245, 40.152742, 0.070364, 6218, 4518.0
578, 70.408539, 660.967721, 40.462814, 0.078096, 6238, 4531.0
579, 74.877833, 660.998904, 30.350634, 0.022186, 6186, 4423.0
580, 76.737734, 659.917265, 31.605835, 0.069593, 6184, 4510.0
581, 72.903007, 661.129263, 34.841385, 0.051912, 6216, 4605.0
582, 76.652470, 659.778354, 33.432234, 0.059855, 6157, 4423.0
583, 72.709828, 660.670531, 40.531634, 0.088276, 6191, 4535.0
584, 72.570243, 661.449614, 38.210381, 0.041707, 6218, 4468.0
585, 68.793501, 660.782236, 43.234126, 0.070365, 6235, 4508.0
586, 73.313602, 660.241238, 39.621014, 0.067307, 6197, 4434.0
587, 75.133930, 660.274359, 29.969947, 0.042214, 6184, 4449.0
588, 70.246466, 660.699685, 39.137784, 0.081576, 6232, 4523.0
589, 71.093893, 660.833842, 43.142542, 0.093184, 6219, 4449.0
590, 72.132714, 661.287654, 38.696923, 0.058903, 6218, 4489.0
591, 68.622453, 663.299077, 41.001220, 0.159627, 6241, 4445.0
592, 75.950246, 659.382750, 37.087390, 0.062461, 6172, 4499.0
593, 73.350532, 661.207248, 40.108842, 0.052599, 6207, 4432.0
594, 70.651968, 663.987757, 39.599470, 0.136574, 6242, 4519.0
595, 72.361175, 661.121046, 35.673060, 0.032573, 6212, 4436.0
596, 68.256429, 662.605850, 42.226851, 0.118276, 6238, 4490.0
597, 72.727250, 661.932799, 38.273663, 0.011908, 6240, 4468.0
598, 70.445749, 662.095133, 37.884792, 0.031613, 6233, 4543.0
599, 75.640046, 660.633256, 33.981411, 0.057348, 6201, 4422.0
600, 74.194555, 661.396282, 37.428880, 0.047023, 6209, 4433.0
601, 73.371321, 660.556297, 38.640195, 0.108649, 6187, 4462.0
602, 70.033505, 662.707871, 34.771949, 0.052603, 6236, 4445.0
603, 72.384851, 661.459238, 37.939893, 0.042251, 6210, 4525.0
604, 72.899942, 659.786687, 33.699386, 0.067593, 6189, 4434.0
605, 79.672008, 658.106205, 35.630124, 0.180099, 6123, 4480.0
606, 72.037728, 661.179185, 35.769284, 0.082124, 6198, 4411.0
607, 73.201700, 660.704496, 38.681105, 0.053855, 6213, 4536.0
608, 71.199669, 662.365113, 41.279354, 0.178925, 6220, 4488.0
609, 77.372319, 659.704037, 31.930713, 0.060144, 6178, 4522.0
610, 68.780075, 664.703121, 38.675195, 0.214888, 6234, 4465.0
611, 71.770733, 661.101586, 41.733624, 0.061981, 6220, 4515.0
612, 75.354218, 660.056740, 32.927034, 0.053635, 6190, 4531.0
613, 69.486708, 662.374729, 42.560672, 0.137536, 6240, 4532.0
614, 73.422130, 660.430428, 33.030896, 0.056644, 6238, 4774.0
615, 69.621986, 663.463384, 40.136918, 0.170897, 6232, 6200.0
616, 73.639169, 659.125069, 37.349182, 0.043312, 6187, 4482.0
617, 68.090619, 661.530874, 42.856810, 0.109460, 6239, 4502.0
618, 70.775148, 662.798751, 41.152709, 0.050128, 6238, 4473.0
619, 75.305976, 661.314797, 33.786494, 0.031540, 6211, 4513.0
620, 72.738948, 659.338361, 38.647952, 0.026168, 6203, 4478.0
621, 70.583881, 660.335678, 44.924559, 0.073318, 6240, 4561.0
622, 75.469304, 659.689697, 38.259017, 0.077419, 6174, 4592.0
623, 73.637621, 661.414870, 34.614692, 0.073049, 6215, 4521.0
624, 69.023206, 661.735842, 41.055626, 0.057243, 6237, 4519.0
625, 73.155661, 659.574751, 35.182280, 0.037829, 6179, 4549.0
626, 69.665594, 661.767763, 40.533328, 0.168553, 6216, 4634.0
627, 71.287321, 665.102299, 36.213727, 0.088074, 6237, 4544.0
628, 71.162072, 661.485523, 39.268954, 0.063293, 6243, 4489.0
629, 70.353498, 663.226647, 37.837853, 0.062575, 6238, 4509.0
630, 72.596006, 661.607749, 34.869318, 0.041719, 6232, 4610.0
631, 73.787384, 660.355542, 34.266442, 0.035523, 6201, 4764.0
632, 72.381332, 660.944087, 37.773756, 0.040957, 6220, 4433.0
633, 70.507755, 661.180172, 38.443371, 0.069269, 6234, 4653.0
634, 76.208640, 660.439841, 31.997706, 0.044112, 6185, 4420.0
635, 71.392773, 660.046670, 41.744644, 0.127202, 6193, 4497.0
636, 72.041853, 662.744201, 38.109563, 0.022107, 6223, 4471.0
637, 67.642225, 660.633618, 43.838783, 0.143825, 6236, 4594.0
638, 75.037231, 661.485375, 31.411984, 0.050124, 6205, 4570.0
639, 68.767990, 660.191755, 44.905970, 0.145230, 6242, 4509.0
640, 76.013756, 660.302927, 30.328210, 0.060647, 6166, 4510.0
641, 72.993763, 660.672089, 34.888879, 0.039651, 6217, 4524.0
642, 70.683825, 659.567101, 41.621195, 0.109651, 6234, 4542.0
643, 72.128441, 661.076924, 35.749197, 0.044053, 6211, 4467.0
644, 75.325925, 659.425614, 34.153773, 0.035980, 6195, 4581.0
645, 70.836623, 663.038742, 33.719012, 0.061121, 6241, 4518.0
646, 73.066006, 659.787157, 38.719888, 0.032186, 6214, 4493.0
647, 68.938544, 662.672777, 38.964571, 0.051389, 6241, 4476.0
648, 71.142744, 660.515998, 42.147336, 0.069938, 6221, 4489.0
649, 71.454204, 661.887379, 37.792738, 0.085260, 6214, 4453.0
650, 68.971776, 660.853208, 42.271827, 0.114598, 6215, 4456.0
651, 69.236304, 663.570027, 35.923945, 0.023280, 6235, 4574.0
652, 71.218246, 663.987199, 35.290656, 0.066149, 6236, 4466.0
653, 70.147750, 661.329694, 40.398571, 0.041935, 6232, 4584.0
654, 69.674643, 661.059851, 39.870330, 0.096294, 6213, 4539.0
655, 70.616142, 661.038381, 35.940128, 0.041278, 6240, 4513.0
656, 66.549778, 663.264943, 41.810138, 0.047897, 6233, 4451.0
657, 69.853704, 662.085033, 39.418907, 0.088195, 6238, 4599.0
658, 68.145107, 662.821706, 44.493587, 0.102299, 6234, 4672.0
659, 70.770731, 661.359782, 42.187005, 0.065150, 6235, 4569.0
660, 69.286880, 661.083016, 43.884336, 0.078266, 6207, 4455.0
661, 70.563611, 663.447967, 42.919260, 0.053120, 6236, 4481.0
662, 70.162478, 661.737907, 38.843888, 0.057240, 6217, 4525.0
663, 67.296154, 663.060989, 41.260245, 0.166246, 6232, 4531.0
664, 75.650397, 658.457787, 36.031642, 0.044002, 6193, 4494.0
665, 72.190552, 662.287157, 33.852498, 0.046649, 6238, 4471.0
666, 69.951871, 660.919941, 42.183123, 0.053467, 6232, 4601.0
667, 67.341117, 662.605109, 44.589358, 0.148539, 6235, 4461.0
668, 68.250030, 663.376312, 42.506224, 0.123916, 6239, 4508.0
669, 74.162027, 660.682607, 39.494208, 0.051259, 6219, 4505.0
670, 67.881394, 661.335749, 45.220177, 0.098136, 6238, 4477.0
671, 71.070237, 662.391571, 38.745975, 0.061480, 6213, 4521.0
672, 75.375082, 659.069495, 36.171456, 0.046580, 6191, 4420.0
673, 67.829798, 658.756978, 46.387690, 0.140207, 6243, 4633.0
674, 73.694256, 658.448290, 36.523394, 0.025813, 6193, 4408.0
675, 74.440054, 659.522598, 36.799286, 0.048070, 6190, 4483.0
676, 66.621515, 665.404512, 39.573921, 0.185077, 6235, 4447.0
677, 69.165548, 662.659225, 41.651897, 0.055013, 6238, 4509.0
678, 75.122192, 660.362298, 37.685337, 0.037881, 6204, 4429.0
679, 67.570336, 663.295744, 40.791286, 0.103214, 6238, 4519.0
680, 69.277889, 661.852216, 42.903430, 0.091044, 6234, 4475.0
681, 70.844872, 659.863561, 41.232164, 0.101093, 6221, 4518.0
682, 69.775762, 661.141617, 39.627746, 0.071462, 6238, 4463.0
683, 72.738358, 662.191135, 36.769658, 0.055459, 6217, 4455.0
684, 68.709822, 662.599781, 41.142214, 0.032490, 6234, 4520.0
685, 68.870814, 663.339868, 40.734016, 0.106629, 6232, 4461.0
686, 68.515527, 658.920112, 44.528039, 0.162974, 6213, 4623.0
687, 69.341069, 659.979432, 42.265502, 0.079585, 6206, 4478.0
688, 70.856441, 661.878842, 44.252282, 0.042660, 6222, 4494.0
689, 69.596219, 659.465945, 43.633810, 0.144003, 6241, 4487.0
690, 73.021743, 659.899564, 36.267101, 0.043064, 6185, 4462.0
691, 71.945702, 659.814523, 41.791092, 0.092149, 6181, 4414.0
692, 73.126273, 661.619017, 36.749621, 0.057498, 6202, 4496.0
693, 73.289573, 661.039011, 36.366367, 0.050912, 6207, 4430.0
694, 69.295461, 661.321612, 42.071663, 0.074197, 6239, 4513.0
695, 74.176148, 659.459939, 41.321509, 0.137059, 6188, 4420.0
696, 69.837033, 663.054028, 39.711902, 0.045867, 6239, 4469.0
697, 71.645037, 660.196554, 41.885206, 0.035026, 6209, 4530.0
698, 66.804703, 661.108275, 43.174162, 0.139211, 6237, 4431.0
699, 67.962375, 663.394845, 39.727520, 0.096702, 6238, 4453.0
700, 71.938929, 660.527115, 38.265231, 0.043841, 6219, 4519.0
701, 73.737930, 660.348504, 38.549490, 0.072432, 6188, 4508.0
702, 71.122519, 663.065514, 35.789375, 0.048197, 6240, 4441.0
703, 68.799220, 659.083356, 44.463350, 0.147350, 6239, 4527.0
704, 68.447518, 661.552457, 42.366935, 0.102947, 6236, 4538.0
705, 69.092479, 663.016883, 39.116934, 0.120000, 6237, 4501.0
706, 73.015466, 661.813579, 32.996912, 0.036012, 6241, 4445.0
707, 73.487458, 661.397472, 34.380264, 0.033952, 6213, 4436.0
708, 66.876987, 660.892398, 44.547914, 0.218261, 6239, 4629.0
709, 75.554938, 659.658584, 39.988235, 0.071351, 6180, 4420.0
710, 70.574792, 660.696319, 43.734412, 0.084122, 6212, 4508.0
711, 70.488860, 662.364207, 38.078627, 0.057475, 6237, 4494.0
712, 69.476821, 663.506660, 37.546171, 0.039313, 6238, 4529.0
713, 68.974289, 660.390727, 42.831775, 0.112849, 6237, 4490.0
714, 73.465105, 661.213411, 38.349555, 0.034066, 6214, 4521.0
715, 69.652316, 661.537390, 45.230615, 0.116165, 6246, 4558.0
716, 72.784449, 660.004026, 35.773823, 0.026751, 6212, 4648.0
717, 71.523652, 659.321807, 43.586525, 0.155229, 6175, 4423.0
718, 71.219396, 660.891478, 38.861695, 0.097968, 6190, 4436.0
719, 67.511620, 657.781929, 47.887699, 0.237802, 6223, 4549.0
720, 70.539337, 661.719549, 41.085697, 0.078307, 6218, 4524.0
721, 71.124079, 659.758091, 44.799527, 0.183024, 6196, 4479.0
722, 69.998928, 661.483383, 38.874858, 0.098721, 6238, 4453.0
723, 68.495824, 658.882111, 48.885478, 0.165995, 6238, 4604.0
724, 75.818393, 659.418659, 34.891639, 0.046107, 6182, 4435.0
725, 67.075172, 664.200838, 40.876156, 0.133715, 6243, 4667.0
726, 72.905467, 658.643244, 43.030017, 0.057829, 6180, 4487.0
727, 71.108362, 660.569198, 39.070392, 0.029205, 6214, 4509.0
728, 72.681267, 661.278771, 35.161202, 0.052031, 6240, 4510.0
729, 73.909492, 660.261121, 31.563757, 0.048634, 6189, 4466.0
730, 70.061158, 661.728936, 41.721886, 0.111408, 6226, 4609.0
731, 66.839079, 663.762094, 40.676486, 0.169970, 6234, 4479.0
732, 74.501419, 660.898785, 35.206624, 0.060153, 6181, 4515.0
733, 71.640818, 661.061795, 40.096111, 0.063719, 6206, 4573.0
734, 70.163565, 661.211538, 43.983000, 0.077612, 6217, 4618.0
735, 70.360412, 662.609141, 34.862784, 0.071596, 6235, 4457.0
736, 68.778681, 660.966384, 41.683232, 0.056404, 6235, 4627.0
737, 69.816344, 662.859852, 39.813079, 0.101608, 6233, 4460.0
738, 69.753483, 661.527679, 39.626924, 0.061860, 6237, 4615.0
739, 74.037583, 661.611919, 40.954285, 0.044623, 6208, 4455.0
740, 70.641495, 662.156027, 38.341853, 0.050815, 6235, 4505.0
741, 72.262594, 659.836421, 41.228106, 0.068936, 6182, 4411.0
742, 68.470566, 663.187032, 42.325020, 0.063450, 6236, 4500.0
743, 74.355312, 659.485000, 38.136430, 0.071467, 6190, 4467.0
744, 71.542295, 661.095492, 38.169259, 0.039894, 6235, 4446.0
745, 69.532577, 662.409028, 40.276032, 0.075255, 6245, 4490.0
746, 69.624540, 660.547212, 39.847206, 0.042690, 6232, 4452.0
747, 69.981133, 661.938649, 43.920004, 0.119551, 6216, 4521.0
748, 68.607760, 659.999433, 45.864846, 0.179851, 6235, 4473.0
749, 69.711793, 662.273160, 35.998903, 0.067162, 6234, 4516.0
750, 71.309138, 661.543471, 42.407358, 0.063016, 6210, 4465.0
751, 73.900618, 660.076549, 34.333819, 0.049570, 6187, 4520.0
752, 68.520299, 662.355641, 43.306135, 0.103479, 6237, 4458.0
753, 67.533893, 662.665526, 40.571773, 0.131306, 6234, 4568.0
754, 66.313278, 660.778085, 45.087759, 0.135667, 6240, 4516.0
755, 69.153218, 660.720348, 41.257908, 0.144066, 6186, 4469.0
756, 69.520878, 660.454637, 44.603970, 0.027204, 6240, 4538.0
757, 71.227691, 661.483151, 41.146665, 0.045327, 6210, 4466.0
758, 67.403755, 662.050090, 42.442366, 0.145415, 6237, 4540.0
759, 67.216692, 661.202922, 42.440949, 0.102771, 6241, 4584.0
760, 67.767494, 663.938141, 40.970120, 0.123753, 6239, 4501.0
761, 76.224876, 658.916286, 35.749877, 0.047291, 6163, 4414.0
762, 72.796783, 662.623470, 35.961074, 0.089530, 6240, 4518.0
763, 66.451047, 660.083487, 48.453211, 0.128337, 6235, 4458.0
764, 67.415453, 661.120881, 43.829437, 0.165392, 6238, 4665.0
765, 72.861935, 660.270776, 37.603412, 0.059006, 6217, 4495.0
766, 67.602702, 662.931084, 42.250228, 0.170677, 6237, 4456.0
767, 69.554200, 662.699237, 41.008532, 0.112981, 6238, 4514.0
768, 71.523417, 661.080517, 39.199148, 0.056210, 6216, 4452.0
769, 75.661986, 660.181116, 36.819604, 0.071678, 6203, 4611.0
770, 71.870539, 661.400746, 37.660775, 0.052319, 6237, 4466.0
771, 73.007873, 661.174254, 35.137003, 0.041355, 6208, 4502.0
772, 70.753559, 660.859836, 42.231162, 0.066751, 6242, 4488.0
773, 71.088022, 664.143409, 36.928339, 0.117109, 6238, 4740.0
774, 72.641677, 660.714929, 41.190930, 0.043756, 6219, 4455.0
775, 68.152610, 661.086078, 41.898837, 0.070797, 6233, 4642.0
776, 70.284052, 660.796871, 43.212181, 0.085549, 6236, 4635.0
777, 70.727144, 660.188542, 41.433506, 0.085286, 6210, 4455.0
778, 69.338310, 661.966489, 39.956107, 0.023437, 6234, 4574.0
779, 71.497561, 660.521083, 41.068756, 0.064444, 6206, 4446.0
780, 71.251388, 661.981292, 39.846228, 0.040121, 6218, 4658.0
781, 76.288564, 659.440868, 32.324103, 0.068665, 6148, 4419.0
782, 73.089626, 661.026716, 36.095704, 0.037907, 6212, 4643.0
783, 71.374894, 661.417860, 40.940897, 0.094401, 6213, 4547.0
784, 69.850836, 662.299968, 40.084098, 0.092200, 6232, 4529.0
785, 70.950374, 662.301077, 37.645733, 0.068644, 6245, 4482.0
786, 69.450212, 660.276475, 41.048744, 0.065853, 6236, 4639.0
787, 69.768393, 661.685903, 42.672552, 0.040607, 6233, 4590.0
788, 67.359021, 662.227794, 42.771129, 0.135121, 6239, 4470.0
789, 69.310931, 660.717292, 43.444040, 0.060872, 6242, 4656.0
790, 71.737285, 662.062538, 34.136233, 0.030047, 6230, 4591.0
791, 65.341046, 662.746029, 44.152782, 0.057808, 6229, 4822.0
792, 71.501718, 663.009635, 37.728042, 0.057442, 6236, 4490.0
793, 73.155292, 660.894697, 35.626314, 0.025162, 6209, 4660.0
794, 67.846745, 659.954890, 44.905099, 0.095530, 6240, 4476.0
795, 69.907182, 659.251631, 46.199709, 0.064183, 6234, 4718.0
796, 71.710200, 661.546594, 39.668081, 0.078798, 6210, 4579.0
797, 65.307683, 663.576784, 40.018396, 0.193992, 6234, 4575.0
798, 72.026268, 660.408231, 42.174792, 0.036974, 6215, 4672.0
799, 70.389409, 660.019562, 42.908551, 0.118712, 6214, 4621.0
800, 73.313892, 659.681123, 41.811442, 0.069042, 6194, 4681.0
801, 68.993095, 663.778173, 39.953180, 0.044213, 6238, 4556.0
802, 71.981333, 659.836874, 38.922403, 0.057233, 6184, 4807.0
803, 67.393836, 657.813972, 49.192536, 0.158049, 6241, 4549.0
804, 68.675146, 662.520353, 42.370912, 0.122392, 6237, 4498.0
805, 70.549966, 659.798115, 44.666366, 0.087237, 6210, 4601.0
806, 73.579920, 659.478667, 35.836739, 0.044136, 6208, 4447.0
807, 69.053133, 659.796387, 46.321819, 0.090694, 6238, 4653.0
808, 71.603048, 661.723086, 38.120563, 0.033425, 6221, 4455.0
809, 70.048951, 661.112916, 41.948419, 0.114084, 6234, 4528.0
810, 65.625457, 658.961755, 45.763226, 0.260755, 6235, 4574.0
811, 69.474320, 661.870028, 41.436653, 0.042273, 6238, 4550.0
812, 71.450075, 662.846533, 34.520193, 0.048633, 6240, 4463.0
813, 68.562892, 662.967384, 41.673947, 0.088733, 6240, 4655.0
814, 66.895010, 660.446966, 44.306025, 0.117194, 6237, 4478.0
815, 72.143235, 659.287585, 42.254505, 0.059232, 6185, 4434.0
816, 66.397334, 660.939761, 45.202699, 0.123628, 6239, 4521.0
817, 70.217449, 662.450676, 40.657814, 0.055578, 6236, 4587.0
818, 70.178769, 661.238501, 41.106498, 0.030225, 6213, 4552.0
819, 71.368661, 660.513688, 36.329786, 0.065827, 6195, 5366.0
820, 66.139091, 662.903794, 42.803379, 0.119428, 6235, 4736.0
821, 67.891036, 661.720538, 43.766680, 0.110071, 6238, 4553.0
822, 71.710406, 662.359516, 39.805543, 0.048614, 6214, 4565.0
823, 71.134201, 661.029289, 38.272817, 0.058541, 6234, 4458.0
824, 68.011621, 663.539036, 39.945442, 0.065023, 6238, 4705.0
825, 70.114901, 661.269565, 36.300297, 0.047743, 6232, 4611.0
826, 75.827421, 659.221340, 35.447743, 0.045177, 6203, 4434.0
827, 70.545905, 662.427585, 38.082162, 0.053930, 6233, 4494.0
828, 64.573312, 660.736080, 44.436598, 0.148338, 6235, 4496.0
829, 67.406309, 661.316682, 43.112860, 0.074578, 6237, 4671.0
830, 70.627618, 661.979720, 38.762373, 0.039831, 6210, 4471.0
831, 69.449889, 663.215685, 40.084122, 0.055182, 6233, 4604.0
832, 70.770732, 660.124577, 38.679260, 0.047791, 6198, 4442.0
833, 65.742450, 657.963157, 49.054735, 0.410525, 6236, 4464.0
834, 67.569706, 659.522119, 47.246049, 0.224320, 6226, 4518.0
835, 68.497623, 663.527065, 37.366211, 0.117765, 6234, 4461.0
836, 71.708421, 659.200003, 43.315909, 0.098481, 6178, 4490.0
837, 68.356170, 660.768740, 44.373673, 0.123824, 6239, 4490.0
838, 66.571455, 658.942328, 45.012563, 0.157418, 6240, 4528.0
839, 69.425047, 662.151906, 40.345272, 0.082498, 6243, 4546.0
840, 69.365022, 659.943233, 40.901479, 0.061303, 6239, 4553.0
841, 69.243624, 661.857732, 40.908713, 0.096636, 6238, 4466.0
842, 69.142913, 661.110276, 43.040012, 0.066051, 6242, 4968.0
843, 67.347257, 664.050161, 40.309725, 0.102335, 6237, 4631.0
844, 70.197366, 662.783884, 36.139350, 0.040453, 6232, 4476.0
845, 73.883814, 658.964317, 34.810718, 0.042730, 6184, 5026.0
846, 65.013217, 662.614792, 42.984082, 0.147347, 6240, 4473.0
847, 74.707402, 660.030200, 35.278669, 0.014023, 6215, 4561.0
848, 66.465947, 658.584930, 48.244100, 0.203718, 6242, 4614.0
849, 68.888161, 662.745983, 38.383429, 0.062544, 6233, 4904.0
850, 68.947251, 659.379551, 45.556189, 0.036097, 6230, 4486.0
851, 67.948713, 659.212707, 46.865539, 0.128276, 6228, 4805.0
852, 69.464003, 661.341737, 37.667299, 0.055502, 6240, 4607.0
853, 70.248987, 663.586176, 38.018385, 0.042789, 6236, 4813.0
854, 64.601098, 655.433650, 49.153784, 0.522603, 6177, 4608.0
855, 72.057381, 661.734120, 35.962627, 0.053256, 6216, 4604.0
856, 66.536073, 660.079250, 44.891308, 0.104691, 6240, 5266.0
857, 67.656426, 658.120458, 48.783773, 0.129659, 6235, 4958.0
858, 68.290389, 662.149562, 42.766656, 0.111081, 6235, 4796.0
859, 73.965981, 660.707886, 35.714652, 0.065335, 6222, 4653.0
860, 69.427912, 661.241343, 41.092064, 0.062397, 6242, 4823.0
861, 71.080949, 662.299969, 37.458241, 0.060203, 6238, 4559.0
862, 70.145451, 662.216804, 40.381827, 0.079979, 6238, 4467.0
863, 67.651543, 662.501142, 41.453455, 0.058001, 6234, 4869.0
864, 68.212602, 663.460469, 40.658832, 0.105667, 6240, 4431.0
865, 67.657438, 661.912553, 42.529693, 0.182905, 6228, 4729.0
866, 71.647929, 659.874633, 43.785431, 0.047375, 6207, 4451.0
867, 72.062962, 660.366609, 36.992805, 0.034096, 6213, 4469.0
868, 71.351295, 661.646512, 42.137867, 0.074079, 6236, 4533.0
869, 73.465643, 661.740728, 34.806738, 0.046569, 6208, 4546.0
870, 71.104872, 661.966395, 38.390696, 0.070802, 6212, 4510.0
871, 69.046142, 661.584790, 42.270920, 0.046283, 6234, 4482.0
872, 70.392833, 661.996655, 40.482772, 0.043916, 6238, 4614.0
873, 71.419226, 661.011365, 39.732717, 0.083386, 6216, 4448.0
874, 70.191182, 661.661889, 37.705452, 0.046538, 6215, 4538.0
875, 68.517848, 659.412123, 46.030725, 0.133898, 6233, 4487.0
876, 72.503919, 659.202132, 41.581551, 0.047837, 6184, 4530.0
877, 71.154227, 661.915551, 36.555079, 0.050154, 6243, 4547.0
878, 68.066835, 663.048528, 41.591252, 0.188299, 6240, 4602.0
879, 67.301306, 664.601908, 37.568817, 0.117014, 6241, 4448.0
880, 68.648137, 662.437395, 39.341880, 0.044467, 6242, 4475.0
881, 68.559465, 662.878768, 40.499990, 0.099846, 6244, 4501.0
882, 68.184944, 662.974448, 40.203781, 0.080541, 6241, 4456.0
883, 72.273917, 659.908925, 41.791855, 0.074237, 6191, 4589.0
884, 69.029775, 661.381621, 41.229524, 0.141606, 6217, 4478.0
885, 71.557273, 660.460150, 40.974164, 0.033894, 6214, 4579.0
886, 68.861444, 661.887502, 42.103303, 0.077267, 6236, 4540.0
887, 68.148947, 660.369500, 46.295185, 0.154270, 6226, 4636.0
888, 71.578655, 661.165206, 41.006007, 0.081643, 6222, 4481.0
889, 67.678060, 663.376372, 42.580813, 0.100193, 6237, 4556.0
890, 69.908479, 662.115577, 38.560123, 0.038678, 6230, 4514.0
891, 72.287494, 660.655591, 40.890627, 0.086015, 6209, 4524.0
892, 67.712333, 660.410271, 46.437430, 0.134858, 6235, 4531.0
893, 72.457791, 659.604629, 40.095145, 0.027917, 6220, 4459.0
894, 66.550545, 661.934980, 44.188249, 0.198400, 6242, 4571.0
895, 72.818759, 660.820667, 35.118745, 0.039188, 6204, 4453.0
896, 66.834867, 661.974193, 40.570889, 0.202322, 6235, 4507.0
897, 72.299782, 662.116104, 33.564031, 0.055348, 6234, 4469.0
898, 71.692435, 660.185302, 36.507561, 0.034300, 6216, 4496.0
899, 75.873398, 660.099169, 32.039678, 0.070820, 6226, 4476.0
900, 73.152543, 659.014829, 35.481661, 0.065607, 6194, 4645.0
901, 70.930449, 660.249323, 41.566474, 0.060679, 6218, 4458.0
902, 69.116339, 659.654866, 42.344426, 0.171456, 6215, 4515.0
903, 71.286916, 659.663473, 43.563029, 0.053383, 6221, 4479.0
904, 69.329894, 661.425267, 38.027677, 0.041775, 6233, 4458.0
905, 69.083977, 659.868755, 43.084806, 0.066947, 6244, 4633.0
906, 68.392449, 659.236433, 47.629365, 0.179784, 6235, 4484.0
907, 68.988985, 661.869393, 39.715562, 0.107134, 6206, 4583.0
908, 71.343182, 660.562791, 36.232686, 0.039879, 6205, 4437.0
909, 69.619618, 660.460382, 43.572501, 0.042319, 6237, 4533.0
910, 66.694662, 658.866546, 46.620370, 0.187484, 6241, 4530.0
911, 67.521219, 660.456746, 47.187343, 0.122948, 6237, 4477.0
912, 71.964593, 660.282727, 44.247687, 0.129125, 6192, 4572.0
913, 67.148295, 664.450447, 39.633454, 0.117448, 6235, 4441.0
914, 70.771627, 662.318568, 36.170568, 0.025148, 6236, 4604.0
915, 66.889009, 661.370714, 42.724702, 0.224807, 6234, 4439.0
916, 65.338993, 660.819644, 45.036338, 0.174313, 6234, 4609.0
917, 74.614411, 660.252595, 35.256364, 0.036381, 6210, 4440.0
918, 67.529795, 663.900581, 38.172376, 0.119046, 6239, 4498.0
919, 67.854190, 659.902486, 43.710273, 0.135861, 6241, 4486.0
920, 67.872619, 661.264070, 45.975567, 0.099503, 6229, 4493.0
921, 68.266476, 662.357140, 38.724497, 0.069472, 6237, 4428.0
922, 72.614751, 660.603825, 34.080200, 0.035047, 6236, 4514.0
923, 70.675059, 661.158664, 41.504001, 0.140329, 6211, 4504.0
924, 69.109150, 663.236816, 43.553381, 0.048489, 6234, 4473.0
925, 70.401907, 662.339299, 38.262459, 0.064592, 6246, 4526.0
926, 69.873701, 660.973537, 40.424533, 0.065644, 6239, 4476.0
927, 70.250432, 663.420907, 38.451229, 0.048743, 6234, 4603.0
928, 69.907758, 662.103162, 40.685731, 0.086736, 6231, 4469.0
929, 69.538047, 661.664059, 40.304476, 0.094818, 6216, 4526.0
930, 72.019342, 659.382743, 39.187915, 0.042170, 6216, 4444.0
931, 68.299786, 661.870143, 43.971338, 0.082066, 6245, 4522.0
932, 73.600272, 659.999679, 37.223998, 0.024354, 6211, 4601.0
933, 68.825902, 661.201670, 43.581789, 0.049029, 6236, 4549.0
934, 73.567485, 660.359042, 35.801886, 0.017374, 6217, 4496.0
935, 73.523253, 658.970260, 43.977343, 0.061017, 6163, 4440.0
936, 72.732221, 661.928314, 33.875920, 0.053903, 6241, 4589.0
937, 76.487598, 659.692208, 29.453841, 0.109406, 6175, 4447.0
938, 75.024340, 659.478889, 38.932578, 0.071233, 6169, 4495.0
939, 70.546280, 662.590672, 38.524830, 0.022575, 6236, 4462.0
940, 73.609566, 660.795022, 35.206676, 0.024213, 6214, 4533.0
941, 72.388821, 659.929012, 39.674197, 0.079957, 6187, 4470.0
942, 70.553928, 661.419855, 41.617844, 0.109976, 6236, 4520.0
943, 70.039695, 662.772153, 33.078051, 0.035266, 6241, 4530.0
944, 70.443872, 661.142178, 38.794795, 0.071979, 6235, 4524.0
945, 71.865327, 661.061777, 38.183042, 0.033663, 6236, 4518.0
946, 68.913604, 662.047297, 40.439138, 0.094764, 6236, 4454.0
947, 70.480992, 663.724840, 35.964463, 0.108156, 6246, 4585.0
948, 73.332308, 659.503364, 37.399773, 0.060503, 6193, 4410.0
949, 67.588094, 663.062532, 39.992958, 0.103702, 6237, 4521.0
950, 69.417236, 661.271064, 42.794015, 0.119844, 6209, 4450.0
951, 69.952042, 662.237680, 40.106861, 0.040344, 6239, 4517.0
952, 71.113239, 662.292335, 39.333460, 0.044473, 6206, 4526.0
953, 69.653291, 659.061027, 41.978271, 0.083686, 6244, 4551.0
954, 69.430963, 662.492991, 42.468790, 0.096943, 6239, 4485.0
955, 69.733872, 662.967891, 37.444890, 0.065844, 6234, 4485.0
956, 69.902236, 662.275866, 41.553928, 0.091006, 6216, 4507.0
957, 71.250675, 657.924442, 46.449189, 0.063916, 6181, 4429.0
958, 74.065997, 659.600951, 35.741500, 0.031115, 6189, 4483.0
959, 69.310021, 662.687946, 41.632839, 0.073404, 6233, 4521.0
960, 67.946280, 661.614266, 42.561541, 0.091994, 6238, 4551.0
961, 67.206267, 660.827528, 43.970680, 0.106008, 6237, 4483.0
962, 74.263810, 658.362979, 37.173614, 0.076726, 6182, 4551.0
963, 69.946426, 660.757048, 45.274573, 0.050307, 6235, 4583.0
964, 70.697662, 661.738650, 39.743022, 0.081593, 6216, 4512.0
965, 73.163611, 659.173504, 38.185364, 0.037635, 6220, 4434.0
966, 70.994149, 662.972996, 39.428267, 0.048078, 6241, 4575.0
967, 67.655497, 659.563002, 46.267652, 0.215950, 6229, 4452.0
968, 70.201339, 662.072227, 39.187843, 0.078268, 6234, 4466.0
969, 74.547810, 659.526567, 36.192645, 0.024369, 6199, 4519.0
970, 73.805913, 658.533126, 36.519957, 0.057813, 6186, 4429.0
971, 71.418248, 660.585745, 43.058855, 0.073692, 6215, 4539.0
972, 71.103974, 660.677468, 37.345684, 0.033201, 6215, 4453.0
973, 70.812722, 662.945036, 36.107848, 0.052114, 6233, 4542.0
974, 71.099462, 661.152516, 40.192878, 0.096549, 6210, 4450.0
975, 68.474160, 660.307487, 43.773222, 0.154643, 6213, 4617.0
976, 69.852726, 660.237351, 42.703627, 0.060202, 6238, 4461.0
977, 71.596268, 661.259538, 43.777183, 0.103900, 6213, 4556.0
978, 69.918838, 661.049075, 42.210857, 0.047399, 6241, 4484.0
979, 71.377070, 660.318684, 41.206665, 0.075992, 6206, 4473.0
980, 67.326028, 661.029394, 44.518527, 0.130818, 6236, 4538.0
981, 70.610862, 661.085919, 40.772957, 0.097380, 6231, 4482.0
982, 68.177422, 662.983547, 43.574991, 0.120518, 6245, 4617.0
983, 69.510504, 661.985694, 40.688423, 0.054111, 6237, 4481.0
984, 67.879472, 658.572797, 47.196289, 0.125863, 6239, 4611.0
985, 68.034222, 660.138073, 44.013548, 0.084418, 6242, 4478.0
986, 69.532482, 661.955376, 39.564445, 0.053009, 6240, 4557.0
987, 68.494358, 660.191447, 46.308168, 0.164227, 6231, 4510.0
988, 68.999169, 661.569516, 40.458417, 0.066813, 6231, 4585.0
989, 69.313436, 663.660928, 38.945397, 0.077785, 6234, 4494.0
990, 67.830644, 659.978962, 44.567476, 0.128168, 6233, 4634.0
991, 69.650442, 660.870661, 46.263275, 0.085336, 6224, 5347.0
992, 73.010923, 660.530950, 38.361241, 0.057748, 6209, 4703.0
993, 70.844986, 662.918961, 38.373986, 0.093506, 6239, 4652.0
994, 71.235747, 661.107779, 40.479832, 0.116621, 6222, 5618.0
995, 70.383964, 660.648524, 38.779431, 0.048457, 6219, 4641.0
996, 74.561471, 661.888080, 32.753415, 0.065396, 6193, 4665.0
997, 72.920058, 661.309620, 38.441727, 0.070852, 6187, 5105.0
998, 67.490819, 663.574705, 40.101061, 0.097497, 6233, 4730.0
999, 67.713061, 661.482125, 43.662646, 0.049231, 6234, 5234.0
