#idx, x0, x1, x2, y, f_neval, total_time (us), 
0, 68.012015, 664.320043, 34.652372, 0.133105, 1381, 1577.0
1, 70.595404, 660.409430, 47.263108, 0.105969, 1371, 1163.0
2, 74.730668, 661.278583, 32.198217, 0.048584, 1378, 1457.0
3, 71.511104, 659.190324, 36.271298, 0.094441, 1370, 1057.0
4, 72.289953, 663.350303, 36.078267, 0.112382, 1368, 1058.0
5, 74.751453, 662.584825, 28.613645, 0.046691, 1374, 1254.0
6, 71.975191, 660.272156, 38.611628, 0.104727, 1370, 1062.0
7, 76.462558, 659.349385, 43.987313, 0.093539, 1370, 1068.0
8, 71.914088, 663.732210, 39.275655, 0.153570, 1378, 1069.0
9, 71.524581, 663.331050, 39.244543, 0.083840, 1363, 1116.0
10, 74.817468, 659.998036, 41.369903, 0.091807, 1365, 1092.0
11, 77.426768, 660.102698, 30.176057, 0.087404, 1378, 1068.0
12, 77.057674, 660.436789, 35.406581, 0.072301, 1374, 1225.0
13, 78.207222, 659.759293, 33.095335, 0.058105, 1379, 1060.0
14, 75.011963, 659.550396, 41.580206, 0.059941, 1379, 1247.0
15, 74.731233, 660.496416, 35.711814, 0.049155, 1371, 1102.0
16, 75.843247, 661.171252, 33.267325, 0.050962, 1377, 1089.0
17, 77.219115, 661.361879, 30.660862, 0.046745, 1365, 1073.0
18, 73.240574, 659.129391, 35.261302, 0.039643, 1375, 1060.0
19, 78.382428, 661.101147, 37.494398, 0.100363, 1368, 1351.0
20, 76.961561, 660.326435, 33.585452, 0.077676, 1362, 1109.0
21, 73.096812, 662.045383, 26.540046, 0.076434, 1374, 1061.0
22, 73.739856, 659.607107, 33.729535, 0.142305, 1368, 1068.0
23, 70.818020, 662.041068, 37.105761, 0.080510, 1366, 1054.0
24, 72.289953, 663.350303, 36.078267, 0.104983, 1373, 1220.0
25, 73.588990, 658.610349, 34.144937, 0.073061, 1364, 1491.0
26, 72.004051, 659.202684, 37.353088, 0.220219, 1367, 1107.0
27, 68.801321, 660.058278, 40.986830, 0.161172, 1364, 1082.0
28, 73.417924, 659.737737, 36.753737, 0.076119, 1372, 1083.0
29, 73.304247, 660.167936, 41.983310, 0.076524, 1370, 1272.0
30, 72.430538, 659.721970, 41.825988, 0.067303, 1371, 1542.0
31, 69.190006, 663.141813, 41.523948, 0.138928, 1368, 1717.0
32, 80.373819, 658.263495, 31.765555, 0.064296, 1369, 1569.0
33, 74.148570, 659.641981, 35.207164, 0.050027, 1371, 1652.0
34, 73.304247, 660.167936, 41.983310, 0.073653, 1364, 1119.0
35, 72.289953, 663.350303, 36.078267, 0.043126, 1365, 1054.0
36, 67.823728, 659.642097, 50.486046, 0.185774, 1365, 1242.0
37, 72.324694, 659.328295, 41.724875, 0.038371, 1371, 1366.0
38, 70.106780, 662.437375, 45.700023, 0.086569, 1371, 1684.0
39, 72.518671, 660.373605, 36.753737, 0.066962, 1369, 1654.0
40, 64.247267, 667.394609, 51.519227, 0.128386, 1369, 1087.0
41, 71.524581, 663.331050, 39.244543, 0.077998, 1371, 1058.0
42, 71.995458, 664.400940, 31.250832, 0.115604, 1377, 1082.0
43, 73.304247, 660.167936, 41.983310, 0.073403, 1373, 1096.0
44, 71.524581, 663.331050, 39.244543, 0.084141, 1367, 1243.0
45, 73.757885, 660.540420, 33.173539, 0.052212, 1365, 1053.0
46, 69.148720, 659.901562, 48.087031, 0.157112, 1373, 1062.0
47, 78.207222, 659.759293, 33.095335, 0.078988, 1373, 1073.0
48, 72.430538, 659.721970, 41.825988, 0.056740, 1368, 1067.0
49, 75.617284, 658.825967, 30.000000, 0.025391, 1378, 1238.0
50, 68.512933, 660.987854, 36.700634, 0.183656, 1371, 1077.0
51, 69.148720, 659.901562, 48.087031, 0.154207, 1373, 1147.0
52, 70.925926, 662.143258, 30.000000, 0.085459, 1368, 1171.0
53, 71.655202, 660.466363, 35.862278, 0.054457, 1371, 1056.0
54, 76.746470, 659.938151, 29.431096, 0.046797, 1367, 1190.0
55, 72.041496, 659.674886, 41.135719, 0.088589, 1368, 1100.0
56, 72.576180, 663.482992, 34.339984, 0.106614, 1373, 1631.0
57, 63.811326, 660.174821, 51.663729, 0.239313, 1375, 1215.0
58, 69.259671, 662.725355, 48.048873, 0.133989, 1373, 1138.0
59, 73.417924, 659.737737, 36.753737, 0.039603, 1368, 1056.0
60, 70.340095, 661.245933, 41.740147, 0.075505, 1372, 1100.0
61, 73.401140, 662.507297, 32.076250, 0.045570, 1374, 1077.0
62, 68.449405, 663.164746, 37.469949, 0.066806, 1370, 1059.0
63, 75.617284, 658.825967, 30.000000, 0.084267, 1370, 1210.0
64, 72.716226, 660.301985, 45.510811, 0.144995, 1374, 1061.0
65, 69.148720, 659.901562, 48.087031, 0.110112, 1370, 1057.0
66, 65.681995, 661.042852, 54.812698, 0.121576, 1370, 1071.0
67, 72.739521, 659.587074, 34.419583, 0.030212, 1375, 1622.0
68, 68.747603, 657.951186, 50.194148, 0.089699, 1372, 1283.0
69, 68.786887, 662.545556, 34.742518, 0.112560, 1364, 1055.0
70, 70.403355, 656.296844, 43.029495, 0.135897, 1376, 1084.0
71, 74.895074, 659.259557, 42.683696, 0.068064, 1362, 1045.0
72, 71.667048, 664.186119, 35.255707, 0.086514, 1365, 1093.0
73, 69.749220, 659.172122, 41.780565, 0.047351, 1373, 1060.0
74, 70.925926, 662.143258, 30.000000, 0.089467, 1376, 1062.0
75, 70.340095, 661.245933, 41.740147, 0.039111, 1368, 1116.0
76, 70.925926, 662.143258, 30.000000, 0.117465, 1380, 1086.0
77, 64.909333, 660.912695, 43.393378, 0.126288, 1376, 1083.0
78, 76.206727, 659.776451, 40.743702, 0.041859, 1374, 1096.0
79, 69.148720, 659.901562, 48.087031, 0.149007, 1375, 1065.0
80, 69.565554, 664.056133, 37.181875, 0.051811, 1373, 1071.0
81, 73.577840, 659.274144, 35.186982, 0.057590, 1367, 1071.0
82, 66.794305, 663.589608, 37.374209, 0.133797, 1375, 1098.0
83, 70.925926, 662.143258, 30.000000, 0.096022, 1373, 1061.0
84, 69.179636, 657.711262, 41.606754, 0.143900, 1367, 1093.0
85, 69.310319, 662.995752, 40.041004, 0.121801, 1369, 1073.0
86, 75.648525, 661.660708, 33.025462, 0.040497, 1367, 1069.0
87, 66.794305, 663.589608, 37.374209, 0.103224, 1371, 1119.0
88, 66.342778, 667.703244, 36.434994, 0.226066, 1372, 1117.0
89, 70.340095, 661.245933, 41.740147, 0.055305, 1368, 1058.0
90, 69.148720, 659.901562, 48.087031, 0.064412, 1366, 1152.0
91, 73.577840, 659.274144, 35.186982, 0.061290, 1374, 1062.0
92, 74.887197, 660.664439, 36.571897, 0.055047, 1367, 1073.0
93, 68.535121, 659.927564, 41.733509, 0.058544, 1363, 1053.0
94, 73.191049, 657.694928, 43.476181, 0.067716, 1376, 1064.0
95, 74.529870, 662.566379, 29.041679, 0.061497, 1368, 1072.0
96, 72.324694, 659.328295, 41.724875, 0.035272, 1362, 1055.0
97, 69.080609, 660.952854, 46.432278, 0.050397, 1372, 1071.0
98, 74.841844, 660.347167, 37.309591, 0.051038, 1377, 1063.0
99, 70.925926, 662.143258, 30.000000, 0.075343, 1372, 1057.0
100, 69.148720, 659.901562, 48.087031, 0.049882, 1371, 1199.0
101, 69.631231, 663.470627, 47.551949, 0.154528, 1369, 1060.0
102, 69.310319, 662.995752, 40.041004, 0.088129, 1372, 1062.0
103, 69.925036, 662.801754, 37.029641, 0.074610, 1378, 1080.0
104, 63.452497, 661.117815, 51.526164, 0.176579, 1370, 1059.0
105, 70.925926, 662.143258, 30.000000, 0.091934, 1373, 1068.0
106, 70.116824, 659.349311, 39.244543, 0.092091, 1367, 1057.0
107, 77.632579, 658.118643, 42.425771, 0.090102, 1371, 1082.0
108, 70.925926, 662.143258, 30.000000, 0.106696, 1382, 1067.0
109, 64.909333, 660.912695, 43.393378, 0.164723, 1374, 1100.0
110, 74.173362, 658.950786, 36.159184, 0.088619, 1369, 1068.0
111, 70.925926, 662.143258, 30.000000, 0.084326, 1368, 1056.0
112, 76.847030, 658.185480, 33.128960, 0.044166, 1375, 1060.0
113, 69.310319, 662.995752, 40.041004, 0.088365, 1372, 1171.0
114, 69.310319, 662.995752, 40.041004, 0.089680, 1369, 1072.0
115, 74.155993, 663.104762, 27.594899, 0.046065, 1366, 1095.0
116, 73.417924, 659.737737, 36.753737, 0.044236, 1378, 1078.0
117, 73.304247, 660.167936, 41.983310, 0.049209, 1371, 1058.0
118, 68.652678, 663.508914, 34.288156, 0.079007, 1368, 1073.0
119, 74.661747, 659.565896, 40.166941, 0.041166, 1368, 1066.0
120, 68.786887, 662.545556, 34.742518, 0.081255, 1372, 1068.0
121, 65.226127, 662.206076, 40.296815, 0.201759, 1372, 1099.0
122, 77.377701, 660.526900, 32.414546, 0.083767, 1368, 1054.0
123, 71.524581, 663.331050, 39.244543, 0.042682, 1365, 1066.0
124, 74.467716, 657.595348, 35.968295, 0.039476, 1372, 1055.0
125, 70.989241, 660.171291, 42.092213, 0.056591, 1368, 1049.0
126, 67.672353, 659.218566, 41.610842, 0.056248, 1370, 1120.0
127, 68.351527, 664.201773, 35.857339, 0.099168, 1377, 1102.0
128, 68.241097, 661.778804, 37.016255, 0.177064, 1369, 1070.0
129, 71.885586, 659.884542, 38.456697, 0.132362, 1372, 1074.0
130, 71.667048, 664.186119, 35.255707, 0.082563, 1373, 1059.0
131, 68.607389, 664.421081, 34.699040, 0.145154, 1367, 1058.0
132, 73.017812, 659.583159, 37.518208, 0.047250, 1369, 1067.0
133, 69.862633, 661.760294, 45.987806, 0.081443, 1373, 1097.0
134, 71.524581, 663.331050, 39.244543, 0.038624, 1370, 1059.0
135, 75.265526, 662.716082, 29.604127, 0.089683, 1373, 1072.0
136, 68.886151, 659.965875, 41.144251, 0.250586, 1374, 1063.0
137, 65.681995, 661.042852, 54.812698, 0.188514, 1366, 1059.0
138, 63.811326, 660.174821, 51.663729, 0.271309, 1381, 1350.0
139, 69.148720, 659.901562, 48.087031, 0.150577, 1366, 1205.0
140, 67.360376, 663.394683, 37.688783, 0.120286, 1374, 1136.0
141, 64.247267, 667.394609, 51.519227, 0.113791, 1371, 1687.0
142, 76.883628, 660.213823, 33.923678, 0.078559, 1373, 1762.0
143, 74.883071, 660.343068, 31.147576, 0.065740, 1373, 1678.0
144, 70.832372, 662.224280, 41.571787, 0.100685, 1372, 1357.0
145, 73.236507, 659.760789, 41.905531, 0.096780, 1366, 1504.0
146, 73.538297, 660.899871, 33.407556, 0.080185, 1372, 1740.0
147, 80.101551, 658.707167, 25.592086, 0.060685, 1369, 1686.0
148, 73.934758, 663.108228, 31.616423, 0.070957, 1372, 1720.0
149, 72.366679, 662.463467, 37.536509, 0.127671, 1373, 1652.0
150, 65.164955, 663.252261, 49.950469, 0.077775, 1368, 1607.0
151, 71.914088, 663.732210, 39.275655, 0.111481, 1364, 1352.0
152, 73.333419, 660.557304, 41.801185, 0.147378, 1370, 1666.0
153, 72.887080, 661.475796, 41.365223, 0.267699, 1373, 1324.0
154, 69.179636, 657.711262, 41.606754, 0.139025, 1366, 1552.0
155, 69.764854, 660.191131, 44.913846, 0.187292, 1363, 1674.0
156, 66.359900, 660.756310, 43.577024, 0.111924, 1373, 1590.0
157, 73.757885, 660.540420, 33.173539, 0.014457, 1367, 1127.0
158, 72.374515, 660.237987, 36.561139, 0.041222, 1369, 1175.0
159, 69.237761, 660.717202, 46.739106, 0.078430, 1376, 1578.0
160, 69.080609, 660.952854, 46.432278, 0.110992, 1375, 1238.0
161, 71.558119, 663.414496, 39.257729, 0.259187, 1373, 1227.0
162, 71.409917, 663.589608, 37.374209, 0.171200, 1371, 1134.0
163, 66.278575, 661.029888, 42.861274, 0.118696, 1368, 1060.0
164, 72.430538, 659.721970, 41.825988, 0.036763, 1369, 1626.0
165, 69.702018, 662.884476, 40.565566, 0.082676, 1362, 1657.0
166, 72.289953, 663.350303, 36.078267, 0.136568, 1371, 1710.0
167, 63.452497, 661.117815, 51.526164, 0.265219, 1381, 1695.0
168, 73.934758, 663.108228, 31.616423, 0.052509, 1374, 1174.0
169, 77.029255, 658.484988, 36.147402, 0.044920, 1370, 1658.0
170, 72.430538, 659.721970, 41.825988, 0.065325, 1370, 1652.0
171, 70.474802, 658.287211, 41.756552, 0.081791, 1373, 1601.0
172, 74.841844, 660.347167, 37.309591, 0.050467, 1369, 1658.0
173, 74.817468, 659.998036, 41.369903, 0.062885, 1369, 2082.0
174, 71.955095, 662.381003, 40.226634, 0.126597, 1364, 1650.0
175, 68.607389, 664.421081, 34.699040, 0.122033, 1380, 1610.0
176, 63.811326, 660.174821, 51.663729, 0.227757, 1364, 1570.0
177, 71.914088, 663.732210, 39.275655, 0.089584, 1363, 1675.0
178, 68.253569, 659.292270, 50.220144, 0.172388, 1377, 1728.0
179, 69.852671, 663.111522, 40.089000, 0.065727, 1368, 1717.0
180, 74.675236, 660.071222, 36.708919, 0.062334, 1374, 1672.0
181, 73.417924, 659.737737, 36.753737, 0.038382, 1369, 1767.0
182, 68.816943, 662.697035, 41.363560, 0.079095, 1371, 1110.0
183, 68.971507, 662.562337, 35.246293, 0.133327, 1374, 1648.0
184, 71.272850, 660.337686, 40.761765, 0.081749, 1371, 1505.0
185, 72.764459, 661.357263, 33.580097, 0.054400, 1382, 1395.0
186, 74.257693, 657.117625, 36.100391, 0.064331, 1372, 1073.0
187, 63.452497, 661.117815, 51.526164, 0.121728, 1376, 1065.0
188, 68.971507, 662.562337, 35.246293, 0.156188, 1380, 1069.0
189, 73.757885, 660.540420, 33.173539, 0.045280, 1376, 1063.0
190, 68.257023, 661.472477, 42.253046, 0.128568, 1372, 1102.0
191, 72.324694, 659.328295, 41.724875, 0.038554, 1376, 1061.0
192, 76.011996, 660.155576, 31.527124, 0.056436, 1374, 1474.0
193, 70.925926, 662.143258, 30.000000, 0.067987, 1371, 1740.0
194, 75.805327, 661.175374, 32.147110, 0.047628, 1376, 1337.0
195, 70.832372, 662.224280, 41.571787, 0.109088, 1370, 1660.0
196, 72.238645, 660.187875, 40.697702, 0.059134, 1363, 1228.0
197, 70.925926, 662.143258, 30.000000, 0.148178, 1378, 1745.0
198, 75.617284, 658.825967, 30.000000, 0.060768, 1373, 1640.0
199, 75.119763, 663.305658, 31.042413, 0.085744, 1375, 1326.0
200, 72.430538, 659.721970, 41.825988, 0.100490, 1375, 1638.0
201, 70.925926, 662.143258, 30.000000, 0.099505, 1375, 1062.0
202, 70.925926, 662.143258, 30.000000, 0.067167, 1363, 1049.0
203, 77.122925, 657.977241, 35.804481, 0.084467, 1364, 1049.0
204, 71.730848, 659.985691, 42.926354, 0.044591, 1374, 1105.0
205, 73.951761, 659.937422, 34.784965, 0.134565, 1378, 1161.0
206, 73.757885, 660.540420, 33.173539, 0.068217, 1372, 1267.0
207, 70.361402, 665.037867, 37.460158, 0.134276, 1372, 1644.0
208, 69.179636, 657.711262, 41.606754, 0.073320, 1375, 1346.0
209, 73.332439, 660.260647, 41.697191, 0.060968, 1365, 1055.0
210, 72.289953, 663.350303, 36.078267, 0.045683, 1368, 1057.0
211, 73.449346, 664.802262, 31.925627, 0.060948, 1374, 1060.0
212, 71.914088, 663.732210, 39.275655, 0.077539, 1384, 1106.0
213, 72.999880, 662.952549, 35.812019, 0.042941, 1381, 1074.0
214, 73.417924, 659.737737, 36.753737, 0.099101, 1375, 1063.0
215, 70.832372, 662.224280, 41.571787, 0.128669, 1367, 1056.0
216, 66.953331, 663.756527, 46.002959, 0.144664, 1368, 1056.0
217, 71.524581, 663.331050, 39.244543, 0.034736, 1373, 1061.0
218, 75.571231, 660.187997, 33.568922, 0.045726, 1370, 1148.0
219, 74.675236, 660.071222, 36.708919, 0.077609, 1367, 1055.0
220, 73.888889, 662.143258, 30.000000, 0.034157, 1368, 1074.0
221, 74.252457, 662.621666, 38.045203, 0.113683, 1365, 1073.0
222, 73.629778, 659.609966, 39.297720, 0.146137, 1371, 1059.0
223, 71.885586, 659.884542, 38.456697, 0.123915, 1372, 1066.0
224, 70.925926, 662.143258, 30.000000, 0.067285, 1380, 1065.0
225, 66.794305, 663.589608, 37.374209, 0.152408, 1368, 1053.0
226, 73.096812, 662.045383, 26.540046, 0.069141, 1372, 1127.0
227, 75.134964, 659.806036, 34.961658, 0.070911, 1367, 1097.0
228, 70.474802, 658.287211, 41.756552, 0.099703, 1370, 1168.0
229, 71.524581, 663.331050, 39.244543, 0.045947, 1375, 1666.0
230, 70.202798, 662.666203, 36.644846, 0.048514, 1369, 1538.0
231, 76.266275, 661.602721, 31.707910, 0.109819, 1371, 1543.0
232, 71.374917, 663.885249, 35.232373, 0.099450, 1375, 1643.0
233, 70.925926, 662.143258, 30.000000, 0.079765, 1365, 1108.0
234, 71.524581, 663.331050, 39.244543, 0.127221, 1368, 1079.0
235, 70.818020, 662.041068, 37.105761, 0.095642, 1367, 1092.0
236, 73.571056, 660.840220, 36.325842, 0.070253, 1376, 1063.0
237, 67.360376, 663.394683, 37.688783, 0.094234, 1368, 1215.0
238, 74.919129, 660.608640, 35.684981, 0.045617, 1371, 1082.0
239, 73.966186, 661.959269, 37.567141, 0.057642, 1371, 1070.0
240, 76.947388, 658.352976, 34.655222, 0.027170, 1370, 1055.0
241, 68.651304, 659.771127, 46.630782, 0.170868, 1372, 1213.0
242, 67.314518, 659.899638, 48.960741, 0.079672, 1376, 1068.0
243, 70.340095, 661.245933, 41.740147, 0.059019, 1363, 1106.0
244, 70.882741, 658.289970, 41.868508, 0.051872, 1375, 1320.0
245, 72.495933, 660.093723, 40.751152, 0.056824, 1372, 1061.0
246, 73.565515, 660.685509, 39.689650, 0.061578, 1368, 1579.0
247, 73.236507, 659.760789, 41.905531, 0.016597, 1371, 1665.0
248, 71.024176, 663.796714, 39.429638, 0.201751, 1369, 1682.0
249, 72.876449, 659.196508, 42.353674, 0.188613, 1367, 1635.0
250, 74.001679, 663.289281, 31.787474, 0.055043, 1375, 1255.0
251, 72.181965, 662.075236, 39.035518, 0.171629, 1362, 1063.0
252, 75.916428, 659.293257, 34.921889, 0.073684, 1368, 1054.0
253, 73.417924, 659.737737, 36.753737, 0.034144, 1372, 1091.0
254, 73.417924, 659.737737, 36.753737, 0.072181, 1370, 1063.0
255, 73.757885, 660.540420, 33.173539, 0.056564, 1367, 1162.0
256, 73.236507, 659.760789, 41.905531, 0.061831, 1374, 1216.0
257, 72.430538, 659.721970, 41.825988, 0.087046, 1372, 1060.0
258, 73.538297, 660.899871, 33.407556, 0.059870, 1375, 1062.0
259, 69.310319, 662.995752, 40.041004, 0.182675, 1376, 1065.0
260, 68.786887, 662.545556, 34.742518, 0.148214, 1370, 2285.0
261, 69.310319, 662.995752, 40.041004, 0.099720, 1374, 1230.0
262, 75.617284, 658.825967, 30.000000, 0.063616, 1377, 1073.0
263, 67.483517, 658.170402, 49.897803, 0.224192, 1373, 1169.0
264, 75.617284, 658.825967, 30.000000, 0.080282, 1370, 1147.0
265, 75.617284, 658.825967, 30.000000, 0.021515, 1375, 1070.0
266, 69.406284, 659.721029, 40.253804, 0.079246, 1370, 1059.0
267, 75.134964, 659.806036, 34.961658, 0.044302, 1363, 1098.0
268, 74.967489, 660.653549, 34.510134, 0.086533, 1375, 1061.0
269, 69.749220, 659.172122, 41.780565, 0.112233, 1375, 1437.0
270, 74.721663, 658.577091, 35.001689, 0.050919, 1370, 1697.0
271, 71.966120, 663.017179, 42.914017, 0.063125, 1371, 1725.0
272, 70.202798, 662.666203, 36.644846, 0.046179, 1364, 2000.0
273, 72.876449, 659.196508, 42.353674, 0.145036, 1377, 1455.0
274, 80.769571, 659.942341, 22.883653, 0.075132, 1366, 1075.0
275, 74.561142, 659.965757, 36.928794, 0.078826, 1376, 1060.0
276, 77.479464, 657.733458, 34.308593, 0.046899, 1373, 1057.0
277, 73.252317, 662.288401, 36.613771, 0.068719, 1369, 1226.0
278, 75.619179, 660.455745, 29.747938, 0.101375, 1380, 1062.0
279, 72.146549, 659.189181, 41.888816, 0.111886, 1364, 1055.0
280, 76.526111, 657.909313, 34.708356, 0.066098, 1370, 1048.0
281, 71.395592, 663.343065, 35.496408, 0.045190, 1368, 1049.0
282, 69.148720, 659.901562, 48.087031, 0.124826, 1367, 1071.0
283, 76.018603, 659.240263, 31.872030, 0.072477, 1378, 1062.0
284, 73.888889, 662.143258, 30.000000, 0.070769, 1363, 1076.0
285, 70.978585, 658.088669, 42.509609, 0.390888, 1374, 1065.0
286, 68.184449, 661.730574, 41.255691, 0.049054, 1375, 1062.0
287, 64.247267, 667.394609, 51.519227, 0.167156, 1374, 1685.0
288, 68.535121, 659.927564, 41.733509, 0.069613, 1367, 1790.0
289, 68.184449, 661.730574, 41.255691, 0.078518, 1379, 1688.0
290, 71.955095, 662.381003, 40.226634, 0.178570, 1367, 1963.0
291, 68.257023, 661.472477, 42.253046, 0.069543, 1373, 1811.0
292, 70.071170, 663.787115, 46.630782, 0.080612, 1377, 2804.0
293, 68.786887, 662.545556, 34.742518, 0.112888, 1369, 1055.0
294, 71.975191, 660.272156, 38.611628, 0.113145, 1370, 1560.0
295, 67.835883, 662.033630, 37.343759, 0.191249, 1372, 1063.0
296, 74.528684, 660.160126, 37.354312, 0.039541, 1370, 1080.0
297, 71.181406, 661.898453, 39.874086, 0.041480, 1373, 1288.0
298, 68.067068, 663.985694, 40.845403, 0.152984, 1378, 1068.0
299, 72.430538, 659.721970, 41.825988, 0.120591, 1371, 1112.0
300, 71.914751, 662.925437, 36.029064, 0.050966, 1376, 1160.0
301, 71.914751, 662.925437, 36.029064, 0.039551, 1365, 1404.0
302, 70.925926, 662.143258, 30.000000, 0.069632, 1367, 1509.0
303, 72.289953, 663.350303, 36.078267, 0.065668, 1366, 1487.0
304, 75.319558, 661.829054, 28.504951, 0.071065, 1365, 1815.0
305, 74.170378, 659.855820, 35.131194, 0.049212, 1372, 1678.0
306, 72.430538, 659.721970, 41.825988, 0.084020, 1376, 1664.0
307, 73.742392, 661.858960, 27.934537, 0.061926, 1369, 2043.0
308, 73.417924, 659.737737, 36.753737, 0.064160, 1376, 1735.0
309, 72.518671, 660.373605, 36.753737, 0.060308, 1368, 1298.0
310, 68.257023, 661.472477, 42.253046, 0.045892, 1373, 1059.0
311, 68.652678, 663.508914, 34.288156, 0.108276, 1372, 1073.0
312, 75.959698, 660.504265, 29.910729, 0.068764, 1370, 1076.0
313, 72.430538, 659.721970, 41.825988, 0.060324, 1366, 1663.0
314, 75.511440, 661.091006, 35.429376, 0.071128, 1367, 1364.0
315, 72.518671, 660.373605, 36.753737, 0.053937, 1372, 1586.0
316, 76.116693, 659.599326, 34.429399, 0.149365, 1363, 1050.0
317, 74.534165, 663.069315, 29.334317, 0.044324, 1374, 1060.0
318, 71.667048, 664.186119, 35.255707, 0.129095, 1380, 1068.0
319, 75.119763, 663.305658, 31.042413, 0.064700, 1371, 1071.0
320, 75.393866, 662.463375, 29.737116, 0.071296, 1379, 1109.0
321, 71.395592, 663.343065, 35.496408, 0.057216, 1370, 1058.0
322, 68.607389, 664.421081, 34.699040, 0.082331, 1370, 1166.0
323, 76.277218, 661.908106, 28.714698, 0.102823, 1366, 1055.0
324, 72.724580, 662.273687, 36.627121, 0.037455, 1370, 1056.0
325, 76.938079, 661.527377, 30.644323, 0.030461, 1367, 1296.0
326, 77.516591, 660.315180, 35.052942, 0.110956, 1377, 1138.0
327, 71.914088, 663.732210, 39.275655, 0.075367, 1369, 1230.0
328, 76.107154, 659.396850, 38.155029, 0.062308, 1371, 1059.0
329, 67.835883, 662.033630, 37.343759, 0.078456, 1365, 1216.0
330, 71.524581, 663.331050, 39.244543, 0.056628, 1370, 1118.0
331, 68.257023, 661.472477, 42.253046, 0.140100, 1368, 1162.0
332, 70.202798, 662.666203, 36.644846, 0.078506, 1370, 1108.0
333, 69.963190, 663.192175, 36.919465, 0.108271, 1373, 1328.0
334, 72.430538, 659.721970, 41.825988, 0.079582, 1371, 1210.0
335, 69.148720, 659.901562, 48.087031, 0.115205, 1366, 1056.0
336, 62.937117, 665.439975, 48.009346, 0.159210, 1373, 1084.0
337, 71.524581, 663.331050, 39.244543, 0.067411, 1369, 1058.0
338, 69.148720, 659.901562, 48.087031, 0.076647, 1374, 1078.0
339, 71.966120, 663.017179, 42.914017, 0.063440, 1374, 1376.0
340, 68.257023, 661.472477, 42.253046, 0.075372, 1377, 1467.0
341, 70.925926, 662.143258, 30.000000, 0.059770, 1374, 1128.0
342, 72.430538, 659.721970, 41.825988, 0.079173, 1376, 1234.0
343, 71.914088, 663.732210, 39.275655, 0.047056, 1372, 1068.0
344, 70.832372, 662.224280, 41.571787, 0.154961, 1372, 1058.0
345, 74.854621, 660.581445, 28.730607, 0.078209, 1371, 1646.0
346, 66.411878, 658.771361, 49.604131, 0.184368, 1366, 1070.0
347, 72.430538, 659.721970, 41.825988, 0.067231, 1372, 1255.0
348, 69.148720, 659.901562, 48.087031, 0.144817, 1374, 1063.0
349, 68.449405, 663.164746, 37.469949, 0.060887, 1374, 1060.0
350, 76.084277, 659.487730, 31.531319, 0.097119, 1376, 1116.0
351, 68.432799, 659.342964, 50.346665, 0.239238, 1368, 1488.0
352, 65.281597, 663.336431, 45.408965, 0.101894, 1374, 1203.0
353, 71.730848, 659.985691, 42.926354, 0.074015, 1371, 1094.0
354, 74.919333, 660.670444, 35.706646, 0.073118, 1367, 1055.0
355, 71.524581, 663.331050, 39.244543, 0.060681, 1371, 1070.0
356, 70.925926, 662.143258, 30.000000, 0.072594, 1376, 1062.0
357, 71.524581, 663.331050, 39.244543, 0.142491, 1367, 1094.0
358, 68.241097, 661.778804, 37.016255, 0.118496, 1370, 1193.0
359, 76.049005, 659.949020, 35.452427, 0.068448, 1373, 1144.0
360, 72.475603, 663.408269, 38.374735, 0.104637, 1369, 1234.0
361, 75.134964, 659.806036, 34.961658, 0.061619, 1375, 1053.0
362, 69.844880, 662.980394, 33.526878, 0.052699, 1371, 1450.0
363, 72.289953, 663.350303, 36.078267, 0.020365, 1372, 1418.0
364, 75.538177, 660.648545, 37.446366, 0.049036, 1370, 1546.0
365, 74.731233, 660.496416, 35.711814, 0.029784, 1371, 1142.0
366, 70.202798, 662.666203, 36.644846, 0.076832, 1377, 1083.0
367, 70.925926, 662.143258, 30.000000, 0.031862, 1371, 1049.0
368, 73.613994, 661.489341, 36.058469, 0.046356, 1369, 1189.0
369, 74.731233, 660.496416, 35.711814, 0.064446, 1371, 1304.0
370, 75.461213, 660.719281, 41.694282, 0.072693, 1376, 1135.0
371, 74.255872, 661.669459, 36.927979, 0.081737, 1368, 1309.0
372, 74.155993, 663.104762, 27.594899, 0.070121, 1362, 1048.0
373, 73.304247, 660.167936, 41.983310, 0.068470, 1367, 1067.0
374, 71.955095, 662.381003, 40.226634, 0.208410, 1368, 1067.0
375, 72.430538, 659.721970, 41.825988, 0.062459, 1370, 1163.0
376, 72.430538, 659.721970, 41.825988, 0.049150, 1366, 1054.0
377, 72.181965, 662.075236, 39.035518, 0.107620, 1380, 1065.0
378, 71.524581, 663.331050, 39.244543, 0.082843, 1372, 1449.0
379, 71.524581, 663.331050, 39.244543, 0.067841, 1371, 1058.0
380, 74.675236, 660.071222, 36.708919, 0.063437, 1372, 1067.0
381, 70.925926, 662.143258, 30.000000, 0.116008, 1371, 1095.0
382, 72.688700, 660.177707, 36.540767, 0.025344, 1373, 1083.0
383, 75.835332, 659.986706, 29.526881, 0.040371, 1378, 1060.0
384, 69.505696, 663.030738, 42.345990, 0.147922, 1372, 1060.0
385, 71.914088, 663.732210, 39.275655, 0.097580, 1383, 1086.0
386, 74.757526, 658.310629, 39.839271, 0.081666, 1373, 1075.0
387, 70.925926, 662.143258, 30.000000, 0.194971, 1368, 2441.0
388, 71.914088, 663.732210, 39.275655, 0.085011, 1377, 1084.0
389, 68.432799, 659.342964, 50.346665, 0.125407, 1368, 1079.0
390, 77.442088, 660.278863, 34.773474, 0.091769, 1368, 1054.0
391, 74.683151, 661.905983, 37.002246, 0.139322, 1370, 1098.0
392, 72.430538, 659.721970, 41.825988, 0.066247, 1374, 1099.0
393, 73.896884, 659.898681, 35.988826, 0.060317, 1376, 1062.0
394, 69.148720, 659.901562, 48.087031, 0.100609, 1371, 1436.0
395, 76.733728, 658.329175, 35.419965, 0.087763, 1366, 1453.0
396, 75.393925, 660.506481, 37.741639, 0.048482, 1373, 1861.0
397, 74.967489, 660.653549, 34.510134, 0.049697, 1372, 1129.0
398, 75.209658, 660.401877, 37.526387, 0.049308, 1370, 1087.0
399, 77.644116, 658.554448, 35.491100, 0.082923, 1373, 1078.0
400, 71.355326, 659.828941, 44.228539, 0.114244, 1372, 1061.0
401, 68.184449, 661.730574, 41.255691, 0.070065, 1372, 1060.0
402, 70.340095, 661.245933, 41.740147, 0.109251, 1370, 1091.0
403, 74.135002, 660.791704, 41.780954, 0.039087, 1372, 2091.0
404, 68.257023, 661.472477, 42.253046, 0.063990, 1374, 1332.0
405, 76.031498, 661.019497, 33.377846, 0.040544, 1366, 1048.0
406, 73.742377, 664.488253, 32.139952, 0.062411, 1369, 1126.0
407, 75.923693, 661.149576, 38.660473, 0.066320, 1372, 1228.0
408, 73.065667, 661.255954, 32.463055, 0.063439, 1371, 1102.0
409, 77.354369, 662.688506, 30.545432, 0.139989, 1373, 1056.0
410, 69.938082, 661.422033, 34.470162, 0.102571, 1376, 1076.0
411, 82.771088, 657.517033, 31.056334, 0.070106, 1367, 1060.0
412, 73.757885, 660.540420, 33.173539, 0.044264, 1380, 1799.0
413, 75.393925, 660.506481, 37.741639, 0.042615, 1383, 1182.0
414, 72.430538, 659.721970, 41.825988, 0.054085, 1368, 1057.0
415, 76.525666, 658.713330, 41.730164, 0.047942, 1371, 1067.0
416, 75.238425, 662.322121, 27.516996, 0.060198, 1375, 1096.0
417, 63.811326, 660.174821, 51.663729, 0.236081, 1368, 1078.0
418, 73.888889, 662.143258, 30.000000, 0.062292, 1364, 1050.0
419, 73.739856, 659.607107, 33.729535, 0.089960, 1375, 1138.0
420, 65.281597, 663.336431, 45.408965, 0.141574, 1373, 1074.0
421, 73.803992, 661.466040, 36.066681, 0.063073, 1373, 1166.0
422, 73.332439, 660.260647, 41.697191, 0.054524, 1364, 1987.0
423, 71.914088, 663.732210, 39.275655, 0.104475, 1377, 1551.0
424, 70.925926, 662.143258, 30.000000, 0.087190, 1372, 1591.0
425, 76.206727, 659.776451, 40.743702, 0.074125, 1368, 1731.0
426, 70.925926, 662.143258, 30.000000, 0.091728, 1378, 1892.0
427, 72.430538, 659.721970, 41.825988, 0.061149, 1374, 1593.0
428, 77.151612, 662.494974, 27.308153, 0.093158, 1370, 1054.0
429, 72.887080, 661.475796, 41.365223, 0.166905, 1364, 1058.0
430, 76.173585, 660.413163, 37.009272, 0.070798, 1373, 1058.0
431, 68.257023, 661.472477, 42.253046, 0.061657, 1383, 1080.0
432, 72.497228, 662.285607, 35.791270, 0.058361, 1372, 1061.0
433, 73.407943, 660.238331, 35.787454, 0.048377, 1374, 1085.0
434, 70.474802, 658.287211, 41.756552, 0.053578, 1367, 1056.0
435, 67.835883, 662.033630, 37.343759, 0.103298, 1365, 1079.0
436, 70.624869, 662.653778, 33.521271, 0.129158, 1377, 1075.0
437, 69.310319, 662.995752, 40.041004, 0.138180, 1368, 1072.0
438, 70.149290, 666.470766, 29.260884, 0.105350, 1374, 1197.0
439, 73.236250, 659.745130, 35.440412, 0.052054, 1375, 2065.0
440, 69.852671, 663.111522, 40.089000, 0.047110, 1372, 2358.0
441, 77.057674, 660.436789, 35.406581, 0.063446, 1369, 1336.0
442, 66.794305, 663.589608, 37.374209, 0.081093, 1372, 1270.0
443, 72.518671, 660.373605, 36.753737, 0.020725, 1365, 1091.0
444, 69.148720, 659.901562, 48.087031, 0.092922, 1373, 1058.0
445, 72.187481, 662.094499, 36.247096, 0.034093, 1366, 1050.0
446, 75.009611, 659.150068, 41.453166, 0.146717, 1375, 1678.0
447, 71.764488, 661.629684, 42.940152, 0.138009, 1370, 1675.0
448, 71.524581, 663.331050, 39.244543, 0.051474, 1370, 1199.0
449, 71.524581, 663.331050, 39.244543, 0.067779, 1378, 1065.0
450, 70.832372, 662.224280, 41.571787, 0.053107, 1368, 1244.0
451, 71.955095, 662.381003, 40.226634, 0.118115, 1372, 1646.0
452, 72.764459, 661.357263, 33.580097, 0.068631, 1373, 1639.0
453, 76.710287, 660.376769, 33.813007, 0.033513, 1361, 1511.0
454, 70.925926, 662.143258, 30.000000, 0.073543, 1372, 1139.0
455, 72.430538, 659.721970, 41.825988, 0.114683, 1381, 1088.0
456, 77.466725, 659.872321, 29.908188, 0.132288, 1371, 1048.0
457, 70.925926, 662.143258, 30.000000, 0.074792, 1372, 1070.0
458, 72.718061, 659.770759, 34.139824, 0.035649, 1373, 1201.0
459, 72.430538, 659.721970, 41.825988, 0.150242, 1373, 1647.0
460, 70.135240, 661.993336, 48.044739, 0.130045, 1378, 1661.0
461, 73.332439, 660.260647, 41.697191, 0.107403, 1368, 1510.0
462, 70.340095, 661.245933, 41.740147, 0.046741, 1373, 1488.0
463, 72.084764, 660.100533, 42.168886, 0.100107, 1373, 1795.0
464, 73.304247, 660.167936, 41.983310, 0.095647, 1372, 1312.0
465, 70.007637, 661.216000, 46.573408, 0.072450, 1372, 1079.0
466, 68.801321, 660.058278, 40.986830, 0.144672, 1370, 1325.0
467, 72.947184, 660.320387, 40.442340, 0.092617, 1366, 1336.0
468, 72.947184, 660.320387, 40.442340, 0.043067, 1375, 1060.0
469, 69.938082, 661.422033, 34.470162, 0.101937, 1371, 1083.0
470, 68.786887, 662.545556, 34.742518, 0.140819, 1376, 1064.0
471, 73.509374, 659.207488, 39.508993, 0.106842, 1370, 1597.0
472, 71.524581, 663.331050, 39.244543, 0.115054, 1368, 1093.0
473, 73.596501, 660.770792, 33.421200, 0.069613, 1372, 1062.0
474, 70.157016, 660.808374, 43.107170, 0.193147, 1380, 1242.0
475, 69.852671, 663.111522, 40.089000, 0.106023, 1367, 1082.0
476, 71.524581, 663.331050, 39.244543, 0.163797, 1370, 2456.0
477, 70.340095, 661.245933, 41.740147, 0.040362, 1372, 2839.0
478, 73.577840, 659.274144, 35.186982, 0.028764, 1374, 1664.0
479, 74.109246, 661.091576, 41.871697, 0.087445, 1369, 1088.0
480, 74.479847, 659.961736, 40.218090, 0.066428, 1372, 1096.0
481, 72.430538, 659.721970, 41.825988, 0.033848, 1371, 1482.0
482, 73.052450, 660.553841, 39.323756, 0.084709, 1364, 1779.0
483, 63.452497, 661.117815, 51.526164, 0.155166, 1378, 1121.0
484, 70.925926, 662.143258, 30.000000, 0.075522, 1376, 1085.0
485, 70.678332, 656.952301, 45.430119, 0.089099, 1381, 1067.0
486, 73.122339, 662.085742, 27.042411, 0.076077, 1372, 1057.0
487, 70.925926, 662.143258, 30.000000, 0.055812, 1369, 1068.0
488, 71.524581, 663.331050, 39.244543, 0.062535, 1373, 1060.0
489, 75.916428, 659.293257, 34.921889, 0.067362, 1370, 1078.0
490, 68.449405, 663.164746, 37.469949, 0.073509, 1370, 1074.0
491, 69.852671, 663.111522, 40.089000, 0.076820, 1370, 1062.0
492, 71.914088, 663.732210, 39.275655, 0.085786, 1370, 1207.0
493, 69.359858, 663.055029, 35.208831, 0.115666, 1377, 1080.0
494, 71.524581, 663.331050, 39.244543, 0.093992, 1372, 1096.0
495, 79.273018, 661.787911, 27.367594, 0.077997, 1370, 1047.0
496, 70.925926, 662.143258, 30.000000, 0.039097, 1373, 1077.0
497, 72.887080, 661.475796, 41.365223, 0.204169, 1369, 1070.0
498, 71.785982, 664.218546, 39.488361, 0.119693, 1378, 1067.0
499, 74.629630, 661.619475, 30.000000, 0.038477, 1369, 1238.0
500, 73.304247, 660.167936, 41.983310, 0.067231, 1378, 1065.0
501, 64.247267, 667.394609, 51.519227, 0.084735, 1372, 1060.0
502, 70.078186, 659.597719, 44.775259, 0.136315, 1367, 1369.0
503, 69.565554, 664.056133, 37.181875, 0.090492, 1375, 1092.0
504, 70.832372, 662.224280, 41.571787, 0.047669, 1366, 1252.0
505, 70.925926, 662.143258, 30.000000, 0.113559, 1374, 1105.0
506, 71.524581, 663.331050, 39.244543, 0.067372, 1373, 1062.0
507, 70.925926, 662.143258, 30.000000, 0.076597, 1371, 1058.0
508, 71.737109, 661.582917, 37.780738, 0.053418, 1373, 1071.0
509, 69.852671, 663.111522, 40.089000, 0.052177, 1371, 1087.0
510, 70.832372, 662.224280, 41.571787, 0.064892, 1367, 1070.0
511, 68.786887, 662.545556, 34.742518, 0.228735, 1370, 1059.0
512, 71.524581, 663.331050, 39.244543, 0.076731, 1374, 1100.0
513, 72.289953, 663.350303, 36.078267, 0.081717, 1368, 1083.0
514, 69.179636, 657.711262, 41.606754, 0.135030, 1376, 1256.0
515, 73.304247, 660.167936, 41.983310, 0.059185, 1372, 1118.0
516, 68.067068, 663.985694, 40.845403, 0.119381, 1370, 1154.0
517, 72.430538, 659.721970, 41.825988, 0.068832, 1368, 1197.0
518, 70.406488, 661.673963, 35.549194, 0.174152, 1368, 1558.0
519, 69.148720, 659.901562, 48.087031, 0.075955, 1365, 1218.0
520, 70.925926, 662.143258, 30.000000, 0.050506, 1369, 1046.0
521, 70.925926, 662.143258, 30.000000, 0.080058, 1375, 1585.0
522, 68.786887, 662.545556, 34.742518, 0.135923, 1370, 1083.0
523, 73.304247, 660.167936, 41.983310, 0.067846, 1369, 1134.0
524, 73.105226, 661.338488, 36.309333, 0.075992, 1361, 1052.0
525, 69.734190, 663.028344, 47.149933, 0.034996, 1377, 1135.0
526, 71.705499, 662.334655, 40.013461, 0.238791, 1369, 1233.0
527, 66.630894, 660.354606, 44.218745, 0.115287, 1375, 1118.0
528, 72.518671, 660.373605, 36.753737, 0.046805, 1375, 1061.0
529, 72.181965, 662.075236, 39.035518, 0.110818, 1380, 1101.0
530, 72.518671, 660.373605, 36.753737, 0.037868, 1365, 1064.0
531, 75.810851, 659.414449, 32.971455, 0.073034, 1371, 1058.0
532, 77.122925, 657.977241, 35.804481, 0.109604, 1370, 1112.0
533, 71.914088, 663.732210, 39.275655, 0.081053, 1372, 1356.0
534, 69.506959, 659.543920, 32.896112, 0.140030, 1370, 1058.0
535, 72.289953, 663.350303, 36.078267, 0.119003, 1385, 1293.0
536, 73.065667, 661.255954, 32.463055, 0.034041, 1369, 1056.0
537, 74.629630, 661.619475, 30.000000, 0.063305, 1364, 1139.0
538, 70.925926, 662.143258, 30.000000, 0.045926, 1369, 1070.0
539, 72.497228, 662.285607, 35.791270, 0.065152, 1372, 1095.0
540, 74.001679, 663.289281, 31.787474, 0.080764, 1375, 1060.0
541, 69.951464, 661.041388, 46.337705, 0.056320, 1366, 1056.0
542, 70.340095, 661.245933, 41.740147, 0.057302, 1373, 1432.0
543, 71.181406, 661.898453, 39.874086, 0.055524, 1375, 1099.0
544, 72.289953, 663.350303, 36.078267, 0.094551, 1373, 1221.0
545, 71.374917, 663.885249, 35.232373, 0.071637, 1378, 1065.0
546, 73.934758, 663.108228, 31.616423, 0.090445, 1379, 1062.0
547, 72.187481, 662.094499, 36.247096, 0.060582, 1369, 1095.0
548, 68.652678, 663.508914, 34.288156, 0.148258, 1371, 1059.0
549, 72.430538, 659.721970, 41.825988, 0.065016, 1372, 1068.0
550, 72.057177, 660.252572, 36.231800, 0.083539, 1365, 1054.0
551, 69.852671, 663.111522, 40.089000, 0.055810, 1375, 1078.0
552, 63.811326, 660.174821, 51.663729, 0.373924, 1374, 1085.0
553, 74.650286, 660.215075, 36.646803, 0.089960, 1378, 1060.0
554, 73.417924, 659.737737, 36.753737, 0.077233, 1376, 1086.0
555, 69.427687, 663.486410, 36.351159, 0.055766, 1368, 1059.0
556, 67.277050, 663.615095, 36.876974, 0.123878, 1365, 1055.0
557, 72.430538, 659.721970, 41.825988, 0.100198, 1369, 1156.0
558, 72.430538, 659.721970, 41.825988, 0.031885, 1376, 1060.0
559, 73.304247, 660.167936, 41.983310, 0.067456, 1366, 1063.0
560, 74.501191, 659.848255, 35.226016, 0.108706, 1373, 1075.0
561, 71.914088, 663.732210, 39.275655, 0.059685, 1365, 1055.0
562, 70.406488, 661.673963, 35.549194, 0.091413, 1377, 1101.0
563, 68.067068, 663.985694, 40.845403, 0.157126, 1374, 1103.0
564, 74.921868, 663.625911, 31.248685, 0.084256, 1367, 1065.0
565, 75.617284, 658.825967, 30.000000, 0.055913, 1374, 1061.0
566, 72.430538, 659.721970, 41.825988, 0.102358, 1370, 1060.0
567, 73.757885, 660.540420, 33.173539, 0.067485, 1374, 1248.0
568, 71.737109, 661.582917, 37.780738, 0.073909, 1368, 1055.0
569, 70.595404, 660.409430, 47.263108, 0.091647, 1369, 1154.0
570, 77.799846, 661.653403, 26.725839, 0.058418, 1369, 1052.0
571, 70.832372, 662.224280, 41.571787, 0.058757, 1369, 1069.0
572, 71.914088, 663.732210, 39.275655, 0.064200, 1372, 1137.0
573, 71.955095, 662.381003, 40.226634, 0.122680, 1371, 1120.0
574, 69.852671, 663.111522, 40.089000, 0.062341, 1376, 1391.0
575, 75.040712, 660.453789, 35.587613, 0.048121, 1368, 1449.0
576, 70.832372, 662.224280, 41.571787, 0.044506, 1378, 1173.0
577, 70.832372, 662.224280, 41.571787, 0.072543, 1374, 1061.0
578, 71.272850, 660.337686, 40.761765, 0.080231, 1373, 1159.0
579, 76.938079, 661.527377, 30.644323, 0.036819, 1370, 1594.0
580, 77.377701, 660.526900, 32.414546, 0.074019, 1372, 1359.0
581, 70.340095, 661.245933, 41.740147, 0.070664, 1374, 1137.0
582, 76.018603, 659.240263, 31.872030, 0.065471, 1369, 1335.0
583, 72.430538, 659.721970, 41.825988, 0.092073, 1369, 1378.0
584, 72.289953, 663.350303, 36.078267, 0.053475, 1366, 1665.0
585, 65.681995, 661.042852, 54.812698, 0.121844, 1375, 1063.0
586, 73.304247, 660.167936, 41.983310, 0.070417, 1372, 1390.0
587, 75.617284, 658.825967, 30.000000, 0.050467, 1379, 1064.0
588, 69.565554, 664.056133, 37.181875, 0.110654, 1364, 1913.0
589, 72.103694, 660.261830, 44.999345, 0.101124, 1372, 1499.0
590, 72.289953, 663.350303, 36.078267, 0.073123, 1371, 1247.0
591, 68.262414, 665.065112, 36.002103, 0.181005, 1366, 1486.0
592, 76.206727, 659.776451, 40.743702, 0.070005, 1367, 1077.0
593, 74.135002, 660.791704, 41.780954, 0.056917, 1374, 1289.0
594, 71.409917, 663.589608, 37.374209, 0.139161, 1374, 1506.0
595, 70.340095, 661.245933, 41.740147, 0.046665, 1371, 1176.0
596, 68.877393, 663.716205, 36.436976, 0.136508, 1374, 1126.0
597, 74.842184, 660.450172, 37.345700, 0.019937, 1367, 1094.0
598, 70.925926, 662.143258, 30.000000, 0.060973, 1380, 1629.0
599, 74.336534, 660.468001, 36.462601, 0.062162, 1376, 1503.0
600, 76.173585, 660.413163, 37.009272, 0.054284, 1369, 1233.0
601, 73.332439, 660.260647, 41.697191, 0.113866, 1374, 1060.0
602, 70.925926, 662.143258, 30.000000, 0.063491, 1367, 1312.0
603, 72.013961, 660.961879, 40.485159, 0.046087, 1376, 1106.0
604, 72.518671, 660.373605, 36.753737, 0.072607, 1370, 1722.0
605, 80.178214, 656.707316, 34.789422, 0.187000, 1368, 1642.0
606, 70.925926, 662.143258, 30.000000, 0.107940, 1376, 1655.0
607, 73.332439, 660.260647, 41.697191, 0.059564, 1370, 1772.0
608, 72.576180, 663.482992, 34.339984, 0.202346, 1371, 1219.0
609, 79.033855, 659.791767, 32.488954, 0.067957, 1379, 1630.0
610, 68.808455, 664.446168, 37.647127, 0.216140, 1374, 1064.0
611, 73.509374, 659.207488, 39.508993, 0.071519, 1369, 1152.0
612, 74.165506, 659.897401, 35.113890, 0.057704, 1372, 1300.0
613, 71.955095, 662.381003, 40.226634, 0.148930, 1365, 1428.0
614, 75.429173, 660.009532, 31.772307, 0.063068, 1369, 1083.0
615, 69.345538, 664.915581, 37.038585, 0.180828, 1375, 1301.0
616, 74.257693, 657.117625, 36.100391, 0.055020, 1372, 1256.0
617, 69.925036, 662.801754, 37.029641, 0.128400, 1374, 1064.0
618, 72.289953, 663.350303, 36.078267, 0.061491, 1374, 1061.0
619, 74.821839, 660.354977, 34.094149, 0.036465, 1370, 1546.0
620, 74.257693, 657.117625, 36.100391, 0.040384, 1369, 1082.0
621, 71.383781, 658.474525, 47.154857, 0.083816, 1367, 1057.0
622, 74.757526, 658.310629, 39.839271, 0.088424, 1377, 1062.0
623, 73.557874, 661.894908, 32.211475, 0.076387, 1367, 1305.0
624, 70.925926, 662.143258, 30.000000, 0.108333, 1371, 1086.0
625, 73.417924, 659.737737, 36.753737, 0.039892, 1377, 1173.0
626, 68.184449, 661.730574, 41.255691, 0.173647, 1369, 1661.0
627, 72.352972, 663.550805, 33.369013, 0.095270, 1371, 1718.0
628, 69.852671, 663.111522, 40.089000, 0.068482, 1375, 1759.0
629, 64.247267, 667.394609, 51.519227, 0.086511, 1376, 1785.0
630, 70.925926, 662.143258, 30.000000, 0.065271, 1374, 1159.0
631, 71.367395, 660.233488, 32.930996, 0.053667, 1366, 1123.0
632, 71.655202, 660.466363, 35.862278, 0.046494, 1373, 1339.0
633, 73.577840, 659.274144, 35.186982, 0.086994, 1372, 1061.0
634, 75.922256, 659.358583, 31.843854, 0.050446, 1372, 1132.0
635, 72.430538, 659.721970, 41.825988, 0.129992, 1374, 1110.0
636, 71.914088, 663.732210, 39.275655, 0.025237, 1362, 1119.0
637, 68.241097, 661.778804, 37.016255, 0.170733, 1375, 1066.0
638, 73.934758, 663.108228, 31.616423, 0.058779, 1368, 1058.0
639, 71.540331, 659.802881, 44.689721, 0.167896, 1367, 1060.0
640, 74.946776, 660.054033, 27.670522, 0.069833, 1366, 1246.0
641, 73.506318, 659.624633, 28.609176, 0.065524, 1365, 1056.0
642, 69.749220, 659.172122, 41.780565, 0.112922, 1369, 1077.0
643, 70.340095, 661.245933, 41.740147, 0.056808, 1372, 1522.0
644, 74.170378, 659.855820, 35.131194, 0.038104, 1368, 1112.0
645, 70.925926, 662.143258, 30.000000, 0.073166, 1369, 1057.0
646, 72.495933, 660.093723, 40.751152, 0.033643, 1372, 1099.0
647, 70.925926, 662.143258, 30.000000, 0.082800, 1377, 1256.0
648, 72.430538, 659.721970, 41.825988, 0.073106, 1368, 1085.0
649, 71.524581, 663.331050, 39.244543, 0.093342, 1369, 1059.0
650, 68.647616, 665.141714, 45.432039, 0.162895, 1368, 1080.0
651, 70.925926, 662.143258, 30.000000, 0.041991, 1368, 1106.0
652, 73.484473, 663.980113, 31.797886, 0.073624, 1365, 1605.0
653, 73.577840, 659.274144, 35.186982, 0.064805, 1365, 1220.0
654, 69.565554, 664.056133, 37.181875, 0.124046, 1381, 1088.0
655, 70.925926, 662.143258, 30.000000, 0.059490, 1371, 1059.0
656, 62.937117, 665.439975, 48.009346, 0.067848, 1372, 1092.0
657, 74.001679, 663.289281, 31.787474, 0.129686, 1374, 1083.0
658, 71.955095, 662.381003, 40.226634, 0.125732, 1368, 1128.0
659, 69.148720, 659.901562, 48.087031, 0.087840, 1374, 1160.0
660, 66.953331, 663.756527, 46.002959, 0.095175, 1363, 1054.0
661, 69.951694, 663.773691, 46.603620, 0.056415, 1373, 1090.0
662, 73.757885, 660.540420, 33.173539, 0.079799, 1369, 1060.0
663, 68.067068, 663.985694, 40.845403, 0.169627, 1382, 1070.0
664, 74.089614, 659.218074, 35.353395, 0.049134, 1373, 1068.0
665, 73.596501, 660.770792, 33.421200, 0.053755, 1370, 1146.0
666, 70.474802, 658.287211, 41.756552, 0.066677, 1374, 1071.0
667, 71.024176, 663.796714, 39.429638, 0.174565, 1376, 1068.0
668, 68.184449, 661.730574, 41.255691, 0.130539, 1374, 1070.0
669, 75.011963, 659.550396, 41.580206, 0.058636, 1371, 1121.0
670, 68.886151, 659.965875, 41.144251, 0.110590, 1371, 1063.0
671, 71.524581, 663.331050, 39.244543, 0.066162, 1370, 1081.0
672, 76.947388, 658.352976, 34.655222, 0.050984, 1371, 1777.0
673, 63.811326, 660.174821, 51.663729, 0.170328, 1368, 1779.0
674, 74.588134, 657.514989, 36.887497, 0.028611, 1374, 1816.0
675, 73.992654, 659.615582, 40.561153, 0.053807, 1377, 1771.0
676, 67.051390, 665.728368, 34.802098, 0.198767, 1370, 1746.0
677, 70.925926, 662.143258, 30.000000, 0.104909, 1374, 1788.0
678, 77.259702, 658.712374, 36.124208, 0.046911, 1370, 1756.0
679, 70.925926, 662.143258, 30.000000, 0.154139, 1372, 1821.0
680, 71.524581, 663.331050, 39.244543, 0.109356, 1369, 1057.0
681, 70.474802, 658.287211, 41.756552, 0.108784, 1367, 1066.0
682, 70.925926, 662.143258, 30.000000, 0.114562, 1374, 1061.0
683, 72.289953, 663.350303, 36.078267, 0.059441, 1371, 1097.0
684, 69.529062, 662.827286, 36.526054, 0.041587, 1381, 1069.0
685, 68.827653, 662.458915, 41.340038, 0.108406, 1369, 1061.0
686, 70.116824, 659.349311, 39.244543, 0.178089, 1371, 1072.0
687, 65.681995, 661.042852, 54.812698, 0.134549, 1365, 1053.0
688, 72.430538, 659.721970, 41.825988, 0.047348, 1370, 1059.0
689, 69.179636, 657.711262, 41.606754, 0.160931, 1374, 1061.0
690, 73.417924, 659.737737, 36.753737, 0.043629, 1369, 1056.0
691, 72.430538, 659.721970, 41.825988, 0.092755, 1369, 1079.0
692, 72.724580, 662.273687, 36.627121, 0.058660, 1376, 1075.0
693, 74.919129, 660.608640, 35.684981, 0.055084, 1367, 1056.0
694, 70.202798, 662.666203, 36.644846, 0.091579, 1377, 1064.0
695, 72.947184, 660.320387, 40.442340, 0.142371, 1376, 1076.0
696, 74.797018, 659.878660, 35.114295, 0.088669, 1371, 1080.0
697, 72.430538, 659.721970, 41.825988, 0.036339, 1369, 1058.0
698, 63.452497, 661.117815, 51.526164, 0.169605, 1374, 1075.0
699, 70.925926, 662.143258, 30.000000, 0.132172, 1382, 1069.0
700, 73.417924, 659.737737, 36.753737, 0.047215, 1372, 1061.0
701, 73.304247, 660.167936, 41.983310, 0.077902, 1369, 1106.0
702, 70.925926, 662.143258, 30.000000, 0.074351, 1375, 1064.0
703, 69.634908, 661.031227, 39.299715, 0.167006, 1374, 1063.0
704, 70.925926, 662.143258, 30.000000, 0.166940, 1372, 1088.0
705, 68.607389, 664.421081, 34.699040, 0.137499, 1366, 1056.0
706, 74.155993, 663.104762, 27.594899, 0.052220, 1368, 1080.0
707, 73.888889, 662.143258, 30.000000, 0.043176, 1364, 1091.0
708, 68.067068, 663.985694, 40.845403, 0.235733, 1370, 1077.0
709, 76.870412, 660.431324, 40.676902, 0.081882, 1377, 1073.0
710, 68.090078, 662.351435, 41.959133, 0.108236, 1372, 1059.0
711, 70.925926, 662.143258, 30.000000, 0.089742, 1375, 1082.0
712, 68.786887, 662.545556, 34.742518, 0.053217, 1362, 1053.0
713, 69.179636, 657.711262, 41.606754, 0.130339, 1378, 1107.0
714, 73.016510, 662.371412, 36.621900, 0.039648, 1376, 1088.0
715, 72.016424, 662.791186, 38.263688, 0.140566, 1372, 1061.0
716, 75.134964, 659.806036, 34.961658, 0.037729, 1365, 1203.0
717, 72.430538, 659.721970, 41.825988, 0.158655, 1372, 1816.0
718, 73.577840, 659.274144, 35.186982, 0.112090, 1373, 1073.0
719, 63.811326, 660.174821, 51.663729, 0.266731, 1376, 1067.0
720, 71.730848, 659.985691, 42.926354, 0.089835, 1367, 1059.0
721, 70.807302, 662.031193, 46.478609, 0.198919, 1364, 1054.0
722, 70.925926, 662.143258, 30.000000, 0.135215, 1373, 1073.0
723, 70.024400, 661.176311, 47.202057, 0.190177, 1368, 1075.0
724, 76.947388, 658.352976, 34.655222, 0.049779, 1369, 1262.0
725, 67.051390, 665.728368, 34.802098, 0.159252, 1372, 1621.0
726, 73.191049, 657.694928, 43.476181, 0.059927, 1369, 1058.0
727, 75.134964, 659.806036, 34.961658, 0.055051, 1372, 1059.0
728, 74.416475, 660.002450, 34.563497, 0.058481, 1371, 1084.0
729, 75.617284, 658.825967, 30.000000, 0.058287, 1373, 1060.0
730, 68.257023, 661.472477, 42.253046, 0.120605, 1371, 1220.0
731, 67.051390, 665.728368, 34.802098, 0.192723, 1375, 1064.0
732, 72.518671, 660.373605, 36.753737, 0.071156, 1370, 1695.0
733, 70.832372, 662.224280, 41.571787, 0.066603, 1370, 1059.0
734, 69.505696, 663.030738, 42.345990, 0.086426, 1369, 1058.0
735, 70.925926, 662.143258, 30.000000, 0.084063, 1373, 1060.0
736, 70.925926, 662.143258, 30.000000, 0.117398, 1364, 1096.0
737, 71.524581, 663.331050, 39.244543, 0.109998, 1377, 1096.0
738, 73.577840, 659.274144, 35.186982, 0.085990, 1374, 1062.0
739, 75.233582, 659.928032, 42.116987, 0.053529, 1375, 1132.0
740, 73.538297, 660.899871, 33.407556, 0.066142, 1371, 1058.0
741, 72.430538, 659.721970, 41.825988, 0.069320, 1375, 1062.0
742, 69.190006, 663.141813, 41.523948, 0.064312, 1369, 1107.0
743, 76.246094, 659.356846, 36.469899, 0.078720, 1373, 1310.0
744, 69.852671, 663.111522, 40.089000, 0.047496, 1370, 1313.0
745, 68.184449, 661.730574, 41.255691, 0.081382, 1373, 1063.0
746, 70.925926, 662.143258, 30.000000, 0.090323, 1369, 1240.0
747, 71.975191, 660.272156, 38.611628, 0.139383, 1372, 1109.0
748, 68.253569, 659.292270, 50.220144, 0.191600, 1374, 1083.0
749, 70.925926, 662.143258, 30.000000, 0.080761, 1369, 1067.0
750, 70.832372, 662.224280, 41.571787, 0.064998, 1376, 1063.0
751, 72.518671, 660.373605, 36.753737, 0.053286, 1374, 1080.0
752, 71.705499, 662.334655, 40.013461, 0.122289, 1373, 1090.0
753, 62.937117, 665.439975, 48.009346, 0.159805, 1372, 1059.0
754, 68.067068, 663.985694, 40.845403, 0.154828, 1372, 1367.0
755, 68.652678, 663.508914, 34.288156, 0.187778, 1369, 1617.0
756, 72.041496, 659.674886, 41.135719, 0.037768, 1375, 1073.0
757, 70.832372, 662.224280, 41.571787, 0.046282, 1368, 1051.0
758, 68.067068, 663.985694, 40.845403, 0.152448, 1374, 1058.0
759, 63.452497, 661.117815, 51.526164, 0.141224, 1368, 1098.0
760, 68.607389, 664.421081, 34.699040, 0.143648, 1367, 1058.0
761, 77.057282, 659.229160, 37.706478, 0.053171, 1374, 1067.0
762, 71.914088, 663.732210, 39.275655, 0.094510, 1366, 1258.0
763, 63.811326, 660.174821, 51.663729, 0.142325, 1370, 1129.0
764, 63.452497, 661.117815, 51.526164, 0.199500, 1371, 1189.0
765, 73.417924, 659.737737, 36.753737, 0.059743, 1367, 1712.0
766, 70.261758, 664.555372, 38.201316, 0.188295, 1370, 1061.0
767, 69.916268, 662.328181, 42.965946, 0.117068, 1370, 1085.0
768, 69.852671, 663.111522, 40.089000, 0.065333, 1368, 1057.0
769, 77.259702, 658.712374, 36.124208, 0.077990, 1376, 1062.0
770, 73.320983, 661.575477, 33.401672, 0.060371, 1367, 1065.0
771, 74.416475, 660.002450, 34.563497, 0.046322, 1374, 1102.0
772, 71.355326, 659.828941, 44.228539, 0.072747, 1371, 1198.0
773, 71.667048, 664.186119, 35.255707, 0.118085, 1374, 1061.0
774, 73.304247, 660.167936, 41.983310, 0.045841, 1368, 1054.0
775, 72.358683, 660.609423, 33.728973, 0.110684, 1365, 1064.0
776, 71.355326, 659.828941, 44.228539, 0.091079, 1369, 1057.0
777, 70.474802, 658.287211, 41.756552, 0.096263, 1371, 1099.0
778, 67.277050, 663.615095, 36.876974, 0.048162, 1376, 1079.0
779, 72.430538, 659.721970, 41.825988, 0.067930, 1371, 1059.0
780, 71.524581, 663.331050, 39.244543, 0.046110, 1367, 1066.0
781, 74.610135, 660.255416, 31.293133, 0.074720, 1380, 1063.0
782, 72.259726, 660.588862, 34.589302, 0.043304, 1367, 1055.0
783, 71.885586, 659.884542, 38.456697, 0.102607, 1364, 1091.0
784, 68.184449, 661.730574, 41.255691, 0.099761, 1382, 1066.0
785, 73.538297, 660.899871, 33.407556, 0.079003, 1377, 1229.0
786, 69.565554, 664.056133, 37.181875, 0.104262, 1381, 1201.0
787, 68.257023, 661.472477, 42.253046, 0.048928, 1378, 1703.0
788, 69.310319, 662.995752, 40.041004, 0.142383, 1378, 1067.0
789, 69.179636, 657.711262, 41.606754, 0.087257, 1369, 1095.0
790, 73.757885, 660.540420, 33.173539, 0.039625, 1369, 1072.0
791, 68.171768, 663.823371, 36.434994, 0.083286, 1370, 1062.0
792, 71.914088, 663.732210, 39.275655, 0.062865, 1370, 1422.0
793, 74.416475, 660.002450, 34.563497, 0.028348, 1371, 1092.0
794, 69.634908, 661.031227, 39.299715, 0.112227, 1364, 1282.0
795, 69.148720, 659.901562, 48.087031, 0.065572, 1367, 1057.0
796, 72.289953, 663.350303, 36.078267, 0.094294, 1375, 1061.0
797, 68.171768, 663.823371, 36.434994, 0.205442, 1373, 1074.0
798, 72.430538, 659.721970, 41.825988, 0.037800, 1371, 1373.0
799, 69.148720, 659.901562, 48.087031, 0.131016, 1377, 1437.0
800, 73.236507, 659.760789, 41.905531, 0.069054, 1370, 1094.0
801, 69.031942, 664.274888, 34.934971, 0.058615, 1376, 1086.0
802, 73.687829, 659.935635, 40.159793, 0.068986, 1366, 1055.0
803, 68.253569, 659.292270, 50.220144, 0.175416, 1369, 1202.0
804, 71.524581, 663.331050, 39.244543, 0.139642, 1372, 1116.0
805, 71.357148, 661.293736, 46.531148, 0.103438, 1374, 1062.0
806, 73.417924, 659.737737, 36.753737, 0.044544, 1368, 1511.0
807, 68.747603, 657.951186, 50.194148, 0.105253, 1368, 1060.0
808, 70.832372, 662.224280, 41.571787, 0.037849, 1371, 1094.0
809, 71.524581, 663.331050, 39.244543, 0.130969, 1379, 1089.0
810, 63.811326, 660.174821, 51.663729, 0.285650, 1374, 1127.0
811, 68.257023, 661.472477, 42.253046, 0.046419, 1372, 1261.0
812, 70.925926, 662.143258, 30.000000, 0.068211, 1380, 1105.0
813, 68.827653, 662.458915, 41.340038, 0.089241, 1372, 1728.0
814, 63.452497, 661.117815, 51.526164, 0.143261, 1370, 1060.0
815, 68.362077, 661.293833, 47.497894, 0.076184, 1372, 1303.0
816, 63.452497, 661.117815, 51.526164, 0.142691, 1370, 1224.0
817, 71.524581, 663.331050, 39.244543, 0.062878, 1370, 1108.0
818, 73.236250, 659.745130, 35.440412, 0.049211, 1372, 1059.0
819, 75.134964, 659.806036, 34.961658, 0.091032, 1369, 1056.0
820, 62.937117, 665.439975, 48.009346, 0.143808, 1373, 1098.0
821, 67.897955, 663.926425, 40.705569, 0.121067, 1371, 1063.0
822, 72.289953, 663.350303, 36.078267, 0.057716, 1371, 1057.0
823, 73.577840, 659.274144, 35.186982, 0.070333, 1369, 1148.0
824, 64.247267, 667.394609, 51.519227, 0.091862, 1365, 1057.0
825, 69.345545, 663.414991, 34.634450, 0.061646, 1368, 1068.0
826, 74.362923, 659.711824, 35.239932, 0.049575, 1372, 1072.0
827, 70.925926, 662.143258, 30.000000, 0.089228, 1379, 1066.0
828, 63.811326, 660.174821, 51.663729, 0.180720, 1373, 1063.0
829, 70.715328, 659.700057, 36.852381, 0.103200, 1378, 1108.0
830, 70.925926, 662.143258, 30.000000, 0.078469, 1375, 1070.0
831, 74.797018, 659.878660, 35.114295, 0.101601, 1368, 1059.0
832, 74.911057, 659.509379, 34.899722, 0.079723, 1371, 1058.0
833, 67.549305, 659.005777, 46.468621, 0.423772, 1365, 1076.0
834, 68.253569, 659.292270, 50.220144, 0.237359, 1371, 1061.0
835, 70.925926, 662.143258, 30.000000, 0.144557, 1373, 1130.0
836, 70.989241, 660.171291, 42.092213, 0.102463, 1369, 1057.0
837, 66.630894, 660.354606, 44.218745, 0.135334, 1363, 1070.0
838, 63.811326, 660.174821, 51.663729, 0.178596, 1379, 1067.0
839, 68.184449, 661.730574, 41.255691, 0.086636, 1367, 1058.0
840, 70.042294, 659.438620, 33.153428, 0.091375, 1370, 1096.0
841, 68.652678, 663.508914, 34.288156, 0.131209, 1366, 1073.0
842, 69.310319, 662.995752, 40.041004, 0.077892, 1377, 1066.0
843, 68.067068, 663.985694, 40.845403, 0.104601, 1376, 1247.0
844, 68.933780, 663.833976, 34.391205, 0.048869, 1375, 1059.0
845, 72.518671, 660.373605, 36.753737, 0.048845, 1366, 1108.0
846, 68.171768, 663.823371, 36.434994, 0.167549, 1367, 1057.0
847, 72.518671, 660.373605, 36.753737, 0.022176, 1369, 1055.0
848, 66.967349, 659.976038, 48.434330, 0.212178, 1370, 1079.0
849, 68.786887, 662.545556, 34.742518, 0.071677, 1367, 1067.0
850, 69.168326, 661.066538, 46.100644, 0.044338, 1366, 1072.0
851, 68.109582, 657.944782, 49.787806, 0.136126, 1370, 1093.0
852, 70.925926, 662.143258, 30.000000, 0.081076, 1367, 1728.0
853, 69.938082, 661.422033, 34.470162, 0.069557, 1373, 1635.0
854, 63.900507, 652.935313, 46.206362, 0.576979, 1374, 1184.0
855, 70.340095, 661.245933, 41.740147, 0.068995, 1374, 1693.0
856, 63.811326, 660.174821, 51.663729, 0.128145, 1368, 1378.0
857, 68.706506, 656.924973, 46.865049, 0.134253, 1369, 1267.0
858, 71.256530, 660.331205, 36.546356, 0.140595, 1373, 1160.0
859, 72.902616, 662.067749, 36.571897, 0.069525, 1375, 1229.0
860, 70.678332, 656.952301, 45.430119, 0.111130, 1378, 1080.0
861, 71.524581, 663.331050, 39.244543, 0.067518, 1369, 1137.0
862, 71.524581, 663.331050, 39.244543, 0.089256, 1375, 1087.0
863, 68.786887, 662.545556, 34.742518, 0.076887, 1369, 1464.0
864, 68.607389, 664.421081, 34.699040, 0.125088, 1373, 1063.0
865, 68.397072, 664.739461, 36.228528, 0.205964, 1368, 1069.0
866, 70.989241, 660.171291, 42.092213, 0.051180, 1367, 1071.0
867, 70.340095, 661.245933, 41.740147, 0.041958, 1371, 1186.0
868, 69.734190, 663.028344, 47.149933, 0.082410, 1374, 1063.0
869, 72.760321, 662.043636, 36.227641, 0.047369, 1372, 1220.0
870, 71.524581, 663.331050, 39.244543, 0.079052, 1370, 1056.0
871, 64.247267, 667.394609, 51.519227, 0.110700, 1375, 1061.0
872, 71.524581, 663.331050, 39.244543, 0.054148, 1370, 1069.0
873, 71.730848, 659.985691, 42.926354, 0.092669, 1368, 1054.0
874, 68.933780, 663.833976, 34.391205, 0.067698, 1380, 1066.0
875, 68.253569, 659.292270, 50.220144, 0.145370, 1363, 1349.0
876, 74.257693, 657.117625, 36.100391, 0.067727, 1367, 1082.0
877, 70.925926, 662.143258, 30.000000, 0.075315, 1373, 1077.0
878, 68.262414, 665.065112, 36.002103, 0.209900, 1368, 1073.0
879, 69.683781, 663.556186, 33.295753, 0.126001, 1378, 1063.0
880, 70.925926, 662.143258, 30.000000, 0.081104, 1368, 1056.0
881, 68.607389, 664.421081, 34.699040, 0.122767, 1370, 1097.0
882, 66.794305, 663.589608, 37.374209, 0.096955, 1375, 1072.0
883, 72.430538, 659.721970, 41.825988, 0.074332, 1367, 1226.0
884, 68.652678, 663.508914, 34.288156, 0.179720, 1376, 1065.0
885, 70.340095, 661.245933, 41.740147, 0.036269, 1373, 1657.0
886, 70.678332, 656.952301, 45.430119, 0.131349, 1373, 1076.0
887, 68.253569, 659.292270, 50.220144, 0.166148, 1368, 1060.0
888, 70.340095, 661.245933, 41.740147, 0.084417, 1366, 1055.0
889, 68.827653, 662.458915, 41.340038, 0.102377, 1371, 1070.0
890, 68.933780, 663.833976, 34.391205, 0.059338, 1368, 1058.0
891, 72.430538, 659.721970, 41.825988, 0.088844, 1372, 1061.0
892, 68.886151, 659.965875, 41.144251, 0.150817, 1370, 1060.0
893, 72.324694, 659.328295, 41.724875, 0.029459, 1369, 1095.0
894, 63.452497, 661.117815, 51.526164, 0.225434, 1365, 1065.0
895, 73.758319, 659.648201, 28.887633, 0.063346, 1364, 1053.0
896, 68.171768, 663.823371, 36.434994, 0.214699, 1374, 1735.0
897, 73.596501, 660.770792, 33.421200, 0.061612, 1368, 1768.0
898, 75.134964, 659.806036, 34.961658, 0.056179, 1363, 1737.0
899, 76.710287, 660.376769, 33.813007, 0.076243, 1376, 1059.0
900, 73.417924, 659.737737, 36.753737, 0.069408, 1376, 1112.0
901, 72.324694, 659.328295, 41.724875, 0.065105, 1372, 1060.0
902, 69.179636, 657.711262, 41.606754, 0.181002, 1368, 1414.0
903, 70.989241, 660.171291, 42.092213, 0.055661, 1364, 1376.0
904, 69.427687, 663.486410, 36.351159, 0.055008, 1375, 1236.0
905, 70.532152, 663.487750, 43.459182, 0.115297, 1373, 1786.0
906, 68.432799, 659.342964, 50.346665, 0.187072, 1374, 1646.0
907, 72.358683, 660.609423, 33.728973, 0.131031, 1368, 1371.0
908, 75.134964, 659.806036, 34.961658, 0.064930, 1369, 1052.0
909, 69.148720, 659.901562, 48.087031, 0.053297, 1370, 1057.0
910, 63.811326, 660.174821, 51.663729, 0.207470, 1368, 1184.0
911, 68.432799, 659.342964, 50.346665, 0.137245, 1368, 1060.0
912, 69.951464, 661.041388, 46.337705, 0.136297, 1373, 1060.0
913, 70.814367, 662.817287, 33.485517, 0.135271, 1381, 1104.0
914, 70.925926, 662.143258, 30.000000, 0.044949, 1380, 1064.0
915, 66.794305, 663.589608, 37.374209, 0.247541, 1377, 1157.0
916, 63.738620, 659.666453, 44.074365, 0.193761, 1374, 1077.0
917, 72.518671, 660.373605, 36.753737, 0.044528, 1371, 1057.0
918, 70.624869, 662.653778, 33.521271, 0.136642, 1377, 1081.0
919, 68.241097, 661.778804, 37.016255, 0.164880, 1364, 1371.0
920, 68.886151, 659.965875, 41.144251, 0.114798, 1370, 1258.0
921, 68.449405, 663.164746, 37.469949, 0.071771, 1375, 1060.0
922, 73.417924, 659.737737, 36.753737, 0.042368, 1369, 1068.0
923, 70.832372, 662.224280, 41.571787, 0.143951, 1367, 1055.0
924, 71.524581, 663.331050, 39.244543, 0.059106, 1369, 1071.0
925, 70.925926, 662.143258, 30.000000, 0.094801, 1371, 1096.0
926, 73.621428, 660.086668, 35.599856, 0.090009, 1377, 1064.0
927, 71.374917, 663.885249, 35.232373, 0.053676, 1374, 1072.0
928, 68.257023, 661.472477, 42.253046, 0.094952, 1375, 1061.0
929, 70.925926, 662.143258, 30.000000, 0.142502, 1373, 1060.0
930, 74.257693, 657.117625, 36.100391, 0.059522, 1372, 1055.0
931, 69.310319, 662.995752, 40.041004, 0.090777, 1370, 1088.0
932, 72.426324, 660.202590, 36.578078, 0.028179, 1368, 1406.0
933, 69.179636, 657.711262, 41.606754, 0.073710, 1370, 1295.0
934, 72.259726, 660.588862, 34.589302, 0.023080, 1376, 1089.0
935, 73.593983, 660.455193, 40.265680, 0.074158, 1363, 1054.0
936, 73.122339, 662.085742, 27.042411, 0.075019, 1372, 1058.0
937, 75.617284, 658.825967, 30.000000, 0.116668, 1375, 1181.0
938, 76.206727, 659.776451, 40.743702, 0.080202, 1370, 1056.0
939, 70.925926, 662.143258, 30.000000, 0.060260, 1372, 1068.0
940, 75.916428, 659.293257, 34.921889, 0.035540, 1368, 1071.0
941, 72.430538, 659.721970, 41.825988, 0.082639, 1366, 1057.0
942, 68.257023, 661.472477, 42.253046, 0.122248, 1371, 1069.0
943, 70.925926, 662.143258, 30.000000, 0.040145, 1372, 1098.0
944, 70.630126, 662.049894, 37.057595, 0.075212, 1373, 1060.0
945, 71.272850, 660.337686, 40.761765, 0.038871, 1363, 1053.0
946, 68.652678, 663.508914, 34.288156, 0.122156, 1375, 1064.0
947, 69.784711, 662.714892, 34.410202, 0.117927, 1371, 1065.0
948, 72.324694, 659.328295, 41.724875, 0.069244, 1379, 1065.0
949, 70.925926, 662.143258, 30.000000, 0.147610, 1379, 1066.0
950, 70.474802, 658.287211, 41.756552, 0.137948, 1364, 1054.0
951, 71.524581, 663.331050, 39.244543, 0.051053, 1375, 1093.0
952, 71.524581, 663.331050, 39.244543, 0.048753, 1367, 1062.0
953, 69.148720, 659.901562, 48.087031, 0.102561, 1371, 1060.0
954, 68.257023, 661.472477, 42.253046, 0.105746, 1375, 1064.0
955, 72.764459, 661.357263, 33.580097, 0.079747, 1375, 1063.0
956, 71.914088, 663.732210, 39.275655, 0.107232, 1371, 1060.0
957, 69.168326, 661.066538, 46.100644, 0.084598, 1371, 1140.0
958, 72.739521, 659.587074, 34.419583, 0.037239, 1371, 1103.0
959, 73.642071, 660.759324, 35.078301, 0.097789, 1373, 1174.0
960, 67.360376, 663.394683, 37.688783, 0.115109, 1372, 1060.0
961, 63.452497, 661.117815, 51.526164, 0.138028, 1364, 1054.0
962, 73.667089, 657.383609, 35.804481, 0.083716, 1371, 1067.0
963, 69.588285, 663.152779, 42.642176, 0.065747, 1368, 1057.0
964, 71.524581, 663.331050, 39.244543, 0.092482, 1372, 1063.0
965, 71.939479, 661.532210, 37.316510, 0.052074, 1370, 1059.0
966, 71.737109, 661.582917, 37.780738, 0.052522, 1368, 1278.0
967, 67.483517, 658.170402, 49.897803, 0.226222, 1378, 1618.0
968, 70.925926, 662.143258, 30.000000, 0.117992, 1373, 1108.0
969, 72.518671, 660.373605, 36.753737, 0.031454, 1368, 1055.0
970, 72.518671, 660.373605, 36.753737, 0.065960, 1365, 1054.0
971, 70.832372, 662.224280, 41.571787, 0.081227, 1373, 1095.0
972, 75.134964, 659.806036, 34.961658, 0.060359, 1373, 1059.0
973, 70.925926, 662.143258, 30.000000, 0.076125, 1376, 1195.0
974, 71.730848, 659.985691, 42.926354, 0.105847, 1364, 1113.0
975, 66.359900, 660.756310, 43.577024, 0.168361, 1371, 1502.0
976, 69.168326, 661.066538, 46.100644, 0.064417, 1372, 1661.0
977, 69.951464, 661.041388, 46.337705, 0.110233, 1374, 1730.0
978, 70.474802, 658.287211, 41.756552, 0.062526, 1368, 1520.0
979, 72.430538, 659.721970, 41.825988, 0.079460, 1365, 1361.0
980, 63.452497, 661.117815, 51.526164, 0.160550, 1367, 1080.0
981, 71.730848, 659.985691, 42.926354, 0.107279, 1365, 1063.0
982, 71.705499, 662.334655, 40.013461, 0.139905, 1369, 1534.0
983, 69.310319, 662.995752, 40.041004, 0.056439, 1380, 1085.0
984, 63.811326, 660.174821, 51.663729, 0.156430, 1371, 1061.0
985, 63.811326, 660.174821, 51.663729, 0.120297, 1375, 1617.0
986, 72.443219, 660.765223, 33.697957, 0.074653, 1376, 1644.0
987, 68.432799, 659.342964, 50.346665, 0.175588, 1365, 1589.0
988, 72.358683, 660.609423, 33.728973, 0.092452, 1369, 1076.0
989, 69.031942, 664.274888, 34.934971, 0.089482, 1377, 1063.0
990, 67.483517, 658.170402, 49.897803, 0.148174, 1362, 1063.0
991, 69.148720, 659.901562, 48.087031, 0.089818, 1365, 1072.0
992, 72.057177, 660.252572, 36.231800, 0.065723, 1375, 1091.0
993, 71.667048, 664.186119, 35.255707, 0.101736, 1374, 1098.0
994, 72.289953, 663.350303, 36.078267, 0.138074, 1369, 1057.0
995, 69.565554, 664.056133, 37.181875, 0.078653, 1373, 1077.0
996, 74.629630, 661.619475, 30.000000, 0.069165, 1374, 1057.0
997, 72.497228, 662.285607, 35.791270, 0.077798, 1373, 1164.0
998, 68.067068, 663.985694, 40.845403, 0.100475, 1377, 1075.0
999, 67.835883, 662.033630, 37.343759, 0.073203, 1370, 1059.0
