#idx, x0, x1, x2, y, f_neval, total_time (us), 
0, 68.453544, 665.520316, 38.379453, 0.108602, 2455, 2051.0
1, 72.444731, 660.186729, 44.873203, 0.102994, 2440, 1939.0
2, 75.453903, 661.055099, 34.981272, 0.043114, 2453, 1857.0
3, 71.309446, 661.055184, 38.608408, 0.079258, 2458, 1871.0
4, 71.054006, 662.449885, 38.718502, 0.107849, 2449, 2266.0
5, 76.069717, 661.009112, 28.033348, 0.034492, 2456, 1876.0
6, 69.371781, 661.559650, 44.076672, 0.085500, 2460, 1876.0
7, 74.811759, 659.616710, 43.753646, 0.081901, 2448, 1865.0
8, 69.219517, 662.086763, 42.063112, 0.136490, 2462, 1876.0
9, 70.808549, 661.837407, 39.613967, 0.070620, 2457, 1865.0
10, 74.011442, 659.951795, 38.185808, 0.086337, 2452, 1863.0
11, 78.413807, 660.296908, 30.538250, 0.082134, 2455, 1860.0
12, 74.610663, 660.454639, 37.243984, 0.063046, 2451, 1867.0
13, 77.018494, 659.630792, 31.140802, 0.053162, 2462, 1909.0
14, 74.600442, 660.256246, 37.659213, 0.052176, 2451, 1863.0
15, 73.292032, 660.912357, 35.799992, 0.044701, 2456, 1862.0
16, 75.036767, 660.329686, 31.478499, 0.045433, 2454, 1941.0
17, 76.219929, 660.550213, 29.504843, 0.038748, 2457, 1857.0
18, 74.600405, 659.614262, 35.957502, 0.035500, 2446, 1902.0
19, 76.442163, 660.818756, 35.326480, 0.088679, 2458, 1873.0
20, 75.940705, 659.718900, 33.451321, 0.074735, 2459, 1864.0
21, 74.949727, 661.038454, 28.808630, 0.066343, 2459, 1869.0
22, 69.589651, 661.124999, 38.402647, 0.107599, 2458, 1863.0
23, 72.245082, 660.082887, 41.716205, 0.069909, 2455, 1864.0
24, 70.632680, 661.574816, 41.103952, 0.086944, 2451, 1867.0
25, 74.663149, 659.349677, 36.951507, 0.060865, 2452, 1920.0
26, 69.390089, 660.879155, 42.164798, 0.194686, 2453, 1858.0
27, 67.849897, 661.889120, 44.522445, 0.149362, 2457, 1855.0
28, 71.560343, 660.791557, 38.274619, 0.073599, 2464, 1868.0
29, 72.844483, 660.340382, 42.169391, 0.075321, 2456, 1870.0
30, 72.691562, 660.201197, 38.028422, 0.062544, 2459, 1866.0
31, 68.736687, 661.889958, 43.995326, 0.137270, 2453, 1934.0
32, 78.264737, 658.522167, 32.201699, 0.057384, 2450, 1877.0
33, 75.288442, 658.681971, 35.099065, 0.045192, 2454, 1867.0
34, 72.060312, 660.412043, 43.296260, 0.069345, 2462, 1874.0
35, 71.940006, 663.154433, 37.582180, 0.040991, 2464, 1872.0
36, 67.026331, 658.556519, 47.271756, 0.174163, 2463, 1924.0
37, 72.719917, 659.724606, 41.068371, 0.037606, 2448, 1866.0
38, 70.185649, 659.823583, 48.190376, 0.062463, 2455, 1869.0
39, 73.024906, 659.992511, 33.782657, 0.066643, 2459, 1888.0
40, 67.047187, 661.726848, 44.683496, 0.076353, 2460, 1868.0
41, 70.573078, 662.833344, 37.163155, 0.071944, 2466, 1868.0
42, 69.786315, 663.559956, 35.048876, 0.101871, 2458, 1869.0
43, 72.394278, 660.135932, 43.639799, 0.072423, 2463, 1929.0
44, 70.768371, 662.290882, 40.305553, 0.075969, 2460, 1935.0
45, 72.047632, 660.481101, 37.112250, 0.041926, 2455, 1872.0
46, 69.994255, 661.028715, 43.046578, 0.146815, 2458, 1864.0
47, 77.799486, 659.125593, 32.392519, 0.074068, 2457, 2004.0
48, 72.638681, 660.973635, 40.608396, 0.053053, 2460, 1870.0
49, 77.717425, 658.550379, 31.102841, 0.021814, 2454, 1910.0
50, 68.267913, 661.756184, 40.470146, 0.165241, 2454, 1873.0
51, 70.862970, 659.651056, 42.401629, 0.139427, 2451, 1939.0
52, 69.579306, 662.056424, 37.532349, 0.062144, 2460, 1869.0
53, 71.894046, 660.996397, 38.599741, 0.047807, 2457, 1917.0
54, 75.387998, 659.989839, 31.986277, 0.041932, 2451, 1862.0
55, 70.169211, 660.207398, 43.275254, 0.077849, 2456, 1932.0
56, 70.696319, 663.573773, 43.375016, 0.078656, 2459, 1869.0
57, 66.506719, 660.770546, 45.892172, 0.223823, 2456, 1942.0
58, 70.061010, 660.627857, 44.691632, 0.121812, 2455, 1869.0
59, 73.062974, 660.191916, 36.105470, 0.037366, 2453, 1937.0
60, 73.637150, 660.699815, 36.833253, 0.062154, 2450, 1868.0
61, 75.092372, 660.514766, 30.545354, 0.035424, 2457, 1863.0
62, 68.449405, 663.164746, 37.469949, 0.066806, 2462, 1876.0
63, 77.106755, 659.232400, 29.046448, 0.073076, 2462, 1917.0
64, 72.591985, 659.528520, 46.615812, 0.143477, 2441, 1857.0
65, 70.919784, 660.015090, 39.211044, 0.070920, 2450, 1863.0
66, 68.400131, 660.494348, 43.130110, 0.078761, 2461, 1918.0
67, 73.799814, 659.992808, 35.915162, 0.025456, 2456, 1979.0
68, 68.454088, 660.104933, 46.969154, 0.071731, 2452, 1872.0
69, 67.693394, 662.236927, 40.905413, 0.085576, 2456, 1867.0
70, 67.328365, 660.847747, 44.380135, 0.109648, 2455, 1873.0
71, 73.265440, 659.869041, 40.654317, 0.062482, 2443, 1918.0
72, 70.501719, 664.276669, 38.458767, 0.084222, 2463, 1857.0
73, 68.465222, 661.371484, 44.640072, 0.042351, 2455, 1868.0
74, 69.579306, 662.056424, 37.532349, 0.066525, 2458, 1861.0
75, 72.392717, 660.049803, 37.744509, 0.033261, 2455, 1996.0
76, 69.076265, 664.308084, 33.208495, 0.095940, 2469, 1878.0
77, 66.069125, 662.087593, 43.078396, 0.115678, 2461, 1874.0
78, 75.607502, 659.289150, 38.012317, 0.035820, 2448, 1868.0
79, 71.360849, 660.231237, 42.523557, 0.140629, 2447, 1914.0
80, 70.392019, 661.128662, 39.312768, 0.029931, 2458, 1865.0
81, 70.490365, 661.645129, 38.395146, 0.039762, 2455, 1911.0
82, 67.735734, 662.132995, 44.131546, 0.107221, 2454, 2944.0
83, 68.941480, 662.275338, 39.757318, 0.061164, 2461, 1876.0
84, 69.027453, 660.232500, 43.018038, 0.121342, 2446, 1862.0
85, 67.687724, 661.213613, 44.513802, 0.112624, 2455, 2411.0
86, 74.700107, 660.968144, 33.378017, 0.032591, 2450, 2166.0
87, 68.617712, 661.961959, 42.297876, 0.078975, 2456, 1873.0
88, 64.745445, 666.230080, 39.226117, 0.216251, 2457, 1870.0
89, 71.979681, 661.137550, 39.279018, 0.051736, 2448, 1919.0
90, 68.665424, 660.153896, 45.644919, 0.060586, 2459, 2591.0
91, 71.242268, 661.230716, 36.893987, 0.053501, 2454, 3136.0
92, 71.991571, 662.397200, 40.664073, 0.049597, 2459, 3128.0
93, 70.450148, 660.763590, 43.751662, 0.043910, 2449, 1876.0
94, 70.936554, 660.627793, 45.197282, 0.058527, 2460, 1874.0
95, 75.448875, 660.544372, 31.031253, 0.051001, 2454, 1953.0
96, 71.528173, 660.199980, 38.443323, 0.030740, 2458, 2064.0
97, 70.948314, 661.171027, 43.254103, 0.044148, 2461, 1959.0
98, 73.404114, 660.343865, 37.220475, 0.044908, 2455, 1867.0
99, 70.739125, 662.410614, 39.479978, 0.044755, 2453, 1846.0
100, 69.854624, 660.896332, 46.488568, 0.048053, 2457, 1994.0
101, 69.590466, 662.823838, 45.209284, 0.146444, 2461, 3111.0
102, 68.213639, 661.114073, 44.351750, 0.080352, 2463, 2493.0
103, 67.179620, 661.434885, 44.048178, 0.049625, 2462, 2232.0
104, 68.131290, 660.800254, 40.600579, 0.127491, 2457, 1905.0
105, 69.922402, 661.763283, 36.572465, 0.076829, 2454, 1867.0
106, 68.106522, 659.238112, 43.394704, 0.085826, 2462, 1934.0
107, 75.157809, 657.780932, 42.669618, 0.077721, 2429, 2976.0
108, 69.257901, 661.889505, 41.007796, 0.057452, 2464, 2297.0
109, 66.775738, 661.247326, 44.049571, 0.157871, 2464, 2951.0
110, 72.801222, 660.513584, 39.516261, 0.078068, 2456, 2924.0
111, 72.075078, 661.545181, 35.334196, 0.062806, 2453, 2951.0
112, 75.981599, 659.366577, 31.296065, 0.037897, 2456, 2888.0
113, 68.676923, 661.309944, 44.400564, 0.079278, 2455, 2232.0
114, 69.831187, 660.876867, 44.273915, 0.077942, 2457, 1866.0
115, 73.597271, 661.640058, 32.159009, 0.029141, 2455, 2238.0
116, 73.205851, 659.623510, 35.741672, 0.042069, 2449, 1872.0
117, 71.882919, 660.567728, 44.958459, 0.047855, 2462, 1872.0
118, 69.964012, 663.029522, 40.311488, 0.062021, 2458, 2700.0
119, 73.177478, 658.573958, 40.391520, 0.029592, 2453, 2149.0
120, 68.439214, 662.299016, 39.527790, 0.064126, 2459, 1866.0
121, 66.089273, 662.632715, 43.427781, 0.188377, 2454, 1876.0
122, 77.120299, 659.841046, 31.312085, 0.077312, 2456, 2766.0
123, 69.992882, 662.826827, 43.000942, 0.033975, 2459, 2566.0
124, 74.027157, 658.749070, 36.154082, 0.033924, 2455, 2276.0
125, 71.332269, 659.272354, 44.076878, 0.053388, 2457, 1923.0
126, 68.253557, 659.208788, 42.228463, 0.052124, 2461, 2204.0
127, 68.149890, 661.555520, 40.497580, 0.080214, 2457, 2625.0
128, 68.721953, 659.568065, 43.423945, 0.144803, 2455, 2690.0
129, 70.842259, 661.723347, 41.030529, 0.123793, 2460, 1866.0
130, 69.997811, 664.463535, 36.777664, 0.079963, 2465, 1913.0
131, 66.844619, 664.844283, 42.403510, 0.124372, 2463, 1869.0
132, 74.372774, 657.769497, 39.200119, 0.036555, 2449, 1927.0
133, 70.754190, 659.658095, 42.562271, 0.075834, 2454, 2072.0
134, 71.522321, 662.535007, 36.395895, 0.034702, 2466, 1882.0
135, 70.992088, 662.464332, 35.976874, 0.064322, 2454, 1859.0
136, 67.655325, 660.075608, 45.951028, 0.237576, 2455, 2124.0
137, 68.529364, 659.783347, 48.918047, 0.166696, 2457, 1869.0
138, 66.270648, 661.504461, 42.076402, 0.239573, 2463, 1879.0
139, 70.636453, 662.245366, 41.369342, 0.129480, 2464, 2053.0
140, 67.451250, 661.613493, 43.832005, 0.091866, 2465, 1943.0
141, 68.941480, 662.275338, 39.757318, 0.075376, 2456, 1871.0
142, 74.717642, 660.079884, 36.660782, 0.072344, 2460, 1869.0
143, 77.100585, 659.599420, 31.879869, 0.058586, 2464, 1890.0
144, 72.109735, 662.272127, 40.502164, 0.095262, 2458, 2149.0
145, 72.135751, 659.896367, 42.095788, 0.094155, 2455, 1869.0
146, 71.429341, 661.406733, 37.253487, 0.070380, 2453, 1924.0
147, 79.417031, 659.885341, 25.277824, 0.050876, 2455, 1859.0
148, 73.315791, 661.355613, 32.878658, 0.053638, 2454, 1997.0
149, 71.384544, 662.826435, 42.205805, 0.122198, 2463, 1876.0
150, 70.739125, 662.410614, 39.479978, 0.048075, 2458, 2490.0
151, 70.562455, 661.396589, 42.199380, 0.094819, 2451, 2523.0
152, 72.063494, 661.519920, 41.289480, 0.146132, 2457, 3113.0
153, 69.801934, 660.856374, 45.215673, 0.241969, 2454, 1879.0
154, 68.981913, 659.499455, 45.528013, 0.115685, 2470, 2148.0
155, 68.644441, 663.094149, 44.699499, 0.180312, 2467, 2746.0
156, 67.812210, 660.202715, 45.797520, 0.100839, 2463, 2570.0
157, 72.691554, 661.379518, 35.812503, 0.010135, 2461, 1854.0
158, 73.317959, 660.607456, 38.911679, 0.035576, 2450, 2045.0
159, 70.173145, 661.128643, 44.457645, 0.072544, 2460, 2002.0
160, 70.440342, 661.759780, 43.152512, 0.103729, 2446, 1904.0
161, 68.083300, 664.185938, 41.243066, 0.242165, 2461, 1871.0
162, 69.064281, 662.549406, 43.283511, 0.155353, 2459, 1974.0
163, 66.990441, 661.172839, 44.374918, 0.109664, 2457, 1868.0
164, 72.420997, 659.969742, 40.658603, 0.034687, 2448, 1995.0
165, 71.594167, 661.355190, 41.307470, 0.075622, 2455, 1881.0
166, 70.705405, 661.250870, 40.930326, 0.111401, 2450, 2903.0
167, 66.085384, 660.525359, 44.245403, 0.232673, 2459, 1868.0
168, 74.375670, 661.956992, 30.836928, 0.044597, 2460, 1875.0
169, 75.256704, 659.549459, 36.492186, 0.038211, 2454, 1952.0
170, 71.008147, 660.901691, 40.325281, 0.058812, 2458, 2493.0
171, 71.190029, 660.476413, 41.501106, 0.066930, 2455, 3109.0
172, 72.940860, 660.913895, 38.276370, 0.042724, 2460, 3138.0
173, 73.984565, 660.530050, 38.629302, 0.055908, 2449, 3072.0
174, 68.823147, 662.522766, 44.349536, 0.111298, 2463, 3177.0
175, 66.731553, 665.851366, 39.709414, 0.115119, 2458, 3170.0
176, 66.192014, 661.571701, 45.741648, 0.213030, 2470, 3149.0
177, 71.736418, 662.440491, 40.491573, 0.084801, 2455, 3160.0
178, 68.353821, 658.128777, 47.126136, 0.158578, 2461, 3158.0
179, 71.565280, 660.134959, 42.032375, 0.053665, 2457, 3112.0
180, 75.456749, 659.920146, 36.668347, 0.059780, 2450, 3069.0
181, 72.996502, 659.575475, 37.110904, 0.036951, 2462, 2426.0
182, 69.328421, 661.350592, 42.610047, 0.070755, 2467, 1993.0
183, 67.321589, 663.633921, 40.120067, 0.120997, 2455, 2171.0
184, 72.115939, 661.592622, 38.231566, 0.075006, 2465, 2213.0
185, 69.757303, 662.827719, 38.742368, 0.043450, 2458, 1909.0
186, 71.574277, 659.521137, 40.580244, 0.052538, 2452, 1932.0
187, 66.067511, 660.945256, 46.261044, 0.105598, 2462, 1883.0
188, 67.043093, 663.806770, 39.925827, 0.139083, 2459, 2026.0
189, 72.044595, 661.968172, 34.650575, 0.036218, 2466, 1943.0
190, 68.622806, 661.947038, 42.312722, 0.125503, 2459, 2383.0
191, 72.070808, 660.174991, 39.956143, 0.038071, 2451, 2299.0
192, 73.742712, 661.189473, 33.313901, 0.049468, 2448, 2868.0
193, 71.240669, 663.186244, 36.356667, 0.044501, 2453, 1940.0
194, 73.890999, 660.744053, 33.002614, 0.041452, 2445, 1864.0
195, 73.657247, 661.238172, 39.967343, 0.100261, 2454, 1980.0
196, 69.524764, 662.201300, 42.076932, 0.050434, 2461, 1936.0
197, 67.792750, 662.555199, 37.572318, 0.118131, 2465, 1883.0
198, 74.616945, 659.377252, 32.557665, 0.057496, 2457, 1871.0
199, 73.646553, 661.480180, 33.117033, 0.066032, 2452, 1875.0
200, 72.790198, 659.767183, 40.594004, 0.098637, 2456, 2657.0
201, 69.128163, 662.027015, 39.832079, 0.058441, 2467, 2820.0
202, 68.446244, 664.123823, 37.300707, 0.040911, 2456, 2870.0
203, 78.826865, 658.039392, 37.354122, 0.078425, 2444, 2287.0
204, 71.217407, 661.733862, 39.968574, 0.035034, 2454, 1860.0
205, 74.780641, 659.972602, 37.647799, 0.121627, 2457, 1878.0
206, 72.475988, 661.624300, 33.467524, 0.058950, 2464, 2175.0
207, 67.399074, 663.097022, 41.833520, 0.117100, 2458, 1945.0
208, 66.993640, 661.337746, 45.856197, 0.050387, 2460, 1882.0
209, 72.881091, 661.329825, 40.021394, 0.055645, 2459, 1966.0
210, 71.548376, 662.995475, 38.623878, 0.042378, 2465, 1966.0
211, 71.460129, 663.035654, 34.180927, 0.042659, 2461, 1867.0
212, 70.564850, 662.083888, 42.570737, 0.069038, 2451, 1859.0
213, 70.978619, 663.648813, 37.869395, 0.035607, 2461, 1891.0
214, 72.937423, 659.531156, 37.407702, 0.096874, 2450, 1947.0
215, 73.917493, 660.356595, 39.818089, 0.118981, 2455, 1922.0
216, 69.361052, 661.303212, 43.216741, 0.131624, 2450, 1889.0
217, 70.393053, 662.511000, 39.750250, 0.031638, 2465, 2376.0
218, 74.793776, 659.756909, 32.267628, 0.042207, 2451, 3268.0
219, 76.197295, 660.001364, 35.332007, 0.072606, 2453, 2861.0
220, 72.929042, 662.025445, 34.632353, 0.026272, 2455, 2603.0
221, 75.707607, 660.081062, 37.545367, 0.103396, 2455, 1883.0
222, 75.733780, 658.576749, 43.412128, 0.129335, 2432, 2327.0
223, 69.953486, 661.770054, 43.481011, 0.112268, 2454, 1858.0
224, 68.387534, 662.544131, 37.931306, 0.043156, 2460, 2157.0
225, 67.985631, 662.277038, 42.965904, 0.127714, 2456, 1879.0
226, 74.292912, 661.273617, 29.543996, 0.058675, 2460, 1859.0
227, 71.450744, 660.736531, 35.929000, 0.057313, 2461, 2095.0
228, 69.757673, 660.483497, 43.465857, 0.086457, 2455, 1905.0
229, 71.003691, 662.347878, 39.547565, 0.040442, 2457, 2208.0
230, 71.411836, 660.662884, 39.934270, 0.033073, 2460, 2315.0
231, 76.822461, 661.630827, 32.313586, 0.106907, 2445, 2020.0
232, 71.082362, 662.550221, 37.518670, 0.095062, 2459, 1860.0
233, 67.911100, 663.029763, 38.889478, 0.051987, 2468, 1881.0
234, 67.944129, 662.317304, 42.673643, 0.108765, 2459, 1933.0
235, 71.343393, 659.861569, 40.967501, 0.080954, 2454, 1978.0
236, 74.182381, 660.979210, 38.927313, 0.066528, 2453, 2401.0
237, 69.112802, 662.962445, 41.972102, 0.076878, 2460, 1871.0
238, 73.888825, 660.289396, 34.642954, 0.041419, 2456, 1859.0
239, 74.374302, 661.235887, 40.620752, 0.050786, 2439, 1944.0
240, 74.707041, 659.591540, 36.202989, 0.022239, 2459, 1867.0
241, 70.374576, 658.852407, 45.633655, 0.160687, 2447, 1894.0
242, 69.215893, 660.508502, 44.634406, 0.068839, 2458, 1902.0
243, 71.666097, 661.450082, 35.811266, 0.045152, 2461, 2365.0
244, 70.503647, 659.243867, 42.528020, 0.046592, 2458, 1862.0
245, 72.742462, 659.677285, 38.119323, 0.055185, 2460, 1894.0
246, 74.023900, 659.305790, 39.414230, 0.054970, 2446, 1854.0
247, 72.811555, 659.654901, 41.188522, 0.014140, 2455, 2007.0
248, 67.500558, 663.089970, 44.109194, 0.180244, 2458, 1909.0
249, 69.510509, 659.978812, 44.649487, 0.174761, 2453, 1859.0
250, 69.204519, 663.613633, 37.955386, 0.031007, 2459, 1877.0
251, 70.872621, 660.436833, 40.558321, 0.163037, 2458, 1934.0
252, 74.304659, 660.551510, 36.331010, 0.063115, 2451, 1867.0
253, 72.670456, 659.568324, 34.887043, 0.031806, 2457, 1936.0
254, 71.881742, 660.945722, 36.674056, 0.070052, 2460, 1900.0
255, 71.384013, 661.326659, 34.537415, 0.046820, 2454, 2083.0
256, 74.136701, 659.604946, 38.704967, 0.057109, 2449, 1870.0
257, 72.926408, 660.009482, 40.238267, 0.083393, 2452, 1864.0
258, 69.182674, 662.452505, 41.160143, 0.041316, 2456, 1924.0
259, 69.000321, 661.160060, 41.457929, 0.171253, 2452, 1959.0
260, 70.528809, 662.207934, 37.966105, 0.133088, 2456, 1860.0
261, 68.858681, 661.356922, 44.643720, 0.090733, 2459, 1897.0
262, 76.525260, 658.832131, 30.935375, 0.059007, 2458, 1902.0
263, 67.682368, 659.188456, 46.532640, 0.209449, 2456, 2143.0
264, 75.362828, 659.789660, 29.055767, 0.074149, 2461, 2979.0
265, 74.091592, 659.896532, 30.077800, 0.014126, 2455, 2920.0
266, 69.629207, 659.670644, 45.545540, 0.063532, 2454, 2663.0
267, 72.311987, 660.223489, 36.818577, 0.032612, 2452, 3050.0
268, 72.061194, 661.691916, 36.316680, 0.076087, 2450, 3270.0
269, 70.975206, 660.097731, 41.739516, 0.108106, 2454, 3000.0
270, 76.354881, 658.671996, 33.300209, 0.046275, 2449, 2995.0
271, 73.717823, 662.965163, 37.329793, 0.054851, 2450, 2968.0
272, 70.962650, 660.980694, 39.297322, 0.030927, 2463, 3066.0
273, 69.386297, 660.465558, 45.133144, 0.123326, 2454, 3006.0
274, 78.020504, 661.091484, 22.409296, 0.062871, 2456, 3059.0
275, 75.338078, 659.810182, 36.642820, 0.076355, 2452, 2917.0
276, 76.788842, 658.956223, 33.222947, 0.042267, 2453, 2260.0
277, 74.055513, 661.097826, 38.677325, 0.064530, 2463, 2976.0
278, 73.476544, 661.564253, 35.153223, 0.090930, 2451, 3002.0
279, 69.386297, 660.465558, 45.133144, 0.097690, 2458, 2936.0
280, 73.923651, 659.412404, 37.130867, 0.059750, 2454, 2485.0
281, 71.832345, 662.171514, 37.089290, 0.037311, 2459, 1873.0
282, 70.508883, 658.159199, 45.667495, 0.118277, 2444, 1996.0
283, 77.148023, 659.397418, 33.010962, 0.068299, 2457, 2051.0
284, 74.423015, 662.486112, 31.903145, 0.067438, 2464, 2642.0
285, 68.947336, 657.659424, 46.227886, 0.362685, 2458, 2891.0
286, 70.021224, 662.883886, 40.502622, 0.041194, 2460, 2825.0
287, 67.005167, 661.634674, 44.676382, 0.110958, 2464, 2047.0
288, 71.308630, 659.857569, 40.710996, 0.060316, 2455, 2044.0
289, 69.513976, 662.112020, 40.430043, 0.073087, 2470, 2166.0
290, 69.134426, 661.683666, 44.204575, 0.163855, 2460, 2181.0
291, 68.924414, 662.379407, 42.481438, 0.063942, 2462, 1911.0
292, 71.751831, 661.813458, 41.567075, 0.074112, 2463, 1874.0
293, 70.517627, 662.331933, 37.888729, 0.099129, 2454, 2823.0
294, 70.834353, 662.430779, 42.570055, 0.096206, 2461, 1867.0
295, 68.470018, 660.600815, 44.962727, 0.153341, 2459, 2207.0
296, 72.655816, 660.497750, 38.086262, 0.032966, 2457, 2008.0
297, 71.221576, 661.265054, 39.424219, 0.038851, 2457, 1883.0
298, 67.437082, 661.190398, 42.840368, 0.134527, 2465, 1925.0
299, 72.557548, 660.192024, 41.509765, 0.118360, 2452, 1878.0
300, 72.033370, 662.505198, 37.512220, 0.047428, 2456, 2131.0
301, 72.471146, 661.330399, 36.323020, 0.035014, 2458, 2181.0
302, 71.315058, 661.578068, 32.729930, 0.065309, 2456, 2101.0
303, 72.686856, 661.644700, 35.838493, 0.062052, 2455, 2812.0
304, 72.914164, 662.918126, 30.754146, 0.062315, 2455, 2862.0
305, 75.062988, 659.750561, 32.813769, 0.044698, 2453, 1923.0
306, 71.129527, 659.803975, 43.111564, 0.080496, 2452, 1865.0
307, 75.041495, 660.847953, 27.351395, 0.055925, 2446, 2292.0
308, 71.767584, 660.691076, 37.901425, 0.061453, 2455, 1867.0
309, 74.085022, 660.362134, 38.112725, 0.052185, 2455, 1955.0
310, 70.042002, 661.263277, 42.354416, 0.041270, 2459, 1872.0
311, 68.951957, 662.960093, 38.838145, 0.078855, 2459, 1877.0
312, 76.031570, 661.046867, 29.799609, 0.065926, 2457, 1867.0
313, 70.984536, 661.231465, 42.751873, 0.056545, 2462, 2620.0
314, 73.684126, 662.206335, 36.964955, 0.065879, 2456, 1930.0
315, 74.534549, 659.982286, 35.335871, 0.046754, 2458, 1958.0
316, 78.156687, 659.273186, 35.840186, 0.139724, 2446, 1858.0
317, 74.398662, 661.072523, 32.502985, 0.028048, 2459, 1875.0
318, 69.503771, 665.314017, 39.025200, 0.123128, 2464, 1934.0
319, 72.978205, 661.831145, 32.970601, 0.044428, 2461, 2015.0
320, 73.282683, 662.973064, 31.602999, 0.061441, 2452, 2183.0
321, 71.850675, 662.304039, 37.000984, 0.050628, 2464, 1961.0
322, 68.804658, 664.516938, 38.397261, 0.072584, 2452, 1857.0
323, 77.302087, 662.851591, 26.768401, 0.097252, 2460, 1912.0
324, 73.653598, 661.139951, 34.519073, 0.035495, 2457, 1953.0
325, 75.220081, 660.642158, 30.877735, 0.018738, 2456, 1862.0
326, 76.115477, 659.830614, 37.573131, 0.103867, 2445, 2463.0
327, 71.503591, 663.695431, 37.702237, 0.073387, 2465, 1870.0
328, 73.537907, 659.885468, 41.070431, 0.052881, 2444, 2096.0
329, 66.667679, 661.315904, 43.966578, 0.055107, 2463, 2031.0
330, 70.752266, 662.338238, 40.392604, 0.048841, 2450, 1862.0
331, 69.247557, 661.117051, 43.539595, 0.135173, 2450, 1858.0
332, 70.974800, 660.990558, 39.303623, 0.062656, 2452, 2747.0
333, 69.622161, 662.032975, 40.436886, 0.099857, 2464, 1923.0
334, 71.653110, 659.871878, 42.250114, 0.077316, 2451, 1971.0
335, 70.003318, 660.194406, 46.072812, 0.113461, 2447, 1959.0
336, 66.261178, 663.045643, 43.411628, 0.135439, 2470, 1882.0
337, 70.993104, 662.639623, 38.703891, 0.061406, 2461, 1927.0
338, 70.500679, 659.653986, 40.509223, 0.062229, 2454, 1922.0
339, 73.733170, 661.057422, 39.160725, 0.059427, 2458, 2420.0
340, 69.295876, 661.458533, 44.669593, 0.067686, 2461, 1869.0
341, 71.142677, 661.096834, 35.019012, 0.044418, 2465, 1978.0
342, 70.745718, 660.526695, 41.213654, 0.075355, 2452, 1879.0
343, 71.161563, 662.665180, 40.374588, 0.039613, 2453, 1935.0
344, 70.134751, 661.341474, 42.056241, 0.153413, 2461, 2052.0
345, 73.923676, 662.333071, 30.281262, 0.070795, 2465, 1960.0
346, 69.131258, 658.415872, 48.341735, 0.161626, 2462, 1892.0
347, 72.879950, 659.510235, 39.193770, 0.063172, 2448, 1969.0
348, 69.497767, 660.957925, 45.586587, 0.136768, 2456, 1882.0
349, 68.449405, 663.164746, 37.469949, 0.060887, 2464, 1875.0
350, 77.522635, 660.473864, 31.426776, 0.089683, 2454, 1859.0
351, 67.942657, 661.036022, 45.176763, 0.224543, 2458, 2233.0
352, 70.263237, 663.010902, 37.701959, 0.070345, 2460, 1878.0
353, 71.042162, 660.948128, 41.085168, 0.065127, 2452, 1860.0
354, 73.132984, 662.299414, 37.204314, 0.068971, 2457, 1908.0
355, 71.201496, 661.797871, 38.488901, 0.055712, 2452, 1864.0
356, 72.595307, 661.935076, 33.399372, 0.057363, 2468, 1871.0
357, 69.339000, 662.145739, 40.176161, 0.133287, 2457, 1919.0
358, 66.303721, 660.872806, 44.380025, 0.101346, 2459, 2082.0
359, 74.796026, 660.217769, 35.808767, 0.064511, 2454, 1865.0
360, 71.242886, 662.674652, 40.062009, 0.097278, 2467, 2060.0
361, 71.683048, 659.980735, 39.705926, 0.029462, 2459, 1865.0
362, 71.984327, 663.122346, 30.954160, 0.043028, 2464, 1927.0
363, 72.841948, 661.702310, 38.145965, 0.016786, 2460, 1891.0
364, 73.468041, 660.614204, 37.726092, 0.042853, 2454, 1891.0
365, 72.575149, 660.799412, 36.855130, 0.023898, 2444, 1941.0
366, 68.694887, 661.545820, 41.582117, 0.063337, 2465, 2075.0
367, 72.669599, 662.792714, 28.544060, 0.025496, 2463, 1868.0
368, 73.828460, 660.189715, 37.815270, 0.039452, 2450, 1875.0
369, 73.127190, 660.907550, 36.613768, 0.058444, 2463, 1890.0
370, 73.649756, 660.789149, 44.013382, 0.064933, 2457, 1980.0
371, 75.342008, 661.552132, 37.123470, 0.079781, 2451, 1917.0
372, 73.556274, 661.417250, 33.494279, 0.056031, 2460, 1950.0
373, 73.201821, 660.064898, 39.982686, 0.064410, 2453, 1953.0
374, 69.820744, 662.475277, 42.058396, 0.195764, 2451, 1934.0
375, 72.868411, 660.906173, 38.000208, 0.055639, 2456, 1863.0
376, 72.262397, 660.820442, 38.027199, 0.043292, 2456, 1920.0
377, 71.518652, 663.052911, 37.895536, 0.104578, 2462, 1888.0
378, 70.736307, 661.363349, 39.772743, 0.074092, 2461, 1864.0
379, 70.688643, 662.802220, 38.714259, 0.061266, 2458, 1895.0
380, 75.495712, 659.790913, 38.094924, 0.058269, 2451, 1951.0
381, 72.147779, 662.657940, 34.498352, 0.089674, 2459, 1859.0
382, 73.366884, 660.518301, 37.747294, 0.020697, 2454, 1955.0
383, 76.221093, 661.344398, 26.045312, 0.033705, 2457, 1860.0
384, 71.550012, 660.598042, 42.533577, 0.136691, 2450, 1977.0
385, 70.490778, 662.647982, 41.911326, 0.084537, 2455, 1885.0
386, 74.764390, 659.975906, 39.184268, 0.070953, 2451, 1869.0
387, 68.624866, 661.056933, 40.640560, 0.142359, 2461, 1880.0
388, 70.268377, 661.771931, 40.704651, 0.071736, 2456, 1931.0
389, 69.277627, 659.786861, 46.237882, 0.112523, 2465, 2469.0
390, 76.976282, 659.305948, 35.412314, 0.088128, 2461, 1895.0
391, 76.091938, 661.715754, 37.620210, 0.136052, 2447, 1923.0
392, 72.311410, 659.982545, 40.508826, 0.063512, 2453, 1942.0
393, 73.720461, 660.711639, 37.736508, 0.055280, 2451, 2205.0
394, 71.308718, 659.289181, 44.167125, 0.098741, 2457, 1868.0
395, 78.114776, 658.339441, 35.179204, 0.083120, 2448, 1871.0
396, 74.197505, 660.627389, 38.301171, 0.044313, 2457, 1957.0
397, 72.233465, 661.825329, 38.255055, 0.029049, 2457, 1955.0
398, 73.289826, 660.511118, 37.741444, 0.043599, 2458, 1949.0
399, 76.250851, 659.890342, 35.716292, 0.078868, 2451, 1858.0
400, 71.180787, 660.379235, 42.706661, 0.109005, 2454, 1981.0
401, 69.538274, 662.185671, 39.628469, 0.062364, 2457, 1989.0
402, 70.340095, 661.245933, 41.740147, 0.109251, 2448, 1857.0
403, 73.024721, 661.544724, 39.113593, 0.031761, 2461, 1893.0
404, 69.906700, 661.858960, 43.457218, 0.055201, 2461, 2027.0
405, 74.568021, 661.021174, 33.340714, 0.037087, 2452, 1859.0
406, 73.751272, 662.758289, 31.800093, 0.044191, 2465, 2046.0
407, 74.703277, 660.908086, 36.633121, 0.059780, 2454, 1886.0
408, 74.305132, 660.224093, 32.742678, 0.057005, 2452, 1963.0
409, 75.453948, 662.640456, 28.822542, 0.124689, 2452, 1858.0
410, 70.674394, 662.795106, 37.480020, 0.081018, 2458, 1864.0
411, 81.821982, 657.639232, 28.612652, 0.064892, 2451, 1868.0
412, 72.695543, 662.165502, 32.206644, 0.036765, 2458, 1991.0
413, 73.717238, 660.604854, 39.292389, 0.037741, 2453, 1862.0
414, 73.340554, 660.229376, 37.816612, 0.045933, 2451, 1888.0
415, 75.308910, 660.221148, 41.611784, 0.041049, 2452, 1919.0
416, 74.401585, 661.029970, 30.113979, 0.048834, 2461, 2074.0
417, 66.498545, 659.918438, 45.058233, 0.217657, 2457, 1988.0
418, 73.737098, 661.949312, 34.626067, 0.054347, 2468, 1869.0
419, 70.931801, 661.975314, 39.213720, 0.056286, 2463, 1937.0
420, 71.043250, 660.954412, 39.325922, 0.121194, 2463, 1953.0
421, 74.704827, 659.515552, 36.814635, 0.057400, 2453, 1884.0
422, 73.186548, 660.531069, 40.309604, 0.051550, 2449, 1872.0
423, 69.251197, 662.754852, 41.669009, 0.086104, 2467, 1896.0
424, 72.595307, 661.935076, 33.399372, 0.068646, 2461, 2596.0
425, 75.481235, 659.298237, 37.868232, 0.061923, 2444, 2060.0
426, 72.673757, 661.588651, 36.155729, 0.060318, 2454, 2027.0
427, 72.430538, 659.721970, 41.825988, 0.061149, 2456, 1949.0
428, 77.042414, 661.044561, 26.802338, 0.084754, 2459, 1870.0
429, 68.735892, 661.751561, 45.515416, 0.139005, 2457, 2004.0
430, 74.630046, 660.925168, 35.013964, 0.065937, 2452, 2131.0
431, 68.229808, 661.493317, 45.134587, 0.057447, 2459, 2553.0
432, 72.004392, 661.606002, 37.098136, 0.056962, 2462, 2036.0
433, 73.407943, 660.238331, 35.787454, 0.048377, 2451, 1870.0
434, 71.060438, 660.774508, 39.485427, 0.038657, 2458, 1942.0
435, 68.014269, 661.307865, 40.834672, 0.086939, 2462, 1944.0
436, 67.550015, 663.524390, 38.921085, 0.110448, 2466, 1906.0
437, 69.460779, 660.271281, 45.434530, 0.116779, 2463, 1898.0
438, 69.360039, 663.374829, 34.279625, 0.085740, 2455, 2200.0
439, 69.911197, 662.549681, 39.636482, 0.040050, 2461, 2150.0
440, 70.687448, 661.806640, 39.689009, 0.039923, 2462, 1913.0
441, 74.697076, 660.071953, 36.761755, 0.052697, 2448, 1939.0
442, 67.397106, 662.852947, 41.502116, 0.063546, 2464, 2161.0
443, 74.246767, 659.857740, 34.781656, 0.013874, 2451, 2066.0
444, 70.759229, 658.791973, 44.034998, 0.089704, 2453, 1988.0
445, 73.083202, 660.566815, 36.607894, 0.027923, 2447, 2034.0
446, 73.073053, 660.838776, 41.826245, 0.136295, 2456, 1936.0
447, 73.182367, 662.269157, 39.841748, 0.131320, 2452, 1877.0
448, 70.752266, 662.338238, 40.392604, 0.043762, 2460, 1876.0
449, 70.625973, 662.317222, 40.394820, 0.058278, 2467, 1904.0
450, 72.281712, 661.071133, 39.791547, 0.048442, 2456, 2769.0
451, 69.774402, 662.748534, 41.862868, 0.111523, 2461, 2871.0
452, 70.105063, 663.156091, 35.986935, 0.059021, 2467, 2187.0
453, 75.145028, 660.464476, 35.467463, 0.025743, 2454, 1982.0
454, 68.846953, 661.574684, 34.653105, 0.059420, 2461, 2047.0
455, 72.430538, 659.721970, 41.825988, 0.114683, 2442, 2572.0
456, 78.832419, 660.639480, 29.991109, 0.126262, 2454, 2413.0
457, 71.439747, 662.229075, 36.177093, 0.058035, 2462, 2016.0
458, 73.537329, 660.070842, 35.318454, 0.029221, 2448, 1855.0
459, 72.430538, 659.721970, 41.825988, 0.150242, 2454, 1965.0
460, 71.847603, 660.793183, 42.174054, 0.118422, 2465, 1899.0
461, 72.910282, 661.250711, 38.469761, 0.102253, 2454, 2114.0
462, 71.242203, 661.152594, 40.555971, 0.045069, 2456, 2432.0
463, 72.682617, 661.814569, 38.666884, 0.091319, 2456, 2130.0
464, 72.860334, 660.228953, 43.282805, 0.093672, 2451, 1864.0
465, 72.422911, 661.148329, 44.206382, 0.066453, 2453, 1884.0
466, 67.292482, 661.631175, 43.799344, 0.136421, 2466, 1871.0
467, 74.836946, 659.208508, 38.416613, 0.088621, 2454, 2006.0
468, 73.758715, 659.985615, 40.348501, 0.040263, 2438, 2023.0
469, 70.613088, 663.094274, 38.957346, 0.077879, 2463, 1886.0
470, 69.254278, 661.777842, 41.079916, 0.122636, 2458, 1935.0
471, 71.398033, 660.855659, 44.482279, 0.097528, 2461, 1994.0
472, 70.105133, 663.084978, 40.282238, 0.106988, 2459, 1856.0
473, 71.445075, 661.888492, 36.929298, 0.062786, 2456, 1921.0
474, 68.518417, 661.104739, 43.879973, 0.183392, 2464, 2312.0
475, 72.271975, 660.345557, 38.414770, 0.097244, 2455, 2020.0
476, 69.324480, 660.932585, 45.065008, 0.138120, 2460, 1877.0
477, 72.460793, 661.571672, 36.215785, 0.031027, 2453, 1875.0
478, 71.244819, 661.246573, 39.250610, 0.015555, 2471, 3254.0
479, 72.602433, 662.261237, 40.617455, 0.082272, 2454, 2874.0
480, 74.196115, 658.705563, 39.955544, 0.062056, 2444, 2048.0
481, 72.355125, 660.623901, 40.616043, 0.033664, 2458, 1989.0
482, 72.369528, 662.084638, 42.640732, 0.079552, 2452, 1977.0
483, 66.504511, 660.192861, 45.181372, 0.121082, 2461, 1870.0
484, 70.866635, 662.673945, 35.752334, 0.057675, 2458, 1883.0
485, 68.751022, 662.276451, 44.102362, 0.041484, 2463, 1955.0
486, 73.757912, 661.315912, 33.667472, 0.060603, 2459, 2120.0
487, 70.901557, 660.803363, 36.545779, 0.026938, 2458, 1903.0
488, 71.149601, 661.294228, 37.903781, 0.052247, 2459, 1925.0
489, 73.678917, 660.570237, 35.479970, 0.053708, 2457, 1962.0
490, 68.449405, 663.164746, 37.469949, 0.073509, 2464, 1885.0
491, 70.033824, 661.278420, 41.011699, 0.072918, 2465, 1870.0
492, 71.157792, 662.320606, 39.424035, 0.080769, 2455, 2344.0
493, 65.378195, 662.744612, 42.961484, 0.088336, 2456, 2707.0
494, 70.342773, 662.585927, 40.890497, 0.084417, 2452, 1859.0
495, 78.740126, 660.720988, 27.382985, 0.071778, 2455, 1873.0
496, 72.360050, 660.955330, 34.894671, 0.023778, 2455, 1947.0
497, 69.760542, 661.989077, 44.003662, 0.181524, 2463, 1866.0
498, 69.866041, 663.595254, 39.644445, 0.108486, 2458, 2514.0
499, 74.294974, 661.732456, 33.115434, 0.036035, 2459, 2932.0
500, 71.422960, 661.173243, 44.709089, 0.066386, 2457, 2316.0
501, 68.360880, 663.406319, 41.140556, 0.052346, 2451, 1856.0
502, 70.078186, 659.597719, 44.775259, 0.136315, 2455, 1876.0
503, 69.831041, 660.764269, 40.946948, 0.062628, 2455, 2066.0
504, 72.604835, 661.264208, 37.495519, 0.042826, 2453, 2295.0
505, 69.882391, 661.226921, 39.088846, 0.074988, 2456, 1879.0
506, 70.875291, 662.256388, 37.691159, 0.061997, 2463, 1867.0
507, 72.058070, 661.257213, 35.965950, 0.059974, 2457, 1930.0
508, 71.586951, 662.986041, 38.955783, 0.050849, 2456, 1874.0
509, 72.026207, 660.785459, 39.887840, 0.047535, 2464, 2153.0
510, 71.015491, 660.942548, 41.124339, 0.062363, 2455, 2433.0
511, 68.529152, 662.354119, 39.595584, 0.207066, 2452, 2923.0
512, 68.783307, 662.704026, 45.630792, 0.056730, 2455, 2275.0
513, 71.530323, 661.989719, 39.297137, 0.069907, 2452, 1911.0
514, 68.729413, 659.449131, 45.596093, 0.110437, 2464, 1882.0
515, 73.571386, 660.028360, 39.834871, 0.058644, 2446, 1869.0
516, 66.431752, 661.988799, 43.611618, 0.111551, 2460, 1947.0
517, 71.202414, 661.181380, 40.267343, 0.062263, 2450, 1860.0
518, 67.802299, 662.443793, 40.396053, 0.151779, 2462, 1881.0
519, 69.640831, 660.851446, 47.020901, 0.075694, 2465, 1876.0
520, 72.462567, 661.624775, 32.540908, 0.034469, 2461, 1875.0
521, 71.859731, 661.529195, 33.374091, 0.066629, 2464, 1871.0
522, 68.433756, 661.843389, 39.802701, 0.115512, 2454, 1877.0
523, 73.502402, 660.569729, 39.375852, 0.062702, 2452, 1870.0
524, 72.443660, 662.614973, 41.098445, 0.068199, 2457, 1865.0
525, 70.487926, 662.641477, 42.481387, 0.030394, 2464, 1873.0
526, 68.217901, 661.982527, 42.113323, 0.221533, 2459, 1930.0
527, 68.138572, 660.818312, 45.107742, 0.103394, 2464, 1884.0
528, 74.589935, 659.348421, 34.153001, 0.042994, 2453, 1867.0
529, 71.654718, 662.355443, 38.851311, 0.108233, 2460, 1948.0
530, 73.585414, 660.453750, 34.841609, 0.033205, 2456, 2243.0
531, 74.685477, 660.387097, 33.716987, 0.069667, 2457, 1987.0
532, 78.069244, 658.493403, 37.629068, 0.103390, 2450, 2022.0
533, 69.547589, 663.180503, 42.271038, 0.072322, 2464, 1972.0
534, 69.904514, 660.095071, 39.415264, 0.116068, 2465, 1878.0
535, 71.248224, 662.531723, 38.547573, 0.114008, 2457, 1859.0
536, 74.641864, 659.779996, 32.459737, 0.026410, 2455, 2094.0
537, 75.542335, 661.542219, 31.159444, 0.058395, 2458, 2364.0
538, 72.511243, 661.254005, 32.909899, 0.031696, 2454, 1867.0
539, 73.178676, 661.813597, 36.454963, 0.061694, 2447, 1857.0
540, 70.418903, 662.576748, 37.551021, 0.059313, 2460, 1928.0
541, 71.746326, 661.321795, 44.221147, 0.048724, 2459, 1872.0
542, 71.175261, 661.505084, 40.955166, 0.053608, 2456, 1931.0
543, 71.777674, 659.906594, 38.717687, 0.054312, 2456, 1873.0
544, 70.641889, 661.521128, 40.701280, 0.078341, 2466, 2105.0
545, 70.387828, 663.433489, 38.842605, 0.066611, 2459, 1870.0
546, 73.668420, 662.607358, 28.627699, 0.080965, 2458, 1863.0
547, 72.011713, 660.693850, 38.001842, 0.054973, 2449, 1856.0
548, 69.126107, 661.320734, 39.050682, 0.120033, 2460, 2087.0
549, 73.468075, 660.282956, 38.430061, 0.060994, 2450, 1904.0
550, 72.799166, 660.507317, 37.420829, 0.078164, 2452, 2705.0
551, 70.567583, 661.941240, 39.613122, 0.050317, 2452, 2602.0
552, 65.609451, 663.270901, 43.451429, 0.341979, 2456, 1872.0
553, 75.976756, 661.041502, 35.307577, 0.081918, 2448, 1863.0
554, 72.244802, 659.997111, 36.690569, 0.072933, 2448, 1864.0
555, 70.215072, 661.818674, 36.609308, 0.044914, 2462, 1929.0
556, 69.722891, 661.409446, 37.229864, 0.111197, 2458, 1859.0
557, 71.567435, 660.631806, 40.885146, 0.093603, 2453, 1871.0
558, 71.256803, 660.686218, 39.880916, 0.028477, 2459, 1864.0
559, 73.920856, 659.954701, 39.623987, 0.064827, 2451, 1924.0
560, 76.529061, 660.316836, 33.959088, 0.101200, 2455, 1862.0
561, 73.345928, 662.549596, 35.993642, 0.057343, 2466, 1860.0
562, 67.989518, 663.211621, 37.859147, 0.078540, 2464, 2369.0
563, 68.020973, 663.486908, 40.103189, 0.154304, 2461, 2665.0
564, 73.736417, 662.474879, 32.055660, 0.068053, 2459, 1857.0
565, 77.153033, 659.167043, 30.219426, 0.052421, 2453, 1851.0
566, 71.626692, 660.874674, 39.946279, 0.092876, 2451, 1870.0
567, 70.360153, 662.540645, 37.285730, 0.054893, 2463, 1888.0
568, 71.363375, 662.931012, 39.345559, 0.071492, 2456, 2278.0
569, 71.828879, 659.979889, 45.272376, 0.087355, 2447, 2119.0
570, 76.812544, 661.086496, 25.167488, 0.049431, 2458, 1939.0
571, 72.061070, 661.034991, 40.502597, 0.055837, 2452, 1914.0
572, 71.476491, 662.468729, 38.076254, 0.061468, 2464, 1970.0
573, 69.600476, 661.528129, 41.329917, 0.107938, 2470, 1867.0
574, 72.327316, 661.453143, 36.437050, 0.054826, 2450, 2517.0
575, 74.539636, 660.708167, 35.066616, 0.046484, 2462, 2896.0
576, 72.662463, 661.151504, 40.283442, 0.043052, 2460, 2017.0
577, 71.571124, 661.536033, 39.924901, 0.070609, 2453, 1931.0
578, 70.867491, 660.753862, 40.583960, 0.078632, 2456, 2007.0
579, 75.186330, 660.414299, 30.843941, 0.023396, 2456, 1867.0
580, 76.331771, 660.305607, 31.918628, 0.070147, 2458, 2089.0
581, 72.449611, 661.404396, 36.059500, 0.052511, 2458, 2842.0
582, 77.253097, 659.518870, 33.305194, 0.060496, 2451, 1866.0
583, 72.193937, 660.909632, 41.581617, 0.088808, 2454, 1863.0
584, 72.784305, 661.130274, 36.234560, 0.043697, 2460, 1937.0
585, 69.034144, 661.644192, 43.940496, 0.073405, 2465, 1906.0
586, 73.831476, 660.114301, 38.854792, 0.067751, 2449, 1994.0
587, 75.300547, 659.953936, 29.866457, 0.042622, 2456, 1922.0
588, 70.373576, 659.742340, 39.147115, 0.083648, 2455, 2332.0
589, 71.761939, 660.596003, 43.565834, 0.094907, 2459, 2870.0
590, 72.049328, 660.797164, 39.103763, 0.059637, 2456, 1932.0
591, 68.739640, 664.360986, 41.423053, 0.162467, 2466, 1946.0
592, 76.423465, 659.216662, 36.720553, 0.062826, 2448, 1872.0
593, 73.476692, 661.329729, 40.732501, 0.053002, 2460, 1883.0
594, 71.200302, 663.856477, 38.377313, 0.137262, 2455, 2005.0
595, 73.020667, 661.240400, 35.818672, 0.033988, 2452, 1979.0
596, 68.257731, 662.335734, 43.373874, 0.119222, 2458, 1864.0
597, 72.937666, 661.628108, 38.826432, 0.012451, 2462, 1862.0
598, 70.583218, 661.430525, 37.600471, 0.032710, 2461, 1938.0
599, 75.852279, 660.396887, 33.594460, 0.057554, 2445, 1864.0
600, 74.032831, 661.583300, 37.071617, 0.047246, 2459, 1867.0
601, 72.920914, 660.328427, 39.304764, 0.109477, 2447, 1866.0
602, 70.092561, 663.573538, 33.518383, 0.055491, 2460, 2091.0
603, 71.888285, 661.813918, 39.129995, 0.042633, 2464, 1869.0
604, 72.791763, 659.894222, 34.291465, 0.067787, 2453, 1867.0
605, 80.136501, 658.119448, 35.508866, 0.180701, 2433, 2273.0
606, 71.643226, 661.253985, 35.508804, 0.082620, 2449, 1924.0
607, 73.405313, 661.017100, 37.681829, 0.054693, 2452, 1871.0
608, 70.857820, 662.270863, 40.893364, 0.179738, 2447, 1859.0
609, 77.320657, 659.947413, 32.115674, 0.060403, 2443, 1862.0
610, 68.930217, 665.025779, 38.917867, 0.215465, 2461, 1933.0
611, 72.077847, 660.731515, 41.220101, 0.062333, 2460, 1866.0
612, 75.450395, 660.153750, 33.418592, 0.053897, 2451, 2017.0
613, 69.153109, 663.125742, 42.300772, 0.138664, 2460, 1867.0
614, 73.649464, 660.235866, 33.847175, 0.057192, 2461, 1982.0
615, 69.904148, 663.987344, 40.200973, 0.172022, 2466, 1880.0
616, 73.265434, 659.640092, 38.538285, 0.044243, 2456, 1864.0
617, 68.480566, 660.738827, 41.218389, 0.111633, 2457, 1882.0
618, 70.460998, 662.628954, 40.402773, 0.051291, 2458, 1944.0
619, 75.083648, 661.610659, 33.765664, 0.031808, 2465, 1868.0
620, 73.296894, 658.926657, 37.511553, 0.027070, 2459, 1872.0
621, 70.310631, 660.075732, 45.180404, 0.073754, 2458, 1986.0
622, 75.679500, 659.825783, 39.231347, 0.078344, 2445, 1925.0
623, 73.262599, 661.648366, 34.802264, 0.073275, 2454, 1875.0
624, 67.699362, 663.035508, 41.236346, 0.062208, 2455, 1868.0
625, 73.280977, 659.634898, 35.628625, 0.038062, 2447, 1862.0
626, 69.169594, 661.547719, 40.916792, 0.169329, 2462, 1997.0
627, 72.499016, 665.176337, 33.953920, 0.090495, 2458, 1865.0
628, 70.488137, 662.166332, 39.648245, 0.064367, 2457, 1865.0
629, 69.451573, 663.839439, 38.384483, 0.063755, 2460, 1858.0
630, 72.075078, 661.545181, 35.334196, 0.042269, 2459, 1974.0
631, 73.661380, 660.240695, 33.834579, 0.035820, 2456, 1891.0
632, 72.907338, 660.827147, 36.923984, 0.041384, 2459, 1879.0
633, 70.011472, 661.429358, 38.359920, 0.069855, 2458, 1872.0
634, 76.181718, 660.239774, 31.983713, 0.044308, 2447, 1912.0
635, 71.347049, 660.021513, 41.254589, 0.127390, 2452, 1873.0
636, 72.287105, 662.259039, 37.262865, 0.022861, 2463, 2360.0
637, 68.168169, 659.520897, 43.916875, 0.146245, 2455, 1864.0
638, 75.678156, 661.861810, 29.686498, 0.052369, 2455, 1994.0
639, 69.097559, 660.264581, 43.348444, 0.146458, 2458, 1900.0
640, 76.046066, 660.631189, 30.516867, 0.061262, 2453, 1859.0
641, 73.475847, 660.362908, 34.236815, 0.040143, 2455, 1875.0
642, 70.765518, 660.048329, 42.497334, 0.110963, 2462, 2034.0
643, 72.038176, 661.313102, 36.024020, 0.044217, 2460, 1865.0
644, 74.912639, 659.574967, 34.489228, 0.036260, 2456, 1869.0
645, 70.064008, 663.496904, 34.051070, 0.062151, 2455, 1882.0
646, 73.512422, 659.664969, 38.476708, 0.032531, 2452, 1936.0
647, 68.531837, 663.167593, 37.598957, 0.053819, 2466, 1864.0
648, 71.202262, 660.550034, 40.857325, 0.070765, 2452, 1863.0
649, 71.089502, 661.990924, 39.442810, 0.086320, 2451, 1863.0
650, 68.279501, 660.269044, 41.572387, 0.119137, 2453, 1994.0
651, 69.744508, 663.297750, 35.809510, 0.023754, 2458, 1869.0
652, 70.260275, 664.307826, 36.431584, 0.067140, 2451, 2399.0
653, 68.930211, 661.784465, 41.078362, 0.044331, 2456, 2349.0
654, 69.621467, 660.252636, 40.182564, 0.098197, 2456, 1860.0
655, 71.637879, 660.678037, 34.591057, 0.042756, 2457, 1906.0
656, 66.422779, 663.880157, 44.341465, 0.052497, 2464, 1953.0
657, 70.338518, 661.047918, 38.816644, 0.090619, 2466, 1944.0
658, 68.123601, 662.159557, 45.129036, 0.103157, 2462, 1882.0
659, 70.705405, 661.250870, 40.930326, 0.066398, 2452, 2040.0
660, 69.324480, 660.932585, 45.065008, 0.079331, 2459, 2065.0
661, 70.317641, 663.816646, 42.578793, 0.053620, 2456, 2427.0
662, 69.522858, 661.890420, 40.527773, 0.058274, 2453, 1851.0
663, 67.392550, 663.674496, 41.502277, 0.167185, 2463, 1873.0
664, 75.497973, 658.331142, 36.774753, 0.044361, 2448, 1858.0
665, 72.482153, 662.561640, 33.067920, 0.047286, 2463, 1943.0
666, 70.529298, 660.532394, 42.186327, 0.054277, 2455, 1870.0
667, 66.920361, 663.484833, 44.873395, 0.149865, 2455, 1862.0
668, 68.055126, 663.998560, 42.217197, 0.124697, 2467, 2291.0
669, 73.903845, 660.624276, 39.756666, 0.051452, 2457, 1877.0
670, 68.156400, 660.903145, 45.774734, 0.098901, 2461, 1874.0
671, 70.369647, 662.528611, 39.414751, 0.062206, 2458, 1874.0
672, 75.982760, 658.911854, 36.099916, 0.047262, 2456, 2291.0
673, 68.290873, 658.496060, 46.561867, 0.140897, 2459, 2233.0
674, 73.487631, 658.436326, 35.727853, 0.026285, 2454, 1901.0
675, 74.104492, 659.639324, 36.604889, 0.048362, 2454, 1900.0
676, 66.486567, 665.776280, 39.059040, 0.185511, 2464, 1931.0
677, 68.571171, 663.970864, 41.991431, 0.058054, 2455, 1872.0
678, 74.759142, 660.451836, 37.396392, 0.038280, 2455, 1978.0
679, 68.247747, 663.649869, 40.309033, 0.104771, 2453, 1891.0
680, 69.935901, 662.345532, 41.757022, 0.092849, 2457, 2056.0
681, 70.924712, 660.100880, 42.118730, 0.102021, 2453, 1861.0
682, 70.071298, 661.510582, 37.611887, 0.073668, 2458, 1878.0
683, 72.928087, 661.951248, 37.591737, 0.056142, 2456, 1875.0
684, 68.352322, 662.660882, 42.970676, 0.033853, 2462, 2084.0
685, 68.925761, 663.848486, 40.220827, 0.107279, 2460, 2413.0
686, 69.088404, 659.117919, 42.230728, 0.165771, 2458, 1888.0
687, 68.381821, 659.998987, 41.379164, 0.083764, 2448, 1857.0
688, 71.592004, 660.460364, 42.410675, 0.044784, 2459, 1939.0
689, 69.956968, 658.774000, 42.566437, 0.145687, 2456, 1873.0
690, 73.417924, 659.737737, 36.753737, 0.043629, 2450, 1862.0
691, 72.430538, 659.721970, 41.825988, 0.092755, 2450, 1867.0
692, 72.724580, 662.273687, 36.627121, 0.058660, 2455, 1982.0
693, 73.593403, 660.996440, 36.446315, 0.051131, 2458, 1878.0
694, 69.843013, 661.342511, 42.070291, 0.075054, 2462, 1873.0
695, 73.655152, 659.831637, 41.020667, 0.137952, 2445, 1859.0
696, 70.501465, 662.727809, 39.485744, 0.046628, 2457, 1993.0
697, 71.563562, 660.781949, 42.260900, 0.035793, 2457, 1868.0
698, 66.696261, 661.756389, 41.424724, 0.141934, 2460, 1869.0
699, 69.036692, 663.262055, 37.965746, 0.098199, 2462, 2462.0
700, 71.861806, 660.344132, 38.964738, 0.044187, 2447, 2230.0
701, 74.038558, 660.209582, 37.852063, 0.072662, 2443, 1857.0
702, 70.879738, 662.974361, 36.905314, 0.048682, 2461, 1883.0
703, 69.398622, 657.980678, 45.012008, 0.149932, 2458, 1868.0
704, 67.047187, 661.726848, 44.683496, 0.106033, 2465, 2069.0
705, 69.553889, 663.390115, 38.725287, 0.120975, 2456, 2311.0
706, 72.570234, 661.929322, 32.891703, 0.036447, 2460, 1908.0
707, 73.453315, 661.264179, 35.733508, 0.034906, 2455, 1966.0
708, 66.461182, 660.973410, 45.968513, 0.219462, 2456, 1886.0
709, 74.798516, 659.771386, 40.285616, 0.072554, 2451, 1863.0
710, 70.061010, 660.627857, 44.691632, 0.084758, 2461, 1885.0
711, 69.427015, 662.754666, 39.470004, 0.058915, 2459, 1931.0
712, 68.654846, 663.483563, 38.949338, 0.040370, 2466, 1878.0
713, 68.713691, 659.907238, 43.773370, 0.113791, 2460, 1878.0
714, 73.125204, 661.364686, 37.923352, 0.034551, 2464, 1879.0
715, 69.500483, 660.938299, 44.626297, 0.117948, 2461, 2671.0
716, 72.390897, 659.845511, 35.749198, 0.027361, 2458, 1870.0
717, 71.987469, 659.424365, 42.630175, 0.155991, 2450, 1921.0
718, 70.597978, 661.219220, 38.364099, 0.099373, 2450, 1900.0
719, 66.622981, 658.314415, 48.665336, 0.239487, 2461, 2477.0
720, 70.183290, 661.779984, 40.740362, 0.078880, 2458, 1919.0
721, 71.696266, 659.608015, 43.984384, 0.183755, 2449, 1910.0
722, 70.533178, 661.842252, 38.131629, 0.099802, 2454, 2165.0
723, 67.924380, 658.902359, 49.212787, 0.166996, 2462, 2086.0
724, 75.830591, 659.288159, 34.306606, 0.046338, 2448, 1908.0
725, 67.384604, 663.715780, 39.893193, 0.134798, 2459, 1924.0
726, 72.641300, 659.373872, 43.887027, 0.058876, 2454, 1915.0
727, 71.619471, 660.618552, 39.578634, 0.030320, 2455, 1865.0
728, 72.474149, 661.219454, 34.241946, 0.052870, 2458, 1897.0
729, 74.193327, 659.747835, 31.949048, 0.049527, 2462, 1866.0
730, 69.778053, 661.492889, 41.890817, 0.111836, 2455, 2380.0
731, 66.300149, 663.663657, 40.351112, 0.171401, 2458, 1889.0
732, 75.062654, 661.063849, 35.048145, 0.061173, 2449, 1857.0
733, 72.200986, 660.233933, 40.288505, 0.065434, 2450, 1983.0
734, 69.939007, 661.683034, 43.613483, 0.078212, 2466, 1880.0
735, 70.193590, 662.544810, 33.611277, 0.072919, 2461, 1866.0
736, 67.835865, 660.424619, 43.083497, 0.059446, 2461, 1882.0
737, 69.451286, 662.704694, 40.212255, 0.101966, 2462, 1976.0
738, 70.341826, 661.259837, 39.809369, 0.062756, 2459, 1885.0
739, 73.692561, 661.957759, 40.375080, 0.045438, 2450, 1875.0
740, 71.429341, 661.406733, 37.253487, 0.052312, 2459, 1870.0
741, 72.430538, 659.721970, 41.825988, 0.069320, 2457, 2083.0
742, 69.190006, 663.141813, 41.523948, 0.064312, 2460, 1881.0
743, 74.618900, 659.079379, 38.027510, 0.071843, 2452, 1861.0
744, 71.624585, 660.705519, 37.330016, 0.040604, 2459, 1875.0
745, 70.016714, 662.567552, 39.705261, 0.075804, 2466, 1922.0
746, 68.241959, 661.182583, 40.271347, 0.046259, 2458, 3208.0
747, 70.201965, 661.758000, 45.055764, 0.121008, 2460, 1896.0
748, 68.533514, 660.053608, 45.066279, 0.180439, 2465, 2519.0
749, 70.099365, 661.953983, 36.500796, 0.067910, 2455, 2732.0
750, 71.404292, 661.507547, 43.737800, 0.064316, 2442, 2028.0
751, 73.421605, 660.121257, 35.388625, 0.050180, 2449, 1950.0
752, 68.619576, 662.151671, 44.626104, 0.105012, 2465, 1889.0
753, 66.398796, 662.692477, 41.798430, 0.133309, 2467, 1864.0
754, 65.846896, 660.777478, 44.774664, 0.136792, 2460, 1888.0
755, 68.417461, 661.684891, 41.515360, 0.146290, 2453, 1917.0
756, 70.189074, 660.396424, 43.476515, 0.028057, 2463, 1960.0
757, 71.240544, 661.207096, 40.129250, 0.046057, 2450, 1866.0
758, 67.482377, 661.355394, 41.953187, 0.146525, 2459, 1868.0
759, 68.537563, 661.117509, 40.216757, 0.106214, 2462, 1934.0
760, 66.930580, 664.777380, 40.988234, 0.126119, 2463, 1871.0
761, 76.022614, 659.023270, 35.180616, 0.047585, 2446, 1858.0
762, 72.521875, 663.137885, 35.826805, 0.090213, 2463, 2573.0
763, 66.600436, 658.860816, 49.174269, 0.130891, 2456, 2188.0
764, 67.089480, 661.293031, 44.404527, 0.165625, 2459, 1881.0
765, 72.885540, 660.660976, 38.335969, 0.059708, 2458, 1873.0
766, 68.231824, 663.815610, 41.900976, 0.173497, 2463, 1881.0
767, 69.139128, 662.794082, 41.192084, 0.113324, 2463, 2049.0
768, 71.406428, 660.563420, 39.434385, 0.057120, 2455, 1970.0
769, 75.300780, 660.103804, 36.719804, 0.072126, 2462, 1929.0
770, 71.341331, 661.664798, 38.618199, 0.052825, 2463, 2377.0
771, 73.180716, 661.028831, 36.303783, 0.042348, 2460, 1866.0
772, 70.090508, 661.392564, 42.545995, 0.067664, 2455, 1946.0
773, 70.996136, 663.793255, 37.722021, 0.117687, 2456, 1869.0
774, 72.552300, 661.003260, 42.162272, 0.044301, 2449, 2036.0
775, 67.950557, 661.005471, 41.099035, 0.071706, 2454, 1864.0
776, 70.032180, 661.403083, 44.043339, 0.086587, 2464, 1952.0
777, 70.510619, 659.780103, 41.864224, 0.086035, 2456, 1865.0
778, 69.832978, 662.563250, 39.732247, 0.025433, 2461, 2012.0
779, 71.093458, 661.032556, 40.630486, 0.065379, 2453, 1875.0
780, 71.664615, 661.490794, 39.246189, 0.040553, 2454, 1913.0
781, 76.237316, 659.260715, 31.945467, 0.068967, 2445, 1859.0
782, 72.776535, 661.045429, 36.016316, 0.038148, 2455, 1993.0
783, 71.291745, 661.815514, 40.475545, 0.094911, 2453, 1901.0
784, 69.960625, 662.698083, 40.618745, 0.093014, 2470, 1881.0
785, 71.429341, 661.406733, 37.253487, 0.070280, 2457, 1865.0
786, 69.642141, 660.100743, 42.975176, 0.068813, 2455, 1951.0
787, 70.288499, 662.044707, 41.707397, 0.041765, 2459, 1895.0
788, 66.926908, 661.977738, 43.182633, 0.135597, 2466, 1875.0
789, 68.915783, 660.952175, 45.026962, 0.061856, 2459, 2048.0
790, 71.323779, 662.444499, 33.651520, 0.030867, 2461, 1928.0
791, 64.747879, 662.863526, 43.899208, 0.059061, 2464, 1874.0
792, 71.485387, 663.484055, 38.620525, 0.058654, 2459, 1872.0
793, 72.645328, 661.263815, 35.962034, 0.025641, 2462, 1869.0
794, 67.634562, 660.029681, 44.195502, 0.096246, 2458, 2772.0
795, 69.148720, 659.901562, 48.087031, 0.065572, 2460, 1917.0
796, 72.005012, 660.843857, 39.705031, 0.079816, 2458, 1929.0
797, 64.798447, 663.360353, 41.513986, 0.194865, 2464, 2000.0
798, 72.430538, 659.721970, 41.825988, 0.037800, 2453, 1999.0
799, 69.502585, 660.066233, 43.110513, 0.120713, 2445, 1856.0
800, 73.236507, 659.760789, 41.905531, 0.069054, 2445, 1965.0
801, 68.598406, 664.029726, 39.568966, 0.044930, 2455, 2127.0
802, 71.879180, 659.413883, 39.592265, 0.058042, 2452, 2051.0
803, 66.540467, 657.558997, 50.247666, 0.160770, 2460, 1877.0
804, 69.046929, 662.007089, 42.600538, 0.123114, 2457, 2092.0
805, 69.700380, 660.018411, 45.666460, 0.088500, 2456, 1863.0
806, 73.417924, 659.737737, 36.753737, 0.044544, 2451, 1911.0
807, 68.465693, 659.905654, 47.432614, 0.091495, 2466, 2004.0
808, 71.417997, 661.732028, 39.040790, 0.033764, 2454, 2004.0
809, 70.262357, 661.035494, 42.865514, 0.115132, 2457, 2258.0
810, 66.201102, 658.792093, 44.422611, 0.261996, 2468, 1890.0
811, 68.979357, 661.416361, 41.902205, 0.043585, 2459, 1855.0
812, 72.370365, 662.878876, 33.044094, 0.050022, 2457, 2085.0
813, 68.827653, 662.458915, 41.340038, 0.089241, 2462, 1869.0
814, 67.568930, 659.758246, 42.333157, 0.119853, 2456, 1889.0
815, 71.386322, 659.820410, 42.475253, 0.060355, 2453, 1874.0
816, 66.210970, 660.051804, 46.054645, 0.125393, 2469, 2005.0
817, 69.484602, 662.559321, 41.042331, 0.056464, 2457, 1875.0
818, 70.362395, 661.524123, 38.714358, 0.033191, 2459, 1880.0
819, 70.775489, 660.765625, 35.627127, 0.067168, 2460, 1864.0
820, 65.926010, 662.795379, 42.477639, 0.119871, 2460, 2092.0
821, 67.533236, 661.328677, 45.199178, 0.111140, 2454, 1890.0
822, 71.812887, 662.728375, 38.833029, 0.049474, 2455, 1919.0
823, 71.862345, 660.572614, 38.689456, 0.060066, 2467, 2305.0
824, 67.911100, 663.029763, 38.889478, 0.066443, 2459, 1952.0
825, 69.844699, 661.869193, 35.985191, 0.048736, 2463, 1904.0
826, 76.258095, 658.944319, 35.321732, 0.045555, 2455, 1949.0
827, 70.919885, 662.256003, 39.159468, 0.055527, 2463, 1870.0
828, 65.152847, 660.759699, 44.609597, 0.149749, 2461, 2044.0
829, 66.708052, 660.665021, 45.144752, 0.077663, 2450, 1862.0
830, 69.612656, 662.912474, 38.735026, 0.042718, 2460, 1943.0
831, 67.872198, 663.886020, 41.570623, 0.058149, 2462, 1875.0
832, 71.196554, 660.038623, 39.711467, 0.049268, 2450, 1929.0
833, 64.892173, 658.360685, 49.544594, 0.412522, 2456, 1886.0
834, 67.797760, 658.748430, 46.758791, 0.225842, 2464, 1949.0
835, 68.605030, 664.272150, 37.204413, 0.119283, 2465, 1933.0
836, 71.332269, 659.272354, 44.076878, 0.098815, 2450, 1943.0
837, 68.956994, 660.567342, 43.604649, 0.124433, 2459, 1872.0
838, 66.697966, 659.366935, 44.119773, 0.158152, 2469, 1940.0
839, 69.727609, 662.682259, 40.560917, 0.083863, 2453, 2145.0
840, 69.767093, 659.366233, 41.765393, 0.062851, 2460, 2260.0
841, 69.978880, 661.665771, 40.302605, 0.097516, 2459, 1868.0
842, 69.056874, 660.629740, 43.386058, 0.066674, 2456, 1984.0
843, 67.411675, 664.005730, 39.021760, 0.103381, 2463, 1992.0
844, 70.809264, 662.513475, 36.823635, 0.041983, 2454, 1924.0
845, 74.057123, 658.561906, 35.040265, 0.043199, 2446, 1865.0
846, 66.271968, 662.851352, 41.726561, 0.149948, 2468, 1924.0
847, 74.676436, 659.772846, 34.968068, 0.014335, 2458, 2008.0
848, 66.727452, 659.373430, 48.386879, 0.206444, 2459, 1923.0
849, 69.538962, 662.657285, 38.106363, 0.063261, 2459, 1851.0
850, 69.475820, 658.755493, 44.206837, 0.037236, 2451, 1908.0
851, 68.103191, 658.744567, 47.641533, 0.129081, 2451, 1926.0
852, 70.410148, 660.922912, 36.728157, 0.056868, 2465, 1925.0
853, 71.345771, 663.716202, 34.667657, 0.046701, 2466, 1880.0
854, 65.521681, 655.412063, 48.775935, 0.526181, 2453, 1905.0
855, 72.075078, 661.545181, 35.334196, 0.053602, 2453, 2110.0
856, 66.116152, 660.185196, 43.601660, 0.107443, 2463, 1915.0
857, 68.108946, 658.452778, 48.985120, 0.131543, 2471, 1877.0
858, 68.115828, 661.347572, 43.035283, 0.112722, 2458, 2001.0
859, 74.027003, 660.421559, 35.013161, 0.065744, 2455, 1923.0
860, 68.941480, 662.275338, 39.757318, 0.066268, 2467, 1917.0
861, 71.154302, 661.858363, 37.043880, 0.060786, 2458, 1908.0
862, 69.577625, 662.147327, 40.632767, 0.080812, 2461, 1904.0
863, 68.066716, 662.442278, 39.577924, 0.059335, 2455, 2008.0
864, 68.384584, 663.033882, 39.534466, 0.106618, 2460, 1901.0
865, 67.071414, 661.712797, 45.263353, 0.186810, 2470, 1876.0
866, 71.159140, 659.617944, 44.862184, 0.048671, 2456, 2490.0
867, 71.538995, 660.676342, 36.406305, 0.035136, 2453, 1956.0
868, 71.685371, 661.256529, 41.279996, 0.074480, 2457, 1883.0
869, 73.680287, 661.843931, 35.066607, 0.046873, 2458, 1871.0
870, 70.686155, 662.582294, 38.487975, 0.071686, 2452, 1872.0
871, 68.356131, 662.028874, 44.488668, 0.047980, 2455, 2019.0
872, 70.736307, 661.363349, 39.772743, 0.044727, 2459, 1982.0
873, 71.260766, 660.767469, 40.714825, 0.084004, 2453, 1856.0
874, 70.228032, 661.792627, 37.534585, 0.046594, 2449, 2141.0
875, 68.773725, 659.302608, 44.823435, 0.134703, 2457, 1885.0
876, 73.098216, 658.936794, 41.637319, 0.048678, 2448, 1875.0
877, 70.801902, 661.083934, 36.546310, 0.052944, 2460, 1872.0
878, 66.699733, 662.930208, 44.628655, 0.192582, 2463, 1878.0
879, 67.656481, 663.784975, 36.972865, 0.118400, 2462, 1894.0
880, 67.911100, 663.029763, 38.889478, 0.046489, 2458, 2101.0
881, 68.837972, 663.449152, 39.808629, 0.100775, 2461, 1871.0
882, 68.410093, 663.139917, 39.352141, 0.080898, 2459, 1875.0
883, 72.430538, 659.721970, 41.825988, 0.074332, 2455, 1873.0
884, 69.737587, 660.334976, 40.248513, 0.144473, 2449, 1867.0
885, 71.202262, 660.550034, 40.857325, 0.034238, 2457, 1877.0
886, 68.725311, 660.704271, 43.414763, 0.081103, 2463, 2317.0
887, 68.365923, 660.111757, 45.031910, 0.155374, 2464, 1874.0
888, 71.212193, 661.663545, 42.254450, 0.082474, 2446, 1973.0
889, 68.125296, 662.921285, 41.863110, 0.100622, 2461, 1870.0
890, 70.228032, 661.792627, 37.534585, 0.039149, 2460, 2204.0
891, 71.922971, 660.200520, 42.211094, 0.087819, 2464, 1885.0
892, 67.337993, 660.948828, 45.959465, 0.135826, 2463, 1909.0
893, 72.614596, 659.973347, 39.143532, 0.028813, 2457, 1867.0
894, 67.047830, 662.617065, 44.631179, 0.201788, 2455, 2086.0
895, 73.252393, 660.628602, 34.487264, 0.039521, 2458, 1860.0
896, 66.113182, 662.929008, 40.431826, 0.204724, 2466, 1895.0
897, 72.132148, 662.257398, 32.393202, 0.056312, 2465, 1884.0
898, 71.781840, 660.455105, 37.388202, 0.035130, 2455, 2021.0
899, 75.485009, 660.436276, 32.133491, 0.071250, 2459, 1867.0
900, 73.277192, 658.670660, 34.940268, 0.066128, 2455, 1909.0
901, 69.815530, 661.207197, 42.238145, 0.062748, 2454, 1892.0
902, 68.995980, 658.931936, 42.859323, 0.172716, 2453, 2367.0
903, 70.383578, 660.496544, 44.404654, 0.054606, 2456, 1860.0
904, 69.150997, 662.123782, 37.821209, 0.042967, 2458, 1861.0
905, 70.020106, 659.822842, 43.945023, 0.071271, 2458, 1878.0
906, 68.661117, 659.139177, 46.134667, 0.181225, 2463, 1947.0
907, 68.224739, 662.145311, 40.829120, 0.107994, 2461, 2000.0
908, 70.748181, 660.796541, 35.581554, 0.041204, 2457, 1874.0
909, 70.683491, 660.124485, 43.080211, 0.044506, 2462, 1874.0
910, 67.536808, 658.341300, 46.928395, 0.190033, 2459, 1951.0
911, 67.522816, 659.928289, 48.190725, 0.123906, 2462, 1870.0
912, 72.146152, 660.052104, 44.977354, 0.129756, 2457, 1882.0
913, 68.436792, 664.860775, 35.603320, 0.123525, 2464, 1873.0
914, 70.903938, 661.695898, 36.905859, 0.026493, 2459, 2250.0
915, 66.785794, 662.225542, 42.657830, 0.226090, 2464, 1881.0
916, 65.069710, 659.604227, 46.378758, 0.176931, 2459, 1887.0
917, 74.099597, 660.236051, 35.777665, 0.036934, 2460, 1875.0
918, 67.069854, 663.747452, 38.300008, 0.119698, 2458, 1977.0
919, 67.940106, 659.076623, 44.649968, 0.137422, 2454, 1866.0
920, 67.536464, 661.598969, 45.404672, 0.100390, 2462, 2097.0
921, 68.234223, 662.159372, 39.975882, 0.070409, 2459, 1884.0
922, 72.355914, 660.886719, 33.077047, 0.035942, 2461, 1878.0
923, 70.142066, 661.349970, 42.179736, 0.140820, 2458, 1872.0
924, 69.024480, 662.942966, 42.548511, 0.049483, 2457, 1890.0
925, 71.681825, 661.719032, 38.834375, 0.069309, 2463, 1860.0
926, 70.519869, 661.087340, 40.278689, 0.066835, 2464, 2006.0
927, 70.201913, 662.979162, 38.959320, 0.049341, 2464, 1899.0
928, 70.181606, 662.277342, 40.710750, 0.087160, 2461, 1876.0
929, 68.941480, 662.275338, 39.757318, 0.096549, 2461, 1897.0
930, 71.712475, 659.091413, 39.633595, 0.042853, 2456, 1967.0
931, 67.877877, 661.279858, 45.608383, 0.083912, 2466, 1886.0
932, 73.709178, 660.046776, 36.336834, 0.024712, 2466, 1931.0
933, 68.898705, 661.696207, 43.953666, 0.049707, 2459, 1873.0
934, 73.684597, 660.112355, 36.777670, 0.018078, 2456, 2379.0
935, 73.747351, 658.636920, 44.887915, 0.061946, 2444, 1857.0
936, 72.639844, 661.460277, 32.915799, 0.055608, 2452, 1861.0
937, 76.850626, 659.703281, 30.332217, 0.110203, 2458, 2011.0
938, 74.816087, 659.932665, 38.630888, 0.071836, 2443, 1926.0
939, 69.559148, 662.420416, 40.327454, 0.024793, 2460, 1862.0
940, 73.021029, 661.317882, 35.576623, 0.025072, 2453, 1929.0
941, 72.251238, 659.935764, 40.676335, 0.080378, 2448, 1929.0
942, 70.453350, 661.946011, 41.429345, 0.110579, 2458, 1939.0
943, 70.530431, 662.436775, 33.277556, 0.035922, 2462, 1862.0
944, 70.519070, 661.515492, 38.346451, 0.072404, 2462, 1868.0
945, 71.781329, 660.731962, 38.307210, 0.034044, 2465, 1937.0
946, 68.786067, 662.930172, 39.173115, 0.097272, 2459, 1940.0
947, 70.325814, 663.428149, 35.324043, 0.109085, 2465, 1874.0
948, 72.897176, 659.806945, 37.214139, 0.060994, 2444, 1871.0
949, 68.625883, 663.389704, 37.835580, 0.106155, 2463, 1945.0
950, 68.406365, 661.728671, 43.713033, 0.121357, 2456, 2323.0
951, 69.267280, 662.505901, 39.976200, 0.041492, 2457, 1864.0
952, 71.626936, 661.772319, 38.730724, 0.045044, 2461, 1867.0
953, 69.269866, 659.012277, 43.893889, 0.085344, 2453, 1933.0
954, 69.360312, 663.094584, 42.172535, 0.097712, 2464, 1930.0
955, 69.288349, 663.811274, 38.408510, 0.067346, 2459, 1862.0
956, 69.470943, 662.718049, 41.757540, 0.091585, 2455, 1873.0
957, 71.004659, 658.757617, 46.293521, 0.065353, 2448, 1928.0
958, 73.781913, 659.631522, 34.791545, 0.031854, 2460, 1936.0
959, 69.773054, 662.024667, 41.152043, 0.074069, 2465, 1871.0
960, 68.557306, 661.453833, 41.146182, 0.092904, 2460, 1868.0
961, 67.679864, 660.999060, 42.201063, 0.107508, 2458, 2135.0
962, 73.851643, 658.442466, 36.318768, 0.077737, 2451, 1864.0
963, 69.961226, 661.352379, 44.092208, 0.051794, 2465, 1892.0
964, 70.600928, 661.283719, 39.601532, 0.082327, 2452, 1869.0
965, 73.099600, 659.730917, 38.601993, 0.038460, 2459, 1966.0
966, 71.549016, 662.932141, 39.179322, 0.048683, 2465, 2317.0
967, 68.085279, 660.078103, 44.911499, 0.217458, 2461, 1945.0
968, 69.759286, 662.024718, 39.422065, 0.078723, 2458, 1923.0
969, 74.957637, 659.214335, 36.118985, 0.024748, 2463, 1876.0
970, 73.357629, 658.931777, 37.151565, 0.058334, 2454, 1909.0
971, 70.652160, 660.741045, 43.973391, 0.074710, 2456, 1867.0
972, 71.061870, 661.422331, 36.741958, 0.034899, 2454, 1931.0
973, 69.908165, 663.100691, 37.019897, 0.053201, 2464, 1996.0
974, 71.116614, 660.848024, 40.685976, 0.096876, 2459, 1939.0
975, 68.631914, 659.701273, 44.928951, 0.156220, 2454, 1884.0
976, 69.564787, 660.654337, 43.777273, 0.060727, 2461, 1932.0
977, 71.208108, 661.236569, 44.345917, 0.104221, 2460, 1894.0
978, 70.509246, 660.622893, 42.212937, 0.048253, 2458, 1923.0
979, 71.176770, 660.450059, 40.768480, 0.076280, 2450, 1874.0
980, 67.089480, 661.293031, 44.404527, 0.131054, 2459, 1945.0
981, 71.054207, 660.816052, 40.701977, 0.097795, 2458, 1881.0
982, 68.066830, 662.932037, 44.707931, 0.121250, 2461, 2900.0
983, 69.447130, 662.403448, 40.369872, 0.054523, 2457, 2029.0
984, 67.907929, 658.549612, 45.389183, 0.128203, 2464, 1966.0
985, 67.936687, 660.473169, 44.819259, 0.084898, 2456, 1926.0
986, 69.761830, 661.452405, 39.467148, 0.053550, 2463, 1930.0
987, 68.668681, 660.128330, 44.860759, 0.165651, 2464, 1957.0
988, 68.810473, 661.492033, 40.707877, 0.066925, 2457, 1871.0
989, 69.405181, 662.991881, 38.782651, 0.078785, 2455, 1867.0
990, 67.503135, 659.960116, 45.663293, 0.128740, 2453, 1874.0
991, 70.080280, 661.290880, 46.031489, 0.086689, 2456, 1934.0
992, 72.981853, 660.304169, 38.933648, 0.058073, 2454, 1884.0
993, 71.357194, 662.585504, 38.841989, 0.094665, 2458, 1926.0
994, 71.325531, 661.665562, 41.130400, 0.118039, 2453, 1878.0
995, 70.373576, 659.742340, 39.147115, 0.050724, 2454, 1939.0
996, 74.500148, 661.842399, 31.937340, 0.065766, 2468, 1869.0
997, 73.270986, 660.815460, 39.075649, 0.071905, 2460, 2114.0
998, 66.947343, 663.808028, 39.667568, 0.098815, 2466, 1874.0
999, 67.136347, 661.627142, 43.813344, 0.049943, 2468, 1959.0
