#idx, x0, x1, x2, y, f_neval, total_time (us), 
0, 69.556221, 668.039070, 29.932915, 0.154648, 982, 768.0
1, 75.452675, 659.757136, 39.676997, 0.128700, 991, 773.0
2, 72.913301, 662.392037, 36.146125, 0.050216, 987, 843.0
3, 71.524581, 663.331050, 39.244543, 0.095055, 984, 768.0
4, 73.888889, 662.143258, 30.000000, 0.135753, 986, 764.0
5, 75.617284, 658.825967, 30.000000, 0.059001, 986, 1028.0
6, 74.734775, 660.654028, 39.309411, 0.129227, 987, 767.0
7, 77.674897, 657.400114, 40.433012, 0.104490, 988, 766.0
8, 71.914088, 663.732210, 39.275655, 0.153570, 987, 782.0
9, 71.524581, 663.331050, 39.244543, 0.083840, 986, 766.0
10, 77.098765, 660.222721, 37.257747, 0.108092, 982, 761.0
11, 81.632477, 659.499868, 30.154586, 0.097849, 996, 832.0
12, 72.518671, 660.373605, 36.753737, 0.078080, 983, 800.0
13, 75.617284, 658.825967, 30.000000, 0.069369, 988, 775.0
14, 77.839506, 659.960830, 36.804138, 0.073074, 985, 772.0
15, 72.104502, 663.444153, 35.648337, 0.065946, 991, 779.0
16, 75.617284, 658.825967, 30.000000, 0.060777, 986, 775.0
17, 75.617284, 658.825967, 30.000000, 0.063044, 987, 770.0
18, 75.403907, 657.591226, 37.821298, 0.047491, 992, 770.0
19, 74.690564, 660.190368, 35.147399, 0.108508, 988, 764.0
20, 75.617284, 658.825967, 30.000000, 0.092454, 982, 954.0
21, 75.617284, 658.825967, 30.000000, 0.091296, 986, 765.0
22, 70.925926, 662.143258, 30.000000, 0.156309, 982, 769.0
23, 73.888889, 662.143258, 30.000000, 0.117108, 990, 778.0
24, 69.148720, 659.901562, 48.087031, 0.118476, 983, 775.0
25, 77.098765, 660.222721, 37.257747, 0.089126, 986, 775.0
26, 71.914088, 663.732210, 39.275655, 0.224432, 996, 795.0
27, 63.452497, 661.117815, 51.526164, 0.182502, 985, 804.0
28, 73.417924, 659.737737, 36.753737, 0.076119, 992, 783.0
29, 73.304247, 660.167936, 41.983310, 0.076524, 989, 769.0
30, 76.467764, 659.572842, 37.308148, 0.087950, 985, 785.0
31, 71.914088, 663.732210, 39.275655, 0.162548, 989, 775.0
32, 75.617284, 658.825967, 30.000000, 0.080336, 988, 776.0
33, 75.617284, 658.825967, 30.000000, 0.055114, 985, 780.0
34, 73.304247, 660.167936, 41.983310, 0.073653, 990, 766.0
35, 73.888889, 662.143258, 30.000000, 0.063165, 983, 896.0
36, 63.811326, 660.174821, 51.663729, 0.195143, 985, 784.0
37, 76.467764, 659.572842, 37.308148, 0.069032, 983, 765.0
38, 67.139918, 661.124791, 40.433012, 0.135455, 988, 769.0
39, 72.518671, 660.373605, 36.753737, 0.066962, 983, 781.0
40, 70.925926, 662.143258, 30.000000, 0.133481, 988, 780.0
41, 71.524581, 663.331050, 39.244543, 0.077998, 988, 777.0
42, 70.925926, 662.143258, 30.000000, 0.121923, 986, 826.0
43, 73.304247, 660.167936, 41.983310, 0.073403, 986, 792.0
44, 71.524581, 663.331050, 39.244543, 0.084141, 983, 785.0
45, 70.925926, 662.143258, 30.000000, 0.075561, 987, 800.0
46, 69.148720, 659.901562, 48.087031, 0.157112, 986, 829.0
47, 75.617284, 658.825967, 30.000000, 0.088854, 988, 813.0
48, 76.467764, 659.572842, 37.308148, 0.083446, 991, 839.0
49, 75.617284, 658.825967, 30.000000, 0.025391, 989, 813.0
50, 63.452497, 661.117815, 51.526164, 0.220815, 985, 903.0
51, 69.148720, 659.901562, 48.087031, 0.154207, 990, 790.0
52, 70.925926, 662.143258, 30.000000, 0.085459, 981, 783.0
53, 72.104502, 663.444153, 35.648337, 0.067450, 989, 771.0
54, 75.617284, 658.825967, 30.000000, 0.047298, 988, 768.0
55, 68.709546, 659.159349, 38.011896, 0.120773, 987, 813.0
56, 73.888889, 662.143258, 30.000000, 0.146750, 988, 815.0
57, 63.811326, 660.174821, 51.663729, 0.239313, 989, 1193.0
58, 73.019357, 658.597486, 39.856200, 0.144647, 988, 879.0
59, 73.417924, 659.737737, 36.753737, 0.039603, 987, 1010.0
60, 73.888889, 662.143258, 30.000000, 0.093149, 989, 1250.0
61, 75.617284, 658.825967, 30.000000, 0.048744, 987, 1413.0
62, 70.925926, 662.143258, 30.000000, 0.084183, 985, 1320.0
63, 75.617284, 658.825967, 30.000000, 0.084267, 993, 910.0
64, 75.802596, 656.393323, 39.879534, 0.173521, 985, 785.0
65, 69.148720, 659.901562, 48.087031, 0.110112, 983, 774.0
66, 63.811326, 660.174821, 51.663729, 0.123004, 996, 776.0
67, 76.467764, 659.572842, 37.308148, 0.044854, 988, 797.0
68, 69.310319, 662.995752, 40.041004, 0.100048, 981, 775.0
69, 63.452497, 661.117815, 51.526164, 0.137815, 986, 794.0
70, 63.811326, 660.174821, 51.663729, 0.152266, 984, 900.0
71, 75.802596, 656.393323, 39.879534, 0.085522, 988, 788.0
72, 71.667048, 664.186119, 35.255707, 0.086514, 984, 763.0
73, 70.466251, 664.665215, 43.301929, 0.094377, 982, 933.0
74, 70.925926, 662.143258, 30.000000, 0.089467, 984, 766.0
75, 70.925926, 662.143258, 30.000000, 0.067463, 987, 778.0
76, 70.925926, 662.143258, 30.000000, 0.117465, 988, 784.0
77, 63.452497, 661.117815, 51.526164, 0.138738, 987, 806.0
78, 72.518671, 660.373605, 36.753737, 0.062894, 984, 828.0
79, 69.148720, 659.901562, 48.087031, 0.149007, 990, 771.0
80, 70.925926, 662.143258, 30.000000, 0.061899, 989, 764.0
81, 69.148720, 659.901562, 48.087031, 0.079122, 983, 778.0
82, 63.452497, 661.117815, 51.526164, 0.150449, 983, 769.0
83, 70.925926, 662.143258, 30.000000, 0.096022, 983, 764.0
84, 68.625972, 658.926197, 33.948080, 0.210406, 991, 767.0
85, 69.310319, 662.995752, 40.041004, 0.121801, 982, 830.0
86, 72.518671, 660.373605, 36.753737, 0.042653, 991, 787.0
87, 70.925926, 662.143258, 30.000000, 0.137228, 986, 760.0
88, 67.222222, 670.000000, 30.000000, 0.268151, 986, 762.0
89, 73.417924, 659.737737, 36.753737, 0.055538, 992, 825.0
90, 67.139918, 661.124791, 40.433012, 0.098243, 982, 764.0
91, 70.925926, 662.143258, 30.000000, 0.094848, 985, 765.0
92, 71.346594, 663.194057, 37.308148, 0.056702, 984, 776.0
93, 73.417924, 659.737737, 36.753737, 0.062883, 984, 850.0
94, 75.452675, 655.566874, 37.257747, 0.107463, 986, 767.0
95, 75.617284, 658.825967, 30.000000, 0.071956, 982, 769.0
96, 71.821369, 663.182202, 35.656115, 0.064384, 986, 784.0
97, 74.638775, 659.055526, 39.996203, 0.069652, 985, 796.0
98, 76.467764, 659.572842, 37.308148, 0.067207, 986, 778.0
99, 70.925926, 662.143258, 30.000000, 0.075343, 990, 772.0
100, 69.148720, 659.901562, 48.087031, 0.049882, 993, 775.0
101, 72.084662, 663.657734, 39.531804, 0.161077, 985, 783.0
102, 69.310319, 662.995752, 40.041004, 0.088129, 992, 776.0
103, 63.811326, 660.174821, 51.663729, 0.096852, 986, 774.0
104, 63.452497, 661.117815, 51.526164, 0.176579, 987, 765.0
105, 70.925926, 662.143258, 30.000000, 0.091934, 988, 858.0
106, 70.116824, 659.349311, 39.244543, 0.092091, 991, 779.0
107, 80.473251, 655.304983, 36.804138, 0.123296, 984, 771.0
108, 70.925926, 662.143258, 30.000000, 0.106696, 985, 874.0
109, 63.452497, 661.117815, 51.526164, 0.182853, 980, 787.0
110, 73.888889, 662.143258, 30.000000, 0.117787, 982, 762.0
111, 70.925926, 662.143258, 30.000000, 0.084326, 980, 775.0
112, 75.617284, 658.825967, 30.000000, 0.044376, 990, 769.0
113, 69.310319, 662.995752, 40.041004, 0.088365, 989, 783.0
114, 69.310319, 662.995752, 40.041004, 0.089680, 985, 766.0
115, 70.925926, 662.143258, 30.000000, 0.048223, 981, 772.0
116, 73.417924, 659.737737, 36.753737, 0.044236, 986, 806.0
117, 73.304247, 660.167936, 41.983310, 0.049209, 991, 973.0
118, 70.925926, 662.143258, 30.000000, 0.094424, 985, 795.0
119, 75.452675, 655.566874, 37.257747, 0.052626, 985, 980.0
120, 70.925926, 662.143258, 30.000000, 0.106693, 982, 778.0
121, 63.811326, 660.174821, 51.663729, 0.209702, 983, 782.0
122, 75.617284, 658.825967, 30.000000, 0.087923, 988, 770.0
123, 71.524581, 663.331050, 39.244543, 0.042682, 981, 848.0
124, 71.687693, 660.954096, 35.599530, 0.046919, 994, 769.0
125, 69.938272, 662.754338, 36.804138, 0.113201, 986, 783.0
126, 72.842554, 659.168689, 36.888140, 0.086727, 990, 793.0
127, 70.925926, 662.143258, 30.000000, 0.122214, 984, 782.0
128, 63.811326, 660.174821, 51.663729, 0.179947, 989, 768.0
129, 71.524581, 663.331050, 39.244543, 0.136945, 985, 779.0
130, 71.667048, 664.186119, 35.255707, 0.082563, 980, 779.0
131, 63.452497, 661.117815, 51.526164, 0.187284, 988, 813.0
132, 75.452675, 655.566874, 37.257747, 0.053847, 992, 770.0
133, 69.148720, 659.901562, 48.087031, 0.083617, 993, 888.0
134, 71.524581, 663.331050, 39.244543, 0.038624, 983, 763.0
135, 70.925926, 662.143258, 30.000000, 0.091856, 983, 773.0
136, 63.452497, 661.117815, 51.526164, 0.273165, 990, 781.0
137, 70.466251, 664.665215, 43.301929, 0.211852, 984, 769.0
138, 63.811326, 660.174821, 51.663729, 0.271309, 980, 762.0
139, 69.148720, 659.901562, 48.087031, 0.150577, 984, 888.0
140, 63.452497, 661.117815, 51.526164, 0.136835, 985, 772.0
141, 70.925926, 662.143258, 30.000000, 0.116026, 983, 806.0
142, 72.518671, 660.373605, 36.753737, 0.085555, 987, 780.0
143, 75.617284, 658.825967, 30.000000, 0.069081, 982, 762.0
144, 73.888889, 662.143258, 30.000000, 0.135098, 986, 765.0
145, 71.577440, 659.397260, 34.888433, 0.135375, 988, 768.0
146, 70.925926, 662.143258, 30.000000, 0.098141, 986, 764.0
147, 79.428534, 661.328446, 27.272822, 0.063440, 989, 764.0
148, 70.925926, 662.143258, 30.000000, 0.078353, 987, 769.0
149, 72.366679, 662.463467, 37.536509, 0.127671, 986, 766.0
150, 70.925926, 662.143258, 30.000000, 0.093350, 990, 771.0
151, 71.914088, 663.732210, 39.275655, 0.111481, 986, 765.0
152, 76.467764, 659.572842, 37.308148, 0.171897, 988, 777.0
153, 71.817558, 665.800038, 35.997722, 0.303225, 993, 771.0
154, 63.948500, 664.416456, 58.559128, 0.205394, 990, 811.0
155, 70.466251, 664.665215, 43.301929, 0.196373, 990, 819.0
156, 69.310319, 662.995752, 40.041004, 0.118855, 988, 770.0
157, 70.925926, 662.143258, 30.000000, 0.042256, 986, 781.0
158, 73.304247, 660.167936, 41.983310, 0.043265, 988, 781.0
159, 74.638775, 659.055526, 39.996203, 0.097922, 985, 766.0
160, 74.638775, 659.055526, 39.996203, 0.125200, 984, 765.0
161, 71.817558, 665.800038, 35.997722, 0.266405, 981, 775.0
162, 63.452497, 661.117815, 51.526164, 0.226347, 984, 803.0
163, 69.310319, 662.995752, 40.041004, 0.127829, 983, 764.0
164, 76.467764, 659.572842, 37.308148, 0.060810, 986, 765.0
165, 74.638775, 659.055526, 39.996203, 0.100587, 989, 829.0
166, 69.148720, 659.901562, 48.087031, 0.137574, 985, 766.0
167, 63.452497, 661.117815, 51.526164, 0.265219, 982, 763.0
168, 75.617284, 658.825967, 30.000000, 0.073341, 988, 767.0
169, 72.518671, 660.373605, 36.753737, 0.050564, 977, 761.0
170, 70.906874, 659.780847, 34.782497, 0.088532, 988, 804.0
171, 69.148720, 659.901562, 48.087031, 0.093516, 985, 767.0
172, 76.467764, 659.572842, 37.308148, 0.068453, 988, 768.0
173, 77.098765, 660.222721, 37.257747, 0.077793, 985, 773.0
174, 70.466251, 664.665215, 43.301929, 0.134894, 982, 777.0
175, 69.556221, 668.039070, 29.845414, 0.155415, 979, 760.0
176, 63.811326, 660.174821, 51.663729, 0.227757, 977, 762.0
177, 71.914088, 663.732210, 39.275655, 0.089584, 983, 788.0
178, 68.253569, 659.292270, 50.220144, 0.172388, 987, 770.0
179, 69.148720, 659.901562, 48.087031, 0.071559, 985, 767.0
180, 77.879155, 661.196132, 33.823478, 0.080555, 982, 774.0
181, 73.417924, 659.737737, 36.753737, 0.038382, 987, 838.0
182, 68.709546, 659.159349, 38.011896, 0.099506, 983, 764.0
183, 70.925926, 662.143258, 30.000000, 0.174058, 982, 766.0
184, 72.104502, 663.444153, 35.648337, 0.090703, 984, 765.0
185, 70.925926, 662.143258, 30.000000, 0.068876, 986, 783.0
186, 69.938272, 662.754338, 36.804138, 0.094824, 985, 766.0
187, 63.452497, 661.117815, 51.526164, 0.121728, 988, 772.0
188, 70.925926, 662.143258, 30.000000, 0.204420, 981, 761.0
189, 70.925926, 662.143258, 30.000000, 0.048669, 989, 794.0
190, 71.524581, 663.331050, 39.244543, 0.144899, 990, 779.0
191, 71.821369, 663.182202, 35.656115, 0.079918, 989, 772.0
192, 73.417924, 659.737737, 36.753737, 0.057966, 988, 767.0
193, 70.925926, 662.143258, 30.000000, 0.067987, 984, 829.0
194, 71.883168, 661.318047, 34.307421, 0.050540, 986, 764.0
195, 72.285602, 663.129213, 36.146125, 0.115639, 986, 773.0
196, 68.456790, 664.849469, 40.433012, 0.073226, 984, 777.0
197, 70.925926, 662.143258, 30.000000, 0.148178, 988, 904.0
198, 75.617284, 658.825967, 30.000000, 0.060768, 989, 768.0
199, 70.925926, 662.143258, 30.000000, 0.088047, 981, 762.0
200, 76.467764, 659.572842, 37.308148, 0.123504, 985, 763.0
201, 70.925926, 662.143258, 30.000000, 0.099505, 989, 850.0
202, 70.925926, 662.143258, 30.000000, 0.067167, 978, 760.0
203, 80.473251, 655.304983, 36.804138, 0.099082, 982, 765.0
204, 71.524581, 663.331050, 39.244543, 0.046165, 989, 766.0
205, 77.839506, 659.960830, 36.804138, 0.142468, 985, 775.0
206, 70.925926, 662.143258, 30.000000, 0.069141, 982, 776.0
207, 70.925926, 662.143258, 30.000000, 0.177985, 987, 766.0
208, 63.811326, 660.174821, 51.663729, 0.089079, 983, 767.0
209, 76.467764, 659.572842, 37.308148, 0.073783, 984, 893.0
210, 73.888889, 662.143258, 30.000000, 0.064247, 984, 767.0
211, 70.925926, 662.143258, 30.000000, 0.069864, 986, 802.0
212, 71.914088, 663.732210, 39.275655, 0.077539, 986, 780.0
213, 73.888889, 662.143258, 30.000000, 0.060711, 979, 774.0
214, 73.417924, 659.737737, 36.753737, 0.099101, 983, 763.0
215, 72.285602, 663.129213, 36.146125, 0.143233, 990, 769.0
216, 66.953331, 663.756527, 46.002959, 0.144664, 993, 813.0
217, 71.524581, 663.331050, 39.244543, 0.034736, 989, 792.0
218, 75.617284, 658.825967, 30.000000, 0.050524, 994, 772.0
219, 77.879155, 661.196132, 33.823478, 0.085629, 985, 769.0
220, 73.888889, 662.143258, 30.000000, 0.034157, 987, 775.0
221, 72.518671, 660.373605, 36.753737, 0.124937, 987, 833.0
222, 72.518671, 660.373605, 36.753737, 0.177172, 985, 762.0
223, 71.524581, 663.331050, 39.244543, 0.128500, 987, 769.0
224, 70.925926, 662.143258, 30.000000, 0.067285, 984, 800.0
225, 63.452497, 661.117815, 51.526164, 0.177990, 983, 781.0
226, 75.617284, 658.825967, 30.000000, 0.088852, 982, 756.0
227, 70.925926, 662.143258, 30.000000, 0.081232, 983, 760.0
228, 75.774018, 658.189380, 36.817205, 0.135577, 986, 838.0
229, 71.524581, 663.331050, 39.244543, 0.045947, 987, 769.0
230, 75.774018, 658.189380, 36.817205, 0.067482, 982, 763.0
231, 77.088922, 663.431250, 33.823478, 0.122884, 988, 781.0
232, 71.374917, 663.885249, 35.232373, 0.099450, 987, 840.0
233, 70.925926, 662.143258, 30.000000, 0.079765, 979, 762.0
234, 71.524581, 663.331050, 39.244543, 0.127221, 982, 765.0
235, 73.888889, 662.143258, 30.000000, 0.138338, 986, 773.0
236, 77.098765, 660.222721, 37.257747, 0.083814, 982, 780.0
237, 70.925926, 662.143258, 30.000000, 0.130282, 984, 771.0
238, 73.888889, 662.143258, 30.000000, 0.061869, 989, 821.0
239, 77.839506, 659.960830, 36.804138, 0.068806, 984, 798.0
240, 72.518671, 660.373605, 36.753737, 0.035408, 982, 761.0
241, 67.139918, 661.124791, 40.433012, 0.236621, 990, 767.0
242, 70.466251, 664.665215, 43.301929, 0.114295, 981, 766.0
243, 70.925926, 662.143258, 30.000000, 0.070109, 987, 767.0
244, 69.148720, 659.901562, 48.087031, 0.059783, 986, 881.0
245, 70.906874, 659.780847, 34.782497, 0.079137, 983, 768.0
246, 74.572777, 656.610268, 43.838192, 0.077619, 984, 763.0
247, 71.577440, 659.397260, 34.888433, 0.039452, 993, 852.0
248, 63.452497, 661.117815, 51.526164, 0.226256, 985, 770.0
249, 69.310319, 662.995752, 40.041004, 0.204316, 988, 766.0
250, 70.925926, 662.143258, 30.000000, 0.068142, 982, 778.0
251, 73.888889, 662.143258, 30.000000, 0.226007, 982, 760.0
252, 73.888889, 662.143258, 30.000000, 0.083886, 991, 767.0
253, 73.417924, 659.737737, 36.753737, 0.034144, 989, 767.0
254, 73.417924, 659.737737, 36.753737, 0.072181, 984, 765.0
255, 70.925926, 662.143258, 30.000000, 0.066089, 985, 775.0
256, 71.577440, 659.397260, 34.888433, 0.080243, 977, 755.0
257, 76.467764, 659.572842, 37.308148, 0.101049, 990, 777.0
258, 70.925926, 662.143258, 30.000000, 0.080752, 987, 765.0
259, 69.310319, 662.995752, 40.041004, 0.182675, 988, 772.0
260, 70.925926, 662.143258, 30.000000, 0.172879, 984, 763.0
261, 69.310319, 662.995752, 40.041004, 0.099720, 987, 764.0
262, 75.617284, 658.825967, 30.000000, 0.063616, 993, 772.0
263, 69.310319, 662.995752, 40.041004, 0.238166, 989, 846.0
264, 75.617284, 658.825967, 30.000000, 0.080282, 993, 772.0
265, 75.617284, 658.825967, 30.000000, 0.021515, 987, 767.0
266, 74.638775, 659.055526, 39.996203, 0.101656, 990, 782.0
267, 70.925926, 662.143258, 30.000000, 0.066064, 986, 766.0
268, 70.925926, 662.143258, 30.000000, 0.103554, 985, 764.0
269, 69.148720, 659.901562, 48.087031, 0.129512, 987, 780.0
270, 75.617284, 658.825967, 30.000000, 0.052063, 987, 796.0
271, 73.888889, 662.143258, 30.000000, 0.079388, 991, 766.0
272, 75.774018, 658.189380, 36.817205, 0.073434, 988, 772.0
273, 69.310319, 662.995752, 40.041004, 0.152323, 985, 763.0
274, 79.462207, 661.134299, 27.444131, 0.100604, 987, 763.0
275, 72.518671, 660.373605, 36.753737, 0.097957, 987, 762.0
276, 75.617284, 658.825967, 30.000000, 0.051659, 987, 764.0
277, 72.672743, 660.653990, 34.736568, 0.081517, 991, 768.0
278, 76.505364, 663.073271, 27.429742, 0.120451, 992, 788.0
279, 69.310319, 662.995752, 40.041004, 0.118119, 982, 766.0
280, 72.518671, 660.373605, 36.753737, 0.067539, 980, 770.0
281, 73.888889, 662.143258, 30.000000, 0.059456, 979, 757.0
282, 69.148720, 659.901562, 48.087031, 0.124826, 989, 882.0
283, 77.879155, 661.196132, 33.823478, 0.084079, 991, 771.0
284, 73.888889, 662.143258, 30.000000, 0.070769, 986, 796.0
285, 63.811326, 660.174821, 51.663729, 0.401669, 989, 1031.0
286, 71.524581, 663.331050, 39.244543, 0.051179, 982, 762.0
287, 63.948500, 664.416456, 58.559128, 0.181558, 983, 766.0
288, 73.417924, 659.737737, 36.753737, 0.074813, 985, 779.0
289, 71.524581, 663.331050, 39.244543, 0.090167, 988, 767.0
290, 71.817558, 665.800038, 35.997722, 0.212873, 991, 768.0
291, 71.524581, 663.331050, 39.244543, 0.083375, 987, 883.0
292, 73.509374, 659.207488, 39.508993, 0.091875, 984, 766.0
293, 70.925926, 662.143258, 30.000000, 0.132858, 981, 804.0
294, 74.734775, 660.654028, 39.309411, 0.128992, 985, 1009.0
295, 65.681995, 661.042852, 54.812698, 0.203008, 992, 864.0
296, 70.906874, 659.780847, 34.782497, 0.053083, 983, 767.0
297, 73.888889, 662.143258, 30.000000, 0.077094, 989, 802.0
298, 63.811326, 660.174821, 51.663729, 0.161210, 983, 831.0
299, 76.467764, 659.572842, 37.308148, 0.142843, 990, 1181.0
300, 73.888889, 662.143258, 30.000000, 0.065852, 985, 784.0
301, 73.888889, 662.143258, 30.000000, 0.052296, 987, 904.0
302, 70.925926, 662.143258, 30.000000, 0.069632, 986, 1205.0
303, 73.888889, 662.143258, 30.000000, 0.076861, 981, 1106.0
304, 70.925926, 662.143258, 30.000000, 0.073560, 981, 786.0
305, 75.617284, 658.825967, 30.000000, 0.051537, 993, 769.0
306, 70.906874, 659.780847, 34.782497, 0.119088, 983, 761.0
307, 75.617284, 658.825967, 30.000000, 0.071524, 988, 784.0
308, 73.417924, 659.737737, 36.753737, 0.064160, 986, 764.0
309, 72.518671, 660.373605, 36.753737, 0.060308, 987, 767.0
310, 71.524581, 663.331050, 39.244543, 0.058784, 985, 768.0
311, 70.925926, 662.143258, 30.000000, 0.129916, 984, 821.0
312, 74.277487, 663.831110, 29.412571, 0.089067, 981, 761.0
313, 70.906874, 659.780847, 34.782497, 0.087792, 987, 806.0
314, 73.888889, 662.143258, 30.000000, 0.084458, 986, 1196.0
315, 72.518671, 660.373605, 36.753737, 0.053937, 984, 1174.0
316, 79.509793, 660.859936, 32.885459, 0.166463, 995, 1187.0
317, 75.617284, 658.825967, 30.000000, 0.053446, 987, 1011.0
318, 71.667048, 664.186119, 35.255707, 0.129095, 981, 777.0
319, 70.925926, 662.143258, 30.000000, 0.071268, 986, 977.0
320, 70.925926, 662.143258, 30.000000, 0.080224, 991, 768.0
321, 73.888889, 662.143258, 30.000000, 0.066801, 985, 905.0
322, 70.925926, 662.143258, 30.000000, 0.120871, 980, 829.0
323, 78.432282, 661.193236, 25.373489, 0.108505, 985, 1231.0
324, 73.888889, 662.143258, 30.000000, 0.047943, 987, 863.0
325, 75.617284, 658.825967, 30.000000, 0.040041, 984, 784.0
326, 78.333717, 657.316199, 35.438138, 0.117985, 985, 1195.0
327, 71.914088, 663.732210, 39.275655, 0.075367, 986, 974.0
328, 75.802596, 656.393323, 39.879534, 0.078611, 983, 807.0
329, 63.811326, 660.174821, 51.663729, 0.089367, 987, 770.0
330, 71.524581, 663.331050, 39.244543, 0.056628, 984, 1187.0
331, 66.953331, 663.756527, 46.002959, 0.154674, 995, 1298.0
332, 69.148720, 659.901562, 48.087031, 0.093494, 988, 1284.0
333, 70.925926, 662.143258, 30.000000, 0.149268, 980, 1284.0
334, 70.906874, 659.780847, 34.782497, 0.118543, 988, 768.0
335, 69.148720, 659.901562, 48.087031, 0.115205, 990, 815.0
336, 63.811326, 660.174821, 51.663729, 0.166484, 988, 786.0
337, 71.524581, 663.331050, 39.244543, 0.067411, 985, 767.0
338, 63.948500, 664.416456, 58.559128, 0.131632, 987, 768.0
339, 72.672743, 660.653990, 34.736568, 0.075379, 983, 770.0
340, 71.524581, 663.331050, 39.244543, 0.087295, 986, 791.0
341, 70.925926, 662.143258, 30.000000, 0.059770, 984, 765.0
342, 69.148720, 659.901562, 48.087031, 0.090197, 985, 1192.0
343, 71.914088, 663.732210, 39.275655, 0.047056, 983, 1159.0
344, 73.888889, 662.143258, 30.000000, 0.226607, 989, 1313.0
345, 72.180181, 662.325217, 24.968298, 0.095865, 992, 1109.0
346, 73.509374, 659.207488, 39.508993, 0.211476, 990, 970.0
347, 70.906874, 659.780847, 34.782497, 0.083399, 980, 762.0
348, 69.148720, 659.901562, 48.087031, 0.144817, 989, 1193.0
349, 70.925926, 662.143258, 30.000000, 0.089545, 987, 1124.0
350, 77.799846, 661.653403, 33.274161, 0.106309, 989, 1079.0
351, 63.811326, 660.174821, 51.663729, 0.255384, 985, 826.0
352, 70.925926, 662.143258, 30.000000, 0.103011, 987, 1035.0
353, 71.524581, 663.331050, 39.244543, 0.078560, 990, 1234.0
354, 72.096035, 660.881042, 34.749830, 0.084477, 991, 817.0
355, 71.524581, 663.331050, 39.244543, 0.060681, 985, 1151.0
356, 70.925926, 662.143258, 30.000000, 0.072594, 994, 1269.0
357, 71.524581, 663.331050, 39.244543, 0.142491, 986, 1264.0
358, 63.452497, 661.117815, 51.526164, 0.127779, 981, 1240.0
359, 73.193233, 659.867612, 34.298282, 0.073023, 988, 1219.0
360, 73.519154, 660.310198, 38.600841, 0.108627, 981, 1205.0
361, 70.925926, 662.143258, 30.000000, 0.077377, 989, 1190.0
362, 70.925926, 662.143258, 30.000000, 0.061067, 981, 760.0
363, 73.888889, 662.143258, 30.000000, 0.035872, 986, 814.0
364, 72.672743, 660.653990, 34.736568, 0.052933, 988, 1032.0
365, 70.906874, 659.780847, 34.782497, 0.044276, 989, 768.0
366, 73.888889, 662.143258, 30.000000, 0.124085, 982, 887.0
367, 70.925926, 662.143258, 30.000000, 0.031862, 992, 827.0
368, 73.462061, 662.770863, 35.348109, 0.063138, 987, 846.0
369, 72.104502, 663.444153, 35.648337, 0.076408, 985, 765.0
370, 77.839506, 659.960830, 36.804138, 0.099446, 991, 782.0
371, 77.839506, 659.960830, 36.804138, 0.095258, 987, 769.0
372, 70.925926, 662.143258, 30.000000, 0.075351, 985, 767.0
373, 73.304247, 660.167936, 41.983310, 0.068470, 988, 781.0
374, 71.817558, 665.800038, 35.997722, 0.236555, 986, 810.0
375, 76.467764, 659.572842, 37.308148, 0.078598, 985, 893.0
376, 70.906874, 659.780847, 34.782497, 0.068468, 983, 846.0
377, 73.888889, 662.143258, 30.000000, 0.133971, 986, 987.0
378, 71.524581, 663.331050, 39.244543, 0.082843, 984, 841.0
379, 71.524581, 663.331050, 39.244543, 0.067841, 983, 836.0
380, 77.879155, 661.196132, 33.823478, 0.086805, 983, 767.0
381, 70.925926, 662.143258, 30.000000, 0.116008, 985, 1021.0
382, 73.304247, 660.167936, 41.983310, 0.028912, 991, 767.0
383, 77.799846, 661.653403, 26.725839, 0.045382, 989, 953.0
384, 74.638775, 659.055526, 39.996203, 0.158017, 985, 883.0
385, 71.914088, 663.732210, 39.275655, 0.097580, 981, 1090.0
386, 72.518671, 660.373605, 36.753737, 0.096473, 991, 1033.0
387, 70.925926, 662.143258, 30.000000, 0.194971, 979, 1181.0
388, 71.914088, 663.732210, 39.275655, 0.085011, 986, 1182.0
389, 69.749784, 658.144115, 38.127632, 0.158041, 987, 766.0
390, 78.333717, 657.316199, 35.438138, 0.102091, 988, 764.0
391, 78.827160, 659.960830, 36.804138, 0.150496, 986, 1099.0
392, 70.906874, 659.780847, 34.782497, 0.090962, 984, 786.0
393, 77.839506, 659.960830, 36.804138, 0.081312, 989, 806.0
394, 69.148720, 659.901562, 48.087031, 0.100609, 992, 891.0
395, 75.193383, 658.550387, 35.113954, 0.102223, 987, 843.0
396, 73.304247, 660.167936, 41.983310, 0.049946, 984, 1211.0
397, 70.925926, 662.143258, 30.000000, 0.063419, 980, 1124.0
398, 73.304247, 660.167936, 41.983310, 0.050296, 982, 1184.0
399, 77.879155, 661.196132, 33.823478, 0.094818, 987, 913.0
400, 71.524581, 663.331050, 39.244543, 0.127356, 983, 762.0
401, 71.524581, 663.331050, 39.244543, 0.073556, 989, 768.0
402, 70.925926, 662.143258, 30.000000, 0.153011, 981, 762.0
403, 72.672743, 660.653990, 34.736568, 0.051192, 983, 762.0
404, 71.524581, 663.331050, 39.244543, 0.071813, 985, 851.0
405, 72.518671, 660.373605, 36.753737, 0.051117, 992, 881.0
406, 70.925926, 662.143258, 30.000000, 0.068060, 994, 1145.0
407, 72.518671, 660.373605, 36.753737, 0.079918, 988, 1218.0
408, 72.518671, 660.373605, 36.753737, 0.064639, 989, 1018.0
409, 74.120808, 664.734469, 29.278645, 0.153755, 987, 1200.0
410, 70.925926, 662.143258, 30.000000, 0.120479, 984, 856.0
411, 80.526296, 656.887785, 34.556752, 0.084215, 987, 1177.0
412, 70.925926, 662.143258, 30.000000, 0.048469, 988, 768.0
413, 73.304247, 660.167936, 41.983310, 0.043952, 993, 770.0
414, 70.906874, 659.780847, 34.782497, 0.068421, 987, 783.0
415, 78.827160, 659.960830, 36.804138, 0.063796, 981, 760.0
416, 71.724930, 662.230385, 25.074233, 0.070160, 992, 787.0
417, 63.811326, 660.174821, 51.663729, 0.236081, 986, 767.0
418, 73.888889, 662.143258, 30.000000, 0.062292, 984, 904.0
419, 70.925926, 662.143258, 30.000000, 0.099592, 981, 923.0
420, 70.925926, 662.143258, 30.000000, 0.155355, 990, 791.0
421, 73.462061, 662.770863, 35.348109, 0.079037, 986, 1072.0
422, 76.467764, 659.572842, 37.308148, 0.068211, 988, 904.0
423, 71.914088, 663.732210, 39.275655, 0.104475, 983, 764.0
424, 70.925926, 662.143258, 30.000000, 0.087190, 982, 760.0
425, 72.518671, 660.373605, 36.753737, 0.077171, 979, 784.0
426, 70.925926, 662.143258, 30.000000, 0.091728, 985, 803.0
427, 76.467764, 659.572842, 37.308148, 0.103170, 988, 767.0
428, 74.277487, 663.831110, 29.412571, 0.112212, 986, 762.0
429, 70.466251, 664.665215, 43.301929, 0.167585, 986, 788.0
430, 72.285602, 663.129213, 36.146125, 0.084393, 989, 765.0
431, 71.524581, 663.331050, 39.244543, 0.076293, 987, 788.0
432, 73.888889, 662.143258, 30.000000, 0.076614, 978, 807.0
433, 70.925926, 662.143258, 30.000000, 0.081633, 984, 913.0
434, 69.148720, 659.901562, 48.087031, 0.065979, 991, 772.0
435, 63.452497, 661.117815, 51.526164, 0.135121, 985, 793.0
436, 70.925926, 662.143258, 30.000000, 0.152188, 977, 770.0
437, 69.310319, 662.995752, 40.041004, 0.138180, 985, 778.0
438, 70.925926, 662.143258, 30.000000, 0.111207, 983, 772.0
439, 70.925926, 662.143258, 30.000000, 0.077154, 986, 776.0
440, 73.888889, 662.143258, 30.000000, 0.079727, 986, 762.0
441, 72.518671, 660.373605, 36.753737, 0.066573, 988, 920.0
442, 70.925926, 662.143258, 30.000000, 0.124184, 979, 984.0
443, 72.518671, 660.373605, 36.753737, 0.020725, 982, 1030.0
444, 69.148720, 659.901562, 48.087031, 0.092922, 992, 875.0
445, 70.906874, 659.780847, 34.782497, 0.046609, 988, 765.0
446, 72.285602, 663.129213, 36.146125, 0.169868, 991, 768.0
447, 75.384088, 659.737737, 36.753737, 0.156879, 990, 786.0
448, 71.524581, 663.331050, 39.244543, 0.051474, 985, 846.0
449, 71.524581, 663.331050, 39.244543, 0.067779, 983, 801.0
450, 76.467764, 659.572842, 37.308148, 0.072094, 991, 805.0
451, 71.817558, 665.800038, 35.997722, 0.140727, 981, 879.0
452, 70.925926, 662.143258, 30.000000, 0.079773, 983, 780.0
453, 72.518671, 660.373605, 36.753737, 0.034742, 989, 770.0
454, 70.925926, 662.143258, 30.000000, 0.073543, 983, 764.0
455, 70.906874, 659.780847, 34.782497, 0.157616, 983, 762.0
456, 79.328967, 661.902515, 31.633016, 0.145419, 994, 1315.0
457, 70.925926, 662.143258, 30.000000, 0.074792, 983, 1341.0
458, 76.467764, 659.572842, 37.308148, 0.049508, 987, 1355.0
459, 70.906874, 659.780847, 34.782497, 0.191014, 991, 1201.0
460, 73.509374, 659.207488, 39.508993, 0.130948, 989, 1202.0
461, 76.467764, 659.572842, 37.308148, 0.122111, 982, 760.0
462, 70.906874, 659.780847, 34.782497, 0.073404, 985, 961.0
463, 70.494081, 663.679759, 36.057456, 0.122639, 986, 1197.0
464, 73.304247, 660.167936, 41.983310, 0.095647, 979, 768.0
465, 75.452675, 659.757136, 39.676997, 0.084094, 986, 946.0
466, 63.811326, 660.174821, 51.663729, 0.172281, 981, 763.0
467, 77.674897, 657.400114, 40.433012, 0.117138, 975, 757.0
468, 77.674897, 657.400114, 40.433012, 0.066961, 982, 984.0
469, 70.925926, 662.143258, 30.000000, 0.122126, 982, 763.0
470, 70.925926, 662.143258, 30.000000, 0.170104, 979, 797.0
471, 73.509374, 659.207488, 39.508993, 0.106842, 990, 982.0
472, 71.524581, 663.331050, 39.244543, 0.115054, 985, 765.0
473, 70.925926, 662.143258, 30.000000, 0.081904, 978, 758.0
474, 63.452497, 661.117815, 51.526164, 0.219538, 983, 836.0
475, 73.888889, 662.143258, 30.000000, 0.134664, 985, 789.0
476, 71.524581, 663.331050, 39.244543, 0.163797, 996, 781.0
477, 70.925926, 662.143258, 30.000000, 0.060209, 987, 916.0
478, 70.925926, 662.143258, 30.000000, 0.050285, 982, 762.0
479, 77.098765, 660.222721, 37.257747, 0.106397, 986, 766.0
480, 71.999759, 658.498243, 34.463757, 0.097359, 980, 774.0
481, 76.467764, 659.572842, 37.308148, 0.066235, 987, 839.0
482, 75.452675, 659.757136, 39.676997, 0.094324, 988, 765.0
483, 63.452497, 661.117815, 51.526164, 0.155166, 988, 885.0
484, 70.925926, 662.143258, 30.000000, 0.075522, 984, 768.0
485, 70.925926, 662.143258, 30.000000, 0.099681, 985, 774.0
486, 70.925926, 662.143258, 30.000000, 0.081146, 988, 778.0
487, 70.925926, 662.143258, 30.000000, 0.055812, 994, 773.0
488, 71.524581, 663.331050, 39.244543, 0.062535, 989, 813.0
489, 73.888889, 662.143258, 30.000000, 0.070353, 992, 779.0
490, 70.925926, 662.143258, 30.000000, 0.097421, 983, 762.0
491, 73.888889, 662.143258, 30.000000, 0.113404, 986, 769.0
492, 71.914088, 663.732210, 39.275655, 0.085786, 981, 772.0
493, 63.452497, 661.117815, 51.526164, 0.117461, 981, 768.0
494, 71.524581, 663.331050, 39.244543, 0.093992, 995, 773.0
495, 81.632477, 659.499868, 29.845414, 0.093996, 985, 760.0
496, 70.925926, 662.143258, 30.000000, 0.039097, 983, 763.0
497, 71.817558, 665.800038, 35.997722, 0.239114, 998, 776.0
498, 71.817558, 665.800038, 35.997722, 0.129859, 983, 764.0
499, 74.629630, 661.619475, 30.000000, 0.038477, 987, 766.0
500, 73.304247, 660.167936, 41.983310, 0.067231, 988, 766.0
501, 70.925926, 662.143258, 30.000000, 0.085646, 986, 916.0
502, 69.148720, 659.901562, 48.087031, 0.142609, 987, 789.0
503, 70.925926, 662.143258, 30.000000, 0.109431, 981, 891.0
504, 76.467764, 659.572842, 37.308148, 0.065023, 989, 923.0
505, 70.925926, 662.143258, 30.000000, 0.113559, 982, 793.0
506, 71.524581, 663.331050, 39.244543, 0.067372, 987, 879.0
507, 70.925926, 662.143258, 30.000000, 0.076597, 988, 766.0
508, 73.888889, 662.143258, 30.000000, 0.086404, 981, 809.0
509, 69.148720, 659.901562, 48.087031, 0.084291, 985, 765.0
510, 70.906874, 659.780847, 34.782497, 0.100570, 988, 867.0
511, 70.925926, 662.143258, 30.000000, 0.261679, 988, 801.0
512, 71.524581, 663.331050, 39.244543, 0.076731, 987, 931.0
513, 73.888889, 662.143258, 30.000000, 0.103346, 984, 1216.0
514, 63.811326, 660.174821, 51.663729, 0.165695, 979, 1044.0
515, 73.304247, 660.167936, 41.983310, 0.059185, 983, 821.0
516, 63.452497, 661.117815, 51.526164, 0.136430, 983, 774.0
517, 70.906874, 659.780847, 34.782497, 0.095964, 982, 1030.0
518, 63.452497, 661.117815, 51.526164, 0.195256, 983, 1276.0
519, 69.148720, 659.901562, 48.087031, 0.075955, 990, 1217.0
520, 70.925926, 662.143258, 30.000000, 0.050506, 983, 1178.0
521, 70.925926, 662.143258, 30.000000, 0.080058, 991, 1179.0
522, 70.925926, 662.143258, 30.000000, 0.164363, 987, 1186.0
523, 73.304247, 660.167936, 41.983310, 0.067846, 991, 766.0
524, 72.411583, 663.694691, 35.656698, 0.087560, 985, 937.0
525, 73.019357, 658.597486, 39.856200, 0.054090, 990, 899.0
526, 63.452497, 661.117815, 51.526164, 0.274564, 990, 763.0
527, 69.310319, 662.995752, 40.041004, 0.116031, 981, 758.0
528, 72.518671, 660.373605, 36.753737, 0.046805, 986, 766.0
529, 73.888889, 662.143258, 30.000000, 0.139797, 985, 765.0
530, 72.518671, 660.373605, 36.753737, 0.037868, 983, 796.0
531, 72.672743, 660.653990, 34.736568, 0.079776, 989, 780.0
532, 80.473251, 655.304983, 36.804138, 0.127267, 984, 762.0
533, 71.914088, 663.732210, 39.275655, 0.081053, 987, 765.0
534, 70.925926, 662.143258, 30.000000, 0.164998, 979, 760.0
535, 73.888889, 662.143258, 30.000000, 0.136422, 992, 881.0
536, 72.518671, 660.373605, 36.753737, 0.034550, 987, 763.0
537, 74.629630, 661.619475, 30.000000, 0.063305, 979, 779.0
538, 70.925926, 662.143258, 30.000000, 0.045926, 986, 850.0
539, 73.888889, 662.143258, 30.000000, 0.085132, 986, 763.0
540, 70.925926, 662.143258, 30.000000, 0.081026, 985, 806.0
541, 75.452675, 659.757136, 39.676997, 0.069166, 982, 1290.0
542, 70.906874, 659.780847, 34.782497, 0.089145, 987, 1228.0
543, 73.888889, 662.143258, 30.000000, 0.099883, 991, 1154.0
544, 73.888889, 662.143258, 30.000000, 0.128347, 985, 1278.0
545, 71.374917, 663.885249, 35.232373, 0.071637, 980, 1244.0
546, 76.538273, 662.883531, 27.308990, 0.103726, 995, 1241.0
547, 70.906874, 659.780847, 34.782497, 0.072160, 978, 1324.0
548, 70.925926, 662.143258, 30.000000, 0.167185, 990, 1298.0
549, 76.467764, 659.572842, 37.308148, 0.082987, 989, 1296.0
550, 76.467764, 659.572842, 37.308148, 0.099699, 984, 1291.0
551, 73.888889, 662.143258, 30.000000, 0.097156, 982, 1239.0
552, 63.811326, 660.174821, 51.663729, 0.373924, 983, 1299.0
553, 78.499996, 657.616590, 35.369109, 0.109532, 990, 1293.0
554, 73.417924, 659.737737, 36.753737, 0.077233, 981, 1311.0
555, 70.925926, 662.143258, 30.000000, 0.065584, 979, 1203.0
556, 70.925926, 662.143258, 30.000000, 0.139057, 988, 1067.0
557, 70.906874, 659.780847, 34.782497, 0.122001, 984, 1025.0
558, 70.906874, 659.780847, 34.782497, 0.057096, 989, 1220.0
559, 73.304247, 660.167936, 41.983310, 0.067456, 981, 759.0
560, 77.879155, 661.196132, 33.823478, 0.115671, 992, 766.0
561, 71.914088, 663.732210, 39.275655, 0.059685, 983, 762.0
562, 70.925926, 662.143258, 30.000000, 0.121224, 983, 761.0
563, 70.925926, 662.143258, 30.000000, 0.201782, 984, 763.0
564, 70.925926, 662.143258, 30.000000, 0.098439, 982, 760.0
565, 75.617284, 658.825967, 30.000000, 0.055913, 990, 766.0
566, 70.906874, 659.780847, 34.782497, 0.121089, 985, 763.0
567, 70.925926, 662.143258, 30.000000, 0.075879, 982, 761.0
568, 73.888889, 662.143258, 30.000000, 0.102099, 984, 782.0
569, 75.452675, 659.757136, 39.676997, 0.105258, 985, 763.0
570, 75.617284, 658.825967, 30.000000, 0.089229, 985, 762.0
571, 76.467764, 659.572842, 37.308148, 0.091610, 989, 773.0
572, 71.914088, 663.732210, 39.275655, 0.064200, 985, 805.0
573, 70.466251, 664.665215, 43.301929, 0.133739, 989, 809.0
574, 73.888889, 662.143258, 30.000000, 0.082132, 987, 780.0
575, 73.888889, 662.143258, 30.000000, 0.061567, 988, 766.0
576, 76.467764, 659.572842, 37.308148, 0.071713, 990, 766.0
577, 71.524581, 663.331050, 39.244543, 0.082044, 987, 763.0
578, 70.906874, 659.780847, 34.782497, 0.095253, 984, 762.0
579, 75.617284, 658.825967, 30.000000, 0.040893, 984, 762.0
580, 75.617284, 658.825967, 30.000000, 0.084507, 991, 767.0
581, 70.925926, 662.143258, 30.000000, 0.077149, 988, 810.0
582, 77.879155, 661.196132, 33.823478, 0.077954, 987, 763.0
583, 76.467764, 659.572842, 37.308148, 0.112382, 986, 764.0
584, 73.888889, 662.143258, 30.000000, 0.069805, 979, 803.0
585, 70.925926, 662.143258, 30.000000, 0.151157, 994, 813.0
586, 73.304247, 660.167936, 41.983310, 0.070417, 985, 764.0
587, 75.617284, 658.825967, 30.000000, 0.050467, 988, 823.0
588, 69.148720, 659.901562, 48.087031, 0.120133, 981, 761.0
589, 71.914088, 663.732210, 39.275655, 0.117636, 994, 805.0
590, 73.888889, 662.143258, 30.000000, 0.091744, 988, 775.0
591, 71.817558, 665.800038, 35.997722, 0.190202, 983, 786.0
592, 72.518671, 660.373605, 36.753737, 0.086702, 981, 759.0
593, 72.672743, 660.653990, 34.736568, 0.073012, 986, 763.0
594, 73.888889, 662.143258, 30.000000, 0.193527, 986, 764.0
595, 70.925926, 662.143258, 30.000000, 0.059172, 984, 761.0
596, 71.667048, 664.186119, 35.255707, 0.148174, 985, 774.0
597, 76.467764, 659.572842, 37.308148, 0.037757, 991, 871.0
598, 70.925926, 662.143258, 30.000000, 0.060973, 990, 767.0
599, 72.518671, 660.373605, 36.753737, 0.079275, 993, 765.0
600, 72.285602, 663.129213, 36.146125, 0.060770, 989, 776.0
601, 76.467764, 659.572842, 37.308148, 0.125020, 982, 776.0
602, 70.925926, 662.143258, 30.000000, 0.063491, 989, 776.0
603, 72.104502, 663.444153, 35.648337, 0.056789, 990, 786.0
604, 72.518671, 660.373605, 36.753737, 0.072607, 986, 794.0
605, 81.873502, 658.110204, 31.345777, 0.197279, 993, 767.0
606, 70.925926, 662.143258, 30.000000, 0.107940, 988, 774.0
607, 76.467764, 659.572842, 37.308148, 0.071575, 990, 767.0
608, 73.888889, 662.143258, 30.000000, 0.237207, 987, 764.0
609, 75.617284, 658.825967, 30.000000, 0.081057, 987, 774.0
610, 71.817558, 665.800038, 35.997722, 0.237011, 983, 761.0
611, 73.509374, 659.207488, 39.508993, 0.071519, 989, 764.0
612, 75.617284, 658.825967, 30.000000, 0.065637, 988, 946.0
613, 71.817558, 665.800038, 35.997722, 0.177029, 989, 763.0
614, 73.417924, 659.737737, 36.753737, 0.064589, 986, 760.0
615, 71.817558, 665.800038, 35.997722, 0.195410, 980, 902.0
616, 69.938272, 662.754338, 36.804138, 0.085819, 987, 771.0
617, 65.681995, 661.042852, 54.812698, 0.167635, 984, 770.0
618, 73.888889, 662.143258, 30.000000, 0.095191, 984, 770.0
619, 72.913301, 662.392037, 36.146125, 0.039324, 989, 792.0
620, 69.938272, 662.754338, 36.804138, 0.064075, 983, 802.0
621, 73.019357, 658.597486, 39.856200, 0.091793, 986, 762.0
622, 72.518671, 660.373605, 36.753737, 0.101274, 990, 789.0
623, 72.104502, 663.444153, 35.648337, 0.082891, 988, 1008.0
624, 70.925926, 662.143258, 30.000000, 0.108333, 986, 1213.0
625, 73.417924, 659.737737, 36.753737, 0.039892, 988, 1220.0
626, 71.524581, 663.331050, 39.244543, 0.185722, 991, 1217.0
627, 73.888889, 662.143258, 30.000000, 0.121891, 981, 1168.0
628, 73.888889, 662.143258, 30.000000, 0.098631, 987, 1111.0
629, 70.925926, 662.143258, 30.000000, 0.092631, 982, 773.0
630, 70.925926, 662.143258, 30.000000, 0.065271, 991, 879.0
631, 70.925926, 662.143258, 30.000000, 0.069062, 992, 787.0
632, 72.104502, 663.444153, 35.648337, 0.061692, 984, 1055.0
633, 70.925926, 662.143258, 30.000000, 0.105405, 986, 828.0
634, 77.605092, 661.517189, 33.624168, 0.062172, 985, 760.0
635, 70.906874, 659.780847, 34.782497, 0.160903, 988, 827.0
636, 71.914088, 663.732210, 39.275655, 0.025237, 979, 759.0
637, 63.452497, 661.117815, 51.526164, 0.179986, 984, 890.0
638, 75.617284, 658.825967, 30.000000, 0.081212, 995, 780.0
639, 70.466251, 664.665215, 43.301929, 0.194840, 986, 780.0
640, 75.617284, 658.825967, 30.000000, 0.073991, 982, 792.0
641, 70.925926, 662.143258, 30.000000, 0.068351, 988, 775.0
642, 75.345984, 658.417503, 37.117745, 0.146448, 982, 833.0
643, 70.925926, 662.143258, 30.000000, 0.069190, 988, 1238.0
644, 75.617284, 658.825967, 30.000000, 0.045763, 981, 1264.0
645, 70.925926, 662.143258, 30.000000, 0.073166, 982, 1309.0
646, 76.467764, 659.572842, 37.308148, 0.056305, 990, 1309.0
647, 70.925926, 662.143258, 30.000000, 0.082800, 988, 1243.0
648, 70.906874, 659.780847, 34.782497, 0.103559, 979, 1146.0
649, 71.524581, 663.331050, 39.244543, 0.093342, 987, 1236.0
650, 70.925926, 662.143258, 30.000000, 0.186842, 990, 1251.0
651, 70.925926, 662.143258, 30.000000, 0.041991, 982, 1253.0
652, 70.925926, 662.143258, 30.000000, 0.104060, 975, 1243.0
653, 70.925926, 662.143258, 30.000000, 0.090427, 986, 1255.0
654, 70.925926, 662.143258, 30.000000, 0.140278, 987, 1190.0
655, 70.925926, 662.143258, 30.000000, 0.059490, 988, 1188.0
656, 70.925926, 662.143258, 30.000000, 0.107159, 983, 774.0
657, 70.925926, 662.143258, 30.000000, 0.133185, 985, 1247.0
658, 71.817558, 665.800038, 35.997722, 0.152339, 986, 1240.0
659, 69.148720, 659.901562, 48.087031, 0.087840, 986, 1172.0
660, 66.953331, 663.756527, 46.002959, 0.095175, 985, 1183.0
661, 73.519154, 660.310198, 38.600841, 0.065976, 987, 1190.0
662, 70.925926, 662.143258, 30.000000, 0.092647, 980, 1172.0
663, 63.452497, 661.117815, 51.526164, 0.215775, 979, 762.0
664, 75.617284, 658.825967, 30.000000, 0.059856, 987, 864.0
665, 70.925926, 662.143258, 30.000000, 0.064368, 987, 1092.0
666, 75.774018, 658.189380, 36.817205, 0.110403, 988, 765.0
667, 63.452497, 661.117815, 51.526164, 0.181976, 977, 757.0
668, 71.524581, 663.331050, 39.244543, 0.141204, 978, 759.0
669, 77.839506, 659.960830, 36.804138, 0.074428, 986, 764.0
670, 69.828532, 665.237456, 40.937022, 0.134959, 985, 765.0
671, 71.524581, 663.331050, 39.244543, 0.066162, 982, 761.0
672, 72.518671, 660.373605, 36.753737, 0.060354, 987, 762.0
673, 63.811326, 660.174821, 51.663729, 0.170328, 990, 768.0
674, 71.687693, 660.954096, 35.599530, 0.044613, 988, 765.0
675, 75.403907, 657.591226, 37.821298, 0.058307, 991, 782.0
676, 67.051390, 665.728368, 34.802098, 0.198767, 979, 760.0
677, 70.925926, 662.143258, 30.000000, 0.104909, 986, 805.0
678, 72.518671, 660.373605, 36.753737, 0.056657, 988, 771.0
679, 70.925926, 662.143258, 30.000000, 0.154139, 992, 769.0
680, 71.524581, 663.331050, 39.244543, 0.109356, 994, 771.0
681, 75.774018, 658.189380, 36.817205, 0.148990, 987, 829.0
682, 70.925926, 662.143258, 30.000000, 0.114562, 984, 764.0
683, 73.888889, 662.143258, 30.000000, 0.071997, 984, 800.0
684, 70.925926, 662.143258, 30.000000, 0.084949, 986, 765.0
685, 71.524581, 663.331050, 39.244543, 0.121006, 988, 767.0
686, 70.116824, 659.349311, 39.244543, 0.178089, 984, 761.0
687, 70.925926, 662.143258, 30.000000, 0.157659, 987, 764.0
688, 76.467764, 659.572842, 37.308148, 0.076606, 981, 765.0
689, 70.466251, 664.665215, 43.301929, 0.211900, 990, 765.0
690, 73.417924, 659.737737, 36.753737, 0.043629, 987, 764.0
691, 70.906874, 659.780847, 34.782497, 0.132274, 987, 857.0
692, 73.888889, 662.143258, 30.000000, 0.076453, 990, 766.0
693, 72.104502, 663.444153, 35.648337, 0.066964, 987, 780.0
694, 73.888889, 662.143258, 30.000000, 0.143912, 989, 773.0
695, 77.674897, 657.400114, 40.433012, 0.162953, 986, 759.0
696, 70.925926, 662.143258, 30.000000, 0.091363, 978, 765.0
697, 70.906874, 659.780847, 34.782497, 0.070165, 986, 800.0
698, 63.452497, 661.117815, 51.526164, 0.169605, 985, 760.0
699, 70.925926, 662.143258, 30.000000, 0.132172, 977, 798.0
700, 73.417924, 659.737737, 36.753737, 0.047215, 988, 792.0
701, 73.304247, 660.167936, 41.983310, 0.077902, 989, 770.0
702, 70.925926, 662.143258, 30.000000, 0.074351, 983, 769.0
703, 63.811326, 660.174821, 51.663729, 0.193925, 989, 766.0
704, 70.925926, 662.143258, 30.000000, 0.166940, 990, 813.0
705, 70.925926, 662.143258, 30.000000, 0.165591, 989, 768.0
706, 70.925926, 662.143258, 30.000000, 0.055934, 982, 760.0
707, 73.888889, 662.143258, 30.000000, 0.043176, 986, 770.0
708, 63.811326, 660.174821, 51.663729, 0.246715, 989, 772.0
709, 72.518671, 660.373605, 36.753737, 0.104222, 982, 763.0
710, 71.914088, 663.732210, 39.275655, 0.114389, 988, 778.0
711, 70.925926, 662.143258, 30.000000, 0.089742, 990, 771.0
712, 70.925926, 662.143258, 30.000000, 0.069546, 981, 762.0
713, 63.452497, 661.117815, 51.526164, 0.165362, 989, 867.0
714, 72.672743, 660.653990, 34.736568, 0.047200, 983, 761.0
715, 76.319794, 661.102338, 36.827472, 0.199925, 986, 765.0
716, 70.925926, 662.143258, 30.000000, 0.061680, 983, 761.0
717, 70.906874, 659.780847, 34.782497, 0.211061, 986, 804.0
718, 70.925926, 662.143258, 30.000000, 0.142957, 984, 763.0
719, 63.811326, 660.174821, 51.663729, 0.266731, 992, 769.0
720, 71.524581, 663.331050, 39.244543, 0.090574, 989, 776.0
721, 73.509374, 659.207488, 39.508993, 0.202070, 989, 795.0
722, 70.925926, 662.143258, 30.000000, 0.135215, 979, 796.0
723, 63.811326, 660.174821, 51.663729, 0.219073, 987, 783.0
724, 75.617284, 658.825967, 30.000000, 0.061204, 988, 763.0
725, 67.051390, 665.728368, 34.802098, 0.159252, 981, 766.0
726, 75.452675, 655.566874, 37.257747, 0.087492, 988, 774.0
727, 70.925926, 662.143258, 30.000000, 0.074596, 988, 766.0
728, 73.888889, 662.143258, 30.000000, 0.065015, 977, 757.0
729, 75.617284, 658.825967, 30.000000, 0.058287, 987, 763.0
730, 71.524581, 663.331050, 39.244543, 0.124758, 988, 944.0
731, 67.051390, 665.728368, 34.802098, 0.192723, 978, 758.0
732, 72.518671, 660.373605, 36.753737, 0.071156, 993, 784.0
733, 73.888889, 662.143258, 30.000000, 0.109509, 985, 776.0
734, 74.638775, 659.055526, 39.996203, 0.113516, 984, 760.0
735, 70.925926, 662.143258, 30.000000, 0.084063, 981, 758.0
736, 70.925926, 662.143258, 30.000000, 0.117398, 984, 768.0
737, 71.524581, 663.331050, 39.244543, 0.109998, 991, 764.0
738, 70.925926, 662.143258, 30.000000, 0.101297, 985, 801.0
739, 77.839506, 659.960830, 36.804138, 0.067443, 984, 775.0
740, 70.925926, 662.143258, 30.000000, 0.084409, 982, 761.0
741, 76.467764, 659.572842, 37.308148, 0.104621, 986, 764.0
742, 71.914088, 663.732210, 39.275655, 0.087818, 985, 770.0
743, 76.011850, 657.863812, 32.521451, 0.090271, 975, 755.0
744, 73.888889, 662.143258, 30.000000, 0.071040, 983, 799.0
745, 71.524581, 663.331050, 39.244543, 0.088673, 991, 769.0
746, 70.925926, 662.143258, 30.000000, 0.090323, 992, 797.0
747, 74.734775, 660.654028, 39.309411, 0.160494, 983, 762.0
748, 68.253569, 659.292270, 50.220144, 0.191600, 990, 885.0
749, 70.925926, 662.143258, 30.000000, 0.080761, 985, 764.0
750, 74.638775, 659.055526, 39.996203, 0.084220, 997, 772.0
751, 72.518671, 660.373605, 36.753737, 0.053286, 985, 764.0
752, 71.817558, 665.800038, 35.997722, 0.154393, 985, 781.0
753, 70.925926, 662.143258, 30.000000, 0.176875, 981, 760.0
754, 63.811326, 660.174821, 51.663729, 0.156022, 980, 762.0
755, 70.925926, 662.143258, 30.000000, 0.208057, 990, 778.0
756, 70.466251, 664.665215, 43.301929, 0.071156, 989, 766.0
757, 70.906874, 659.780847, 34.782497, 0.080070, 984, 762.0
758, 63.452497, 661.117815, 51.526164, 0.183587, 977, 772.0
759, 63.452497, 661.117815, 51.526164, 0.141224, 991, 763.0
760, 69.556221, 668.039070, 29.845414, 0.193758, 984, 759.0
761, 78.333717, 657.316199, 35.438138, 0.058081, 983, 848.0
762, 71.914088, 663.732210, 39.275655, 0.094510, 982, 788.0
763, 63.811326, 660.174821, 51.663729, 0.142325, 979, 761.0
764, 63.452497, 661.117815, 51.526164, 0.199500, 986, 766.0
765, 73.417924, 659.737737, 36.753737, 0.059743, 989, 768.0
766, 63.452497, 661.117815, 51.526164, 0.217256, 979, 770.0
767, 71.914088, 663.732210, 39.275655, 0.129660, 987, 766.0
768, 73.888889, 662.143258, 30.000000, 0.095471, 988, 778.0
769, 77.879155, 661.196132, 33.823478, 0.092637, 993, 805.0
770, 71.524581, 663.331050, 39.244543, 0.062064, 983, 762.0
771, 73.888889, 662.143258, 30.000000, 0.054637, 986, 771.0
772, 69.148720, 659.901562, 48.087031, 0.085509, 984, 763.0
773, 71.667048, 664.186119, 35.255707, 0.118085, 986, 785.0
774, 73.304247, 660.167936, 41.983310, 0.045841, 990, 786.0
775, 63.452497, 661.117815, 51.526164, 0.117290, 986, 763.0
776, 71.524581, 663.331050, 39.244543, 0.108555, 988, 765.0
777, 69.148720, 659.901562, 48.087031, 0.105247, 992, 792.0
778, 70.925926, 662.143258, 30.000000, 0.062469, 981, 795.0
779, 70.906874, 659.780847, 34.782497, 0.096022, 986, 764.0
780, 71.524581, 663.331050, 39.244543, 0.046110, 979, 760.0
781, 75.617284, 658.825967, 30.000000, 0.077464, 985, 843.0
782, 72.104502, 663.444153, 35.648337, 0.053661, 986, 763.0
783, 71.524581, 663.331050, 39.244543, 0.105650, 981, 766.0
784, 71.524581, 663.331050, 39.244543, 0.103594, 987, 839.0
785, 70.925926, 662.143258, 30.000000, 0.097242, 985, 803.0
786, 70.925926, 662.143258, 30.000000, 0.126568, 984, 760.0
787, 71.524581, 663.331050, 39.244543, 0.057498, 984, 762.0
788, 69.310319, 662.995752, 40.041004, 0.142383, 982, 778.0
789, 68.625972, 658.926197, 33.948080, 0.137979, 981, 761.0
790, 70.925926, 662.143258, 30.000000, 0.044461, 987, 788.0
791, 63.811326, 660.174821, 51.663729, 0.091120, 992, 772.0
792, 71.914088, 663.732210, 39.275655, 0.062865, 985, 801.0
793, 73.888889, 662.143258, 30.000000, 0.042774, 988, 799.0
794, 63.811326, 660.174821, 51.663729, 0.126357, 983, 770.0
795, 69.148720, 659.901562, 48.087031, 0.065572, 987, 775.0
796, 73.888889, 662.143258, 30.000000, 0.115870, 986, 770.0
797, 70.925926, 662.143258, 30.000000, 0.259082, 984, 802.0
798, 76.467764, 659.572842, 37.308148, 0.072366, 987, 765.0
799, 69.148720, 659.901562, 48.087031, 0.131016, 989, 766.0
800, 77.098765, 660.222721, 37.257747, 0.107615, 981, 779.0
801, 70.925926, 662.143258, 30.000000, 0.091011, 987, 766.0
802, 75.345984, 658.417503, 37.117745, 0.077918, 985, 763.0
803, 63.811326, 660.174821, 51.663729, 0.186099, 990, 769.0
804, 71.524581, 663.331050, 39.244543, 0.139642, 981, 760.0
805, 74.638775, 659.055526, 39.996203, 0.119231, 993, 769.0
806, 73.417924, 659.737737, 36.753737, 0.044544, 986, 770.0
807, 69.310319, 662.995752, 40.041004, 0.128850, 982, 762.0
808, 71.524581, 663.331050, 39.244543, 0.041101, 984, 762.0
809, 71.524581, 663.331050, 39.244543, 0.130969, 984, 772.0
810, 63.811326, 660.174821, 51.663729, 0.285650, 987, 792.0
811, 71.524581, 663.331050, 39.244543, 0.059597, 986, 765.0
812, 70.925926, 662.143258, 30.000000, 0.068211, 979, 757.0
813, 71.524581, 663.331050, 39.244543, 0.105295, 984, 786.0
814, 63.452497, 661.117815, 51.526164, 0.143261, 983, 762.0
815, 69.938272, 662.754338, 36.804138, 0.115487, 990, 767.0
816, 63.452497, 661.117815, 51.526164, 0.142691, 982, 763.0
817, 71.524581, 663.331050, 39.244543, 0.062878, 988, 765.0
818, 70.925926, 662.143258, 30.000000, 0.087308, 987, 764.0
819, 70.925926, 662.143258, 30.000000, 0.092295, 990, 774.0
820, 67.051390, 665.728368, 34.802098, 0.157998, 980, 761.0
821, 63.452497, 661.117815, 51.526164, 0.151329, 985, 763.0
822, 73.888889, 662.143258, 30.000000, 0.084527, 988, 779.0
823, 70.925926, 662.143258, 30.000000, 0.096502, 985, 785.0
824, 70.925926, 662.143258, 30.000000, 0.097113, 983, 803.0
825, 70.925926, 662.143258, 30.000000, 0.065973, 981, 761.0
826, 78.333717, 657.316199, 35.438138, 0.060395, 988, 810.0
827, 70.925926, 662.143258, 30.000000, 0.089228, 983, 763.0
828, 63.811326, 660.174821, 51.663729, 0.180720, 981, 762.0
829, 63.452497, 661.117815, 51.526164, 0.112786, 983, 764.0
830, 70.925926, 662.143258, 30.000000, 0.078469, 986, 765.0
831, 70.925926, 662.143258, 30.000000, 0.101639, 988, 767.0
832, 70.925926, 662.143258, 30.000000, 0.092554, 992, 771.0
833, 63.811326, 660.174821, 51.663729, 0.430145, 985, 765.0
834, 68.253569, 659.292270, 50.220144, 0.237359, 989, 767.0
835, 70.925926, 662.143258, 30.000000, 0.144557, 973, 757.0
836, 69.938272, 662.754338, 36.804138, 0.160677, 989, 764.0
837, 69.310319, 662.995752, 40.041004, 0.139938, 981, 761.0
838, 63.811326, 660.174821, 51.663729, 0.178596, 981, 762.0
839, 71.524581, 663.331050, 39.244543, 0.098672, 983, 788.0
840, 70.925926, 662.143258, 30.000000, 0.124601, 984, 763.0
841, 70.925926, 662.143258, 30.000000, 0.149161, 985, 766.0
842, 69.310319, 662.995752, 40.041004, 0.077892, 991, 769.0
843, 69.457842, 667.717497, 36.032309, 0.144661, 979, 760.0
844, 70.925926, 662.143258, 30.000000, 0.056798, 986, 764.0
845, 72.518671, 660.373605, 36.753737, 0.048845, 985, 770.0
846, 63.811326, 660.174821, 51.663729, 0.189453, 983, 764.0
847, 72.518671, 660.373605, 36.753737, 0.022176, 982, 791.0
848, 63.811326, 660.174821, 51.663729, 0.221006, 984, 768.0
849, 70.925926, 662.143258, 30.000000, 0.091778, 981, 761.0
850, 67.139918, 661.124791, 40.433012, 0.072744, 984, 762.0
851, 63.811326, 660.174821, 51.663729, 0.162308, 989, 812.0
852, 70.925926, 662.143258, 30.000000, 0.081076, 978, 758.0
853, 70.925926, 662.143258, 30.000000, 0.078559, 982, 761.0
854, 62.032295, 661.181854, 39.444073, 0.652915, 986, 762.0
855, 70.925926, 662.143258, 30.000000, 0.080404, 981, 792.0
856, 63.811326, 660.174821, 51.663729, 0.128145, 984, 764.0
857, 63.811326, 660.174821, 51.663729, 0.159012, 987, 767.0
858, 63.452497, 661.117815, 51.526164, 0.168820, 983, 770.0
859, 76.467764, 659.572842, 37.308148, 0.081426, 984, 841.0
860, 70.925926, 662.143258, 30.000000, 0.119871, 992, 769.0
861, 71.524581, 663.331050, 39.244543, 0.067518, 983, 780.0
862, 71.524581, 663.331050, 39.244543, 0.089256, 985, 765.0
863, 70.466251, 664.665215, 43.301929, 0.104763, 984, 795.0
864, 70.925926, 662.143258, 30.000000, 0.156769, 979, 766.0
865, 63.811326, 660.174821, 51.663729, 0.226141, 980, 761.0
866, 69.938272, 662.754338, 36.804138, 0.105426, 982, 762.0
867, 70.925926, 662.143258, 30.000000, 0.069407, 985, 761.0
868, 73.019357, 658.597486, 39.856200, 0.091460, 985, 765.0
869, 73.888889, 662.143258, 30.000000, 0.055670, 991, 767.0
870, 71.524581, 663.331050, 39.244543, 0.079052, 985, 763.0
871, 70.925926, 662.143258, 30.000000, 0.110724, 983, 829.0
872, 71.524581, 663.331050, 39.244543, 0.054148, 984, 763.0
873, 71.524581, 663.331050, 39.244543, 0.097837, 985, 763.0
874, 70.925926, 662.143258, 30.000000, 0.074122, 996, 787.0
875, 68.253569, 659.292270, 50.220144, 0.145370, 987, 796.0
876, 69.938272, 662.754338, 36.804138, 0.103142, 993, 769.0
877, 70.925926, 662.143258, 30.000000, 0.075315, 988, 777.0
878, 71.817558, 665.800038, 35.997722, 0.229113, 983, 804.0
879, 70.925926, 662.143258, 30.000000, 0.155473, 984, 762.0
880, 70.925926, 662.143258, 30.000000, 0.081104, 988, 767.0
881, 70.925926, 662.143258, 30.000000, 0.153960, 977, 758.0
882, 70.925926, 662.143258, 30.000000, 0.129032, 981, 762.0
883, 76.467764, 659.572842, 37.308148, 0.110867, 983, 761.0
884, 70.925926, 662.143258, 30.000000, 0.202998, 991, 769.0
885, 70.906874, 659.780847, 34.782497, 0.062880, 987, 764.0
886, 63.452497, 661.117815, 51.526164, 0.140508, 986, 765.0
887, 68.253569, 659.292270, 50.220144, 0.166148, 988, 780.0
888, 76.467764, 659.572842, 37.308148, 0.116500, 982, 760.0
889, 71.524581, 663.331050, 39.244543, 0.122446, 978, 759.0
890, 70.925926, 662.143258, 30.000000, 0.068723, 982, 767.0
891, 76.467764, 659.572842, 37.308148, 0.115111, 983, 821.0
892, 63.811326, 660.174821, 51.663729, 0.167986, 987, 767.0
893, 76.467764, 659.572842, 37.308148, 0.062682, 987, 776.0
894, 63.452497, 661.117815, 51.526164, 0.225434, 982, 817.0
895, 70.925926, 662.143258, 30.000000, 0.065956, 985, 761.0
896, 63.452497, 661.117815, 51.526164, 0.257017, 977, 778.0
897, 70.925926, 662.143258, 30.000000, 0.072927, 984, 758.0
898, 70.925926, 662.143258, 30.000000, 0.065956, 983, 758.0
899, 75.617284, 658.825967, 30.000000, 0.083046, 989, 762.0
900, 73.417924, 659.737737, 36.753737, 0.069408, 989, 766.0
901, 71.821369, 663.182202, 35.656115, 0.103557, 984, 763.0
902, 63.452497, 661.117815, 51.526164, 0.227052, 984, 774.0
903, 69.938272, 662.754338, 36.804138, 0.108819, 988, 774.0
904, 70.925926, 662.143258, 30.000000, 0.068733, 984, 763.0
905, 70.925926, 662.143258, 30.000000, 0.154582, 988, 802.0
906, 63.811326, 660.174821, 51.663729, 0.228783, 987, 775.0
907, 70.925926, 662.143258, 30.000000, 0.149451, 980, 767.0
908, 70.925926, 662.143258, 30.000000, 0.065389, 988, 766.0
909, 68.625972, 658.926197, 33.948080, 0.121985, 988, 1320.0
910, 63.811326, 660.174821, 51.663729, 0.207470, 983, 1273.0
911, 63.811326, 660.174821, 51.663729, 0.154113, 984, 1258.0
912, 75.452675, 659.757136, 39.676997, 0.154673, 994, 1342.0
913, 70.925926, 662.143258, 30.000000, 0.157049, 981, 1290.0
914, 70.925926, 662.143258, 30.000000, 0.044949, 985, 1260.0
915, 63.452497, 661.117815, 51.526164, 0.263818, 979, 1380.0
916, 63.811326, 660.174821, 51.663729, 0.195538, 982, 1372.0
917, 72.518671, 660.373605, 36.753737, 0.044528, 988, 1362.0
918, 70.925926, 662.143258, 30.000000, 0.161581, 981, 1345.0
919, 63.811326, 660.174821, 51.663729, 0.173347, 987, 1252.0
920, 69.828532, 665.237456, 40.937022, 0.137521, 983, 1306.0
921, 70.925926, 662.143258, 30.000000, 0.097912, 975, 1292.0
922, 73.417924, 659.737737, 36.753737, 0.042368, 983, 1305.0
923, 71.524581, 663.331050, 39.244543, 0.157001, 984, 1220.0
924, 71.524581, 663.331050, 39.244543, 0.059106, 983, 763.0
925, 70.925926, 662.143258, 30.000000, 0.094801, 984, 762.0
926, 70.925926, 662.143258, 30.000000, 0.118537, 993, 784.0
927, 71.374917, 663.885249, 35.232373, 0.053676, 990, 765.0
928, 71.524581, 663.331050, 39.244543, 0.099214, 985, 780.0
929, 70.925926, 662.143258, 30.000000, 0.142502, 985, 787.0
930, 69.938272, 662.754338, 36.804138, 0.076946, 987, 764.0
931, 69.310319, 662.995752, 40.041004, 0.090777, 990, 781.0
932, 73.304247, 660.167936, 41.983310, 0.034959, 981, 760.0
933, 70.466251, 664.665215, 43.301929, 0.086461, 988, 766.0
934, 76.467764, 659.572842, 37.308148, 0.039248, 983, 766.0
935, 77.674897, 657.400114, 40.433012, 0.094800, 984, 763.0
936, 70.925926, 662.143258, 30.000000, 0.076248, 985, 763.0
937, 75.617284, 658.825967, 30.000000, 0.116668, 987, 763.0
938, 72.518671, 660.373605, 36.753737, 0.091179, 984, 762.0
939, 70.925926, 662.143258, 30.000000, 0.060260, 984, 760.0
940, 73.888889, 662.143258, 30.000000, 0.040567, 988, 765.0
941, 70.906874, 659.780847, 34.782497, 0.106462, 986, 780.0
942, 71.524581, 663.331050, 39.244543, 0.124090, 983, 762.0
943, 70.925926, 662.143258, 30.000000, 0.040145, 984, 764.0
944, 73.888889, 662.143258, 30.000000, 0.111509, 995, 783.0
945, 70.906874, 659.780847, 34.782497, 0.051970, 987, 764.0
946, 70.925926, 662.143258, 30.000000, 0.142011, 982, 974.0
947, 70.925926, 662.143258, 30.000000, 0.140960, 981, 771.0
948, 76.467764, 659.572842, 37.308148, 0.085925, 984, 761.0
949, 70.925926, 662.143258, 30.000000, 0.147610, 978, 758.0
950, 75.774018, 658.189380, 36.817205, 0.189732, 989, 776.0
951, 71.524581, 663.331050, 39.244543, 0.051053, 988, 767.0
952, 71.524581, 663.331050, 39.244543, 0.048753, 988, 766.0
953, 69.148720, 659.901562, 48.087031, 0.102561, 986, 1189.0
954, 71.524581, 663.331050, 39.244543, 0.108349, 990, 1217.0
955, 70.925926, 662.143258, 30.000000, 0.091832, 985, 760.0
956, 71.914088, 663.732210, 39.275655, 0.107232, 989, 765.0
957, 67.139918, 661.124791, 40.433012, 0.154544, 987, 764.0
958, 76.467764, 659.572842, 37.308148, 0.048960, 988, 764.0
959, 70.925926, 662.143258, 30.000000, 0.123553, 983, 770.0
960, 63.452497, 661.117815, 51.526164, 0.133469, 983, 763.0
961, 63.452497, 661.117815, 51.526164, 0.138028, 984, 959.0
962, 76.193416, 655.304983, 36.804138, 0.099063, 984, 776.0
963, 70.466251, 664.665215, 43.301929, 0.086532, 992, 764.0
964, 71.524581, 663.331050, 39.244543, 0.092482, 984, 759.0
965, 75.452675, 655.566874, 37.257747, 0.067183, 988, 912.0
966, 73.888889, 662.143258, 30.000000, 0.080461, 985, 782.0
967, 63.811326, 660.174821, 51.663729, 0.247893, 988, 813.0
968, 70.925926, 662.143258, 30.000000, 0.117992, 988, 1062.0
969, 72.518671, 660.373605, 36.753737, 0.031454, 984, 778.0
970, 72.518671, 660.373605, 36.753737, 0.065960, 987, 815.0
971, 74.638775, 659.055526, 39.996203, 0.091804, 994, 767.0
972, 70.925926, 662.143258, 30.000000, 0.064596, 991, 767.0
973, 70.925926, 662.143258, 30.000000, 0.076125, 984, 774.0
974, 71.524581, 663.331050, 39.244543, 0.110286, 989, 866.0
975, 69.310319, 662.995752, 40.041004, 0.175125, 987, 766.0
976, 69.148720, 659.901562, 48.087031, 0.073365, 991, 798.0
977, 75.452675, 659.757136, 39.676997, 0.127752, 994, 793.0
978, 75.774018, 658.189380, 36.817205, 0.107536, 989, 766.0
979, 70.906874, 659.780847, 34.782497, 0.102769, 990, 768.0
980, 63.452497, 661.117815, 51.526164, 0.160550, 981, 773.0
981, 71.524581, 663.331050, 39.244543, 0.113087, 990, 767.0
982, 71.817558, 665.800038, 35.997722, 0.165199, 988, 766.0
983, 69.310319, 662.995752, 40.041004, 0.056439, 989, 922.0
984, 63.811326, 660.174821, 51.663729, 0.156430, 989, 769.0
985, 63.811326, 660.174821, 51.663729, 0.120297, 992, 817.0
986, 70.925926, 662.143258, 30.000000, 0.095334, 986, 781.0
987, 63.811326, 660.174821, 51.663729, 0.216060, 992, 785.0
988, 70.925926, 662.143258, 30.000000, 0.113853, 990, 805.0
989, 70.925926, 662.143258, 30.000000, 0.121829, 991, 979.0
990, 69.310319, 662.995752, 40.041004, 0.153402, 984, 1263.0
991, 69.148720, 659.901562, 48.087031, 0.089818, 992, 1184.0
992, 76.467764, 659.572842, 37.308148, 0.080239, 988, 1033.0
993, 71.667048, 664.186119, 35.255707, 0.101736, 982, 1276.0
994, 69.148720, 659.901562, 48.087031, 0.148195, 983, 1178.0
995, 70.925926, 662.143258, 30.000000, 0.088005, 991, 1182.0
996, 74.629630, 661.619475, 30.000000, 0.069165, 991, 767.0
997, 73.888889, 662.143258, 30.000000, 0.102079, 986, 764.0
998, 70.925926, 662.143258, 30.000000, 0.151959, 982, 783.0
999, 63.811326, 660.174821, 51.663729, 0.092841, 985, 780.0
