#idx, x0, x1, x2, y, f_neval, total_time (us), 
0, 68.314687, 665.524428, 39.399103, 0.108141, 5659, 4069.0
1, 71.966450, 660.204797, 45.949062, 0.102397, 5597, 4036.0
2, 74.976966, 661.158604, 35.347687, 0.042771, 5627, 4049.0
3, 70.662847, 661.310037, 39.146101, 0.078597, 5662, 4158.0
4, 71.378910, 662.636956, 38.552406, 0.107383, 5649, 4113.0
5, 76.460750, 660.815810, 28.588996, 0.034002, 5594, 4026.0
6, 69.682272, 661.719229, 44.439900, 0.084712, 5655, 4233.0
7, 74.114821, 660.105129, 44.181224, 0.081101, 5600, 4049.0
8, 69.726209, 662.257577, 41.813982, 0.135720, 5660, 4160.0
9, 70.766610, 661.391456, 39.732278, 0.070080, 5649, 4064.0
10, 74.055997, 659.977055, 38.948685, 0.086044, 5644, 4203.0
11, 78.441049, 660.526399, 30.965713, 0.081683, 5607, 4038.0
12, 75.134999, 660.101204, 36.858878, 0.062553, 5626, 4122.0
13, 77.307645, 659.623221, 31.203984, 0.052966, 5612, 4157.0
14, 74.563632, 660.430492, 38.493384, 0.051729, 5627, 4102.0
15, 73.146413, 660.595237, 36.107615, 0.044215, 5626, 4049.0
16, 74.985322, 660.633344, 32.004696, 0.044868, 5609, 4042.0
17, 76.325356, 660.947184, 28.374166, 0.037721, 5602, 4110.0
18, 74.151964, 659.550458, 36.048706, 0.034948, 5613, 4037.0
19, 77.097051, 660.847745, 34.753722, 0.087683, 5610, 4036.0
20, 76.027134, 659.991490, 33.760234, 0.074251, 5601, 4036.0
21, 74.721218, 661.366082, 29.677454, 0.065472, 5632, 4320.0
22, 69.612269, 661.829565, 40.564059, 0.102168, 5664, 4077.0
23, 71.864186, 660.527868, 40.005821, 0.066997, 5639, 4064.0
24, 70.929469, 661.952574, 41.694379, 0.085543, 5640, 4081.0
25, 74.180128, 659.391896, 38.478351, 0.059836, 5619, 4083.0
26, 69.725739, 660.992769, 42.705323, 0.193510, 5637, 4195.0
27, 67.716874, 660.989728, 45.366392, 0.147859, 5664, 4078.0
28, 71.867172, 660.301213, 38.965040, 0.072530, 5667, 4084.0
29, 72.407375, 660.545728, 42.209957, 0.074903, 5639, 4163.0
30, 72.599730, 660.368224, 38.997513, 0.062076, 5643, 4271.0
31, 69.080271, 662.059041, 42.587821, 0.136328, 5657, 4088.0
32, 78.435829, 658.707556, 32.714508, 0.056902, 5615, 4044.0
33, 75.590916, 658.509561, 34.876315, 0.045000, 5619, 4139.0
34, 71.705327, 660.197599, 43.841961, 0.068785, 5659, 4147.0
35, 71.752198, 662.921394, 38.218193, 0.040594, 5667, 4116.0
36, 67.192877, 658.873339, 48.279249, 0.172137, 5668, 4209.0
37, 72.751568, 659.490163, 40.323739, 0.037191, 5620, 4060.0
38, 70.343328, 659.151622, 46.880393, 0.060562, 5624, 4153.0
39, 72.647637, 660.195298, 35.103457, 0.065909, 5631, 4803.0
40, 68.108668, 662.017795, 42.412660, 0.073306, 5660, 4139.0
41, 70.738923, 662.735243, 37.983533, 0.071302, 5657, 4230.0
42, 69.647141, 663.569381, 34.766668, 0.101683, 5667, 4112.0
43, 72.237208, 660.747042, 43.694056, 0.071750, 5657, 4086.0
44, 70.811218, 661.770644, 40.046331, 0.075277, 5647, 4107.0
45, 71.454349, 661.227123, 37.720508, 0.040615, 5644, 4251.0
46, 70.643790, 660.560072, 43.537692, 0.145026, 5640, 4094.0
47, 77.431374, 659.253770, 31.876914, 0.073654, 5591, 4127.0
48, 71.932576, 661.171331, 41.388368, 0.052369, 5644, 4069.0
49, 77.122919, 658.627841, 30.499439, 0.020892, 5625, 4166.0
50, 68.385871, 661.376923, 41.696111, 0.163894, 5656, 4095.0
51, 70.685910, 659.479503, 42.302106, 0.139089, 5615, 4055.0
52, 69.066319, 662.671621, 37.910329, 0.061303, 5666, 4056.0
53, 72.252687, 661.106407, 38.099378, 0.047410, 5639, 4058.0
54, 75.394206, 659.756897, 31.621970, 0.041561, 5591, 4016.0
55, 69.583587, 659.973830, 44.667688, 0.076444, 5649, 4123.0
56, 70.134204, 663.108225, 43.132017, 0.076650, 5662, 4105.0
57, 66.642563, 659.565648, 46.470719, 0.220983, 5658, 4140.0
58, 70.341738, 660.853242, 44.679830, 0.121303, 5641, 4078.0
59, 72.904593, 660.497044, 35.538228, 0.036910, 5639, 4056.0
60, 73.284315, 660.399734, 37.471723, 0.061330, 5612, 4056.0
61, 74.486053, 660.708815, 31.242959, 0.034808, 5637, 4061.0
62, 68.858329, 662.516376, 36.989217, 0.065984, 5653, 4054.0
63, 77.485416, 659.287852, 28.893231, 0.072678, 5587, 4057.0
64, 72.501896, 659.447976, 45.054254, 0.141670, 5603, 4240.0
65, 70.087011, 659.969245, 38.837462, 0.068631, 5640, 4178.0
66, 68.667666, 659.709148, 44.100995, 0.076856, 5658, 4277.0
67, 74.088021, 659.784641, 34.761087, 0.024847, 5641, 4057.0
68, 69.188682, 659.795090, 45.112655, 0.070020, 5653, 4261.0
69, 68.461869, 661.791132, 41.800476, 0.082407, 5665, 4252.0
70, 68.172131, 660.077655, 44.194824, 0.107718, 5662, 4168.0
71, 73.662585, 659.828836, 41.231421, 0.061686, 5597, 4129.0
72, 70.811601, 663.700450, 37.711888, 0.083288, 5664, 4280.0
73, 68.689211, 660.722029, 44.502397, 0.041677, 5664, 4163.0
74, 69.053721, 662.629123, 37.636356, 0.065655, 5659, 4176.0
75, 72.018836, 660.641033, 37.155684, 0.032026, 5640, 4119.0
76, 68.437662, 664.152975, 35.532506, 0.094070, 5660, 4191.0
77, 65.843051, 662.316176, 44.225871, 0.114779, 5660, 4130.0
78, 76.051014, 659.107035, 37.614596, 0.035480, 5604, 4089.0
79, 70.612793, 660.205018, 43.809034, 0.139302, 5635, 4132.0
80, 70.061380, 661.051290, 38.476750, 0.028835, 5655, 4092.0
81, 70.305170, 661.816040, 40.452325, 0.038193, 5656, 4324.0
82, 67.535098, 662.344794, 42.886916, 0.105545, 5661, 4133.0
83, 69.140811, 662.243193, 39.676501, 0.061074, 5653, 4196.0
84, 69.620585, 660.094312, 43.442845, 0.119787, 5633, 4078.0
85, 67.870955, 661.704322, 43.878342, 0.112041, 5654, 4074.0
86, 74.437146, 660.814813, 33.633150, 0.032270, 5613, 4196.0
87, 68.294271, 662.252931, 41.369425, 0.077594, 5659, 4116.0
88, 64.729058, 665.079386, 39.743858, 0.214842, 5660, 4082.0
89, 71.848366, 660.939291, 38.423502, 0.051034, 5639, 4755.0
90, 69.082349, 660.251461, 45.512037, 0.059987, 5667, 4089.0
91, 71.555497, 660.697354, 38.418234, 0.051077, 5634, 4309.0
92, 67.531074, 666.097008, 50.861499, 0.047552, 5645, 4088.0
93, 70.228374, 660.670601, 42.679798, 0.042759, 5635, 4061.0
94, 71.055538, 660.645967, 46.503266, 0.057496, 5658, 4074.0
95, 74.881421, 660.983112, 32.189476, 0.049693, 5625, 4020.0
96, 71.847038, 660.103404, 39.374710, 0.029777, 5637, 4074.0
97, 70.354009, 661.611051, 43.670571, 0.043620, 5659, 4087.0
98, 73.119333, 660.751510, 37.023803, 0.044411, 5642, 4280.0
99, 71.012105, 662.062477, 37.778827, 0.043557, 5647, 4068.0
100, 69.547162, 660.547273, 46.062290, 0.046830, 5676, 4104.0
101, 69.617815, 662.821704, 44.307723, 0.145941, 5670, 4096.0
102, 68.432254, 661.672039, 43.460420, 0.079397, 5661, 4153.0
103, 68.241656, 661.090621, 43.837218, 0.047084, 5662, 4154.0
104, 67.863417, 661.168218, 40.738741, 0.127173, 5656, 4085.0
105, 69.585729, 662.053624, 36.242648, 0.076354, 5657, 4065.0
106, 68.839946, 659.590267, 43.582109, 0.083168, 5662, 4194.0
107, 75.715385, 657.721520, 43.003926, 0.076642, 5571, 4143.0
108, 69.703318, 661.934456, 40.918569, 0.056931, 5659, 4080.0
109, 66.166415, 661.547868, 43.773657, 0.156479, 5659, 4077.0
110, 72.080298, 660.789929, 39.295478, 0.076763, 5640, 4077.0
111, 71.832029, 661.797315, 35.464095, 0.062650, 5661, 4106.0
112, 76.259839, 659.548268, 31.486695, 0.037344, 5628, 4047.0
113, 68.896444, 661.639123, 43.605731, 0.078689, 5663, 4099.0
114, 69.433955, 661.568852, 43.840734, 0.076680, 5663, 4106.0
115, 73.586205, 661.422554, 31.917499, 0.028876, 5633, 4095.0
116, 73.051087, 659.461136, 35.179025, 0.041601, 5624, 4037.0
117, 72.069600, 660.832809, 44.192860, 0.047300, 5641, 4083.0
118, 69.219263, 663.219351, 39.577956, 0.059611, 5657, 4072.0
119, 73.191687, 658.711363, 39.568374, 0.029223, 5618, 4046.0
120, 69.050855, 662.333825, 39.869163, 0.062620, 5666, 4068.0
121, 65.264200, 661.870663, 44.472030, 0.186775, 5664, 4079.0
122, 76.859613, 659.739696, 30.584567, 0.076674, 5603, 4034.0
123, 69.938782, 662.295708, 41.952297, 0.032872, 5656, 4343.0
124, 73.942544, 659.096017, 35.929194, 0.033575, 5628, 4049.0
125, 71.882853, 659.165588, 42.930578, 0.052708, 5619, 4049.0
126, 68.319880, 659.943380, 43.252108, 0.050253, 5662, 4088.0
127, 67.764629, 661.820072, 39.997414, 0.079394, 5652, 4260.0
128, 67.951697, 659.463279, 43.889250, 0.143141, 5656, 4099.0
129, 70.576647, 661.391127, 41.851899, 0.123148, 5658, 4235.0
130, 70.313275, 664.125578, 36.800276, 0.079584, 5660, 4084.0
131, 67.257813, 664.546065, 41.429497, 0.123834, 5662, 4080.0
132, 74.319994, 658.143248, 40.006549, 0.035919, 5595, 4096.0
133, 70.184740, 660.184387, 43.636459, 0.075168, 5668, 4087.0
134, 71.068874, 662.474972, 37.864278, 0.033920, 5661, 4143.0
135, 71.401562, 662.665118, 36.031880, 0.063591, 5666, 4111.0
136, 67.845732, 660.826383, 45.551598, 0.236193, 5655, 4094.0
137, 68.998578, 660.346437, 48.905839, 0.164148, 5651, 4089.0
138, 66.119903, 660.954458, 43.469941, 0.238431, 5660, 4099.0
139, 71.083815, 661.611175, 42.425072, 0.127362, 5664, 4094.0
140, 67.968643, 661.979710, 43.563129, 0.090646, 5658, 4203.0
141, 68.637568, 662.011285, 40.519903, 0.074872, 5663, 4187.0
142, 75.147453, 660.135199, 36.497463, 0.071884, 5637, 4162.0
143, 76.942569, 659.458953, 31.419069, 0.058201, 5607, 4039.0
144, 72.667811, 662.128300, 39.651094, 0.094814, 5636, 4103.0
145, 71.705504, 660.129382, 43.811253, 0.093233, 5622, 4055.0
146, 70.832360, 662.298946, 38.058227, 0.068892, 5659, 4075.0
147, 79.268664, 660.198992, 25.428631, 0.050311, 5613, 4058.0
148, 73.948872, 660.963662, 32.713597, 0.052838, 5633, 4070.0
149, 70.941493, 662.856932, 41.672495, 0.121113, 5661, 4139.0
150, 69.801013, 662.690056, 40.918857, 0.047035, 5658, 4170.0
151, 70.990972, 661.376060, 42.500259, 0.094006, 5657, 4110.0
152, 72.474644, 661.256614, 41.696741, 0.145381, 5610, 4049.0
153, 69.444615, 661.136505, 44.417323, 0.240596, 5660, 4144.0
154, 68.401950, 660.452336, 45.752282, 0.114149, 5658, 4099.0
155, 68.733445, 662.305175, 44.679727, 0.179301, 5667, 4095.0
156, 67.868085, 660.567969, 44.809441, 0.100140, 5664, 4184.0
157, 72.425977, 660.977586, 36.458181, 0.009218, 5638, 4063.0
158, 73.242005, 660.604213, 38.275256, 0.035303, 5634, 4157.0
159, 70.390458, 661.446934, 44.017827, 0.072059, 5659, 4103.0
160, 70.884328, 661.203464, 43.148848, 0.102987, 5635, 4061.0
161, 68.627179, 663.504555, 41.178970, 0.240821, 5660, 4083.0
162, 69.451504, 661.994885, 43.038856, 0.154672, 5655, 4126.0
163, 67.318665, 660.826989, 44.771508, 0.108996, 5667, 4083.0
164, 72.465363, 660.449735, 40.292617, 0.033942, 5641, 4074.0
165, 70.976001, 661.886457, 41.978339, 0.074977, 5645, 4107.0
166, 71.241832, 661.034859, 41.288463, 0.110396, 5644, 4205.0
167, 66.022165, 661.304445, 43.204410, 0.231391, 5655, 4083.0
168, 74.445050, 661.506740, 31.908410, 0.043490, 5606, 4035.0
169, 75.211156, 659.687599, 36.162458, 0.038106, 5614, 4042.0
170, 70.826525, 661.325419, 41.685984, 0.057900, 5662, 4082.0
171, 70.880695, 660.581928, 40.364508, 0.065547, 5645, 4154.0
172, 72.583793, 661.263696, 38.244727, 0.042362, 5640, 4053.0
173, 74.044003, 660.071744, 38.587392, 0.055353, 5620, 4072.0
174, 69.082329, 661.677789, 43.628562, 0.109933, 5662, 4138.0
175, 67.679670, 665.408739, 38.492763, 0.113961, 5662, 4207.0
176, 66.157258, 660.245998, 46.020345, 0.209749, 5663, 4150.0
177, 71.325427, 662.517971, 40.141392, 0.084003, 5637, 4186.0
178, 67.496245, 659.001884, 47.382401, 0.156387, 5662, 4096.0
179, 70.695245, 660.697010, 41.737240, 0.051521, 5662, 4097.0
180, 75.808111, 659.956985, 36.652347, 0.059417, 5606, 4046.0
181, 72.802670, 659.370862, 37.361915, 0.036646, 5613, 4139.0
182, 69.390892, 660.919719, 42.927454, 0.070267, 5658, 4090.0
183, 66.968289, 663.905925, 39.826809, 0.120372, 5659, 4142.0
184, 71.870155, 661.594622, 39.097952, 0.074742, 5656, 4080.0
185, 70.160656, 662.782116, 37.412355, 0.042851, 5665, 4155.0
186, 72.481867, 659.194340, 39.775108, 0.051231, 5641, 4074.0
187, 66.143065, 661.975318, 45.904968, 0.103635, 5665, 4090.0
188, 66.350455, 663.909753, 40.179230, 0.138031, 5664, 4076.0
189, 71.545406, 662.041101, 34.371546, 0.035509, 5664, 4197.0
190, 69.093170, 661.855272, 42.678236, 0.124490, 5666, 4085.0
191, 71.753454, 659.933896, 41.233677, 0.037078, 5645, 4069.0
192, 73.830453, 660.817616, 33.544772, 0.048984, 5634, 4096.0
193, 71.567092, 662.492783, 35.853241, 0.043336, 5664, 4214.0
194, 74.362365, 660.747458, 32.674280, 0.041011, 5637, 4057.0
195, 73.421826, 661.507791, 39.322820, 0.099663, 5613, 4073.0
196, 69.783564, 661.823023, 42.114935, 0.050121, 5663, 4075.0
197, 68.314443, 662.636431, 38.452553, 0.115980, 5661, 4053.0
198, 74.473499, 659.468480, 31.704245, 0.057126, 5638, 4122.0
199, 72.844671, 661.983049, 33.601446, 0.064852, 5644, 4061.0
200, 73.116039, 659.754571, 39.698593, 0.098220, 5608, 4123.0
201, 69.594529, 662.017714, 39.686909, 0.057977, 5660, 4160.0
202, 68.735476, 663.496565, 37.805716, 0.039676, 5657, 4155.0
203, 78.408538, 658.178306, 37.276562, 0.078077, 5599, 4018.0
204, 71.437635, 661.200494, 39.654064, 0.034409, 5642, 4117.0
205, 74.704027, 660.192943, 38.956750, 0.120717, 5593, 4029.0
206, 71.343602, 662.065556, 34.289193, 0.057082, 5659, 4164.0
207, 68.014920, 663.243868, 40.566120, 0.116240, 5657, 4061.0
208, 67.908750, 660.881819, 45.359973, 0.048875, 5662, 4107.0
209, 73.030002, 661.033113, 39.190085, 0.055315, 5639, 4112.0
210, 72.105515, 662.436755, 37.830587, 0.041647, 5636, 4162.0
211, 72.179500, 662.986319, 34.131046, 0.041532, 5658, 4052.0
212, 71.050789, 662.320963, 41.762787, 0.068256, 5642, 4140.0
213, 70.570654, 663.569322, 37.766038, 0.035036, 5658, 4069.0
214, 72.653384, 659.379798, 37.935956, 0.096469, 5618, 4142.0
215, 73.182171, 661.054397, 40.875868, 0.117397, 5617, 4035.0
216, 69.629658, 661.754150, 42.806145, 0.130778, 5639, 4056.0
217, 70.698561, 662.701329, 39.622045, 0.031202, 5658, 4087.0
218, 74.618718, 659.837277, 33.142565, 0.041864, 5624, 4167.0
219, 76.193873, 660.182936, 36.232393, 0.072113, 5609, 4026.0
220, 72.985757, 662.295718, 34.714629, 0.025953, 5664, 4169.0
221, 75.178478, 660.513347, 37.880980, 0.102893, 5619, 4167.0
222, 75.339241, 658.944010, 42.795101, 0.128456, 5573, 4080.0
223, 70.321574, 661.355826, 42.552562, 0.111590, 5641, 4073.0
224, 68.271271, 663.320515, 38.599712, 0.041690, 5664, 4058.0
225, 67.881020, 662.346080, 41.983989, 0.126847, 5653, 4129.0
226, 74.116394, 661.698754, 30.531390, 0.057340, 5630, 4321.0
227, 72.252388, 660.500345, 35.306424, 0.056463, 5639, 4126.0
228, 70.427773, 660.537132, 42.472733, 0.085349, 5638, 4254.0
229, 71.095275, 662.125362, 38.863505, 0.040124, 5638, 4142.0
230, 71.398300, 660.509419, 38.836979, 0.032338, 5647, 4062.0
231, 77.469914, 661.479228, 31.997092, 0.106221, 5618, 4103.0
232, 70.649331, 662.882492, 37.363088, 0.094449, 5665, 4088.0
233, 68.920210, 662.834852, 38.655366, 0.050032, 5656, 4210.0
234, 68.754545, 661.963377, 42.638231, 0.107108, 5665, 4071.0
235, 71.556495, 660.447705, 40.864952, 0.079691, 5620, 4161.0
236, 74.110710, 660.836626, 38.348983, 0.066195, 5635, 4225.0
237, 68.748607, 662.647940, 41.080010, 0.074959, 5654, 4135.0
238, 73.532198, 660.565536, 35.752686, 0.040788, 5643, 4081.0
239, 74.399114, 660.828701, 40.041219, 0.050230, 5614, 4127.0
240, 75.246930, 659.205980, 36.246990, 0.021543, 5616, 4104.0
241, 70.952288, 658.433976, 45.320804, 0.159940, 5631, 4670.0
242, 69.238176, 660.539247, 45.524941, 0.068214, 5657, 4145.0
243, 72.154600, 661.557003, 35.864270, 0.044358, 5638, 4165.0
244, 69.941225, 660.435695, 42.269407, 0.043785, 5658, 4096.0
245, 72.788939, 659.689385, 38.775982, 0.054919, 5620, 4107.0
246, 74.075469, 658.976097, 40.024553, 0.054487, 5600, 4041.0
247, 72.532420, 659.675153, 40.853074, 0.013804, 5643, 4186.0
248, 67.990835, 662.220358, 43.388025, 0.178451, 5667, 4090.0
249, 70.220994, 659.749193, 44.052349, 0.173814, 5619, 4203.0
250, 69.923558, 663.498588, 38.088355, 0.029678, 5660, 4075.0
251, 70.494779, 661.024668, 41.497103, 0.161739, 5644, 4265.0
252, 73.566296, 661.033997, 36.573992, 0.062057, 5610, 4036.0
253, 73.146199, 659.460862, 34.937909, 0.031351, 5613, 4102.0
254, 72.315641, 660.631804, 36.988832, 0.069501, 5639, 4066.0
255, 71.087755, 661.703349, 36.223489, 0.045190, 5655, 4192.0
256, 73.799141, 659.572913, 38.116151, 0.056422, 5626, 4047.0
257, 73.334641, 660.260204, 39.779691, 0.082564, 5625, 4095.0
258, 70.093302, 662.319999, 39.783285, 0.040276, 5664, 4090.0
259, 68.804365, 660.787185, 41.993553, 0.170788, 5644, 4176.0
260, 69.324944, 662.522886, 38.926627, 0.130724, 5660, 4073.0
261, 68.937883, 661.819115, 43.843096, 0.089939, 5669, 4146.0
262, 76.986600, 658.845193, 30.879455, 0.058502, 5624, 4056.0
263, 67.718601, 659.535746, 44.998122, 0.207787, 5660, 4233.0
264, 75.479311, 660.068475, 28.305039, 0.073620, 5601, 4128.0
265, 73.942678, 660.129647, 29.334842, 0.013754, 5628, 4423.0
266, 70.275230, 659.759356, 44.117913, 0.062175, 5648, 4072.0
267, 72.529334, 660.335640, 36.098829, 0.032286, 5623, 4222.0
268, 72.267118, 662.026967, 35.886534, 0.075411, 5623, 4050.0
269, 70.871771, 659.775801, 40.844696, 0.106958, 5623, 4051.0
270, 76.091896, 658.665215, 33.256224, 0.046096, 5605, 4158.0
271, 73.486113, 662.538419, 37.286122, 0.053911, 5635, 4113.0
272, 70.781310, 660.811584, 40.003363, 0.030605, 5637, 4167.0
273, 69.634568, 659.979977, 44.784773, 0.122802, 5644, 4155.0
274, 77.828088, 661.335858, 19.738568, 0.060112, 5647, 4033.0
275, 75.814127, 659.723560, 36.204162, 0.075955, 5600, 4102.0
276, 76.473294, 658.952291, 33.623502, 0.042010, 5621, 4096.0
277, 73.675796, 661.405345, 38.510791, 0.064114, 5639, 4217.0
278, 73.929841, 661.698935, 33.635753, 0.089835, 5601, 4082.0
279, 69.464328, 660.440144, 44.157083, 0.097088, 5669, 4090.0
280, 74.613917, 659.104482, 36.822470, 0.059008, 5636, 4038.0
281, 71.691073, 661.879202, 37.564064, 0.036876, 5641, 4067.0
282, 70.396961, 658.711030, 44.391728, 0.116684, 5636, 4122.0
283, 76.818255, 659.747676, 32.845667, 0.067877, 5615, 4032.0
284, 73.808947, 662.595513, 32.217743, 0.066863, 5661, 4124.0
285, 67.934412, 657.708713, 47.445057, 0.359730, 5648, 4066.0
286, 69.715677, 662.520282, 40.365589, 0.040299, 5658, 4192.0
287, 67.568796, 661.832349, 44.755712, 0.109751, 5659, 4173.0
288, 70.449907, 660.275800, 41.119892, 0.059095, 5645, 4116.0
289, 69.893208, 661.671459, 40.207805, 0.072629, 5660, 4088.0
290, 69.266552, 661.921977, 42.733279, 0.162534, 5661, 4208.0
291, 68.705872, 662.415782, 43.315834, 0.063632, 5663, 4111.0
292, 71.510165, 662.406208, 41.706626, 0.073501, 5663, 4099.0
293, 69.615167, 662.535554, 38.309097, 0.097751, 5645, 4225.0
294, 70.243674, 662.305363, 43.238538, 0.095418, 5642, 4125.0
295, 68.038537, 660.049364, 44.653866, 0.150977, 5663, 4204.0
296, 72.651533, 660.651362, 37.363544, 0.032629, 5647, 4069.0
297, 71.691811, 660.690779, 38.774020, 0.038024, 5642, 4081.0
298, 66.854167, 660.723991, 44.226172, 0.133346, 5662, 4179.0
299, 72.740376, 660.586757, 41.314521, 0.117683, 5619, 4053.0
300, 72.583900, 661.747994, 37.131014, 0.046060, 5635, 4650.0
301, 72.739914, 661.580483, 36.657943, 0.034331, 5641, 4069.0
302, 70.886496, 661.785520, 33.112155, 0.065017, 5655, 4077.0
303, 72.311573, 662.160124, 36.385504, 0.061359, 5642, 5378.0
304, 72.699762, 662.694787, 30.520529, 0.061715, 5653, 4150.0
305, 75.439963, 659.773450, 32.275128, 0.044340, 5626, 4150.0
306, 70.995699, 660.172803, 42.605218, 0.079992, 5644, 4067.0
307, 75.522467, 660.753126, 27.712348, 0.055407, 5596, 4110.0
308, 71.999033, 660.422417, 38.587534, 0.060867, 5615, 4106.0
309, 74.112900, 660.647864, 37.350718, 0.051628, 5627, 4105.0
310, 69.649208, 661.616577, 41.968526, 0.040533, 5664, 4252.0
311, 69.090099, 662.364976, 41.252168, 0.074408, 5662, 4145.0
312, 76.175146, 661.281374, 29.374715, 0.065554, 5637, 4083.0
313, 71.259604, 660.857304, 41.353967, 0.055661, 5638, 4133.0
314, 73.645977, 662.025419, 36.361429, 0.065517, 5638, 4171.0
315, 74.576439, 659.907785, 36.225275, 0.046339, 5624, 5160.0
316, 78.264109, 658.924574, 35.443144, 0.139289, 5595, 4043.0
317, 74.452133, 661.181888, 32.798819, 0.027893, 5641, 4151.0
318, 69.273321, 664.989363, 39.235097, 0.122662, 5662, 4120.0
319, 73.193505, 661.833097, 33.906162, 0.043640, 5617, 4179.0
320, 72.560750, 662.794826, 32.480261, 0.060184, 5665, 4257.0
321, 72.304419, 661.939753, 36.690532, 0.050234, 5660, 4165.0
322, 68.521946, 664.146906, 38.786001, 0.072034, 5666, 4117.0
323, 77.070945, 662.764523, 26.111968, 0.096586, 5632, 4040.0
324, 73.748627, 661.344475, 35.091398, 0.035012, 5662, 4188.0
325, 74.907098, 661.056632, 31.361095, 0.017985, 5630, 4052.0
326, 76.581678, 659.542055, 37.287402, 0.103477, 5595, 4097.0
327, 71.297392, 664.078259, 38.214808, 0.073044, 5657, 4274.0
328, 73.733222, 659.861890, 40.013796, 0.052463, 5613, 4097.0
329, 67.449431, 661.323279, 44.087520, 0.053227, 5664, 4101.0
330, 70.568725, 661.939473, 40.721264, 0.048307, 5669, 4181.0
331, 69.669814, 661.140228, 42.310746, 0.134434, 5632, 4074.0
332, 70.876378, 660.838903, 40.077245, 0.062299, 5650, 4220.0
333, 68.633351, 662.296991, 41.184356, 0.098381, 5662, 4146.0
334, 71.213000, 660.021011, 42.855846, 0.076987, 5640, 4083.0
335, 70.127961, 659.525314, 45.649131, 0.112327, 5650, 4066.0
336, 66.285306, 662.355170, 43.948746, 0.134689, 5662, 4149.0
337, 70.885968, 662.221352, 38.515389, 0.060768, 5661, 4143.0
338, 69.702390, 660.693958, 42.445381, 0.059702, 5662, 4132.0
339, 73.198235, 661.479809, 39.288704, 0.058800, 5637, 4088.0
340, 69.556923, 661.481066, 43.406929, 0.067016, 5657, 4206.0
341, 70.670851, 661.516837, 35.725043, 0.043726, 5660, 4122.0
342, 70.789443, 660.436671, 42.461297, 0.074326, 5640, 4107.0
343, 71.025034, 662.355209, 40.700018, 0.039295, 5663, 4071.0
344, 70.510145, 661.418859, 42.279348, 0.152637, 5637, 4112.0
345, 73.949183, 661.909269, 30.251923, 0.070022, 5658, 4240.0
346, 69.156855, 659.213406, 47.791654, 0.160397, 5653, 4068.0
347, 72.441803, 660.080748, 38.821503, 0.062133, 5621, 4048.0
348, 70.109648, 661.011170, 44.989518, 0.135865, 5642, 4112.0
349, 68.045735, 662.535776, 38.900872, 0.058749, 5668, 4102.0
350, 77.093153, 660.505819, 29.949593, 0.087903, 5589, 4014.0
351, 67.713891, 660.249375, 46.572274, 0.222729, 5667, 4160.0
352, 70.158267, 663.063740, 38.813317, 0.069913, 5658, 4071.0
353, 70.857155, 661.139414, 40.554839, 0.064694, 5658, 4190.0
354, 73.303071, 661.880413, 37.072449, 0.068534, 5643, 4059.0
355, 71.048075, 662.245630, 38.939139, 0.055158, 5640, 4076.0
356, 72.233289, 662.097165, 33.769071, 0.057175, 5661, 4082.0
357, 69.551650, 662.778445, 40.264213, 0.131921, 5663, 4186.0
358, 67.051309, 661.033662, 43.244177, 0.100239, 5658, 4062.0
359, 74.556586, 660.191916, 35.960086, 0.064376, 5634, 4041.0
360, 70.963198, 662.665346, 41.221961, 0.096824, 5665, 4080.0
361, 70.855787, 660.209419, 39.286567, 0.027475, 5640, 4060.0
362, 71.989757, 663.542231, 31.173377, 0.042187, 5655, 4123.0
363, 72.785260, 662.194908, 37.332454, 0.015715, 5645, 4098.0
364, 73.937229, 660.598570, 37.449505, 0.042423, 5631, 4077.0
365, 73.104853, 660.348701, 36.376084, 0.023242, 5635, 4062.0
366, 69.483963, 661.246713, 41.315802, 0.062203, 5660, 4234.0
367, 72.528401, 662.597730, 28.501847, 0.025142, 5659, 4200.0
368, 74.490802, 659.938840, 37.212315, 0.038774, 5624, 4053.0
369, 72.723996, 660.938117, 37.155798, 0.058163, 5638, 4118.0
370, 73.253336, 661.127307, 43.428159, 0.064024, 5635, 4269.0
371, 74.868304, 661.716375, 37.905998, 0.079436, 5626, 4085.0
372, 73.188948, 661.874494, 32.882601, 0.055072, 5655, 4082.0
373, 73.137592, 659.977981, 39.402707, 0.064134, 5627, 4058.0
374, 69.126453, 662.751637, 43.502227, 0.194529, 5665, 4164.0
375, 72.768528, 660.724034, 38.999876, 0.055082, 5649, 4311.0
376, 72.039101, 660.691482, 39.348128, 0.042507, 5641, 4073.0
377, 70.937406, 662.763218, 38.731133, 0.103547, 5661, 4074.0
378, 70.399390, 662.009912, 40.386277, 0.073260, 5661, 4134.0
379, 70.612495, 662.461075, 38.589976, 0.060874, 5658, 4183.0
380, 76.158714, 659.363043, 37.784258, 0.057536, 5634, 4056.0
381, 71.561525, 662.221258, 36.212243, 0.087558, 5616, 4036.0
382, 74.016571, 660.161617, 37.223587, 0.020018, 5631, 4209.0
383, 76.242047, 661.010035, 26.514391, 0.033201, 5593, 4027.0
384, 71.058112, 660.677370, 42.365955, 0.135931, 5611, 4037.0
385, 70.191058, 662.252187, 41.875155, 0.083600, 5642, 4071.0
386, 75.128515, 660.001461, 39.700141, 0.070277, 5627, 4090.0
387, 69.072209, 661.579988, 40.656959, 0.140707, 5660, 4082.0
388, 70.738490, 661.776753, 41.154031, 0.070559, 5660, 4100.0
389, 69.068516, 659.786338, 45.347493, 0.111402, 5658, 4101.0
390, 69.587212, 665.942587, 55.476940, 0.087599, 5619, 4121.0
391, 76.034241, 661.492064, 37.036607, 0.135600, 5621, 4087.0
392, 72.213115, 660.307182, 39.916297, 0.063008, 5647, 4071.0
393, 74.015042, 660.748883, 38.211954, 0.054746, 5634, 4068.0
394, 70.257489, 659.637285, 45.145046, 0.096697, 5645, 4069.0
395, 78.186989, 658.233800, 34.132429, 0.082645, 5595, 4149.0
396, 74.101048, 660.325633, 38.127995, 0.043912, 5631, 4067.0
397, 70.675456, 661.725791, 39.223690, 0.024166, 5652, 4078.0
398, 73.571117, 660.370807, 38.020896, 0.043341, 5638, 4058.0
399, 76.482092, 659.836570, 36.244173, 0.078572, 5618, 4052.0
400, 71.101799, 660.794767, 41.715831, 0.108011, 5641, 4066.0
401, 70.107436, 662.195996, 39.254628, 0.061748, 5651, 4079.0
402, 71.018600, 661.570594, 39.466213, 0.106506, 5625, 4054.0
403, 72.912746, 661.519169, 40.048947, 0.031387, 5638, 4071.0
404, 69.985976, 661.364236, 42.602760, 0.054169, 5667, 4098.0
405, 74.879298, 660.776484, 33.788359, 0.036659, 5645, 4059.0
406, 73.242167, 662.452136, 32.445501, 0.043141, 5667, 4083.0
407, 75.236499, 660.758530, 36.248418, 0.059338, 5618, 4004.0
408, 74.641651, 660.027727, 33.351771, 0.056521, 5628, 4032.0
409, 77.357837, 662.229505, 23.589008, 0.112916, 5648, 4043.0
410, 69.665587, 663.391899, 39.114026, 0.079522, 5661, 4070.0
411, 81.488160, 657.723166, 28.714478, 0.064694, 5586, 4017.0
412, 71.994535, 662.043083, 33.426077, 0.035590, 5667, 4145.0
413, 73.729714, 660.701124, 38.481594, 0.037390, 5643, 4075.0
414, 73.098450, 660.117771, 37.590359, 0.045617, 5647, 4068.0
415, 75.373866, 660.247569, 40.677360, 0.040643, 5600, 4036.0
416, 73.450310, 661.424194, 30.513643, 0.047352, 5670, 4090.0
417, 66.457206, 659.265043, 46.204132, 0.216423, 5660, 4109.0
418, 74.368739, 661.830031, 33.834993, 0.053768, 5638, 4074.0
419, 69.951787, 662.461235, 39.959904, 0.054928, 5663, 4094.0
420, 70.389040, 660.885859, 38.532364, 0.119206, 5664, 4091.0
421, 74.618785, 659.996065, 36.912237, 0.056723, 5612, 4041.0
422, 73.292236, 660.595582, 39.281274, 0.051074, 5636, 4063.0
423, 69.585348, 662.272816, 41.584376, 0.085576, 5664, 4086.0
424, 72.166369, 661.932662, 34.566624, 0.068097, 5662, 4083.0
425, 75.333208, 659.168736, 37.042999, 0.061364, 5611, 4042.0
426, 72.104578, 661.468096, 36.578756, 0.059568, 5644, 4090.0
427, 72.005048, 659.742690, 43.015014, 0.060468, 5642, 4063.0
428, 77.078349, 661.401302, 26.468403, 0.084097, 5600, 4131.0
429, 69.197502, 661.344009, 43.766107, 0.136832, 5651, 4077.0
430, 74.957961, 660.718191, 35.640210, 0.065344, 5623, 4097.0
431, 68.739331, 662.048512, 44.038990, 0.055920, 5658, 4117.0
432, 72.479197, 661.647846, 37.069324, 0.056375, 5645, 4070.0
433, 72.573711, 660.736803, 36.342893, 0.047227, 5638, 4109.0
434, 71.151202, 660.368807, 40.102081, 0.037995, 5642, 4069.0
435, 68.377742, 661.122667, 41.873816, 0.085251, 5655, 4098.0
436, 67.110034, 663.581095, 39.102242, 0.110085, 5663, 4100.0
437, 69.336404, 660.966616, 45.115045, 0.115809, 5661, 4170.0
438, 68.426842, 664.577654, 35.522645, 0.081822, 5666, 4118.0
439, 70.693167, 661.934420, 39.239255, 0.039046, 5663, 4130.0
440, 71.357306, 661.173883, 39.595496, 0.038685, 5642, 4140.0
441, 75.020244, 660.057278, 36.821575, 0.052434, 5626, 4056.0
442, 67.256694, 663.152427, 41.986762, 0.063308, 5657, 4135.0
443, 74.534089, 659.694983, 33.931238, 0.013476, 5632, 4040.0
444, 70.439522, 659.480114, 44.964830, 0.088523, 5643, 4064.0
445, 72.792455, 660.541975, 36.590916, 0.027695, 5632, 4064.0
446, 73.030089, 660.888944, 42.067104, 0.136245, 5617, 4059.0
447, 72.724682, 662.613475, 40.659567, 0.130813, 5639, 4070.0
448, 70.874463, 661.813474, 40.022869, 0.043183, 5671, 4225.0
449, 70.251172, 661.982445, 40.698197, 0.057527, 5660, 4162.0
450, 72.673795, 660.968267, 39.596946, 0.048193, 5644, 4078.0
451, 70.113482, 662.612078, 40.967509, 0.111166, 5661, 4071.0
452, 70.435862, 662.786640, 36.040578, 0.058614, 5659, 4065.0
453, 74.658678, 660.388083, 35.758240, 0.025154, 5645, 4126.0
454, 68.573718, 662.078912, 35.953907, 0.057933, 5666, 4152.0
455, 72.049287, 659.568454, 42.330925, 0.114139, 5623, 4038.0
456, 78.586258, 660.415063, 30.099112, 0.125731, 5604, 4094.0
457, 70.867955, 662.498376, 35.653280, 0.056836, 5660, 4121.0
458, 73.834011, 660.169965, 35.364602, 0.028886, 5635, 4085.0
459, 71.998129, 659.716968, 41.854922, 0.149633, 5611, 4048.0
460, 71.449815, 660.918824, 43.236950, 0.117873, 5631, 4083.0
461, 72.908014, 660.911772, 39.183318, 0.101654, 5617, 4101.0
462, 71.648522, 660.692302, 41.143033, 0.044050, 5641, 4180.0
463, 72.989160, 661.280488, 39.047452, 0.090433, 5622, 4051.0
464, 72.479433, 660.340936, 44.624993, 0.093032, 5611, 4048.0
465, 71.859992, 661.173240, 44.904839, 0.065898, 5658, 4233.0
466, 67.612207, 661.164295, 44.083440, 0.135809, 5656, 4089.0
467, 74.537180, 659.331145, 38.341235, 0.088406, 5623, 4042.0
468, 74.206134, 659.467829, 40.304825, 0.039603, 5591, 4023.0
469, 69.185503, 663.464734, 40.389073, 0.075323, 5662, 4154.0
470, 68.458168, 662.464919, 40.747122, 0.120409, 5662, 4170.0
471, 71.842862, 660.537822, 43.210507, 0.096727, 5640, 4068.0
472, 69.269718, 663.018510, 41.683749, 0.105796, 5659, 4061.0
473, 71.479479, 662.175690, 35.546196, 0.061595, 5664, 4092.0
474, 67.869248, 661.649853, 44.152669, 0.182367, 5658, 4070.0
475, 71.563665, 661.036948, 39.053848, 0.095924, 5626, 4051.0
476, 69.547251, 660.752230, 43.649328, 0.136886, 5663, 4094.0
477, 71.703073, 661.520981, 36.824277, 0.029866, 5636, 4053.0
478, 70.909568, 661.282299, 38.482599, 0.014686, 5657, 4150.0
479, 72.803067, 661.920107, 40.998280, 0.081822, 5635, 4088.0
480, 73.596785, 659.283257, 40.360006, 0.061190, 5601, 4028.0
481, 72.146295, 660.433558, 41.844849, 0.032831, 5637, 4061.0
482, 72.486049, 661.868878, 41.680926, 0.079030, 5635, 4109.0
483, 67.414273, 660.398125, 42.869637, 0.118143, 5660, 4086.0
484, 70.117357, 663.040392, 35.952990, 0.056713, 5662, 4057.0
485, 68.145455, 661.630771, 42.567811, 0.035950, 5659, 4089.0
486, 73.258921, 661.928150, 33.057841, 0.059056, 5656, 4070.0
487, 69.959473, 661.045416, 38.074109, 0.025342, 5657, 4079.0
488, 71.005408, 661.600460, 38.874624, 0.051552, 5663, 4079.0
489, 73.136599, 661.071235, 35.907177, 0.052965, 5646, 4063.0
490, 68.258267, 662.834862, 38.273880, 0.072905, 5657, 4038.0
491, 70.633340, 661.485327, 39.670099, 0.071687, 5661, 4102.0
492, 71.197848, 662.726149, 39.537263, 0.080226, 5645, 4078.0
493, 66.278555, 661.548650, 42.729434, 0.085289, 5661, 4063.0
494, 69.516723, 662.414689, 41.506487, 0.082913, 5663, 4064.0
495, 78.311362, 661.106229, 27.634098, 0.071081, 5587, 4009.0
496, 72.419771, 661.155253, 33.741086, 0.023079, 5659, 4073.0
497, 69.575990, 661.460774, 43.177748, 0.179455, 5668, 4084.0
498, 69.550863, 663.838726, 40.692198, 0.107922, 5670, 4081.0
499, 74.838580, 661.627670, 32.210434, 0.035525, 5634, 4078.0
500, 71.611151, 661.553105, 45.236227, 0.065625, 5639, 4061.0
501, 68.679560, 662.568564, 39.796880, 0.050913, 5660, 4060.0
502, 70.904400, 659.079782, 44.490418, 0.134819, 5613, 4040.0
503, 69.091915, 660.977366, 40.546174, 0.060859, 5660, 4062.0
504, 72.886384, 661.070689, 38.012168, 0.042342, 5633, 4063.0
505, 69.183488, 661.075760, 39.396003, 0.073754, 5635, 4060.0
506, 70.733764, 662.605407, 38.281021, 0.061592, 5661, 4062.0
507, 72.428642, 661.310249, 34.237119, 0.058852, 5667, 4077.0
508, 71.164113, 662.623590, 39.615745, 0.049877, 5650, 4071.0
509, 71.164158, 661.391413, 39.822520, 0.045719, 5653, 4065.0
510, 71.221799, 661.015783, 42.146374, 0.061317, 5638, 4063.0
511, 68.884467, 662.192742, 40.063335, 0.206226, 5639, 4054.0
512, 68.723655, 662.131454, 44.777986, 0.055378, 5655, 4117.0
513, 72.321110, 661.526401, 39.072337, 0.068751, 5642, 4066.0
514, 68.831138, 659.650220, 45.889905, 0.110044, 5646, 4060.0
515, 73.554682, 660.290076, 40.551039, 0.058243, 5615, 4034.0
516, 66.648134, 662.326743, 44.404871, 0.110047, 5658, 4062.0
517, 71.296141, 661.271923, 40.992071, 0.061814, 5647, 4061.0
518, 66.753025, 662.287612, 41.303535, 0.149783, 5659, 4196.0
519, 69.823973, 660.096280, 47.339512, 0.074366, 5644, 4067.0
520, 72.666457, 661.589446, 33.370032, 0.033853, 5658, 4077.0
521, 71.824802, 661.489370, 34.448885, 0.066127, 5659, 4070.0
522, 68.808025, 661.571609, 40.423534, 0.114515, 5659, 4085.0
523, 73.357987, 660.652076, 38.957443, 0.062512, 5621, 4049.0
524, 72.727623, 662.180428, 40.551267, 0.067937, 5641, 4052.0
525, 70.744927, 662.462597, 42.907777, 0.029952, 5664, 4073.0
526, 68.692296, 661.713283, 42.953282, 0.219753, 5663, 4088.0
527, 68.136490, 661.225026, 44.421450, 0.102891, 5663, 4068.0
528, 74.141554, 659.510816, 34.942349, 0.042533, 5615, 4036.0
529, 71.069659, 662.635587, 38.634392, 0.107257, 5635, 4072.0
530, 74.037572, 660.523377, 34.447222, 0.032739, 5637, 4057.0
531, 74.974523, 660.479129, 33.744889, 0.069347, 5642, 4046.0
532, 77.961588, 658.388545, 38.483606, 0.103009, 5582, 4003.0
533, 70.152540, 662.940141, 41.194623, 0.071806, 5663, 4096.0
534, 68.842056, 660.245033, 39.830706, 0.113900, 5660, 4120.0
535, 71.502336, 662.337897, 37.721460, 0.113727, 5663, 4069.0
536, 74.530435, 659.830610, 33.249906, 0.026133, 5621, 4035.0
537, 75.594081, 661.533341, 31.784333, 0.058155, 5625, 4048.0
538, 73.213817, 660.802167, 32.049891, 0.030565, 5624, 4036.0
539, 73.189377, 661.722455, 37.521236, 0.061086, 5644, 4074.0
540, 70.539491, 662.794863, 36.225427, 0.058336, 5657, 4069.0
541, 71.947962, 660.988987, 43.782072, 0.048477, 5633, 4070.0
542, 71.582541, 661.549078, 40.457401, 0.053267, 5633, 4034.0
543, 71.407793, 660.703154, 39.930333, 0.052506, 5662, 4141.0
544, 70.760143, 661.891531, 41.196437, 0.077590, 5662, 4087.0
545, 70.258757, 663.148371, 38.277654, 0.065947, 5662, 4225.0
546, 73.566730, 662.194508, 29.191427, 0.080096, 5660, 4082.0
547, 72.443571, 660.664364, 37.146169, 0.054592, 5638, 4056.0
548, 69.478491, 661.775610, 40.137807, 0.117094, 5658, 4747.0
549, 72.715175, 660.620778, 39.640714, 0.060054, 5641, 4085.0
550, 73.180054, 660.488237, 37.214863, 0.077885, 5625, 4046.0
551, 70.699583, 661.348419, 40.418434, 0.049148, 5656, 4087.0
552, 66.600463, 662.774870, 42.269874, 0.339435, 5661, 4077.0
553, 76.315570, 660.673483, 34.879498, 0.081474, 5589, 4055.0
554, 71.955744, 659.971183, 36.441423, 0.072635, 5618, 4031.0
555, 69.993565, 661.392585, 37.132770, 0.044042, 5664, 4083.0
556, 69.047330, 661.870589, 38.123675, 0.110194, 5661, 4205.0
557, 70.984305, 660.967185, 41.079873, 0.092957, 5659, 4069.0
558, 71.411878, 660.860414, 41.066861, 0.027330, 5647, 4099.0
559, 73.871542, 660.208718, 39.285316, 0.064586, 5615, 4160.0
560, 76.206613, 660.171813, 34.391275, 0.100782, 5614, 4171.0
561, 73.197251, 662.649165, 36.708789, 0.057181, 5642, 4196.0
562, 67.695968, 662.944536, 39.585311, 0.077136, 5658, 4062.0
563, 68.102361, 663.240825, 39.387690, 0.153814, 5658, 4069.0
564, 73.722920, 662.022756, 33.249660, 0.066774, 5645, 4136.0
565, 76.481593, 659.261604, 30.504904, 0.051618, 5620, 4187.0
566, 71.119296, 661.462236, 40.553274, 0.092255, 5644, 4181.0
567, 70.857351, 662.002372, 36.637112, 0.054263, 5664, 4111.0
568, 71.310943, 662.646895, 38.763884, 0.070921, 5641, 4187.0
569, 72.260077, 660.240658, 44.581102, 0.086483, 5618, 4052.0
570, 77.405257, 661.040699, 24.294054, 0.048768, 5608, 4162.0
571, 71.949616, 661.047404, 40.472560, 0.055793, 5644, 4079.0
572, 71.555433, 662.923024, 38.418494, 0.060721, 5663, 4177.0
573, 69.112748, 662.102974, 42.440878, 0.106587, 5659, 4069.0
574, 71.978497, 661.298005, 37.991669, 0.053737, 5647, 4186.0
575, 74.345880, 660.745180, 34.602313, 0.046250, 5631, 4047.0
576, 72.050433, 661.441764, 40.578548, 0.042460, 5641, 4216.0
577, 71.649523, 661.238008, 40.160050, 0.070364, 5642, 4234.0
578, 70.393839, 660.960708, 40.472556, 0.078097, 5658, 4106.0
579, 74.870886, 661.005861, 30.376844, 0.022187, 5617, 4045.0
580, 76.740591, 659.917178, 31.596053, 0.069593, 5616, 4080.0
581, 72.895773, 661.138664, 34.887341, 0.051912, 5642, 4059.0
582, 76.654428, 659.782693, 33.433585, 0.059855, 5595, 4106.0
583, 72.706040, 660.670830, 40.540823, 0.088276, 5617, 4050.0
584, 72.582953, 661.444471, 38.218483, 0.041708, 5639, 4167.0
585, 68.796162, 660.796437, 43.253404, 0.070366, 5660, 4885.0
586, 73.314614, 660.240481, 39.599392, 0.067307, 5629, 4069.0
587, 75.139205, 660.271951, 29.972949, 0.042214, 5624, 4151.0
588, 70.258283, 660.693353, 39.092260, 0.081577, 5661, 4089.0
589, 71.091974, 660.835691, 43.132072, 0.093184, 5639, 4130.0
590, 72.137692, 661.288375, 38.683707, 0.058904, 5643, 4163.0
591, 68.608715, 663.301571, 41.019108, 0.159628, 5656, 4072.0
592, 75.945031, 659.382424, 37.090895, 0.062462, 5598, 4036.0
593, 73.337016, 661.211750, 40.101218, 0.052600, 5643, 4335.0
594, 70.647901, 663.984595, 39.589722, 0.136574, 5661, 4103.0
595, 72.341607, 661.138276, 35.688038, 0.032574, 5640, 4067.0
596, 68.259535, 662.612359, 42.238916, 0.118276, 5659, 4067.0
597, 72.739060, 661.932258, 38.263337, 0.011908, 5666, 4103.0
598, 70.452195, 662.082577, 37.855227, 0.031614, 5658, 4060.0
599, 75.652620, 660.622720, 33.971459, 0.057348, 5616, 4050.0
600, 74.198556, 661.393816, 37.424328, 0.047023, 5637, 4122.0
601, 73.367436, 660.552522, 38.682732, 0.108649, 5627, 4070.0
602, 70.050127, 662.715396, 34.727772, 0.052603, 5667, 4170.0
603, 72.389514, 661.455149, 37.935742, 0.042251, 5649, 4304.0
604, 72.900492, 659.782060, 33.681826, 0.067593, 5610, 4045.0
605, 79.664548, 658.118858, 35.619839, 0.180099, 5560, 4065.0
606, 72.029265, 661.180308, 35.774121, 0.082124, 5624, 4230.0
607, 73.196522, 660.706350, 38.676973, 0.053855, 5636, 4065.0
608, 71.190533, 662.360670, 41.285918, 0.178925, 5646, 4072.0
609, 77.371542, 659.701057, 31.920108, 0.060144, 5615, 4174.0
610, 68.773693, 664.707651, 38.658407, 0.214888, 5663, 4176.0
611, 71.772746, 661.095802, 41.733554, 0.061981, 5643, 4082.0
612, 75.355778, 660.059448, 32.927940, 0.053635, 5619, 4042.0
613, 69.485808, 662.377598, 42.552345, 0.137536, 5656, 4083.0
614, 73.416643, 660.432066, 33.054575, 0.056644, 5654, 4276.0
615, 69.630017, 663.462300, 40.119013, 0.170898, 5658, 4058.0
616, 73.621517, 659.138719, 37.407220, 0.043312, 5629, 4130.0
617, 68.092923, 661.521855, 42.845574, 0.109460, 5660, 4087.0
618, 70.777929, 662.801771, 41.179251, 0.050129, 5661, 4256.0
619, 75.304839, 661.316319, 33.782175, 0.031540, 5642, 4138.0
620, 72.721048, 659.334829, 38.683585, 0.026169, 5628, 4062.0
621, 70.589382, 660.334635, 44.916673, 0.073318, 5662, 4100.0
622, 75.475389, 659.685642, 38.262981, 0.077420, 5609, 4171.0
623, 73.630209, 661.424192, 34.613913, 0.073049, 5633, 4072.0
624, 69.005310, 661.747778, 41.085448, 0.057244, 5665, 4182.0
625, 73.154507, 659.576585, 35.191255, 0.037829, 5613, 4042.0
626, 69.664705, 661.766257, 40.544247, 0.168553, 5643, 4119.0
627, 71.293477, 665.107466, 36.210177, 0.088075, 5654, 4071.0
628, 71.178377, 661.467740, 39.259808, 0.063294, 5659, 4080.0
629, 70.344879, 663.233925, 37.854119, 0.062575, 5663, 4067.0
630, 72.595990, 661.596290, 34.847603, 0.041719, 5668, 4130.0
631, 73.788396, 660.348528, 34.264733, 0.035524, 5622, 4065.0
632, 72.385838, 660.944146, 37.772711, 0.040957, 5644, 4054.0
633, 70.536006, 661.162612, 38.414259, 0.069270, 5665, 4094.0
634, 76.209619, 660.436653, 31.999174, 0.044112, 5623, 4123.0
635, 71.383058, 660.051500, 41.733956, 0.127202, 5615, 4248.0
636, 72.031623, 662.752265, 38.124418, 0.022107, 5637, 4120.0
637, 67.647423, 660.642193, 43.824374, 0.143826, 5663, 4121.0
638, 75.020049, 661.478541, 31.445903, 0.050124, 5633, 4053.0
639, 68.764419, 660.191006, 44.917223, 0.145230, 5662, 4099.0
640, 76.013756, 660.302927, 30.328210, 0.060647, 5599, 4091.0
641, 73.010642, 660.669648, 34.894012, 0.039652, 5642, 4079.0
642, 70.658124, 659.561838, 41.641823, 0.109652, 5662, 4148.0
643, 72.130129, 661.072563, 35.740856, 0.044053, 5640, 4160.0
644, 75.338699, 659.424178, 34.143980, 0.035980, 5620, 4043.0
645, 70.859875, 663.055454, 33.681518, 0.061121, 5660, 4111.0
646, 73.070584, 659.787451, 38.713656, 0.032186, 5634, 4058.0
647, 68.946112, 662.667923, 38.972798, 0.051390, 5663, 4112.0
648, 71.136521, 660.522448, 42.153843, 0.069938, 5643, 4087.0
649, 71.456634, 661.874135, 37.811321, 0.085260, 5648, 4078.0
650, 69.008311, 660.856584, 42.239959, 0.114599, 5640, 4069.0
651, 69.241824, 663.566525, 35.905363, 0.023280, 5660, 4160.0
652, 71.226159, 663.985511, 35.306722, 0.066149, 5660, 4077.0
653, 70.156647, 661.324332, 40.402202, 0.041936, 5665, 4121.0
654, 69.671425, 661.063028, 39.885444, 0.096294, 5649, 4257.0
655, 70.605704, 661.057163, 35.947781, 0.041279, 5664, 4241.0
656, 66.548852, 663.270753, 41.772157, 0.047898, 5666, 4100.0
657, 69.857872, 662.085981, 39.421321, 0.088195, 5669, 4073.0
658, 68.140163, 662.827586, 44.484811, 0.102300, 5659, 4077.0
659, 70.777981, 661.367380, 42.176004, 0.065150, 5653, 4153.0
660, 69.269117, 661.082351, 43.891149, 0.078266, 5637, 4141.0
661, 70.568603, 663.456432, 42.897954, 0.053120, 5663, 4209.0
662, 70.175408, 661.716275, 38.841129, 0.057240, 5643, 4158.0
663, 67.292037, 663.055245, 41.267630, 0.166246, 5656, 4176.0
664, 75.638843, 658.463997, 36.033553, 0.044002, 5615, 4062.0
665, 72.182425, 662.290513, 33.861932, 0.046649, 5653, 4059.0
666, 69.936124, 660.925482, 42.204131, 0.053467, 5663, 4190.0
667, 67.353603, 662.577770, 44.575632, 0.148540, 5660, 4124.0
668, 68.254085, 663.368540, 42.499384, 0.123916, 5670, 4144.0
669, 74.162027, 660.682607, 39.494208, 0.051259, 5629, 4058.0
670, 67.873842, 661.337407, 45.237331, 0.098136, 5661, 4132.0
671, 71.055665, 662.387420, 38.763189, 0.061480, 5639, 4153.0
672, 75.365369, 659.074561, 36.184304, 0.046581, 5623, 4160.0
673, 67.859506, 658.742799, 46.381695, 0.140208, 5660, 4115.0
674, 73.697570, 658.447268, 36.528005, 0.025813, 5623, 4039.0
675, 74.434371, 659.517601, 36.811331, 0.048070, 5619, 4165.0
676, 66.627446, 665.385979, 39.580526, 0.185078, 5663, 4080.0
677, 69.185151, 662.640327, 41.650330, 0.055013, 5668, 4082.0
678, 75.116959, 660.364554, 37.685827, 0.037881, 5635, 4090.0
679, 67.561617, 663.282810, 40.795366, 0.103215, 5659, 4126.0
680, 69.280031, 661.854804, 42.919389, 0.091045, 5662, 4180.0
681, 70.854738, 659.870764, 41.235148, 0.101093, 5638, 4072.0
682, 69.775426, 661.154340, 39.605163, 0.071463, 5671, 4433.0
683, 72.748637, 662.192093, 36.735263, 0.055460, 5632, 4056.0
684, 68.737583, 662.592516, 41.105722, 0.032490, 5665, 4157.0
685, 68.877701, 663.338947, 40.735429, 0.106629, 5659, 4068.0
686, 68.522458, 658.926482, 44.551199, 0.162974, 5642, 4069.0
687, 69.347253, 659.975424, 42.209915, 0.079585, 5635, 4284.0
688, 70.904416, 661.865055, 44.127046, 0.042661, 5653, 4058.0
689, 69.569648, 659.471783, 43.660737, 0.144004, 5659, 4080.0
690, 73.022785, 659.902900, 36.275972, 0.043064, 5612, 4078.0
691, 71.955508, 659.816709, 41.825103, 0.092149, 5613, 4191.0
692, 73.120510, 661.629580, 36.756427, 0.057498, 5635, 4071.0
693, 73.290114, 661.035015, 36.354892, 0.050912, 5635, 4268.0
694, 69.308984, 661.308239, 42.044359, 0.074198, 5657, 4181.0
695, 74.191614, 659.448363, 41.315898, 0.137059, 5618, 4054.0
696, 69.861524, 663.017740, 39.691029, 0.045869, 5666, 4251.0
697, 71.640265, 660.200404, 41.887398, 0.035026, 5640, 4072.0
698, 66.809117, 661.102003, 43.199949, 0.139213, 5657, 4080.0
699, 67.969707, 663.414346, 39.697270, 0.096703, 5653, 4052.0
700, 71.947140, 660.525958, 38.243057, 0.043841, 5648, 4095.0
701, 73.738532, 660.345017, 38.538691, 0.072432, 5618, 4058.0
702, 71.106898, 663.079377, 35.825860, 0.048198, 5662, 4147.0
703, 68.793711, 659.093686, 44.466556, 0.147351, 5666, 4103.0
704, 68.397471, 661.575247, 42.413173, 0.102950, 5656, 4139.0
705, 69.083028, 663.016114, 39.124945, 0.120000, 5663, 4353.0
706, 73.010766, 661.815145, 32.985019, 0.036012, 5660, 4214.0
707, 73.499188, 661.394916, 34.368832, 0.033952, 5639, 4068.0
708, 66.872231, 660.885284, 44.566611, 0.218261, 5667, 4340.0
709, 75.562823, 659.650355, 39.966380, 0.071351, 5607, 4054.0
710, 70.541319, 660.705849, 43.768237, 0.084123, 5646, 4079.0
711, 70.484503, 662.337101, 38.095634, 0.057475, 5662, 4068.0
712, 69.468802, 663.510670, 37.540599, 0.039313, 5662, 4062.0
713, 68.979283, 660.383505, 42.829171, 0.112849, 5668, 4216.0
714, 73.463769, 661.213985, 38.360293, 0.034067, 5646, 4158.0
715, 69.667203, 661.518666, 45.206773, 0.116166, 5662, 4088.0
716, 72.769256, 660.016704, 35.786406, 0.026751, 5637, 4052.0
717, 71.519996, 659.321045, 43.586077, 0.155230, 5605, 4095.0
718, 71.211713, 660.892256, 38.867951, 0.097969, 5617, 4064.0
719, 67.483545, 657.788755, 47.919799, 0.237803, 5656, 4090.0
720, 70.540443, 661.717218, 41.092618, 0.078307, 5643, 4199.0
721, 71.108680, 659.768830, 44.810193, 0.183024, 5615, 4280.0
722, 70.030045, 661.470121, 38.796050, 0.098722, 5658, 4212.0
723, 68.492317, 658.879572, 48.874657, 0.165996, 5663, 4124.0
724, 75.814486, 659.419872, 34.882401, 0.046107, 5614, 4050.0
725, 67.066695, 664.204685, 40.877771, 0.133715, 5655, 4218.0
726, 72.908668, 658.648154, 43.050785, 0.057829, 5612, 4087.0
727, 71.140602, 660.557325, 39.010710, 0.029206, 5636, 4072.0
728, 72.685756, 661.275192, 35.144223, 0.052031, 5667, 4091.0
729, 73.909625, 660.247122, 31.576165, 0.048634, 5631, 4201.0
730, 70.068894, 661.716329, 41.734349, 0.111408, 5640, 4340.0
731, 66.831276, 663.763768, 40.675981, 0.169970, 5658, 4083.0
732, 74.484567, 660.904231, 35.235818, 0.060153, 5613, 4082.0
733, 71.618549, 661.070201, 40.107568, 0.063719, 5644, 4168.0
734, 70.162429, 661.212464, 43.978319, 0.077612, 5646, 4086.0
735, 70.362248, 662.607927, 34.871937, 0.071597, 5659, 4061.0
736, 68.746914, 660.974631, 41.694245, 0.056405, 5661, 4088.0
737, 69.810954, 662.848379, 39.806933, 0.101608, 5666, 4186.0
738, 69.741422, 661.527401, 39.641547, 0.061860, 5660, 4177.0
739, 74.033189, 661.616584, 40.953163, 0.044623, 5636, 4079.0
740, 70.651559, 662.165308, 38.361786, 0.050816, 5654, 4096.0
741, 72.253219, 659.851091, 41.256310, 0.068936, 5608, 4214.0
742, 68.430733, 663.193727, 42.386182, 0.063451, 5663, 4239.0
743, 74.341807, 659.489408, 38.137679, 0.071467, 5619, 4044.0
744, 71.535142, 661.090878, 38.187574, 0.039895, 5665, 4241.0
745, 69.537705, 662.426409, 40.264509, 0.075255, 5672, 4079.0
746, 69.618537, 660.546488, 39.830601, 0.042691, 5657, 4161.0
747, 69.981842, 661.933959, 43.912201, 0.119552, 5645, 4121.0
748, 68.612012, 659.998953, 45.871084, 0.179851, 5663, 4074.0
749, 69.737099, 662.252501, 35.986166, 0.067163, 5660, 4074.0
750, 71.324096, 661.545488, 42.362105, 0.063016, 5636, 4153.0
751, 73.895648, 660.070087, 34.346684, 0.049571, 5610, 4037.0
752, 68.541480, 662.367559, 43.302030, 0.103479, 5655, 4070.0
753, 67.534402, 662.663908, 40.544651, 0.131307, 5659, 4120.0
754, 66.331253, 660.782529, 45.074163, 0.135668, 5663, 4088.0
755, 69.161508, 660.721377, 41.260074, 0.144067, 5625, 4097.0
756, 69.520107, 660.462164, 44.623731, 0.027204, 5664, 4251.0
757, 71.214973, 661.494361, 41.183662, 0.045328, 5642, 4103.0
758, 67.399297, 662.062876, 42.428627, 0.145415, 5667, 4148.0
759, 67.188972, 661.201676, 42.476468, 0.102771, 5654, 4083.0
760, 67.799280, 663.940058, 40.927323, 0.123753, 5660, 4068.0
761, 76.224394, 658.915324, 35.736726, 0.047291, 5581, 4024.0
762, 72.792329, 662.623875, 35.957887, 0.089531, 5664, 4235.0
763, 66.453802, 660.074068, 48.419820, 0.128338, 5659, 4080.0
764, 67.414965, 661.141323, 43.834956, 0.165393, 5661, 4270.0
765, 72.851663, 660.274834, 37.613226, 0.059006, 5636, 4254.0
766, 67.587674, 662.947630, 42.232522, 0.170678, 5659, 4144.0
767, 69.564215, 662.702522, 41.000864, 0.112981, 5655, 4073.0
768, 71.523158, 661.091139, 39.203666, 0.056210, 5638, 4121.0
769, 75.672889, 660.173468, 36.801422, 0.071678, 5625, 4052.0
770, 71.871446, 661.405515, 37.650792, 0.052319, 5663, 4139.0
771, 73.003237, 661.172960, 35.133946, 0.041356, 5637, 4080.0
772, 70.749772, 660.866502, 42.233938, 0.066752, 5655, 4293.0
773, 71.090450, 664.141942, 36.918561, 0.117109, 5662, 4067.0
774, 72.650415, 660.714736, 41.190036, 0.043756, 5645, 4208.0
775, 68.173204, 661.075842, 41.866909, 0.070798, 5671, 4095.0
776, 70.265940, 660.810791, 43.189836, 0.085549, 5661, 4086.0
777, 70.716830, 660.179566, 41.441374, 0.085287, 5647, 4060.0
778, 69.312091, 661.971870, 40.010064, 0.023438, 5664, 4095.0
779, 71.498730, 660.532646, 41.044467, 0.064444, 5636, 4139.0
780, 71.266388, 661.966079, 39.821881, 0.040121, 5647, 4153.0
781, 76.299196, 659.436617, 32.313212, 0.068665, 5571, 4164.0
782, 73.093169, 661.025673, 36.102989, 0.037907, 5645, 4064.0
783, 71.385234, 661.403500, 40.918868, 0.094401, 5643, 4066.0
784, 69.849168, 662.285984, 40.091292, 0.092200, 5657, 4220.0
785, 70.955666, 662.274428, 37.644438, 0.068644, 5660, 4097.0
786, 69.446039, 660.258272, 41.044399, 0.065853, 5663, 4262.0
787, 69.777060, 661.685574, 42.654890, 0.040608, 5658, 4100.0
788, 67.350389, 662.212234, 42.784879, 0.135121, 5663, 4187.0
789, 69.300869, 660.715117, 43.451449, 0.060873, 5656, 4270.0
790, 71.757644, 662.048212, 34.117290, 0.030048, 5660, 4079.0
791, 65.306434, 662.747123, 44.207965, 0.057810, 5660, 4254.0
792, 71.520016, 663.004713, 37.711689, 0.057442, 5656, 4240.0
793, 73.142697, 660.908848, 35.634205, 0.025162, 5633, 4070.0
794, 67.825191, 659.955275, 44.921351, 0.095531, 5653, 4073.0
795, 69.913503, 659.262315, 46.198250, 0.064183, 5661, 7716.0
796, 71.721102, 661.530055, 39.678986, 0.078798, 5636, 7652.0
797, 65.309192, 663.582026, 39.996401, 0.193992, 5663, 5218.0
798, 72.017486, 660.403952, 42.157377, 0.036975, 5640, 4191.0
799, 70.400292, 660.002058, 42.847941, 0.118714, 5641, 4075.0
800, 73.328162, 659.671262, 41.785206, 0.069042, 5629, 4071.0
801, 68.985318, 663.777958, 39.954230, 0.044213, 5653, 4179.0
802, 71.981393, 659.834327, 38.930222, 0.057233, 5625, 4063.0
803, 67.375850, 657.825120, 49.209991, 0.158050, 5655, 4090.0
804, 68.678771, 662.519723, 42.393899, 0.122392, 5669, 4115.0
805, 70.553779, 659.814970, 44.650416, 0.087237, 5646, 4078.0
806, 73.577628, 659.480675, 35.880817, 0.044136, 5630, 4059.0
807, 69.058501, 659.789173, 46.328673, 0.090694, 5665, 4100.0
808, 71.598777, 661.724687, 38.137581, 0.033425, 5650, 4066.0
809, 70.049146, 661.114608, 41.928836, 0.114084, 5667, 4085.0
810, 65.623719, 658.949451, 45.775288, 0.260756, 5658, 4083.0
811, 69.462044, 661.882380, 41.429766, 0.042273, 5665, 4093.0
812, 71.471487, 662.850698, 34.544489, 0.048634, 5661, 4062.0
813, 68.563743, 662.952380, 41.664300, 0.088733, 5660, 4081.0
814, 66.884441, 660.442364, 44.322248, 0.117194, 5663, 4087.0
815, 72.137670, 659.303428, 42.275733, 0.059232, 5620, 4047.0
816, 66.395890, 660.918222, 45.203010, 0.123628, 5662, 4091.0
817, 70.225323, 662.453398, 40.631427, 0.055578, 5656, 4085.0
818, 70.190862, 661.236950, 41.105068, 0.030225, 5631, 4069.0
819, 71.368106, 660.509005, 36.294532, 0.065827, 5618, 4048.0
820, 66.138542, 662.898796, 42.793387, 0.119428, 5664, 4061.0
821, 67.887839, 661.725909, 43.764618, 0.110071, 5660, 4080.0
822, 71.718440, 662.346207, 39.812771, 0.048614, 5632, 4081.0
823, 71.122749, 661.034946, 38.284052, 0.058541, 5659, 4083.0
824, 68.024087, 663.538996, 39.961331, 0.065023, 5659, 4071.0
825, 70.111460, 661.279150, 36.271662, 0.047743, 5658, 4161.0
826, 75.825775, 659.222155, 35.442555, 0.045178, 5616, 4251.0
827, 70.519691, 662.437197, 38.123940, 0.053930, 5658, 5636.0
828, 64.570230, 660.722166, 44.419388, 0.148339, 5657, 4070.0
829, 67.422461, 661.321502, 43.098313, 0.074579, 5668, 4089.0
830, 70.642070, 661.961847, 38.727140, 0.039832, 5639, 4072.0
831, 69.419635, 663.235506, 40.138699, 0.055183, 5666, 4074.0
832, 70.758859, 660.127409, 38.635396, 0.047792, 5625, 4041.0
833, 65.752847, 657.965741, 49.017990, 0.410525, 5663, 4083.0
834, 67.569951, 659.523057, 47.216561, 0.224321, 5645, 4082.0
835, 68.506595, 663.516397, 37.352906, 0.117765, 5657, 4087.0
836, 71.682090, 659.220752, 43.378397, 0.098481, 5610, 4044.0
837, 68.355499, 660.766868, 44.396207, 0.123824, 5660, 4094.0
838, 66.556173, 658.937898, 45.031427, 0.157419, 5658, 4232.0
839, 69.428861, 662.146853, 40.365078, 0.082498, 5658, 4086.0
840, 69.362336, 659.927218, 40.950094, 0.061303, 5664, 4073.0
841, 69.259269, 661.849502, 40.903073, 0.096637, 5664, 4082.0
842, 69.130114, 661.115881, 43.049954, 0.066051, 5661, 4089.0
843, 67.366818, 664.036559, 40.276373, 0.102336, 5660, 4055.0
844, 70.190944, 662.769212, 36.118768, 0.040453, 5658, 4147.0
845, 73.896271, 658.954010, 34.807003, 0.042730, 5611, 4050.0
846, 65.023322, 662.618758, 42.995442, 0.147348, 5665, 4124.0
847, 74.705561, 660.033764, 35.292212, 0.014023, 5635, 4331.0
848, 66.459332, 658.585853, 48.241769, 0.203719, 5657, 4218.0
849, 68.892541, 662.747472, 38.383126, 0.062544, 5662, 4119.0
850, 68.938994, 659.373663, 45.584307, 0.036097, 5661, 4383.0
851, 67.922768, 659.215364, 46.861495, 0.128277, 5666, 4294.0
852, 69.443426, 661.341583, 37.690514, 0.055502, 5664, 4305.0
853, 70.238885, 663.627503, 38.009114, 0.042791, 5661, 4256.0
854, 64.625779, 655.430605, 49.153711, 0.522604, 5611, 4094.0
855, 72.053532, 661.720251, 35.938949, 0.053257, 5648, 4228.0
856, 66.559663, 660.072314, 44.863313, 0.104691, 5655, 4144.0
857, 67.662212, 658.082672, 48.794725, 0.129661, 5659, 4133.0
858, 68.296407, 662.156823, 42.756465, 0.111082, 5660, 4084.0
859, 73.964818, 660.707063, 35.731002, 0.065335, 5647, 4048.0
860, 69.410330, 661.256634, 41.134968, 0.062397, 5655, 4077.0
861, 71.094846, 662.293375, 37.458111, 0.060203, 5666, 4093.0
862, 70.139422, 662.219969, 40.382605, 0.079979, 5658, 4107.0
863, 67.658548, 662.506333, 41.440637, 0.058002, 5666, 4209.0
864, 68.202754, 663.471326, 40.650689, 0.105667, 5667, 4065.0
865, 67.644796, 661.904651, 42.586066, 0.182906, 5660, 4144.0
866, 71.646086, 659.868469, 43.807662, 0.047375, 5629, 4278.0
867, 72.074787, 660.353295, 36.962898, 0.034096, 5629, 5925.0
868, 71.344947, 661.652543, 42.146728, 0.074079, 5666, 4073.0
869, 73.456689, 661.742027, 34.806790, 0.046569, 5644, 4040.0
870, 71.088554, 661.979190, 38.391511, 0.070802, 5640, 4080.0
871, 69.018035, 661.578909, 42.330171, 0.046283, 5660, 4101.0
872, 70.398466, 661.995710, 40.490853, 0.043917, 5660, 4090.0
873, 71.428292, 661.015949, 39.707514, 0.083386, 5646, 4060.0
874, 70.195558, 661.649902, 37.671054, 0.046539, 5642, 4707.0
875, 68.523934, 659.401426, 46.008913, 0.133898, 5657, 4097.0
876, 72.515978, 659.178990, 41.573352, 0.047838, 5608, 4050.0
877, 71.172595, 661.912665, 36.512417, 0.050155, 5667, 4079.0
878, 68.052838, 663.064502, 41.580906, 0.188299, 5660, 4129.0
879, 67.290356, 664.590988, 37.567503, 0.117015, 5661, 4066.0
880, 68.640355, 662.433034, 39.357570, 0.044468, 5657, 4076.0
881, 68.550119, 662.855682, 40.521814, 0.099846, 5659, 4079.0
882, 68.177857, 662.970244, 40.231218, 0.080541, 5661, 4213.0
883, 72.269136, 659.912046, 41.802650, 0.074238, 5621, 4053.0
884, 69.013890, 661.385111, 41.258900, 0.141606, 5645, 4097.0
885, 71.574742, 660.465529, 40.953117, 0.033895, 5637, 4139.0
886, 68.856222, 661.908571, 42.092131, 0.077267, 5654, 4095.0
887, 68.152716, 660.364591, 46.268402, 0.154270, 5672, 4376.0
888, 71.577104, 661.165580, 40.999949, 0.081643, 5649, 4226.0
889, 67.655464, 663.393995, 42.597884, 0.100193, 5653, 4337.0
890, 69.915397, 662.110271, 38.530438, 0.038678, 5666, 4086.0
891, 72.282021, 660.665050, 40.879659, 0.086015, 5637, 4062.0
892, 67.719817, 660.404396, 46.473319, 0.134859, 5658, 4072.0
893, 72.464292, 659.591618, 40.089725, 0.027917, 5642, 4062.0
894, 66.530119, 661.911561, 44.231282, 0.198401, 5661, 4068.0
895, 72.819016, 660.821074, 35.086747, 0.039189, 5637, 4051.0
896, 66.816117, 661.992709, 40.550522, 0.202323, 5656, 4069.0
897, 72.291964, 662.117152, 33.539285, 0.055349, 5655, 4079.0
898, 71.709481, 660.195672, 36.491565, 0.034300, 5638, 4180.0
899, 75.873821, 660.100243, 32.033171, 0.070821, 5647, 4075.0
900, 73.161107, 659.008467, 35.456863, 0.065607, 5628, 4039.0
901, 70.944842, 660.239579, 41.560893, 0.060680, 5645, 4063.0
902, 69.132068, 659.655531, 42.302191, 0.171456, 5637, 4069.0
903, 71.294950, 659.660141, 43.522935, 0.053384, 5644, 4085.0
904, 69.325720, 661.426802, 38.023178, 0.041775, 5662, 4074.0
905, 69.086810, 659.848427, 43.057130, 0.066947, 5663, 4187.0
906, 68.395533, 659.239625, 47.584506, 0.179785, 5661, 4108.0
907, 68.982371, 661.873265, 39.719792, 0.107135, 5644, 4074.0
908, 71.338620, 660.543454, 36.234212, 0.039880, 5639, 4037.0
909, 69.605308, 660.459377, 43.611966, 0.042320, 5658, 4095.0
910, 66.676403, 658.883268, 46.617052, 0.187485, 5659, 4086.0
911, 67.533226, 660.460932, 47.135766, 0.122949, 5663, 4086.0
912, 71.970956, 660.283451, 44.250378, 0.129125, 5620, 4049.0
913, 67.124435, 664.461299, 39.659041, 0.117449, 5655, 4045.0
914, 70.769327, 662.315177, 36.178461, 0.025149, 5663, 4024.0
915, 66.900837, 661.372127, 42.712912, 0.224807, 5655, 4059.0
916, 65.339361, 660.826635, 44.986051, 0.174313, 5663, 4072.0
917, 74.609711, 660.254799, 35.253283, 0.036382, 5642, 4062.0
918, 67.552449, 663.901438, 38.161563, 0.119047, 5660, 4104.0
919, 67.878678, 659.904335, 43.689387, 0.135861, 5669, 4123.0
920, 67.883675, 661.260090, 45.983314, 0.099503, 5664, 4086.0
921, 68.266488, 662.358987, 38.713037, 0.069473, 5665, 4062.0
922, 72.634746, 660.596609, 34.073310, 0.035047, 5659, 4083.0
923, 70.663432, 661.164918, 41.509614, 0.140329, 5638, 4113.0
924, 69.123643, 663.228860, 43.560598, 0.048490, 5659, 4089.0
925, 70.398850, 662.312734, 38.260536, 0.064593, 5662, 4194.0
926, 69.881094, 660.983761, 40.412066, 0.065644, 5662, 4146.0
927, 70.262361, 663.419395, 38.436241, 0.048743, 5659, 4068.0
928, 69.914834, 662.106960, 40.672417, 0.086736, 5639, 4133.0
929, 69.534348, 661.667212, 40.281726, 0.094819, 5636, 4127.0
930, 72.013654, 659.381372, 39.187807, 0.042170, 5635, 4120.0
931, 68.293052, 661.866934, 43.995370, 0.082066, 5659, 5397.0
932, 73.614279, 659.995901, 37.215823, 0.024354, 5639, 5744.0
933, 68.817950, 661.204692, 43.587010, 0.049029, 5661, 4165.0
934, 73.554293, 660.364940, 35.855553, 0.017375, 5633, 4053.0
935, 73.543605, 658.949745, 43.978185, 0.061018, 5604, 4031.0
936, 72.722917, 661.916988, 33.839523, 0.053904, 5665, 4085.0
937, 76.490270, 659.702609, 29.429794, 0.109406, 5607, 4042.0
938, 75.026325, 659.474760, 38.909558, 0.071233, 5600, 4130.0
939, 70.546886, 662.598461, 38.559936, 0.022575, 5662, 4092.0
940, 73.612689, 660.792424, 35.213561, 0.024213, 5644, 4110.0
941, 72.386825, 659.932279, 39.711169, 0.079957, 5618, 4054.0
942, 70.574795, 661.402002, 41.598809, 0.109976, 5657, 4206.0
943, 70.035806, 662.769863, 33.074900, 0.035267, 5663, 4078.0
944, 70.441804, 661.148385, 38.799631, 0.071980, 5665, 4082.0
945, 71.866061, 661.064156, 38.208743, 0.033663, 5662, 4077.0
946, 68.911057, 662.044459, 40.470653, 0.094764, 5657, 4077.0
947, 70.470613, 663.726116, 35.978980, 0.108157, 5653, 4065.0
948, 73.342166, 659.502601, 37.383550, 0.060503, 5617, 4068.0
949, 67.586609, 663.049553, 40.009914, 0.103704, 5663, 4054.0
950, 69.439613, 661.261459, 42.745396, 0.119844, 5637, 4063.0
951, 69.969439, 662.236589, 40.091075, 0.040344, 5665, 4086.0
952, 71.100418, 662.305256, 39.341493, 0.044473, 5641, 4072.0
953, 69.643964, 659.048279, 41.986186, 0.083687, 5657, 4060.0
954, 69.435234, 662.472393, 42.467065, 0.096943, 5654, 4051.0
955, 69.738863, 662.960725, 37.432890, 0.065844, 5669, 4070.0
956, 69.915947, 662.279678, 41.537060, 0.091006, 5643, 4051.0
957, 71.259377, 657.928908, 46.411322, 0.063917, 5624, 4088.0
958, 74.050778, 659.603834, 35.733705, 0.031115, 5624, 4044.0
959, 69.295429, 662.689287, 41.635110, 0.073404, 5655, 4212.0
960, 67.948215, 661.618092, 42.564697, 0.091995, 5660, 4110.0
961, 67.189616, 660.829065, 43.997899, 0.106008, 5658, 4081.0
962, 74.253951, 658.357877, 37.183667, 0.076726, 5615, 4037.0
963, 69.939185, 660.760726, 45.281601, 0.050307, 5664, 4105.0
964, 70.686164, 661.747599, 39.780297, 0.081594, 5644, 4198.0
965, 73.170124, 659.171820, 38.161278, 0.037635, 5635, 4056.0
966, 70.993864, 662.965271, 39.429309, 0.048078, 5665, 4135.0
967, 67.662177, 659.577706, 46.230680, 0.215950, 5663, 4096.0
968, 70.192183, 662.070352, 39.196450, 0.078269, 5663, 4086.0
969, 74.549580, 659.527465, 36.186182, 0.024369, 5620, 4087.0
970, 73.805685, 658.536541, 36.520414, 0.057813, 5628, 4043.0
971, 71.423464, 660.584944, 43.058034, 0.073692, 5635, 4147.0
972, 71.097455, 660.666967, 37.398485, 0.033201, 5639, 4055.0
973, 70.813236, 662.953305, 36.103435, 0.052115, 5665, 4088.0
974, 71.093351, 661.156142, 40.196005, 0.096549, 5648, 4108.0
975, 68.476918, 660.303445, 43.779775, 0.154644, 5648, 4176.0
976, 69.864833, 660.246159, 42.690855, 0.060202, 5667, 4082.0
977, 71.589949, 661.259578, 43.780169, 0.103900, 5644, 4056.0
978, 69.912929, 661.048531, 42.201633, 0.047400, 5663, 4082.0
979, 71.363655, 660.327724, 41.197393, 0.075993, 5643, 4067.0
980, 67.321121, 660.999977, 44.519513, 0.130819, 5663, 4097.0
981, 70.622276, 661.079548, 40.779948, 0.097380, 5669, 4088.0
982, 68.189173, 662.975386, 43.554679, 0.120519, 5662, 4085.0
983, 69.508310, 661.997840, 40.688111, 0.054111, 5663, 4190.0
984, 67.863307, 658.585294, 47.212345, 0.125864, 5663, 4096.0
985, 68.032825, 660.148567, 44.028992, 0.084418, 5658, 4101.0
986, 69.528754, 661.965435, 39.576166, 0.053009, 5664, 4087.0
987, 68.503076, 660.198274, 46.276732, 0.164227, 5661, 4145.0
988, 68.989659, 661.569276, 40.466895, 0.066814, 5663, 4083.0
989, 69.296169, 663.648406, 38.965056, 0.077785, 5661, 4132.0
990, 67.814763, 659.996435, 44.595303, 0.128169, 5665, 4250.0
991, 69.640895, 660.877455, 46.255498, 0.085336, 5647, 4184.0
992, 73.009677, 660.529665, 38.372364, 0.057748, 5637, 4111.0
993, 70.854339, 662.922162, 38.351405, 0.093506, 5653, 4173.0
994, 71.250257, 661.086719, 40.456071, 0.116622, 5640, 4104.0
995, 70.391333, 660.632414, 38.807165, 0.048457, 5635, 4186.0
996, 74.571957, 661.890102, 32.723767, 0.065396, 5625, 4042.0
997, 72.934908, 661.295344, 38.429481, 0.070852, 5616, 4146.0
998, 67.496286, 663.574308, 40.084502, 0.097497, 5660, 4073.0
999, 67.699808, 661.481756, 43.667623, 0.049232, 5658, 4147.0
