#idx, x0, x1, x2, y, f_neval, total_time (us), 
0, 67.956018, 665.727666, 40.166543, 0.108425, 2911, 2260.0
1, 72.214419, 660.147902, 45.416162, 0.102527, 2894, 2354.0
2, 74.753972, 661.192790, 35.697235, 0.042861, 2898, 2192.0
3, 70.726411, 661.547027, 38.910700, 0.078784, 2910, 2324.0
4, 71.397281, 662.853408, 38.908301, 0.107628, 2906, 2191.0
5, 76.486343, 660.989758, 28.338583, 0.034151, 2889, 2169.0
6, 69.826286, 661.446505, 43.850087, 0.085039, 2902, 2196.0
7, 73.764540, 660.046872, 44.092731, 0.081619, 2889, 2309.0
8, 70.208927, 662.163444, 41.259927, 0.136125, 2912, 2193.0
9, 70.824399, 661.225475, 40.159655, 0.070278, 2899, 2436.0
10, 74.287259, 659.814087, 38.667274, 0.086122, 2906, 2638.0
11, 78.395268, 660.417715, 30.737435, 0.081811, 2912, 2211.0
12, 75.402265, 660.051723, 36.059304, 0.062813, 2895, 2416.0
13, 77.018494, 659.630792, 31.140802, 0.053162, 2902, 2563.0
14, 74.596744, 660.582322, 37.967661, 0.051943, 2894, 2246.0
15, 72.858544, 660.726263, 36.338983, 0.044333, 2907, 2253.0
16, 75.011068, 660.445368, 31.983176, 0.045007, 2910, 2988.0
17, 76.382901, 660.757857, 28.116926, 0.037980, 2891, 2167.0
18, 74.396366, 659.586184, 36.098909, 0.035130, 2895, 2562.0
19, 77.033296, 661.124332, 35.171243, 0.088039, 2902, 2734.0
20, 76.221249, 659.988095, 33.676424, 0.074332, 2894, 2219.0
21, 74.728425, 661.540438, 29.054544, 0.065728, 2892, 2298.0
22, 69.460487, 662.253625, 41.211295, 0.102748, 2908, 2412.0
23, 71.621755, 660.855974, 39.587491, 0.067505, 2905, 2187.0
24, 70.939412, 661.711060, 41.067380, 0.085951, 2899, 2196.0
25, 73.988341, 659.238374, 39.406534, 0.060384, 2893, 2360.0
26, 69.363532, 661.275273, 42.948821, 0.193852, 2899, 2246.0
27, 67.803789, 660.948613, 45.997972, 0.148316, 2905, 2188.0
28, 71.792591, 660.088200, 38.984331, 0.072694, 2909, 2199.0
29, 72.443341, 660.778871, 42.461724, 0.075137, 2901, 2344.0
30, 72.625040, 660.450395, 39.388367, 0.062187, 2897, 2339.0
31, 68.979449, 662.552334, 42.233183, 0.136812, 2902, 2417.0
32, 78.669867, 658.656524, 32.440400, 0.057038, 2898, 3338.0
33, 75.288442, 658.681971, 35.099065, 0.045192, 2899, 3570.0
34, 71.901845, 659.759979, 43.719958, 0.069095, 2910, 3114.0
35, 71.406479, 662.870770, 38.707482, 0.040820, 2906, 2250.0
36, 66.772988, 659.586780, 48.941222, 0.173381, 2901, 2294.0
37, 72.570144, 659.464109, 41.012680, 0.037422, 2892, 2906.0
38, 70.248920, 658.981587, 46.299344, 0.061024, 2893, 2181.0
39, 72.612385, 660.206212, 35.736868, 0.066059, 2906, 2305.0
40, 68.678428, 662.095454, 41.869382, 0.073946, 2915, 2630.0
41, 70.836239, 662.454723, 37.876485, 0.071487, 2905, 2679.0
42, 69.786315, 663.559956, 35.048876, 0.101871, 2906, 2853.0
43, 71.965753, 660.853760, 44.782843, 0.072118, 2905, 2556.0
44, 70.682342, 661.590155, 39.948363, 0.075487, 2900, 2523.0
45, 71.181036, 661.578253, 38.350393, 0.040967, 2899, 3021.0
46, 70.929338, 660.348200, 43.891801, 0.145464, 2901, 2986.0
47, 77.545729, 659.284605, 31.369908, 0.073774, 2893, 2744.0
48, 71.678743, 661.297913, 41.266574, 0.052572, 2903, 3416.0
49, 77.340754, 658.659841, 30.732944, 0.021061, 2901, 3299.0
50, 68.279408, 661.201499, 42.531272, 0.164304, 2907, 2186.0
51, 70.862970, 659.651056, 42.401629, 0.139427, 2895, 2190.0
52, 69.010292, 662.729675, 38.521491, 0.061489, 2905, 2252.0
53, 72.256262, 661.293949, 37.832875, 0.047565, 2888, 2177.0
54, 75.421717, 659.670784, 31.137471, 0.041710, 2892, 2209.0
55, 69.835942, 660.172272, 44.175939, 0.076791, 2901, 2334.0
56, 70.166921, 662.775520, 43.957760, 0.077291, 2909, 2192.0
57, 66.962674, 659.222684, 46.970204, 0.221662, 2909, 2191.0
58, 70.415616, 660.653312, 45.266947, 0.121658, 2903, 2438.0
59, 72.944674, 660.396596, 35.753024, 0.036962, 2900, 2377.0
60, 73.224307, 660.282534, 38.084093, 0.061560, 2892, 2196.0
61, 74.303065, 660.862736, 31.735257, 0.034999, 2907, 2195.0
62, 68.726425, 662.602070, 37.875887, 0.066290, 2911, 2329.0
63, 77.489032, 659.527858, 28.472417, 0.072964, 2893, 2265.0
64, 73.001207, 659.394658, 44.785420, 0.142279, 2889, 2217.0
65, 70.267757, 659.849627, 37.591376, 0.069449, 2901, 2336.0
66, 68.783162, 660.071653, 44.867949, 0.077949, 2909, 2250.0
67, 73.762083, 659.771851, 34.897021, 0.025078, 2902, 2162.0
68, 68.683930, 659.986891, 46.074009, 0.070583, 2904, 2181.0
69, 68.922202, 661.655732, 41.852950, 0.083018, 2906, 2386.0
70, 68.645398, 660.263906, 43.589652, 0.108424, 2913, 2247.0
71, 73.452777, 660.058817, 41.365881, 0.061785, 2885, 2174.0
72, 70.934376, 663.605751, 38.019069, 0.083460, 2908, 2654.0
73, 69.067168, 660.169216, 44.034074, 0.042199, 2904, 2238.0
74, 69.010292, 662.729675, 38.521491, 0.066082, 2906, 2432.0
75, 72.269460, 660.265170, 37.158314, 0.032383, 2907, 2361.0
76, 69.012983, 664.337973, 34.839681, 0.094777, 2900, 2203.0
77, 65.880173, 662.591254, 44.437741, 0.115030, 2904, 2387.0
78, 76.367971, 658.966285, 37.522139, 0.035654, 2885, 2182.0
79, 70.160432, 660.389634, 44.290291, 0.139668, 2896, 2210.0
80, 69.487414, 661.383603, 39.038783, 0.029296, 2906, 2184.0
81, 69.793120, 661.851540, 41.240112, 0.038564, 2910, 2201.0
82, 67.629915, 662.493098, 42.090757, 0.105878, 2908, 2297.0
83, 68.941480, 662.275338, 39.757318, 0.061164, 2907, 2208.0
84, 70.287488, 659.816068, 42.557185, 0.120647, 2907, 2295.0
85, 68.003411, 661.896483, 44.068445, 0.112303, 2915, 2584.0
86, 74.583553, 660.849177, 33.400889, 0.032332, 2908, 2233.0
87, 67.957296, 662.614243, 41.455907, 0.077960, 2907, 2186.0
88, 64.768423, 664.518321, 40.278929, 0.215243, 2914, 2236.0
89, 72.274308, 660.743202, 37.544833, 0.051359, 2898, 2712.0
90, 68.665424, 660.153896, 45.644919, 0.060586, 2914, 2769.0
91, 71.763914, 660.131007, 38.316978, 0.051816, 2893, 2205.0
92, 72.471109, 661.918094, 38.245632, 0.049278, 2908, 2177.0
93, 69.877299, 660.757055, 42.918413, 0.042987, 2893, 2236.0
94, 70.936554, 660.627793, 45.197282, 0.058527, 2900, 2228.0
95, 75.193707, 660.698382, 31.771049, 0.050041, 2910, 2251.0
96, 72.109341, 659.919302, 39.579725, 0.029998, 2903, 2208.0
97, 70.342643, 661.914738, 43.298583, 0.043940, 2903, 2222.0
98, 73.078933, 660.721238, 36.599578, 0.044518, 2900, 2210.0
99, 71.065466, 662.244274, 38.460019, 0.043956, 2910, 2832.0
100, 70.077890, 660.499824, 45.450137, 0.047358, 2910, 2690.0
101, 69.682014, 662.777616, 44.692287, 0.146087, 2907, 3457.0
102, 68.054091, 661.720486, 44.028390, 0.079637, 2910, 3341.0
103, 68.418076, 660.483620, 44.412868, 0.047985, 2906, 2255.0
104, 68.131290, 660.800254, 40.600579, 0.127491, 2909, 2235.0
105, 69.922402, 661.763283, 36.572465, 0.076829, 2910, 2268.0
106, 68.440726, 660.085793, 44.074681, 0.083687, 2907, 2856.0
107, 75.912703, 657.593806, 43.713243, 0.077048, 2876, 2117.0
108, 69.257901, 661.889505, 41.007796, 0.057452, 2908, 2200.0
109, 65.945651, 661.489671, 43.841622, 0.156611, 2907, 2266.0
110, 71.678041, 660.973144, 39.550642, 0.077028, 2903, 2289.0
111, 72.075078, 661.545181, 35.334196, 0.062806, 2911, 2406.0
112, 76.074932, 659.518252, 31.379544, 0.037468, 2902, 2187.0
113, 69.308719, 661.421463, 43.355891, 0.078991, 2901, 2241.0
114, 69.104821, 661.666135, 43.647458, 0.077084, 2908, 2225.0
115, 73.597271, 661.640058, 32.159009, 0.029141, 2905, 3018.0
116, 73.123429, 659.375964, 34.785869, 0.041683, 2900, 2232.0
117, 72.448036, 660.629250, 43.546422, 0.047465, 2903, 2212.0
118, 69.803622, 663.050821, 39.400610, 0.060240, 2909, 2215.0
119, 73.588638, 658.414683, 39.493152, 0.029562, 2897, 2222.0
120, 69.181485, 662.029897, 40.520182, 0.063177, 2908, 2245.0
121, 65.445387, 662.110180, 44.638047, 0.187111, 2904, 2784.0
122, 76.809591, 659.588773, 30.808442, 0.076799, 2901, 2594.0
123, 69.686160, 662.305845, 41.771461, 0.033127, 2908, 2192.0
124, 73.851596, 659.374333, 35.984040, 0.033791, 2890, 3039.0
125, 72.155665, 659.293473, 42.518401, 0.053052, 2896, 2972.0
126, 68.839717, 659.866104, 42.488407, 0.050698, 2906, 2345.0
127, 67.998507, 661.642783, 38.783973, 0.080171, 2916, 2330.0
128, 68.253316, 658.875718, 43.650739, 0.143791, 2912, 2394.0
129, 70.639581, 661.603986, 41.594095, 0.123293, 2904, 2183.0
130, 70.220900, 663.906169, 37.016913, 0.079748, 2906, 2181.0
131, 67.311123, 664.513931, 40.605442, 0.124300, 2912, 2348.0
132, 74.383250, 658.374256, 39.685303, 0.036162, 2888, 2291.0
133, 69.909996, 660.138073, 44.170797, 0.075369, 2907, 2185.0
134, 71.419315, 662.413384, 37.657299, 0.034097, 2902, 2192.0
135, 71.383635, 663.049551, 36.118432, 0.064063, 2907, 2182.0
136, 67.915640, 661.164535, 45.046168, 0.236478, 2909, 2282.0
137, 69.035203, 660.728918, 49.073134, 0.164623, 2901, 3391.0
138, 65.811787, 661.014003, 44.531031, 0.239109, 2908, 3207.0
139, 71.495403, 661.696607, 42.600823, 0.128143, 2906, 2384.0
140, 68.049084, 662.438883, 43.508704, 0.091173, 2906, 2254.0
141, 68.941480, 662.275338, 39.757318, 0.075376, 2907, 2968.0
142, 75.328056, 659.863996, 36.432547, 0.072063, 2904, 3036.0
143, 76.728361, 659.492302, 31.190575, 0.058325, 2898, 2192.0
144, 72.945087, 661.844158, 39.156102, 0.095037, 2892, 2258.0
145, 71.514265, 660.300763, 44.256467, 0.093290, 2899, 2201.0
146, 70.546551, 662.672265, 38.118839, 0.069189, 2912, 2223.0
147, 79.308857, 660.076620, 25.246887, 0.050439, 2904, 2580.0
148, 74.275295, 660.860523, 32.653414, 0.052999, 2897, 2229.0
149, 70.635232, 662.696001, 41.985297, 0.121424, 2904, 2385.0
150, 70.739125, 662.410614, 39.479978, 0.048075, 2905, 2982.0
151, 71.098834, 661.220087, 42.807195, 0.094162, 2905, 2603.0
152, 72.228313, 661.414116, 41.647745, 0.145554, 2895, 2247.0
153, 69.801934, 660.856374, 45.215673, 0.241969, 2910, 2184.0
154, 68.735324, 660.536495, 45.850650, 0.114669, 2903, 2350.0
155, 69.066597, 661.790243, 44.780547, 0.179907, 2909, 2201.0
156, 67.377880, 660.652339, 45.061860, 0.100676, 2906, 2196.0
157, 72.315601, 660.712572, 36.686414, 0.009538, 2909, 2289.0
158, 73.249641, 660.581448, 37.972388, 0.035345, 2906, 2536.0
159, 70.436028, 661.509477, 44.368334, 0.072180, 2912, 2700.0
160, 71.160604, 661.018853, 42.871866, 0.103090, 2902, 2422.0
161, 68.322778, 663.725154, 41.300047, 0.241112, 2904, 2565.0
162, 69.533805, 661.679998, 42.968215, 0.154845, 2914, 3463.0
163, 67.462847, 660.653435, 45.017446, 0.109153, 2905, 3425.0
164, 72.677659, 660.202484, 40.546487, 0.034200, 2899, 2203.0
165, 70.725085, 662.028920, 41.700909, 0.075252, 2905, 2596.0
166, 70.977549, 661.349668, 41.999700, 0.110767, 2899, 2686.0
167, 65.548488, 661.828434, 43.437217, 0.232129, 2914, 2238.0
168, 74.551641, 661.367189, 32.390583, 0.043687, 2900, 2167.0
169, 75.256704, 659.549459, 36.492186, 0.038211, 2889, 2175.0
170, 70.857055, 661.241349, 42.176719, 0.058077, 2902, 2254.0
171, 70.898685, 660.884268, 39.719902, 0.066016, 2897, 2314.0
172, 72.467239, 661.279456, 37.864609, 0.042516, 2902, 2327.0
173, 74.087983, 660.286872, 38.994842, 0.055608, 2900, 2321.0
174, 68.911762, 662.114141, 44.208321, 0.110394, 2912, 2222.0
175, 67.733563, 665.700757, 38.647883, 0.114204, 2905, 2194.0
176, 65.785238, 659.980097, 46.391447, 0.210323, 2909, 2202.0
177, 71.149159, 662.340657, 40.274565, 0.084192, 2898, 2190.0
178, 67.733086, 659.028743, 47.666338, 0.156865, 2902, 2314.0
179, 71.178377, 660.347241, 41.849451, 0.052143, 2902, 2185.0
180, 76.141515, 659.980665, 36.598483, 0.059697, 2899, 2196.0
181, 72.549310, 659.382710, 37.320513, 0.036798, 2894, 2182.0
182, 69.728945, 660.674231, 42.477327, 0.070412, 2907, 2303.0
183, 67.321589, 663.633921, 40.120067, 0.120997, 2909, 2169.0
184, 71.831099, 661.420276, 39.395702, 0.074871, 2901, 2231.0
185, 70.392612, 662.560105, 37.092890, 0.042984, 2914, 2749.0
186, 72.083316, 659.328489, 40.180654, 0.051496, 2900, 2215.0
187, 66.395757, 662.418246, 45.459884, 0.104188, 2912, 2231.0
188, 66.820620, 663.760482, 39.373250, 0.138438, 2915, 2455.0
189, 71.251967, 662.018315, 34.237145, 0.035806, 2910, 3954.0
190, 68.984946, 661.891761, 42.297454, 0.124705, 2909, 3561.0
191, 71.918273, 660.080600, 40.611840, 0.037350, 2914, 3601.0
192, 73.921358, 660.631142, 33.444021, 0.049084, 2906, 3251.0
193, 71.410515, 662.802906, 36.011183, 0.043581, 2912, 3408.0
194, 74.143013, 660.710138, 32.673165, 0.041156, 2902, 3461.0
195, 73.327308, 661.485569, 38.972981, 0.099820, 2884, 3359.0
196, 69.997007, 661.685622, 42.050944, 0.050197, 2909, 3056.0
197, 68.430992, 662.312564, 39.003704, 0.116451, 2907, 3546.0
198, 74.330947, 659.425707, 31.281873, 0.057319, 2898, 3367.0
199, 72.491743, 661.904574, 33.329983, 0.065441, 2899, 2575.0
200, 73.204237, 659.490296, 39.816513, 0.098409, 2889, 2403.0
201, 69.128163, 662.027015, 39.832079, 0.058441, 2905, 2208.0
202, 68.450535, 663.911772, 37.836678, 0.040099, 2903, 2905.0
203, 78.691597, 658.068647, 37.067249, 0.078214, 2884, 3517.0
204, 71.407868, 661.441406, 39.684673, 0.034552, 2905, 3547.0
205, 74.913469, 660.200900, 39.227065, 0.120952, 2890, 3329.0
206, 71.560561, 661.717923, 34.705171, 0.057579, 2912, 3538.0
207, 68.305871, 663.492031, 40.207821, 0.116529, 2907, 3410.0
208, 68.424307, 660.271806, 44.625909, 0.049662, 2903, 3468.0
209, 73.039006, 661.160954, 38.733341, 0.055466, 2898, 3455.0
210, 72.540594, 662.188816, 37.393990, 0.041897, 2891, 3504.0
211, 71.968937, 662.969157, 34.068027, 0.041661, 2909, 3490.0
212, 71.051244, 662.219785, 42.481300, 0.068578, 2910, 3492.0
213, 70.209804, 663.881635, 38.097286, 0.035259, 2907, 3454.0
214, 72.679176, 659.176957, 37.951516, 0.096598, 2899, 3306.0
215, 73.010181, 660.999386, 40.638895, 0.117650, 2899, 3406.0
216, 69.965455, 661.961790, 42.368446, 0.131172, 2900, 2704.0
217, 70.562034, 663.049508, 39.842758, 0.031435, 2905, 2790.0
218, 74.707073, 659.761795, 32.732000, 0.041950, 2897, 3707.0
219, 76.224642, 660.064571, 35.786685, 0.072239, 2893, 3661.0
220, 72.680485, 662.556027, 35.197128, 0.026150, 2908, 3399.0
221, 75.023572, 660.429018, 37.709946, 0.103062, 2900, 2571.0
222, 75.450523, 658.813559, 43.324176, 0.128710, 2873, 2620.0
223, 70.109294, 661.604318, 43.078223, 0.111825, 2900, 2499.0
224, 68.798727, 663.396279, 38.564780, 0.042389, 2904, 2223.0
225, 67.716075, 662.502548, 41.735971, 0.127050, 2913, 2203.0
226, 74.669418, 661.342150, 29.807113, 0.058052, 2909, 2452.0
227, 71.859437, 660.899552, 34.850064, 0.057153, 2899, 2615.0
228, 70.716382, 660.507228, 41.301676, 0.085896, 2898, 3046.0
229, 71.194628, 661.861735, 38.328076, 0.040390, 2906, 2926.0
230, 71.852708, 660.071416, 38.519481, 0.032810, 2899, 2612.0
231, 77.736982, 661.473524, 31.779859, 0.106366, 2892, 2553.0
232, 70.774487, 663.146034, 36.923845, 0.094738, 2908, 2799.0
233, 69.150943, 663.177469, 38.352158, 0.050657, 2902, 2191.0
234, 68.686589, 661.946913, 43.581223, 0.107682, 2912, 3076.0
235, 71.750616, 660.214503, 41.437353, 0.080170, 2897, 2801.0
236, 74.100400, 660.926364, 38.082790, 0.066261, 2898, 2282.0
237, 68.862175, 662.768084, 41.673224, 0.075400, 2905, 2668.0
238, 73.492173, 660.354283, 36.246280, 0.041050, 2898, 2189.0
239, 74.181070, 660.903831, 40.497296, 0.050308, 2893, 2236.0
240, 74.964982, 659.462301, 36.361075, 0.021755, 2896, 2192.0
241, 70.662418, 658.596421, 45.648789, 0.160113, 2896, 2361.0
242, 68.896293, 660.517154, 46.146540, 0.068482, 2901, 2479.0
243, 72.105034, 661.715975, 35.074257, 0.044767, 2904, 2401.0
244, 70.184495, 660.401015, 42.515284, 0.044019, 2914, 2588.0
245, 72.753843, 659.734585, 39.284784, 0.055053, 2895, 2211.0
246, 74.227178, 658.661691, 40.160934, 0.054754, 2891, 2194.0
247, 72.609148, 659.887841, 40.536323, 0.014007, 2902, 2569.0
248, 68.052496, 662.014258, 42.787360, 0.178878, 2904, 2885.0
249, 70.416079, 659.786187, 44.353758, 0.174151, 2889, 2780.0
250, 70.043951, 664.028740, 38.054639, 0.030552, 2910, 2170.0
251, 70.971767, 660.681482, 41.445017, 0.162325, 2895, 2257.0
252, 73.241835, 661.272253, 36.910777, 0.062233, 2896, 3383.0
253, 73.075488, 659.545317, 35.402818, 0.031468, 2903, 3397.0
254, 72.233533, 660.496912, 37.464689, 0.069681, 2897, 3660.0
255, 71.263850, 661.442893, 35.322211, 0.045711, 2914, 3564.0
256, 73.965974, 659.582128, 38.234662, 0.056530, 2898, 3740.0
257, 73.714448, 660.296767, 39.716135, 0.082985, 2889, 3862.0
258, 70.839290, 661.915918, 38.410658, 0.041046, 2909, 3625.0
259, 68.469337, 660.743415, 42.162145, 0.171103, 2905, 2626.0
260, 69.006484, 662.531909, 38.899559, 0.131034, 2908, 3007.0
261, 68.911435, 662.144762, 44.423312, 0.090455, 2912, 2370.0
262, 76.915158, 659.072116, 30.567387, 0.058710, 2900, 2247.0
263, 67.748062, 659.439927, 45.503593, 0.208005, 2914, 2450.0
264, 75.504785, 660.005467, 27.971300, 0.073700, 2901, 2393.0
265, 73.968231, 660.305943, 29.016039, 0.013917, 2899, 2303.0
266, 70.398768, 660.140447, 43.682851, 0.062688, 2906, 2240.0
267, 72.311987, 660.223489, 36.818577, 0.032612, 2896, 2365.0
268, 71.910729, 662.415913, 36.811678, 0.075906, 2899, 2313.0
269, 70.477894, 659.809207, 41.081488, 0.107268, 2895, 2194.0
270, 76.070595, 658.686990, 32.892018, 0.046161, 2885, 2863.0
271, 73.469028, 662.786948, 37.482490, 0.054091, 2907, 3368.0
272, 70.962650, 660.980694, 39.297322, 0.030927, 2909, 3456.0
273, 69.925954, 660.040258, 43.862937, 0.123236, 2894, 2502.0
274, 77.884271, 661.229648, 20.695866, 0.060439, 2905, 2641.0
275, 75.538730, 659.863450, 35.967343, 0.076176, 2885, 3298.0
276, 76.495558, 659.106044, 33.784713, 0.042144, 2893, 3342.0
277, 73.517012, 661.385243, 38.217030, 0.064290, 2903, 3346.0
278, 74.070468, 661.424908, 33.438388, 0.090100, 2891, 3378.0
279, 69.367189, 660.190764, 44.693748, 0.097342, 2905, 3593.0
280, 74.878227, 658.849666, 36.719840, 0.059186, 2901, 3317.0
281, 71.758029, 661.739196, 36.949217, 0.037087, 2901, 2709.0
282, 70.449257, 658.384203, 45.146123, 0.117223, 2905, 3347.0
283, 76.539237, 659.832341, 33.096973, 0.067998, 2902, 2187.0
284, 74.050452, 662.614403, 32.158096, 0.066994, 2901, 2193.0
285, 67.610822, 657.534408, 47.929474, 0.360316, 2908, 2195.0
286, 69.850558, 662.708889, 40.322020, 0.040471, 2910, 2241.0
287, 68.231156, 661.809659, 43.959242, 0.110478, 2903, 2225.0
288, 70.253194, 660.138386, 40.774179, 0.059448, 2906, 2229.0
289, 70.127641, 661.745852, 40.199973, 0.072845, 2904, 2207.0
290, 69.422389, 662.322453, 42.769645, 0.163133, 2899, 2193.0
291, 68.929054, 662.519397, 43.294652, 0.063822, 2910, 2259.0
292, 71.720524, 662.178195, 41.938799, 0.073743, 2906, 2192.0
293, 69.587494, 662.902547, 38.739713, 0.098268, 2911, 2372.0
294, 69.935062, 662.509857, 44.112242, 0.095816, 2897, 2237.0
295, 68.776971, 660.086283, 43.924866, 0.152201, 2914, 2194.0
296, 72.889326, 660.561648, 37.546184, 0.032806, 2910, 2214.0
297, 72.055088, 660.390259, 38.442242, 0.038289, 2902, 2193.0
298, 66.623268, 660.498949, 44.961172, 0.133675, 2914, 2202.0
299, 72.623303, 660.419299, 41.369349, 0.117844, 2892, 2193.0
300, 72.943900, 661.299936, 36.956114, 0.046556, 2893, 2355.0
301, 72.580908, 661.468917, 36.393078, 0.034548, 2904, 2228.0
302, 71.029180, 661.739533, 33.404429, 0.065142, 2906, 2360.0
303, 72.121517, 662.470359, 36.587325, 0.061590, 2898, 2210.0
304, 72.826656, 662.418069, 30.638478, 0.061965, 2905, 2186.0
305, 75.565505, 659.742844, 32.513528, 0.044411, 2899, 2184.0
306, 71.129527, 659.803975, 43.111564, 0.080496, 2899, 2203.0
307, 75.531308, 660.914392, 27.589549, 0.055527, 2900, 2448.0
308, 72.140620, 660.486809, 38.945081, 0.061088, 2895, 2224.0
309, 74.218119, 660.820714, 37.419375, 0.051798, 2895, 2185.0
310, 69.422530, 661.554957, 42.076110, 0.040690, 2909, 2210.0
311, 69.558172, 662.392010, 41.072806, 0.074899, 2905, 2217.0
312, 76.481231, 661.403277, 29.023924, 0.065852, 2900, 2231.0
313, 71.176316, 661.044243, 41.921786, 0.055854, 2893, 2285.0
314, 73.434875, 662.177992, 36.155777, 0.065698, 2902, 2195.0
315, 74.892707, 659.935542, 36.273741, 0.046607, 2904, 2228.0
316, 78.206850, 659.049054, 35.757972, 0.139367, 2891, 2186.0
317, 74.398662, 661.072523, 32.502985, 0.028048, 2897, 2203.0
318, 69.393733, 665.109320, 39.097543, 0.122741, 2912, 2199.0
319, 72.983688, 661.900683, 33.887480, 0.043725, 2897, 2175.0
320, 72.401044, 662.720906, 32.096391, 0.060463, 2909, 2236.0
321, 72.362615, 661.880377, 35.806282, 0.050602, 2907, 2818.0
322, 68.435959, 663.938309, 38.891551, 0.072171, 2912, 3081.0
323, 76.948639, 662.808021, 27.067356, 0.096939, 2899, 2174.0
324, 73.491016, 661.528643, 35.342399, 0.035130, 2908, 2201.0
325, 75.028128, 661.239008, 30.635866, 0.018295, 2905, 2223.0
326, 76.727110, 659.563023, 37.341987, 0.103559, 2890, 2376.0
327, 71.163596, 664.412681, 38.060267, 0.073351, 2911, 2216.0
328, 74.030939, 659.671772, 40.040904, 0.052651, 2887, 2309.0
329, 67.245113, 661.603940, 44.896185, 0.053555, 2908, 2194.0
330, 70.315140, 662.042245, 40.692880, 0.048460, 2907, 2231.0
331, 69.344714, 661.265349, 42.338618, 0.134721, 2891, 2274.0
332, 70.436749, 660.937692, 40.944805, 0.062634, 2905, 2347.0
333, 68.600424, 662.018320, 40.369108, 0.099065, 2908, 2221.0
334, 70.757364, 660.286702, 43.476724, 0.077286, 2904, 2761.0
335, 70.043720, 659.824386, 45.866804, 0.112540, 2898, 2761.0
336, 66.230899, 661.833888, 43.889988, 0.135180, 2906, 2358.0
337, 70.902714, 662.464431, 38.771397, 0.060980, 2906, 2531.0
338, 69.296121, 661.272291, 42.807974, 0.060275, 2910, 2190.0
339, 73.177217, 661.512145, 39.599175, 0.058843, 2905, 2333.0
340, 69.445686, 661.655616, 43.043543, 0.067227, 2901, 2195.0
341, 70.479981, 661.783795, 36.665791, 0.044252, 2908, 3283.0
342, 70.767677, 660.555570, 41.837918, 0.074615, 2898, 2273.0
343, 70.790784, 662.373079, 40.807071, 0.039401, 2916, 2203.0
344, 70.803663, 661.653566, 42.031482, 0.153119, 2890, 2435.0
345, 74.146502, 661.685888, 29.992901, 0.070225, 2910, 2188.0
346, 68.846567, 659.130983, 47.984974, 0.160710, 2901, 2201.0
347, 72.575325, 660.020922, 38.120998, 0.062328, 2891, 2222.0
348, 69.887802, 660.951751, 45.249025, 0.136015, 2905, 2988.0
349, 68.090491, 662.880673, 38.879661, 0.059103, 2906, 2176.0
350, 77.675395, 660.302507, 30.555623, 0.088738, 2897, 2258.0
351, 67.876953, 660.090003, 46.994937, 0.223032, 2909, 3395.0
352, 70.263237, 663.010902, 37.701959, 0.070345, 2908, 2837.0
353, 70.580374, 661.335126, 40.358264, 0.064967, 2906, 2186.0
354, 73.137533, 662.116374, 37.288917, 0.068662, 2901, 2232.0
355, 70.659416, 662.386043, 39.376747, 0.055359, 2906, 2191.0
356, 72.595307, 661.935076, 33.399372, 0.057363, 2907, 2197.0
357, 69.277533, 662.563351, 40.403093, 0.132292, 2915, 2372.0
358, 66.945013, 661.498230, 42.622567, 0.100870, 2901, 2184.0
359, 74.367032, 660.219879, 36.400553, 0.064469, 2907, 2208.0
360, 71.258624, 662.471353, 41.036928, 0.096959, 2910, 3160.0
361, 71.393054, 660.045253, 39.103457, 0.027979, 2898, 2354.0
362, 72.460873, 663.516652, 30.895206, 0.042555, 2899, 2233.0
363, 72.767206, 662.060790, 38.012739, 0.016011, 2917, 2190.0
364, 73.673961, 660.715946, 37.400864, 0.042579, 2901, 2201.0
365, 73.406789, 660.334687, 35.992011, 0.023413, 2892, 2184.0
366, 69.853726, 661.249891, 41.021382, 0.062467, 2906, 2240.0
367, 72.345312, 662.509725, 28.976404, 0.025270, 2906, 2174.0
368, 74.800970, 659.773517, 37.202600, 0.038980, 2891, 2228.0
369, 72.509484, 660.926003, 37.472857, 0.058258, 2902, 3132.0
370, 73.141236, 661.213583, 43.662808, 0.064051, 2892, 2204.0
371, 75.071019, 661.638345, 38.068793, 0.079563, 2892, 2200.0
372, 73.627776, 661.852432, 32.961139, 0.055516, 2914, 2886.0
373, 72.818280, 660.057569, 39.584126, 0.064297, 2893, 2198.0
374, 68.827282, 662.677396, 44.394700, 0.194877, 2907, 2915.0
375, 72.818034, 660.814084, 38.520071, 0.055211, 2902, 2468.0
376, 71.936540, 660.576692, 39.004503, 0.042699, 2905, 2203.0
377, 70.642762, 662.951024, 39.559848, 0.103824, 2903, 2200.0
378, 70.630026, 662.078536, 40.398103, 0.073462, 2911, 2199.0
379, 70.526645, 662.303315, 38.403223, 0.061032, 2911, 2501.0
380, 76.350964, 659.128351, 37.727677, 0.057691, 2890, 3393.0
381, 71.655563, 661.929238, 35.663484, 0.087989, 2904, 2175.0
382, 73.899272, 660.302988, 37.152536, 0.020085, 2906, 2495.0
383, 76.397202, 660.752299, 26.904985, 0.033474, 2894, 2187.0
384, 70.826337, 660.596651, 42.352239, 0.136163, 2884, 2184.0
385, 70.152005, 662.322200, 41.430168, 0.083751, 2903, 2745.0
386, 75.539046, 659.630659, 39.196893, 0.070606, 2903, 2203.0
387, 68.726837, 661.819619, 40.086094, 0.141533, 2913, 2303.0
388, 70.439343, 661.817582, 40.977250, 0.070922, 2909, 2724.0
389, 68.871993, 659.998074, 44.800975, 0.111904, 2910, 3388.0
390, 69.268100, 666.180196, 55.722184, 0.087862, 2903, 2306.0
391, 75.750064, 661.604812, 37.094015, 0.135745, 2898, 2353.0
392, 71.966029, 660.231518, 40.096053, 0.063221, 2901, 2202.0
393, 74.079564, 660.540433, 38.667218, 0.054996, 2898, 2802.0
394, 69.808601, 659.885594, 45.816611, 0.097031, 2897, 2191.0
395, 78.106519, 658.139389, 34.346258, 0.082742, 2888, 2192.0
396, 74.146969, 660.319719, 37.705186, 0.043989, 2902, 2183.0
397, 70.486655, 662.170768, 39.639722, 0.024554, 2906, 2201.0
398, 73.656345, 660.337626, 37.303927, 0.043530, 2906, 2722.0
399, 76.693366, 659.864954, 36.255056, 0.078692, 2897, 2179.0
400, 71.244192, 661.085396, 41.048414, 0.108445, 2898, 2235.0
401, 70.054614, 662.216886, 38.704137, 0.061990, 2904, 2601.0
402, 71.018871, 661.889027, 40.650066, 0.107582, 2890, 2174.0
403, 72.619017, 661.638405, 40.880836, 0.031611, 2901, 2171.0
404, 70.138195, 661.368984, 43.137947, 0.054560, 2914, 2187.0
405, 75.135262, 660.839903, 33.693523, 0.036867, 2903, 2173.0
406, 73.615355, 662.583775, 31.997947, 0.043499, 2909, 2178.0
407, 75.172982, 660.620383, 35.701258, 0.059643, 2894, 2257.0
408, 74.890007, 659.997517, 33.333932, 0.056620, 2895, 3161.0
409, 76.568881, 661.721112, 25.332061, 0.116045, 2908, 2565.0
410, 69.405223, 662.967400, 40.181542, 0.080498, 2911, 2190.0
411, 81.300284, 657.722897, 29.090911, 0.064818, 2890, 2171.0
412, 72.114875, 662.179593, 33.854252, 0.035917, 2910, 2231.0
413, 73.737646, 660.686754, 38.882092, 0.037473, 2909, 2255.0
414, 72.889644, 660.246773, 38.388315, 0.045841, 2908, 2187.0
415, 75.412865, 660.420833, 40.079910, 0.040909, 2891, 2177.0
416, 73.895625, 661.249886, 30.146233, 0.047684, 2907, 2192.0
417, 66.014874, 659.586661, 47.036663, 0.217118, 2908, 2190.0
418, 74.694592, 661.593902, 33.483705, 0.053979, 2897, 2180.0
419, 70.046169, 662.685531, 40.983126, 0.055897, 2905, 2198.0
420, 69.758896, 661.385356, 38.784977, 0.119998, 2905, 2217.0
421, 74.434468, 660.249501, 37.090915, 0.056887, 2895, 2183.0
422, 73.319119, 660.863837, 38.798998, 0.051410, 2899, 2195.0
423, 69.833247, 662.117684, 41.703544, 0.085775, 2903, 2199.0
424, 71.658270, 662.128279, 35.181584, 0.068414, 2915, 2194.0
425, 75.014837, 659.325728, 37.254845, 0.061528, 2888, 2449.0
426, 71.959370, 661.432720, 36.209749, 0.059799, 2899, 2182.0
427, 71.414940, 660.085720, 43.753164, 0.060961, 2899, 2228.0
428, 77.098471, 661.260022, 26.718287, 0.084182, 2894, 2341.0
429, 69.224696, 661.175550, 43.147874, 0.137224, 2905, 2197.0
430, 75.127473, 660.709364, 35.809234, 0.065448, 2897, 2748.0
431, 68.890831, 662.396611, 44.194217, 0.056342, 2910, 3389.0
432, 72.524141, 661.446249, 37.544836, 0.056594, 2911, 3773.0
433, 72.231244, 660.907811, 36.514439, 0.047427, 2893, 2474.0
434, 71.102280, 660.055252, 40.552111, 0.038347, 2902, 2220.0
435, 68.644690, 661.094932, 42.149385, 0.085611, 2911, 2192.0
436, 67.550015, 663.524390, 38.921085, 0.110448, 2910, 2181.0
437, 68.894727, 660.900933, 44.972539, 0.116621, 2911, 2414.0
438, 68.967122, 664.696994, 33.628560, 0.082960, 2917, 2199.0
439, 70.320942, 662.234575, 39.227379, 0.039362, 2910, 2190.0
440, 71.023320, 661.532460, 39.760197, 0.039009, 2903, 2303.0
441, 75.247593, 660.169617, 36.475807, 0.052652, 2892, 2190.0
442, 67.397106, 662.852947, 41.502116, 0.063546, 2905, 2214.0
443, 74.640648, 659.645616, 33.572893, 0.013537, 2906, 2752.0
444, 70.410311, 659.859198, 45.233700, 0.088953, 2902, 3364.0
445, 72.614389, 660.481374, 36.559254, 0.027819, 2910, 3159.0
446, 73.073053, 660.838776, 41.826245, 0.136295, 2894, 2257.0
447, 72.535041, 662.860824, 40.811333, 0.130944, 2907, 2709.0
448, 71.135624, 661.700615, 40.255066, 0.043449, 2905, 2200.0
449, 70.523859, 662.069594, 40.426611, 0.057711, 2906, 2197.0
450, 72.849854, 660.910468, 38.827859, 0.048422, 2900, 2190.0
451, 69.949520, 663.069055, 40.838068, 0.111523, 2911, 2198.0
452, 70.105063, 663.156091, 35.986935, 0.059021, 2911, 2290.0
453, 74.858670, 660.199074, 35.000474, 0.025430, 2899, 2324.0
454, 68.401036, 662.524368, 35.674088, 0.058499, 2913, 2188.0
455, 71.646794, 659.727752, 43.017079, 0.114452, 2893, 2190.0
456, 78.303861, 660.388434, 30.559100, 0.125934, 2898, 2788.0
457, 70.365364, 662.905902, 35.823532, 0.057378, 2910, 3383.0
458, 73.673153, 660.486238, 35.484029, 0.029152, 2898, 2319.0
459, 71.786478, 659.741445, 42.571972, 0.149873, 2890, 2169.0
460, 71.156279, 661.197645, 43.860304, 0.118181, 2897, 2179.0
461, 72.884303, 660.804518, 39.493932, 0.101730, 2892, 2185.0
462, 71.507648, 660.736724, 42.106882, 0.044372, 2906, 2187.0
463, 72.886896, 661.459257, 38.879917, 0.090551, 2896, 2227.0
464, 72.655509, 660.250649, 43.918161, 0.093207, 2892, 2256.0
465, 71.555126, 661.225590, 45.268901, 0.066037, 2914, 2205.0
466, 67.429883, 661.386979, 43.875214, 0.136009, 2909, 2190.0
467, 74.390183, 659.265258, 38.091315, 0.088567, 2900, 2206.0
468, 74.456445, 659.299083, 40.362944, 0.039763, 2893, 2181.0
469, 68.855925, 663.612846, 39.387008, 0.076600, 2907, 2243.0
470, 68.822769, 662.121305, 41.076357, 0.121029, 2908, 3063.0
471, 71.904422, 660.902094, 42.914778, 0.097105, 2895, 3357.0
472, 68.952502, 662.910789, 42.332500, 0.106051, 2905, 2270.0
473, 71.239335, 662.514197, 35.722255, 0.061849, 2914, 2537.0
474, 68.246342, 661.396766, 44.013857, 0.182680, 2908, 2446.0
475, 71.164318, 661.354040, 38.939028, 0.096415, 2888, 2179.0
476, 70.047140, 660.540195, 43.524446, 0.137440, 2910, 2214.0
477, 71.988678, 661.647357, 36.624806, 0.030141, 2906, 2197.0
478, 70.609519, 661.344591, 38.071279, 0.015095, 2907, 2204.0
479, 73.091992, 661.794427, 40.966880, 0.081970, 2905, 2189.0
480, 73.378403, 659.583632, 40.688156, 0.061364, 2892, 2191.0
481, 72.387232, 660.114868, 41.669511, 0.033014, 2900, 2196.0
482, 72.775408, 661.673947, 41.676697, 0.079217, 2901, 2213.0
483, 67.908432, 660.704534, 41.980197, 0.119176, 2908, 2394.0
484, 69.786248, 662.906113, 35.577048, 0.057457, 2908, 2183.0
485, 68.984936, 661.633067, 41.449180, 0.037071, 2902, 2217.0
486, 73.331496, 661.560367, 32.637031, 0.059607, 2906, 2317.0
487, 70.029649, 661.323551, 37.297262, 0.025875, 2912, 2180.0
488, 71.141127, 661.367997, 38.409208, 0.051762, 2908, 2203.0
489, 73.447931, 660.839570, 35.569023, 0.053157, 2899, 2947.0
490, 68.190387, 662.709612, 38.883155, 0.073112, 2910, 2644.0
491, 70.206185, 661.959723, 39.842610, 0.072235, 2903, 2857.0
492, 71.184294, 662.960025, 39.804339, 0.080404, 2900, 2527.0
493, 66.553126, 662.073596, 42.352445, 0.086068, 2915, 2192.0
494, 69.286280, 662.477866, 41.049434, 0.083398, 2906, 2189.0
495, 78.544144, 661.154334, 27.501464, 0.071231, 2897, 2179.0
496, 72.741828, 661.173339, 33.245373, 0.023287, 2907, 2271.0
497, 69.656316, 660.924821, 43.721207, 0.180157, 2906, 2220.0
498, 69.275159, 663.773975, 41.213741, 0.108076, 2908, 2212.0
499, 74.745506, 661.655385, 31.842481, 0.035631, 2898, 2223.0
500, 71.881545, 661.497208, 45.230251, 0.065776, 2896, 2198.0
501, 67.973013, 662.528614, 40.363059, 0.051729, 2910, 2194.0
502, 70.964127, 659.548040, 43.838875, 0.135541, 2888, 2764.0
503, 68.326023, 661.482617, 40.647121, 0.062060, 2905, 2356.0
504, 73.157445, 660.919744, 37.946133, 0.042468, 2909, 2237.0
505, 69.882391, 661.226921, 39.088846, 0.074988, 2906, 2264.0
506, 70.419910, 662.597650, 38.784505, 0.061749, 2909, 2187.0
507, 72.177935, 661.323514, 35.096925, 0.059112, 2909, 2196.0
508, 70.723501, 662.512902, 39.910429, 0.050384, 2900, 2367.0
509, 71.317839, 661.041025, 39.112977, 0.046128, 2917, 2207.0
510, 71.173522, 660.899916, 41.500491, 0.061645, 2897, 2204.0
511, 68.529152, 662.354119, 39.595584, 0.207066, 2902, 2204.0
512, 68.484084, 662.200214, 44.726651, 0.055538, 2913, 2302.0
513, 72.545949, 661.259234, 39.493664, 0.069161, 2899, 2196.0
514, 68.729413, 659.449131, 45.596093, 0.110437, 2915, 2198.0
515, 73.830512, 660.230514, 40.192130, 0.058372, 2891, 2180.0
516, 66.181466, 662.410421, 44.941582, 0.110388, 2907, 2201.0
517, 71.646614, 661.035971, 40.857756, 0.062042, 2905, 2194.0
518, 67.108511, 661.906906, 40.618338, 0.150335, 2904, 2182.0
519, 69.593892, 660.504536, 47.368651, 0.074687, 2897, 2183.0
520, 72.340965, 661.885955, 33.548268, 0.034130, 2907, 2194.0
521, 72.085082, 661.291296, 34.665886, 0.066376, 2912, 2188.0
522, 68.958257, 661.353155, 41.003808, 0.114938, 2911, 2185.0
523, 73.412082, 660.612108, 38.400111, 0.062650, 2892, 2208.0
524, 72.496405, 662.272130, 40.494771, 0.068069, 2900, 2194.0
525, 70.678973, 662.536919, 42.578573, 0.030069, 2911, 2190.0
526, 68.943372, 662.082815, 42.634053, 0.220257, 2913, 2204.0
527, 68.146833, 661.473146, 44.092800, 0.103031, 2903, 2194.0
528, 73.894452, 659.665450, 35.288869, 0.042654, 2891, 2172.0
529, 71.402210, 662.503560, 38.769143, 0.107574, 2901, 2190.0
530, 74.164898, 660.565420, 34.494568, 0.032795, 2895, 2189.0
531, 74.788840, 660.430841, 33.857235, 0.069454, 2899, 2175.0
532, 77.876334, 658.498532, 38.607248, 0.103038, 2878, 2195.0
533, 70.216932, 662.748708, 41.828967, 0.072169, 2905, 2217.0
534, 69.189408, 660.166868, 39.847856, 0.114157, 2914, 2203.0
535, 71.248224, 662.531723, 38.547573, 0.114008, 2908, 2178.0
536, 74.734428, 659.728374, 33.363132, 0.026231, 2895, 2186.0
537, 75.382738, 661.649010, 32.095973, 0.058246, 2905, 2194.0
538, 73.307453, 660.616182, 32.856386, 0.030978, 2900, 2179.0
539, 73.320752, 661.473789, 37.878763, 0.061361, 2896, 2178.0
540, 70.741168, 663.041589, 35.668908, 0.058690, 2910, 2193.0
541, 71.746326, 661.321795, 44.221147, 0.048724, 2900, 2228.0
542, 71.175261, 661.505084, 40.955166, 0.053608, 2893, 2159.0
543, 71.190903, 661.228862, 39.735164, 0.053121, 2905, 2196.0
544, 71.157568, 662.032534, 40.308056, 0.078056, 2912, 2218.0
545, 70.461445, 662.852707, 37.660902, 0.066237, 2903, 2183.0
546, 73.701009, 662.397337, 28.724976, 0.080371, 2908, 2192.0
547, 72.581888, 660.691995, 37.090062, 0.054635, 2902, 2190.0
548, 69.496327, 662.121840, 39.184988, 0.117760, 2910, 2187.0
549, 73.097208, 660.543125, 38.701601, 0.060441, 2895, 2178.0
550, 73.243425, 660.561441, 37.573181, 0.078013, 2895, 2184.0
551, 71.221514, 661.018441, 39.751042, 0.049601, 2910, 2193.0
552, 66.771716, 663.391701, 40.839772, 0.340391, 2906, 2185.0
553, 76.078239, 660.606134, 35.375444, 0.081685, 2895, 2196.0
554, 71.777432, 660.087756, 37.197680, 0.072859, 2897, 2206.0
555, 70.056722, 661.588355, 36.943502, 0.044201, 2902, 2179.0
556, 68.627804, 662.232921, 38.182505, 0.110660, 2913, 2370.0
557, 70.479088, 661.216456, 41.509837, 0.093291, 2910, 2203.0
558, 71.458047, 660.694263, 40.255061, 0.027668, 2893, 2176.0
559, 73.833600, 660.114900, 38.986821, 0.064683, 2895, 2181.0
560, 76.428931, 659.968303, 34.170896, 0.100914, 2886, 2184.0
561, 73.327954, 662.506991, 36.938759, 0.057308, 2907, 2197.0
562, 67.115045, 663.021925, 40.905564, 0.077916, 2905, 2183.0
563, 68.048762, 663.231097, 38.680940, 0.154283, 2908, 2199.0
564, 73.981695, 661.710354, 32.596440, 0.067231, 2897, 2180.0
565, 76.366002, 659.169216, 30.818521, 0.051736, 2902, 2202.0
566, 71.097184, 661.322287, 40.031704, 0.092457, 2896, 2193.0
567, 70.929990, 661.729736, 37.038908, 0.054572, 2907, 2274.0
568, 71.363375, 662.931012, 39.345559, 0.071492, 2909, 2182.0
569, 72.638178, 660.188195, 44.085000, 0.086719, 2895, 2182.0
570, 77.011884, 660.976985, 24.660230, 0.049122, 2896, 2310.0
571, 72.061070, 661.034991, 40.502597, 0.055837, 2902, 2197.0
572, 71.611763, 663.035306, 38.657615, 0.060827, 2907, 2185.0
573, 68.646971, 662.261515, 43.519967, 0.107191, 2913, 2203.0
574, 72.430250, 661.027458, 37.377682, 0.054070, 2907, 2198.0
575, 74.615829, 660.616621, 34.465729, 0.046361, 2913, 2206.0
576, 72.404181, 661.308480, 40.239257, 0.042631, 2898, 2181.0
577, 71.930815, 661.087634, 40.010701, 0.070504, 2900, 2190.0
578, 70.065492, 661.159101, 40.226814, 0.078471, 2909, 2197.0
579, 75.057965, 661.198195, 29.607680, 0.022557, 2904, 2179.0
580, 76.542035, 659.836877, 31.505421, 0.069767, 2898, 2188.0
581, 72.449611, 661.404396, 36.059500, 0.052511, 2899, 2273.0
582, 76.613449, 659.523014, 33.486602, 0.060150, 2890, 2176.0
583, 72.773601, 660.837375, 40.166120, 0.088424, 2897, 2180.0
584, 72.478102, 661.387249, 39.081668, 0.042073, 2906, 2267.0
585, 68.058954, 660.955479, 44.596908, 0.071352, 2912, 2247.0
586, 73.319942, 660.285059, 39.966600, 0.067385, 2894, 2195.0
587, 75.014378, 660.470037, 30.265542, 0.042417, 2898, 2189.0
588, 69.657429, 660.879522, 39.149699, 0.082319, 2912, 2198.0
589, 71.544733, 660.609831, 43.128793, 0.093681, 2901, 2196.0
590, 72.154230, 661.120263, 39.261890, 0.059152, 2903, 2269.0
591, 68.724879, 663.252387, 40.383213, 0.159859, 2904, 2195.0
592, 75.658047, 659.494052, 37.083694, 0.062631, 2892, 2177.0
593, 72.937697, 661.499735, 40.210629, 0.052909, 2898, 2180.0
594, 70.511449, 664.103001, 40.164560, 0.136764, 2911, 2199.0
595, 72.687486, 661.295718, 34.810371, 0.033106, 2903, 2181.0
596, 67.893793, 662.748343, 42.772667, 0.118514, 2903, 2203.0
597, 72.707151, 662.230153, 37.899257, 0.012213, 2912, 2209.0
598, 69.761305, 662.062612, 38.406361, 0.032490, 2906, 2194.0
599, 75.517804, 660.803344, 34.004063, 0.057438, 2900, 2177.0
600, 74.190953, 661.293784, 37.774085, 0.047111, 2896, 2465.0
601, 73.404037, 660.497417, 37.990798, 0.108879, 2887, 2275.0
602, 70.147519, 662.730814, 34.504628, 0.052633, 2902, 2197.0
603, 72.727343, 661.211634, 37.316009, 0.042427, 2905, 2187.0
604, 72.761953, 659.782509, 33.474463, 0.067682, 2903, 2187.0
605, 79.828901, 657.835608, 35.682001, 0.180326, 2871, 2163.0
606, 72.455344, 661.196798, 35.760942, 0.082550, 2893, 2176.0
607, 73.262133, 660.944927, 38.344501, 0.054110, 2898, 2180.0
608, 71.607122, 662.278090, 41.116280, 0.179242, 2904, 2190.0
609, 77.020559, 659.746711, 31.916450, 0.060398, 2889, 2176.0
610, 68.863134, 664.754648, 38.869520, 0.215004, 2905, 2186.0
611, 71.635752, 661.324901, 41.469363, 0.062164, 2898, 2183.0
612, 75.150055, 660.224178, 32.799917, 0.053761, 2900, 2197.0
613, 69.587967, 662.093515, 42.007262, 0.137939, 2901, 2182.0
614, 73.511287, 660.368619, 33.626595, 0.056853, 2901, 2194.0
615, 69.580287, 663.385325, 39.609313, 0.171202, 2908, 2648.0
616, 73.665875, 659.371353, 37.750549, 0.043598, 2898, 2180.0
617, 67.482821, 661.666681, 43.771805, 0.110008, 2912, 2218.0
618, 70.690863, 663.025493, 41.886273, 0.050450, 2907, 2206.0
619, 75.340342, 661.263367, 34.021241, 0.031577, 2899, 2185.0
620, 72.815652, 659.113846, 38.978559, 0.026360, 2892, 2175.0
621, 70.446316, 660.416620, 44.625883, 0.073489, 2909, 2201.0
622, 75.122186, 659.719663, 38.402700, 0.077678, 2892, 2190.0
623, 73.702659, 661.628171, 34.586959, 0.073242, 2898, 2180.0
624, 69.825212, 660.741066, 40.059652, 0.059165, 2901, 2189.0
625, 73.280977, 659.634898, 35.628625, 0.038062, 2900, 2189.0
626, 69.356438, 661.730180, 40.835777, 0.168756, 2906, 2182.0
627, 71.393725, 664.624187, 35.419392, 0.088899, 2906, 2183.0
628, 70.722736, 661.796915, 39.707261, 0.063583, 2908, 2191.0
629, 69.971241, 663.539480, 38.211962, 0.062788, 2909, 2420.0
630, 72.989561, 661.691883, 34.969564, 0.042229, 2911, 3065.0
631, 73.661380, 660.240695, 33.834579, 0.035820, 2903, 2182.0
632, 72.045116, 661.071646, 38.208798, 0.041092, 2901, 3353.0
633, 70.011472, 661.429358, 38.359920, 0.069855, 2908, 2184.0
634, 75.967778, 660.595634, 32.076040, 0.044233, 2892, 2183.0
635, 71.347049, 660.021513, 41.254589, 0.127390, 2890, 2184.0
636, 72.122152, 662.516776, 37.780323, 0.022266, 2900, 2179.0
637, 67.373173, 660.727245, 44.559175, 0.144068, 2911, 2223.0
638, 75.014176, 661.745600, 30.671011, 0.050569, 2904, 2192.0
639, 68.732229, 659.882900, 45.568397, 0.145593, 2902, 2190.0
640, 75.911696, 660.273230, 30.044394, 0.060745, 2898, 2188.0
641, 72.644585, 660.994881, 35.176676, 0.039982, 2907, 2196.0
642, 70.870002, 659.582446, 41.460839, 0.109732, 2908, 2186.0
643, 72.038176, 661.313102, 36.024020, 0.044217, 2899, 2216.0
644, 75.317834, 659.371580, 33.679332, 0.036108, 2901, 2188.0
645, 70.881843, 662.819152, 33.883932, 0.061292, 2907, 3328.0
646, 72.959481, 659.779273, 38.536052, 0.032252, 2895, 2964.0
647, 69.467718, 662.849222, 38.249121, 0.052073, 2904, 2306.0
648, 70.869838, 660.418294, 42.143791, 0.070235, 2899, 2190.0
649, 71.455038, 661.548944, 37.818285, 0.085587, 2898, 2191.0
650, 69.863646, 660.167969, 41.618848, 0.116170, 2908, 2195.0
651, 69.744508, 663.297750, 35.809510, 0.023754, 2908, 2179.0
652, 71.468050, 663.925711, 35.578765, 0.066423, 2911, 2182.0
653, 70.596159, 661.090102, 39.989598, 0.042241, 2915, 2209.0
654, 69.787396, 661.219886, 39.815316, 0.096433, 2900, 2188.0
655, 71.037648, 660.792133, 36.110903, 0.041711, 2908, 2184.0
656, 66.263728, 662.923627, 41.229305, 0.049100, 2908, 2193.0
657, 69.663590, 661.722611, 40.108246, 0.088727, 2911, 2295.0
658, 68.481165, 663.304339, 44.094159, 0.103085, 2902, 2190.0
659, 70.799703, 661.667640, 42.432730, 0.065449, 2905, 2176.0
660, 69.753288, 660.891826, 43.697645, 0.078728, 2907, 2188.0
661, 70.246295, 663.426403, 43.556968, 0.053307, 2906, 2190.0
662, 70.406660, 661.485490, 38.236175, 0.057457, 2896, 2164.0
663, 67.071941, 662.802703, 41.335020, 0.166558, 2901, 2207.0
664, 75.812719, 658.267868, 35.764748, 0.044118, 2896, 2420.0
665, 71.977451, 662.526340, 33.484594, 0.046964, 2900, 2178.0
666, 69.848711, 661.339146, 42.216465, 0.053790, 2913, 2203.0
667, 68.037121, 662.876356, 43.654437, 0.149522, 2903, 2300.0
668, 67.756015, 663.700154, 43.205671, 0.124235, 2910, 2200.0
669, 73.903845, 660.624276, 39.756666, 0.051452, 2907, 2185.0
670, 67.810459, 661.615533, 45.648171, 0.098418, 2905, 2220.0
671, 71.044695, 662.599818, 39.000074, 0.061635, 2898, 2172.0
672, 75.590156, 659.023272, 36.281085, 0.046690, 2893, 2285.0
673, 68.290873, 658.496060, 46.561867, 0.140897, 2909, 2215.0
674, 73.739565, 658.569398, 36.914060, 0.025957, 2898, 2191.0
675, 74.338596, 659.461185, 36.955975, 0.048120, 2892, 2203.0
676, 66.731952, 665.139763, 39.974370, 0.185341, 2906, 2227.0
677, 68.729315, 662.601939, 41.771957, 0.055541, 2907, 2599.0
678, 75.414842, 660.317450, 37.748676, 0.038075, 2901, 2274.0
679, 67.045835, 663.370641, 42.508536, 0.104315, 2908, 2201.0
680, 68.800474, 662.036497, 43.092795, 0.091488, 2910, 2467.0
681, 70.927548, 659.999001, 41.560080, 0.101313, 2903, 2733.0
682, 69.230216, 661.270945, 40.734693, 0.072009, 2902, 2364.0
683, 72.555906, 662.530514, 36.808199, 0.055727, 2903, 2580.0
684, 68.158004, 662.623356, 41.589113, 0.033030, 2904, 3094.0
685, 68.937720, 663.575717, 40.280798, 0.106831, 2907, 2668.0
686, 68.422456, 658.403322, 44.902051, 0.163669, 2894, 2441.0
687, 69.656323, 660.022630, 42.667547, 0.080192, 2903, 2210.0
688, 72.029271, 660.952161, 40.941721, 0.044106, 2901, 2631.0
689, 69.912807, 659.736807, 43.372900, 0.144560, 2907, 2195.0
690, 73.107340, 659.896157, 36.487709, 0.043121, 2889, 2183.0
691, 71.743468, 659.596282, 41.697532, 0.092566, 2889, 2180.0
692, 73.256003, 661.373190, 36.946556, 0.057681, 2900, 2220.0
693, 73.061466, 661.087973, 36.399388, 0.051004, 2901, 2281.0
694, 68.876429, 661.478478, 42.287101, 0.074514, 2904, 2191.0
695, 73.965382, 659.585512, 41.268568, 0.137179, 2887, 2191.0
696, 70.501465, 662.727809, 39.485744, 0.046628, 2909, 2263.0
697, 71.629829, 659.978060, 42.099167, 0.035169, 2905, 2286.0
698, 67.256742, 661.270546, 42.013428, 0.139904, 2899, 2207.0
699, 67.898124, 663.007013, 39.263566, 0.097298, 2907, 3114.0
700, 71.969521, 660.409969, 38.567413, 0.043934, 2899, 3371.0
701, 73.672312, 660.350903, 38.345317, 0.072479, 2896, 2313.0
702, 70.879738, 662.974361, 36.905314, 0.048682, 2909, 2205.0
703, 68.764680, 659.568248, 44.022143, 0.147879, 2907, 2214.0
704, 69.145959, 660.887581, 42.383220, 0.104368, 2909, 2189.0
705, 69.292217, 663.203701, 39.157015, 0.120294, 2907, 2213.0
706, 72.570234, 661.929322, 32.891703, 0.036447, 2906, 2193.0
707, 73.344551, 661.299086, 34.267457, 0.034101, 2898, 2179.0
708, 67.040994, 660.320074, 44.735113, 0.218796, 2909, 2206.0
709, 75.685113, 659.876795, 39.852794, 0.071621, 2889, 2211.0
710, 70.243254, 660.732834, 43.545219, 0.084549, 2904, 2203.0
711, 70.655937, 662.850623, 38.155308, 0.058380, 2914, 2192.0
712, 68.987533, 663.545093, 38.567000, 0.039704, 2903, 2600.0
713, 69.353391, 660.334755, 42.443606, 0.113101, 2908, 2687.0
714, 73.728251, 661.122607, 38.315333, 0.034196, 2908, 2230.0
715, 70.103134, 661.714018, 43.964154, 0.116982, 2909, 2253.0
716, 72.575844, 660.247003, 36.447585, 0.027051, 2896, 2184.0
717, 71.206155, 659.423459, 43.960128, 0.155426, 2888, 2224.0
718, 71.649115, 660.673907, 38.171950, 0.098322, 2896, 2203.0
719, 67.755459, 657.222029, 47.602344, 0.238498, 2909, 2200.0
720, 70.754206, 661.470612, 41.169098, 0.078503, 2896, 2268.0
721, 70.839014, 659.818015, 45.413214, 0.183260, 2889, 2218.0
722, 70.533178, 661.842252, 38.131629, 0.099802, 2910, 2188.0
723, 68.916655, 658.576364, 49.147056, 0.166713, 2904, 2247.0
724, 76.008855, 659.270751, 34.776981, 0.046188, 2892, 2187.0
725, 66.551540, 664.191626, 41.861776, 0.134257, 2907, 2277.0
726, 73.115532, 658.217674, 43.102290, 0.058204, 2892, 2261.0
727, 71.132301, 660.491726, 37.965599, 0.029810, 2898, 2904.0
728, 72.687486, 661.295718, 34.810371, 0.052096, 2907, 2203.0
729, 74.028994, 660.604689, 31.908616, 0.049469, 2893, 2174.0
730, 70.258767, 661.456212, 42.085324, 0.111745, 2900, 2179.0
731, 66.949818, 663.391079, 41.106260, 0.170326, 2910, 2222.0
732, 74.162051, 660.941691, 35.768363, 0.060359, 2901, 2189.0
733, 71.866926, 660.614583, 40.024271, 0.064141, 2907, 2192.0
734, 70.217029, 661.415578, 44.266841, 0.077842, 2902, 2215.0
735, 70.577072, 662.613811, 35.070433, 0.071806, 2905, 2240.0
736, 68.077361, 660.828002, 42.573179, 0.057456, 2908, 2192.0
737, 70.048994, 662.892222, 39.950885, 0.101841, 2906, 2232.0
738, 69.215011, 661.631428, 40.382675, 0.062252, 2911, 2333.0
739, 73.815333, 661.876040, 40.811161, 0.044859, 2903, 2273.0
740, 70.487235, 661.737550, 38.241998, 0.051583, 2905, 2203.0
741, 72.244473, 660.157265, 41.073108, 0.069206, 2897, 2292.0
742, 68.302652, 663.662243, 41.896146, 0.064031, 2912, 2261.0
743, 74.369634, 659.385669, 37.718956, 0.071564, 2894, 2229.0
744, 71.586352, 660.828276, 37.778982, 0.040140, 2908, 2208.0
745, 69.322970, 662.448778, 41.108266, 0.075567, 2903, 2292.0
746, 69.752154, 660.799594, 40.476125, 0.043256, 2903, 2220.0
747, 70.296284, 661.600016, 43.312272, 0.119946, 2906, 2182.0
748, 68.450864, 659.879916, 46.885098, 0.180433, 2911, 2219.0
749, 69.217705, 662.616475, 36.156493, 0.067645, 2908, 2335.0
750, 70.712011, 661.877721, 42.888535, 0.063587, 2908, 2340.0
751, 73.707293, 660.121816, 34.812974, 0.049678, 2891, 2455.0
752, 68.148277, 662.812874, 43.778648, 0.104028, 2905, 2224.0
753, 67.824061, 662.318857, 40.727401, 0.131691, 2912, 2232.0
754, 66.560851, 660.783862, 45.390487, 0.136121, 2908, 2224.0
755, 69.442932, 660.196657, 40.830933, 0.144771, 2893, 2668.0
756, 69.264576, 660.865336, 44.704406, 0.027493, 2907, 2199.0
757, 71.414313, 661.602091, 41.424251, 0.045613, 2903, 2202.0
758, 67.397311, 661.691459, 42.333530, 0.145668, 2913, 2252.0
759, 66.830695, 661.458347, 42.094670, 0.103445, 2911, 2215.0
760, 67.442705, 664.263416, 40.940269, 0.124129, 2904, 2257.0
761, 76.006360, 659.068316, 35.679258, 0.047414, 2890, 2468.0
762, 72.857228, 662.487423, 35.348382, 0.089763, 2907, 2247.0
763, 67.044821, 659.863969, 48.251164, 0.129149, 2908, 2219.0
764, 67.089480, 661.293031, 44.404527, 0.165625, 2908, 2236.0
765, 73.109772, 660.048675, 37.251555, 0.059130, 2895, 2274.0
766, 68.084673, 662.892055, 41.533867, 0.171071, 2911, 2239.0
767, 69.675864, 662.301141, 40.876769, 0.113287, 2910, 2210.0
768, 71.348099, 660.829587, 39.535640, 0.056554, 2903, 2198.0
769, 75.912398, 660.279473, 36.461711, 0.071929, 2895, 2262.0
770, 71.640400, 661.552632, 37.998397, 0.052419, 2912, 2346.0
771, 73.046505, 661.057974, 35.928464, 0.041732, 2905, 2246.0
772, 71.159418, 660.410761, 41.680210, 0.067191, 2910, 2770.0
773, 71.279695, 664.144984, 36.222996, 0.117283, 2906, 2313.0
774, 72.595179, 660.894504, 41.726610, 0.043941, 2904, 2206.0
775, 67.950557, 661.005471, 41.099035, 0.071706, 2910, 2610.0
776, 70.434922, 660.783147, 43.683339, 0.085912, 2909, 2200.0
777, 70.613979, 660.484772, 41.046762, 0.085594, 2899, 2351.0
778, 69.043602, 661.913120, 40.007742, 0.023692, 2912, 2239.0
779, 71.792556, 660.358673, 41.047525, 0.064638, 2897, 2162.0
780, 70.927521, 662.279938, 40.678217, 0.040355, 2901, 2199.0
781, 76.297529, 659.348994, 32.053684, 0.068750, 2888, 2206.0
782, 73.225143, 661.036467, 36.289869, 0.037995, 2902, 2211.0
783, 71.390689, 661.586145, 41.476028, 0.094688, 2899, 2488.0
784, 69.795211, 662.072879, 39.841848, 0.092428, 2904, 2192.0
785, 70.546551, 662.672265, 38.118839, 0.068926, 2910, 2355.0
786, 70.008284, 660.275943, 40.836274, 0.066529, 2914, 2575.0
787, 70.112988, 661.839234, 42.146636, 0.040982, 2905, 2227.0
788, 67.673765, 662.358727, 42.630245, 0.135407, 2904, 2227.0
789, 69.954667, 660.422523, 42.710225, 0.061478, 2902, 2314.0
790, 71.605377, 661.897983, 34.139358, 0.030242, 2908, 2184.0
791, 65.361826, 663.337561, 44.283123, 0.058456, 2908, 2223.0
792, 71.505177, 663.279027, 37.932444, 0.057696, 2904, 2189.0
793, 73.544986, 660.690910, 35.345392, 0.025411, 2898, 2193.0
794, 67.936876, 660.299831, 45.404673, 0.096184, 2906, 2796.0
795, 70.000622, 659.594226, 46.542567, 0.064682, 2907, 2336.0
796, 71.843465, 661.276250, 39.706451, 0.078950, 2902, 2251.0
797, 64.990162, 663.371711, 40.008107, 0.194431, 2907, 2184.0
798, 71.676937, 660.808286, 42.964902, 0.037338, 2898, 2216.0
799, 70.733500, 660.357339, 42.636788, 0.119538, 2899, 2191.0
800, 73.236507, 659.760789, 41.905531, 0.069054, 2892, 2218.0
801, 69.345920, 663.335977, 39.343179, 0.044590, 2911, 2185.0
802, 71.543259, 659.880587, 39.157037, 0.057635, 2897, 2260.0
803, 67.469533, 658.372059, 49.398048, 0.159201, 2911, 2222.0
804, 68.582357, 662.962499, 42.276730, 0.122726, 2905, 2185.0
805, 70.196869, 659.814556, 45.200598, 0.087508, 2893, 2241.0
806, 73.605024, 659.321866, 35.316448, 0.044327, 2900, 2198.0
807, 69.456298, 659.811269, 45.448254, 0.091166, 2910, 2207.0
808, 71.942676, 661.567163, 38.000994, 0.033629, 2905, 2181.0
809, 69.757904, 661.336252, 41.688194, 0.114467, 2903, 2204.0
810, 66.201102, 658.792093, 44.422611, 0.261996, 2897, 2372.0
811, 69.861491, 661.721761, 41.217804, 0.042529, 2904, 2184.0
812, 71.658350, 662.754193, 34.127694, 0.048709, 2904, 2222.0
813, 68.153460, 663.259789, 42.224142, 0.089052, 2910, 2261.0
814, 67.337636, 660.130852, 44.294312, 0.117700, 2908, 2209.0
815, 72.527319, 659.041466, 42.383911, 0.059606, 2893, 2173.0
816, 66.696792, 661.210228, 44.824464, 0.124035, 2893, 2286.0
817, 69.774703, 662.533523, 41.007116, 0.055855, 2913, 2263.0
818, 70.846146, 661.384654, 40.076372, 0.031380, 2903, 2190.0
819, 71.084805, 660.627546, 36.459252, 0.065965, 2896, 2180.0
820, 65.749154, 662.729389, 43.072854, 0.119831, 2905, 2195.0
821, 67.975003, 661.961510, 43.109122, 0.110341, 2908, 2191.0
822, 71.394108, 662.470475, 39.483079, 0.049039, 2891, 2179.0
823, 71.659878, 661.125441, 37.445241, 0.059150, 2905, 2216.0
824, 68.086626, 663.312822, 39.277685, 0.065262, 2900, 2241.0
825, 69.872420, 661.544485, 36.253445, 0.047973, 2910, 2192.0
826, 76.043383, 659.042444, 35.553002, 0.045313, 2900, 2261.0
827, 70.608212, 662.470330, 38.702512, 0.054246, 2909, 2304.0
828, 64.525227, 660.808848, 43.787206, 0.148739, 2909, 2195.0
829, 67.870066, 661.258085, 41.842267, 0.075312, 2904, 2198.0
830, 70.116885, 662.408981, 38.852503, 0.040439, 2901, 2202.0
831, 69.941952, 662.981101, 39.377947, 0.055459, 2907, 2326.0
832, 70.817921, 659.973562, 39.786704, 0.048564, 2893, 2174.0
833, 65.674923, 658.363385, 49.478176, 0.411337, 2904, 2195.0
834, 67.764619, 659.354433, 46.386021, 0.224842, 2902, 2209.0
835, 68.472135, 663.854949, 37.523338, 0.118042, 2912, 2207.0
836, 71.332269, 659.272354, 44.076878, 0.098815, 2888, 2203.0
837, 68.352385, 661.101576, 43.899408, 0.124119, 2912, 2218.0
838, 66.697966, 659.366935, 44.119773, 0.158152, 2907, 2382.0
839, 69.629206, 661.895787, 39.862398, 0.082717, 2912, 2191.0
840, 68.939607, 660.419171, 40.129932, 0.062665, 2905, 2205.0
841, 69.978880, 661.665771, 40.302605, 0.097516, 2904, 2212.0
842, 69.178595, 661.329458, 42.467249, 0.066318, 2907, 3484.0
843, 67.386912, 663.917625, 39.739503, 0.102584, 2912, 2864.0
844, 69.826532, 662.985182, 36.217694, 0.040696, 2906, 2200.0
845, 73.964893, 658.822694, 34.934956, 0.042790, 2896, 2179.0
846, 64.539811, 662.362067, 43.302853, 0.147924, 2900, 2369.0
847, 74.474605, 660.078970, 35.960297, 0.014232, 2900, 2191.0
848, 66.034239, 658.792206, 48.231811, 0.204314, 2909, 2191.0
849, 68.471640, 662.785140, 38.772044, 0.062773, 2908, 2377.0
850, 69.192200, 659.597364, 45.357753, 0.036499, 2911, 2201.0
851, 68.103191, 658.744567, 47.641533, 0.129081, 2911, 2481.0
852, 69.657978, 661.594836, 36.827681, 0.055996, 2911, 2186.0
853, 69.552489, 663.869214, 38.372303, 0.043533, 2912, 2277.0
854, 64.806160, 655.490922, 49.523184, 0.523254, 2904, 2356.0
855, 72.075078, 661.545181, 35.334196, 0.053602, 2904, 2474.0
856, 65.893033, 660.746355, 45.063654, 0.105936, 2906, 2247.0
857, 68.142037, 657.712259, 49.106866, 0.130596, 2908, 2211.0
858, 68.597940, 662.407095, 42.384858, 0.111523, 2909, 2286.0
859, 73.979434, 660.758571, 35.187823, 0.065465, 2902, 2177.0
860, 70.083801, 660.659770, 39.860630, 0.063673, 2907, 2185.0
861, 71.064402, 662.572692, 37.345678, 0.060398, 2908, 2227.0
862, 70.426041, 662.276167, 40.187399, 0.080176, 2902, 2193.0
863, 68.176424, 662.105188, 41.131274, 0.058490, 2908, 2212.0
864, 68.278683, 663.371493, 41.021198, 0.105810, 2909, 2192.0
865, 67.990783, 661.593215, 41.655766, 0.183666, 2904, 2287.0
866, 71.463583, 659.683049, 44.482512, 0.047797, 2895, 2203.0
867, 71.749374, 660.526057, 37.012964, 0.034295, 2905, 2207.0
868, 71.134969, 661.894352, 42.661596, 0.074228, 2911, 2207.0
869, 73.723599, 661.562002, 34.843965, 0.046727, 2902, 2188.0
870, 71.458251, 661.831749, 38.729515, 0.071348, 2900, 2233.0
871, 68.672495, 662.259587, 42.326467, 0.047121, 2916, 2329.0
872, 70.598266, 662.123295, 40.225249, 0.044097, 2909, 2288.0
873, 71.461999, 661.224321, 39.896248, 0.083580, 2900, 2182.0
874, 70.228032, 661.792627, 37.534585, 0.046594, 2901, 2211.0
875, 68.404798, 659.692599, 46.776510, 0.134465, 2912, 2247.0
876, 71.873137, 659.478820, 42.293280, 0.048448, 2892, 2206.0
877, 71.440096, 662.115412, 35.856533, 0.050562, 2910, 2182.0
878, 68.277491, 662.877302, 40.292545, 0.189491, 2895, 2186.0
879, 67.388277, 664.995900, 37.246392, 0.117431, 2902, 2321.0
880, 68.591035, 662.015887, 40.214037, 0.045274, 2902, 2303.0
881, 68.795161, 662.412792, 40.910607, 0.100460, 2915, 2205.0
882, 67.843368, 662.938494, 40.821359, 0.080750, 2910, 2194.0
883, 72.430538, 659.721970, 41.825988, 0.074332, 2895, 2200.0
884, 69.318079, 661.313298, 41.223652, 0.141830, 2906, 2460.0
885, 71.202262, 660.550034, 40.857325, 0.034238, 2902, 2182.0
886, 69.121268, 662.442335, 41.191406, 0.078366, 2903, 2260.0
887, 67.993624, 660.584887, 46.494450, 0.154375, 2901, 2191.0
888, 71.383616, 661.427065, 41.563489, 0.081833, 2906, 2193.0
889, 67.221239, 663.590848, 43.125104, 0.100439, 2913, 2206.0
890, 69.943660, 662.277579, 39.104595, 0.038959, 2910, 2214.0
891, 72.447312, 660.538217, 40.719091, 0.086054, 2899, 2182.0
892, 67.778366, 660.438073, 45.660019, 0.135256, 2904, 2230.0
893, 72.521359, 659.468617, 40.532938, 0.028090, 2909, 2264.0
894, 67.001767, 662.427503, 43.457783, 0.199164, 2907, 2186.0
895, 73.252393, 660.628602, 34.487264, 0.039521, 2906, 2188.0
896, 66.477913, 662.435978, 40.321657, 0.202993, 2904, 2194.0
897, 72.734196, 661.927043, 33.233577, 0.055660, 2910, 2242.0
898, 72.097668, 660.055503, 36.562529, 0.034649, 2903, 2185.0
899, 75.905540, 659.963556, 31.951366, 0.070893, 2908, 3129.0
900, 73.140696, 659.168008, 35.809213, 0.065753, 2891, 2454.0
901, 70.853910, 660.161340, 42.579540, 0.061176, 2901, 2467.0
902, 68.820621, 660.116821, 42.556389, 0.171884, 2909, 2312.0
903, 71.824640, 659.367881, 42.933876, 0.053734, 2911, 2436.0
904, 69.330417, 661.499972, 38.719881, 0.042047, 2906, 3368.0
905, 68.933758, 659.619060, 42.288799, 0.067869, 2908, 2186.0
906, 68.214278, 659.255394, 48.507269, 0.180264, 2900, 2513.0
907, 68.679570, 661.880163, 39.581335, 0.107471, 2902, 2199.0
908, 71.370820, 660.480616, 35.335335, 0.040333, 2900, 2249.0
909, 70.011568, 660.702819, 43.193196, 0.042967, 2907, 2218.0
910, 66.345664, 658.788497, 46.841286, 0.187866, 2903, 2212.0
911, 67.562904, 660.693544, 46.478090, 0.123274, 2906, 2201.0
912, 71.701163, 660.396759, 44.521295, 0.129252, 2890, 2222.0
913, 67.229550, 665.161384, 38.493205, 0.119225, 2913, 2262.0
914, 70.651255, 662.226826, 35.331189, 0.025759, 2910, 2667.0
915, 66.870358, 661.800169, 42.682225, 0.225145, 2913, 2564.0
916, 65.103953, 660.729660, 44.673113, 0.174871, 2907, 2376.0
917, 74.786448, 659.953833, 35.391278, 0.036641, 2901, 2192.0
918, 67.069854, 663.747452, 38.300008, 0.119698, 2916, 2215.0
919, 67.418334, 660.017684, 44.484774, 0.136289, 2907, 2328.0
920, 68.023266, 661.604419, 45.128300, 0.099999, 2907, 2290.0
921, 68.398624, 662.228468, 37.948787, 0.069726, 2917, 2185.0
922, 72.926522, 660.382162, 34.121729, 0.035262, 2907, 2822.0
923, 70.417658, 661.254191, 41.891376, 0.140452, 2901, 2256.0
924, 69.186731, 663.337472, 43.859101, 0.048626, 2909, 2250.0
925, 70.367696, 661.615768, 38.181187, 0.066042, 2902, 3030.0
926, 69.439298, 661.162101, 40.879412, 0.065944, 2910, 3329.0
927, 69.840722, 663.734165, 38.982254, 0.049048, 2898, 2179.0
928, 70.181606, 662.277342, 40.710750, 0.087160, 2898, 2187.0
929, 69.417084, 661.233482, 41.115375, 0.095630, 2892, 2178.0
930, 72.310607, 659.547893, 39.220770, 0.042602, 2900, 2984.0
931, 68.388784, 661.972346, 43.373839, 0.082249, 2904, 2172.0
932, 73.378145, 660.023967, 37.252280, 0.024457, 2898, 2897.0
933, 69.460661, 660.898004, 42.528238, 0.049648, 2911, 2204.0
934, 73.258460, 660.516319, 35.778662, 0.017572, 2896, 2179.0
935, 73.087636, 659.147811, 43.882502, 0.061546, 2891, 3184.0
936, 73.351255, 661.700835, 33.555256, 0.054500, 2908, 2367.0
937, 76.415522, 659.537630, 29.892213, 0.109594, 2897, 2466.0
938, 75.274339, 659.512023, 39.027886, 0.071454, 2891, 2192.0
939, 71.008274, 662.417600, 37.919767, 0.022855, 2912, 2260.0
940, 73.239609, 660.866735, 35.036150, 0.024554, 2902, 2261.0
941, 72.395880, 659.852484, 39.203298, 0.080099, 2890, 2183.0
942, 70.505891, 661.239393, 41.261402, 0.110181, 2908, 2194.0
943, 70.329096, 662.566575, 32.626633, 0.035451, 2902, 2185.0
944, 70.012387, 661.368780, 38.948055, 0.072340, 2915, 2251.0
945, 71.995939, 661.091959, 38.120066, 0.033705, 2906, 2196.0
946, 68.223237, 662.605560, 41.849905, 0.095831, 2906, 2201.0
947, 70.581253, 664.027635, 35.376886, 0.108520, 2899, 2239.0
948, 73.190856, 659.483696, 38.021211, 0.060685, 2896, 2259.0
949, 67.237132, 663.872466, 39.900752, 0.104940, 2910, 2296.0
950, 70.000212, 661.062956, 42.097967, 0.120334, 2892, 2170.0
951, 69.460332, 662.365766, 40.327668, 0.040743, 2907, 2205.0
952, 70.725165, 662.517808, 40.022207, 0.044658, 2905, 2201.0
953, 69.868368, 658.797811, 40.987101, 0.084221, 2910, 2377.0
954, 69.324769, 662.249640, 42.493633, 0.097137, 2902, 2286.0
955, 69.497845, 663.372899, 37.825088, 0.066177, 2904, 2219.0
956, 70.278241, 662.313760, 41.140611, 0.091303, 2904, 2190.0
957, 71.538218, 657.686620, 45.429712, 0.064354, 2895, 2211.0
958, 74.268667, 659.611374, 36.009813, 0.031297, 2900, 2264.0
959, 68.939219, 662.594194, 41.704300, 0.073798, 2901, 2195.0
960, 67.661409, 661.208378, 42.743117, 0.092589, 2908, 2287.0
961, 67.429765, 660.079427, 44.364495, 0.107072, 2913, 2193.0
962, 74.068814, 658.201157, 37.275294, 0.076945, 2893, 2186.0
963, 70.001040, 660.560123, 45.830455, 0.050598, 2901, 2196.0
964, 70.547250, 661.974307, 40.297322, 0.081794, 2897, 2195.0
965, 73.316631, 659.211763, 37.890491, 0.037719, 2903, 2212.0
966, 70.615654, 662.854096, 39.411962, 0.048618, 2905, 2199.0
967, 67.706685, 659.811296, 45.430474, 0.216418, 2901, 2203.0
968, 69.759286, 662.024718, 39.422065, 0.078723, 2909, 2185.0
969, 74.762991, 659.544902, 35.765839, 0.024512, 2899, 2196.0
970, 74.004293, 658.527457, 36.097707, 0.057933, 2894, 2210.0
971, 71.562976, 660.837783, 42.497092, 0.074048, 2901, 2198.0
972, 70.974822, 660.395811, 37.046083, 0.033660, 2903, 2180.0
973, 70.719939, 662.846012, 35.454188, 0.052513, 2913, 2332.0
974, 71.005187, 661.501955, 40.192863, 0.096817, 2894, 2290.0
975, 68.647792, 660.647686, 43.386145, 0.155036, 2899, 2206.0
976, 69.993187, 660.404858, 41.834053, 0.060627, 2908, 2184.0
977, 71.753385, 661.195309, 43.995902, 0.104035, 2896, 2210.0
978, 70.016171, 661.142109, 41.312601, 0.047808, 2912, 2184.0
979, 71.176770, 660.450059, 40.768480, 0.076280, 2895, 2176.0
980, 67.089480, 661.293031, 44.404527, 0.131054, 2909, 2206.0
981, 70.488956, 660.978588, 41.249462, 0.097513, 2904, 2192.0
982, 68.390285, 662.975644, 42.730474, 0.120831, 2912, 2303.0
983, 69.916743, 661.833713, 40.383020, 0.054325, 2905, 2190.0
984, 68.483934, 658.306030, 46.917569, 0.126660, 2905, 2263.0
985, 67.936687, 660.473169, 44.819259, 0.084898, 2902, 2242.0
986, 69.546113, 661.884300, 40.196667, 0.053278, 2910, 3058.0
987, 68.402049, 660.246626, 47.038425, 0.164591, 2904, 2190.0
988, 68.810473, 661.492033, 40.707877, 0.066925, 2907, 2252.0
989, 69.464646, 663.238498, 38.749968, 0.078144, 2917, 2187.0
990, 67.503135, 659.960116, 45.663293, 0.128740, 2909, 2204.0
991, 69.385325, 660.731752, 46.473913, 0.085626, 2903, 2199.0
992, 73.017266, 660.492139, 37.844652, 0.057887, 2897, 2189.0
993, 70.553117, 662.970436, 38.590832, 0.093650, 2917, 2188.0
994, 71.124833, 661.105361, 40.141718, 0.116783, 2908, 2245.0
995, 70.630995, 660.449931, 39.521364, 0.049113, 2893, 2205.0
996, 74.133248, 662.012165, 33.458013, 0.065666, 2906, 2297.0
997, 73.078961, 661.157613, 38.919231, 0.071131, 2901, 2169.0
998, 67.307510, 663.725752, 39.840273, 0.097725, 2906, 2480.0
999, 67.136347, 661.627142, 43.813344, 0.049943, 2908, 2363.0
