#idx, x0, x1, x2, y, f_neval, total_time (us), 
0, 67.956018, 665.727666, 40.166543, 0.108425, 3102, 2340.0
1, 72.214419, 660.147902, 45.416162, 0.102527, 3065, 2336.0
2, 75.024647, 661.085220, 35.228925, 0.042790, 3089, 2365.0
3, 70.721529, 661.162032, 38.831227, 0.078700, 3101, 2388.0
4, 71.657353, 662.470830, 38.618414, 0.107570, 3088, 2370.0
5, 76.622905, 660.656750, 28.692537, 0.034113, 3091, 3508.0
6, 69.709432, 661.780616, 45.025223, 0.085033, 3101, 2337.0
7, 74.289402, 660.077950, 44.434309, 0.081262, 3073, 2315.0
8, 69.495518, 662.360187, 42.646671, 0.136050, 3103, 2465.0
9, 70.761463, 661.580649, 39.690015, 0.070166, 3090, 2500.0
10, 74.287259, 659.814087, 38.667274, 0.086122, 3093, 2319.0
11, 78.280267, 660.493479, 31.225989, 0.081752, 3084, 2359.0
12, 74.901320, 660.251201, 36.911761, 0.062664, 3083, 2380.0
13, 77.277520, 659.525872, 31.596457, 0.053069, 3092, 2487.0
14, 74.697833, 660.364375, 38.728405, 0.051819, 3088, 2446.0
15, 73.250355, 660.676564, 36.299055, 0.044322, 3081, 2359.0
16, 75.011068, 660.445368, 31.983176, 0.045007, 3092, 2328.0
17, 76.109254, 660.908802, 28.266362, 0.037892, 3089, 2367.0
18, 74.048078, 659.649678, 36.484688, 0.035037, 3080, 2316.0
19, 76.913643, 660.705522, 35.111796, 0.087937, 3085, 2368.0
20, 76.104681, 659.914392, 34.049608, 0.074317, 3094, 2404.0
21, 74.846873, 661.151647, 30.139807, 0.065695, 3091, 2378.0
22, 69.744078, 662.008456, 40.074665, 0.102380, 3102, 2347.0
23, 71.771134, 660.207922, 39.960523, 0.067373, 3099, 2417.0
24, 70.942224, 661.761330, 42.102945, 0.085704, 3096, 3133.0
25, 74.387927, 659.450145, 38.497029, 0.060010, 3085, 3216.0
26, 69.999632, 660.699430, 42.233509, 0.193824, 3091, 3297.0
27, 67.578578, 660.755195, 45.305477, 0.148143, 3097, 2806.0
28, 71.792591, 660.088200, 38.984331, 0.072694, 3101, 2595.0
29, 72.346544, 660.462397, 42.581407, 0.074983, 3093, 3561.0
30, 72.478562, 660.361850, 38.805250, 0.062166, 3097, 3680.0
31, 69.213226, 662.070328, 42.755653, 0.136466, 3107, 3579.0
32, 78.411374, 658.799611, 32.425727, 0.056968, 3085, 3569.0
33, 75.779307, 658.372857, 34.782700, 0.045073, 3084, 3148.0
34, 71.346947, 660.526140, 44.541279, 0.069008, 3099, 3017.0
35, 71.780784, 663.063934, 38.104518, 0.040668, 3099, 2688.0
36, 67.001571, 658.821718, 48.075747, 0.172444, 3108, 2712.0
37, 72.764808, 659.650083, 40.077575, 0.037296, 3090, 3715.0
38, 70.003298, 659.174900, 47.253257, 0.060826, 3083, 3260.0
39, 72.612385, 660.206212, 35.736868, 0.066059, 3086, 3074.0
40, 68.678428, 662.095454, 41.869382, 0.073946, 3098, 3366.0
41, 70.470017, 662.669447, 38.267004, 0.071471, 3100, 3687.0
42, 69.786315, 663.559956, 35.048876, 0.101871, 3100, 2552.0
43, 72.247758, 660.468299, 43.734606, 0.071914, 3096, 2326.0
44, 70.696387, 662.042455, 40.333368, 0.075453, 3095, 3581.0
45, 71.181036, 661.578253, 38.350393, 0.040967, 3099, 2726.0
46, 70.929338, 660.348200, 43.891801, 0.145464, 3094, 3348.0
47, 77.618664, 659.206845, 32.140929, 0.073761, 3080, 2446.0
48, 71.678743, 661.297913, 41.266574, 0.052572, 3097, 2338.0
49, 77.340754, 658.659841, 30.732944, 0.021061, 3087, 2327.0
50, 68.197053, 661.522477, 41.205710, 0.164290, 3093, 2442.0
51, 70.862970, 659.651056, 42.401629, 0.139427, 3083, 2597.0
52, 69.010292, 662.729675, 38.521491, 0.061489, 3105, 2605.0
53, 72.134335, 661.065046, 38.276063, 0.047452, 3092, 2502.0
54, 75.365958, 659.864489, 31.936376, 0.041679, 3089, 3290.0
55, 69.835942, 660.172272, 44.175939, 0.076791, 3092, 2663.0
56, 70.259065, 663.406879, 43.317273, 0.076980, 3104, 3557.0
57, 66.085485, 659.676466, 47.191050, 0.221631, 3096, 2403.0
58, 70.637848, 660.726545, 44.251685, 0.121468, 3093, 2336.0
59, 72.944674, 660.396596, 35.753024, 0.036962, 3094, 2465.0
60, 73.417047, 660.563468, 37.204122, 0.061507, 3088, 2345.0
61, 74.303065, 660.862736, 31.735257, 0.034999, 3094, 2314.0
62, 69.173397, 662.391157, 36.859400, 0.066143, 3094, 2327.0
63, 77.799427, 659.211545, 28.549180, 0.072890, 3081, 3308.0
64, 72.337724, 659.293294, 45.338541, 0.141911, 3072, 2920.0
65, 69.818231, 660.159583, 38.520460, 0.068981, 3095, 2666.0
66, 69.323395, 659.676362, 43.149060, 0.077696, 3098, 2716.0
67, 74.140395, 659.845545, 34.493830, 0.024890, 3093, 2330.0
68, 69.101590, 659.989833, 44.815485, 0.070151, 3106, 2548.0
69, 68.894985, 661.768017, 41.659856, 0.082861, 3100, 3102.0
70, 68.239362, 659.701966, 44.224909, 0.108031, 3095, 2748.0
71, 73.452777, 660.058817, 41.365881, 0.061785, 3082, 2816.0
72, 70.934376, 663.605751, 38.019069, 0.083460, 3096, 2333.0
73, 68.587362, 660.987398, 44.678023, 0.041777, 3102, 2498.0
74, 69.010292, 662.729675, 38.521491, 0.066082, 3101, 2352.0
75, 72.269460, 660.265170, 37.158314, 0.032383, 3088, 2334.0
76, 69.012983, 664.337973, 34.839681, 0.094777, 3107, 2752.0
77, 65.734896, 662.667758, 44.156734, 0.114985, 3101, 2480.0
78, 75.874953, 659.220516, 37.891814, 0.035547, 3086, 2522.0
79, 70.524949, 660.193464, 43.297657, 0.139605, 3091, 2314.0
80, 70.067273, 661.028565, 37.845534, 0.029045, 3093, 2658.0
81, 69.793120, 661.851540, 41.240112, 0.038564, 3094, 2921.0
82, 67.629915, 662.493098, 42.090757, 0.105878, 3097, 3453.0
83, 68.941480, 662.275338, 39.757318, 0.061164, 3097, 2591.0
84, 69.358216, 660.235320, 43.154810, 0.120157, 3088, 3235.0
85, 67.856490, 661.478282, 44.099132, 0.112135, 3099, 2335.0
86, 74.583553, 660.849177, 33.400889, 0.032332, 3099, 3278.0
87, 68.733960, 662.208137, 40.949570, 0.077915, 3098, 2367.0
88, 65.222211, 665.150843, 38.894577, 0.215222, 3098, 2422.0
89, 71.798154, 660.763662, 38.649108, 0.051171, 3091, 2452.0
90, 69.302232, 660.398539, 45.512820, 0.060237, 3099, 2338.0
91, 71.307295, 661.004270, 38.480926, 0.051321, 3098, 2376.0
92, 67.038225, 666.392445, 50.445048, 0.048412, 3097, 2310.0
93, 69.877299, 660.757055, 42.918413, 0.042987, 3092, 2406.0
94, 70.779203, 660.475888, 47.087053, 0.057930, 3102, 2926.0
95, 75.005212, 660.766371, 32.290013, 0.049830, 3085, 2351.0
96, 71.907820, 660.217557, 39.776746, 0.029934, 3097, 2321.0
97, 70.654548, 661.411150, 43.595125, 0.043792, 3102, 2414.0
98, 72.864610, 660.795328, 37.172364, 0.044518, 3097, 2873.0
99, 70.772143, 662.188796, 37.522503, 0.043798, 3088, 2342.0
100, 69.351617, 660.834866, 45.906579, 0.047053, 3103, 2408.0
101, 69.908690, 662.810765, 43.968342, 0.146076, 3104, 2572.0
102, 68.054091, 661.720486, 44.028390, 0.079637, 3098, 2382.0
103, 68.505489, 660.841953, 42.762580, 0.047626, 3101, 2520.0
104, 68.131290, 660.800254, 40.600579, 0.127491, 3102, 2389.0
105, 69.922402, 661.763283, 36.572465, 0.076829, 3096, 2411.0
106, 69.020758, 659.069139, 43.267403, 0.083601, 3103, 2637.0
107, 75.370803, 657.792086, 43.204853, 0.076919, 3052, 3208.0
108, 69.937290, 661.761364, 41.335289, 0.057294, 3102, 2421.0
109, 65.945651, 661.489671, 43.841622, 0.156611, 3102, 3139.0
110, 71.678041, 660.973144, 39.550642, 0.077028, 3086, 2425.0
111, 72.075078, 661.545181, 35.334196, 0.062806, 3093, 2506.0
112, 76.074932, 659.518252, 31.379544, 0.037468, 3091, 2417.0
113, 68.809387, 661.505685, 44.082580, 0.078847, 3094, 2331.0
114, 69.634990, 661.301479, 43.992068, 0.076890, 3101, 2330.0
115, 73.296370, 661.415049, 31.843736, 0.029123, 3081, 2324.0
116, 73.123429, 659.375964, 34.785869, 0.041683, 3090, 2349.0
117, 72.020206, 660.683162, 44.590593, 0.047442, 3089, 3027.0
118, 69.203446, 663.202833, 38.623008, 0.060087, 3102, 2752.0
119, 73.114097, 658.847108, 39.464838, 0.029280, 3087, 2362.0
120, 68.809125, 662.296537, 39.752608, 0.062849, 3101, 3182.0
121, 65.445387, 662.110180, 44.638047, 0.187111, 3106, 2480.0
122, 76.959103, 659.793739, 30.466450, 0.076719, 3086, 2376.0
123, 70.139027, 662.252339, 42.193093, 0.033052, 3102, 2335.0
124, 73.926350, 658.992060, 36.139326, 0.033630, 3098, 2343.0
125, 71.826903, 658.917517, 43.430374, 0.052981, 3083, 2342.0
126, 68.180750, 659.769316, 43.416142, 0.050429, 3101, 2389.0
127, 67.175828, 662.166417, 40.205137, 0.080047, 3092, 2472.0
128, 67.584992, 659.567735, 43.909895, 0.143476, 3095, 2372.0
129, 70.294010, 661.411919, 42.198005, 0.123286, 3098, 2360.0
130, 70.194352, 664.231753, 36.802474, 0.079632, 3101, 2327.0
131, 66.982757, 664.295063, 41.470998, 0.124258, 3102, 2336.0
132, 74.600066, 658.092746, 39.431283, 0.036133, 3077, 2370.0
133, 70.209109, 660.386000, 43.878533, 0.075313, 3099, 2942.0
134, 71.038150, 662.371631, 37.721422, 0.033980, 3108, 2351.0
135, 71.087665, 662.665353, 36.218772, 0.063759, 3096, 2509.0
136, 67.695828, 660.992489, 45.169705, 0.236438, 3093, 2327.0
137, 69.035203, 660.728918, 49.073134, 0.164623, 3099, 2453.0
138, 66.247381, 661.300235, 42.893211, 0.238657, 3094, 2741.0
139, 71.052047, 661.944469, 41.545156, 0.127985, 3096, 2415.0
140, 67.762799, 661.770434, 43.554555, 0.090955, 3092, 2354.0
141, 68.941480, 662.275338, 39.757318, 0.075376, 3100, 2327.0
142, 74.971827, 660.065276, 36.659453, 0.071999, 3096, 2332.0
143, 76.906777, 659.583267, 31.738341, 0.058318, 3085, 2322.0
144, 72.953543, 661.926528, 39.586063, 0.094987, 3095, 2346.0
145, 71.514265, 660.300763, 44.256467, 0.093290, 3083, 2641.0
146, 70.546551, 662.672265, 38.118839, 0.069189, 3099, 2333.0
147, 79.017704, 660.274683, 25.326747, 0.050425, 3089, 2764.0
148, 74.275295, 660.860523, 32.653414, 0.052999, 3092, 3165.0
149, 71.262204, 662.797216, 41.654258, 0.121353, 3106, 3295.0
150, 70.060405, 662.870193, 41.139262, 0.047443, 3105, 2370.0
151, 71.098834, 661.220087, 42.807195, 0.094162, 3099, 2631.0
152, 72.228313, 661.414116, 41.647745, 0.145554, 3085, 2382.0
153, 69.368947, 661.137836, 44.099627, 0.240734, 3105, 2369.0
154, 68.056607, 660.468209, 46.707769, 0.114542, 3101, 2592.0
155, 68.609402, 662.618680, 44.890891, 0.179516, 3103, 2388.0
156, 67.798056, 660.385472, 45.309725, 0.100306, 3102, 2418.0
157, 72.602700, 661.114989, 36.205755, 0.009390, 3086, 2375.0
158, 73.249641, 660.581448, 37.972388, 0.035345, 3087, 2314.0
159, 70.409789, 661.542066, 43.701048, 0.072131, 3099, 2364.0
160, 71.160604, 661.018853, 42.871866, 0.103090, 3092, 2366.0
161, 68.322778, 663.725154, 41.300047, 0.241112, 3100, 2341.0
162, 69.533805, 661.679998, 42.968215, 0.154845, 3103, 2354.0
163, 67.462847, 660.653435, 45.017446, 0.109153, 3097, 2397.0
164, 72.582278, 660.290626, 39.562536, 0.034134, 3099, 2387.0
165, 70.938752, 661.802762, 42.486260, 0.075133, 3091, 2340.0
166, 70.901488, 661.155549, 41.330903, 0.110644, 3099, 2377.0
167, 65.935686, 660.912034, 43.716209, 0.231662, 3096, 2336.0
168, 74.431177, 661.424733, 31.394473, 0.043667, 3097, 2334.0
169, 75.256704, 659.549459, 36.492186, 0.038211, 3088, 2451.0
170, 70.857055, 661.241349, 42.176719, 0.058077, 3108, 2557.0
171, 70.606658, 660.669735, 41.222888, 0.065817, 3089, 2370.0
172, 72.727341, 661.091340, 38.461050, 0.042489, 3095, 2327.0
173, 73.888243, 659.953772, 38.564316, 0.055512, 3080, 2495.0
174, 69.144421, 661.641287, 44.275800, 0.110291, 3099, 2935.0
175, 67.733563, 665.700757, 38.647883, 0.114204, 3101, 2538.0
176, 66.309853, 660.408049, 46.186383, 0.210057, 3099, 2398.0
177, 71.149159, 662.340657, 40.274565, 0.084192, 3096, 2432.0
178, 67.704479, 658.972761, 46.475399, 0.156865, 3104, 2380.0
179, 70.759839, 660.459102, 41.068828, 0.051868, 3104, 2872.0
180, 76.044844, 659.722671, 36.575708, 0.059574, 3080, 3212.0
181, 72.850301, 659.180658, 37.265197, 0.036739, 3085, 2553.0
182, 69.380073, 661.049837, 42.690295, 0.070348, 3100, 2373.0
183, 66.791197, 664.101508, 39.229037, 0.120864, 3099, 2323.0
184, 71.991427, 661.604406, 38.801654, 0.074783, 3100, 2344.0
185, 70.392612, 662.560105, 37.092890, 0.042984, 3100, 2316.0
186, 72.748876, 658.997579, 39.822049, 0.051392, 3091, 2409.0
187, 66.340932, 661.773061, 45.918194, 0.103738, 3096, 2977.0
188, 66.562380, 663.840006, 40.425464, 0.138310, 3092, 2453.0
189, 71.730557, 661.968268, 34.735942, 0.035711, 3098, 2653.0
190, 68.984946, 661.891761, 42.297454, 0.124705, 3098, 2367.0
191, 71.887902, 659.847644, 41.407224, 0.037169, 3091, 2427.0
192, 73.802115, 660.887471, 33.238885, 0.049046, 3091, 2361.0
193, 71.714752, 662.324151, 35.179275, 0.043538, 3097, 2339.0
194, 74.589238, 660.736076, 32.470640, 0.041101, 3095, 2369.0
195, 73.451646, 661.658995, 39.459664, 0.099760, 3083, 2326.0
196, 69.874811, 661.843921, 41.716416, 0.050182, 3100, 2339.0
197, 68.329094, 663.071632, 38.121197, 0.116427, 3094, 2346.0
198, 74.529455, 659.569624, 31.325108, 0.057233, 3096, 2357.0
199, 73.098123, 661.919990, 33.610706, 0.064965, 3090, 2311.0
200, 72.980363, 659.723473, 40.061441, 0.098308, 3084, 2649.0
201, 69.128163, 662.027015, 39.832079, 0.058441, 3101, 2961.0
202, 68.803790, 663.295320, 37.930212, 0.039773, 3100, 2642.0
203, 78.691597, 658.068647, 37.067249, 0.078214, 3079, 2679.0
204, 71.407868, 661.441406, 39.684673, 0.034552, 3085, 2583.0
205, 74.657370, 660.329276, 38.476581, 0.120915, 3077, 2360.0
206, 71.622595, 662.155407, 34.549179, 0.057511, 3091, 2629.0
207, 68.029122, 663.385085, 40.989605, 0.116485, 3096, 2347.0
208, 68.186550, 660.974541, 45.000680, 0.049093, 3106, 2375.0
209, 72.852923, 661.122759, 39.090130, 0.055397, 3097, 2322.0
210, 72.266098, 662.144293, 37.372109, 0.041874, 3101, 2350.0
211, 71.968937, 662.969157, 34.068027, 0.041661, 3099, 2321.0
212, 71.152571, 662.118536, 41.826694, 0.068347, 3085, 2309.0
213, 70.684478, 663.339930, 37.694756, 0.035153, 3096, 2391.0
214, 72.799967, 659.426140, 37.794709, 0.096539, 3082, 2360.0
215, 73.010181, 660.999386, 40.638895, 0.117650, 3079, 2318.0
216, 69.443677, 662.112896, 42.508886, 0.131126, 3097, 2321.0
217, 70.528039, 662.664179, 39.622452, 0.031304, 3096, 2324.0
218, 74.708998, 659.768848, 33.377811, 0.041921, 3095, 2323.0
219, 76.375374, 660.025929, 36.333086, 0.072221, 3084, 2309.0
220, 73.041276, 662.253445, 34.104699, 0.026119, 3095, 2338.0
221, 75.299136, 660.528315, 38.090224, 0.102966, 3077, 2312.0
222, 75.524897, 659.025351, 42.623559, 0.128624, 3071, 2312.0
223, 70.119253, 661.452356, 42.710008, 0.111663, 3088, 2316.0
224, 68.172479, 663.117300, 38.766244, 0.041856, 3097, 2325.0
225, 67.716075, 662.502548, 41.735971, 0.127050, 3089, 2355.0
226, 74.369323, 661.912387, 29.776025, 0.057833, 3103, 2328.0
227, 72.241890, 660.691831, 35.893615, 0.056777, 3094, 3197.0
228, 70.445841, 660.777501, 42.597052, 0.085527, 3088, 3397.0
229, 71.105559, 662.335324, 38.990660, 0.040262, 3089, 2363.0
230, 71.275312, 660.691610, 38.944767, 0.032417, 3098, 2345.0
231, 77.736982, 661.473524, 31.779859, 0.106366, 3081, 2314.0
232, 70.534900, 662.758163, 37.759188, 0.094545, 3102, 2322.0
233, 68.570515, 662.894111, 38.633804, 0.050299, 3105, 2325.0
234, 68.890238, 661.610235, 41.987685, 0.107559, 3097, 2384.0
235, 71.750616, 660.214503, 41.437353, 0.080170, 3089, 2519.0
236, 74.100400, 660.926364, 38.082790, 0.066261, 3097, 2783.0
237, 68.466058, 662.442976, 41.672393, 0.075280, 3103, 2343.0
238, 73.360469, 660.572283, 35.693451, 0.040879, 3098, 2386.0
239, 74.181070, 660.903831, 40.497296, 0.050308, 3079, 3316.0
240, 75.013099, 659.215051, 36.071890, 0.021726, 3082, 2335.0
241, 70.662418, 658.596421, 45.648789, 0.160113, 3079, 2392.0
242, 69.231644, 660.474500, 45.014635, 0.068442, 3101, 2329.0
243, 72.326850, 661.635073, 36.009649, 0.044510, 3093, 2312.0
244, 70.184495, 660.401015, 42.515284, 0.044019, 3098, 2330.0
245, 72.745039, 659.654033, 38.523375, 0.054977, 3085, 2317.0
246, 73.997619, 659.191568, 39.701994, 0.054657, 3079, 2307.0
247, 72.346914, 659.735300, 40.704217, 0.013931, 3092, 2336.0
248, 68.052496, 662.014258, 42.787360, 0.178878, 3100, 2441.0
249, 70.165509, 659.888691, 43.812299, 0.173903, 3084, 2326.0
250, 69.670874, 663.692684, 37.693713, 0.030049, 3096, 2328.0
251, 70.814202, 661.178680, 41.082585, 0.162040, 3086, 2317.0
252, 73.653019, 661.223492, 36.450229, 0.062228, 3082, 2316.0
253, 73.038042, 659.542024, 34.621838, 0.031447, 3089, 2312.0
254, 72.061505, 660.739895, 36.851857, 0.069641, 3094, 2324.0
255, 70.763695, 661.875977, 36.224133, 0.045419, 3101, 2471.0
256, 73.965974, 659.582128, 38.234662, 0.056530, 3077, 2328.0
257, 73.188810, 660.134832, 39.845108, 0.082719, 3092, 2346.0
258, 70.438792, 662.433493, 39.694634, 0.040672, 3106, 2321.0
259, 68.638894, 660.575616, 42.561269, 0.171039, 3089, 2390.0
260, 69.006484, 662.531909, 38.899559, 0.131034, 3097, 2336.0
261, 68.910029, 662.058842, 43.609439, 0.090070, 3101, 2347.0
262, 76.752207, 658.882100, 31.004887, 0.058612, 3087, 2485.0
263, 67.748062, 659.439927, 45.503593, 0.208005, 3099, 2334.0
264, 75.504785, 660.005467, 27.971300, 0.073700, 3092, 2334.0
265, 74.073891, 659.965342, 29.722909, 0.013894, 3088, 2326.0
266, 70.536793, 659.848676, 43.717210, 0.062405, 3092, 2319.0
267, 72.781472, 660.329415, 35.443955, 0.032496, 3084, 2326.0
268, 72.166717, 661.888183, 35.992995, 0.075537, 3088, 2307.0
269, 70.992662, 659.677575, 41.238581, 0.107156, 3084, 2379.0
270, 76.168283, 658.697035, 33.247054, 0.046121, 3078, 2316.0
271, 73.469028, 662.786948, 37.482490, 0.054091, 3084, 2334.0
272, 70.736704, 660.595870, 40.322025, 0.030791, 3089, 2342.0
273, 69.354893, 659.863443, 44.812484, 0.123176, 3094, 2314.0
274, 77.884271, 661.229648, 20.695866, 0.060439, 3093, 2313.0
275, 75.575782, 659.759366, 36.296788, 0.076059, 3075, 2319.0
276, 76.427976, 658.883637, 33.635498, 0.042040, 3089, 2317.0
277, 73.932392, 661.185269, 38.332570, 0.064230, 3087, 2319.0
278, 73.969778, 661.860227, 33.705686, 0.089960, 3093, 2304.0
279, 69.431356, 660.622906, 43.998895, 0.097172, 3103, 2348.0
280, 74.724569, 658.976257, 36.367990, 0.059104, 3092, 2310.0
281, 71.589842, 661.769031, 37.896573, 0.036972, 3090, 2335.0
282, 70.347450, 658.425668, 44.178136, 0.117012, 3084, 2364.0
283, 76.753049, 659.709867, 32.535413, 0.067960, 3090, 2429.0
284, 73.637852, 662.729613, 32.105537, 0.066962, 3109, 2340.0
285, 67.969222, 657.933055, 47.678661, 0.360032, 3099, 2324.0
286, 69.850558, 662.708889, 40.322020, 0.040471, 3100, 2328.0
287, 67.613968, 661.523921, 45.325182, 0.110151, 3106, 2328.0
288, 70.403187, 660.441864, 41.721805, 0.059318, 3085, 2563.0
289, 69.712507, 661.632612, 40.200221, 0.072735, 3099, 2664.0
290, 69.270636, 661.491420, 42.879136, 0.162885, 3104, 2625.0
291, 68.929054, 662.519397, 43.294652, 0.063822, 3105, 2881.0
292, 71.299017, 662.579704, 42.271536, 0.073602, 3105, 2710.0
293, 70.061092, 662.436936, 38.302758, 0.098194, 3089, 2647.0
294, 69.907957, 662.265204, 43.278991, 0.095769, 3090, 2807.0
295, 67.896584, 659.621756, 44.801003, 0.151657, 3098, 2889.0
296, 72.565169, 660.605030, 37.295630, 0.032667, 3096, 2654.0
297, 71.447803, 660.918768, 39.184201, 0.038207, 3086, 2664.0
298, 67.186627, 660.865058, 43.448478, 0.133646, 3097, 2915.0
299, 72.761533, 660.713847, 40.906262, 0.117821, 3081, 2530.0
300, 72.277355, 662.057532, 37.346277, 0.046315, 3096, 2326.0
301, 72.761590, 661.707942, 36.092749, 0.034517, 3090, 2310.0
302, 70.861220, 661.661688, 33.484417, 0.065127, 3093, 2324.0
303, 72.351990, 661.984591, 36.211150, 0.061457, 3085, 2331.0
304, 72.744756, 662.766535, 30.684064, 0.061794, 3104, 2338.0
305, 75.565505, 659.742844, 32.513528, 0.044411, 3100, 2316.0
306, 70.608926, 660.500481, 42.948479, 0.080287, 3091, 2386.0
307, 75.566536, 660.694831, 27.316600, 0.055514, 3081, 2311.0
308, 72.004671, 660.382565, 38.913671, 0.060933, 3081, 2309.0
309, 74.218119, 660.820714, 37.419375, 0.051798, 3090, 3362.0
310, 69.880837, 661.672858, 41.858670, 0.040675, 3107, 2516.0
311, 69.558172, 662.392010, 41.072806, 0.074899, 3101, 2325.0
312, 76.055667, 661.180039, 29.559101, 0.065661, 3097, 2339.0
313, 71.176316, 661.044243, 41.921786, 0.055854, 3092, 2327.0
314, 73.649458, 662.101706, 36.798221, 0.065639, 3088, 2470.0
315, 74.332742, 660.137934, 36.294648, 0.046507, 3087, 2319.0
316, 78.206850, 659.049054, 35.757972, 0.139367, 3073, 2309.0
317, 74.398662, 661.072523, 32.502985, 0.028048, 3097, 2329.0
318, 69.361526, 664.781146, 39.158404, 0.122739, 3101, 2316.0
319, 72.983688, 661.900683, 33.887480, 0.043725, 3087, 2410.0
320, 72.120573, 662.853616, 32.968910, 0.060430, 3104, 2605.0
321, 72.381684, 661.687506, 36.724451, 0.050389, 3099, 2334.0
322, 68.435959, 663.938309, 38.891551, 0.072171, 3100, 2411.0
323, 77.114232, 662.765280, 26.822545, 0.096835, 3100, 2307.0
324, 73.825508, 661.387480, 34.613452, 0.035113, 3106, 2340.0
325, 74.951133, 660.926755, 31.168704, 0.018078, 3090, 2560.0
326, 76.727110, 659.563023, 37.341987, 0.103559, 3079, 2308.0
327, 71.165403, 664.155408, 38.898787, 0.073184, 3102, 2337.0
328, 73.637325, 660.041860, 40.309190, 0.052542, 3083, 2329.0
329, 67.245113, 661.603940, 44.896185, 0.053555, 3099, 2467.0
330, 70.695187, 662.119517, 40.492524, 0.048442, 3094, 2319.0
331, 69.882551, 661.284797, 41.949668, 0.134603, 3097, 2316.0
332, 70.774949, 660.670405, 40.409014, 0.062440, 3088, 2328.0
333, 68.669260, 662.131449, 41.794051, 0.098683, 3098, 2327.0
334, 71.398088, 659.756098, 43.191475, 0.077284, 3088, 2412.0
335, 70.043720, 659.824386, 45.866804, 0.112540, 3091, 2544.0
336, 66.716337, 662.264225, 43.863710, 0.135144, 3106, 2951.0
337, 70.598512, 662.389786, 39.143554, 0.060907, 3107, 2335.0
338, 69.296121, 661.272291, 42.807974, 0.060275, 3101, 2506.0
339, 73.177217, 661.512145, 39.599175, 0.058843, 3098, 2319.0
340, 69.780949, 661.488650, 43.542954, 0.067219, 3097, 2351.0
341, 70.895654, 661.402115, 35.347478, 0.043839, 3103, 2337.0
342, 70.919851, 660.654860, 42.614613, 0.074601, 3093, 2340.0
343, 71.096938, 662.471959, 40.484892, 0.039350, 3093, 2322.0
344, 70.272710, 661.450202, 42.248410, 0.152824, 3096, 2324.0
345, 74.146502, 661.685888, 29.992901, 0.070225, 3100, 2343.0
346, 68.846567, 659.130983, 47.984974, 0.160710, 3102, 2331.0
347, 72.549229, 660.001445, 39.066163, 0.062216, 3085, 2323.0
348, 69.887802, 660.951751, 45.249025, 0.136015, 3086, 2353.0
349, 68.310094, 662.224838, 38.287115, 0.059025, 3097, 2309.0
350, 76.908746, 660.689468, 30.553771, 0.088234, 3091, 2925.0
351, 67.876953, 660.090003, 46.994937, 0.223032, 3102, 3363.0
352, 70.263237, 663.010902, 37.701959, 0.070345, 3097, 2320.0
353, 70.942533, 661.088820, 40.718249, 0.064756, 3097, 2346.0
354, 73.137533, 662.116374, 37.288917, 0.068662, 3089, 2417.0
355, 71.072579, 662.062097, 38.694907, 0.055284, 3091, 2342.0
356, 71.959639, 662.148817, 34.309731, 0.057298, 3102, 2319.0
357, 69.719534, 662.445218, 40.576855, 0.132234, 3093, 2320.0
358, 67.501476, 660.948761, 42.824127, 0.100585, 3106, 2339.0
359, 74.655977, 660.201319, 35.950116, 0.064400, 3087, 2318.0
360, 70.777674, 662.797428, 41.245869, 0.096894, 3099, 2343.0
361, 71.312847, 660.103300, 39.175435, 0.027862, 3093, 2319.0
362, 72.188218, 663.557814, 31.370501, 0.042374, 3106, 2350.0
363, 72.767206, 662.060790, 38.012739, 0.016011, 3095, 2318.0
364, 73.885797, 660.737435, 37.941377, 0.042554, 3086, 2630.0
365, 73.114957, 660.241791, 36.730965, 0.023344, 3097, 3342.0
366, 69.853726, 661.249891, 41.021382, 0.062467, 3097, 2345.0
367, 72.463532, 662.533059, 28.466255, 0.025188, 3097, 2317.0
368, 74.311318, 660.099342, 37.386060, 0.038845, 3091, 2355.0
369, 72.916367, 660.946628, 36.797813, 0.058247, 3090, 2312.0
370, 73.141236, 661.213583, 43.662808, 0.064051, 3087, 2321.0
371, 74.768933, 661.702839, 37.783306, 0.079493, 3096, 2348.0
372, 73.010550, 662.036414, 32.980695, 0.055164, 3096, 2323.0
373, 73.099002, 659.908978, 39.175880, 0.064191, 3082, 2572.0
374, 69.523508, 662.602715, 42.903720, 0.194837, 3102, 2353.0
375, 72.763085, 660.574941, 39.118408, 0.055162, 3096, 2356.0
376, 72.240791, 660.465093, 39.429252, 0.042677, 3096, 2332.0
377, 71.077051, 662.584225, 38.394069, 0.103630, 3106, 2505.0
378, 70.480110, 661.908840, 40.814731, 0.073450, 3102, 2346.0
379, 70.577751, 662.634078, 38.614673, 0.060940, 3095, 2335.0
380, 76.350964, 659.128351, 37.727677, 0.057691, 3089, 2411.0
381, 71.823958, 662.216107, 36.165538, 0.087713, 3082, 2362.0
382, 73.899272, 660.302988, 37.152536, 0.020085, 3084, 2343.0
383, 75.968959, 661.047099, 26.759768, 0.033336, 3083, 2353.0
384, 70.859745, 660.703528, 42.882182, 0.136056, 3078, 2542.0
385, 70.152005, 662.322200, 41.430168, 0.083751, 3095, 2333.0
386, 74.974230, 659.905381, 39.443321, 0.070477, 3079, 2804.0
387, 69.358376, 661.185616, 40.887741, 0.141185, 3097, 2389.0
388, 70.400578, 661.786263, 41.511806, 0.070783, 3101, 2418.0
389, 68.897899, 659.524096, 45.356760, 0.111775, 3099, 2358.0
390, 69.268100, 666.180196, 55.722184, 0.087862, 3091, 2328.0
391, 76.129691, 661.599531, 36.842013, 0.135688, 3088, 3286.0
392, 72.265539, 660.102829, 40.078713, 0.063133, 3086, 3210.0
393, 73.915002, 660.730167, 38.059301, 0.054810, 3093, 2338.0
394, 69.808601, 659.885594, 45.816611, 0.097031, 3087, 2332.0
395, 78.106519, 658.139389, 34.346258, 0.082742, 3082, 2309.0
396, 74.146969, 660.319719, 37.705186, 0.043989, 3096, 2316.0
397, 70.486655, 662.170768, 39.639722, 0.024554, 3098, 2344.0
398, 73.621761, 660.316027, 38.243601, 0.043388, 3088, 2316.0
399, 76.273314, 659.919881, 36.354767, 0.078637, 3097, 2362.0
400, 71.135064, 660.598955, 42.083947, 0.108182, 3097, 2327.0
401, 70.269041, 662.302134, 39.199840, 0.061870, 3099, 2569.0
402, 70.218228, 661.928376, 40.310250, 0.107160, 3087, 2858.0
403, 72.986679, 661.328366, 40.323379, 0.031531, 3091, 2392.0
404, 69.786109, 661.493404, 42.497145, 0.054324, 3098, 3390.0
405, 74.711440, 660.762740, 33.935635, 0.036717, 3092, 2657.0
406, 73.607264, 662.421480, 32.428589, 0.043374, 3098, 2384.0
407, 75.414195, 660.560724, 36.243178, 0.059455, 3085, 2317.0
408, 74.618664, 659.951842, 33.141226, 0.056580, 3094, 2307.0
409, 76.568881, 661.721112, 25.332061, 0.116045, 3092, 2331.0
410, 69.547904, 663.844003, 39.335022, 0.079954, 3099, 2329.0
411, 81.344005, 657.635399, 28.782378, 0.064817, 3088, 2320.0
412, 71.841719, 662.057952, 33.140878, 0.035751, 3102, 2622.0
413, 73.865283, 660.698135, 38.462600, 0.037430, 3092, 2474.0
414, 72.844312, 660.289291, 37.746365, 0.045723, 3095, 2911.0
415, 75.412865, 660.420833, 40.079910, 0.040909, 3075, 2650.0
416, 73.243252, 661.583701, 30.027392, 0.047597, 3104, 2350.0
417, 66.346350, 659.334674, 45.713846, 0.216753, 3095, 2858.0
418, 74.478183, 662.005862, 33.584658, 0.053948, 3093, 3106.0
419, 70.470189, 662.173322, 39.651899, 0.055320, 3100, 2417.0
420, 70.738086, 661.070913, 38.648015, 0.119727, 3102, 2324.0
421, 74.434468, 660.249501, 37.090915, 0.056887, 3082, 2337.0
422, 73.312516, 660.613366, 39.839303, 0.051242, 3098, 2341.0
423, 69.475949, 662.434156, 41.570780, 0.085645, 3096, 2329.0
424, 71.658270, 662.128279, 35.181584, 0.068414, 3102, 2815.0
425, 75.392340, 659.168885, 36.457965, 0.061491, 3083, 2314.0
426, 72.349135, 661.230653, 36.636552, 0.059763, 3089, 2312.0
427, 72.140837, 659.767832, 42.605851, 0.060565, 3090, 2323.0
428, 77.098471, 661.260022, 26.718287, 0.084182, 3095, 2308.0
429, 69.224696, 661.175550, 43.147874, 0.137224, 3104, 2361.0
430, 75.127473, 660.709364, 35.809234, 0.065448, 3086, 2435.0
431, 69.002666, 661.755886, 44.182863, 0.056208, 3103, 2371.0
432, 72.183004, 661.686564, 37.213815, 0.056524, 3084, 2310.0
433, 72.231244, 660.907811, 36.514439, 0.047427, 3096, 2328.0
434, 71.044571, 660.565819, 40.039415, 0.038098, 3085, 2438.0
435, 68.644690, 661.094932, 42.149385, 0.085611, 3089, 2327.0
436, 67.550015, 663.524390, 38.921085, 0.110448, 3098, 2312.0
437, 68.954798, 661.245741, 45.440049, 0.116076, 3101, 2330.0
438, 68.967122, 664.696994, 33.628560, 0.082960, 3097, 2344.0
439, 70.662290, 661.943802, 38.477584, 0.039350, 3096, 2352.0
440, 71.544797, 661.000817, 39.694658, 0.038810, 3092, 2316.0
441, 74.879525, 660.070906, 36.813454, 0.052477, 3087, 2320.0
442, 67.397106, 662.852947, 41.502116, 0.063546, 3101, 2325.0
443, 74.640648, 659.645616, 33.572893, 0.013537, 3090, 2306.0
444, 70.292171, 659.267584, 45.292311, 0.088774, 3094, 2320.0
445, 72.960147, 660.367541, 36.306506, 0.027785, 3087, 2806.0
446, 73.073053, 660.838776, 41.826245, 0.136295, 3083, 2332.0
447, 72.814650, 662.759142, 40.486981, 0.130913, 3084, 2315.0
448, 70.831603, 661.573344, 40.067234, 0.043336, 3108, 2327.0
449, 70.508176, 661.731389, 40.600498, 0.057691, 3108, 2365.0
450, 72.975664, 660.819051, 39.224932, 0.048337, 3092, 2327.0
451, 69.750402, 662.914863, 41.211641, 0.111450, 3101, 2321.0
452, 70.603201, 662.556494, 36.008008, 0.058766, 3093, 2310.0
453, 74.839123, 660.467597, 35.494140, 0.025273, 3097, 2318.0
454, 68.459528, 661.846039, 36.393520, 0.058175, 3100, 2315.0
455, 72.147738, 659.707250, 42.107670, 0.114245, 3077, 2337.0
456, 78.619520, 660.403133, 30.020376, 0.125734, 3085, 2501.0
457, 71.184860, 662.383424, 35.640866, 0.057035, 3097, 2329.0
458, 73.936858, 660.106265, 35.698141, 0.028997, 3092, 2336.0
459, 72.147145, 659.712367, 41.864285, 0.149711, 3073, 3350.0
460, 71.570458, 660.864240, 42.899960, 0.117927, 3090, 2316.0
461, 72.884303, 660.804518, 39.493932, 0.101730, 3079, 2459.0
462, 71.493728, 660.579214, 41.020121, 0.044225, 3094, 2349.0
463, 72.886896, 661.459257, 38.879917, 0.090551, 3075, 2319.0
464, 72.655509, 660.250649, 43.918161, 0.093207, 3083, 2333.0
465, 71.861715, 661.393053, 45.141375, 0.066028, 3093, 2452.0
466, 67.704530, 661.065565, 43.626933, 0.135966, 3097, 2405.0
467, 74.584001, 659.341417, 37.859446, 0.088513, 3081, 2418.0
468, 73.950667, 659.687057, 40.422072, 0.039744, 3069, 2312.0
469, 69.408815, 663.829197, 40.699843, 0.076134, 3103, 2337.0
470, 68.353710, 662.394312, 40.433486, 0.120595, 3098, 2321.0
471, 71.604238, 660.759355, 43.782260, 0.096926, 3093, 2645.0
472, 69.261959, 663.184461, 42.007671, 0.105928, 3100, 3068.0
473, 71.239335, 662.514197, 35.722255, 0.061849, 3101, 2322.0
474, 67.742584, 661.566721, 44.657581, 0.182473, 3102, 2882.0
475, 71.691838, 661.346946, 38.937215, 0.096322, 3084, 2727.0
476, 69.355873, 661.044555, 43.282177, 0.137246, 3099, 2626.0
477, 71.438196, 661.697690, 37.630870, 0.030131, 3091, 2887.0
478, 70.997786, 661.248933, 39.159331, 0.015015, 3102, 2920.0
479, 72.734671, 662.074370, 40.872684, 0.081896, 3092, 2727.0
480, 73.637302, 659.145743, 39.864389, 0.061334, 3080, 2794.0
481, 72.115329, 660.674625, 41.726696, 0.032990, 3088, 2717.0
482, 72.382054, 662.126067, 41.695274, 0.079164, 3091, 2963.0
483, 67.208480, 660.559262, 42.412518, 0.118556, 3098, 2612.0
484, 69.565599, 663.166408, 36.260631, 0.057205, 3101, 2621.0
485, 67.316280, 661.972301, 43.155792, 0.037020, 3099, 2721.0
486, 73.331496, 661.560367, 32.637031, 0.059607, 3100, 3118.0
487, 69.921221, 660.826155, 38.373426, 0.025501, 3095, 2328.0
488, 70.916496, 661.643197, 39.457533, 0.051689, 3102, 2323.0
489, 73.276046, 661.080947, 35.237371, 0.053144, 3093, 2327.0
490, 68.190387, 662.709612, 38.883155, 0.073112, 3101, 2322.0
491, 70.923152, 661.437036, 39.024325, 0.071857, 3106, 2641.0
492, 71.168845, 662.534080, 39.343606, 0.080399, 3092, 2569.0
493, 66.542666, 661.731351, 42.949171, 0.085805, 3099, 2334.0
494, 69.740646, 662.284590, 41.687238, 0.083105, 3095, 2333.0
495, 78.397113, 661.079909, 28.001536, 0.071165, 3078, 2445.0
496, 72.365748, 661.117441, 34.407841, 0.023275, 3103, 2326.0
497, 69.466165, 661.484073, 42.804611, 0.179668, 3098, 3038.0
498, 69.731173, 663.707561, 40.237696, 0.108030, 3096, 2334.0
499, 74.894293, 661.621782, 32.459440, 0.035579, 3096, 2328.0
500, 71.537780, 661.731072, 45.062615, 0.065728, 3092, 2324.0
501, 68.436319, 662.983495, 40.465718, 0.051209, 3099, 2327.0
502, 71.202496, 659.078673, 44.478377, 0.135139, 3090, 3232.0
503, 69.471057, 660.760570, 40.633639, 0.061259, 3106, 2372.0
504, 72.983279, 660.879611, 37.941360, 0.042415, 3091, 2331.0
505, 68.909497, 661.605043, 40.577788, 0.074805, 3091, 2325.0
506, 70.695450, 662.756836, 38.477072, 0.061653, 3094, 2325.0
507, 72.700870, 661.072359, 34.176592, 0.059039, 3094, 2815.0
508, 71.209881, 662.822523, 39.620921, 0.050011, 3089, 2375.0
509, 71.026548, 661.288301, 40.432152, 0.045907, 3097, 2333.0
510, 71.214668, 660.749948, 42.204591, 0.061490, 3092, 2338.0
511, 69.142380, 662.064182, 40.278197, 0.206481, 3089, 2390.0
512, 68.484084, 662.200214, 44.726651, 0.055538, 3101, 2451.0
513, 71.917472, 661.661012, 39.100659, 0.069082, 3096, 2947.0
514, 69.164133, 659.269268, 45.709783, 0.110408, 3092, 2414.0
515, 73.648033, 660.393335, 40.746260, 0.058368, 3090, 2319.0
516, 66.954982, 662.055249, 44.137261, 0.110279, 3102, 2337.0
517, 71.492275, 661.326506, 41.062150, 0.061974, 3092, 2333.0
518, 66.939759, 662.625690, 41.385330, 0.150219, 3099, 3031.0
519, 69.593892, 660.504536, 47.368651, 0.074687, 3094, 2341.0
520, 72.340965, 661.885955, 33.548268, 0.034130, 3100, 2323.0
521, 71.471196, 661.700438, 34.742638, 0.066314, 3090, 2317.0
522, 68.536107, 661.658779, 40.360653, 0.114742, 3096, 2339.0
523, 73.403074, 660.597475, 39.171720, 0.062548, 3089, 2772.0
524, 72.535242, 662.422501, 40.936103, 0.068018, 3089, 2549.0
525, 70.995329, 662.251021, 42.498626, 0.030037, 3097, 2322.0
526, 68.625754, 661.449378, 43.111663, 0.219888, 3097, 2348.0
527, 68.047257, 661.059256, 44.868249, 0.103025, 3106, 2438.0
528, 74.368228, 659.402041, 35.004632, 0.042640, 3091, 2599.0
529, 70.939104, 662.769805, 39.080845, 0.107367, 3091, 2612.0
530, 74.164898, 660.565420, 34.494568, 0.032795, 3100, 2309.0
531, 74.896230, 660.524982, 33.452634, 0.069409, 3091, 2336.0
532, 77.876334, 658.498532, 38.607248, 0.103038, 3075, 2313.0
533, 70.354959, 662.669118, 40.619059, 0.071982, 3105, 2327.0
534, 69.189408, 660.166868, 39.847856, 0.114157, 3099, 3044.0
535, 71.248224, 662.531723, 38.547573, 0.114008, 3101, 2314.0
536, 74.466744, 659.742064, 33.202473, 0.026191, 3094, 2325.0
537, 75.546528, 661.574718, 31.529728, 0.058204, 3090, 2337.0
538, 73.038248, 660.954147, 32.042946, 0.030668, 3094, 2316.0
539, 73.167532, 661.749744, 37.122851, 0.061175, 3088, 2691.0
540, 70.741168, 663.041589, 35.668908, 0.058690, 3103, 2718.0
541, 71.807825, 660.944391, 43.910550, 0.048533, 3093, 2327.0
542, 71.494516, 661.744515, 40.351074, 0.053363, 3099, 2331.0
543, 71.517171, 660.846165, 40.111636, 0.052655, 3107, 2350.0
544, 70.836365, 661.702918, 40.795925, 0.077737, 3098, 2331.0
545, 70.404672, 663.268816, 37.928920, 0.066047, 3103, 3104.0
546, 73.627124, 662.091588, 28.684713, 0.080285, 3097, 2325.0
547, 72.581888, 660.691995, 37.090062, 0.054635, 3089, 2311.0
548, 69.496327, 662.121840, 39.184988, 0.117760, 3099, 2327.0
549, 72.717318, 660.427481, 40.162293, 0.060307, 3088, 2319.0
550, 72.966298, 660.523324, 37.314859, 0.077966, 3078, 2345.0
551, 70.691140, 661.623989, 40.082865, 0.049373, 3096, 2324.0
552, 66.131011, 662.564237, 42.869332, 0.339834, 3097, 3180.0
553, 76.455230, 660.742192, 34.778098, 0.081553, 3085, 2329.0
554, 71.805119, 660.028150, 36.400711, 0.072689, 3078, 2315.0
555, 69.700947, 661.373989, 37.496996, 0.044199, 3106, 2322.0
556, 69.374256, 661.773571, 37.626363, 0.110380, 3098, 2312.0
557, 70.927235, 660.965356, 40.768059, 0.093036, 3100, 2328.0
558, 71.697163, 660.746388, 40.296512, 0.027515, 3097, 2334.0
559, 73.823164, 660.208262, 39.581185, 0.064618, 3082, 2323.0
560, 76.373447, 660.246207, 34.204713, 0.100891, 3089, 2400.0
561, 73.030609, 662.746980, 37.123480, 0.057235, 3096, 2357.0
562, 67.857927, 663.158996, 38.849277, 0.077416, 3102, 2467.0
563, 68.338081, 663.413164, 38.657311, 0.154088, 3098, 2317.0
564, 73.981695, 661.710354, 32.596440, 0.067231, 3094, 2323.0
565, 76.611327, 659.312392, 30.660539, 0.051706, 3082, 2599.0
566, 70.960509, 661.361703, 40.837353, 0.092380, 3094, 2326.0
567, 70.858472, 661.791408, 36.558731, 0.054404, 3095, 2318.0
568, 71.499119, 662.298666, 38.468924, 0.071198, 3088, 2309.0
569, 72.420177, 660.410390, 44.069943, 0.086710, 3081, 2390.0
570, 77.558285, 660.986061, 24.397413, 0.048815, 3094, 2443.0
571, 72.061070, 661.034991, 40.502597, 0.055837, 3088, 2312.0
572, 71.611763, 663.035306, 38.657615, 0.060827, 3102, 2322.0
573, 69.010945, 661.688368, 42.810959, 0.106915, 3107, 2484.0
574, 71.736167, 661.198032, 38.652135, 0.054025, 3090, 2333.0
575, 74.282573, 660.773268, 34.286227, 0.046323, 3088, 2304.0
576, 72.404181, 661.308480, 40.239257, 0.042631, 3096, 2320.0
577, 71.650123, 661.118535, 40.338465, 0.070419, 3093, 2323.0
578, 70.556788, 660.836419, 40.684437, 0.078235, 3106, 2633.0
579, 75.218072, 660.758898, 30.184005, 0.022459, 3086, 2738.0
580, 76.939558, 659.804956, 31.346365, 0.069685, 3093, 2332.0
581, 73.140814, 661.163547, 35.261227, 0.052245, 3097, 2371.0
582, 76.503074, 659.829528, 33.661917, 0.059904, 3085, 2325.0
583, 72.854523, 660.714797, 40.680531, 0.088399, 3088, 2356.0
584, 72.478102, 661.387249, 39.081668, 0.042073, 3086, 2312.0
585, 68.475167, 661.287749, 43.064217, 0.070956, 3093, 2315.0
586, 73.319942, 660.285059, 39.966600, 0.067385, 3084, 2350.0
587, 75.281042, 660.131183, 29.917581, 0.042298, 3086, 2308.0
588, 70.014096, 661.061363, 38.907857, 0.081972, 3102, 2324.0
589, 70.867448, 660.815390, 43.759915, 0.093374, 3092, 2471.0
590, 72.432390, 661.132066, 37.998547, 0.059140, 3091, 2335.0
591, 68.724879, 663.252387, 40.383213, 0.159859, 3101, 2324.0
592, 76.178702, 659.297612, 37.017037, 0.062550, 3075, 2489.0
593, 73.136748, 661.242333, 40.594497, 0.052693, 3094, 2355.0
594, 70.525432, 663.869984, 39.486591, 0.136730, 3097, 2452.0
595, 72.735295, 660.745785, 35.397895, 0.032999, 3088, 2323.0
596, 68.512331, 662.557525, 41.664300, 0.118433, 3105, 2325.0
597, 72.814746, 661.787139, 38.424103, 0.011989, 3101, 2462.0
598, 70.628489, 662.151554, 37.932793, 0.031746, 3098, 2331.0
599, 75.747400, 660.690366, 34.067567, 0.057420, 3083, 2378.0
600, 74.190953, 661.293784, 37.774085, 0.047111, 3093, 2383.0
601, 73.404037, 660.497417, 37.990798, 0.108879, 3084, 2335.0
602, 70.147519, 662.730814, 34.504628, 0.052633, 3110, 2485.0
603, 72.381988, 661.515997, 38.316847, 0.042320, 3096, 2319.0
604, 73.041683, 659.719735, 33.398869, 0.067648, 3086, 2316.0
605, 79.943332, 658.091565, 35.605302, 0.180289, 3064, 2432.0
606, 72.246738, 661.020917, 36.130556, 0.082365, 3094, 2338.0
607, 73.136494, 660.834400, 38.317107, 0.053992, 3095, 2374.0
608, 71.607122, 662.278090, 41.116280, 0.179242, 3087, 2309.0
609, 77.521857, 659.748254, 32.379859, 0.060378, 3079, 2365.0
610, 68.863134, 664.754648, 38.869520, 0.215004, 3101, 2518.0
611, 71.862483, 660.952559, 41.521217, 0.062042, 3094, 2325.0
612, 75.367856, 660.097236, 33.247659, 0.053704, 3082, 2311.0
613, 69.788862, 662.173711, 42.019099, 0.137782, 3111, 2489.0
614, 73.184510, 660.369265, 33.149461, 0.056799, 3105, 2369.0
615, 69.541772, 663.467702, 40.745405, 0.171088, 3097, 2320.0
616, 73.665875, 659.371353, 37.750549, 0.043598, 3085, 2335.0
617, 68.247024, 661.252358, 42.022308, 0.109896, 3096, 2342.0
618, 70.644839, 662.616029, 40.980489, 0.050365, 3095, 2539.0
619, 75.340342, 661.263367, 34.021241, 0.031577, 3099, 2329.0
620, 72.815652, 659.113846, 38.978559, 0.026360, 3101, 2339.0
621, 70.719624, 660.119841, 44.648651, 0.073426, 3095, 2454.0
622, 75.789394, 659.684206, 37.929753, 0.077665, 3083, 2341.0
623, 73.432382, 661.568212, 34.703339, 0.073128, 3092, 2329.0
624, 69.414828, 661.506206, 41.082249, 0.057604, 3094, 2325.0
625, 73.165228, 659.399290, 35.519721, 0.037970, 3075, 2304.0
626, 69.356438, 661.730180, 40.835777, 0.168756, 3093, 2329.0
627, 71.480902, 665.273557, 35.149961, 0.088595, 3097, 2356.0
628, 71.249586, 661.183125, 39.357261, 0.063487, 3104, 3137.0
629, 69.971241, 663.539480, 38.211962, 0.062788, 3094, 2417.0
630, 72.751845, 661.286460, 34.947034, 0.042006, 3091, 2334.0
631, 74.110817, 660.264811, 34.208674, 0.035705, 3091, 2323.0
632, 72.187362, 660.904964, 37.953014, 0.041048, 3092, 2312.0
633, 70.584435, 661.154230, 39.085374, 0.069596, 3101, 2414.0
634, 76.285773, 660.536866, 31.782198, 0.044181, 3086, 3349.0
635, 71.347049, 660.021513, 41.254589, 0.127390, 3089, 3493.0
636, 71.739208, 662.904857, 38.473548, 0.022225, 3099, 2327.0
637, 67.373173, 660.727245, 44.559175, 0.144068, 3094, 2352.0
638, 75.014176, 661.745600, 30.671011, 0.050569, 3091, 2310.0
639, 68.927212, 660.269335, 44.120241, 0.145536, 3103, 2353.0
640, 76.105344, 660.382918, 30.200308, 0.060707, 3098, 2338.0
641, 72.644585, 660.994881, 35.176676, 0.039982, 3090, 2320.0
642, 70.870002, 659.582446, 41.460839, 0.109732, 3104, 2335.0
643, 72.038176, 661.313102, 36.024020, 0.044217, 3096, 2324.0
644, 75.177504, 659.480917, 34.262329, 0.036018, 3089, 2325.0
645, 70.881843, 662.819152, 33.883932, 0.061292, 3103, 2324.0
646, 72.959481, 659.779273, 38.536052, 0.032252, 3094, 2352.0
647, 68.752609, 662.843622, 38.386553, 0.051819, 3106, 2708.0
648, 71.108185, 660.547051, 41.594799, 0.070132, 3084, 2313.0
649, 71.360395, 662.089766, 38.144612, 0.085404, 3093, 2316.0
650, 69.103000, 660.288898, 42.229641, 0.115265, 3089, 2307.0
651, 69.248669, 663.493675, 35.066428, 0.023712, 3098, 2315.0
652, 71.091048, 663.815725, 35.427155, 0.066314, 3093, 2318.0
653, 70.596159, 661.090102, 39.989598, 0.042241, 3094, 2365.0
654, 69.787396, 661.219886, 39.815316, 0.096433, 3101, 2324.0
655, 70.246639, 661.283266, 35.880984, 0.041574, 3107, 2330.0
656, 66.723581, 663.946249, 41.260454, 0.048957, 3103, 2327.0
657, 69.663590, 661.722611, 40.108246, 0.088727, 3100, 2335.0
658, 68.256485, 663.053007, 43.695910, 0.102686, 3104, 2351.0
659, 70.799703, 661.667640, 42.432730, 0.065449, 3097, 2337.0
660, 69.375822, 661.200366, 44.314747, 0.078602, 3093, 2344.0
661, 70.418325, 663.655770, 42.949323, 0.053196, 3103, 2353.0
662, 70.406660, 661.485490, 38.236175, 0.057457, 3100, 2483.0
663, 67.275297, 663.124275, 40.738042, 0.166472, 3101, 2342.0
664, 75.478192, 658.588964, 36.420072, 0.044103, 3081, 2308.0
665, 72.395878, 662.026577, 34.203913, 0.046959, 3105, 2322.0
666, 70.234283, 660.784676, 42.105255, 0.053628, 3101, 2343.0
667, 67.244713, 663.008021, 44.472488, 0.148780, 3101, 2360.0
668, 68.164762, 663.059716, 42.416684, 0.124189, 3097, 2325.0
669, 73.903845, 660.624276, 39.756666, 0.051452, 3088, 2314.0
670, 68.013827, 661.207096, 45.443231, 0.098274, 3103, 2342.0
671, 71.044695, 662.599818, 39.000074, 0.061635, 3092, 2432.0
672, 75.590156, 659.023272, 36.281085, 0.046690, 3091, 2298.0
673, 67.720688, 658.904009, 45.573875, 0.140855, 3101, 2342.0
674, 73.745242, 658.340026, 36.664651, 0.025858, 3085, 2333.0
675, 74.338596, 659.461185, 36.955975, 0.048120, 3086, 2326.0
676, 66.989067, 665.483154, 39.101284, 0.185300, 3104, 3398.0
677, 69.369122, 662.478302, 40.475901, 0.055487, 3097, 3201.0
678, 75.414842, 660.317450, 37.748676, 0.038075, 3091, 3574.0
679, 67.951073, 662.795392, 40.883296, 0.103849, 3098, 2407.0
680, 69.634629, 661.548793, 42.164829, 0.091476, 3099, 2350.0
681, 71.087829, 659.823792, 40.644672, 0.101279, 3089, 2373.0
682, 69.230216, 661.270945, 40.734693, 0.072009, 3098, 2374.0
683, 72.812562, 662.085561, 37.254787, 0.055650, 3093, 2317.0
684, 68.789482, 662.293064, 41.465392, 0.032761, 3102, 2337.0
685, 68.937720, 663.575717, 40.280798, 0.106831, 3100, 2325.0
686, 68.497998, 659.219343, 44.864563, 0.163286, 3098, 2370.0
687, 69.656323, 660.022630, 42.667547, 0.080192, 3091, 2325.0
688, 71.595372, 661.387300, 42.282214, 0.043117, 3091, 2648.0
689, 69.912807, 659.736807, 43.372900, 0.144560, 3098, 2625.0
690, 73.107340, 659.896157, 36.487709, 0.043121, 3086, 2323.0
691, 71.682437, 659.857185, 41.808714, 0.092335, 3084, 2420.0
692, 73.256003, 661.373190, 36.946556, 0.057681, 3092, 2327.0
693, 73.280919, 661.149659, 36.162317, 0.050968, 3088, 2362.0
694, 69.287278, 661.019783, 41.830130, 0.074468, 3106, 2486.0
695, 73.965382, 659.585512, 41.268568, 0.137179, 3088, 2324.0
696, 70.501465, 662.727809, 39.485744, 0.046628, 3097, 2320.0
697, 71.784652, 660.132802, 42.112236, 0.035133, 3089, 2369.0
698, 67.256742, 661.270546, 42.013428, 0.139904, 3104, 2337.0
699, 67.649906, 663.455216, 40.763703, 0.097034, 3096, 2437.0
700, 71.837924, 660.658937, 38.087618, 0.043916, 3100, 2345.0
701, 73.672312, 660.350903, 38.345317, 0.072479, 3082, 2331.0
702, 71.343302, 663.186382, 35.325786, 0.048389, 3101, 2484.0
703, 68.439051, 658.899137, 44.855363, 0.147843, 3099, 2333.0
704, 67.926179, 661.526314, 43.261804, 0.103469, 3105, 2338.0
705, 68.809518, 662.927003, 39.518220, 0.120189, 3096, 2407.0
706, 73.266073, 661.824376, 32.220529, 0.036270, 3105, 2472.0
707, 73.708004, 661.408726, 34.433216, 0.034084, 3091, 2376.0
708, 66.827359, 660.649402, 44.366977, 0.218518, 3099, 2322.0
709, 75.498310, 659.812745, 40.529936, 0.071485, 3082, 2334.0
710, 70.243254, 660.732834, 43.545219, 0.084549, 3095, 2436.0
711, 70.758445, 661.939207, 38.468142, 0.058094, 3092, 2328.0
712, 69.697874, 663.393194, 37.585297, 0.039429, 3102, 2318.0
713, 69.353391, 660.334755, 42.443606, 0.113101, 3105, 2502.0
714, 73.386070, 661.429503, 38.345948, 0.034175, 3093, 2379.0
715, 69.548554, 661.778792, 44.481727, 0.116722, 3100, 2491.0
716, 72.576711, 659.965453, 35.749928, 0.026879, 3091, 2866.0
717, 71.658481, 659.072792, 43.721520, 0.155382, 3088, 2313.0
718, 70.887013, 661.017131, 38.682630, 0.098318, 3080, 2463.0
719, 67.126114, 658.043413, 48.071779, 0.238139, 3094, 2396.0
720, 70.433398, 661.683013, 40.751965, 0.078475, 3094, 2370.0
721, 71.444497, 659.677911, 44.562613, 0.183255, 3086, 2311.0
722, 69.887319, 661.523629, 38.177207, 0.099142, 3100, 2324.0
723, 68.211970, 658.889391, 49.230479, 0.166212, 3099, 2375.0
724, 75.907993, 659.465966, 34.833692, 0.046142, 3087, 2325.0
725, 66.986979, 664.401367, 40.550923, 0.133875, 3100, 2343.0
726, 72.631765, 658.560565, 43.297153, 0.058110, 3082, 2424.0
727, 71.474281, 660.504528, 39.133092, 0.029507, 3092, 2434.0
728, 72.687486, 661.295718, 34.810371, 0.052096, 3100, 2311.0
729, 73.686710, 660.440058, 31.366293, 0.048792, 3086, 2310.0
730, 70.358680, 661.744772, 41.419403, 0.111583, 3086, 3564.0
731, 66.958286, 664.049908, 40.315228, 0.170122, 3099, 2379.0
732, 74.162051, 660.941691, 35.768363, 0.060359, 3083, 2402.0
733, 71.547139, 661.189893, 39.377705, 0.064127, 3089, 2443.0
734, 70.410468, 661.145992, 43.809236, 0.077720, 3109, 2582.0
735, 70.577072, 662.613811, 35.070433, 0.071806, 3099, 2338.0
736, 68.028157, 661.543649, 42.738150, 0.057369, 3094, 2334.0
737, 69.666927, 662.699885, 39.981662, 0.101741, 3099, 2320.0
738, 69.962587, 661.475599, 39.725809, 0.061985, 3099, 2325.0
739, 74.335927, 661.446923, 40.810540, 0.044770, 3088, 2378.0
740, 70.993276, 661.742664, 37.974694, 0.051205, 3104, 2340.0
741, 71.951844, 659.987706, 41.423108, 0.069097, 3079, 2311.0
742, 68.743562, 663.295549, 41.981582, 0.063645, 3095, 2326.0
743, 74.547763, 659.477365, 37.968658, 0.071547, 3084, 3342.0
744, 71.425825, 660.900115, 38.550409, 0.040092, 3101, 2456.0
745, 69.332201, 662.279511, 40.648571, 0.075406, 3105, 2493.0
746, 69.752154, 660.799594, 40.476125, 0.043256, 3101, 2339.0
747, 69.875135, 661.682466, 44.312728, 0.119780, 3100, 2410.0
748, 68.607182, 660.059558, 45.486232, 0.179949, 3101, 2322.0
749, 70.023724, 662.228358, 35.177107, 0.067396, 3097, 2456.0
750, 71.582581, 661.526231, 42.581926, 0.063297, 3086, 2322.0
751, 73.707293, 660.121816, 34.812974, 0.049678, 3084, 2309.0
752, 68.498487, 662.065504, 43.363533, 0.103668, 3100, 2343.0
753, 67.824061, 662.318857, 40.727401, 0.131691, 3098, 2334.0
754, 66.022594, 660.879828, 45.052103, 0.135937, 3104, 2335.0
755, 69.442932, 660.196657, 40.830933, 0.144771, 3078, 2298.0
756, 69.347945, 660.563560, 44.979606, 0.027267, 3095, 2355.0
757, 71.214169, 661.246476, 41.237371, 0.045490, 3098, 2926.0
758, 67.276258, 662.353739, 42.608231, 0.145581, 3098, 2350.0
759, 67.411943, 661.207707, 41.376695, 0.103370, 3106, 2467.0
760, 67.442705, 664.263416, 40.940269, 0.124129, 3104, 2326.0
761, 76.114052, 658.863221, 35.612897, 0.047372, 3081, 2319.0
762, 72.886163, 662.476011, 36.322643, 0.089689, 3104, 2320.0
763, 66.488816, 660.589320, 48.350899, 0.128868, 3089, 2353.0
764, 67.089480, 661.293031, 44.404527, 0.165625, 3099, 2319.0
765, 72.644891, 660.311715, 37.918563, 0.059083, 3095, 2414.0
766, 68.084673, 662.892055, 41.533867, 0.171071, 3097, 2328.0
767, 69.854779, 662.623881, 40.633601, 0.113117, 3099, 2326.0
768, 71.466860, 661.016287, 39.855228, 0.056426, 3085, 2314.0
769, 75.475312, 660.196960, 36.850316, 0.071751, 3090, 2318.0
770, 71.640400, 661.552632, 37.998397, 0.052419, 3096, 2874.0
771, 73.307061, 661.054106, 35.062436, 0.041506, 3089, 2320.0
772, 70.446673, 661.149214, 42.489569, 0.066956, 3097, 2368.0
773, 71.279695, 664.144984, 36.222996, 0.117283, 3100, 2364.0
774, 72.501571, 660.762472, 41.155482, 0.043803, 3100, 2327.0
775, 68.771134, 661.128429, 40.821904, 0.071593, 3094, 2324.0
776, 70.032364, 660.971550, 42.978610, 0.085819, 3098, 2318.0
777, 70.529497, 660.023610, 41.884614, 0.085537, 3095, 2323.0
778, 69.043602, 661.913120, 40.007742, 0.023692, 3104, 2329.0
779, 71.792556, 660.358673, 41.047525, 0.064638, 3092, 2314.0
780, 71.452729, 661.736648, 39.470475, 0.040228, 3099, 2329.0
781, 76.297529, 659.348994, 32.053684, 0.068750, 3073, 2309.0
782, 73.199732, 660.883400, 35.928281, 0.037958, 3091, 2320.0
783, 71.374851, 661.597585, 40.743306, 0.094504, 3092, 2318.0
784, 69.933439, 662.495595, 40.136744, 0.092357, 3103, 2726.0
785, 70.546551, 662.672265, 38.118839, 0.068926, 3101, 4018.0
786, 69.259079, 660.396807, 40.416068, 0.066337, 3095, 2317.0
787, 69.761068, 661.530754, 42.327509, 0.040744, 3097, 2336.0
788, 67.078567, 662.161039, 43.138313, 0.135256, 3105, 2331.0
789, 68.940908, 660.568126, 43.548806, 0.061423, 3103, 2340.0
790, 71.605377, 661.897983, 34.139358, 0.030242, 3096, 2315.0
791, 64.984254, 662.876103, 44.153234, 0.058129, 3096, 2346.0
792, 71.212330, 663.024731, 38.429137, 0.057648, 3104, 2330.0
793, 72.897033, 661.111082, 35.617308, 0.025332, 3088, 2315.0
794, 67.821389, 659.547878, 45.262508, 0.095865, 3103, 2339.0
795, 69.697871, 659.074111, 46.436966, 0.064457, 3107, 2334.0
796, 71.843465, 661.276250, 39.706451, 0.078950, 3091, 2326.0
797, 65.227316, 663.420677, 40.553669, 0.194138, 3104, 2340.0
798, 71.676937, 660.808286, 42.964902, 0.037338, 3089, 2321.0
799, 70.190853, 660.070286, 42.496514, 0.119025, 3090, 2322.0
800, 73.236507, 659.760789, 41.905531, 0.069054, 3091, 2322.0
801, 68.795121, 663.840155, 39.671400, 0.044448, 3096, 2324.0
802, 71.787479, 660.144130, 39.045470, 0.057445, 3079, 2314.0
803, 67.123841, 657.768710, 49.209210, 0.158398, 3092, 2323.0
804, 68.761791, 662.354958, 42.582745, 0.122488, 3098, 2316.0
805, 70.471804, 659.657832, 44.372805, 0.087448, 3095, 2314.0
806, 73.499319, 659.661437, 36.226530, 0.044260, 3092, 2318.0
807, 68.747947, 659.646216, 46.658246, 0.091062, 3101, 2333.0
808, 71.717313, 661.576086, 37.769287, 0.033504, 3093, 2311.0
809, 70.193544, 661.165094, 42.220399, 0.114295, 3105, 2330.0
810, 65.772765, 658.945148, 46.393873, 0.261408, 3104, 2334.0
811, 69.861491, 661.721761, 41.217804, 0.042529, 3101, 2339.0
812, 71.658350, 662.754193, 34.127694, 0.048709, 3106, 3450.0
813, 68.611512, 663.288583, 41.349491, 0.088973, 3093, 2335.0
814, 67.337636, 660.130852, 44.294312, 0.117700, 3102, 2340.0
815, 71.773517, 659.448158, 42.531179, 0.059452, 3089, 2322.0
816, 66.382112, 660.544994, 45.550915, 0.123939, 3108, 2332.0
817, 70.081188, 662.329605, 40.575991, 0.055714, 3096, 2325.0
818, 69.817074, 660.947315, 41.858225, 0.030965, 3093, 2331.0
819, 71.084805, 660.627546, 36.459252, 0.065965, 3086, 2338.0
820, 66.205460, 663.119414, 43.033950, 0.119625, 3100, 2322.0
821, 67.913841, 661.928696, 44.041537, 0.110286, 3105, 2401.0
822, 71.562539, 662.605857, 40.207206, 0.048761, 3095, 2328.0
823, 71.505399, 660.867766, 38.334015, 0.058823, 3095, 2340.0
824, 68.086626, 663.312822, 39.277685, 0.065262, 3101, 2344.0
825, 69.872420, 661.544485, 36.253445, 0.047973, 3101, 2332.0
826, 75.889248, 659.292596, 35.100262, 0.045257, 3087, 3412.0
827, 70.608212, 662.470330, 38.702512, 0.054246, 3101, 2326.0
828, 64.525227, 660.808848, 43.787206, 0.148739, 3098, 2328.0
829, 67.963828, 661.352904, 42.741121, 0.075274, 3103, 2324.0
830, 70.286702, 661.894668, 39.901735, 0.040392, 3092, 2319.0
831, 69.941952, 662.981101, 39.377947, 0.055459, 3104, 2399.0
832, 70.861458, 660.070772, 39.346204, 0.048121, 3085, 2310.0
833, 65.570050, 657.804380, 49.643455, 0.410762, 3100, 2323.0
834, 67.630213, 659.434626, 47.679447, 0.224523, 3090, 2323.0
835, 68.926754, 663.519308, 36.918478, 0.118026, 3102, 2322.0
836, 71.332269, 659.272354, 44.076878, 0.098815, 3081, 2311.0
837, 68.470603, 660.657869, 43.957549, 0.123933, 3095, 2334.0
838, 66.115502, 659.290287, 45.805857, 0.157941, 3102, 2329.0
839, 69.629206, 661.895787, 39.862398, 0.082717, 3095, 2386.0
840, 69.417524, 659.858660, 41.532151, 0.061579, 3107, 2868.0
841, 68.739218, 661.877435, 41.126928, 0.097163, 3104, 2441.0
842, 69.030294, 660.926535, 43.265443, 0.066194, 3104, 2506.0
843, 67.386912, 663.917625, 39.739503, 0.102584, 3099, 2323.0
844, 69.826532, 662.985182, 36.217694, 0.040696, 3094, 2321.0
845, 73.964893, 658.822694, 34.934956, 0.042790, 3080, 2318.0
846, 64.539811, 662.362067, 43.302853, 0.147924, 3109, 2334.0
847, 74.712918, 660.152510, 35.651454, 0.014155, 3099, 2314.0
848, 66.244913, 658.650964, 48.852958, 0.203963, 3095, 2321.0
849, 69.193474, 662.756057, 38.180974, 0.062705, 3097, 2314.0
850, 68.669940, 659.779383, 45.831602, 0.036371, 3099, 2329.0
851, 67.656026, 659.396619, 47.875670, 0.128896, 3096, 2396.0
852, 69.630548, 661.427017, 38.000566, 0.055762, 3105, 2332.0
853, 69.552489, 663.869214, 38.372303, 0.043533, 3102, 2347.0
854, 64.806160, 655.490922, 49.523184, 0.523254, 3098, 2325.0
855, 72.075078, 661.545181, 35.334196, 0.053602, 3085, 2306.0
856, 66.444362, 660.015195, 44.232814, 0.105224, 3098, 2337.0
857, 67.379782, 657.980328, 48.760358, 0.130147, 3093, 2325.0
858, 68.092131, 662.025963, 43.676606, 0.111489, 3102, 2330.0
859, 73.860257, 660.661480, 35.513445, 0.065414, 3092, 2328.0
860, 69.795448, 660.818089, 41.356351, 0.063040, 3100, 2321.0
861, 70.999139, 662.309994, 37.183336, 0.060298, 3100, 2398.0
862, 69.982029, 662.448012, 40.501438, 0.080098, 3103, 2327.0
863, 67.984217, 662.645429, 40.618231, 0.058365, 3104, 2314.0
864, 68.278683, 663.371493, 41.021198, 0.105810, 3105, 2323.0
865, 67.990783, 661.593215, 41.655766, 0.183666, 3102, 2331.0
866, 71.495056, 659.945874, 43.384123, 0.047593, 3090, 2333.0
867, 71.749374, 660.526057, 37.012964, 0.034295, 3092, 2317.0
868, 71.456383, 661.467717, 41.682205, 0.074194, 3093, 3274.0
869, 73.357763, 661.783526, 35.097780, 0.046597, 3090, 2322.0
870, 70.961245, 662.215502, 38.447716, 0.070936, 3097, 2386.0
871, 69.669332, 661.592695, 41.410259, 0.046991, 3106, 2331.0
872, 70.258945, 662.152206, 40.948376, 0.044012, 3103, 2325.0
873, 71.626169, 660.998073, 39.683969, 0.083488, 3089, 2320.0
874, 70.228032, 661.792627, 37.534585, 0.046594, 3097, 2321.0
875, 68.743746, 659.005904, 46.362930, 0.134320, 3095, 2332.0
876, 72.817117, 658.966079, 41.584809, 0.048077, 3085, 2313.0
877, 71.440096, 662.115412, 35.856533, 0.050562, 3098, 2317.0
878, 67.960694, 663.463104, 42.114317, 0.188886, 3102, 2329.0
879, 67.199054, 664.361307, 38.085253, 0.117245, 3109, 2321.0
880, 68.365976, 662.638980, 39.226866, 0.044718, 3104, 2417.0
881, 68.652452, 662.677052, 39.884442, 0.100153, 3098, 2341.0
882, 68.460064, 662.886039, 40.004782, 0.080659, 3093, 3830.0
883, 72.430538, 659.721970, 41.825988, 0.074332, 3082, 2792.0
884, 69.318079, 661.313298, 41.223652, 0.141830, 3098, 2322.0
885, 71.681668, 660.539455, 41.317627, 0.034095, 3089, 2310.0
886, 68.967311, 661.723836, 42.937696, 0.077920, 3099, 2332.0
887, 67.993624, 660.584887, 46.494450, 0.154375, 3104, 2336.0
888, 71.496204, 661.169292, 40.666420, 0.081770, 3092, 2355.0
889, 67.470757, 663.184438, 43.186892, 0.100412, 3101, 2352.0
890, 69.651390, 662.108148, 39.004269, 0.038808, 3097, 2322.0
891, 72.447312, 660.538217, 40.719091, 0.086054, 3093, 2320.0
892, 67.493800, 660.635529, 46.174175, 0.135149, 3100, 2328.0
893, 72.468842, 659.571561, 39.588579, 0.028046, 3084, 2309.0
894, 66.984220, 661.801695, 43.236288, 0.199013, 3099, 2326.0
895, 72.465573, 660.737152, 35.621656, 0.039500, 3097, 2349.0
896, 67.255824, 661.824327, 39.744729, 0.202772, 3099, 2615.0
897, 72.206819, 662.351236, 33.216906, 0.055555, 3099, 2325.0
898, 71.488161, 660.432233, 36.341722, 0.034503, 3093, 2325.0
899, 75.905540, 659.963556, 31.951366, 0.070893, 3097, 2467.0
900, 73.140696, 659.168008, 35.809213, 0.065753, 3088, 2308.0
901, 71.184867, 660.029883, 41.659398, 0.060875, 3100, 2320.0
902, 69.210254, 659.501520, 42.825168, 0.171711, 3090, 2324.0
903, 71.219477, 660.063560, 43.713368, 0.053699, 3103, 2326.0
904, 69.497853, 661.122580, 37.978098, 0.041979, 3103, 2317.0
905, 68.832063, 659.690587, 43.453655, 0.067246, 3103, 2330.0
906, 68.388139, 659.189219, 47.033056, 0.180128, 3102, 2329.0
907, 69.249804, 661.928398, 39.287549, 0.107273, 3096, 2311.0
908, 71.127948, 660.672771, 35.784431, 0.040185, 3095, 2313.0
909, 70.011568, 660.702819, 43.193196, 0.042967, 3101, 2867.0
910, 66.345664, 658.788497, 46.841286, 0.187866, 3107, 2366.0
911, 67.562904, 660.693544, 46.478090, 0.123274, 3093, 2330.0
912, 71.701163, 660.396759, 44.521295, 0.129252, 3086, 2314.0
913, 66.416659, 664.456454, 40.319992, 0.118306, 3098, 2308.0
914, 70.652950, 662.569274, 36.046626, 0.025320, 3102, 2327.0
915, 66.775265, 661.046015, 43.194450, 0.225024, 3099, 2324.0
916, 65.103953, 660.729660, 44.673113, 0.174871, 3105, 2327.0
917, 74.394106, 660.183779, 35.409565, 0.036535, 3096, 2321.0
918, 67.737196, 664.290971, 37.999264, 0.119537, 3094, 2318.0
919, 68.242715, 659.905918, 43.291564, 0.136156, 3102, 2349.0
920, 67.721698, 661.670762, 46.105173, 0.099762, 3099, 2324.0
921, 68.122474, 662.370150, 39.447123, 0.069658, 3089, 2314.0
922, 72.926522, 660.382162, 34.121729, 0.035262, 3101, 2329.0
923, 70.719530, 661.099208, 41.849624, 0.140442, 3089, 2957.0
924, 69.186731, 663.337472, 43.859101, 0.048626, 3102, 2327.0
925, 70.521685, 662.789468, 38.525927, 0.065400, 3102, 2332.0
926, 69.829279, 661.028539, 39.886690, 0.065858, 3093, 2337.0
927, 70.143023, 663.247310, 38.689774, 0.048874, 3106, 2488.0
928, 69.830603, 662.244479, 41.399787, 0.087070, 3098, 2320.0
929, 69.752644, 661.193516, 39.763403, 0.095402, 3092, 2382.0
930, 71.833438, 659.567026, 38.836625, 0.042405, 3090, 2573.0
931, 68.388784, 661.972346, 43.373839, 0.082249, 3103, 2876.0
932, 73.809346, 659.912615, 37.195388, 0.024433, 3094, 2326.0
933, 68.977000, 661.351861, 43.526910, 0.049157, 3103, 2327.0
934, 73.258460, 660.516319, 35.778662, 0.017572, 3092, 2321.0
935, 73.670852, 658.848465, 44.506017, 0.061321, 3077, 2356.0
936, 73.351255, 661.700835, 33.555256, 0.054500, 3095, 3243.0
937, 76.415522, 659.537630, 29.892213, 0.109594, 3088, 3570.0
938, 74.775196, 659.624444, 39.448287, 0.071378, 3079, 2322.0
939, 71.008274, 662.417600, 37.919767, 0.022855, 3100, 2318.0
940, 73.248303, 661.075016, 35.491676, 0.024485, 3086, 2412.0
941, 72.395880, 659.852484, 39.203298, 0.080099, 3090, 2761.0
942, 70.377388, 661.687648, 41.646782, 0.110126, 3101, 2331.0
943, 70.329096, 662.566575, 32.626633, 0.035451, 3104, 2334.0
944, 70.437194, 660.908160, 39.130733, 0.072148, 3095, 2319.0
945, 71.995939, 661.091959, 38.120066, 0.033705, 3095, 2504.0
946, 68.559566, 661.893468, 41.245631, 0.095158, 3100, 2861.0
947, 70.386514, 663.662043, 35.851554, 0.108234, 3108, 2348.0
948, 73.190856, 659.483696, 38.021211, 0.060685, 3079, 2321.0
949, 67.154960, 662.831044, 40.497548, 0.104211, 3094, 2338.0
950, 69.495415, 660.939055, 42.303091, 0.120216, 3088, 2322.0
951, 70.047264, 662.088545, 40.439660, 0.040500, 3101, 3171.0
952, 71.360889, 662.086259, 39.043903, 0.044575, 3096, 2330.0
953, 69.868368, 658.797811, 40.987101, 0.084221, 3095, 2338.0
954, 69.441745, 662.618652, 42.926375, 0.097128, 3095, 2355.0
955, 69.419763, 663.149688, 38.396556, 0.066135, 3102, 2343.0
956, 70.217928, 662.009580, 41.220434, 0.091256, 3094, 2380.0
957, 71.124779, 658.313980, 46.284850, 0.064257, 3087, 3104.0
958, 74.038900, 659.551077, 35.190468, 0.031275, 3093, 2452.0
959, 69.091789, 663.067760, 42.126602, 0.073599, 3101, 2322.0
960, 67.950917, 661.770281, 41.893756, 0.092307, 3095, 2330.0
961, 67.122892, 660.552470, 44.220282, 0.106200, 3098, 2329.0
962, 74.452948, 658.209643, 37.514341, 0.076917, 3081, 3532.0
963, 70.001040, 660.560123, 45.830455, 0.050598, 3109, 3599.0
964, 70.547250, 661.974307, 40.297322, 0.081794, 3094, 3078.0
965, 73.316631, 659.211763, 37.890491, 0.037719, 3088, 2308.0
966, 70.737013, 663.310137, 39.565637, 0.048305, 3100, 3173.0
967, 67.362140, 659.794102, 46.823721, 0.216249, 3101, 2322.0
968, 70.750722, 661.965625, 38.468807, 0.078685, 3099, 2324.0
969, 74.762247, 659.359393, 36.230094, 0.024484, 3095, 2324.0
970, 73.654870, 658.687462, 36.873959, 0.057911, 3087, 2308.0
971, 71.164416, 660.925077, 43.419493, 0.073927, 3095, 2885.0
972, 71.597788, 660.403610, 37.028238, 0.033629, 3088, 2344.0
973, 70.368326, 663.093278, 36.509884, 0.052381, 3092, 2327.0
974, 71.019438, 661.006949, 40.073229, 0.096681, 3093, 2378.0
975, 68.499206, 660.191993, 44.032447, 0.154716, 3098, 3800.0
976, 70.081355, 659.965621, 42.006270, 0.060415, 3101, 3722.0
977, 71.440119, 661.282100, 44.109138, 0.103955, 3105, 3588.0
978, 70.217611, 660.898771, 42.062924, 0.047554, 3101, 2709.0
979, 71.306199, 660.263623, 41.753321, 0.076146, 3097, 2324.0
980, 67.089480, 661.293031, 44.404527, 0.131054, 3095, 2329.0
981, 70.822216, 660.971171, 40.818169, 0.097494, 3100, 2325.0
982, 68.236639, 662.852217, 44.021549, 0.120715, 3102, 3106.0
983, 69.556367, 662.128168, 40.430998, 0.054187, 3103, 2426.0
984, 67.403324, 658.778221, 47.608014, 0.126325, 3102, 2348.0
985, 67.936687, 660.473169, 44.819259, 0.084898, 3104, 2332.0
986, 69.689845, 662.130815, 39.409199, 0.053180, 3096, 2351.0
987, 68.161364, 660.473139, 46.286632, 0.164588, 3100, 2589.0
988, 68.810473, 661.492033, 40.707877, 0.066925, 3102, 2620.0
989, 69.641125, 663.409820, 38.990112, 0.078081, 3089, 2326.0
990, 68.001248, 659.568489, 44.205733, 0.128550, 3100, 2589.0
991, 69.385325, 660.731752, 46.473913, 0.085626, 3102, 2530.0
992, 73.051628, 660.399427, 38.531743, 0.057813, 3098, 2520.0
993, 70.553117, 662.970436, 38.590832, 0.093650, 3098, 2344.0
994, 71.124833, 661.105361, 40.141718, 0.116783, 3094, 2329.0
995, 70.334026, 660.278242, 38.283508, 0.049066, 3097, 2346.0
996, 74.475586, 661.893303, 32.488287, 0.065461, 3098, 2342.0
997, 73.078961, 661.157613, 38.919231, 0.071131, 3085, 2331.0
998, 67.307510, 663.725752, 39.840273, 0.097725, 3100, 2352.0
999, 67.728946, 661.717738, 44.186853, 0.049565, 3098, 2346.0
