#idx, x0, x1, x2, y, f_neval, total_time (us), 
0, 71.666667, 670.000000, 30.000000, 194.306585, 487, 72580.0
1, 73.888889, 662.143258, 30.000000, 221.481699, 486, 72615.0
2, 73.888889, 662.143258, 30.000000, 215.316420, 483, 72798.0
3, 70.925926, 662.143258, 30.000000, 219.240547, 491, 72946.0
4, 73.888889, 662.143258, 30.000000, 232.772120, 483, 71685.0
5, 73.888889, 662.143258, 30.000000, 230.014382, 487, 72327.0
6, 73.888889, 662.143258, 30.000000, 217.995231, 485, 72102.0
7, 73.888889, 662.143258, 30.000000, 224.832204, 481, 71362.0
8, 71.666667, 670.000000, 30.000000, 219.424546, 486, 71842.0
9, 73.888889, 662.143258, 30.000000, 234.359401, 485, 72030.0
10, 78.333333, 667.642977, 34.082483, 247.798140, 469, 69719.0
11, 73.888889, 662.143258, 30.000000, 211.121985, 485, 72480.0
12, 73.888889, 662.143258, 30.000000, 205.571683, 479, 71355.0
13, 71.666667, 670.000000, 30.000000, 247.201692, 487, 72058.0
14, 73.888889, 662.143258, 30.000000, 229.982578, 484, 71561.0
15, 70.925926, 662.143258, 30.000000, 190.984987, 490, 72702.0
16, 70.925926, 662.143258, 30.000000, 190.563799, 489, 72684.0
17, 71.666667, 670.000000, 30.000000, 208.330243, 485, 71758.0
18, 70.925926, 662.143258, 30.000000, 221.397180, 490, 72973.0
19, 73.888889, 662.143258, 30.000000, 248.650017, 478, 70960.0
20, 73.888889, 662.143258, 30.000000, 221.483133, 480, 71000.0
21, 71.666667, 670.000000, 30.000000, 201.701745, 485, 71831.0
22, 70.925926, 662.143258, 30.000000, 201.422903, 493, 73233.0
23, 73.888889, 662.143258, 30.000000, 236.161626, 480, 70910.0
24, 73.888889, 662.143258, 30.000000, 231.970277, 486, 71981.0
25, 73.888889, 662.143258, 30.000000, 221.299571, 486, 72382.0
26, 73.888889, 662.143258, 30.000000, 239.516949, 478, 70620.0
27, 71.666667, 670.000000, 30.000000, 201.538100, 491, 72672.0
28, 73.888889, 662.143258, 30.000000, 205.942618, 482, 71843.0
29, 71.666667, 670.000000, 30.000000, 212.522635, 484, 71667.0
30, 70.925926, 662.143258, 30.000000, 191.887382, 489, 72832.0
31, 70.925926, 662.143258, 30.000000, 216.754564, 484, 72170.0
32, 70.925926, 662.143258, 30.000000, 199.278280, 488, 72387.0
33, 73.888889, 662.143258, 30.000000, 199.753030, 485, 72041.0
34, 70.925926, 662.143258, 30.000000, 196.923678, 489, 72315.0
35, 73.888889, 662.143258, 30.000000, 228.168729, 479, 70868.0
36, 73.888889, 662.143258, 30.000000, 212.079824, 488, 72209.0
37, 70.925926, 662.143258, 30.000000, 195.505067, 488, 72392.0
38, 71.666667, 670.000000, 30.000000, 223.603498, 490, 72749.0
39, 70.925926, 662.143258, 30.000000, 186.531187, 486, 72197.0
40, 73.888889, 662.143258, 30.000000, 209.138833, 485, 72054.0
41, 73.888889, 662.143258, 30.000000, 197.696847, 487, 72236.0
42, 70.925926, 662.143258, 30.000000, 206.899659, 482, 71858.0
43, 73.888889, 662.143258, 30.000000, 222.616476, 482, 71388.0
44, 73.888889, 662.143258, 30.000000, 191.592356, 483, 71678.0
45, 70.925926, 662.143258, 30.000000, 210.769914, 482, 71570.0
46, 70.925926, 662.143258, 30.000000, 212.937728, 493, 72900.0
47, 73.888889, 662.143258, 30.000000, 210.767292, 485, 71661.0
48, 70.925926, 662.143258, 30.000000, 202.437500, 486, 72344.0
49, 73.888889, 662.143258, 30.000000, 200.615950, 485, 72156.0
50, 73.888889, 662.143258, 30.000000, 195.739415, 486, 72635.0
51, 73.888889, 662.143258, 30.000000, 214.893313, 486, 72246.0
52, 67.222222, 670.000000, 30.000000, 183.417022, 482, 71652.0
53, 71.666667, 670.000000, 30.000000, 240.140898, 479, 80313.0
54, 73.888889, 662.143258, 30.000000, 224.909471, 483, 73361.0
55, 70.925926, 662.143258, 30.000000, 185.715653, 490, 83418.0
56, 73.888889, 662.143258, 30.000000, 214.045288, 488, 72359.0
57, 70.925926, 662.143258, 30.000000, 189.635492, 486, 72191.0
58, 70.925926, 662.143258, 30.000000, 202.071944, 488, 72500.0
59, 70.925926, 662.143258, 30.000000, 190.263849, 491, 73016.0
60, 71.666667, 670.000000, 30.000000, 206.511546, 485, 71747.0
61, 70.925926, 662.143258, 30.000000, 170.594687, 488, 72255.0
62, 70.925926, 662.143258, 30.000000, 179.147340, 492, 73078.0
63, 70.925926, 662.143258, 30.000000, 194.172240, 488, 72211.0
64, 73.888889, 662.143258, 30.000000, 209.799672, 487, 72533.0
65, 70.925926, 662.143258, 30.000000, 200.542097, 491, 73012.0
66, 70.925926, 662.143258, 30.000000, 189.414622, 481, 71322.0
67, 71.666667, 670.000000, 30.000000, 227.002566, 481, 71252.0
68, 67.222222, 670.000000, 30.000000, 210.950563, 484, 71895.0
69, 70.925926, 662.143258, 30.000000, 224.952182, 482, 71316.0
70, 67.222222, 670.000000, 30.000000, 181.393809, 490, 72834.0
71, 70.925926, 662.143258, 30.000000, 206.566896, 489, 74535.0
72, 73.888889, 662.143258, 30.000000, 219.417306, 482, 71386.0
73, 67.222222, 670.000000, 30.000000, 217.705520, 475, 70883.0
74, 70.925926, 662.143258, 30.000000, 188.839028, 490, 72347.0
75, 70.925926, 662.143258, 30.000000, 202.235472, 487, 72102.0
76, 67.222222, 670.000000, 30.000000, 200.705894, 488, 72401.0
77, 70.925926, 662.143258, 30.000000, 187.406752, 488, 72566.0
78, 70.925926, 662.143258, 30.000000, 195.056215, 490, 72544.0
79, 71.666667, 670.000000, 30.000000, 227.359791, 480, 71061.0
80, 67.222222, 670.000000, 30.000000, 189.397927, 486, 71985.0
81, 67.222222, 670.000000, 30.000000, 180.741745, 487, 71976.0
82, 70.925926, 662.143258, 30.000000, 172.967676, 492, 72746.0
83, 71.666667, 670.000000, 30.000000, 204.546723, 483, 71456.0
84, 70.925926, 662.143258, 30.000000, 198.378036, 486, 71892.0
85, 71.666667, 670.000000, 30.000000, 222.022641, 490, 72310.0
86, 67.222222, 670.000000, 30.000000, 193.389406, 493, 72950.0
87, 67.222222, 670.000000, 30.000000, 186.918415, 487, 72185.0
88, 67.222222, 670.000000, 30.000000, 190.869791, 487, 72248.0
89, 70.925926, 662.143258, 30.000000, 170.415360, 489, 72245.0
90, 71.666667, 670.000000, 30.000000, 227.083061, 483, 71508.0
91, 70.925926, 662.143258, 30.000000, 196.662848, 484, 71260.0
92, 67.222222, 670.000000, 30.000000, 207.856638, 485, 72070.0
93, 67.222222, 670.000000, 30.000000, 214.523301, 484, 71555.0
94, 70.925926, 662.143258, 30.000000, 185.359873, 490, 72396.0
95, 70.925926, 662.143258, 30.000000, 185.990971, 485, 71496.0
96, 70.925926, 662.143258, 30.000000, 185.124332, 489, 72096.0
97, 70.925926, 662.143258, 30.000000, 187.550429, 489, 72496.0
98, 70.925926, 662.143258, 30.000000, 178.722863, 487, 72192.0
99, 70.925926, 662.143258, 30.000000, 196.785598, 489, 71835.0
100, 67.222222, 670.000000, 30.000000, 199.686399, 485, 72179.0
101, 70.925926, 662.143258, 30.000000, 216.905923, 483, 72000.0
102, 67.222222, 670.000000, 30.000000, 183.531565, 488, 72488.0
103, 70.925926, 662.143258, 30.000000, 195.007392, 477, 71238.0
104, 70.925926, 662.143258, 30.000000, 193.189462, 490, 72813.0
105, 67.222222, 670.000000, 30.000000, 204.654425, 486, 72252.0
106, 71.666667, 670.000000, 30.000000, 211.270433, 483, 71980.0
107, 73.888889, 662.143258, 30.000000, 204.614305, 485, 72252.0
108, 67.222222, 670.000000, 30.000000, 205.220321, 488, 72164.0
109, 70.925926, 662.143258, 30.000000, 192.997040, 490, 72754.0
110, 70.925926, 662.143258, 30.000000, 192.718573, 494, 73117.0
111, 70.925926, 662.143258, 30.000000, 199.449381, 488, 72005.0
112, 70.925926, 662.143258, 30.000000, 204.552210, 481, 73052.0
113, 70.925926, 662.143258, 30.000000, 178.467708, 489, 72499.0
114, 71.666667, 670.000000, 30.000000, 214.119852, 487, 77038.0
115, 67.222222, 670.000000, 30.000000, 195.725106, 485, 74884.0
116, 71.666667, 670.000000, 30.000000, 238.077365, 488, 72562.0
117, 70.925926, 662.143258, 30.000000, 230.543841, 491, 72654.0
118, 67.222222, 670.000000, 30.000000, 212.723215, 485, 72170.0
119, 67.222222, 670.000000, 30.000000, 177.751661, 482, 71675.0
120, 67.222222, 670.000000, 30.000000, 183.184764, 484, 71716.0
121, 67.222222, 670.000000, 30.000000, 195.102313, 486, 72109.0
122, 73.888889, 662.143258, 30.000000, 223.351314, 482, 71346.0
123, 70.925926, 662.143258, 30.000000, 193.306931, 491, 72814.0
124, 70.925926, 662.143258, 30.000000, 175.547919, 486, 71890.0
125, 70.925926, 662.143258, 30.000000, 203.990963, 485, 71876.0
126, 70.925926, 662.143258, 30.000000, 202.723172, 479, 78499.0
127, 67.222222, 670.000000, 30.000000, 196.394118, 486, 72227.0
128, 73.888889, 662.143258, 30.000000, 211.829450, 482, 71737.0
129, 70.925926, 662.143258, 30.000000, 197.593015, 485, 71839.0
130, 70.925926, 662.143258, 30.000000, 190.041405, 495, 73324.0
131, 73.888889, 662.143258, 30.000000, 223.741561, 480, 70615.0
132, 73.888889, 662.143258, 30.000000, 212.438525, 485, 71185.0
133, 67.222222, 670.000000, 30.000000, 173.614627, 489, 72055.0
134, 70.925926, 662.143258, 30.000000, 211.656993, 492, 72285.0
135, 71.666667, 670.000000, 30.000000, 229.999259, 487, 71438.0
136, 71.666667, 670.000000, 30.000000, 218.751217, 481, 71019.0
137, 70.925926, 662.143258, 30.000000, 192.855221, 491, 72680.0
138, 70.925926, 662.143258, 30.000000, 182.911956, 489, 72513.0
139, 71.666667, 670.000000, 30.000000, 220.139097, 483, 71284.0
140, 67.222222, 670.000000, 30.000000, 198.383719, 491, 72536.0
141, 73.888889, 662.143258, 30.000000, 200.222942, 484, 71498.0
142, 73.888889, 662.143258, 30.000000, 203.906347, 485, 71877.0
143, 70.925926, 662.143258, 30.000000, 192.244996, 490, 72614.0
144, 73.888889, 662.143258, 30.000000, 219.381730, 484, 71458.0
145, 67.222222, 670.000000, 30.000000, 201.962919, 489, 72459.0
146, 70.925926, 662.143258, 30.000000, 184.274422, 495, 72845.0
147, 73.888889, 662.143258, 30.000000, 232.250176, 485, 71768.0
148, 70.925926, 662.143258, 30.000000, 194.473854, 490, 72548.0
149, 73.888889, 662.143258, 30.000000, 221.951208, 482, 71391.0
150, 67.222222, 670.000000, 30.000000, 216.622175, 484, 71888.0
151, 73.888889, 662.143258, 30.000000, 230.459683, 483, 71522.0
152, 73.888889, 662.143258, 30.000000, 220.514907, 485, 71608.0
153, 71.666667, 670.000000, 30.000000, 207.879942, 489, 72513.0
154, 70.925926, 662.143258, 30.000000, 177.575512, 492, 72712.0
155, 70.925926, 662.143258, 30.000000, 190.006131, 487, 72435.0
156, 67.222222, 670.000000, 30.000000, 203.672118, 483, 71835.0
157, 70.925926, 662.143258, 30.000000, 208.189869, 484, 71877.0
158, 73.888889, 662.143258, 30.000000, 229.332037, 485, 76314.0
159, 70.925926, 662.143258, 30.000000, 183.546939, 487, 72490.0
160, 73.888889, 662.143258, 30.000000, 210.226175, 487, 72158.0
161, 73.888889, 662.143258, 30.000000, 229.372989, 487, 74936.0
162, 73.888889, 662.143258, 30.000000, 202.434293, 484, 72544.0
163, 73.888889, 662.143258, 30.000000, 217.698332, 484, 71995.0
164, 70.925926, 662.143258, 30.000000, 198.459520, 488, 72149.0
165, 73.888889, 662.143258, 30.000000, 195.879157, 485, 83011.0
166, 70.925926, 662.143258, 30.000000, 188.054037, 493, 73346.0
167, 73.888889, 662.143258, 30.000000, 214.127010, 483, 71656.0
168, 70.925926, 662.143258, 30.000000, 198.511712, 489, 72749.0
169, 67.222222, 670.000000, 30.000000, 200.465059, 486, 72053.0
170, 71.666667, 670.000000, 30.000000, 205.072732, 488, 72220.0
171, 70.925926, 662.143258, 30.000000, 190.393208, 486, 71693.0
172, 70.925926, 662.143258, 30.000000, 208.236193, 483, 71022.0
173, 73.888889, 662.143258, 30.000000, 192.584334, 481, 72211.0
174, 70.925926, 662.143258, 30.000000, 200.892980, 485, 72037.0
175, 71.666667, 670.000000, 30.000000, 216.799730, 478, 71105.0
176, 71.666667, 670.000000, 30.000000, 216.185931, 477, 71079.0
177, 73.888889, 662.143258, 30.000000, 211.913074, 481, 71115.0
178, 67.222222, 670.000000, 30.000000, 193.189331, 487, 72009.0
179, 70.925926, 662.143258, 30.000000, 201.099508, 489, 72780.0
180, 70.925926, 662.143258, 30.000000, 210.440262, 494, 73962.0
181, 70.925926, 662.143258, 30.000000, 169.062954, 491, 72982.0
182, 70.925926, 662.143258, 30.000000, 202.284236, 486, 72470.0
183, 67.222222, 670.000000, 30.000000, 188.753400, 482, 71970.0
184, 71.666667, 670.000000, 30.000000, 226.517503, 485, 71658.0
185, 73.888889, 662.143258, 30.000000, 186.076314, 484, 72005.0
186, 67.222222, 670.000000, 30.000000, 198.004920, 489, 72556.0
187, 70.925926, 662.143258, 30.000000, 198.876560, 484, 73571.0
188, 70.925926, 662.143258, 30.000000, 207.263478, 488, 72684.0
189, 67.222222, 670.000000, 30.000000, 203.139281, 490, 72662.0
190, 70.925926, 662.143258, 30.000000, 188.478030, 489, 72557.0
191, 70.925926, 662.143258, 30.000000, 189.588037, 495, 73523.0
192, 73.888889, 662.143258, 30.000000, 210.004648, 485, 71898.0
193, 73.888889, 662.143258, 30.000000, 226.080977, 479, 71318.0
194, 73.888889, 662.143258, 30.000000, 202.345777, 484, 71780.0
195, 73.888889, 662.143258, 30.000000, 211.554169, 479, 71178.0
196, 73.888889, 662.143258, 30.000000, 200.246399, 478, 70934.0
197, 70.925926, 662.143258, 30.000000, 180.386443, 489, 72337.0
198, 70.925926, 662.143258, 30.000000, 171.268051, 492, 72953.0
199, 71.666667, 670.000000, 30.000000, 207.818009, 487, 91231.0
200, 73.888889, 662.143258, 30.000000, 196.926682, 485, 72022.0
201, 73.888889, 662.143258, 30.000000, 201.261333, 482, 71417.0
202, 70.925926, 662.143258, 30.000000, 192.571941, 488, 72342.0
203, 73.888889, 662.143258, 30.000000, 201.218451, 484, 71651.0
204, 73.888889, 662.143258, 30.000000, 223.915499, 483, 71561.0
205, 70.925926, 662.143258, 30.000000, 200.032431, 490, 72365.0
206, 73.888889, 662.143258, 30.000000, 215.477097, 487, 71946.0
207, 70.925926, 662.143258, 30.000000, 204.203388, 490, 72613.0
208, 73.888889, 662.143258, 30.000000, 214.188155, 485, 71802.0
209, 73.888889, 662.143258, 30.000000, 218.517109, 483, 71150.0
210, 73.888889, 662.143258, 30.000000, 255.341962, 478, 70926.0
211, 71.666667, 670.000000, 30.000000, 203.008713, 484, 71839.0
212, 71.666667, 670.000000, 30.000000, 233.701990, 486, 71682.0
213, 73.888889, 662.143258, 30.000000, 257.929828, 481, 71055.0
214, 73.888889, 662.143258, 30.000000, 232.649808, 481, 71380.0
215, 73.888889, 662.143258, 30.000000, 213.985564, 488, 72511.0
216, 70.925926, 662.143258, 30.000000, 200.739698, 489, 72454.0
217, 70.925926, 662.143258, 30.000000, 192.832063, 492, 72765.0
218, 70.925926, 662.143258, 30.000000, 201.973644, 489, 72607.0
219, 73.888889, 662.143258, 30.000000, 268.252718, 477, 70818.0
220, 73.888889, 662.143258, 30.000000, 214.797287, 485, 72023.0
221, 73.888889, 662.143258, 30.000000, 229.244868, 481, 71083.0
222, 73.888889, 662.143258, 30.000000, 219.828288, 486, 72066.0
223, 71.666667, 670.000000, 30.000000, 203.877182, 487, 72265.0
224, 70.925926, 662.143258, 30.000000, 197.618107, 486, 71979.0
225, 73.888889, 662.143258, 30.000000, 199.095801, 482, 71578.0
226, 70.925926, 662.143258, 30.000000, 177.724335, 487, 72104.0
227, 70.925926, 662.143258, 30.000000, 213.486690, 483, 71615.0
228, 71.666667, 670.000000, 30.000000, 205.516879, 483, 71621.0
229, 73.888889, 662.143258, 30.000000, 208.869351, 487, 71902.0
230, 70.925926, 662.143258, 30.000000, 211.979706, 488, 72267.0
231, 78.333333, 667.642977, 34.082483, 245.087855, 472, 69885.0
232, 73.888889, 662.143258, 30.000000, 201.996168, 487, 81739.0
233, 73.888889, 662.143258, 30.000000, 184.847375, 486, 73614.0
234, 70.925926, 662.143258, 30.000000, 201.864509, 491, 72954.0
235, 73.888889, 662.143258, 30.000000, 202.425443, 482, 70902.0
236, 70.925926, 662.143258, 30.000000, 195.182595, 481, 71141.0
237, 70.925926, 662.143258, 30.000000, 202.840779, 496, 73675.0
238, 70.925926, 662.143258, 30.000000, 199.570114, 484, 71855.0
239, 73.888889, 662.143258, 30.000000, 190.744686, 483, 71679.0
240, 70.925926, 662.143258, 30.000000, 204.892954, 488, 72338.0
241, 70.925926, 662.143258, 30.000000, 195.477396, 491, 72675.0
242, 70.925926, 662.143258, 30.000000, 184.786741, 490, 72717.0
243, 73.888889, 662.143258, 30.000000, 217.397685, 486, 72209.0
244, 70.925926, 662.143258, 30.000000, 191.720936, 492, 72982.0
245, 67.222222, 670.000000, 30.000000, 191.084699, 487, 72443.0
246, 70.925926, 662.143258, 30.000000, 186.531718, 493, 72693.0
247, 70.925926, 662.143258, 30.000000, 189.850178, 488, 71726.0
248, 71.666667, 670.000000, 30.000000, 238.752147, 478, 70106.0
249, 71.666667, 670.000000, 30.000000, 198.618165, 489, 71785.0
250, 73.888889, 662.143258, 30.000000, 190.179271, 485, 71001.0
251, 70.925926, 662.143258, 30.000000, 239.636031, 484, 71051.0
252, 71.666667, 670.000000, 30.000000, 221.425568, 487, 71379.0
253, 70.925926, 662.143258, 30.000000, 202.218248, 496, 73016.0
254, 70.925926, 662.143258, 30.000000, 200.247584, 493, 72549.0
255, 70.925926, 662.143258, 30.000000, 213.387025, 482, 71504.0
256, 71.666667, 670.000000, 30.000000, 228.000419, 481, 71603.0
257, 73.888889, 662.143258, 30.000000, 208.991348, 478, 70720.0
258, 70.925926, 662.143258, 30.000000, 185.750810, 488, 72562.0
259, 70.925926, 662.143258, 30.000000, 201.257557, 481, 71249.0
260, 70.925926, 662.143258, 30.000000, 199.721541, 489, 73052.0
261, 71.666667, 670.000000, 30.000000, 248.238717, 485, 72441.0
262, 73.888889, 662.143258, 30.000000, 186.167494, 484, 72167.0
263, 70.925926, 662.143258, 30.000000, 192.712069, 486, 72116.0
264, 70.925926, 662.143258, 30.000000, 175.172100, 488, 72108.0
265, 67.222222, 670.000000, 30.000000, 211.060039, 485, 71938.0
266, 70.925926, 662.143258, 30.000000, 209.394075, 486, 71863.0
267, 70.925926, 662.143258, 30.000000, 218.390524, 484, 71638.0
268, 73.888889, 662.143258, 30.000000, 269.154155, 477, 70739.0
269, 70.925926, 662.143258, 30.000000, 191.027316, 490, 72531.0
270, 71.666667, 670.000000, 30.000000, 228.546442, 485, 71632.0
271, 73.888889, 662.143258, 30.000000, 234.314669, 483, 71260.0
272, 70.925926, 662.143258, 30.000000, 194.174830, 489, 72406.0
273, 70.925926, 662.143258, 30.000000, 205.325078, 488, 72306.0
274, 70.925926, 662.143258, 30.000000, 194.606457, 485, 71994.0
275, 71.666667, 670.000000, 30.000000, 211.445873, 489, 72241.0
276, 70.925926, 662.143258, 30.000000, 204.360552, 489, 72295.0
277, 71.666667, 670.000000, 30.000000, 203.712142, 485, 71802.0
278, 73.888889, 662.143258, 30.000000, 210.029065, 481, 70982.0
279, 70.925926, 662.143258, 30.000000, 186.863324, 484, 71674.0
280, 73.888889, 662.143258, 30.000000, 243.505140, 482, 70611.0
281, 73.888889, 662.143258, 30.000000, 204.812507, 486, 72157.0
282, 70.925926, 662.143258, 30.000000, 181.684103, 491, 72767.0
283, 71.666667, 670.000000, 30.000000, 231.215912, 482, 95151.0
284, 71.666667, 670.000000, 30.000000, 219.588591, 481, 72732.0
285, 73.888889, 662.143258, 30.000000, 215.176631, 482, 72234.0
286, 70.925926, 662.143258, 30.000000, 206.397500, 489, 72437.0
287, 70.925926, 662.143258, 30.000000, 201.380227, 481, 71439.0
288, 70.925926, 662.143258, 30.000000, 203.683089, 486, 72352.0
289, 70.925926, 662.143258, 30.000000, 183.213328, 486, 72579.0
290, 73.888889, 662.143258, 30.000000, 211.314266, 485, 78320.0
291, 73.888889, 662.143258, 30.000000, 197.852520, 484, 76293.0
292, 73.888889, 662.143258, 30.000000, 203.986708, 489, 73225.0
293, 70.925926, 662.143258, 30.000000, 197.347783, 494, 74500.0
294, 73.888889, 662.143258, 30.000000, 211.049289, 486, 72768.0
295, 70.925926, 662.143258, 30.000000, 192.693876, 492, 73051.0
296, 70.925926, 662.143258, 30.000000, 186.107303, 491, 73101.0
297, 71.666667, 670.000000, 30.000000, 239.350420, 487, 72717.0
298, 70.925926, 662.143258, 30.000000, 208.290240, 492, 73161.0
299, 71.666667, 670.000000, 30.000000, 220.569307, 484, 72153.0
300, 71.666667, 670.000000, 30.000000, 185.281868, 482, 71620.0
301, 71.666667, 670.000000, 30.000000, 184.092279, 490, 72673.0
302, 70.925926, 662.143258, 30.000000, 183.219791, 488, 72779.0
303, 70.925926, 662.143258, 30.000000, 205.489028, 485, 71885.0
304, 70.925926, 662.143258, 30.000000, 225.304238, 485, 71753.0
305, 70.925926, 662.143258, 30.000000, 173.209725, 495, 72769.0
306, 70.925926, 662.143258, 30.000000, 193.133992, 489, 72771.0
307, 73.888889, 662.143258, 30.000000, 213.738654, 486, 72274.0
308, 70.925926, 662.143258, 30.000000, 194.581412, 487, 72742.0
309, 70.925926, 662.143258, 30.000000, 185.619631, 490, 78557.0
310, 73.888889, 662.143258, 30.000000, 195.981966, 488, 72398.0
311, 73.888889, 662.143258, 30.000000, 230.346336, 480, 71187.0
312, 73.888889, 662.143258, 30.000000, 228.820396, 486, 72226.0
313, 70.925926, 662.143258, 30.000000, 214.064251, 488, 72002.0
314, 71.666667, 670.000000, 30.000000, 213.825180, 485, 71446.0
315, 73.888889, 662.143258, 30.000000, 204.234495, 484, 71553.0
316, 73.888889, 662.143258, 30.000000, 236.815191, 478, 70766.0
317, 73.888889, 662.143258, 30.000000, 235.339928, 480, 71090.0
318, 71.666667, 670.000000, 30.000000, 236.749730, 486, 72001.0
319, 70.925926, 662.143258, 30.000000, 212.293312, 487, 72124.0
320, 71.666667, 670.000000, 30.000000, 239.573490, 480, 71284.0
321, 71.666667, 670.000000, 30.000000, 191.019593, 487, 72245.0
322, 73.888889, 662.143258, 30.000000, 196.209503, 484, 71921.0
323, 71.666667, 670.000000, 30.000000, 269.236836, 474, 70134.0
324, 73.888889, 662.143258, 30.000000, 232.971531, 484, 71460.0
325, 70.925926, 662.143258, 30.000000, 220.545971, 489, 72520.0
326, 73.888889, 662.143258, 30.000000, 241.786209, 479, 70693.0
327, 71.666667, 670.000000, 30.000000, 246.216197, 480, 70857.0
328, 70.925926, 662.143258, 30.000000, 196.401814, 490, 72537.0
329, 70.925926, 662.143258, 30.000000, 215.785289, 490, 72529.0
330, 71.666667, 670.000000, 30.000000, 215.854481, 491, 73650.0
331, 71.666667, 670.000000, 30.000000, 210.519945, 487, 72493.0
332, 70.925926, 662.143258, 30.000000, 188.091683, 487, 72198.0
333, 70.925926, 662.143258, 30.000000, 202.494192, 489, 72557.0
334, 70.925926, 662.143258, 30.000000, 201.037220, 483, 72049.0
335, 70.925926, 662.143258, 30.000000, 194.406112, 489, 72508.0
336, 70.925926, 662.143258, 30.000000, 199.939095, 484, 72233.0
337, 70.925926, 662.143258, 30.000000, 188.989698, 486, 72686.0
338, 73.888889, 662.143258, 30.000000, 204.642452, 486, 72490.0
339, 73.888889, 662.143258, 30.000000, 198.983572, 482, 71720.0
340, 71.666667, 670.000000, 30.000000, 233.460419, 480, 71334.0
341, 67.222222, 670.000000, 30.000000, 196.846523, 488, 72700.0
342, 70.925926, 662.143258, 30.000000, 197.221214, 486, 71734.0
343, 71.666667, 670.000000, 30.000000, 213.283350, 482, 71239.0
344, 71.666667, 670.000000, 30.000000, 212.123832, 482, 71655.0
345, 71.666667, 670.000000, 30.000000, 210.344642, 484, 71962.0
346, 70.925926, 662.143258, 30.000000, 196.915838, 488, 72322.0
347, 73.888889, 662.143258, 30.000000, 197.363738, 485, 71589.0
348, 71.666667, 670.000000, 30.000000, 218.079787, 487, 80626.0
349, 70.925926, 662.143258, 30.000000, 179.179805, 490, 72484.0
350, 73.888889, 662.143258, 30.000000, 221.146016, 484, 71897.0
351, 73.888889, 662.143258, 30.000000, 202.798458, 480, 71234.0
352, 70.925926, 662.143258, 30.000000, 190.928947, 487, 72248.0
353, 70.925926, 662.143258, 30.000000, 214.053496, 478, 70805.0
354, 70.925926, 662.143258, 30.000000, 199.354871, 497, 73339.0
355, 70.925926, 662.143258, 30.000000, 191.101840, 486, 71916.0
356, 70.925926, 662.143258, 30.000000, 192.116223, 489, 72236.0
357, 70.925926, 662.143258, 30.000000, 185.453762, 486, 72262.0
358, 67.222222, 670.000000, 30.000000, 190.996794, 486, 72254.0
359, 73.888889, 662.143258, 30.000000, 204.099208, 481, 71147.0
360, 70.925926, 662.143258, 30.000000, 212.679958, 480, 71239.0
361, 70.925926, 662.143258, 30.000000, 219.806984, 483, 72920.0
362, 73.888889, 662.143258, 30.000000, 220.496249, 484, 71775.0
363, 71.666667, 670.000000, 30.000000, 235.658745, 484, 71602.0
364, 70.925926, 662.143258, 30.000000, 200.116470, 491, 72346.0
365, 70.925926, 662.143258, 30.000000, 198.367826, 486, 71636.0
366, 70.925926, 662.143258, 30.000000, 176.511339, 494, 72721.0
367, 70.925926, 662.143258, 30.000000, 214.211714, 491, 85381.0
368, 73.888889, 662.143258, 30.000000, 202.019582, 483, 71138.0
369, 70.925926, 662.143258, 30.000000, 213.867967, 490, 72698.0
370, 73.888889, 662.143258, 30.000000, 216.121577, 484, 71493.0
371, 71.666667, 670.000000, 30.000000, 211.932057, 486, 71985.0
372, 70.925926, 662.143258, 30.000000, 198.881146, 488, 71981.0
373, 70.925926, 662.143258, 30.000000, 192.709479, 489, 72170.0
374, 71.666667, 670.000000, 30.000000, 223.434026, 483, 71415.0
375, 73.888889, 662.143258, 30.000000, 236.683295, 479, 70904.0
376, 70.925926, 662.143258, 30.000000, 204.613365, 486, 71952.0
377, 70.925926, 662.143258, 30.000000, 197.297660, 491, 72413.0
378, 73.888889, 662.143258, 30.000000, 227.299637, 484, 71527.0
379, 73.888889, 662.143258, 30.000000, 216.340327, 488, 72006.0
380, 73.888889, 662.143258, 30.000000, 206.365807, 485, 71685.0
381, 70.925926, 662.143258, 30.000000, 231.183830, 480, 71120.0
382, 73.888889, 662.143258, 30.000000, 199.077153, 483, 71473.0
383, 70.925926, 662.143258, 30.000000, 201.798287, 488, 72187.0
384, 73.888889, 662.143258, 30.000000, 202.035869, 483, 71402.0
385, 71.666667, 670.000000, 30.000000, 211.275081, 485, 71642.0
386, 73.888889, 662.143258, 30.000000, 227.468247, 487, 71788.0
387, 73.888889, 662.143258, 30.000000, 223.979928, 476, 70460.0
388, 70.925926, 662.143258, 30.000000, 211.668452, 485, 71476.0
389, 71.666667, 670.000000, 30.000000, 239.969379, 482, 70851.0
390, 70.925926, 665.547846, 36.804138, 228.165630, 473, 69701.0
391, 71.666667, 670.000000, 30.000000, 260.462533, 482, 71223.0
392, 73.888889, 662.143258, 30.000000, 207.331599, 483, 71365.0
393, 73.888889, 662.143258, 30.000000, 236.901446, 485, 71646.0
394, 73.888889, 662.143258, 30.000000, 218.788834, 486, 72037.0
395, 71.666667, 670.000000, 30.000000, 228.816547, 476, 70930.0
396, 73.888889, 662.143258, 30.000000, 227.396757, 477, 70502.0
397, 73.888889, 662.143258, 30.000000, 235.646780, 478, 70671.0
398, 73.888889, 662.143258, 30.000000, 221.112741, 483, 71552.0
399, 73.888889, 662.143258, 30.000000, 232.692572, 481, 70992.0
400, 73.888889, 662.143258, 30.000000, 219.763435, 479, 70787.0
401, 70.925926, 662.143258, 30.000000, 200.831104, 489, 72183.0
402, 71.666667, 670.000000, 30.000000, 213.321520, 483, 71715.0
403, 73.888889, 662.143258, 30.000000, 231.176106, 484, 71400.0
404, 71.666667, 670.000000, 30.000000, 216.083116, 485, 71700.0
405, 71.666667, 670.000000, 30.000000, 223.872123, 484, 71572.0
406, 73.888889, 662.143258, 30.000000, 211.975620, 485, 76821.0
407, 73.888889, 662.143258, 30.000000, 231.295134, 481, 71308.0
408, 73.888889, 662.143258, 30.000000, 203.777469, 484, 71878.0
409, 73.888889, 662.143258, 30.000000, 219.476129, 488, 72169.0
410, 70.925926, 662.143258, 30.000000, 232.171327, 492, 72878.0
411, 73.888889, 662.143258, 30.000000, 223.496148, 482, 85562.0
412, 73.888889, 662.143258, 30.000000, 247.856816, 477, 70555.0
413, 73.888889, 662.143258, 30.000000, 218.810912, 479, 70733.0
414, 71.666667, 670.000000, 30.000000, 240.171275, 481, 71043.0
415, 73.888889, 662.143258, 30.000000, 240.005320, 474, 70478.0
416, 70.925926, 662.143258, 30.000000, 204.813950, 477, 70804.0
417, 73.888889, 662.143258, 30.000000, 222.644189, 483, 77236.0
418, 71.666667, 670.000000, 30.000000, 215.742240, 478, 70629.0
419, 73.888889, 662.143258, 30.000000, 206.884964, 480, 70744.0
420, 70.925926, 662.143258, 30.000000, 212.514451, 487, 72185.0
421, 73.888889, 662.143258, 30.000000, 216.211811, 484, 71464.0
422, 67.222222, 670.000000, 30.000000, 207.865113, 483, 71570.0
423, 73.888889, 662.143258, 30.000000, 229.640911, 486, 72095.0
424, 73.888889, 662.143258, 30.000000, 217.521288, 482, 71582.0
425, 71.666667, 670.000000, 30.000000, 232.549206, 483, 74294.0
426, 73.888889, 662.143258, 30.000000, 208.031610, 482, 71553.0
427, 71.666667, 670.000000, 30.000000, 216.448327, 486, 72033.0
428, 73.888889, 662.143258, 30.000000, 221.846788, 483, 71234.0
429, 71.666667, 670.000000, 30.000000, 249.251490, 482, 81135.0
430, 70.925926, 662.143258, 30.000000, 200.308951, 485, 71902.0
431, 73.888889, 662.143258, 30.000000, 213.424601, 483, 71790.0
432, 73.888889, 662.143258, 30.000000, 198.314587, 485, 71451.0
433, 70.925926, 662.143258, 30.000000, 201.496504, 485, 71894.0
434, 73.888889, 662.143258, 30.000000, 202.200253, 482, 71477.0
435, 70.925926, 662.143258, 30.000000, 201.970541, 487, 71647.0
436, 73.888889, 662.143258, 30.000000, 207.006411, 486, 71723.0
437, 73.888889, 662.143258, 30.000000, 198.322270, 489, 72264.0
438, 71.666667, 670.000000, 30.000000, 192.262255, 486, 72054.0
439, 70.925926, 662.143258, 30.000000, 187.631413, 493, 73292.0
440, 73.888889, 662.143258, 30.000000, 227.099503, 484, 71403.0
441, 73.888889, 662.143258, 30.000000, 207.245481, 486, 71449.0
442, 73.888889, 662.143258, 30.000000, 202.908684, 485, 71900.0
443, 73.888889, 662.143258, 30.000000, 215.377899, 485, 72335.0
444, 70.925926, 662.143258, 30.000000, 199.436657, 482, 71332.0
445, 70.925926, 662.143258, 30.000000, 193.024001, 489, 72385.0
446, 71.666667, 670.000000, 30.000000, 226.166568, 484, 72190.0
447, 73.888889, 662.143258, 30.000000, 221.289242, 483, 71579.0
448, 73.888889, 662.143258, 30.000000, 216.595171, 484, 71892.0
449, 71.666667, 670.000000, 30.000000, 212.519004, 487, 72367.0
450, 73.888889, 662.143258, 30.000000, 225.571899, 485, 71951.0
451, 73.888889, 662.143258, 30.000000, 212.775501, 478, 70480.0
452, 70.925926, 662.143258, 30.000000, 188.464285, 485, 71765.0
453, 70.925926, 662.143258, 30.000000, 197.920812, 489, 71843.0
454, 70.925926, 662.143258, 30.000000, 204.048585, 483, 71574.0
455, 73.888889, 662.143258, 30.000000, 198.916956, 485, 72337.0
456, 73.888889, 662.143258, 30.000000, 217.689780, 483, 71092.0
457, 73.888889, 662.143258, 30.000000, 218.847086, 482, 71028.0
458, 67.222222, 670.000000, 30.000000, 207.975165, 486, 71670.0
459, 71.666667, 670.000000, 30.000000, 204.538938, 487, 72114.0
460, 73.888889, 662.143258, 30.000000, 229.521373, 483, 71017.0
461, 71.666667, 670.000000, 30.000000, 207.356318, 484, 71339.0
462, 70.925926, 662.143258, 30.000000, 189.378293, 482, 71454.0
463, 73.888889, 662.143258, 30.000000, 212.655405, 483, 71030.0
464, 71.666667, 670.000000, 30.000000, 215.475260, 484, 73954.0
465, 73.888889, 662.143258, 30.000000, 225.476231, 479, 71546.0
466, 73.888889, 662.143258, 30.000000, 208.843153, 485, 71978.0
467, 70.925926, 662.143258, 30.000000, 199.564990, 490, 72114.0
468, 70.925926, 662.143258, 30.000000, 186.127239, 491, 72540.0
469, 70.925926, 662.143258, 30.000000, 216.180844, 494, 73004.0
470, 71.666667, 670.000000, 30.000000, 200.392317, 487, 72114.0
471, 73.888889, 662.143258, 30.000000, 198.507357, 483, 71435.0
472, 70.925926, 662.143258, 30.000000, 197.430004, 487, 71906.0
473, 73.888889, 662.143258, 30.000000, 214.528193, 484, 71593.0
474, 70.925926, 662.143258, 30.000000, 187.669795, 491, 72426.0
475, 67.222222, 670.000000, 30.000000, 204.064771, 486, 72007.0
476, 70.925926, 662.143258, 30.000000, 212.688317, 486, 71902.0
477, 70.925926, 662.143258, 30.000000, 211.634595, 490, 72023.0
478, 70.925926, 662.143258, 30.000000, 205.054931, 481, 71269.0
479, 73.888889, 662.143258, 30.000000, 209.584656, 487, 71927.0
480, 70.925926, 662.143258, 30.000000, 203.657620, 484, 71588.0
481, 70.925926, 662.143258, 30.000000, 218.088428, 485, 72229.0
482, 70.925926, 662.143258, 30.000000, 200.369215, 482, 71594.0
483, 70.925926, 662.143258, 30.000000, 208.066626, 486, 72129.0
484, 70.925926, 662.143258, 30.000000, 174.943401, 490, 72884.0
485, 71.666667, 670.000000, 30.000000, 234.260844, 476, 70374.0
486, 70.925926, 662.143258, 30.000000, 178.072676, 492, 72751.0
487, 70.925926, 662.143258, 30.000000, 197.228720, 492, 72559.0
488, 73.888889, 662.143258, 30.000000, 207.534260, 485, 71671.0
489, 71.666667, 670.000000, 30.000000, 193.266231, 481, 71340.0
490, 73.888889, 662.143258, 30.000000, 213.911013, 479, 70896.0
491, 73.888889, 662.143258, 30.000000, 256.290119, 481, 70934.0
492, 73.888889, 662.143258, 30.000000, 223.534640, 485, 71416.0
493, 70.925926, 662.143258, 30.000000, 209.987508, 491, 72646.0
494, 71.666667, 670.000000, 30.000000, 206.399032, 487, 71860.0
495, 73.888889, 662.143258, 30.000000, 224.398650, 484, 71381.0
496, 70.925926, 662.143258, 30.000000, 219.694470, 490, 72536.0
497, 71.666667, 670.000000, 30.000000, 231.708299, 479, 71120.0
498, 73.888889, 662.143258, 30.000000, 227.641641, 478, 70709.0
499, 71.666667, 670.000000, 30.000000, 255.568348, 479, 70404.0
500, 73.888889, 662.143258, 30.000000, 210.661616, 486, 71971.0
501, 70.925926, 662.143258, 30.000000, 198.995752, 489, 72489.0
502, 71.666667, 670.000000, 30.000000, 185.795896, 481, 71172.0
503, 70.925926, 662.143258, 30.000000, 193.277006, 488, 72168.0
504, 71.666667, 670.000000, 30.000000, 243.861371, 484, 71931.0
505, 70.925926, 662.143258, 30.000000, 183.228090, 493, 72999.0
506, 73.888889, 662.143258, 30.000000, 218.440518, 484, 72093.0
507, 71.666667, 670.000000, 30.000000, 210.351584, 484, 72272.0
508, 73.888889, 662.143258, 30.000000, 222.729725, 483, 72222.0
509, 73.888889, 662.143258, 30.000000, 224.350935, 485, 71779.0
510, 67.222222, 670.000000, 30.000000, 184.590171, 495, 72938.0
511, 71.666667, 670.000000, 30.000000, 203.394894, 482, 71497.0
512, 73.888889, 662.143258, 30.000000, 246.882769, 482, 71167.0
513, 73.888889, 662.143258, 30.000000, 216.878840, 481, 70813.0
514, 71.666667, 670.000000, 30.000000, 228.921943, 488, 72137.0
515, 73.888889, 662.143258, 30.000000, 203.576296, 485, 71900.0
516, 73.888889, 662.143258, 30.000000, 244.182002, 481, 71088.0
517, 71.666667, 670.000000, 30.000000, 216.644574, 481, 71522.0
518, 70.925926, 662.143258, 30.000000, 190.146447, 490, 72497.0
519, 67.222222, 670.000000, 30.000000, 194.137624, 487, 72111.0
520, 73.888889, 662.143258, 30.000000, 246.694208, 477, 71157.0
521, 70.925926, 662.143258, 30.000000, 197.091413, 484, 79846.0
522, 70.925926, 662.143258, 30.000000, 209.369104, 487, 72131.0
523, 71.666667, 670.000000, 30.000000, 222.941087, 482, 71749.0
524, 73.888889, 662.143258, 30.000000, 210.825053, 482, 71118.0
525, 73.888889, 662.143258, 30.000000, 225.088881, 484, 71472.0
526, 73.888889, 662.143258, 30.000000, 189.518016, 486, 72204.0
527, 73.888889, 662.143258, 30.000000, 192.587216, 487, 72157.0
528, 70.925926, 662.143258, 30.000000, 196.333931, 488, 72385.0
529, 71.666667, 670.000000, 30.000000, 213.217505, 485, 71875.0
530, 67.222222, 670.000000, 30.000000, 196.648124, 490, 72552.0
531, 73.888889, 662.143258, 30.000000, 248.666640, 485, 72264.0
532, 73.888889, 662.143258, 30.000000, 224.685811, 484, 71402.0
533, 71.666667, 670.000000, 30.000000, 227.689621, 488, 72121.0
534, 70.925926, 662.143258, 30.000000, 178.912742, 488, 72561.0
535, 70.925926, 662.143258, 30.000000, 198.792162, 489, 72648.0
536, 70.925926, 662.143258, 30.000000, 208.288655, 486, 71927.0
537, 71.666667, 670.000000, 30.000000, 209.243952, 482, 71436.0
538, 70.925926, 662.143258, 30.000000, 195.271779, 486, 72066.0
539, 71.666667, 670.000000, 30.000000, 255.357820, 475, 70638.0
540, 70.925926, 662.143258, 30.000000, 192.090214, 491, 72805.0
541, 73.888889, 662.143258, 30.000000, 207.098177, 484, 71395.0
542, 70.925926, 662.143258, 30.000000, 199.467279, 479, 71239.0
543, 71.666667, 670.000000, 30.000000, 237.002728, 476, 70594.0
544, 70.925926, 662.143258, 30.000000, 204.734858, 488, 71917.0
545, 70.925926, 662.143258, 30.000000, 191.184038, 491, 72436.0
546, 70.925926, 662.143258, 30.000000, 225.700190, 483, 71578.0
547, 73.888889, 662.143258, 30.000000, 197.925103, 483, 71328.0
548, 70.925926, 662.143258, 30.000000, 225.599804, 483, 71564.0
549, 71.666667, 670.000000, 30.000000, 204.459271, 486, 72263.0
550, 71.666667, 670.000000, 30.000000, 234.667631, 477, 70891.0
551, 73.888889, 662.143258, 30.000000, 198.448822, 485, 71866.0
552, 70.925926, 662.143258, 30.000000, 204.966948, 483, 71450.0
553, 73.888889, 662.143258, 30.000000, 207.918322, 488, 71875.0
554, 73.888889, 662.143258, 30.000000, 210.142511, 487, 71570.0
555, 71.666667, 670.000000, 30.000000, 206.270347, 485, 71599.0
556, 71.666667, 670.000000, 30.000000, 207.740675, 480, 71206.0
557, 70.925926, 662.143258, 30.000000, 205.571405, 491, 72437.0
558, 73.888889, 662.143258, 30.000000, 234.730962, 486, 71907.0
559, 71.666667, 670.000000, 30.000000, 237.570153, 489, 71591.0
560, 70.925926, 662.143258, 30.000000, 210.969003, 493, 72534.0
561, 71.666667, 670.000000, 30.000000, 205.275535, 486, 71782.0
562, 70.925926, 662.143258, 30.000000, 221.271240, 482, 71687.0
563, 70.925926, 662.143258, 30.000000, 196.708511, 489, 72830.0
564, 73.888889, 662.143258, 30.000000, 243.562694, 480, 70618.0
565, 73.888889, 662.143258, 30.000000, 204.129886, 486, 71626.0
566, 70.925926, 662.143258, 30.000000, 210.015000, 490, 72229.0
567, 70.925926, 662.143258, 30.000000, 187.678652, 488, 72242.0
568, 73.888889, 662.143258, 30.000000, 246.004659, 477, 70350.0
569, 71.666667, 670.000000, 30.000000, 223.827109, 482, 71193.0
570, 73.888889, 662.143258, 30.000000, 186.604473, 486, 71884.0
571, 73.888889, 662.143258, 30.000000, 220.480590, 482, 71105.0
572, 71.666667, 670.000000, 30.000000, 229.488514, 479, 70488.0
573, 70.925926, 662.143258, 30.000000, 179.244752, 488, 72364.0
574, 70.925926, 662.143258, 30.000000, 195.775827, 480, 71150.0
575, 73.888889, 662.143258, 30.000000, 207.010490, 487, 72322.0
576, 73.888889, 662.143258, 30.000000, 248.911324, 475, 70521.0
577, 73.888889, 662.143258, 30.000000, 227.124217, 483, 71498.0
578, 70.925926, 662.143258, 30.000000, 204.073458, 484, 71763.0
579, 73.888889, 662.143258, 30.000000, 209.497245, 485, 71836.0
580, 78.333333, 667.642977, 34.082483, 253.316864, 474, 71025.0
581, 70.925926, 662.143258, 30.000000, 202.037381, 491, 73190.0
582, 73.888889, 662.143258, 30.000000, 239.015975, 474, 70199.0
583, 73.888889, 662.143258, 30.000000, 218.815782, 482, 71425.0
584, 73.888889, 662.143258, 30.000000, 225.726035, 478, 71242.0
585, 70.925926, 662.143258, 30.000000, 186.928522, 485, 72053.0
586, 73.888889, 662.143258, 30.000000, 210.299946, 485, 71806.0
587, 73.888889, 662.143258, 30.000000, 218.371159, 479, 70745.0
588, 71.666667, 670.000000, 30.000000, 220.979000, 487, 72233.0
589, 70.925926, 662.143258, 30.000000, 198.606297, 485, 72210.0
590, 73.888889, 662.143258, 30.000000, 232.758508, 475, 70075.0
591, 70.925926, 662.143258, 30.000000, 215.587672, 484, 73591.0
592, 73.888889, 662.143258, 30.000000, 232.387414, 487, 72712.0
593, 70.925926, 662.143258, 30.000000, 201.696687, 487, 72366.0
594, 71.666667, 670.000000, 30.000000, 222.911517, 482, 71824.0
595, 70.925926, 662.143258, 30.000000, 207.096850, 486, 72419.0
596, 71.666667, 670.000000, 30.000000, 233.060594, 489, 72548.0
597, 70.925926, 662.143258, 30.000000, 180.755201, 484, 71512.0
598, 70.925926, 662.143258, 30.000000, 189.291542, 490, 72506.0
599, 71.666667, 670.000000, 30.000000, 211.867202, 483, 71365.0
600, 73.888889, 662.143258, 30.000000, 211.331681, 484, 71704.0
601, 70.925926, 662.143258, 30.000000, 225.657486, 479, 70849.0
602, 73.888889, 662.143258, 30.000000, 207.460871, 484, 71827.0
603, 67.222222, 670.000000, 30.000000, 188.589641, 491, 72853.0
604, 73.888889, 662.143258, 30.000000, 212.786763, 484, 71506.0
605, 78.333333, 667.642977, 34.082483, 243.717004, 468, 69338.0
606, 70.925926, 662.143258, 30.000000, 196.323703, 485, 71900.0
607, 73.888889, 662.143258, 30.000000, 186.422353, 487, 71960.0
608, 71.666667, 670.000000, 30.000000, 219.435136, 483, 71741.0
609, 73.888889, 662.143258, 30.000000, 222.855083, 487, 71715.0
610, 73.888889, 662.143258, 30.000000, 223.943808, 489, 72368.0
611, 71.666667, 670.000000, 30.000000, 205.031246, 483, 71501.0
612, 73.888889, 662.143258, 30.000000, 253.265497, 478, 70490.0
613, 71.666667, 670.000000, 30.000000, 226.521844, 476, 70295.0
614, 70.925926, 662.143258, 30.000000, 192.045507, 486, 71962.0
615, 73.888889, 662.143258, 30.000000, 222.629545, 486, 71945.0
616, 67.222222, 670.000000, 30.000000, 190.218196, 490, 72608.0
617, 73.888889, 662.143258, 30.000000, 212.704333, 488, 71670.0
618, 73.888889, 662.143258, 30.000000, 200.994983, 486, 72017.0
619, 70.925926, 662.143258, 30.000000, 196.593934, 479, 70952.0
620, 67.222222, 670.000000, 30.000000, 206.562797, 484, 71750.0
621, 73.888889, 662.143258, 30.000000, 191.974377, 488, 72412.0
622, 70.925926, 662.143258, 30.000000, 201.698362, 484, 71347.0
623, 71.666667, 670.000000, 30.000000, 230.209652, 481, 71397.0
624, 70.925926, 662.143258, 30.000000, 196.318112, 487, 71961.0
625, 70.925926, 662.143258, 30.000000, 194.887352, 485, 71801.0
626, 73.888889, 662.143258, 30.000000, 244.975191, 484, 71408.0
627, 73.888889, 662.143258, 30.000000, 217.293570, 483, 71615.0
628, 70.925926, 662.143258, 30.000000, 210.208411, 484, 71717.0
629, 73.888889, 662.143258, 30.000000, 202.998125, 487, 71852.0
630, 70.925926, 662.143258, 30.000000, 182.928642, 488, 71891.0
631, 70.925926, 662.143258, 30.000000, 180.264603, 489, 72117.0
632, 70.925926, 662.143258, 30.000000, 197.131273, 485, 71690.0
633, 71.666667, 670.000000, 30.000000, 194.166515, 482, 71508.0
634, 73.888889, 662.143258, 30.000000, 224.315057, 488, 71981.0
635, 70.925926, 662.143258, 30.000000, 211.287683, 484, 71505.0
636, 73.888889, 662.143258, 30.000000, 214.762570, 489, 72554.0
637, 70.925926, 662.143258, 30.000000, 202.750618, 489, 72104.0
638, 71.666667, 670.000000, 30.000000, 250.097096, 485, 74619.0
639, 70.925926, 662.143258, 30.000000, 190.326037, 489, 73673.0
640, 73.888889, 662.143258, 30.000000, 208.170415, 483, 71563.0
641, 70.925926, 662.143258, 30.000000, 183.336139, 482, 71864.0
642, 70.925926, 662.143258, 30.000000, 192.304186, 488, 72585.0
643, 70.925926, 662.143258, 30.000000, 197.196803, 485, 72191.0
644, 73.888889, 662.143258, 30.000000, 220.706102, 478, 71361.0
645, 73.888889, 662.143258, 30.000000, 202.809106, 482, 71562.0
646, 70.925926, 662.143258, 30.000000, 195.474122, 482, 71739.0
647, 70.925926, 662.143258, 30.000000, 204.084583, 485, 72121.0
648, 70.925926, 662.143258, 30.000000, 202.071372, 479, 70929.0
649, 73.888889, 662.143258, 30.000000, 233.041671, 476, 70716.0
650, 70.925926, 662.143258, 30.000000, 187.069778, 490, 72510.0
651, 67.222222, 670.000000, 30.000000, 188.603742, 490, 72667.0
652, 70.925926, 662.143258, 30.000000, 192.452690, 490, 72699.0
653, 70.925926, 662.143258, 30.000000, 178.085853, 484, 72366.0
654, 73.888889, 662.143258, 30.000000, 211.691816, 484, 71300.0
655, 70.925926, 662.143258, 30.000000, 203.327405, 489, 72530.0
656, 73.888889, 662.143258, 30.000000, 207.958189, 483, 71471.0
657, 71.666667, 670.000000, 30.000000, 213.851193, 484, 71668.0
658, 71.666667, 670.000000, 30.000000, 226.590010, 488, 72061.0
659, 70.925926, 662.143258, 30.000000, 193.961443, 484, 71532.0
660, 70.925926, 662.143258, 30.000000, 206.874609, 486, 71971.0
661, 73.888889, 662.143258, 30.000000, 255.293159, 475, 70474.0
662, 71.666667, 670.000000, 30.000000, 188.637915, 492, 72895.0
663, 73.888889, 662.143258, 30.000000, 199.030912, 483, 71677.0
664, 70.925926, 662.143258, 30.000000, 193.163004, 489, 72070.0
665, 70.925926, 662.143258, 30.000000, 197.781822, 485, 71335.0
666, 70.925926, 662.143258, 30.000000, 197.268380, 491, 73051.0
667, 73.888889, 662.143258, 30.000000, 244.159849, 480, 71316.0
668, 73.888889, 662.143258, 30.000000, 195.740471, 485, 72004.0
669, 70.925926, 662.143258, 30.000000, 198.817620, 488, 72161.0
670, 71.666667, 670.000000, 30.000000, 195.033843, 492, 72816.0
671, 71.666667, 670.000000, 30.000000, 210.944040, 486, 72669.0
672, 70.925926, 662.143258, 30.000000, 201.562206, 488, 71991.0
673, 71.666667, 670.000000, 30.000000, 196.885999, 488, 71783.0
674, 70.925926, 662.143258, 30.000000, 197.730313, 490, 72803.0
675, 71.666667, 670.000000, 30.000000, 207.964982, 484, 72761.0
676, 73.888889, 662.143258, 30.000000, 200.985243, 481, 71273.0
677, 73.888889, 662.143258, 30.000000, 202.865354, 486, 72444.0
678, 67.222222, 670.000000, 30.000000, 198.348793, 488, 72912.0
679, 67.222222, 670.000000, 30.000000, 185.600690, 482, 71491.0
680, 67.222222, 670.000000, 30.000000, 197.180543, 484, 72052.0
681, 67.222222, 670.000000, 30.000000, 211.899251, 482, 71966.0
682, 67.222222, 670.000000, 30.000000, 183.931516, 485, 72187.0
683, 70.925926, 662.143258, 30.000000, 188.678577, 488, 73483.0
684, 67.222222, 670.000000, 30.000000, 182.515731, 488, 72414.0
685, 70.925926, 662.143258, 30.000000, 189.533078, 486, 71871.0
686, 70.925926, 662.143258, 30.000000, 177.719680, 479, 71115.0
687, 70.925926, 662.143258, 30.000000, 195.027497, 491, 72750.0
688, 73.888889, 662.143258, 30.000000, 216.066276, 488, 72180.0
689, 67.222222, 670.000000, 30.000000, 191.338677, 484, 72400.0
690, 67.222222, 670.000000, 30.000000, 194.058143, 483, 71709.0
691, 70.925926, 662.143258, 30.000000, 190.676821, 490, 72537.0
692, 70.925926, 662.143258, 30.000000, 186.198909, 494, 73147.0
693, 70.925926, 662.143258, 30.000000, 198.539620, 491, 72741.0
694, 73.888889, 662.143258, 30.000000, 218.358014, 484, 71266.0
695, 71.666667, 670.000000, 30.000000, 227.048100, 488, 72136.0
696, 70.925926, 662.143258, 30.000000, 215.904164, 486, 78317.0
697, 70.925926, 662.143258, 30.000000, 186.316205, 487, 72048.0
698, 70.925926, 662.143258, 30.000000, 215.529757, 486, 71529.0
699, 71.666667, 670.000000, 30.000000, 195.189489, 487, 72236.0
700, 73.888889, 662.143258, 30.000000, 222.116188, 483, 71257.0
701, 73.888889, 662.143258, 30.000000, 206.515439, 481, 71074.0
702, 73.888889, 662.143258, 30.000000, 195.469305, 484, 71657.0
703, 70.925926, 662.143258, 30.000000, 196.526828, 483, 71422.0
704, 73.888889, 662.143258, 30.000000, 225.748644, 484, 71375.0
705, 70.925926, 662.143258, 30.000000, 191.135575, 486, 72357.0
706, 70.925926, 662.143258, 30.000000, 203.665281, 492, 72286.0
707, 73.888889, 662.143258, 30.000000, 238.925829, 483, 71760.0
708, 70.925926, 662.143258, 30.000000, 188.372682, 485, 72207.0
709, 70.925926, 662.143258, 30.000000, 212.080595, 489, 72633.0
710, 70.925926, 662.143258, 30.000000, 199.193451, 491, 72795.0
711, 70.925926, 662.143258, 30.000000, 208.787021, 489, 72290.0
712, 70.925926, 662.143258, 30.000000, 203.112373, 492, 73006.0
713, 70.925926, 662.143258, 30.000000, 188.987516, 495, 73165.0
714, 70.925926, 662.143258, 30.000000, 210.488862, 485, 72158.0
715, 73.888889, 662.143258, 30.000000, 233.642104, 483, 71406.0
716, 73.888889, 662.143258, 30.000000, 210.979841, 483, 71850.0
717, 70.925926, 662.143258, 30.000000, 196.106588, 484, 71828.0
718, 70.925926, 662.143258, 30.000000, 203.045128, 493, 73085.0
719, 70.925926, 662.143258, 30.000000, 217.254634, 483, 71536.0
720, 70.925926, 662.143258, 30.000000, 190.096563, 490, 72681.0
721, 73.888889, 662.143258, 30.000000, 220.175472, 488, 72099.0
722, 73.888889, 662.143258, 30.000000, 228.767612, 480, 71283.0
723, 71.666667, 670.000000, 30.000000, 213.749643, 479, 70854.0
724, 70.925926, 662.143258, 30.000000, 196.252626, 491, 72452.0
725, 67.222222, 670.000000, 30.000000, 213.046238, 482, 71386.0
726, 70.925926, 662.143258, 30.000000, 199.117389, 486, 71973.0
727, 68.456790, 657.952996, 30.000000, 192.463348, 487, 72109.0
728, 70.925926, 662.143258, 30.000000, 191.747484, 491, 72630.0
729, 70.925926, 662.143258, 30.000000, 184.285041, 490, 72384.0
730, 71.666667, 670.000000, 30.000000, 215.943179, 480, 71257.0
731, 73.888889, 662.143258, 30.000000, 212.589073, 480, 71050.0
732, 73.888889, 662.143258, 30.000000, 198.145768, 482, 71410.0
733, 70.925926, 662.143258, 30.000000, 190.519333, 494, 73061.0
734, 71.666667, 670.000000, 30.000000, 220.164099, 485, 71840.0
735, 70.925926, 662.143258, 30.000000, 185.970684, 490, 72432.0
736, 67.222222, 670.000000, 30.000000, 179.653810, 487, 72105.0
737, 70.925926, 662.143258, 30.000000, 205.879358, 483, 71792.0
738, 67.222222, 670.000000, 30.000000, 185.786024, 491, 72579.0
739, 70.925926, 662.143258, 30.000000, 220.597112, 485, 71704.0
740, 67.222222, 670.000000, 30.000000, 186.849188, 484, 71683.0
741, 70.925926, 662.143258, 30.000000, 200.391682, 492, 73153.0
742, 70.925926, 662.143258, 30.000000, 177.221703, 494, 73259.0
743, 70.925926, 662.143258, 30.000000, 199.301480, 488, 72190.0
744, 73.888889, 662.143258, 30.000000, 208.197850, 487, 72008.0
745, 70.925926, 662.143258, 30.000000, 181.402956, 490, 72559.0
746, 70.925926, 662.143258, 30.000000, 200.212909, 487, 72049.0
747, 70.925926, 662.143258, 30.000000, 195.666734, 490, 72585.0
748, 70.925926, 662.143258, 30.000000, 185.557374, 489, 72475.0
749, 70.925926, 662.143258, 30.000000, 177.033631, 486, 71865.0
750, 70.925926, 662.143258, 30.000000, 190.229202, 490, 72513.0
751, 70.925926, 662.143258, 30.000000, 190.567033, 489, 72325.0
752, 67.222222, 670.000000, 30.000000, 176.754203, 488, 72502.0
753, 70.925926, 662.143258, 30.000000, 179.518162, 492, 72860.0
754, 67.222222, 670.000000, 30.000000, 190.242290, 488, 72597.0
755, 70.925926, 662.143258, 30.000000, 181.143930, 490, 87935.0
756, 70.925926, 662.143258, 30.000000, 190.795547, 491, 72822.0
757, 67.222222, 670.000000, 30.000000, 195.120248, 484, 72842.0
758, 67.222222, 670.000000, 30.000000, 174.290872, 489, 72545.0
759, 67.222222, 670.000000, 30.000000, 182.796244, 482, 71310.0
760, 67.222222, 670.000000, 30.000000, 198.656377, 487, 71651.0
761, 70.925926, 662.143258, 30.000000, 186.946806, 484, 71485.0
762, 70.925926, 662.143258, 30.000000, 195.393368, 487, 72312.0
763, 71.666667, 670.000000, 30.000000, 207.431651, 484, 71986.0
764, 70.925926, 662.143258, 30.000000, 178.000170, 481, 71018.0
765, 71.666667, 670.000000, 30.000000, 204.050734, 487, 72131.0
766, 70.925926, 662.143258, 30.000000, 192.632230, 489, 72328.0
767, 71.666667, 670.000000, 30.000000, 211.796629, 486, 72033.0
768, 70.925926, 662.143258, 30.000000, 181.975840, 491, 72820.0
769, 73.888889, 662.143258, 30.000000, 222.406603, 484, 71445.0
770, 67.222222, 670.000000, 30.000000, 204.056471, 485, 72032.0
771, 70.925926, 662.143258, 30.000000, 184.383214, 490, 72245.0
772, 70.925926, 662.143258, 30.000000, 200.226016, 484, 71678.0
773, 71.666667, 670.000000, 30.000000, 211.943074, 486, 71835.0
774, 70.925926, 662.143258, 30.000000, 202.324434, 486, 71697.0
775, 67.222222, 670.000000, 30.000000, 192.242573, 487, 72108.0
776, 70.925926, 662.143258, 30.000000, 184.319156, 495, 72852.0
777, 71.666667, 670.000000, 30.000000, 225.450757, 478, 70742.0
778, 70.925926, 662.143258, 30.000000, 186.188683, 490, 72426.0
779, 71.666667, 670.000000, 30.000000, 202.637515, 485, 71178.0
780, 70.925926, 662.143258, 30.000000, 184.368492, 488, 72120.0
781, 71.666667, 670.000000, 30.000000, 216.407176, 481, 71100.0
782, 73.888889, 662.143258, 30.000000, 181.014197, 488, 72185.0
783, 73.888889, 662.143258, 30.000000, 215.142747, 483, 71456.0
784, 70.925926, 662.143258, 30.000000, 192.144544, 483, 71281.0
785, 67.222222, 670.000000, 30.000000, 197.876647, 488, 71924.0
786, 67.222222, 670.000000, 30.000000, 176.897615, 491, 72776.0
787, 73.888889, 662.143258, 30.000000, 213.547745, 485, 71713.0
788, 67.222222, 670.000000, 30.000000, 191.013507, 490, 72333.0
789, 67.222222, 670.000000, 30.000000, 182.083103, 483, 71208.0
790, 70.925926, 662.143258, 30.000000, 180.774790, 489, 72273.0
791, 67.222222, 670.000000, 30.000000, 181.373368, 490, 72468.0
792, 70.925926, 662.143258, 30.000000, 193.553538, 483, 71528.0
793, 70.925926, 662.143258, 30.000000, 185.111373, 485, 71958.0
794, 67.222222, 670.000000, 30.000000, 178.389372, 485, 71801.0
795, 70.925926, 662.143258, 30.000000, 208.791615, 481, 71102.0
796, 71.666667, 670.000000, 30.000000, 215.344680, 480, 71091.0
797, 70.925926, 662.143258, 30.000000, 178.063529, 490, 72269.0
798, 67.222222, 670.000000, 30.000000, 183.150675, 490, 72694.0
799, 70.925926, 662.143258, 30.000000, 185.718965, 487, 72210.0
800, 67.222222, 670.000000, 30.000000, 193.217031, 485, 71937.0
801, 70.925926, 662.143258, 30.000000, 173.081515, 490, 72355.0
802, 67.222222, 670.000000, 30.000000, 189.617207, 483, 71723.0
803, 73.888889, 662.143258, 30.000000, 223.087792, 484, 71051.0
804, 71.666667, 670.000000, 30.000000, 212.285583, 485, 71999.0
805, 73.888889, 662.143258, 30.000000, 206.434284, 482, 71198.0
806, 70.925926, 662.143258, 30.000000, 203.581685, 490, 72501.0
807, 70.925926, 662.143258, 30.000000, 206.826750, 488, 72084.0
808, 70.925926, 662.143258, 30.000000, 185.274885, 486, 72268.0
809, 70.925926, 662.143258, 30.000000, 201.902968, 488, 72045.0
810, 67.222222, 670.000000, 30.000000, 189.777800, 485, 72002.0
811, 70.925926, 662.143258, 30.000000, 182.330621, 486, 71820.0
812, 70.925926, 662.143258, 30.000000, 183.197882, 486, 72088.0
813, 73.888889, 662.143258, 30.000000, 204.333866, 487, 74227.0
814, 70.925926, 662.143258, 30.000000, 206.363160, 484, 78883.0
815, 70.925926, 662.143258, 30.000000, 207.299157, 492, 72785.0
816, 70.925926, 662.143258, 30.000000, 188.083951, 486, 72286.0
817, 73.888889, 662.143258, 30.000000, 218.974549, 488, 72345.0
818, 67.222222, 670.000000, 30.000000, 197.523780, 487, 71822.0
819, 70.925926, 662.143258, 30.000000, 193.454404, 488, 71855.0
820, 70.925926, 662.143258, 30.000000, 195.491881, 492, 73025.0
821, 70.925926, 662.143258, 30.000000, 202.357035, 482, 71333.0
822, 73.888889, 662.143258, 30.000000, 204.446882, 484, 71387.0
823, 73.888889, 662.143258, 30.000000, 208.151452, 486, 72013.0
824, 70.925926, 662.143258, 30.000000, 218.488564, 483, 71520.0
825, 70.925926, 662.143258, 30.000000, 217.265818, 484, 71840.0
826, 70.925926, 662.143258, 30.000000, 194.826172, 481, 71748.0
827, 67.222222, 670.000000, 30.000000, 193.151495, 486, 72212.0
828, 67.222222, 670.000000, 30.000000, 188.796592, 480, 71760.0
829, 70.925926, 662.143258, 30.000000, 197.674167, 491, 72791.0
830, 70.925926, 662.143258, 30.000000, 170.079976, 486, 72138.0
831, 67.222222, 670.000000, 30.000000, 191.070345, 486, 72383.0
832, 70.925926, 662.143258, 30.000000, 214.097497, 492, 88157.0
833, 71.666667, 670.000000, 30.000000, 213.681290, 485, 73421.0
834, 70.925926, 662.143258, 30.000000, 196.708494, 491, 73630.0
835, 70.925926, 662.143258, 30.000000, 201.224815, 491, 88327.0
836, 70.925926, 662.143258, 30.000000, 183.792324, 489, 73078.0
837, 70.925926, 662.143258, 30.000000, 184.727212, 488, 72170.0
838, 70.925926, 662.143258, 30.000000, 188.066635, 493, 72924.0
839, 70.925926, 662.143258, 30.000000, 213.011909, 495, 73439.0
840, 70.925926, 662.143258, 30.000000, 197.326933, 485, 72518.0
841, 70.925926, 662.143258, 30.000000, 203.180555, 489, 72588.0
842, 73.888889, 662.143258, 30.000000, 210.164755, 487, 71874.0
843, 67.222222, 670.000000, 30.000000, 187.738831, 486, 72115.0
844, 70.925926, 662.143258, 30.000000, 191.131560, 491, 73280.0
845, 67.222222, 670.000000, 30.000000, 184.873743, 486, 71957.0
846, 70.925926, 662.143258, 30.000000, 196.312378, 485, 72031.0
847, 70.925926, 662.143258, 30.000000, 175.615320, 489, 72542.0
848, 67.222222, 670.000000, 30.000000, 189.273142, 489, 72744.0
849, 70.925926, 662.143258, 30.000000, 174.159006, 485, 73214.0
850, 67.222222, 670.000000, 30.000000, 190.058602, 489, 72500.0
851, 73.888889, 662.143258, 30.000000, 220.869285, 485, 76508.0
852, 67.222222, 670.000000, 30.000000, 183.291806, 487, 72351.0
853, 70.925926, 662.143258, 30.000000, 175.251364, 489, 72824.0
854, 70.925926, 662.143258, 30.000000, 391.281426, 486, 72159.0
855, 71.666667, 670.000000, 30.000000, 197.103644, 484, 72574.0
856, 70.925926, 662.143258, 30.000000, 172.531699, 488, 76086.0
857, 67.222222, 670.000000, 30.000000, 173.351262, 483, 75177.0
858, 70.925926, 662.143258, 30.000000, 181.548011, 489, 72421.0
859, 67.222222, 670.000000, 30.000000, 189.800584, 490, 74878.0
860, 71.666667, 670.000000, 30.000000, 217.987965, 484, 71668.0
861, 67.222222, 670.000000, 30.000000, 202.188505, 483, 71613.0
862, 68.456790, 657.952996, 30.000000, 214.171717, 480, 71048.0
863, 70.925926, 662.143258, 30.000000, 189.950515, 487, 72171.0
864, 70.925926, 662.143258, 30.000000, 197.946313, 487, 71968.0
865, 70.925926, 662.143258, 30.000000, 187.167015, 489, 72178.0
866, 70.925926, 662.143258, 30.000000, 197.066728, 484, 71563.0
867, 70.925926, 662.143258, 30.000000, 173.153441, 493, 72789.0
868, 73.888889, 662.143258, 30.000000, 216.478505, 485, 71411.0
869, 70.925926, 662.143258, 30.000000, 204.851112, 487, 72239.0
870, 73.888889, 662.143258, 30.000000, 211.758577, 487, 71939.0
871, 67.222222, 670.000000, 30.000000, 191.218344, 487, 72893.0
872, 70.925926, 662.143258, 30.000000, 192.826964, 490, 73860.0
873, 73.888889, 662.143258, 30.000000, 201.056879, 484, 75946.0
874, 70.925926, 662.143258, 30.000000, 197.024041, 489, 72344.0
875, 73.888889, 662.143258, 30.000000, 217.842146, 486, 71968.0
876, 73.888889, 662.143258, 30.000000, 211.307104, 484, 71440.0
877, 67.222222, 670.000000, 30.000000, 205.909459, 486, 71970.0
878, 70.925926, 662.143258, 30.000000, 196.927550, 493, 72962.0
879, 71.666667, 670.000000, 30.000000, 201.058524, 486, 71979.0
880, 67.222222, 670.000000, 30.000000, 162.958332, 490, 72644.0
881, 70.925926, 662.143258, 30.000000, 185.840313, 487, 72229.0
882, 70.925926, 662.143258, 30.000000, 182.882877, 491, 72722.0
883, 70.925926, 662.143258, 30.000000, 189.671188, 491, 72807.0
884, 67.222222, 670.000000, 30.000000, 186.228032, 488, 72378.0
885, 70.925926, 662.143258, 30.000000, 188.727876, 484, 71861.0
886, 70.925926, 662.143258, 30.000000, 210.696428, 486, 72056.0
887, 70.925926, 662.143258, 30.000000, 170.050287, 492, 72484.0
888, 70.925926, 662.143258, 30.000000, 194.369955, 491, 75462.0
889, 70.925926, 662.143258, 30.000000, 168.863693, 495, 73030.0
890, 70.925926, 662.143258, 30.000000, 179.237595, 487, 72342.0
891, 70.925926, 662.143258, 30.000000, 195.853856, 492, 72758.0
892, 71.666667, 670.000000, 30.000000, 215.324934, 478, 70591.0
893, 70.925926, 662.143258, 30.000000, 195.316325, 491, 72490.0
894, 70.925926, 662.143258, 30.000000, 198.981987, 489, 72616.0
895, 70.925926, 662.143258, 30.000000, 188.795061, 482, 71306.0
896, 73.888889, 662.143258, 30.000000, 214.103627, 487, 72254.0
897, 67.222222, 670.000000, 30.000000, 199.994188, 485, 71619.0
898, 73.888889, 662.143258, 30.000000, 179.665380, 481, 70965.0
899, 67.222222, 670.000000, 30.000000, 200.172073, 486, 72242.0
900, 67.222222, 670.000000, 30.000000, 190.930327, 481, 70936.0
901, 70.925926, 662.143258, 30.000000, 185.971188, 481, 70926.0
902, 70.925926, 662.143258, 30.000000, 184.968272, 487, 72220.0
903, 70.925926, 662.143258, 30.000000, 175.042843, 498, 73620.0
904, 73.888889, 662.143258, 30.000000, 199.745956, 483, 71568.0
905, 67.222222, 670.000000, 30.000000, 191.087656, 489, 72436.0
906, 71.666667, 670.000000, 30.000000, 209.376510, 485, 71769.0
907, 70.925926, 662.143258, 30.000000, 172.782131, 491, 72507.0
908, 67.222222, 670.000000, 30.000000, 186.945163, 478, 70647.0
909, 70.925926, 662.143258, 30.000000, 190.963185, 488, 72301.0
910, 70.925926, 662.143258, 30.000000, 173.298659, 488, 72196.0
911, 70.925926, 662.143258, 30.000000, 182.411723, 490, 72639.0
912, 70.925926, 662.143258, 30.000000, 184.771349, 485, 72056.0
913, 73.888889, 662.143258, 30.000000, 216.306304, 485, 72198.0
914, 70.925926, 662.143258, 30.000000, 181.937325, 489, 72266.0
915, 73.888889, 662.143258, 30.000000, 220.264161, 483, 71521.0
916, 70.925926, 662.143258, 30.000000, 170.962057, 483, 71325.0
917, 73.888889, 662.143258, 30.000000, 208.093956, 486, 71653.0
918, 73.888889, 662.143258, 30.000000, 206.233013, 483, 71595.0
919, 70.925926, 662.143258, 30.000000, 177.036914, 490, 72863.0
920, 70.925926, 662.143258, 30.000000, 209.643074, 486, 72109.0
921, 67.222222, 670.000000, 30.000000, 183.987351, 487, 71938.0
922, 70.925926, 662.143258, 30.000000, 180.466518, 486, 72135.0
923, 70.925926, 662.143258, 30.000000, 185.514279, 492, 73228.0
924, 73.888889, 662.143258, 30.000000, 215.076688, 484, 71919.0
925, 73.888889, 662.143258, 30.000000, 199.490010, 482, 71213.0
926, 67.222222, 670.000000, 30.000000, 215.189792, 478, 70806.0
927, 70.925926, 662.143258, 30.000000, 196.974303, 489, 72325.0
928, 70.925926, 662.143258, 30.000000, 191.675177, 492, 72490.0
929, 70.925926, 662.143258, 30.000000, 176.951663, 489, 72704.0
930, 70.925926, 662.143258, 30.000000, 190.370484, 491, 80248.0
931, 70.925926, 662.143258, 30.000000, 198.413462, 486, 72432.0
932, 67.222222, 670.000000, 30.000000, 210.246042, 482, 71532.0
933, 70.925926, 662.143258, 30.000000, 185.241811, 485, 72508.0
934, 67.222222, 670.000000, 30.000000, 187.217703, 486, 72103.0
935, 70.925926, 662.143258, 30.000000, 190.630213, 488, 72195.0
936, 70.925926, 662.143258, 30.000000, 177.019443, 486, 72931.0
937, 71.666667, 670.000000, 30.000000, 216.976757, 481, 71193.0
938, 71.666667, 670.000000, 30.000000, 220.903895, 481, 71221.0
939, 70.925926, 662.143258, 30.000000, 202.251511, 485, 71979.0
940, 70.925926, 662.143258, 30.000000, 191.141462, 495, 73215.0
941, 70.925926, 662.143258, 30.000000, 194.740881, 487, 72193.0
942, 70.925926, 662.143258, 30.000000, 190.989638, 491, 73428.0
943, 73.888889, 662.143258, 30.000000, 214.450058, 479, 71066.0
944, 67.222222, 670.000000, 30.000000, 199.602771, 486, 72046.0
945, 70.925926, 662.143258, 30.000000, 188.973928, 485, 71663.0
946, 70.925926, 662.143258, 30.000000, 179.585020, 486, 72162.0
947, 70.925926, 662.143258, 30.000000, 162.171604, 490, 72615.0
948, 73.888889, 662.143258, 30.000000, 231.584957, 483, 71739.0
949, 70.925926, 662.143258, 30.000000, 181.866271, 491, 72881.0
950, 73.888889, 662.143258, 30.000000, 215.065935, 483, 71492.0
951, 67.222222, 670.000000, 30.000000, 207.945890, 482, 71214.0
952, 68.456790, 657.952996, 30.000000, 201.029459, 487, 72569.0
953, 70.925926, 662.143258, 30.000000, 195.253246, 481, 71428.0
954, 70.925926, 662.143258, 30.000000, 210.136927, 480, 71547.0
955, 70.925926, 662.143258, 30.000000, 194.137529, 488, 72346.0
956, 71.666667, 670.000000, 30.000000, 209.151200, 481, 71346.0
957, 70.925926, 662.143258, 30.000000, 188.854105, 492, 72979.0
958, 70.925926, 662.143258, 30.000000, 170.628764, 490, 73375.0
959, 70.925926, 662.143258, 30.000000, 192.496499, 484, 72356.0
960, 70.925926, 662.143258, 30.000000, 175.404571, 486, 73413.0
961, 70.925926, 662.143258, 30.000000, 176.839670, 485, 71787.0
962, 70.925926, 662.143258, 30.000000, 204.596209, 482, 71171.0
963, 70.925926, 662.143258, 30.000000, 188.876484, 491, 72458.0
964, 73.888889, 662.143258, 30.000000, 197.416213, 486, 71918.0
965, 70.925926, 662.143258, 30.000000, 173.730440, 485, 71907.0
966, 70.925926, 662.143258, 30.000000, 175.376215, 491, 72698.0
967, 70.925926, 662.143258, 30.000000, 178.962317, 488, 72323.0
968, 70.925926, 662.143258, 30.000000, 172.871663, 494, 72838.0
969, 70.925926, 662.143258, 30.000000, 178.540062, 497, 73010.0
970, 70.925926, 662.143258, 30.000000, 183.168290, 490, 72625.0
971, 70.925926, 662.143258, 30.000000, 167.837535, 489, 72187.0
972, 70.925926, 662.143258, 30.000000, 164.428200, 493, 72815.0
973, 70.925926, 662.143258, 30.000000, 175.679802, 484, 71771.0
974, 73.888889, 662.143258, 30.000000, 220.878254, 479, 71183.0
975, 73.888889, 662.143258, 30.000000, 205.199043, 485, 72036.0
976, 67.222222, 670.000000, 30.000000, 169.659525, 486, 72123.0
977, 73.888889, 662.143258, 30.000000, 203.097280, 484, 71818.0
978, 70.925926, 662.143258, 30.000000, 172.607387, 490, 72690.0
979, 70.925926, 662.143258, 30.000000, 192.693271, 492, 72432.0
980, 73.888889, 662.143258, 30.000000, 218.004626, 482, 71393.0
981, 70.925926, 662.143258, 30.000000, 187.594543, 483, 71552.0
982, 71.666667, 670.000000, 30.000000, 196.349092, 487, 72104.0
983, 70.925926, 662.143258, 30.000000, 199.514845, 487, 72079.0
984, 73.888889, 662.143258, 30.000000, 192.992001, 485, 71970.0
985, 70.925926, 662.143258, 30.000000, 193.276477, 488, 72355.0
986, 70.925926, 662.143258, 30.000000, 182.323731, 488, 72185.0
987, 70.925926, 662.143258, 30.000000, 186.587671, 490, 73123.0
988, 67.222222, 670.000000, 30.000000, 179.557668, 486, 77299.0
989, 67.222222, 670.000000, 30.000000, 213.319946, 489, 77839.0
990, 70.925926, 662.143258, 30.000000, 187.001934, 486, 72257.0
991, 73.888889, 662.143258, 30.000000, 181.681943, 484, 71675.0
992, 67.222222, 670.000000, 30.000000, 186.586607, 493, 73044.0
993, 70.925926, 662.143258, 30.000000, 193.778375, 491, 72345.0
994, 73.888889, 662.143258, 30.000000, 191.624986, 485, 71830.0
995, 70.925926, 662.143258, 30.000000, 184.637476, 493, 72845.0
996, 73.888889, 662.143258, 30.000000, 195.094973, 487, 72016.0
997, 70.925926, 662.143258, 30.000000, 196.583434, 482, 71665.0
998, 70.925926, 662.143258, 30.000000, 196.053987, 486, 71854.0
999, 73.888889, 662.143258, 30.000000, 207.886204, 487, 71864.0
