#idx, x0, x1, x2, y, f_neval, total_time (us), 
0, 70.827439, 664.627474, 36.567744, 176.498854, 5573, 826271.0
1, 72.540198, 663.700443, 37.437598, 205.218113, 5330, 788158.0
2, 72.104198, 663.057319, 37.302633, 199.533510, 5376, 808271.0
3, 70.140100, 663.631495, 37.108487, 204.704699, 5469, 819979.0
4, 72.163794, 663.905238, 36.213253, 219.500673, 5369, 820986.0
5, 70.767145, 663.265899, 36.914134, 210.111716, 5327, 788413.0
6, 71.898433, 663.178437, 38.373078, 197.746176, 5421, 804305.0
7, 73.373335, 662.429137, 37.281933, 210.582694, 5351, 792755.0
8, 72.097050, 664.875260, 36.953562, 204.645184, 5179, 766127.0
9, 72.431749, 663.803826, 36.842591, 220.305941, 5269, 778338.0
10, 75.425866, 663.829343, 37.035190, 232.466730, 5352, 789347.0
11, 72.169173, 664.072686, 36.312563, 197.734426, 5257, 776425.0
12, 71.534236, 662.976860, 38.423679, 185.659542, 5406, 802069.0
13, 72.315951, 664.682739, 36.930755, 234.373891, 5139, 758542.0
14, 71.918952, 662.514737, 37.248456, 214.388170, 5227, 772909.0
15, 70.164676, 664.559454, 37.123941, 177.195939, 5496, 816510.0
16, 70.112447, 663.269626, 37.817341, 175.921475, 5553, 825197.0
17, 71.459332, 664.926562, 35.660091, 194.872207, 5216, 772862.0
18, 68.606933, 663.064854, 37.224262, 204.664868, 5439, 807584.0
19, 74.252707, 663.625336, 37.258985, 231.853155, 5284, 777363.0
20, 72.851079, 663.198612, 38.049282, 205.510331, 5379, 796269.0
21, 72.335461, 663.812247, 37.230990, 185.879212, 5400, 798408.0
22, 69.127287, 663.830335, 36.855752, 186.317685, 5519, 818644.0
23, 73.467875, 661.629516, 38.293503, 218.629209, 5276, 780449.0
24, 72.206044, 663.264563, 37.065809, 217.096277, 5202, 771020.0
25, 70.768071, 663.802763, 38.601684, 197.012018, 5338, 793564.0
26, 74.613385, 664.158597, 36.696296, 223.056855, 5276, 779226.0
27, 70.779363, 664.470492, 36.706482, 185.369379, 5449, 821017.0
28, 71.384112, 662.521279, 37.864028, 187.085134, 5565, 836831.0
29, 72.206541, 664.219445, 36.627784, 198.760880, 5238, 795654.0
30, 69.957012, 663.726446, 37.589566, 176.270574, 5478, 825161.0
31, 69.986720, 663.220453, 37.975373, 200.083898, 5421, 815975.0
32, 69.981216, 663.541780, 37.845371, 183.184073, 5417, 804380.0
33, 70.909427, 662.321618, 38.292679, 176.790209, 5234, 776340.0
34, 70.096364, 662.433926, 37.757513, 182.210096, 5409, 802805.0
35, 73.745870, 662.990162, 37.333294, 212.695875, 5362, 792924.0
36, 71.765577, 662.921142, 38.433478, 191.998363, 5255, 777957.0
37, 68.950131, 662.185016, 37.397245, 179.371748, 5622, 835969.0
38, 70.468698, 664.003142, 36.704174, 203.647580, 5450, 807996.0
39, 68.335370, 661.921422, 37.879585, 166.745693, 5564, 827447.0
40, 71.614097, 663.420160, 37.441131, 191.181777, 5305, 785428.0
41, 71.219757, 664.368019, 36.380461, 181.464410, 5352, 792758.0
42, 68.137950, 662.647064, 38.025245, 185.707993, 5474, 814414.0
43, 72.485109, 663.091068, 37.472951, 206.770359, 5419, 800881.0
44, 71.335102, 662.966784, 38.794466, 169.490572, 5442, 807736.0
45, 69.027670, 663.073073, 38.862286, 190.971515, 5361, 795756.0
46, 69.842012, 664.691785, 36.376534, 198.392819, 5526, 821535.0
47, 71.162031, 664.233114, 36.785344, 193.505208, 5274, 801811.0
48, 69.515172, 662.602237, 37.549953, 187.385786, 5433, 806291.0
49, 71.870361, 663.383450, 36.769965, 186.479264, 5408, 799133.0
50, 72.624794, 663.782751, 36.216213, 183.327630, 5375, 795169.0
51, 72.863600, 664.252663, 37.443087, 199.152847, 5337, 790022.0
52, 66.432168, 663.775314, 36.442007, 165.020877, 5398, 802976.0
53, 70.867454, 663.523293, 36.899236, 222.139614, 5057, 748604.0
54, 71.508190, 662.907005, 38.464771, 203.193260, 5280, 785099.0
55, 69.058189, 663.751759, 37.660814, 168.756838, 5563, 828483.0
56, 70.949643, 664.252291, 37.870126, 192.356959, 5366, 797193.0
57, 68.464506, 662.598059, 37.043775, 173.208963, 5486, 817650.0
58, 70.216648, 663.249496, 37.663181, 186.909437, 5478, 815919.0
59, 69.150874, 663.588830, 37.914873, 174.068578, 5464, 813483.0
60, 71.847919, 664.502742, 37.240969, 190.247781, 5288, 783472.0
61, 68.710787, 663.579349, 37.866270, 153.741359, 5558, 827055.0
62, 68.905129, 662.715254, 37.691883, 162.847074, 5527, 821332.0
63, 68.604427, 663.627631, 36.438910, 179.827682, 5498, 816810.0
64, 70.610037, 664.430642, 37.109027, 189.360026, 5426, 805240.0
65, 67.665982, 663.356721, 36.863894, 180.889479, 5510, 817187.0
66, 68.417073, 662.656047, 37.748414, 171.279282, 5506, 818117.0
67, 72.543400, 663.610221, 36.445782, 214.122685, 5183, 764272.0
68, 66.701115, 662.328020, 37.668722, 183.645286, 5313, 788294.0
69, 69.388576, 662.920418, 37.762600, 207.567786, 5315, 788409.0
70, 68.282807, 663.822311, 36.884562, 165.625614, 5507, 818877.0
71, 69.871771, 664.864767, 37.020704, 191.918680, 5608, 832103.0
72, 71.273482, 663.026438, 37.727565, 199.832827, 5250, 777925.0
73, 65.151120, 662.959002, 37.483931, 183.145235, 5292, 784431.0
74, 69.754014, 663.925839, 36.647795, 175.130217, 5538, 822190.0
75, 69.594236, 663.236081, 38.098229, 185.560024, 5593, 834726.0
76, 67.135745, 663.275775, 36.327323, 185.245428, 5209, 785301.0
77, 67.456546, 662.646783, 37.533295, 163.674729, 5579, 828627.0
78, 69.898810, 663.151370, 37.351339, 181.060822, 5503, 822564.0
79, 70.621007, 662.302684, 38.332799, 204.068705, 5303, 785729.0
80, 67.656349, 663.337329, 37.633107, 168.274620, 5520, 819190.0
81, 68.261607, 663.205803, 37.774805, 161.733568, 5513, 819367.0
82, 68.644515, 663.858372, 36.211041, 159.418787, 5643, 837889.0
83, 71.332357, 664.430356, 36.129232, 190.028376, 5656, 840464.0
84, 68.080932, 662.293984, 37.551545, 177.955031, 5502, 817092.0
85, 70.427200, 665.047653, 36.617016, 204.553758, 5228, 773364.0
86, 67.940858, 663.470916, 37.588292, 173.648567, 5343, 793307.0
87, 67.637447, 662.996460, 36.846570, 170.637431, 5455, 810410.0
88, 67.289685, 663.202519, 36.777849, 174.024967, 5414, 803964.0
89, 68.845791, 664.822805, 36.162727, 156.768643, 5660, 840935.0
90, 72.023773, 663.964787, 35.983876, 214.557914, 5258, 776828.0
91, 68.380733, 661.972120, 38.039441, 176.490257, 5475, 814489.0
92, 67.683200, 662.079015, 38.156001, 187.088973, 5705, 848274.0
93, 67.513290, 662.701757, 37.497788, 193.620619, 5377, 798674.0
94, 70.113367, 664.207575, 36.631366, 171.915453, 5576, 828358.0
95, 69.357136, 663.151163, 38.570283, 166.708911, 5548, 825086.0
96, 68.773938, 664.251319, 35.742102, 172.307114, 5685, 843425.0
97, 69.456904, 664.222551, 36.170856, 175.163714, 5566, 826142.0
98, 69.507660, 663.229646, 37.146784, 164.232817, 5722, 854636.0
99, 68.691902, 664.294409, 36.796283, 180.972566, 5376, 801151.0
100, 66.213835, 662.497600, 37.601492, 170.213426, 5338, 795594.0
101, 69.697699, 663.430344, 36.758681, 202.552335, 5356, 797883.0
102, 67.372555, 662.449368, 38.212317, 162.177795, 5469, 817146.0
103, 68.462257, 662.693054, 38.478746, 173.949191, 5581, 837462.0
104, 69.592187, 664.664195, 35.701056, 180.889153, 5463, 820215.0
105, 68.345098, 663.269659, 36.847847, 188.093688, 5415, 808772.0
106, 71.398268, 664.696549, 36.381513, 195.721242, 5403, 811263.0
107, 70.684704, 662.974381, 38.169939, 181.086593, 5466, 814912.0
108, 68.473648, 663.318421, 37.128599, 187.940748, 5254, 783996.0
109, 69.143507, 663.882068, 37.160457, 177.885061, 5488, 825498.0
110, 69.020413, 664.593364, 36.909669, 177.451042, 5545, 828740.0
111, 69.703632, 663.825105, 37.414170, 183.950676, 5266, 785777.0
112, 69.939471, 662.168268, 37.574644, 189.390083, 5582, 830840.0
113, 69.823822, 662.680690, 38.353736, 161.515801, 5623, 839369.0
114, 71.544668, 664.757343, 36.753941, 198.347630, 5340, 790508.0
115, 67.088811, 662.703770, 38.252692, 168.789226, 5503, 821370.0
116, 72.049240, 664.592691, 36.470795, 223.582039, 5228, 772064.0
117, 70.332706, 664.766996, 36.166243, 216.969099, 5185, 769210.0
118, 68.854396, 663.289739, 38.002526, 193.610903, 5510, 819901.0
119, 66.044851, 663.346372, 37.724139, 150.708012, 5504, 830046.0
120, 66.939127, 663.258258, 38.035645, 158.178677, 5467, 824141.0
121, 67.080794, 663.688921, 35.972781, 178.444139, 5223, 775418.0
122, 71.664794, 662.768719, 37.819781, 204.971868, 5201, 769940.0
123, 69.715667, 663.312825, 37.831976, 177.614811, 5568, 829129.0
124, 70.396663, 662.931041, 37.165953, 162.937212, 5544, 823538.0
125, 68.407124, 662.203396, 37.866148, 184.681132, 5590, 831508.0
126, 68.430950, 662.949913, 38.648329, 180.726359, 5517, 820525.0
127, 66.582886, 662.730005, 37.261946, 171.652149, 5337, 791897.0
128, 70.776951, 663.857691, 37.010419, 191.852812, 5509, 816828.0
129, 70.292675, 662.900497, 37.366122, 184.129161, 5554, 824303.0
130, 69.826442, 665.049523, 36.759113, 175.660013, 5566, 826923.0
131, 70.972527, 663.147663, 38.528171, 199.634919, 5177, 766751.0
132, 71.553150, 662.560844, 38.150356, 193.014371, 5376, 817512.0
133, 68.270447, 664.288969, 36.090860, 159.230685, 5481, 813367.0
134, 69.256386, 664.254848, 36.055729, 198.280294, 5430, 806170.0
135, 71.446259, 664.804037, 36.245114, 215.860179, 5281, 780590.0
136, 71.345832, 662.524749, 37.652417, 202.497796, 5252, 778956.0
137, 70.026797, 663.530462, 37.189220, 178.918187, 5486, 816488.0
138, 68.543792, 662.416089, 37.334844, 165.966335, 5562, 834414.0
139, 71.128614, 662.925572, 37.964696, 199.308456, 5336, 790725.0
140, 69.293853, 664.886328, 36.162053, 184.944590, 5741, 854127.0
141, 70.736683, 663.709825, 36.008136, 183.433450, 5539, 821167.0
142, 71.057815, 663.680666, 37.820030, 183.086014, 5473, 812956.0
143, 69.776562, 662.380561, 37.342551, 178.308558, 5531, 821414.0
144, 73.499131, 663.667060, 37.343814, 203.679509, 5322, 789992.0
145, 69.096822, 664.788943, 36.318702, 188.181735, 5592, 830570.0
146, 68.937522, 664.077775, 36.598201, 170.224144, 5538, 844547.0
147, 73.558416, 664.171850, 36.726397, 217.604184, 5409, 802906.0
148, 69.126361, 663.236908, 37.034497, 179.548665, 5564, 828936.0
149, 73.058530, 662.840623, 37.611218, 206.515141, 5410, 802072.0
150, 66.715907, 662.656508, 37.028848, 191.478975, 5160, 769056.0
151, 71.358466, 662.789992, 37.492276, 211.875935, 5337, 792467.0
152, 73.043081, 662.692042, 37.976399, 203.521161, 5396, 803200.0
153, 70.601539, 663.901511, 37.003522, 189.052290, 5474, 817440.0
154, 69.258135, 663.917750, 37.141402, 162.687569, 5592, 832845.0
155, 70.465558, 663.516993, 37.705676, 175.744975, 5649, 842093.0
156, 67.184471, 662.399914, 37.323529, 180.528534, 5297, 788481.0
157, 68.398531, 661.480088, 38.103654, 187.441792, 5465, 813730.0
158, 72.115399, 663.029242, 37.947768, 210.741937, 5352, 834471.0
159, 69.745769, 662.829316, 36.980416, 171.175115, 5617, 842261.0
160, 72.648794, 662.714129, 37.723777, 194.999334, 5159, 768812.0
161, 72.813248, 664.445128, 36.888902, 214.457212, 5282, 781034.0
162, 71.737717, 662.655969, 37.017604, 187.472107, 5369, 795079.0
163, 71.748703, 663.067237, 37.306050, 201.025932, 5351, 794765.0
164, 69.371478, 663.352375, 37.636216, 182.065985, 5488, 818928.0
165, 71.159406, 663.387576, 37.195653, 177.689510, 5384, 799099.0
166, 69.182962, 664.001812, 37.560289, 172.051304, 5439, 809500.0
167, 71.166242, 663.440949, 36.217653, 198.379554, 5103, 754530.0
168, 70.604409, 662.547048, 38.484775, 181.341771, 5413, 806489.0
169, 67.881639, 663.794376, 35.819354, 185.005753, 5241, 778506.0
170, 70.867974, 664.369874, 36.733880, 190.074771, 5513, 818919.0
171, 67.784164, 662.226042, 38.197640, 166.742332, 5390, 803632.0
172, 69.664435, 663.200046, 37.285708, 193.018829, 5407, 806602.0
173, 71.756966, 662.980202, 37.356778, 175.919175, 5393, 805298.0
174, 68.557190, 662.947887, 37.850981, 182.570187, 5330, 816759.0
175, 70.387734, 661.844654, 38.141366, 192.766928, 5342, 796660.0
176, 71.175704, 662.680893, 37.833051, 196.721602, 5504, 818322.0
177, 73.517166, 663.995028, 37.105183, 197.377420, 5376, 797594.0
178, 67.865220, 663.126119, 36.662694, 175.712860, 5306, 792457.0
179, 69.136398, 664.004060, 37.381369, 184.652960, 5523, 827841.0
180, 69.394388, 664.085245, 36.203381, 197.503636, 5459, 815261.0
181, 68.281004, 662.900102, 36.773734, 153.340388, 5617, 837754.0
182, 68.587199, 662.487420, 37.640765, 183.949807, 5465, 815023.0
183, 68.028354, 662.786836, 37.666770, 168.529055, 5431, 810924.0
184, 72.095251, 664.102198, 37.134224, 210.415491, 5242, 780539.0
185, 70.964349, 662.292451, 37.465364, 166.582212, 5679, 850646.0
186, 68.032524, 662.508304, 37.049014, 179.881203, 5494, 818280.0
187, 69.357796, 661.936624, 37.529545, 183.457451, 5360, 799314.0
188, 70.387697, 663.515991, 37.071145, 192.981374, 5418, 804707.0
189, 68.327070, 664.561287, 35.206937, 192.411201, 5295, 785597.0
190, 69.511003, 662.028077, 37.607580, 173.571202, 5617, 839632.0
191, 69.929260, 664.326903, 37.231588, 174.492268, 5543, 828137.0
192, 72.595522, 662.832231, 37.783009, 193.859173, 5312, 784343.0
193, 70.707262, 662.619289, 38.882137, 199.360227, 5226, 772236.0
194, 71.037092, 663.767197, 37.798794, 182.844954, 5190, 767145.0
195, 72.717695, 662.323279, 37.675737, 195.722977, 5483, 811321.0
196, 72.893390, 661.923544, 38.273806, 183.731505, 5395, 798666.0
197, 70.023949, 664.022435, 37.192676, 166.854695, 5557, 828917.0
198, 69.252688, 663.217114, 38.119365, 154.982386, 5576, 828752.0
199, 70.536887, 664.193816, 36.765398, 187.425601, 5382, 797373.0
200, 71.808581, 663.191805, 38.213489, 178.863475, 5492, 814170.0
201, 71.005521, 662.110312, 37.295355, 182.131519, 5487, 814020.0
202, 69.364131, 663.189539, 37.945797, 175.655204, 5675, 858472.0
203, 71.755392, 662.763355, 38.886293, 179.991990, 5491, 821427.0
204, 70.552789, 662.149413, 38.492427, 197.864426, 5539, 825413.0
205, 70.075681, 664.352510, 37.210440, 184.407732, 5376, 803410.0
206, 71.278354, 663.541935, 36.682663, 198.774807, 5218, 772810.0
207, 70.336506, 664.034644, 35.882591, 192.782246, 5347, 793033.0
208, 70.610433, 663.881396, 36.335378, 195.360520, 5405, 809137.0
209, 73.357157, 664.291875, 36.882754, 204.946532, 5390, 794589.0
210, 74.032007, 663.997960, 37.357442, 236.913938, 5295, 779156.0
211, 72.304674, 664.455201, 36.526517, 190.189330, 5322, 785367.0
212, 72.823930, 664.679312, 37.008309, 218.373854, 5281, 779620.0
213, 72.535750, 663.036873, 37.624091, 241.845939, 5133, 757522.0
214, 73.391769, 663.694046, 38.262638, 215.032845, 5375, 792198.0
215, 72.797548, 664.310930, 36.720508, 199.885996, 5233, 769628.0
216, 69.247255, 662.084076, 37.657032, 185.059896, 5579, 828007.0
217, 70.269656, 663.073315, 37.690174, 177.035360, 5595, 842496.0
218, 69.931117, 663.745603, 36.315443, 189.540888, 5365, 795522.0
219, 74.746894, 664.101687, 36.194727, 251.325117, 5245, 771865.0
220, 72.388139, 663.616925, 38.599576, 196.718089, 5344, 794294.0
221, 72.103329, 663.321844, 37.788071, 212.251573, 5284, 783676.0
222, 70.983401, 663.357574, 37.676491, 199.505317, 5323, 793165.0
223, 71.969944, 664.605189, 36.094632, 192.399730, 5341, 789963.0
224, 69.746201, 662.054909, 38.378576, 180.228758, 5582, 829367.0
225, 71.191873, 662.394194, 38.322231, 177.861535, 5461, 809731.0
226, 69.820154, 662.558187, 38.557122, 160.761076, 5600, 842906.0
227, 70.097174, 664.391256, 35.541928, 202.774429, 5307, 795032.0
228, 71.332625, 664.475989, 37.029893, 188.422615, 5430, 807051.0
229, 72.349200, 663.866811, 36.662949, 195.118286, 5269, 789637.0
230, 69.940476, 663.116714, 36.893981, 199.032576, 5390, 804267.0
231, 76.801615, 664.542759, 36.524919, 238.597480, 5490, 809721.0
232, 71.213418, 663.400957, 38.171012, 181.146087, 5312, 792410.0
233, 71.071561, 662.919214, 37.849610, 165.130001, 5632, 852393.0
234, 69.311902, 663.514058, 36.900094, 186.905892, 5537, 828193.0
235, 72.004551, 663.419215, 37.879064, 184.583441, 5414, 802126.0
236, 69.704350, 663.277233, 38.769203, 177.437237, 5504, 817342.0
237, 69.361348, 664.128738, 37.119904, 187.606076, 5646, 848109.0
238, 69.757619, 662.675031, 37.677822, 183.406253, 5476, 819100.0
239, 72.664092, 664.338793, 37.038910, 177.114267, 5386, 805723.0
240, 68.870814, 662.850063, 37.164721, 188.837814, 5561, 836331.0
241, 69.576513, 663.039910, 37.619734, 179.083977, 5485, 824556.0
242, 68.269196, 662.364377, 38.234161, 163.976394, 5613, 836953.0
243, 71.885778, 663.868593, 37.566327, 199.789840, 5341, 796904.0
244, 69.317848, 664.471190, 36.202600, 178.110353, 5599, 841528.0
245, 67.218243, 661.911155, 37.671989, 170.232568, 5325, 801348.0
246, 68.419249, 662.477430, 37.271948, 169.215112, 5531, 820342.0
247, 70.144733, 664.395245, 36.610900, 176.844485, 5622, 833780.0
248, 71.343130, 663.155695, 36.856841, 225.166324, 5340, 790667.0
249, 70.385616, 664.510893, 37.338959, 177.500285, 5518, 819731.0
250, 70.762088, 663.355239, 36.471618, 172.568687, 5414, 823516.0
251, 69.141545, 662.651087, 37.059908, 223.848776, 5333, 799550.0
252, 72.121427, 664.448116, 36.145407, 208.963762, 5166, 762160.0
253, 69.576810, 664.823325, 36.718526, 186.531578, 5497, 816387.0
254, 69.501108, 663.969394, 37.531314, 183.779173, 5539, 822977.0
255, 69.840221, 662.641950, 37.802010, 197.007835, 5241, 777314.0
256, 72.716317, 663.566817, 35.983418, 216.331936, 5161, 762456.0
257, 73.160152, 662.519049, 38.086483, 193.118576, 5377, 797332.0
258, 69.420083, 663.191343, 36.983227, 172.050038, 5612, 833887.0
259, 69.174647, 662.602265, 38.539282, 181.840172, 5413, 822745.0
260, 69.593024, 663.798109, 37.261499, 185.161682, 5614, 834829.0
261, 73.172610, 664.785533, 37.170248, 233.237967, 5190, 762722.0
262, 71.596785, 663.052662, 37.929246, 167.542073, 5484, 810355.0
263, 69.927276, 664.045571, 36.127220, 181.743992, 5382, 796952.0
264, 70.640287, 662.695130, 37.710947, 161.306437, 5549, 823198.0
265, 66.363004, 663.586104, 37.516442, 184.786926, 5531, 820605.0
266, 69.783939, 663.710028, 37.595331, 193.452522, 5299, 785775.0
267, 69.560762, 662.649818, 37.343698, 203.285356, 5372, 796841.0
268, 73.566165, 663.718146, 36.359954, 255.266423, 5270, 776847.0
269, 68.020739, 662.892222, 37.023462, 172.367078, 5554, 824620.0
270, 71.468994, 662.891481, 37.637653, 210.349235, 5348, 795787.0
271, 73.798776, 664.041948, 37.690527, 217.704160, 5379, 799653.0
272, 70.002202, 663.277153, 37.763681, 179.464427, 5470, 818893.0
273, 69.599680, 663.768578, 37.400432, 188.832090, 5404, 824729.0
274, 68.530430, 662.785151, 38.047100, 174.892243, 5450, 816413.0
275, 70.636726, 665.320675, 36.088643, 198.072876, 5545, 829435.0
276, 69.865986, 663.467725, 37.391459, 189.291417, 5593, 835430.0
277, 70.797125, 664.275103, 36.786445, 185.265773, 5598, 839675.0
278, 70.804209, 663.224885, 37.165782, 190.204185, 5364, 804228.0
279, 67.787634, 662.460121, 37.937009, 164.447943, 5498, 834674.0
280, 73.653765, 663.220855, 36.945017, 228.431937, 5378, 802064.0
281, 72.555384, 662.748350, 38.030190, 188.321233, 5361, 794369.0
282, 70.167408, 662.836137, 37.829510, 166.410531, 5621, 834250.0
283, 73.561603, 665.225678, 36.287412, 217.390598, 5096, 748937.0
284, 72.154301, 663.185999, 37.774938, 201.845413, 5278, 779365.0
285, 71.178882, 662.419905, 37.934230, 194.390561, 5455, 842592.0
286, 69.304806, 663.503354, 37.386401, 191.197717, 5634, 898626.0
287, 69.628583, 662.324753, 38.481610, 183.407631, 5500, 827155.0
288, 70.261539, 663.407945, 37.090475, 189.030491, 5379, 796845.0
289, 69.051656, 661.926569, 38.562616, 164.207155, 5444, 810370.0
290, 71.590786, 663.942623, 37.935133, 191.755024, 5488, 814521.0
291, 70.662466, 662.844061, 37.849651, 175.330781, 5495, 815926.0
292, 71.802637, 663.809468, 36.883640, 188.167500, 5366, 791097.0
293, 69.498292, 664.485125, 37.273734, 181.077530, 5649, 838106.0
294, 70.830051, 663.265703, 37.951132, 188.951096, 5554, 824351.0
295, 67.981439, 663.273147, 37.863251, 171.524141, 5605, 832226.0
296, 69.111514, 663.258793, 38.065390, 168.634687, 5580, 828067.0
297, 70.547470, 663.876381, 36.695360, 221.333745, 5317, 787535.0
298, 69.226720, 663.328619, 36.549361, 194.994428, 5478, 811220.0
299, 72.108150, 664.480435, 36.377320, 207.316776, 5230, 771319.0
300, 70.431037, 662.837081, 37.149356, 165.417034, 5466, 810323.0
301, 70.611786, 664.092678, 37.201170, 163.766128, 5684, 843671.0
302, 69.096603, 662.588828, 37.502656, 167.448852, 5616, 835483.0
303, 69.346479, 663.796960, 37.019975, 191.123176, 5489, 814334.0
304, 69.746350, 663.811245, 36.028328, 211.678832, 5306, 783966.0
305, 69.578511, 663.799367, 36.928413, 159.352907, 5630, 836515.0
306, 69.990418, 663.894395, 37.190520, 178.783038, 5543, 821951.0
307, 71.256343, 663.756201, 36.631268, 196.630145, 5244, 773648.0
308, 70.189368, 664.102485, 36.667902, 181.123395, 5652, 839356.0
309, 69.943985, 664.387974, 36.535314, 171.607290, 5664, 842242.0
310, 70.740343, 663.411548, 37.065290, 176.223887, 5560, 822504.0
311, 70.583607, 663.056236, 38.823578, 203.546499, 5344, 792468.0
312, 70.500014, 662.729629, 37.514622, 205.982586, 5375, 796638.0
313, 67.760099, 663.786781, 36.849141, 194.617449, 5277, 780687.0
314, 71.870958, 663.674217, 37.305372, 197.219306, 5426, 801617.0
315, 71.301402, 663.475520, 38.732839, 182.648437, 5172, 788356.0
316, 74.526737, 664.375164, 36.341315, 220.522605, 5370, 809961.0
317, 72.612417, 663.857423, 37.261158, 219.790509, 5387, 794624.0
318, 71.192744, 664.806168, 36.783043, 219.905800, 5317, 805197.0
319, 69.724042, 663.431495, 36.514458, 199.182031, 5465, 820215.0
320, 74.022720, 665.123882, 36.542705, 223.824282, 5313, 812815.0
321, 72.204018, 664.991733, 36.550135, 177.593946, 5340, 786817.0
322, 71.042427, 662.947949, 38.070178, 175.132501, 5630, 834680.0
323, 74.827660, 664.371320, 36.384058, 251.197728, 5254, 773234.0
324, 72.478567, 662.947763, 37.478603, 217.765431, 5266, 788534.0
325, 69.607971, 664.064165, 36.949325, 205.319612, 5271, 780348.0
326, 74.147261, 664.282737, 36.248446, 227.151751, 5308, 781011.0
327, 73.877848, 663.250903, 36.986353, 230.927669, 5383, 795697.0
328, 69.508330, 663.655451, 37.733851, 180.684391, 5618, 840786.0
329, 69.829014, 664.040454, 35.622930, 205.095121, 5489, 828515.0
330, 71.148524, 665.896198, 35.019422, 207.794480, 5203, 767818.0
331, 70.793069, 664.609504, 36.523469, 194.981907, 5424, 801711.0
332, 69.077934, 662.855778, 38.303575, 169.366883, 5563, 825604.0
333, 69.879653, 664.115968, 37.551670, 187.225963, 5508, 817248.0
334, 68.188315, 662.154578, 37.983364, 180.181176, 5642, 839592.0
335, 69.109979, 663.264921, 38.011357, 176.482178, 5582, 828029.0
336, 69.429424, 662.781615, 38.749676, 181.051301, 5418, 804343.0
337, 69.533666, 663.436400, 38.048435, 173.329588, 5527, 817706.0
338, 71.102547, 663.763494, 38.003464, 184.035690, 5408, 797510.0
339, 72.011799, 663.566906, 38.015892, 181.736672, 5445, 803400.0
340, 73.162477, 665.005405, 35.535286, 221.992467, 5238, 769295.0
341, 67.304435, 662.958307, 37.543177, 174.441684, 5593, 829333.0
342, 68.955061, 661.870237, 37.480033, 180.809883, 5422, 802991.0
343, 72.105547, 663.544610, 36.397483, 200.926978, 5281, 802904.0
344, 71.055814, 664.317634, 36.318894, 195.654649, 5437, 805493.0
345, 71.336821, 664.413116, 36.455318, 195.225861, 5369, 792293.0
346, 69.602308, 663.606770, 37.526340, 181.063680, 5695, 847219.0
347, 71.419996, 663.051307, 38.326352, 176.464456, 5390, 798381.0
348, 72.179665, 664.450095, 36.592392, 203.717903, 5296, 783233.0
349, 68.582266, 662.889289, 37.937901, 160.955934, 5586, 830795.0
350, 73.330728, 663.350078, 37.344286, 205.436973, 5361, 792911.0
351, 70.900294, 661.939292, 38.588105, 179.084309, 5411, 802544.0
352, 69.316247, 662.801785, 38.003373, 173.967506, 5629, 838198.0
353, 69.973325, 662.749057, 38.705727, 194.937186, 5373, 796356.0
354, 69.003994, 663.603129, 37.558645, 183.588982, 5555, 823701.0
355, 69.576399, 663.424085, 38.130524, 172.891558, 5559, 826297.0
356, 70.275713, 663.376999, 38.650390, 173.832144, 5433, 803759.0
357, 69.599179, 662.407959, 38.387003, 167.404147, 5498, 812598.0
358, 67.006449, 662.680084, 36.926936, 172.212088, 5455, 812759.0
359, 70.982918, 663.392151, 38.319297, 182.077201, 5554, 824091.0
360, 69.417216, 662.181811, 37.307609, 197.231362, 5355, 793057.0
361, 70.330822, 662.776713, 37.598158, 203.257540, 5484, 813044.0
362, 72.572939, 664.077978, 38.485488, 201.169516, 5419, 799916.0
363, 71.468856, 664.217496, 36.480680, 219.944408, 5261, 776054.0
364, 70.019290, 664.349570, 36.985925, 184.877719, 5740, 852636.0
365, 67.903750, 661.774030, 38.051747, 175.713308, 5530, 820885.0
366, 69.245071, 664.193861, 36.284056, 162.990226, 5596, 831032.0
367, 70.106913, 664.340442, 36.439086, 201.292018, 5378, 797435.0
368, 71.583344, 662.997970, 38.104795, 182.550171, 5372, 793493.0
369, 69.952847, 663.279633, 36.705748, 200.692460, 5551, 822932.0
370, 73.254842, 663.205276, 37.262886, 201.165425, 5339, 786490.0
371, 71.438722, 664.502520, 37.011373, 195.556276, 5398, 798857.0
372, 69.877274, 663.638484, 36.771748, 184.876929, 5430, 804044.0
373, 67.908608, 663.028675, 36.999545, 173.812460, 5520, 817874.0
374, 73.613990, 665.326695, 37.598863, 205.975103, 5361, 798517.0
375, 73.875981, 664.116303, 36.719233, 221.324837, 5401, 795815.0
376, 68.726465, 664.079891, 37.138292, 187.524302, 5355, 793505.0
377, 69.801193, 664.443674, 37.657038, 181.164540, 5384, 823224.0
378, 72.502607, 663.837876, 36.973211, 212.260700, 5358, 801059.0
379, 72.213101, 663.856011, 37.305920, 200.042198, 5414, 817446.0
380, 70.914673, 663.054178, 37.916507, 185.013208, 5589, 838381.0
381, 69.452200, 662.951740, 37.987233, 212.934986, 5279, 792673.0
382, 70.947800, 663.591979, 37.746472, 178.399653, 5599, 855042.0
383, 70.549244, 663.137325, 37.671231, 187.244162, 5508, 821946.0
384, 71.688066, 663.445573, 37.140436, 185.964702, 5391, 841201.0
385, 70.969250, 663.990869, 37.582199, 191.997287, 5287, 832952.0
386, 73.036298, 664.081209, 36.706492, 213.449446, 5234, 781020.0
387, 72.988847, 661.921667, 38.041906, 207.586392, 5401, 807318.0
388, 69.654316, 662.942408, 36.949044, 197.602816, 5322, 802693.0
389, 73.324550, 664.279611, 36.425067, 226.042345, 5374, 809236.0
390, 75.085308, 664.724641, 36.882507, 211.157125, 5375, 798738.0
391, 72.969160, 664.325272, 36.628558, 247.379786, 5231, 776031.0
392, 71.233221, 663.133389, 37.195157, 188.992425, 5311, 786241.0
393, 73.648932, 663.483712, 36.920233, 221.558160, 5365, 788739.0
394, 71.713285, 662.490215, 37.105295, 202.496029, 5288, 793017.0
395, 70.358734, 661.888003, 38.086800, 204.604875, 5273, 791292.0
396, 74.602566, 664.715950, 37.707222, 206.486000, 5368, 790995.0
397, 71.479420, 662.924006, 37.060651, 218.423326, 5296, 782751.0
398, 72.427666, 663.067805, 37.312384, 206.194270, 5370, 793755.0
399, 73.691243, 663.762639, 37.585769, 216.873106, 5276, 778180.0
400, 73.135293, 662.503224, 37.674858, 203.699553, 5404, 797948.0
401, 70.256738, 664.294934, 36.482618, 189.013984, 5571, 825766.0
402, 71.148778, 663.020767, 37.574202, 194.576674, 5406, 801107.0
403, 73.956508, 664.885418, 37.598181, 213.648148, 5363, 792842.0
404, 71.259003, 664.257275, 38.032591, 195.952573, 5493, 815828.0
405, 73.298508, 663.158882, 37.538491, 207.731490, 5360, 791739.0
406, 70.773525, 662.372198, 38.304269, 188.342080, 5526, 818992.0
407, 74.183822, 663.861734, 37.684060, 213.068722, 5363, 790023.0
408, 71.164393, 662.742736, 38.069689, 183.312618, 5616, 833638.0
409, 71.474283, 664.545235, 37.381185, 201.579137, 5241, 774381.0
410, 69.751487, 664.146133, 36.577371, 217.787776, 5416, 801874.0
411, 73.954985, 663.121234, 37.869296, 205.956805, 5435, 802688.0
412, 74.194168, 663.252285, 38.314131, 227.824780, 5438, 803426.0
413, 73.680623, 661.650836, 38.596232, 200.879007, 5360, 794412.0
414, 71.079142, 663.948576, 37.884109, 219.883934, 5217, 783792.0
415, 74.513892, 663.415772, 37.417195, 222.096692, 5303, 781024.0
416, 69.607839, 662.342260, 36.680440, 192.001087, 5312, 803314.0
417, 71.495258, 663.203836, 37.194269, 205.648419, 5271, 778861.0
418, 71.732882, 663.737459, 36.073857, 205.073430, 5339, 788210.0
419, 72.889914, 661.089256, 39.028727, 187.482848, 5420, 802460.0
420, 69.909608, 663.827150, 37.376947, 196.258092, 5418, 802154.0
421, 71.419626, 663.232851, 39.182215, 192.180485, 5379, 795567.0
422, 67.644024, 663.163424, 37.313794, 187.284033, 5378, 796898.0
423, 72.113254, 664.086709, 37.312304, 212.728166, 5291, 780252.0
424, 72.333799, 662.815201, 37.468505, 201.409890, 5388, 795858.0
425, 72.237578, 663.937649, 37.732973, 214.981541, 5221, 769868.0
426, 71.345010, 663.166100, 37.024902, 191.251233, 5383, 796748.0
427, 71.740711, 664.157482, 37.550870, 198.980106, 5446, 805239.0
428, 72.389984, 662.929091, 37.377201, 206.498626, 5379, 793069.0
429, 74.321177, 664.642238, 36.144429, 233.874719, 5401, 791132.0
430, 70.231016, 663.351899, 37.092228, 185.510098, 5539, 821476.0
431, 71.198600, 663.628867, 36.631205, 196.795491, 5369, 794257.0
432, 72.262852, 663.588378, 37.843974, 181.255385, 5446, 805687.0
433, 68.750194, 662.198995, 37.351170, 184.600438, 5409, 801452.0
434, 70.782272, 662.843364, 36.932888, 182.915957, 5414, 801042.0
435, 70.453315, 663.082573, 37.765484, 186.152279, 5542, 821319.0
436, 70.930990, 663.194183, 36.709554, 189.265305, 5311, 787915.0
437, 70.670892, 664.411308, 37.497792, 177.393368, 5560, 827383.0
438, 70.194177, 664.107219, 36.953951, 173.768373, 5601, 830779.0
439, 68.791710, 663.495623, 37.345983, 171.776515, 5517, 824154.0
440, 72.165803, 662.731098, 37.847052, 209.452013, 5226, 784258.0
441, 71.563451, 663.972416, 35.700666, 194.027710, 5444, 809347.0
442, 71.002072, 663.379464, 37.517574, 183.047279, 5551, 852251.0
443, 71.249928, 662.869021, 37.448588, 196.794417, 5340, 794528.0
444, 70.078712, 662.541184, 37.705190, 184.043118, 5384, 801784.0
445, 68.311421, 662.447262, 38.505714, 170.968174, 5528, 826214.0
446, 71.664681, 664.079295, 36.832968, 209.773018, 5109, 753940.0
447, 72.810590, 663.376168, 37.472200, 205.510559, 5314, 786734.0
448, 71.148795, 663.269216, 37.502288, 197.660889, 5279, 783277.0
449, 71.236091, 665.597179, 36.393220, 198.362851, 5251, 786499.0
450, 71.529966, 663.325273, 37.467882, 207.581805, 5288, 786686.0
451, 71.610709, 662.983528, 37.599161, 194.990964, 5376, 798967.0
452, 69.977831, 662.164876, 37.621544, 174.154268, 5562, 828825.0
453, 68.248594, 662.714368, 37.308793, 179.351143, 5459, 810350.0
454, 67.746948, 662.171623, 38.433366, 179.168375, 5457, 809517.0
455, 71.391104, 663.771667, 37.619389, 180.068701, 5338, 790662.0
456, 71.966845, 664.182167, 36.340311, 204.446863, 5421, 819780.0
457, 73.599151, 663.765451, 38.148295, 201.750408, 5450, 804992.0
458, 68.212386, 663.463097, 37.521576, 188.678586, 5451, 809194.0
459, 71.396537, 663.139286, 37.748349, 186.188784, 5498, 815910.0
460, 73.585613, 665.190453, 37.670568, 211.883291, 5428, 801774.0
461, 71.798968, 664.058761, 37.364606, 190.964590, 5282, 782426.0
462, 70.183599, 663.264456, 36.574392, 177.458631, 5619, 834892.0
463, 72.974694, 663.817374, 37.120150, 199.669411, 5318, 784182.0
464, 72.841815, 664.805862, 36.456205, 202.362379, 5229, 769717.0
465, 70.630968, 662.633705, 37.968971, 202.099466, 5506, 824998.0
466, 70.966428, 662.902618, 37.517788, 188.742658, 5366, 801056.0
467, 68.781729, 663.664320, 36.892835, 184.218638, 5465, 823006.0
468, 69.609259, 663.347982, 38.402265, 169.863526, 5489, 822420.0
469, 69.715395, 664.195046, 36.088452, 203.770564, 5300, 787579.0
470, 71.725811, 664.858718, 36.056655, 188.082072, 5331, 786990.0
471, 71.569342, 662.508291, 38.567250, 177.525386, 5330, 788128.0
472, 69.675861, 661.834506, 37.828723, 181.750727, 5330, 790479.0
473, 72.698077, 663.522563, 38.175983, 197.925164, 5395, 796068.0
474, 69.942751, 663.085617, 37.478184, 173.750178, 5531, 825739.0
475, 68.710606, 662.659824, 36.791624, 189.514439, 5440, 818402.0
476, 70.519408, 661.800735, 37.702603, 198.131276, 5657, 845927.0
477, 69.634413, 663.278367, 37.571990, 196.433171, 5409, 802367.0
478, 70.293614, 662.921050, 37.138175, 191.008995, 5521, 823290.0
479, 72.432047, 663.351609, 37.611413, 193.274466, 5373, 798875.0
480, 70.115530, 663.004419, 37.547368, 189.565934, 5252, 790002.0
481, 69.652427, 662.686205, 37.373552, 203.281625, 5287, 793883.0
482, 69.661437, 663.002265, 36.603077, 186.977023, 5558, 832503.0
483, 69.871241, 664.285078, 37.055376, 192.088886, 5446, 814269.0
484, 68.353246, 663.178567, 38.630892, 153.528788, 5620, 858065.0
485, 70.549855, 661.597116, 38.242248, 211.876330, 5411, 801504.0
486, 69.389147, 663.801815, 36.900804, 163.850071, 5624, 835193.0
487, 69.684503, 664.410635, 36.625076, 183.995081, 5523, 819206.0
488, 71.181549, 663.780421, 37.060002, 189.816447, 5338, 791808.0
489, 71.263971, 663.549849, 37.570899, 175.374005, 5565, 838280.0
490, 71.161269, 663.244860, 37.806087, 193.990101, 5290, 786414.0
491, 74.101264, 664.562824, 36.827609, 239.556518, 5282, 782463.0
492, 71.680764, 663.788543, 36.904107, 207.762307, 5279, 783751.0
493, 68.493264, 662.756019, 37.616091, 191.664212, 5526, 826751.0
494, 70.792801, 663.782392, 37.329760, 185.723839, 5591, 910490.0
495, 72.031287, 662.883618, 37.643233, 207.749952, 5368, 802337.0
496, 68.517272, 662.459590, 37.604035, 201.506469, 5470, 815647.0
497, 72.206886, 662.427424, 37.740416, 215.788447, 5201, 771722.0
498, 73.694399, 664.462917, 37.223536, 212.284255, 5390, 799198.0
499, 74.167967, 664.339358, 36.355973, 239.702091, 5256, 800572.0
500, 71.936169, 663.130905, 37.402610, 194.159963, 5333, 794983.0
501, 68.739076, 663.150794, 37.402302, 182.854799, 5568, 827404.0
502, 71.455939, 664.673791, 35.677065, 172.762024, 5401, 798910.0
503, 68.939268, 663.232851, 37.984680, 176.547558, 5496, 818327.0
504, 73.913930, 665.458435, 36.404799, 229.305599, 5296, 779194.0
505, 68.789717, 664.269180, 37.814008, 165.519948, 5506, 823208.0
506, 72.702262, 663.701230, 37.530464, 202.823220, 5410, 802487.0
507, 72.443117, 666.110492, 34.987571, 202.928558, 5245, 775878.0
508, 70.784071, 664.015996, 37.565244, 201.048231, 5209, 773778.0
509, 72.309279, 663.234649, 37.746645, 206.952437, 5385, 801801.0
510, 68.462136, 664.763513, 36.666835, 170.278684, 5569, 830032.0
511, 71.827839, 663.632749, 36.969727, 189.710891, 5313, 790691.0
512, 73.203696, 662.103881, 37.869927, 230.168830, 5203, 789547.0
513, 73.562904, 663.334276, 37.096195, 202.455280, 5372, 806742.0
514, 71.739118, 664.532916, 36.549026, 214.502204, 5160, 766938.0
515, 72.218609, 663.176234, 37.510156, 188.278392, 5208, 781655.0
516, 74.260382, 663.997766, 36.819422, 228.290003, 5322, 794194.0
517, 70.878497, 662.643539, 37.521049, 198.392883, 5444, 817613.0
518, 68.834664, 663.424640, 37.289678, 173.816753, 5543, 836034.0
519, 68.952587, 664.604597, 36.193380, 180.089772, 5480, 824990.0
520, 73.451090, 662.612039, 38.295907, 228.769469, 5283, 786780.0
521, 69.765276, 663.385279, 37.686758, 180.881317, 5453, 813306.0
522, 70.101810, 663.485303, 37.223515, 194.794869, 5515, 823056.0
523, 72.718416, 665.600714, 35.125296, 213.833972, 5108, 752975.0
524, 71.594420, 663.742679, 37.678038, 193.053549, 5418, 828041.0
525, 71.929828, 663.044485, 37.808048, 207.122878, 5345, 794274.0
526, 71.434234, 663.554337, 38.235504, 169.999865, 5564, 842140.0
527, 71.992321, 663.807934, 36.960202, 177.663921, 5482, 812811.0
528, 69.733404, 663.377978, 36.548380, 184.605980, 5560, 825089.0
529, 72.038265, 663.877925, 37.126781, 197.860565, 5219, 776180.0
530, 68.798636, 663.489842, 36.516910, 181.854265, 5472, 813084.0
531, 73.078336, 664.563446, 35.784815, 236.397736, 5303, 780064.0
532, 72.306109, 664.530458, 37.196248, 208.761710, 5320, 785773.0
533, 71.978439, 665.469891, 35.128455, 219.663788, 5192, 764386.0
534, 68.069124, 663.695605, 36.493606, 162.489314, 5554, 826134.0
535, 70.445737, 663.263544, 37.079620, 184.913836, 5483, 813337.0
536, 69.812456, 662.646475, 38.527557, 190.941924, 5420, 805464.0
537, 70.881466, 662.505739, 38.082240, 187.784279, 5501, 816980.0
538, 69.167635, 662.541312, 37.171442, 180.274863, 5638, 839706.0
539, 73.008982, 662.967998, 37.736944, 238.050487, 5172, 765011.0
540, 69.209296, 663.502488, 37.524689, 175.783015, 5590, 838363.0
541, 71.712326, 663.075310, 38.072272, 188.718467, 5350, 792881.0
542, 69.743692, 662.655134, 38.546633, 181.347777, 5589, 833947.0
543, 71.000843, 664.007846, 36.632584, 223.607978, 5395, 800521.0
544, 70.530491, 663.845396, 37.851390, 188.237019, 5529, 823063.0
545, 68.936750, 663.380042, 37.439948, 174.570253, 5546, 826495.0
546, 69.671316, 662.924327, 36.496306, 212.912639, 5243, 777248.0
547, 70.952809, 663.600799, 37.937660, 177.097292, 5639, 846700.0
548, 69.824900, 664.670047, 36.436990, 210.598391, 5392, 799773.0
549, 71.258319, 663.676713, 37.127498, 187.007146, 5645, 838250.0
550, 70.355699, 663.280141, 37.587242, 212.079720, 5338, 791169.0
551, 70.973144, 663.641782, 37.144628, 179.754254, 5488, 813656.0
552, 69.234811, 663.205194, 37.429414, 188.302538, 5550, 831129.0
553, 72.262521, 663.909093, 37.312054, 192.111812, 5195, 767389.0
554, 72.152374, 663.137031, 37.895641, 192.254745, 5303, 784710.0
555, 70.623500, 663.495246, 38.587356, 181.126427, 5517, 842327.0
556, 70.969114, 662.581802, 37.313197, 189.427337, 5510, 818572.0
557, 70.045948, 663.636913, 37.429133, 189.990943, 5515, 819834.0
558, 71.739611, 663.811986, 36.443156, 220.178268, 5210, 775517.0
559, 71.159835, 664.667888, 37.033885, 222.446477, 5295, 783087.0
560, 69.417360, 665.067191, 36.660387, 196.531170, 5597, 832254.0
561, 72.816462, 665.368563, 36.453670, 193.535564, 5413, 800582.0
562, 70.305922, 662.385008, 38.658222, 202.225439, 5457, 812444.0
563, 69.966107, 663.473816, 36.601721, 183.998693, 5629, 835620.0
564, 73.983876, 663.828002, 37.730586, 226.549202, 5339, 787680.0
565, 71.528337, 663.851653, 37.743493, 185.115577, 5440, 807824.0
566, 69.830757, 663.291050, 37.580779, 193.893466, 5590, 831598.0
567, 67.991466, 662.677275, 38.298428, 165.295587, 5499, 830540.0
568, 74.648416, 663.232004, 36.975192, 228.875250, 5391, 852687.0
569, 71.467228, 662.240698, 38.241309, 204.167736, 5477, 837486.0
570, 70.735803, 663.607559, 36.465173, 169.140070, 5715, 847210.0
571, 73.679445, 665.245260, 36.092048, 206.553276, 5329, 787142.0
572, 71.276148, 662.974097, 37.668968, 212.002261, 5097, 755238.0
573, 70.334503, 663.944695, 37.565689, 163.976566, 5540, 824732.0
574, 70.395770, 663.414073, 36.139553, 185.289521, 5341, 794087.0
575, 71.750324, 663.217865, 38.437665, 186.603710, 5481, 819336.0
576, 74.042752, 662.135653, 38.781203, 227.869339, 5272, 782192.0
577, 72.621954, 661.802854, 38.588959, 208.482584, 5316, 787089.0
578, 70.339581, 662.358165, 38.173265, 187.474598, 5459, 810890.0
579, 71.393013, 662.562596, 37.606349, 191.079856, 5322, 788444.0
580, 75.245270, 665.743217, 35.395979, 241.181903, 5370, 796327.0
581, 69.163691, 664.185156, 37.164862, 185.919673, 5572, 835364.0
582, 75.202150, 663.326959, 37.285626, 219.890333, 5327, 784071.0
583, 73.791884, 664.430891, 36.804418, 203.459407, 5409, 815443.0
584, 70.554397, 662.892613, 38.309199, 200.734599, 5307, 790423.0
585, 69.791088, 663.449510, 36.891048, 174.411654, 5601, 837205.0
586, 72.018396, 662.740111, 37.949914, 192.812860, 5297, 790264.0
587, 74.253932, 663.502421, 37.446458, 203.004165, 5278, 777845.0
588, 70.814435, 664.924487, 37.002569, 202.730929, 5130, 758091.0
589, 68.425953, 662.513086, 38.290139, 177.870537, 5398, 803777.0
590, 71.177418, 661.808244, 38.108180, 211.250171, 5123, 760235.0
591, 68.746436, 662.865402, 38.003209, 196.877402, 5483, 815597.0
592, 72.426282, 663.077752, 37.771456, 215.406948, 5375, 796939.0
593, 69.803234, 663.578846, 37.839858, 185.306933, 5649, 841223.0
594, 72.359920, 663.955864, 36.303218, 210.129148, 5279, 781582.0
595, 69.530931, 662.510201, 38.008220, 190.120444, 5379, 799331.0
596, 72.440260, 665.174146, 35.462899, 222.696222, 5120, 754191.0
597, 68.893325, 663.075701, 38.304297, 161.939834, 5505, 820222.0
598, 68.789839, 662.949349, 37.766512, 171.446418, 5635, 845901.0
599, 72.902519, 663.946729, 36.421770, 199.620575, 5355, 793343.0
600, 71.617342, 662.928796, 37.749863, 192.899761, 5251, 779911.0
601, 70.124967, 661.738846, 37.564110, 210.892394, 5296, 786329.0
602, 71.034007, 663.321605, 37.045873, 189.385183, 5337, 792661.0
603, 68.964788, 664.454319, 36.294354, 174.517767, 5487, 815093.0
604, 73.130616, 663.454955, 37.461485, 196.922969, 5382, 794892.0
605, 76.174411, 665.474345, 35.893478, 235.549389, 5336, 784926.0
606, 69.542487, 662.480478, 37.375900, 181.856128, 5509, 818822.0
607, 71.140236, 663.956419, 36.330579, 170.480885, 5547, 821976.0
608, 71.730299, 663.918450, 36.459459, 206.387531, 5221, 771850.0
609, 70.971938, 663.399483, 37.874672, 201.279374, 5586, 829379.0
610, 71.919622, 662.714186, 38.639634, 203.426813, 5399, 799406.0
611, 70.594591, 664.103813, 36.139989, 188.176682, 5292, 783449.0
612, 74.542502, 664.229399, 36.635005, 236.624833, 5170, 760270.0
613, 70.961685, 662.938465, 36.803482, 210.033730, 5346, 792167.0
614, 68.546541, 662.595511, 38.208487, 172.201719, 5567, 829727.0
615, 71.872945, 662.521894, 37.391995, 206.484370, 5284, 783834.0
616, 67.867769, 663.753133, 36.420801, 173.139954, 5360, 795968.0
617, 71.078983, 664.056350, 37.116394, 194.102630, 5430, 805839.0
618, 71.304539, 663.399884, 37.930276, 180.929885, 5570, 827990.0
619, 69.321245, 662.183147, 38.564882, 177.868493, 5573, 829963.0
620, 67.317085, 662.914488, 37.302735, 185.917612, 5273, 784360.0
621, 70.867654, 663.588962, 38.064931, 169.795036, 5569, 829712.0
622, 70.287975, 662.833033, 36.598344, 189.670998, 5376, 798869.0
623, 71.419574, 663.163510, 38.238690, 211.545150, 5344, 794357.0
624, 69.259498, 662.758062, 36.917365, 181.993391, 5456, 810654.0
625, 68.791862, 662.583343, 38.104435, 176.203717, 5501, 819916.0
626, 72.944095, 663.532765, 37.762829, 228.559249, 5319, 795130.0
627, 72.812262, 664.308039, 37.141586, 202.438341, 5255, 777870.0
628, 68.594509, 663.686648, 38.142869, 190.547782, 5476, 815207.0
629, 71.853550, 664.036164, 37.026524, 186.840393, 5463, 809742.0
630, 68.630256, 663.033233, 37.767096, 164.827732, 5662, 846755.0
631, 69.773211, 662.630411, 38.360611, 164.102668, 5538, 826432.0
632, 67.169199, 662.782004, 38.130101, 169.858935, 5392, 802675.0
633, 72.006075, 665.031467, 35.878552, 182.381141, 5337, 788771.0
634, 71.985591, 663.764828, 37.814100, 206.221020, 5287, 783238.0
635, 69.365238, 662.904429, 37.062152, 196.874422, 5442, 810902.0
636, 70.773285, 663.991507, 36.965433, 194.660590, 5125, 760307.0
637, 69.770269, 662.691356, 37.525339, 188.413764, 5576, 828483.0
638, 72.074620, 664.037754, 37.521694, 233.045268, 5175, 765185.0
639, 69.731092, 664.519887, 37.098718, 176.099407, 5464, 812725.0
640, 70.945632, 662.770219, 38.458013, 185.341944, 5520, 823230.0
641, 68.546761, 663.782565, 37.576457, 165.242185, 5629, 841483.0
642, 69.333739, 663.064729, 37.481949, 176.978886, 5501, 817715.0
643, 67.946049, 662.690570, 37.921918, 175.455908, 5318, 793753.0
644, 70.869797, 661.695416, 38.776216, 195.412988, 5428, 806495.0
645, 70.950166, 662.834371, 38.285656, 180.335771, 5448, 810157.0
646, 69.068270, 661.702256, 38.839559, 175.117323, 5548, 824869.0
647, 69.668658, 662.916503, 36.880517, 190.873408, 5274, 783277.0
648, 69.183959, 662.211718, 37.658184, 185.504510, 5616, 835758.0
649, 74.486297, 663.953316, 37.445458, 215.688243, 5360, 791783.0
650, 69.685313, 663.970503, 37.235359, 172.945486, 5565, 828631.0
651, 67.093348, 663.604266, 36.939116, 169.728707, 5455, 811793.0
652, 69.968407, 664.328478, 36.694515, 178.856519, 5521, 821663.0
653, 68.917606, 663.120485, 37.649830, 161.660794, 5629, 839196.0
654, 72.301852, 662.669452, 38.486370, 192.703120, 5328, 814800.0
655, 67.769369, 663.140115, 36.780431, 183.859455, 5376, 797207.0
656, 70.710711, 662.973794, 37.387258, 186.852207, 5234, 776301.0
657, 71.891970, 664.581942, 37.258114, 197.416256, 5419, 802626.0
658, 72.583434, 664.274187, 36.906139, 211.744863, 5358, 791479.0
659, 69.811740, 662.525700, 38.130694, 177.068392, 5516, 820297.0
660, 68.873422, 663.380313, 37.515422, 189.522978, 5530, 822726.0
661, 73.879904, 663.913772, 38.453110, 234.927532, 5361, 791571.0
662, 70.317862, 665.167115, 36.499586, 170.511845, 5586, 831084.0
663, 71.509837, 663.757679, 37.523236, 181.843001, 5522, 820786.0
664, 69.811892, 663.067243, 38.495164, 174.673501, 5534, 824209.0
665, 69.121024, 662.542605, 38.018686, 179.538486, 5575, 828214.0
666, 69.729684, 663.164232, 37.228795, 182.743352, 5474, 813817.0
667, 74.175376, 664.194945, 35.891859, 231.661140, 5317, 784447.0
668, 71.273541, 662.962700, 37.887534, 175.690447, 5477, 812588.0
669, 70.174933, 664.248499, 37.096114, 184.356780, 5644, 838100.0
670, 70.452499, 664.595885, 36.802728, 176.172132, 5602, 833308.0
671, 70.922070, 664.528489, 36.703673, 193.855030, 5392, 800567.0
672, 68.800049, 663.237376, 37.669796, 183.706494, 5412, 807378.0
673, 70.373210, 664.602154, 36.697983, 178.468499, 5515, 818676.0
674, 68.121538, 662.438642, 37.363089, 178.405290, 5414, 805156.0
675, 71.179423, 664.438967, 37.082756, 190.264245, 5484, 814545.0
676, 71.695362, 662.686457, 37.213622, 184.466187, 5087, 753560.0
677, 70.844061, 663.674251, 37.487268, 182.368709, 5490, 816985.0
678, 67.656100, 662.610647, 37.619622, 176.971473, 5401, 803024.0
679, 68.659352, 665.185076, 34.871733, 175.816718, 5603, 832589.0
680, 67.714851, 662.448809, 37.817605, 176.056311, 5417, 805802.0
681, 66.610006, 663.179768, 37.796709, 182.487326, 5467, 812595.0
682, 66.569168, 662.834965, 37.103056, 158.769160, 5464, 811908.0
683, 70.029241, 664.036333, 36.924541, 174.423993, 5646, 837990.0
684, 66.580066, 663.686745, 37.470844, 160.637820, 5427, 806459.0
685, 69.981732, 662.444798, 38.642227, 171.667316, 5560, 827869.0
686, 69.091603, 662.552992, 38.306343, 160.043192, 5594, 875067.0
687, 69.842544, 663.108187, 37.517563, 179.903008, 5601, 833091.0
688, 71.531420, 663.538857, 38.331383, 196.493077, 5297, 784677.0
689, 66.718645, 663.534964, 36.825282, 171.664434, 5457, 810733.0
690, 69.216825, 662.675462, 37.746690, 176.899640, 5497, 819504.0
691, 69.484495, 662.990788, 36.895919, 177.572270, 5585, 840001.0
692, 68.858080, 663.530502, 36.891354, 171.294465, 5636, 844892.0
693, 69.685374, 663.255424, 37.202211, 184.205346, 5537, 823557.0
694, 71.905047, 663.148006, 38.089465, 199.711241, 5413, 801911.0
695, 72.324056, 664.145150, 36.820458, 213.467254, 5155, 760976.0
696, 69.497476, 663.906788, 37.406462, 199.066739, 5406, 831483.0
697, 69.088943, 662.824649, 37.003790, 172.346635, 5524, 822551.0
698, 70.024075, 663.057761, 36.747214, 202.472696, 5300, 786501.0
699, 70.976039, 664.397410, 36.942419, 179.090977, 5470, 812785.0
700, 73.343110, 663.431378, 37.343397, 206.645454, 5439, 804705.0
701, 73.743057, 663.698237, 37.868898, 190.617249, 5458, 807607.0
702, 72.260064, 662.192428, 38.423830, 177.633830, 5437, 806857.0
703, 68.880188, 662.757710, 37.661652, 179.861825, 5453, 811153.0
704, 72.803383, 663.586246, 37.584559, 209.729880, 5289, 782476.0
705, 70.486440, 662.280329, 37.788464, 176.217378, 5563, 825709.0
706, 69.632523, 664.623743, 35.890343, 191.454636, 5517, 817343.0
707, 71.217800, 662.970530, 38.160712, 217.792946, 5069, 749561.0
708, 70.399102, 663.105936, 37.612318, 173.304141, 5496, 815797.0
709, 69.614368, 663.681364, 36.678547, 198.157998, 5475, 811666.0
710, 67.787317, 663.462467, 37.415935, 178.941341, 5339, 792195.0
711, 69.784062, 663.500620, 37.220663, 193.868683, 5511, 819507.0
712, 70.329473, 663.969097, 37.572726, 187.800276, 5485, 815478.0
713, 69.649883, 664.083669, 36.968977, 174.697965, 5646, 838482.0
714, 69.685639, 663.510885, 37.615633, 193.297465, 5401, 802894.0
715, 73.303940, 663.608097, 37.335520, 218.338218, 5378, 794704.0
716, 71.039235, 664.286723, 36.890463, 193.032890, 5458, 809681.0
717, 69.750248, 662.971467, 39.012097, 176.651731, 5465, 814841.0
718, 68.505765, 663.047233, 36.856242, 187.216097, 5444, 808515.0
719, 67.601905, 662.682034, 37.409841, 194.224831, 5289, 784785.0
720, 68.756467, 663.917594, 36.749600, 175.412709, 5450, 808677.0
721, 71.620601, 664.072613, 37.179546, 203.000964, 5281, 781096.0
722, 70.460566, 663.202786, 37.597293, 205.973268, 5381, 797734.0
723, 70.898127, 662.658307, 38.226742, 191.334550, 5527, 819984.0
724, 68.537261, 663.757675, 36.699311, 180.282770, 5607, 852466.0
725, 67.028022, 662.118600, 38.403441, 186.457506, 5339, 794957.0
726, 69.115413, 662.803200, 37.148613, 184.660812, 5599, 832796.0
727, 67.494139, 662.499613, 37.971897, 167.828818, 5489, 817581.0
728, 69.477177, 663.007947, 37.672897, 175.779824, 5612, 836060.0
729, 69.480360, 664.584411, 37.570188, 167.744921, 5501, 818518.0
730, 71.533218, 663.035845, 37.046513, 199.262146, 5252, 779835.0
731, 71.026427, 663.227732, 36.934625, 194.234061, 5204, 772005.0
732, 71.974599, 662.664280, 38.007573, 180.289671, 5370, 797337.0
733, 68.867260, 662.686050, 36.978197, 175.646399, 5577, 829454.0
734, 72.776709, 664.827780, 36.150454, 208.576276, 5113, 754696.0
735, 69.178668, 662.867579, 37.947370, 169.537014, 5673, 845592.0
736, 67.753407, 663.250407, 38.112628, 157.513284, 5664, 844003.0
737, 70.106923, 663.208655, 37.857507, 188.546505, 5461, 812181.0
738, 67.620640, 663.869170, 36.522581, 170.291485, 5525, 823088.0
739, 69.678287, 663.744324, 37.105364, 204.879333, 5436, 808513.0
740, 67.284499, 664.185967, 37.325856, 167.504715, 5535, 823640.0
741, 70.007224, 664.504746, 36.573326, 186.857580, 5356, 796225.0
742, 67.352554, 663.394395, 37.816153, 153.372709, 5568, 828605.0
743, 70.229875, 663.694354, 37.259623, 184.036986, 5514, 820218.0
744, 70.504513, 663.670567, 37.138523, 187.108808, 5557, 826185.0
745, 68.910850, 662.527922, 37.733811, 164.282499, 5698, 849248.0
746, 70.187469, 663.422986, 37.583302, 184.262245, 5572, 829594.0
747, 69.717383, 663.838416, 36.858094, 181.708484, 5463, 812251.0
748, 68.543658, 663.088680, 37.684742, 167.855733, 5505, 820439.0
749, 68.007982, 663.083142, 37.986437, 156.288344, 5482, 815721.0
750, 68.590303, 663.373083, 37.953187, 171.259231, 5600, 834256.0
751, 69.137413, 663.419474, 38.072693, 172.630253, 5623, 837334.0
752, 67.599752, 663.014062, 37.438985, 160.089741, 5430, 836527.0
753, 69.175901, 663.762507, 36.431848, 167.169508, 5518, 819415.0
754, 67.176610, 661.776314, 37.763519, 167.773209, 5377, 798996.0
755, 67.303266, 662.958495, 37.283746, 157.600795, 5491, 815399.0
756, 67.893147, 662.270809, 37.393669, 170.111760, 5548, 824402.0
757, 68.542678, 662.934895, 37.703748, 177.711775, 5496, 817430.0
758, 68.429594, 665.369407, 35.957927, 162.932894, 5546, 824867.0
759, 67.299275, 664.116210, 36.145714, 168.750136, 5447, 808970.0
760, 69.098971, 664.460089, 36.380161, 185.297292, 5572, 829717.0
761, 68.114126, 663.012813, 37.235469, 168.423361, 5572, 830474.0
762, 70.342535, 664.197740, 36.885357, 181.575367, 5645, 837756.0
763, 72.197221, 663.756560, 37.246144, 191.557149, 5338, 789489.0
764, 69.091212, 663.076166, 38.315235, 159.526127, 5672, 844599.0
765, 71.614503, 665.273802, 36.730415, 189.500428, 5400, 797782.0
766, 69.981345, 662.374204, 38.467306, 175.018922, 5541, 824133.0
767, 70.282394, 664.046464, 37.197159, 192.251078, 5541, 821499.0
768, 69.057364, 663.446170, 37.565455, 165.374139, 5509, 819770.0
769, 70.458988, 662.639890, 37.077263, 200.587691, 5337, 790767.0
770, 68.718067, 663.175216, 37.867565, 185.386129, 5435, 808082.0
771, 68.400264, 663.789490, 36.858871, 168.107007, 5501, 818542.0
772, 68.879247, 663.314438, 38.200504, 181.131472, 5479, 815647.0
773, 71.876745, 664.301218, 36.099700, 198.646780, 5302, 783405.0
774, 70.313937, 662.891756, 37.848017, 185.447919, 5533, 821411.0
775, 68.040292, 662.512608, 38.303930, 170.644837, 5564, 838395.0
776, 70.020800, 664.475955, 37.551628, 169.915052, 5575, 842750.0
777, 70.381341, 661.883453, 37.664120, 201.450266, 5353, 798750.0
778, 68.861023, 663.093324, 37.081910, 170.721343, 5518, 820954.0
779, 71.720537, 663.347351, 37.305649, 186.238137, 5367, 794593.0
780, 69.058948, 662.967701, 37.246162, 169.007442, 5652, 841192.0
781, 71.046928, 663.429539, 37.411188, 198.637674, 5543, 821543.0
782, 71.505263, 663.652423, 37.323927, 164.166919, 5459, 807425.0
783, 71.517469, 664.178261, 36.851768, 198.612079, 5382, 795584.0
784, 67.597182, 662.806838, 38.948553, 165.500059, 5579, 829294.0
785, 68.170787, 663.291559, 36.476024, 182.575492, 5447, 809313.0
786, 67.840311, 663.009156, 36.928815, 159.550048, 5591, 831415.0
787, 71.179731, 662.755702, 37.322195, 194.827186, 5170, 764694.0
788, 68.317947, 664.041109, 37.342078, 172.902321, 5479, 815604.0
789, 68.737356, 663.285535, 36.623256, 168.054399, 5547, 823954.0
790, 68.456306, 663.647260, 38.381846, 159.938188, 5608, 834303.0
791, 67.468954, 663.923080, 36.493707, 165.646069, 5454, 809172.0
792, 69.312209, 662.667051, 37.048991, 179.436865, 5595, 832243.0
793, 69.157356, 662.245763, 37.630749, 169.036875, 5452, 809755.0
794, 66.658152, 663.209151, 37.417211, 153.161575, 5414, 822182.0
795, 69.681663, 662.249494, 38.623410, 190.318292, 5523, 822617.0
796, 70.835673, 662.979566, 38.013663, 193.389420, 5497, 816307.0
797, 68.726307, 663.807284, 37.836908, 159.700433, 5627, 839189.0
798, 67.392497, 662.847999, 37.876522, 160.299415, 5566, 828454.0
799, 69.740532, 664.422970, 37.204831, 171.741960, 5614, 836493.0
800, 68.471016, 663.853062, 35.850809, 181.844353, 5604, 833321.0
801, 69.343652, 663.202719, 38.169180, 156.430918, 5658, 846296.0
802, 66.472524, 662.383924, 36.678848, 164.622518, 5469, 815965.0
803, 72.509550, 664.146199, 37.194975, 207.980920, 5319, 790104.0
804, 71.014985, 664.499563, 36.451830, 199.348259, 5396, 801483.0
805, 71.285187, 662.998057, 37.208347, 188.943314, 5617, 847697.0
806, 68.619897, 662.952339, 36.691171, 188.031542, 5349, 800555.0
807, 70.017818, 664.055274, 35.916475, 195.603996, 5461, 815689.0
808, 70.186450, 663.993273, 36.939015, 171.492551, 5564, 833110.0
809, 70.309833, 663.737910, 37.316285, 186.298543, 5488, 816323.0
810, 67.291620, 662.640337, 38.007009, 165.278728, 5407, 805779.0
811, 69.015977, 664.040922, 37.702657, 165.657250, 5476, 830560.0
812, 68.742988, 662.637183, 37.714436, 165.607623, 5677, 847385.0
813, 70.999568, 662.931511, 37.421361, 184.765333, 5389, 800067.0
814, 68.806184, 662.868324, 37.408423, 189.188211, 5312, 790128.0
815, 69.299029, 663.471428, 37.466675, 191.272376, 5393, 802128.0
816, 69.397628, 664.406034, 37.218494, 173.203318, 5465, 819573.0
817, 71.705815, 664.119553, 38.043808, 199.935044, 5204, 775127.0
818, 67.267797, 662.834524, 37.093200, 176.135936, 5357, 797560.0
819, 69.783139, 664.172451, 36.853139, 179.174572, 5427, 811729.0
820, 69.381256, 663.459688, 37.556205, 179.476775, 5571, 832829.0
821, 70.215263, 662.688398, 38.235743, 184.717297, 5518, 825047.0
822, 71.038138, 663.209781, 37.250493, 185.648638, 5564, 862237.0
823, 71.021247, 663.524475, 38.108138, 186.642001, 5518, 826105.0
824, 69.791841, 661.891047, 38.616982, 199.739394, 5320, 789531.0
825, 69.797372, 662.533358, 38.014543, 200.098088, 5329, 791978.0
826, 67.888720, 662.382151, 38.442179, 171.024301, 5516, 821498.0
827, 67.692664, 663.309612, 36.864417, 174.967268, 5340, 793723.0
828, 66.540166, 661.026017, 37.845161, 162.903139, 5388, 801932.0
829, 68.446293, 662.915144, 36.879400, 181.282965, 5509, 820031.0
830, 68.670679, 662.635324, 38.949895, 149.080610, 5566, 830164.0
831, 68.165486, 662.182281, 38.592501, 168.179076, 5621, 837454.0
832, 68.861668, 662.563358, 37.411812, 197.791979, 5594, 832877.0
833, 70.564920, 663.268447, 37.922750, 194.003908, 5520, 820943.0
834, 68.680986, 663.635687, 37.241147, 179.889288, 5511, 820664.0
835, 68.167580, 663.025158, 36.458455, 184.542950, 5344, 793605.0
836, 69.453292, 663.036227, 38.008747, 166.518097, 5693, 848714.0
837, 69.875066, 662.360321, 37.717527, 170.112454, 5480, 815638.0
838, 69.309391, 663.687875, 36.931926, 173.316461, 5597, 833666.0
839, 69.513753, 664.016064, 36.265422, 199.526363, 5396, 801322.0
840, 68.952498, 662.623188, 38.185723, 179.124218, 5555, 855123.0
841, 69.877365, 664.626365, 37.536841, 186.872074, 5400, 859687.0
842, 71.792701, 663.049156, 38.291101, 190.656413, 5408, 828367.0
843, 66.921411, 662.294119, 37.663665, 164.005570, 5340, 794443.0
844, 68.330205, 663.344128, 36.607566, 175.012175, 5461, 811943.0
845, 67.278623, 663.459757, 36.753957, 168.099316, 5420, 805042.0
846, 68.395479, 662.343056, 38.092695, 175.980882, 5521, 820254.0
847, 69.529199, 663.138618, 37.254187, 161.781803, 5645, 841312.0
848, 68.267913, 663.155491, 37.055190, 171.723816, 5521, 822453.0
849, 69.108660, 662.496522, 37.104030, 159.611448, 5626, 838088.0
850, 67.717860, 662.937200, 37.146706, 172.484672, 5346, 795358.0
851, 70.825493, 663.202639, 38.135226, 197.909549, 5513, 818949.0
852, 67.317641, 663.923266, 36.664217, 166.363994, 5498, 819481.0
853, 69.771115, 663.298115, 37.712300, 159.784754, 5604, 836386.0
854, 67.912579, 663.169992, 34.340698, 375.471583, 4914, 727336.0
855, 71.715695, 664.082426, 36.697744, 182.451957, 5491, 815468.0
856, 68.223573, 661.198341, 38.251478, 151.202864, 5617, 838312.0
857, 66.724496, 662.956777, 37.421623, 149.437074, 5454, 812727.0
858, 68.050512, 662.758818, 37.721580, 161.137479, 5617, 836431.0
859, 67.651172, 662.811333, 36.668088, 171.646335, 5492, 816812.0
860, 70.865810, 664.577728, 35.339596, 204.842574, 5257, 778008.0
861, 67.128163, 663.982905, 37.359247, 181.159612, 5395, 801584.0
862, 67.462302, 661.635894, 38.583138, 188.675185, 5388, 801842.0
863, 67.633146, 662.484645, 37.728706, 167.022807, 5524, 822072.0
864, 68.739406, 663.650762, 36.891407, 182.163594, 5498, 821234.0
865, 69.708501, 662.916872, 37.698475, 172.363351, 5673, 843318.0
866, 70.136276, 662.783244, 36.903058, 184.224030, 5469, 818400.0
867, 69.060732, 663.045934, 37.066179, 158.575146, 5650, 844454.0
868, 72.936341, 664.034462, 38.180900, 199.478698, 5383, 805827.0
869, 69.325198, 663.238585, 37.108940, 189.342661, 5363, 801482.0
870, 70.454549, 662.274515, 38.447881, 185.475402, 5523, 825416.0
871, 67.623543, 664.250774, 36.984767, 172.181514, 5468, 812017.0
872, 70.361423, 663.214206, 37.043142, 179.045837, 5556, 822564.0
873, 71.541739, 663.317294, 37.357265, 183.626011, 5338, 788290.0
874, 67.765924, 663.460210, 37.524979, 175.791234, 5485, 813618.0
875, 71.772041, 662.941760, 36.963707, 202.177974, 5269, 777324.0
876, 70.872746, 663.937116, 37.487596, 190.860234, 5370, 796247.0
877, 66.863616, 663.554088, 37.319102, 184.217814, 5529, 829350.0
878, 69.710218, 663.346219, 37.673722, 181.971951, 5423, 828230.0
879, 70.394694, 664.472820, 36.022725, 182.770302, 5381, 808067.0
880, 67.415915, 663.600033, 36.751404, 144.230563, 5532, 822137.0
881, 70.127180, 663.720291, 36.173232, 174.035514, 5435, 806857.0
882, 68.990968, 664.002683, 37.655485, 165.414588, 5603, 833098.0
883, 70.179496, 664.230057, 36.836815, 175.440738, 5609, 833401.0
884, 67.786803, 663.761812, 36.006049, 172.833057, 5418, 804787.0
885, 69.881908, 661.525867, 38.289483, 172.176606, 5455, 816867.0
886, 70.360448, 662.874891, 37.184981, 197.287656, 5185, 773600.0
887, 69.592902, 663.333351, 37.988801, 154.019733, 5537, 830167.0
888, 69.297959, 662.865813, 37.723526, 178.493512, 5486, 819606.0
889, 68.130584, 663.566816, 37.006053, 151.179377, 5678, 847873.0
890, 69.678134, 662.551047, 37.826294, 164.015192, 5634, 837969.0
891, 69.534416, 664.302698, 35.967459, 183.881659, 5522, 820426.0
892, 71.273410, 663.381103, 38.314798, 194.645422, 5546, 835010.0
893, 70.207767, 663.864662, 37.083454, 179.906828, 5480, 818762.0
894, 68.333027, 662.122616, 37.702531, 179.807154, 5570, 835065.0
895, 68.842296, 663.056765, 38.113973, 169.981438, 5565, 832803.0
896, 71.166418, 662.950531, 37.385113, 194.753008, 5361, 803094.0
897, 67.329125, 661.939084, 36.917538, 178.578864, 5283, 788326.0
898, 71.092414, 663.644903, 36.595210, 163.127952, 5413, 810458.0
899, 67.756327, 663.218827, 37.503522, 182.994109, 5521, 825041.0
900, 66.384151, 662.693357, 37.052940, 166.055904, 5224, 787810.0
901, 69.045588, 661.366210, 38.550701, 166.786394, 5460, 823617.0
902, 67.740004, 662.611746, 37.817786, 162.187743, 5444, 808693.0
903, 69.407630, 663.856117, 38.114217, 159.758591, 5630, 839396.0
904, 71.376940, 662.569584, 38.602464, 178.051616, 5442, 810358.0
905, 68.161682, 663.076458, 36.073942, 175.945102, 5211, 775294.0
906, 71.956733, 664.499140, 37.099291, 193.277077, 5334, 790750.0
907, 69.981085, 662.510723, 38.488808, 155.925737, 5419, 804219.0
908, 65.440137, 663.455068, 37.740320, 151.453829, 5337, 792123.0
909, 69.167734, 662.079194, 38.843478, 171.136938, 5697, 848393.0
910, 68.243100, 663.089877, 38.629556, 151.216730, 5524, 829021.0
911, 69.849214, 662.922092, 37.293440, 168.759494, 5550, 830723.0
912, 68.959735, 662.375146, 37.686974, 167.941974, 5561, 830827.0
913, 71.711053, 664.001366, 37.357680, 198.879182, 5310, 795205.0
914, 69.926943, 662.832564, 38.280274, 165.695070, 5591, 843383.0
915, 71.700465, 662.939987, 37.770771, 202.047711, 5377, 811276.0
916, 68.398975, 662.479333, 38.027431, 151.749192, 5627, 840124.0
917, 72.369222, 664.045444, 37.288590, 192.569366, 5368, 797611.0
918, 71.036217, 663.276560, 37.837402, 185.758256, 5547, 823737.0
919, 68.286478, 662.446485, 37.142393, 159.959424, 5543, 827377.0
920, 69.487009, 663.636931, 37.298279, 193.472799, 5260, 785286.0
921, 67.566605, 661.492873, 38.177720, 159.737227, 5383, 805347.0
922, 68.422239, 662.972078, 37.610918, 162.076090, 5458, 821490.0
923, 68.804263, 664.072801, 36.842339, 170.430586, 5440, 817440.0
924, 71.281826, 663.482543, 37.007063, 197.356106, 5267, 789263.0
925, 72.401598, 663.066387, 37.090494, 185.866719, 5368, 801414.0
926, 65.453667, 663.701168, 36.355026, 191.934420, 5065, 755505.0
927, 70.256130, 664.189652, 36.619666, 183.699322, 5593, 829689.0
928, 70.092947, 663.761338, 37.177964, 177.414496, 5376, 801866.0
929, 69.009040, 663.219575, 36.937100, 162.829196, 5644, 842986.0
930, 68.790172, 663.297535, 37.007623, 174.687771, 5537, 824723.0
931, 69.960714, 663.803011, 36.628270, 184.181120, 5482, 820997.0
932, 66.943390, 663.331840, 37.482399, 189.731427, 5499, 821312.0
933, 69.505459, 662.596057, 37.969794, 168.485747, 5428, 814109.0
934, 66.426106, 662.865502, 38.098249, 160.197734, 5393, 821787.0
935, 70.298383, 662.686411, 38.056366, 174.920979, 5474, 818187.0
936, 68.924705, 661.813639, 38.258990, 158.694148, 5654, 841111.0
937, 71.701450, 664.902845, 35.476840, 205.106781, 5258, 775533.0
938, 72.913110, 663.972004, 36.272397, 208.349553, 5273, 781269.0
939, 69.504188, 663.078455, 38.020336, 185.780898, 5400, 807799.0
940, 69.343409, 664.350659, 36.977991, 176.187314, 5431, 811617.0
941, 70.063315, 663.250045, 37.295686, 180.378776, 5594, 831343.0
942, 69.566316, 664.200203, 36.338367, 178.341405, 5528, 821164.0
943, 70.773492, 662.692866, 36.577453, 195.978570, 5326, 789261.0
944, 68.117259, 663.275842, 37.072832, 183.162773, 5505, 818411.0
945, 69.953798, 662.691103, 38.627106, 170.769436, 5620, 840429.0
946, 69.905810, 662.913384, 37.394230, 165.517417, 5574, 831536.0
947, 69.053158, 663.635519, 37.933366, 145.861912, 5674, 852325.0
948, 71.175738, 662.244095, 37.501899, 212.016807, 5184, 774933.0
949, 69.921429, 664.721604, 36.042420, 168.942106, 5640, 841696.0
950, 73.718659, 664.426249, 37.112537, 198.803740, 5360, 791930.0
951, 68.330241, 663.585799, 36.877764, 191.338677, 5338, 793353.0
952, 67.398680, 661.593556, 38.194014, 175.896881, 5340, 799292.0
953, 69.550790, 662.060618, 37.517112, 180.142761, 5332, 796239.0
954, 70.191199, 662.938204, 37.590882, 194.277769, 5355, 797879.0
955, 69.523611, 663.308752, 38.143315, 175.936810, 5529, 828170.0
956, 71.616597, 664.129510, 35.765785, 196.227043, 5300, 782756.0
957, 69.014860, 663.391316, 36.837167, 174.372511, 5651, 840066.0
958, 69.288197, 663.193465, 37.404443, 155.053953, 5628, 841013.0
959, 68.977509, 662.668285, 38.852224, 172.236519, 5555, 829226.0
960, 68.363749, 663.801777, 36.955551, 158.719079, 5507, 823442.0
961, 68.983420, 662.635150, 37.812851, 160.278747, 5608, 836123.0
962, 68.277427, 662.272854, 37.625900, 185.030618, 5447, 818271.0
963, 68.586489, 663.642449, 37.208392, 172.120065, 5456, 815704.0
964, 71.051018, 662.317143, 38.127779, 176.008310, 5654, 840929.0
965, 68.069156, 662.141466, 38.227216, 151.974737, 5609, 837504.0
966, 69.255548, 663.632455, 37.597601, 160.248567, 5663, 847247.0
967, 70.358930, 663.956782, 37.106176, 165.144784, 5639, 843356.0
968, 68.445424, 663.077528, 37.717105, 154.436579, 5669, 848227.0
969, 68.999472, 663.832125, 37.866575, 162.349188, 5602, 835624.0
970, 68.568258, 663.425019, 36.703746, 167.743337, 5425, 810755.0
971, 69.926843, 663.963700, 37.275690, 153.760683, 5604, 836340.0
972, 68.050645, 663.429966, 38.163837, 143.869537, 5553, 831442.0
973, 68.826056, 662.287753, 38.727606, 155.654906, 5633, 839449.0
974, 70.524499, 662.726424, 38.080918, 196.628761, 5562, 829016.0
975, 70.631182, 663.025491, 37.881326, 182.300109, 5516, 828724.0
976, 66.326927, 663.226051, 37.105947, 142.679097, 5443, 822815.0
977, 71.517842, 663.302663, 37.812930, 184.495829, 5343, 794369.0
978, 67.806733, 663.372915, 38.014684, 150.875279, 5701, 857351.0
979, 69.016564, 663.393142, 36.699755, 178.786563, 5557, 837950.0
980, 73.403027, 663.673297, 36.766730, 204.700103, 5373, 803976.0
981, 68.617478, 662.627220, 38.060099, 168.537170, 5494, 822576.0
982, 70.419560, 664.571793, 36.850998, 175.306322, 5511, 818445.0
983, 69.964758, 663.461188, 38.088703, 183.080722, 5278, 783829.0
984, 70.685685, 662.232705, 37.395157, 171.824577, 5581, 828643.0
985, 69.675024, 663.400101, 36.275017, 181.286970, 5563, 825132.0
986, 69.129973, 664.199468, 37.006376, 166.324748, 5559, 834404.0
987, 70.252068, 663.501978, 37.866504, 171.736532, 5420, 804576.0
988, 67.659368, 662.788764, 38.273527, 155.748472, 5543, 829360.0
989, 68.221455, 664.109579, 37.099256, 195.498226, 5406, 804994.0
990, 69.235296, 663.117439, 37.764736, 170.724503, 5514, 842748.0
991, 70.955710, 663.646942, 36.706274, 164.249170, 5582, 836866.0
992, 68.071683, 664.156201, 36.510569, 170.402232, 5561, 826761.0
993, 70.014632, 664.127931, 37.207791, 178.114998, 5577, 829920.0
994, 71.289704, 662.929122, 37.626211, 172.775023, 5530, 821695.0
995, 67.412828, 662.894545, 37.297922, 162.145761, 5470, 814422.0
996, 70.906134, 663.909696, 37.307694, 175.549889, 5587, 829461.0
997, 69.329513, 662.689792, 37.848339, 179.539571, 5331, 791446.0
998, 69.360500, 663.539175, 37.460720, 180.068369, 5447, 817215.0
999, 70.931056, 662.305473, 38.460125, 184.766472, 5459, 814599.0
