#idx, x0, x1, x2, y, f_neval, total_time (us), 
0, 70.788439, 665.016986, 36.516378, 176.548147, 2578, 392964.0
1, 72.276116, 664.006606, 37.396826, 205.283359, 2475, 368103.0
2, 72.269912, 663.210947, 36.920526, 199.600540, 2492, 370947.0
3, 69.902301, 663.734721, 36.738790, 204.798056, 2566, 388675.0
4, 71.979924, 664.382844, 36.107883, 219.566667, 2472, 366832.0
5, 70.761890, 663.725433, 36.916966, 210.184958, 2502, 375188.0
6, 71.961345, 663.712534, 38.287909, 197.896091, 2507, 373296.0
7, 73.589347, 662.252832, 37.259935, 210.618840, 2467, 367552.0
8, 72.221337, 664.967146, 36.864448, 204.668520, 2462, 375235.0
9, 72.538229, 663.987466, 36.921544, 220.345597, 2452, 364363.0
10, 75.288172, 663.770891, 36.947428, 232.497264, 2451, 371925.0
11, 72.374062, 663.737126, 36.316870, 197.783834, 2460, 365719.0
12, 71.527122, 663.365113, 38.161228, 185.727793, 2532, 377333.0
13, 72.441373, 664.820876, 36.775879, 234.403547, 2427, 360418.0
14, 72.239522, 662.111857, 37.488846, 214.500359, 2477, 367851.0
15, 70.099699, 664.589615, 37.651800, 177.259207, 2602, 392399.0
16, 69.974503, 663.563865, 38.293821, 176.018710, 2613, 391271.0
17, 71.218425, 665.141351, 35.547985, 194.929389, 2461, 370706.0
18, 68.906662, 662.778823, 36.640452, 204.839020, 2579, 384297.0
19, 73.989276, 663.947441, 37.309210, 231.926367, 2446, 363044.0
20, 72.770519, 663.387506, 37.667377, 205.549025, 2501, 372460.0
21, 72.517959, 663.621931, 36.869760, 185.949603, 2503, 380896.0
22, 68.915053, 664.167696, 36.913225, 186.380578, 2611, 422513.0
23, 73.126297, 661.901915, 38.507008, 218.739923, 2463, 367246.0
24, 72.487988, 662.650907, 37.458717, 217.243840, 2438, 361797.0
25, 70.793538, 663.687343, 39.123398, 197.073733, 2527, 435145.0
26, 74.566106, 663.749276, 36.738991, 223.122815, 2446, 418871.0
27, 70.615739, 664.799687, 35.923752, 185.539007, 2562, 384282.0
28, 71.382729, 662.153561, 37.797766, 187.150773, 2592, 387890.0
29, 72.475428, 663.755509, 36.784139, 198.854264, 2449, 365493.0
30, 70.227384, 663.623664, 37.342731, 176.351318, 2563, 384436.0
31, 69.997352, 662.418243, 38.543885, 200.359692, 2562, 382129.0
32, 69.847886, 663.949377, 37.993442, 183.263397, 2565, 419988.0
33, 70.895513, 661.974832, 38.022200, 176.887147, 2512, 378933.0
34, 70.068390, 662.695493, 37.987223, 182.261696, 2562, 387715.0
35, 74.037182, 663.368287, 36.958726, 212.865551, 2469, 377425.0
36, 71.869121, 662.914544, 38.856866, 192.062903, 2472, 375767.0
37, 68.646079, 662.135208, 37.680163, 179.480505, 2618, 396484.0
38, 70.529506, 664.286136, 36.763469, 203.694956, 2550, 381211.0
39, 68.061345, 662.613630, 37.553502, 166.892772, 2611, 390971.0
40, 71.837262, 662.990207, 37.605150, 191.250461, 2483, 372758.0
41, 71.296700, 664.031049, 36.369837, 181.502928, 2503, 372668.0
42, 68.412044, 662.324303, 38.239266, 185.795620, 2614, 399044.0
43, 72.658807, 662.920099, 37.169755, 206.825957, 2506, 373566.0
44, 71.472471, 662.533460, 39.330460, 169.599353, 2522, 378797.0
45, 69.236338, 662.805515, 38.351502, 191.082199, 2569, 389020.0
46, 69.986385, 664.618596, 36.690535, 198.442641, 2588, 392478.0
47, 71.124731, 663.832118, 36.781271, 193.578487, 2496, 375885.0
48, 69.313485, 663.262727, 37.700210, 187.564238, 2565, 383060.0
49, 72.026275, 662.980362, 36.874176, 186.530338, 2504, 372853.0
50, 72.871318, 663.348515, 36.337807, 183.406754, 2472, 368293.0
51, 72.588296, 664.591090, 37.268287, 199.230636, 2479, 369404.0
52, 66.114773, 664.038943, 36.689150, 165.135060, 2604, 389965.0
53, 70.770713, 663.312956, 37.025652, 222.171727, 2439, 363517.0
54, 71.474117, 663.382572, 38.103328, 203.277313, 2483, 370724.0
55, 69.314411, 663.411085, 37.373203, 168.854131, 2621, 392454.0
56, 71.205886, 664.021862, 37.760484, 192.420551, 2546, 380934.0
57, 68.698355, 662.364547, 36.829513, 173.282935, 2583, 387780.0
58, 70.217600, 663.575069, 38.087266, 187.025486, 2569, 384039.0
59, 68.852016, 663.848772, 38.233753, 174.173848, 2604, 390037.0
60, 71.982294, 664.240212, 37.281243, 190.272556, 2489, 371106.0
61, 69.014322, 663.263913, 37.670502, 153.847616, 2608, 391142.0
62, 68.980375, 662.373437, 37.297153, 162.945483, 2604, 390793.0
63, 68.256564, 663.857362, 36.714495, 179.957880, 2595, 388379.0
64, 70.624327, 664.676587, 37.399976, 189.417501, 2560, 383175.0
65, 67.518079, 663.073782, 36.768986, 180.978854, 2599, 388840.0
66, 68.221366, 662.493279, 37.273891, 171.430162, 2611, 396822.0
67, 72.763672, 663.137444, 36.679109, 214.192681, 2430, 361416.0
68, 66.619742, 662.079902, 37.377466, 183.732498, 2591, 387184.0
69, 69.752774, 662.593869, 37.557416, 207.713053, 2538, 379405.0
70, 68.518937, 663.404248, 36.737161, 165.712189, 2614, 391066.0
71, 69.933468, 664.817596, 37.559719, 191.993552, 2625, 396221.0
72, 71.270551, 662.740991, 38.374959, 199.939944, 2477, 389843.0
73, 64.999405, 663.124639, 36.921710, 183.246571, 2583, 385827.0
74, 69.929574, 663.460862, 36.917121, 175.202535, 2606, 389704.0
75, 70.008933, 663.241870, 38.142545, 185.759447, 2602, 398932.0
76, 67.079384, 663.497477, 36.676152, 185.308357, 2535, 384589.0
77, 67.709619, 661.980223, 37.514075, 163.850249, 2629, 395768.0
78, 70.114231, 662.559866, 37.249896, 181.199262, 2604, 400307.0
79, 70.570574, 662.051240, 38.333091, 204.104547, 2512, 378622.0
80, 67.993217, 662.925531, 37.978656, 168.424316, 2623, 391849.0
81, 68.267951, 662.617534, 38.213213, 161.862953, 2624, 392116.0
82, 68.856431, 663.629758, 35.564293, 159.571403, 2644, 399649.0
83, 71.282485, 664.106250, 36.293931, 190.070531, 2572, 382627.0
84, 68.338264, 661.963087, 37.858821, 178.050001, 2616, 389179.0
85, 70.646523, 665.206508, 36.581867, 204.634952, 2495, 369403.0
86, 68.033047, 663.739394, 36.793275, 173.809599, 2578, 385007.0
87, 67.744859, 663.410064, 36.349656, 170.739376, 2575, 384773.0
88, 67.403032, 663.112757, 37.355729, 174.128973, 2579, 385011.0
89, 68.630822, 665.301491, 35.638512, 156.899046, 2645, 395565.0
90, 72.115697, 663.930291, 35.693506, 214.586913, 2473, 367775.0
91, 68.152013, 661.771500, 38.715876, 176.657598, 2582, 386893.0
92, 67.439851, 662.000836, 38.493873, 187.158253, 2623, 391531.0
93, 67.906314, 662.362712, 37.690534, 193.790272, 2577, 385075.0
94, 69.984016, 664.098078, 36.333260, 171.973750, 2598, 388788.0
95, 69.219193, 663.529296, 38.964414, 166.819326, 2603, 390690.0
96, 68.435556, 664.270595, 36.174173, 172.465179, 2635, 394192.0
97, 69.132674, 664.458160, 36.396334, 175.278371, 2619, 392099.0
98, 69.567247, 662.665428, 37.036638, 164.345680, 2643, 396423.0
99, 68.271634, 664.591135, 37.121143, 181.152968, 2575, 384702.0
100, 66.393415, 662.531838, 37.375746, 170.261092, 2583, 385740.0
101, 69.998302, 663.055831, 36.640129, 202.653537, 2553, 381184.0
102, 67.693944, 662.335355, 38.336488, 162.294113, 2603, 389538.0
103, 68.006850, 663.076766, 38.877470, 174.208505, 2635, 393814.0
104, 69.869667, 664.367221, 35.854904, 180.968089, 2610, 389930.0
105, 68.036381, 663.738956, 36.862070, 188.211463, 2572, 384434.0
106, 71.233976, 664.962091, 36.551706, 195.760588, 2510, 374352.0
107, 70.733074, 662.546700, 38.603554, 181.167673, 2578, 385121.0
108, 68.409259, 663.691840, 37.452167, 188.035480, 2566, 383004.0
109, 68.882984, 664.291136, 37.173646, 177.967700, 2593, 387832.0
110, 68.755685, 664.523726, 37.261860, 177.555059, 2611, 390070.0
111, 69.842148, 663.562583, 37.097166, 184.016730, 2554, 381888.0
112, 69.648573, 662.201933, 38.009363, 189.502717, 2572, 384765.0
113, 69.506046, 663.225611, 38.535748, 161.672803, 2620, 392110.0
114, 71.724605, 664.467533, 36.816113, 198.389591, 2500, 372102.0
115, 66.874074, 663.126666, 38.233367, 168.867281, 2596, 387933.0
116, 71.770372, 664.918215, 36.466324, 223.657155, 2444, 363938.0
117, 70.018233, 664.972327, 35.785854, 217.095848, 2502, 374166.0
118, 68.460657, 663.004956, 38.504444, 193.869149, 2617, 391384.0
119, 66.122881, 663.643625, 37.442086, 150.769706, 2625, 392689.0
120, 67.139667, 662.931827, 38.278538, 158.244154, 2612, 391080.0
121, 66.915867, 663.926286, 36.150148, 178.489034, 2540, 383072.0
122, 71.544103, 662.541320, 37.691182, 205.043210, 2463, 379686.0
123, 69.365308, 663.472075, 37.970186, 177.734745, 2605, 391702.0
124, 70.090317, 662.970349, 37.410199, 163.033848, 2575, 385112.0
125, 68.104676, 662.020272, 38.629191, 184.904026, 2611, 391195.0
126, 67.986423, 663.451001, 38.458676, 180.926110, 2609, 390311.0
127, 66.770611, 662.468533, 37.349149, 171.694493, 2587, 386570.0
128, 70.808460, 664.228257, 36.963585, 191.908468, 2572, 383977.0
129, 69.961696, 663.320444, 36.893940, 184.279429, 2581, 386572.0
130, 69.655676, 664.972933, 36.582510, 175.715050, 2609, 389733.0
131, 70.946449, 663.192481, 38.085904, 199.686577, 2493, 371675.0
132, 71.545726, 662.255701, 38.527006, 193.068593, 2512, 377354.0
133, 68.202486, 664.115868, 36.530989, 159.281716, 2610, 389534.0
134, 69.303225, 664.120364, 35.246122, 198.476554, 2599, 388323.0
135, 71.440086, 665.243794, 36.013221, 215.922982, 2474, 370487.0
136, 71.537333, 662.156458, 37.515599, 202.564115, 2489, 373802.0
137, 69.745080, 663.594750, 36.974743, 179.011744, 2586, 388475.0
138, 68.147662, 662.800553, 36.935650, 166.138354, 2606, 392301.0
139, 71.118137, 663.156903, 37.915863, 199.327341, 2506, 375142.0
140, 69.087269, 664.973563, 35.997294, 184.991996, 2635, 396877.0
141, 70.684805, 663.443937, 35.726363, 183.497844, 2595, 391805.0
142, 71.085017, 663.585005, 38.341683, 183.146972, 2558, 382354.0
143, 69.748145, 661.875449, 37.688139, 178.407191, 2583, 386187.0
144, 73.198973, 664.058982, 37.260725, 203.768470, 2473, 370410.0
145, 69.099662, 664.561500, 37.091138, 188.318433, 2620, 396832.0
146, 69.262495, 664.181004, 36.177745, 170.387507, 2604, 397969.0
147, 73.369072, 664.334731, 36.669231, 217.635493, 2465, 383655.0
148, 69.068014, 662.951578, 36.586496, 179.674956, 2602, 394770.0
149, 73.172540, 662.876194, 37.157954, 206.572289, 2491, 371948.0
150, 66.860961, 662.739027, 36.556155, 191.556872, 2541, 380568.0
151, 71.501844, 663.196543, 37.252941, 211.978352, 2515, 376951.0
152, 72.911707, 662.606155, 38.516012, 203.598527, 2475, 369653.0
153, 70.479734, 664.185356, 36.522613, 189.121362, 2569, 387432.0
154, 68.943604, 664.251836, 37.228507, 162.782983, 2599, 388835.0
155, 70.575588, 663.253939, 37.145012, 175.855413, 2615, 391045.0
156, 66.954691, 662.810733, 37.304929, 180.606623, 2548, 383974.0
157, 68.158915, 661.471458, 37.734980, 187.557525, 2577, 385265.0
158, 72.201834, 662.832612, 37.416861, 210.857865, 2499, 376687.0
159, 70.135461, 662.370310, 37.105260, 171.320110, 2624, 392846.0
160, 72.629109, 663.084051, 37.976045, 195.082138, 2433, 364892.0
161, 72.597878, 664.628698, 37.009846, 214.501006, 2460, 369930.0
162, 71.664672, 663.225513, 36.704769, 187.571393, 2494, 371792.0
163, 71.994071, 662.601039, 37.269838, 201.116684, 2498, 376310.0
164, 69.597560, 663.186268, 37.355043, 182.130470, 2593, 388402.0
165, 71.177632, 662.979355, 37.089708, 177.765068, 2525, 377036.0
166, 69.302616, 664.380830, 37.270653, 172.154207, 2596, 388168.0
167, 71.406172, 663.224311, 35.882020, 198.465349, 2412, 360404.0
168, 70.692227, 662.681355, 38.843062, 181.415163, 2556, 382661.0
169, 68.071295, 663.661578, 35.286700, 185.113317, 2538, 378961.0
170, 70.805896, 664.114327, 36.595693, 190.121642, 2565, 383192.0
171, 67.692128, 663.059270, 38.008097, 166.996843, 2615, 391196.0
172, 69.986436, 662.619876, 37.276343, 193.165752, 2523, 377351.0
173, 71.468507, 663.501861, 37.196158, 176.028582, 2523, 377645.0
174, 68.113201, 663.029559, 38.034021, 182.771387, 2552, 382312.0
175, 70.201972, 662.601575, 37.950693, 192.948459, 2535, 388189.0
176, 71.130593, 662.665405, 37.647265, 196.736828, 2564, 391670.0
177, 73.334657, 664.381711, 36.914555, 197.432240, 2471, 368026.0
178, 67.760317, 662.950131, 37.042626, 175.763108, 2586, 396460.0
179, 68.829985, 664.405204, 37.245190, 184.752184, 2618, 391685.0
180, 69.689263, 663.490340, 36.338562, 197.641428, 2597, 398887.0
181, 67.758247, 663.135277, 36.947946, 153.592798, 2619, 392304.0
182, 68.993967, 662.182917, 37.260113, 184.139086, 2616, 392433.0
183, 68.250607, 662.299393, 37.994012, 168.623262, 2604, 395381.0
184, 72.371700, 663.863537, 36.971327, 210.491881, 2436, 368570.0
185, 71.100064, 661.983548, 37.087771, 166.676112, 2601, 395203.0
186, 68.210502, 662.306207, 37.401978, 179.938876, 2583, 393049.0
187, 69.336932, 662.622790, 37.435831, 183.611748, 2556, 385854.0
188, 70.240039, 663.932537, 37.342031, 193.076504, 2563, 388717.0
189, 68.537659, 664.871542, 34.857326, 192.522688, 2560, 382161.0
190, 69.219514, 662.003686, 37.914561, 173.676046, 2596, 388894.0
191, 69.844265, 664.461268, 37.547686, 174.525767, 2599, 396424.0
192, 72.660772, 662.444515, 37.772737, 193.909851, 2465, 366703.0
193, 70.768573, 662.122564, 38.923881, 199.466128, 2495, 372078.0
194, 70.977059, 663.489467, 37.722229, 182.897932, 2512, 376498.0
195, 72.917218, 662.405736, 37.828089, 195.791398, 2513, 379545.0
196, 73.075967, 661.917033, 37.957237, 183.781881, 2487, 371349.0
197, 70.124784, 664.107755, 37.543665, 166.909302, 2610, 401505.0
198, 69.005527, 663.638937, 38.571716, 155.118156, 2629, 395116.0
199, 70.590180, 664.459876, 36.971601, 187.482005, 2545, 382020.0
200, 71.836135, 663.436522, 38.555395, 178.937865, 2537, 378496.0
201, 71.129745, 661.795482, 36.929997, 182.220553, 2550, 380528.0
202, 69.746399, 662.704896, 37.616473, 175.853152, 2631, 393606.0
203, 71.925445, 662.785169, 39.174205, 180.056379, 2535, 378772.0
204, 70.566584, 661.841412, 38.940906, 197.930281, 2565, 382959.0
205, 70.043889, 664.575756, 37.559534, 184.461934, 2562, 383237.0
206, 71.382710, 662.945360, 36.687541, 198.886257, 2451, 364599.0
207, 70.433166, 664.379532, 35.717092, 192.844742, 2538, 378782.0
208, 70.481670, 663.702290, 36.112430, 195.422494, 2566, 384429.0
209, 73.573613, 664.004182, 36.657355, 205.011440, 2486, 370691.0
210, 74.140688, 664.308182, 37.123492, 236.974014, 2440, 364216.0
211, 72.490876, 664.581921, 36.319523, 190.241319, 2468, 367739.0
212, 73.054648, 664.198534, 37.206693, 218.460256, 2463, 368148.0
213, 72.881732, 662.736327, 37.932079, 241.981464, 2433, 363667.0
214, 73.481577, 663.941374, 38.503643, 215.110961, 2485, 370550.0
215, 72.896735, 664.247199, 36.372785, 199.924994, 2447, 365244.0
216, 69.088776, 662.478440, 37.734971, 185.127185, 2618, 390804.0
217, 70.055981, 663.594774, 37.984032, 177.184833, 2599, 387914.0
218, 69.868407, 663.461328, 36.667938, 189.594439, 2549, 379402.0
219, 74.708543, 663.749492, 36.458401, 251.366167, 2434, 360616.0
220, 72.126424, 663.955236, 38.627081, 196.790259, 2489, 370451.0
221, 72.393349, 662.978230, 37.758029, 212.338879, 2465, 366918.0
222, 70.885099, 663.172806, 37.277670, 199.594668, 2506, 373855.0
223, 71.809424, 664.867532, 36.152005, 192.430395, 2496, 394948.0
224, 69.451713, 662.737076, 38.053488, 180.396921, 2588, 387026.0
225, 71.132420, 662.300130, 37.963687, 177.916755, 2549, 380767.0
226, 69.535069, 662.637116, 38.711630, 160.844805, 2592, 387344.0
227, 69.869268, 664.409881, 35.686297, 202.828686, 2591, 385977.0
228, 71.153672, 664.928438, 37.037584, 188.489910, 2544, 388025.0
229, 72.050808, 664.351039, 36.584417, 195.221818, 2457, 368890.0
230, 70.149719, 663.010076, 36.716732, 199.083156, 2548, 383283.0
231, 76.684973, 664.804586, 36.124436, 238.645799, 2473, 371917.0
232, 71.149526, 663.777216, 37.990156, 181.190164, 2514, 375252.0
233, 71.020235, 662.536801, 37.819411, 165.209571, 2590, 387490.0
234, 69.083041, 663.965130, 36.894035, 186.984511, 2590, 386616.0
235, 71.855639, 663.326949, 38.281609, 184.640495, 2500, 373311.0
236, 69.718036, 663.204041, 38.121090, 177.541739, 2589, 386783.0
237, 69.304423, 664.281550, 37.619256, 187.684620, 2626, 392207.0
238, 69.539615, 662.359125, 38.038834, 183.522464, 2546, 380571.0
239, 72.510955, 664.578302, 36.985136, 177.142184, 2493, 370680.0
240, 69.114662, 662.828679, 36.843997, 188.921420, 2612, 390115.0
241, 69.406800, 662.613063, 38.247837, 179.233917, 2604, 388513.0
242, 68.138036, 662.007316, 38.113757, 164.097922, 2623, 392421.0
243, 71.683057, 664.285748, 37.513871, 199.852408, 2491, 370610.0
244, 69.078156, 664.443277, 36.401463, 178.182494, 2621, 393744.0
245, 66.886116, 661.915373, 37.561639, 170.363845, 2576, 385508.0
246, 68.553011, 662.016290, 36.848189, 169.362643, 2602, 388299.0
247, 70.217826, 664.105231, 36.429380, 176.883267, 2607, 387714.0
248, 71.464532, 663.470162, 36.562469, 225.223489, 2511, 376623.0
249, 70.476345, 664.737123, 37.341821, 177.538283, 2594, 387421.0
250, 70.665398, 663.125650, 36.172027, 172.649813, 2538, 378324.0
251, 69.400335, 662.753296, 36.745924, 223.946106, 2536, 377982.0
252, 71.934724, 664.808552, 36.263165, 209.020500, 2423, 359664.0
253, 69.830585, 664.707434, 36.433939, 186.609450, 2615, 389469.0
254, 69.625653, 664.231175, 36.922714, 183.886482, 2613, 389709.0
255, 69.700387, 663.232089, 37.839848, 197.134263, 2505, 373397.0
256, 72.848414, 663.317376, 35.962176, 216.359143, 2418, 357450.0
257, 72.797038, 662.847631, 38.124296, 193.241408, 2475, 368615.0
258, 69.580760, 662.980150, 36.392774, 172.170299, 2616, 389327.0
259, 69.369350, 662.473055, 38.054156, 181.934599, 2584, 384598.0
260, 69.818419, 663.518695, 37.065450, 185.225428, 2612, 389401.0
261, 73.456686, 664.633554, 37.127304, 233.304525, 2428, 359795.0
262, 71.781508, 662.620592, 37.848161, 167.621159, 2535, 377700.0
263, 69.688353, 663.978817, 35.974432, 181.826392, 2572, 382580.0
264, 70.954895, 662.446983, 37.890991, 161.402695, 2585, 384796.0
265, 66.263334, 663.213648, 37.319597, 184.905661, 2594, 385954.0
266, 69.904541, 663.098380, 38.398631, 193.676574, 2534, 377370.0
267, 69.319139, 663.185820, 37.235537, 203.377209, 2527, 376867.0
268, 73.710069, 663.553797, 36.392770, 255.287214, 2451, 364249.0
269, 68.302574, 662.653149, 37.195104, 172.450693, 2622, 391329.0
270, 71.532617, 663.001391, 37.327162, 210.376716, 2482, 369717.0
271, 73.951461, 663.688232, 37.561508, 217.761914, 2473, 368052.0
272, 69.976226, 663.539004, 38.166438, 179.547367, 2560, 381920.0
273, 69.797387, 663.556659, 37.126695, 188.895038, 2562, 398315.0
274, 68.916705, 662.844406, 37.660064, 175.087967, 2590, 388382.0
275, 70.503380, 665.213565, 35.835683, 198.126975, 2579, 393357.0
276, 69.570579, 664.119183, 37.451623, 189.450006, 2614, 390482.0
277, 71.025534, 664.226136, 36.856282, 185.314456, 2612, 390471.0
278, 70.960214, 662.914065, 36.950935, 190.266290, 2520, 381993.0
279, 68.102695, 661.895336, 38.138354, 164.596940, 2591, 388366.0
280, 73.908689, 662.914551, 37.098825, 228.487493, 2472, 375203.0
281, 72.488279, 662.997851, 38.420939, 188.398331, 2453, 365922.0
282, 70.245242, 662.543025, 37.700632, 166.452662, 2604, 393236.0
283, 73.649767, 665.311430, 36.013343, 217.418925, 2394, 358913.0
284, 72.387365, 662.891872, 37.710215, 201.900080, 2470, 374383.0
285, 71.121461, 662.840921, 37.868285, 194.446421, 2530, 429112.0
286, 69.573569, 663.178356, 37.319608, 191.272377, 2622, 462373.0
287, 69.489220, 662.255915, 37.869852, 183.564702, 2586, 406055.0
288, 70.311856, 663.065864, 36.862564, 189.100133, 2554, 390737.0
289, 68.990055, 662.534879, 38.685804, 164.375052, 2598, 408802.0
290, 71.813743, 663.608627, 38.071464, 191.813651, 2550, 390152.0
291, 70.759527, 663.226676, 37.864772, 175.420256, 2584, 397432.0
292, 72.045112, 663.159541, 37.280491, 188.309989, 2486, 396770.0
293, 69.626246, 664.214299, 36.937394, 181.141619, 2627, 408154.0
294, 70.860403, 663.655873, 37.790297, 189.010307, 2581, 397414.0
295, 67.841334, 662.788586, 37.834037, 171.688684, 2641, 400022.0
296, 69.149198, 662.792976, 37.623791, 168.798942, 2624, 401631.0
297, 70.531680, 664.281299, 36.775184, 221.398183, 2509, 398584.0
298, 69.298417, 663.193497, 35.901254, 195.127547, 2589, 411432.0
299, 71.850523, 664.821227, 36.469711, 207.386673, 2447, 379170.0
300, 70.648739, 662.615009, 37.517035, 165.490033, 2571, 404137.0
301, 70.590407, 664.400489, 37.052451, 163.796718, 2611, 406616.0
302, 69.014516, 662.153935, 37.150080, 167.635079, 2634, 400961.0
303, 69.081419, 663.967371, 36.924465, 191.196143, 2597, 402789.0
304, 69.637011, 664.454161, 35.490205, 211.776480, 2525, 393017.0
305, 69.818419, 663.518695, 37.065450, 159.412937, 2624, 393330.0
306, 70.082510, 663.856069, 37.720037, 178.860270, 2602, 389836.0
307, 71.309377, 663.317630, 36.689242, 196.686940, 2469, 367540.0
308, 70.328775, 663.825957, 36.347824, 181.185107, 2627, 391956.0
309, 70.236487, 663.909209, 36.342576, 171.731107, 2628, 393448.0
310, 70.557290, 663.488428, 37.284884, 176.265904, 2592, 408457.0
311, 70.616798, 662.799294, 39.190994, 203.590771, 2494, 383802.0
312, 70.546654, 663.005725, 37.403638, 206.014933, 2543, 400011.0
313, 67.999106, 663.326145, 36.939551, 194.715252, 2545, 390861.0
314, 72.112048, 663.172094, 37.444989, 197.309704, 2519, 392066.0
315, 71.086977, 663.417402, 38.892116, 182.711139, 2490, 372726.0
316, 74.463914, 664.472096, 36.668487, 220.558149, 2459, 366303.0
317, 72.779535, 663.539050, 37.251290, 219.831758, 2475, 372758.0
318, 71.335935, 665.004872, 36.163277, 220.025180, 2541, 379461.0
319, 69.827044, 663.507246, 35.934017, 199.270660, 2553, 389402.0
320, 73.864310, 665.388292, 36.146268, 223.886864, 2456, 371975.0
321, 72.301325, 665.172855, 36.425012, 177.624639, 2484, 381432.0
322, 71.089935, 662.709732, 38.513287, 175.181835, 2595, 406818.0
323, 74.955814, 664.480410, 36.304111, 251.224043, 2424, 373175.0
324, 72.577259, 662.603000, 37.057912, 217.878752, 2437, 372603.0
325, 69.842148, 663.562583, 37.097166, 205.410948, 2551, 387685.0
326, 74.200579, 664.077599, 35.935208, 227.199189, 2453, 373245.0
327, 73.882915, 662.988020, 37.548312, 231.001162, 2472, 387658.0
328, 69.625612, 663.390399, 37.438402, 180.740025, 2617, 407964.0
329, 69.531679, 664.097373, 35.411368, 205.202311, 2607, 400503.0
330, 71.059923, 665.849881, 35.374041, 207.830210, 2457, 375642.0
331, 70.920480, 664.164284, 36.347432, 195.059225, 2558, 387764.0
332, 69.295436, 662.604651, 38.013995, 169.445477, 2628, 397736.0
333, 69.600607, 664.412850, 38.084936, 187.369207, 2591, 398465.0
334, 67.924044, 662.048420, 38.686608, 180.364139, 2639, 447098.0
335, 69.149198, 662.792976, 37.623791, 176.641150, 2618, 399202.0
336, 69.346780, 663.276657, 38.905520, 181.167056, 2573, 388697.0
337, 69.217292, 664.015239, 37.998873, 173.488913, 2602, 403787.0
338, 71.082734, 664.080349, 37.698417, 184.083027, 2533, 386022.0
339, 72.246794, 663.228489, 38.129687, 181.797225, 2511, 382945.0
340, 73.335839, 665.157830, 35.447927, 222.040813, 2441, 362523.0
341, 67.618345, 662.438485, 37.580419, 174.567471, 2607, 389889.0
342, 69.071354, 661.115767, 37.874233, 180.978721, 2558, 384648.0
343, 71.913488, 663.869062, 36.344404, 200.971437, 2457, 376067.0
344, 71.066570, 663.978447, 36.409511, 195.693179, 2554, 398457.0
345, 71.234434, 664.247776, 36.405509, 195.257071, 2515, 397619.0
346, 69.382553, 664.104469, 37.743841, 181.178479, 2646, 400573.0
347, 71.506829, 662.875865, 38.802533, 176.525156, 2503, 373318.0
348, 72.336403, 664.031976, 36.718898, 203.771196, 2477, 379770.0
349, 68.113201, 663.029559, 38.034021, 161.162056, 2626, 399695.0
350, 73.417445, 663.524684, 37.700040, 205.518915, 2478, 375264.0
351, 70.973190, 661.512641, 39.014188, 179.159606, 2551, 386075.0
352, 68.972451, 662.872088, 38.267271, 174.083208, 2626, 392970.0
353, 70.193035, 662.352000, 38.272077, 195.085126, 2534, 379749.0
354, 69.297536, 663.289305, 37.141977, 183.719114, 2604, 389335.0
355, 69.632551, 663.400438, 37.469698, 173.010168, 2606, 393526.0
356, 70.098752, 663.818312, 39.005075, 173.968740, 2559, 384845.0
357, 69.489220, 662.255915, 37.869852, 167.544220, 2589, 390399.0
358, 67.191471, 662.639801, 37.116173, 172.263028, 2610, 394391.0
359, 70.883072, 663.729028, 38.077880, 182.125221, 2572, 396311.0
360, 69.015801, 662.123749, 37.171815, 197.437248, 2517, 389943.0
361, 70.236096, 663.001550, 38.100876, 203.367341, 2564, 398236.0
362, 72.449862, 664.246389, 38.408829, 201.186097, 2489, 382601.0
363, 71.300458, 664.510113, 36.593154, 219.987899, 2453, 371654.0
364, 70.117256, 664.373673, 37.371385, 184.935171, 2628, 400626.0
365, 67.555563, 662.107056, 38.093353, 175.825130, 2618, 399929.0
366, 68.954675, 664.152223, 36.334992, 163.080019, 2629, 406982.0
367, 69.984016, 664.098078, 36.333260, 201.353246, 2543, 378219.0
368, 71.453629, 663.449768, 37.898144, 182.613556, 2510, 378742.0
369, 69.662446, 663.827705, 36.804783, 200.803816, 2596, 391627.0
370, 73.379765, 662.524233, 37.441107, 201.302863, 2454, 376932.0
371, 71.707985, 664.286068, 36.877149, 195.621507, 2520, 389358.0
372, 69.599014, 663.928977, 36.833013, 184.951116, 2563, 410379.0
373, 68.127256, 662.367897, 36.956385, 173.964780, 2621, 393075.0
374, 73.815572, 665.365670, 37.378177, 206.025364, 2473, 375778.0
375, 73.648376, 664.260102, 36.842727, 221.374535, 2480, 380882.0
376, 69.097435, 663.588187, 37.073764, 187.674803, 2572, 395038.0
377, 69.574985, 664.507730, 37.296058, 181.248589, 2560, 386441.0
378, 72.720502, 663.415509, 37.121561, 212.329361, 2456, 375109.0
379, 72.537419, 663.567155, 37.250038, 200.136921, 2512, 383310.0
380, 70.949909, 662.848024, 38.460217, 185.084077, 2583, 390437.0
381, 68.985127, 663.341401, 38.071998, 213.139591, 2521, 380880.0
382, 70.970802, 664.057051, 37.588831, 178.489244, 2600, 398999.0
383, 70.309204, 663.667507, 37.413328, 187.354630, 2556, 395023.0
384, 71.815818, 663.323978, 36.565623, 186.065114, 2519, 388149.0
385, 71.007755, 663.766831, 37.963247, 192.036414, 2523, 386690.0
386, 73.085345, 664.049191, 36.200848, 213.517555, 2421, 370821.0
387, 72.743426, 662.080106, 38.399033, 207.674226, 2490, 383897.0
388, 70.076062, 662.465338, 37.067104, 197.780345, 2535, 389105.0
389, 73.565100, 664.027586, 36.575348, 226.096167, 2471, 381591.0
390, 75.232152, 664.794095, 37.080530, 211.201826, 2452, 373641.0
391, 73.033301, 664.598767, 36.418878, 247.412997, 2429, 360816.0
392, 71.237858, 662.788465, 37.018316, 189.059441, 2506, 381290.0
393, 73.404051, 663.837333, 36.857065, 221.614405, 2476, 380120.0
394, 71.661602, 662.861015, 36.997942, 202.530172, 2489, 370873.0
395, 70.331239, 661.428931, 38.206789, 204.690887, 2505, 377031.0
396, 74.658975, 664.483470, 37.429786, 206.528845, 2455, 375544.0
397, 71.528639, 663.452618, 36.819779, 218.529427, 2492, 386438.0
398, 72.229638, 663.428715, 37.203600, 206.246667, 2496, 377661.0
399, 73.789834, 664.010735, 37.383927, 216.918658, 2467, 373478.0
400, 73.139844, 661.958845, 37.886043, 203.791598, 2475, 372181.0
401, 70.062680, 664.663947, 36.535601, 189.069907, 2598, 392381.0
402, 71.113856, 662.826411, 37.529190, 194.597459, 2511, 375374.0
403, 74.067389, 664.983097, 37.209512, 213.696127, 2467, 372021.0
404, 71.566681, 664.065634, 38.410678, 196.069756, 2558, 386698.0
405, 73.132221, 663.128643, 38.008209, 207.802956, 2465, 369243.0
406, 70.720458, 662.004458, 38.034891, 188.464154, 2566, 385755.0
407, 74.309002, 663.645922, 37.399760, 213.113224, 2467, 371824.0
408, 70.859876, 662.922277, 38.191889, 183.393327, 2587, 390385.0
409, 71.226498, 665.272498, 37.002035, 201.764493, 2473, 374395.0
410, 69.993578, 664.280576, 36.351797, 217.868279, 2565, 390024.0
411, 73.870230, 663.433911, 38.064139, 206.005520, 2492, 370177.0
412, 73.933586, 663.389797, 38.228250, 227.884608, 2485, 388397.0
413, 73.536092, 661.580151, 39.189098, 200.976815, 2471, 370192.0
414, 71.068372, 663.666903, 38.176749, 219.925077, 2458, 367698.0
415, 74.447609, 663.633973, 37.739634, 222.153893, 2467, 368093.0
416, 69.604574, 662.023551, 37.363050, 192.111333, 2538, 380350.0
417, 71.335045, 663.784334, 37.057615, 205.755046, 2471, 370794.0
418, 71.574243, 663.919998, 36.253355, 205.107996, 2490, 370389.0
419, 73.124631, 660.978188, 38.636219, 187.565625, 2501, 381342.0
420, 69.673457, 664.021519, 37.735253, 196.339246, 2574, 396721.0
421, 71.489325, 662.820779, 39.863654, 192.311492, 2501, 382713.0
422, 67.984287, 662.413187, 37.306008, 187.507599, 2587, 404577.0
423, 71.841278, 664.474489, 37.231864, 212.801355, 2493, 380700.0
424, 71.992252, 663.038773, 37.315368, 201.516794, 2480, 369283.0
425, 72.434187, 663.696192, 37.539681, 215.036679, 2446, 363648.0
426, 71.436037, 662.630906, 36.938715, 191.355264, 2515, 379394.0
427, 71.499007, 664.386564, 37.552711, 199.032811, 2525, 379765.0
428, 72.330793, 663.405757, 37.330833, 206.566777, 2479, 371159.0
429, 74.457331, 664.490338, 36.570566, 233.933773, 2464, 372090.0
430, 70.311856, 663.065864, 36.862564, 185.560434, 2576, 384898.0
431, 71.039229, 664.183330, 36.561497, 196.892272, 2517, 379596.0
432, 72.531470, 663.533696, 37.988480, 181.329877, 2524, 379731.0
433, 68.365699, 662.525894, 37.690219, 184.769145, 2591, 389206.0
434, 70.434665, 663.070606, 37.158087, 183.040549, 2531, 385380.0
435, 70.122872, 663.547988, 37.718191, 186.272935, 2580, 396974.0
436, 71.027936, 663.423383, 36.762713, 189.307620, 2506, 373806.0
437, 70.807879, 663.911937, 37.312964, 177.493040, 2600, 387964.0
438, 70.084329, 663.873255, 36.977490, 173.810611, 2602, 389305.0
439, 69.163024, 663.373777, 37.148401, 171.905759, 2609, 400511.0
440, 71.913184, 663.070597, 37.737636, 209.518537, 2445, 375688.0
441, 71.523080, 663.782775, 35.217497, 194.131142, 2523, 378726.0
442, 70.996710, 663.116956, 37.264243, 183.101580, 2581, 390549.0
443, 71.136065, 663.316513, 37.663455, 196.887944, 2501, 373061.0
444, 70.028504, 662.819021, 38.039503, 184.121914, 2567, 393803.0
445, 68.060862, 662.275619, 38.811147, 171.081782, 2622, 404010.0
446, 71.488980, 664.338749, 36.970873, 209.817735, 2425, 366005.0
447, 73.106103, 663.015490, 37.419581, 205.599899, 2472, 384628.0
448, 71.385079, 663.150916, 37.527728, 197.712637, 2500, 403681.0
449, 71.148515, 665.878443, 35.871444, 198.440776, 2492, 379435.0
450, 71.538306, 663.071856, 37.394158, 207.614314, 2483, 383359.0
451, 71.432898, 663.473017, 37.275183, 195.070939, 2520, 384974.0
452, 69.548599, 662.742806, 37.238230, 174.368550, 2594, 398539.0
453, 67.919899, 663.190630, 36.797542, 179.520757, 2608, 397236.0
454, 67.839629, 662.675584, 38.367849, 179.321574, 2592, 391625.0
455, 71.369597, 663.652788, 37.209542, 180.126735, 2511, 378162.0
456, 72.263294, 663.765119, 36.469886, 204.539703, 2505, 372685.0
457, 73.720285, 663.432811, 38.080033, 201.793344, 2504, 376900.0
458, 68.047147, 663.155602, 37.829836, 188.774005, 2602, 392007.0
459, 71.466801, 662.820846, 38.105162, 186.231071, 2562, 381981.0
460, 73.447748, 664.998093, 37.470985, 211.947392, 2496, 378861.0
461, 71.714910, 664.041642, 37.674150, 190.992626, 2480, 382506.0
462, 70.333713, 662.931822, 36.487990, 177.500202, 2614, 405021.0
463, 72.734946, 664.074668, 37.020127, 199.724189, 2469, 374529.0
464, 72.627386, 664.687936, 36.704661, 202.432675, 2431, 367519.0
465, 70.897309, 662.304386, 38.194412, 202.176304, 2554, 386364.0
466, 70.674630, 663.290097, 37.896539, 188.886492, 2508, 379734.0
467, 68.449772, 664.094992, 36.756849, 184.332413, 2614, 394657.0
468, 69.770507, 663.253079, 37.977544, 169.921665, 2595, 399059.0
469, 69.783424, 664.201423, 36.657886, 203.868544, 2557, 394960.0
470, 71.828121, 664.638620, 36.119918, 188.098419, 2489, 375336.0
471, 71.484064, 662.344555, 38.748931, 177.551364, 2509, 378052.0
472, 70.036145, 661.936461, 37.156878, 181.979813, 2535, 396596.0
473, 72.707971, 663.691476, 37.591995, 198.005192, 2480, 392611.0
474, 69.650645, 663.317318, 37.268545, 173.839340, 2593, 400193.0
475, 68.465480, 663.303776, 36.650153, 189.632283, 2566, 389709.0
476, 70.383296, 662.267099, 37.877593, 198.228087, 2588, 386875.0
477, 69.374294, 663.280167, 37.975203, 196.529435, 2572, 389932.0
478, 70.197479, 663.332493, 37.263928, 191.071054, 2559, 389287.0
479, 72.266848, 663.812663, 37.383314, 193.338146, 2475, 382870.0
480, 70.096755, 663.212428, 37.811088, 189.612020, 2506, 384338.0
481, 70.068807, 662.334207, 37.183544, 203.444002, 2517, 388874.0
482, 69.922224, 662.833030, 36.453833, 187.043246, 2583, 393776.0
483, 69.696972, 664.514320, 37.338472, 192.145532, 2577, 389884.0
484, 68.333260, 663.509109, 38.943060, 153.616251, 2626, 415159.0
485, 70.303713, 661.255107, 38.501732, 212.014706, 2538, 387383.0
486, 69.021469, 664.077280, 37.188093, 163.996602, 2621, 400034.0
487, 69.847487, 664.691726, 36.433121, 184.077055, 2596, 409145.0
488, 71.086156, 664.170347, 37.107322, 189.868349, 2505, 389064.0
489, 71.177966, 663.866332, 37.486205, 175.403467, 2600, 403586.0
490, 71.179231, 662.963554, 37.481789, 194.065888, 2498, 379025.0
491, 74.195030, 664.475793, 37.288612, 239.617573, 2473, 385071.0
492, 71.544134, 663.671392, 37.106220, 207.797552, 2446, 374317.0
493, 68.749422, 662.394798, 37.106566, 191.829368, 2625, 401290.0
494, 70.848720, 664.103851, 37.181237, 185.771999, 2568, 399318.0
495, 72.268587, 662.369073, 37.866838, 207.850995, 2488, 383768.0
496, 68.527469, 661.751193, 37.845250, 201.694740, 2612, 405697.0
497, 71.963418, 662.729884, 37.719525, 215.848026, 2444, 381387.0
498, 73.475454, 664.672782, 37.335121, 212.330592, 2482, 387966.0
499, 73.910988, 664.413858, 36.349529, 239.761758, 2445, 378445.0
500, 71.816106, 663.442482, 37.560351, 194.206745, 2500, 380824.0
501, 68.496281, 663.074955, 37.433611, 182.934949, 2630, 404496.0
502, 71.284852, 664.860971, 35.885937, 172.801424, 2514, 394924.0
503, 69.153021, 663.091148, 37.641017, 176.618059, 2593, 392641.0
504, 74.003545, 665.053847, 36.452750, 229.347984, 2443, 369234.0
505, 68.520913, 664.532864, 37.679441, 165.587758, 2596, 399403.0
506, 72.838798, 663.584034, 37.318654, 202.850116, 2469, 379023.0
507, 72.330147, 665.836676, 35.126435, 202.971074, 2449, 374407.0
508, 70.902152, 663.840954, 37.966239, 201.101502, 2515, 377256.0
509, 72.509939, 663.080379, 37.784659, 206.986004, 2508, 380835.0
510, 68.445214, 665.359831, 36.443972, 170.389135, 2616, 404261.0
511, 71.861355, 663.837622, 36.517514, 189.756440, 2483, 376760.0
512, 73.026286, 662.050583, 37.759384, 230.219871, 2444, 381040.0
513, 73.417830, 663.015961, 37.178090, 202.523781, 2465, 382108.0
514, 71.954643, 664.374754, 36.525022, 214.545167, 2454, 370179.0
515, 72.458267, 662.659222, 37.551666, 188.376071, 2453, 372529.0
516, 74.439896, 663.661938, 36.877300, 228.329889, 2468, 396371.0
517, 71.097624, 662.352358, 37.757883, 198.451635, 2556, 384572.0
518, 69.219151, 663.302377, 37.195603, 173.954388, 2610, 391192.0
519, 68.742192, 664.653219, 36.186970, 180.133011, 2585, 392479.0
520, 73.536330, 663.042214, 38.446077, 228.918885, 2446, 367140.0
521, 69.552926, 663.803427, 37.860064, 180.974132, 2563, 384313.0
522, 69.868854, 663.665355, 36.831086, 194.880239, 2570, 389538.0
523, 72.596878, 665.472900, 35.390575, 213.869235, 2423, 389348.0
524, 71.453422, 664.092548, 37.455802, 193.100253, 2510, 380981.0
525, 72.189053, 663.120403, 37.794497, 207.199919, 2498, 374555.0
526, 71.634841, 663.375116, 38.681255, 170.079521, 2582, 390067.0
527, 71.865239, 664.000021, 37.581041, 177.790197, 2529, 381305.0
528, 69.942717, 663.511292, 36.356893, 184.680149, 2607, 399467.0
529, 72.055347, 664.059683, 37.588315, 197.952015, 2451, 371029.0
530, 68.742441, 663.221655, 37.237966, 181.973209, 2598, 399003.0
531, 73.323631, 664.548592, 35.789372, 236.454291, 2428, 366864.0
532, 72.505794, 664.251159, 37.242771, 208.807179, 2481, 378679.0
533, 72.120388, 665.639581, 35.099970, 219.701958, 2443, 366821.0
534, 68.095964, 664.143284, 36.649182, 162.597088, 2613, 411823.0
535, 70.591046, 662.873036, 37.512462, 184.989682, 2558, 389218.0
536, 70.074446, 661.942153, 38.870309, 191.139074, 2545, 385135.0
537, 70.824404, 662.069892, 38.360830, 187.863589, 2593, 396368.0
538, 69.284682, 662.804041, 37.573581, 180.411879, 2635, 399369.0
539, 73.293028, 662.692560, 37.502394, 238.141356, 2422, 366897.0
540, 69.498420, 663.392300, 37.435545, 175.863336, 2612, 396122.0
541, 71.967410, 662.654810, 38.266970, 188.803362, 2489, 375763.0
542, 70.077845, 662.391454, 38.784053, 181.457865, 2597, 396741.0
543, 71.071528, 663.642101, 36.701061, 223.638027, 2530, 376680.0
544, 70.781780, 663.900735, 38.143503, 188.349546, 2576, 395256.0
545, 68.801653, 663.190064, 38.092327, 174.685840, 2636, 402826.0
546, 69.659334, 662.620535, 36.715680, 212.941981, 2518, 382790.0
547, 70.950086, 663.422199, 37.764672, 177.123841, 2609, 396092.0
548, 69.525788, 664.459166, 36.714418, 210.732706, 2554, 390473.0
549, 71.254108, 664.041139, 36.870755, 187.050217, 2588, 388747.0
550, 70.256824, 662.959809, 37.684535, 212.143257, 2538, 383744.0
551, 70.967060, 664.146815, 37.017943, 179.844531, 2557, 384212.0
552, 69.533491, 663.039802, 37.136829, 188.392999, 2589, 398521.0
553, 72.553150, 663.580203, 37.271839, 192.195963, 2461, 373077.0
554, 72.317646, 662.514220, 38.398509, 192.385155, 2482, 375062.0
555, 70.676056, 663.888129, 37.997298, 181.237151, 2585, 399969.0
556, 70.991115, 662.062501, 37.503649, 189.500586, 2557, 391927.0
557, 69.734750, 664.009686, 37.521617, 190.087038, 2582, 390040.0
558, 71.532822, 664.112794, 36.263493, 220.227183, 2441, 362816.0
559, 71.146543, 664.295768, 37.615532, 222.544733, 2497, 375499.0
560, 69.625373, 665.044044, 36.547344, 196.580187, 2609, 401327.0
561, 72.980205, 665.475996, 36.522138, 193.575588, 2509, 388589.0
562, 70.332587, 661.775826, 39.061458, 202.375470, 2571, 397039.0
563, 69.963832, 663.746899, 36.887073, 184.058268, 2595, 394772.0
564, 74.104772, 663.542621, 37.577043, 226.589342, 2466, 371040.0
565, 71.566238, 663.965254, 38.006998, 185.148262, 2530, 385466.0
566, 69.988383, 662.654355, 38.104833, 194.038692, 2593, 396907.0
567, 67.718223, 662.430176, 39.142998, 165.552191, 2596, 393170.0
568, 74.859986, 662.758404, 36.847885, 228.965394, 2472, 371886.0
569, 71.442197, 662.335446, 38.588045, 204.211676, 2538, 381385.0
570, 70.883556, 663.570146, 36.042047, 169.198119, 2610, 399793.0
571, 73.588987, 665.495641, 35.850264, 206.584785, 2463, 364882.0
572, 71.111126, 662.757883, 38.005971, 212.067276, 2452, 364013.0
573, 70.643513, 663.948877, 37.530441, 164.080675, 2612, 418657.0
574, 70.441285, 663.075627, 36.328005, 185.325104, 2546, 386427.0
575, 71.517625, 663.788744, 38.103641, 186.722315, 2529, 377588.0
576, 74.062900, 662.448399, 38.936233, 227.939777, 2477, 373348.0
577, 72.863919, 661.739430, 38.062067, 208.603979, 2455, 366173.0
578, 70.110197, 662.665341, 37.716732, 187.573020, 2573, 395280.0
579, 71.363737, 662.249839, 37.423196, 191.145973, 2501, 373354.0
580, 75.453048, 665.359286, 35.471444, 241.231251, 2457, 382525.0
581, 69.177435, 664.412822, 37.625801, 186.014063, 2617, 395860.0
582, 74.986906, 663.353974, 37.410864, 219.938675, 2439, 363926.0
583, 73.839666, 664.124047, 36.566186, 203.512902, 2483, 376166.0
584, 70.499762, 662.637120, 38.705799, 200.796365, 2521, 379192.0
585, 69.525967, 663.937812, 36.804058, 174.510601, 2619, 399513.0
586, 71.984934, 662.816793, 38.504859, 192.905121, 2480, 376089.0
587, 74.421863, 663.062699, 37.129080, 203.112044, 2437, 367132.0
588, 71.075255, 664.443571, 37.031770, 202.825254, 2449, 373901.0
589, 68.095124, 662.819512, 37.959509, 178.003691, 2589, 391196.0
590, 71.072291, 661.870262, 37.491481, 211.368704, 2450, 367427.0
591, 69.215431, 662.293840, 38.564321, 197.180848, 2590, 389215.0
592, 72.421151, 663.365719, 37.001578, 215.549835, 2474, 368283.0
593, 69.919248, 663.175505, 38.613714, 185.474117, 2607, 394544.0
594, 72.531812, 663.668853, 36.174301, 210.175946, 2457, 373773.0
595, 69.895616, 662.472116, 37.503900, 190.307393, 2571, 384070.0
596, 72.511522, 665.026026, 36.004203, 222.771839, 2422, 359096.0
597, 68.602534, 662.975909, 38.914761, 162.107669, 2604, 394525.0
598, 69.056757, 662.536390, 37.719010, 171.537107, 2634, 399189.0
599, 73.078906, 663.754362, 36.436268, 199.649556, 2472, 374280.0
600, 71.371124, 663.320064, 37.698276, 192.970955, 2468, 371485.0
601, 70.412305, 661.415830, 37.278587, 211.005460, 2523, 385738.0
602, 71.100253, 663.518538, 37.099922, 189.416894, 2538, 387350.0
603, 68.728149, 664.575746, 36.210319, 174.570140, 2595, 397439.0
604, 73.327013, 663.055014, 37.593866, 196.980615, 2466, 383579.0
605, 76.386724, 665.268037, 35.818105, 235.591323, 2431, 360320.0
606, 69.258139, 662.940509, 37.336536, 181.951811, 2597, 392206.0
607, 70.947226, 664.345454, 35.814151, 170.573537, 2553, 392492.0
608, 71.945125, 663.522635, 36.569237, 206.442007, 2458, 370290.0
609, 70.894524, 663.135099, 37.465001, 201.397816, 2584, 394362.0
610, 72.140705, 662.302828, 38.856662, 203.505134, 2508, 388226.0
611, 70.545284, 664.062776, 35.853285, 188.207827, 2526, 383900.0
612, 74.556356, 664.624783, 36.339963, 236.682231, 2427, 366815.0
613, 70.922029, 663.365397, 36.690982, 210.080432, 2505, 378134.0
614, 68.169134, 662.631294, 38.599261, 172.373607, 2616, 394437.0
615, 71.429213, 662.912221, 37.072920, 206.666554, 2478, 371080.0
616, 68.069491, 663.948091, 35.863509, 173.263787, 2596, 391553.0
617, 70.772232, 664.423920, 37.344144, 194.209930, 2534, 378234.0
618, 71.312892, 663.196209, 38.626030, 181.044685, 2580, 391631.0
619, 69.130176, 662.599391, 38.984141, 178.022623, 2595, 391225.0
620, 67.121562, 663.185654, 37.111982, 185.963974, 2565, 392976.0
621, 70.888904, 663.449496, 37.795458, 169.826748, 2589, 393752.0
622, 70.473518, 662.689325, 36.392712, 189.714326, 2526, 384623.0
623, 71.269225, 663.614030, 37.803466, 211.619719, 2498, 381298.0
624, 69.513792, 662.779872, 37.266681, 182.122869, 2591, 397703.0
625, 69.086606, 662.164511, 38.268951, 176.311039, 2606, 400096.0
626, 73.207499, 663.059424, 37.958336, 228.657058, 2443, 371204.0
627, 72.570390, 664.607344, 37.204706, 202.499498, 2461, 369453.0
628, 68.341065, 664.134353, 37.631085, 190.692200, 2621, 401656.0
629, 71.645539, 664.397825, 36.882155, 186.892188, 2531, 381054.0
630, 68.846856, 663.552649, 37.786927, 165.053145, 2622, 391986.0
631, 70.077845, 662.391454, 38.784053, 164.234586, 2588, 386448.0
632, 67.523246, 662.297677, 38.055111, 170.013423, 2591, 386976.0
633, 72.061539, 664.909104, 35.298017, 182.477691, 2469, 367382.0
634, 71.902645, 663.973156, 38.348604, 206.325362, 2463, 366317.0
635, 68.967168, 663.308381, 37.226646, 197.029094, 2558, 399426.0
636, 70.740414, 664.350579, 36.941580, 194.701990, 2444, 369451.0
637, 70.068807, 662.334207, 37.183544, 188.539297, 2627, 401542.0
638, 72.277173, 663.812850, 37.534384, 233.085415, 2420, 368388.0
639, 69.596501, 664.511346, 37.452297, 176.140276, 2612, 397986.0
640, 70.957836, 662.454221, 38.687888, 185.387524, 2579, 387104.0
641, 68.800044, 663.646737, 37.585616, 165.299398, 2631, 398643.0
642, 69.534370, 663.108740, 36.834322, 177.111200, 2585, 400239.0
643, 67.760387, 662.521907, 38.399666, 175.556598, 2571, 396661.0
644, 71.015705, 661.340485, 38.496920, 195.502685, 2518, 381674.0
645, 70.712964, 663.401813, 37.892450, 180.458558, 2566, 384846.0
646, 69.464217, 661.218135, 39.349075, 175.324759, 2600, 397304.0
647, 69.921673, 662.384940, 36.623341, 191.031150, 2526, 396720.0
648, 69.160254, 662.765380, 37.681188, 185.622827, 2595, 393816.0
649, 74.536588, 663.651153, 37.298930, 215.728109, 2453, 389276.0
650, 69.842148, 663.562583, 37.097166, 173.016191, 2604, 395438.0
651, 66.825611, 663.971646, 36.743339, 169.814713, 2605, 391743.0
652, 70.146298, 664.442220, 36.349958, 178.925550, 2596, 397936.0
653, 68.753976, 663.488016, 38.207229, 161.810327, 2634, 404356.0
654, 72.142768, 662.490185, 38.924740, 192.778936, 2482, 378210.0
655, 67.928539, 662.831522, 36.268317, 183.978803, 2570, 390530.0
656, 71.077780, 662.665043, 37.374708, 186.977048, 2514, 378723.0
657, 71.711162, 664.804581, 37.298163, 197.447787, 2522, 375425.0
658, 72.414778, 664.253890, 36.969855, 211.775535, 2465, 367128.0
659, 69.533260, 662.500059, 38.415957, 177.155392, 2587, 390426.0
660, 68.976275, 663.438999, 36.739338, 189.671751, 2616, 396386.0
661, 73.894618, 663.702304, 37.995496, 235.020088, 2461, 368809.0
662, 70.417454, 665.375920, 36.684416, 170.559611, 2599, 392483.0
663, 71.457281, 664.101409, 37.465773, 181.880900, 2545, 389813.0
664, 70.060341, 662.364401, 39.174400, 174.894830, 2598, 410727.0
665, 69.095971, 663.165495, 38.163159, 179.720332, 2621, 397438.0
666, 69.654485, 662.740533, 36.899021, 182.901668, 2553, 391564.0
667, 74.096232, 664.514288, 35.629442, 231.696709, 2466, 383586.0
668, 71.338952, 663.366534, 37.671490, 175.763623, 2552, 395296.0
669, 70.151274, 664.283611, 37.497447, 184.393799, 2621, 400801.0
670, 70.235555, 664.610048, 36.813012, 176.216382, 2616, 402440.0
671, 71.157365, 664.265865, 36.790544, 193.906958, 2524, 379735.0
672, 68.964349, 663.119312, 36.989823, 183.852817, 2595, 398583.0
673, 70.443467, 664.198800, 37.154669, 178.544433, 2567, 386976.0
674, 68.495076, 662.408337, 37.066267, 178.560821, 2596, 397619.0
675, 71.250295, 663.981453, 37.105266, 190.326599, 2564, 387142.0
676, 71.550443, 663.138930, 37.137244, 184.524741, 2429, 361270.0
677, 70.892283, 663.461530, 37.896438, 182.414040, 2543, 378940.0
678, 67.388137, 662.477714, 37.777730, 177.072548, 2595, 386597.0
679, 68.483806, 664.980722, 35.028228, 175.876489, 2607, 388502.0
680, 67.393983, 662.906532, 37.713453, 176.164609, 2574, 388089.0
681, 66.453351, 663.559098, 37.512282, 182.555699, 2614, 397697.0
682, 66.518879, 662.574035, 37.003229, 158.815096, 2593, 392344.0
683, 70.205247, 664.164121, 36.463180, 174.505569, 2620, 393064.0
684, 66.777589, 663.206230, 37.425021, 160.733225, 2596, 397640.0
685, 69.798959, 662.108158, 38.870128, 171.784928, 2575, 383618.0
686, 69.381296, 662.001746, 38.062939, 160.205995, 2601, 388322.0
687, 70.084243, 662.600932, 37.229802, 180.046607, 2589, 386001.0
688, 71.541631, 663.310574, 37.981734, 196.551909, 2509, 372492.0
689, 66.559457, 663.999040, 36.858246, 171.737300, 2590, 389748.0
690, 68.942709, 662.699210, 38.260654, 177.021210, 2581, 391096.0
691, 69.756897, 662.914591, 36.794824, 177.639565, 2630, 402621.0
692, 68.595534, 664.078200, 37.123483, 171.443222, 2620, 394646.0
693, 69.654485, 662.740533, 36.899021, 184.374095, 2586, 385091.0
694, 72.215635, 662.467909, 38.019078, 199.900616, 2505, 372692.0
695, 72.138049, 664.578352, 36.783288, 213.524314, 2427, 365713.0
696, 69.625653, 664.231175, 36.922714, 199.166511, 2568, 388331.0
697, 68.942481, 662.682051, 36.702808, 172.432464, 2608, 400873.0
698, 70.225606, 662.815795, 36.670701, 202.515251, 2516, 381105.0
699, 70.958414, 664.008798, 36.944097, 179.144473, 2562, 392133.0
700, 73.149701, 663.320371, 37.360048, 206.699628, 2500, 377764.0
701, 74.007098, 663.395120, 37.820293, 190.684394, 2489, 378491.0
702, 72.484737, 661.836466, 38.454292, 177.695256, 2495, 389235.0
703, 68.980375, 662.373437, 37.297153, 179.969056, 2585, 406107.0
704, 72.750861, 663.384175, 38.083298, 209.793162, 2465, 373718.0
705, 70.394718, 662.766286, 37.888438, 176.311589, 2591, 402574.0
706, 69.872650, 664.674739, 35.772051, 191.527547, 2587, 403759.0
707, 71.221051, 662.617368, 38.570464, 217.866985, 2420, 362080.0
708, 70.271785, 663.556867, 38.114870, 173.466973, 2568, 402458.0
709, 69.304858, 664.081428, 36.633932, 198.254700, 2593, 393821.0
710, 68.051226, 663.121098, 37.395904, 179.017117, 2577, 403119.0
711, 69.502994, 664.027245, 36.964052, 193.982713, 2579, 395661.0
712, 70.641673, 663.842446, 37.593512, 187.892872, 2575, 383107.0
713, 69.856558, 663.563557, 37.088947, 174.791373, 2616, 399763.0
714, 69.455413, 664.225902, 37.527185, 193.455384, 2545, 384565.0
715, 73.182723, 663.454265, 37.696248, 218.392364, 2473, 377135.0
716, 71.109403, 663.869523, 36.775282, 193.101855, 2528, 393146.0
717, 70.067930, 662.773187, 38.435586, 176.822918, 2561, 381336.0
718, 68.198020, 663.057728, 37.479498, 187.398075, 2592, 385672.0
719, 67.721248, 662.055951, 37.429167, 194.389114, 2566, 385140.0
720, 68.834880, 663.910499, 37.398793, 175.527527, 2585, 394779.0
721, 71.463489, 663.936695, 37.699795, 203.092996, 2475, 368418.0
722, 70.201174, 663.153145, 37.719247, 206.050340, 2546, 391200.0
723, 70.910398, 662.296068, 38.131802, 191.399408, 2580, 395626.0
724, 68.661245, 663.587538, 36.509975, 180.310148, 2620, 401890.0
725, 66.755590, 662.154096, 38.497646, 186.538133, 2568, 383153.0
726, 69.088073, 662.498158, 36.991985, 184.724605, 2635, 393209.0
727, 66.985405, 662.473358, 37.969449, 168.128753, 2609, 388618.0
728, 69.236500, 662.754271, 38.207035, 175.926411, 2619, 391257.0
729, 69.235837, 664.742472, 38.032995, 167.841774, 2611, 399427.0
730, 71.462681, 662.877396, 36.959095, 199.286900, 2496, 374189.0
731, 70.804262, 663.339451, 37.134966, 194.288875, 2481, 373928.0
732, 72.083936, 661.981185, 38.299862, 180.420839, 2494, 375322.0
733, 69.080692, 662.512576, 36.624029, 175.717547, 2611, 393657.0
734, 72.978022, 664.877452, 35.961831, 208.626392, 2393, 355818.0
735, 68.742705, 663.333256, 37.827648, 169.736973, 2637, 398967.0
736, 68.071738, 662.802085, 38.049814, 157.636415, 2631, 407108.0
737, 69.857887, 663.642592, 37.752527, 188.631106, 2578, 393998.0
738, 67.873901, 663.569455, 36.562628, 170.357321, 2618, 399364.0
739, 69.904882, 663.457494, 36.946427, 204.941411, 2574, 402721.0
740, 67.337696, 664.294900, 36.964612, 167.538829, 2593, 404018.0
741, 69.844388, 664.505871, 36.404125, 186.894390, 2562, 411531.0
742, 67.578633, 663.042807, 37.695579, 153.440926, 2612, 402421.0
743, 70.140774, 663.898834, 37.682852, 184.111210, 2574, 407510.0
744, 70.545036, 664.165632, 37.020624, 187.203059, 2578, 399121.0
745, 69.170084, 662.601113, 38.167954, 164.450829, 2636, 415440.0
746, 70.094141, 663.819264, 37.836704, 184.356247, 2586, 385276.0
747, 69.921293, 663.458604, 36.937066, 181.768608, 2596, 386258.0
748, 68.113201, 663.029559, 38.034021, 168.083706, 2604, 399947.0
749, 67.919470, 662.819314, 37.672492, 156.379194, 2601, 400072.0
750, 68.696776, 663.612030, 38.183772, 171.334826, 2633, 402408.0
751, 69.473963, 663.346135, 37.847862, 172.752093, 2615, 390622.0
752, 67.723838, 662.472580, 37.819170, 160.177865, 2608, 388490.0
753, 69.502080, 663.569857, 35.915829, 167.326067, 2595, 386220.0
754, 66.985441, 661.856898, 38.179766, 167.851958, 2586, 403138.0
755, 67.699040, 662.552829, 37.396266, 157.769771, 2602, 404761.0
756, 68.038654, 662.741875, 37.235482, 170.264787, 2625, 403130.0
757, 68.241887, 662.982918, 38.005420, 177.812487, 2606, 399148.0
758, 68.272849, 664.898035, 36.398841, 163.073814, 2601, 396523.0
759, 67.121314, 664.490118, 36.199457, 168.803410, 2605, 392983.0
760, 69.219858, 664.680786, 36.042722, 185.346476, 2621, 397939.0
761, 68.398877, 662.707639, 36.748354, 168.575146, 2609, 404101.0
762, 70.348380, 664.229192, 37.376387, 181.632292, 2631, 399354.0
763, 72.237796, 664.295862, 37.298356, 191.668221, 2490, 375458.0
764, 68.751202, 663.168310, 38.742626, 159.673813, 2639, 396754.0
765, 71.851832, 665.296374, 36.499802, 189.573153, 2498, 377464.0
766, 69.899553, 662.884719, 38.455716, 175.115078, 2589, 392588.0
767, 70.116441, 663.720624, 37.180938, 192.341933, 2579, 391787.0
768, 68.911519, 663.629487, 37.554709, 165.396896, 2615, 406430.0
769, 70.258850, 662.396539, 37.261636, 200.673633, 2510, 385203.0
770, 68.575984, 663.001100, 38.336147, 185.458763, 2601, 397698.0
771, 68.460425, 664.264141, 36.489238, 168.231937, 2602, 409984.0
772, 68.692629, 663.302188, 38.704291, 181.217146, 2608, 392480.0
773, 71.767044, 664.557726, 36.146741, 198.670839, 2469, 381645.0
774, 70.498639, 662.582661, 37.435279, 185.561745, 2586, 390767.0
775, 67.676880, 662.354923, 38.804864, 170.848188, 2618, 393084.0
776, 69.791094, 664.680601, 38.024120, 170.013371, 2613, 390262.0
777, 70.401534, 662.334655, 37.755253, 201.557374, 2519, 379425.0
778, 68.524907, 663.704090, 36.800810, 170.872264, 2613, 392026.0
779, 71.906952, 662.875770, 37.460558, 186.307330, 2477, 370296.0
780, 68.559278, 663.120842, 37.403596, 169.257123, 2631, 403594.0
781, 71.253790, 663.159539, 37.512510, 198.678622, 2589, 391141.0
782, 71.353115, 663.922593, 37.174116, 164.198820, 2524, 387416.0
783, 71.296042, 664.659118, 36.623176, 198.697667, 2499, 378729.0
784, 67.795333, 662.588789, 38.733058, 165.554789, 2634, 400506.0
785, 68.240439, 662.835249, 36.858095, 182.645148, 2597, 397224.0
786, 68.149726, 662.682150, 37.027368, 159.641901, 2626, 397564.0
787, 71.221477, 662.319273, 37.382302, 194.892063, 2443, 366048.0
788, 68.487369, 664.081450, 37.669995, 172.976673, 2607, 391963.0
789, 68.497110, 663.665394, 36.328692, 168.132786, 2641, 393632.0
790, 68.678254, 663.724830, 37.997372, 160.029499, 2618, 400105.0
791, 67.226869, 664.267229, 36.235594, 165.719993, 2599, 394349.0
792, 69.480277, 662.865638, 37.360297, 179.549779, 2600, 398765.0
793, 69.304641, 661.985030, 37.215492, 169.134524, 2572, 383605.0
794, 66.822374, 662.802686, 37.484929, 153.227006, 2600, 392402.0
795, 70.145326, 662.090643, 38.066881, 190.563782, 2581, 392755.0
796, 70.863533, 663.485533, 37.751953, 193.483631, 2575, 386005.0
797, 68.996354, 663.488992, 37.998577, 159.777632, 2635, 396917.0
798, 67.073792, 663.474992, 37.801220, 160.463142, 2617, 399133.0
799, 69.865526, 664.497879, 36.557665, 171.842092, 2626, 411017.0
800, 68.448907, 663.256559, 36.107398, 181.931840, 2618, 396035.0
801, 69.649043, 663.219612, 37.858869, 156.545258, 2620, 405428.0
802, 66.589607, 662.587687, 36.143928, 164.711161, 2611, 389664.0
803, 72.430463, 664.125936, 37.644292, 208.032000, 2483, 383455.0
804, 71.112398, 664.626744, 35.959839, 199.411151, 2530, 397140.0
805, 71.345602, 663.474132, 37.201616, 189.045583, 2584, 401800.0
806, 68.533334, 663.400168, 37.015324, 188.161243, 2558, 389297.0
807, 70.247385, 663.684313, 36.023314, 195.670171, 2585, 393734.0
808, 70.195281, 664.090744, 37.327072, 171.538323, 2605, 401416.0
809, 70.413035, 663.915267, 36.650272, 186.407507, 2570, 395951.0
810, 67.628237, 662.206974, 38.173428, 165.405348, 2604, 397397.0
811, 69.342770, 663.768361, 37.318864, 165.788844, 2583, 391417.0
812, 69.173830, 662.007919, 37.919189, 165.822616, 2638, 409504.0
813, 71.211610, 662.583128, 37.474775, 184.819652, 2536, 393692.0
814, 68.463144, 662.979522, 37.771200, 189.323533, 2572, 391672.0
815, 69.573569, 663.178356, 37.319608, 191.357647, 2593, 386427.0
816, 69.557278, 664.010569, 37.094989, 173.270995, 2576, 386937.0
817, 71.849058, 663.733583, 38.427790, 200.011188, 2459, 381446.0
818, 67.031222, 663.156979, 37.084770, 176.203490, 2557, 380787.0
819, 69.932508, 664.337935, 36.492188, 179.241079, 2577, 384582.0
820, 69.597560, 663.186268, 37.355043, 179.539950, 2629, 402662.0
821, 70.449093, 662.245206, 37.643221, 184.946878, 2597, 395577.0
822, 71.068090, 662.947009, 37.088302, 185.690106, 2567, 396451.0
823, 70.981987, 663.404711, 37.844060, 186.677188, 2563, 393961.0
824, 69.691275, 662.259199, 38.839782, 199.831936, 2534, 382721.0
825, 69.601903, 662.186423, 38.125846, 200.226245, 2569, 394092.0
826, 68.305514, 662.080119, 38.071830, 171.227185, 2608, 399160.0
827, 68.058386, 662.756726, 36.995991, 175.128577, 2586, 397828.0
828, 66.182486, 661.024002, 37.446127, 163.116999, 2592, 386386.0
829, 68.122607, 663.529097, 36.683113, 181.432287, 2613, 388975.0
830, 68.635805, 662.971748, 39.582264, 149.263940, 2618, 396092.0
831, 67.821988, 662.183298, 38.871788, 168.303335, 2629, 402963.0
832, 68.533454, 662.593676, 38.003828, 197.967010, 2638, 398408.0
833, 70.545447, 663.608399, 37.713872, 194.036822, 2603, 395940.0
834, 68.983965, 663.251009, 37.329061, 179.978606, 2601, 389628.0
835, 67.950858, 663.613929, 36.263350, 184.647972, 2575, 396370.0
836, 69.678436, 662.748631, 37.478680, 166.651209, 2623, 405180.0
837, 69.632076, 662.239518, 38.004667, 170.202323, 2572, 401795.0
838, 69.020987, 663.800304, 36.995365, 173.395771, 2632, 420157.0
839, 69.246816, 664.307022, 36.339626, 199.594481, 2572, 401192.0
840, 68.565232, 662.685202, 38.139972, 179.286693, 2629, 410722.0
841, 70.203693, 664.503104, 37.391701, 186.977818, 2568, 384608.0
842, 72.024280, 662.710700, 38.256396, 190.719585, 2510, 376542.0
843, 66.743753, 662.701514, 37.644030, 164.068397, 2581, 385004.0
844, 68.562294, 663.116618, 36.370967, 175.080012, 2568, 383465.0
845, 66.936076, 663.847124, 36.798230, 168.222092, 2584, 399315.0
846, 68.018913, 662.360689, 38.617325, 176.175958, 2617, 402112.0
847, 69.377560, 663.135679, 37.893258, 161.894176, 2635, 403733.0
848, 67.905600, 663.585619, 37.069270, 171.873619, 2624, 419515.0
849, 69.142186, 662.432398, 36.809099, 159.637060, 2616, 398954.0
850, 67.499496, 662.752383, 37.177750, 172.567639, 2573, 399530.0
851, 70.837837, 662.978625, 37.821587, 197.964863, 2582, 402371.0
852, 67.554040, 663.438437, 36.699185, 166.455683, 2605, 397348.0
853, 70.040338, 662.883896, 38.241518, 159.924303, 2613, 401657.0
854, 68.163411, 663.028564, 33.673433, 375.672959, 2465, 368048.0
855, 71.635401, 663.850025, 37.030963, 182.494759, 2524, 380989.0
856, 67.868836, 661.695819, 38.135117, 151.338254, 2626, 401368.0
857, 66.860328, 662.633060, 37.576603, 149.479023, 2604, 401594.0
858, 67.935569, 663.245002, 37.888968, 161.236982, 2643, 394484.0
859, 67.705040, 662.845731, 37.234534, 171.746474, 2593, 387384.0
860, 70.869073, 664.682304, 35.515324, 204.857921, 2494, 375077.0
861, 67.347288, 663.884610, 37.210253, 181.213433, 2590, 390530.0
862, 66.965887, 662.052251, 38.266224, 188.943574, 2589, 391076.0
863, 67.665829, 662.851816, 37.658613, 167.086326, 2631, 410167.0
864, 69.052190, 663.082430, 36.835232, 182.307917, 2600, 390683.0
865, 69.980003, 662.496841, 37.397599, 172.490073, 2633, 405942.0
866, 70.236633, 662.418418, 36.808026, 184.273743, 2565, 388936.0
867, 68.698557, 663.669185, 37.330858, 158.779014, 2636, 397709.0
868, 72.720078, 664.239477, 38.012700, 199.524517, 2480, 375825.0
869, 69.736223, 663.270095, 36.666847, 189.544839, 2568, 390716.0
870, 70.495869, 662.460424, 38.804739, 185.551937, 2580, 392924.0
871, 67.622958, 664.541520, 37.536406, 172.302526, 2584, 410926.0
872, 70.323063, 663.506789, 37.212122, 179.086724, 2567, 400896.0
873, 71.367064, 663.659758, 37.301491, 183.673645, 2502, 383030.0
874, 67.442167, 663.599682, 37.796672, 175.901247, 2620, 392910.0
875, 72.008329, 662.502206, 37.174307, 202.260592, 2470, 378001.0
876, 70.869456, 663.530026, 37.442591, 190.938027, 2530, 378462.0
877, 67.169205, 663.329464, 37.221767, 184.303992, 2620, 405092.0
878, 69.611429, 663.793437, 37.843704, 182.059784, 2594, 398618.0
879, 70.586033, 664.620571, 35.797811, 182.834297, 2547, 388608.0
880, 67.126900, 664.043065, 36.430242, 144.351116, 2612, 409539.0
881, 69.954593, 663.801109, 36.135287, 174.060981, 2553, 398930.0
882, 68.682448, 664.517343, 37.435861, 165.543996, 2632, 416088.0
883, 70.190496, 664.207988, 37.269564, 175.488239, 2613, 405780.0
884, 67.943652, 664.093303, 35.884339, 172.911600, 2589, 395197.0
885, 70.079658, 661.341085, 37.775850, 172.295466, 2574, 394913.0
886, 70.292055, 663.215445, 37.300992, 197.338546, 2505, 383187.0
887, 69.192818, 663.323027, 38.217658, 154.194382, 2591, 393765.0
888, 69.126687, 663.162759, 38.357323, 178.660044, 2612, 398735.0
889, 68.290162, 662.998319, 37.068167, 151.289271, 2640, 400897.0
890, 69.392385, 662.508425, 38.207157, 164.128723, 2602, 388750.0
891, 69.811368, 664.344413, 35.939739, 183.973230, 2620, 406950.0
892, 71.302860, 663.649062, 37.906714, 194.694267, 2576, 389518.0
893, 70.229096, 664.035206, 37.392625, 179.956108, 2571, 387815.0
894, 67.863286, 662.503397, 38.037215, 180.039116, 2621, 403461.0
895, 68.458708, 663.686545, 37.761779, 170.184452, 2604, 403834.0
896, 71.131676, 662.599093, 37.304987, 194.816655, 2517, 393135.0
897, 67.154220, 661.885928, 36.634226, 178.650458, 2589, 403088.0
898, 71.138399, 664.073097, 36.598681, 163.209858, 2509, 394029.0
899, 68.059340, 663.533935, 37.201503, 183.160062, 2620, 428220.0
900, 66.397789, 662.340993, 36.887277, 166.123733, 2557, 384098.0
901, 68.727568, 661.924214, 38.336468, 166.935602, 2565, 386958.0
902, 67.439916, 663.115232, 37.920324, 162.327199, 2599, 398242.0
903, 69.094597, 663.822436, 38.136322, 159.878034, 2624, 403590.0
904, 71.712269, 662.268456, 38.473127, 178.162235, 2543, 386633.0
905, 68.125780, 662.657183, 36.400883, 176.010384, 2527, 387119.0
906, 71.817430, 664.792467, 37.002947, 193.308053, 2486, 372123.0
907, 69.900966, 663.049819, 38.619896, 156.046474, 2550, 391070.0
908, 65.405529, 663.435714, 38.325070, 151.530441, 2585, 398596.0
909, 68.879761, 662.564243, 39.193153, 171.310630, 2641, 404150.0
910, 68.206856, 662.894809, 39.357324, 151.333683, 2608, 405101.0
911, 70.135461, 662.370310, 37.105260, 168.906475, 2577, 388461.0
912, 68.779697, 662.300846, 37.981338, 167.996721, 2618, 401299.0
913, 71.930670, 663.576289, 37.661506, 198.964999, 2492, 389669.0
914, 69.773886, 663.466044, 38.311742, 165.844782, 2598, 406814.0
915, 71.460566, 663.431406, 37.452931, 202.141742, 2498, 379537.0
916, 67.922898, 662.731236, 38.759042, 152.055324, 2628, 399202.0
917, 72.640279, 663.732846, 37.321874, 192.637504, 2499, 373539.0
918, 71.044686, 663.048070, 37.488630, 185.825434, 2582, 397279.0
919, 67.986731, 662.930178, 36.698379, 160.112023, 2624, 391347.0
920, 69.709942, 663.496939, 37.146151, 193.525280, 2525, 376267.0
921, 67.375338, 661.490027, 37.899328, 159.812081, 2585, 410827.0
922, 68.201820, 663.473700, 37.878898, 162.206332, 2604, 403982.0
923, 68.614691, 664.090374, 36.923013, 170.470993, 2613, 416789.0
924, 71.329026, 663.027651, 36.791507, 197.456896, 2477, 373711.0
925, 72.077856, 663.508178, 36.752424, 185.991952, 2469, 381987.0
926, 65.509845, 663.628641, 35.722276, 192.045807, 2515, 388719.0
927, 70.321039, 663.854726, 36.425101, 183.755598, 2590, 393083.0
928, 70.082510, 663.856069, 37.720037, 177.496039, 2576, 383824.0
929, 68.828577, 663.774983, 36.807177, 162.928023, 2636, 400201.0
930, 69.135946, 663.174257, 37.303924, 174.836837, 2605, 400145.0
931, 70.070172, 663.754120, 36.943020, 184.220255, 2571, 405172.0
932, 67.114228, 662.999286, 37.455093, 189.784611, 2605, 401176.0
933, 69.380320, 662.312125, 37.737744, 168.593264, 2564, 398802.0
934, 66.374681, 663.299923, 37.850962, 160.268698, 2586, 396279.0
935, 70.007838, 662.537601, 38.330430, 175.048143, 2568, 396451.0
936, 69.385053, 661.602826, 37.992263, 158.890578, 2614, 406688.0
937, 71.900982, 664.613765, 35.688001, 205.154372, 2476, 380038.0
938, 73.078137, 663.612823, 36.288596, 208.392308, 2426, 373149.0
939, 69.451128, 663.504019, 38.324273, 185.901252, 2585, 398134.0
940, 69.282595, 664.434250, 37.541872, 176.269219, 2586, 394837.0
941, 70.171247, 662.823652, 37.075736, 180.467177, 2614, 396920.0
942, 69.325581, 664.238654, 36.579337, 178.412642, 2597, 400176.0
943, 70.908546, 662.201798, 36.325014, 196.098431, 2502, 384215.0
944, 68.069700, 663.843643, 36.948201, 183.258724, 2613, 405860.0
945, 69.941309, 663.091279, 38.594681, 170.840059, 2617, 410464.0
946, 69.880467, 663.363593, 37.607166, 165.630999, 2594, 415315.0
947, 68.746785, 663.922059, 38.363587, 145.989021, 2638, 402823.0
948, 71.229907, 661.906079, 37.171603, 212.119493, 2446, 364749.0
949, 69.781280, 664.603145, 36.163897, 168.973199, 2607, 393655.0
950, 73.914529, 664.501477, 36.929579, 198.854856, 2469, 376279.0
951, 68.352870, 663.778757, 37.378895, 191.455203, 2577, 399723.0
952, 66.954530, 662.038795, 38.290974, 176.114176, 2589, 396343.0
953, 70.009209, 661.813900, 37.544002, 180.335515, 2550, 392677.0
954, 69.973733, 663.416646, 37.609853, 194.366918, 2540, 389719.0
955, 69.254201, 663.846775, 38.393912, 176.090557, 2598, 393092.0
956, 71.533152, 664.381763, 36.008211, 196.270292, 2472, 369479.0
957, 68.743240, 663.938836, 36.796561, 174.485645, 2620, 400765.0
958, 69.531741, 663.068931, 37.202721, 155.121598, 2635, 413089.0
959, 68.779016, 662.815646, 39.276464, 172.314285, 2627, 430181.0
960, 68.458871, 663.533811, 36.853969, 158.747576, 2606, 404663.0
961, 69.243815, 662.309640, 37.473889, 160.391673, 2616, 406537.0
962, 68.571710, 661.665586, 38.098813, 185.202238, 2590, 417547.0
963, 68.758285, 663.878359, 36.491577, 172.282326, 2615, 400623.0
964, 71.149025, 662.265798, 38.621558, 176.081115, 2597, 409699.0
965, 67.904270, 662.640576, 37.946623, 152.057934, 2625, 396738.0
966, 69.593599, 663.562016, 37.327503, 160.371733, 2621, 399742.0
967, 70.298392, 664.086636, 37.451065, 165.185113, 2614, 399511.0
968, 68.916705, 662.844406, 37.660064, 154.622459, 2633, 405693.0
969, 68.866970, 663.843521, 38.529792, 162.454233, 2632, 401398.0
970, 68.521241, 663.859895, 37.016859, 167.855946, 2610, 408030.0
971, 69.980008, 663.975734, 37.797765, 153.831579, 2612, 402274.0
972, 68.322493, 663.093424, 37.979942, 143.954220, 2633, 404483.0
973, 68.874666, 662.711996, 38.167234, 155.779226, 2633, 405287.0
974, 70.512318, 662.416326, 38.638890, 196.712712, 2581, 394149.0
975, 70.859619, 662.859268, 37.973794, 182.348298, 2579, 396081.0
976, 66.233872, 662.882721, 37.187314, 142.756481, 2608, 398765.0
977, 71.394032, 663.204945, 38.180768, 184.544968, 2512, 374096.0
978, 67.512381, 664.056219, 37.866951, 151.069602, 2640, 400781.0
979, 68.756673, 663.945143, 36.963007, 178.945167, 2614, 400680.0
980, 73.598414, 663.391286, 36.612552, 204.751664, 2467, 374508.0
981, 68.407181, 662.434806, 38.639781, 168.668048, 2619, 401784.0
982, 70.484670, 664.784974, 36.655909, 175.340352, 2567, 382441.0
983, 70.075296, 663.275994, 37.622235, 183.155495, 2525, 387750.0
984, 70.395512, 662.397047, 37.442454, 171.901160, 2581, 401796.0
985, 69.920595, 663.389555, 36.206959, 181.351846, 2599, 400326.0
986, 68.829985, 664.405204, 37.245190, 166.424699, 2619, 401726.0
987, 70.338537, 663.194284, 37.264643, 171.873308, 2566, 392178.0
988, 67.888553, 662.961726, 37.916259, 155.850301, 2632, 396372.0
989, 68.308440, 664.379005, 36.901985, 195.547533, 2601, 393168.0
990, 68.878774, 663.723539, 37.372924, 170.913539, 2601, 395209.0
991, 71.009466, 663.179483, 36.784351, 164.314504, 2589, 394415.0
992, 68.214757, 663.787170, 36.405601, 170.453797, 2605, 390229.0
993, 69.718121, 664.355441, 37.362169, 178.195670, 2610, 397204.0
994, 71.336543, 663.318495, 37.612670, 172.839965, 2565, 394238.0
995, 67.599651, 663.134139, 37.175016, 162.231032, 2605, 404361.0
996, 70.630868, 664.143165, 37.576555, 175.634626, 2586, 391151.0
997, 69.456225, 663.099665, 37.301066, 179.667107, 2550, 386993.0
998, 69.585654, 663.345588, 37.426780, 180.119672, 2590, 396767.0
999, 70.862607, 661.960788, 38.972871, 184.862868, 2557, 389013.0
