#idx, x0, x1, x2, y, f_neval, total_time (us), 
0, 70.925926, 665.547846, 36.804138, 176.914673, 976, 146317.0
1, 70.925926, 665.547846, 36.804138, 207.567704, 967, 144678.0
2, 70.925926, 665.547846, 36.804138, 201.696324, 962, 143772.0
3, 71.750876, 659.454830, 36.459731, 211.707825, 974, 145972.0
4, 70.925926, 665.547846, 36.804138, 221.213255, 967, 144418.0
5, 70.925926, 665.547846, 36.804138, 212.050819, 971, 145104.0
6, 70.925926, 665.547846, 36.804138, 199.851372, 973, 145512.0
7, 75.384088, 659.737737, 36.753737, 214.771864, 964, 144132.0
8, 70.925926, 665.547846, 36.804138, 205.863083, 970, 144589.0
9, 70.925926, 665.547846, 36.804138, 222.490946, 962, 143161.0
10, 73.567482, 665.138304, 36.874140, 235.358516, 954, 142017.0
11, 70.925926, 665.547846, 36.804138, 199.296462, 968, 144760.0
12, 70.925926, 665.547846, 36.804138, 188.133277, 972, 145638.0
13, 70.925926, 665.547846, 36.804138, 235.975424, 961, 143816.0
14, 70.925926, 665.547846, 36.804138, 217.096175, 967, 144430.0
15, 68.245975, 664.359747, 35.267024, 182.479838, 985, 147643.0
16, 71.750876, 659.454830, 36.459731, 182.502754, 988, 148567.0
17, 70.925926, 665.547846, 36.804138, 195.503017, 967, 144321.0
18, 65.987654, 665.547846, 36.804138, 211.115302, 985, 147597.0
19, 75.384088, 659.737737, 36.753737, 237.207101, 961, 143294.0
20, 70.925926, 665.547846, 36.804138, 209.213324, 966, 144361.0
21, 70.925926, 665.547846, 36.804138, 187.710085, 965, 144192.0
22, 65.987654, 665.547846, 36.804138, 195.741527, 985, 147508.0
23, 75.384088, 659.737737, 36.753737, 222.876527, 956, 142736.0
24, 70.925926, 665.547846, 36.804138, 219.309850, 965, 157174.0
25, 70.925926, 665.547846, 36.804138, 198.934757, 977, 155251.0
26, 72.665689, 664.992360, 36.932474, 226.299149, 957, 143073.0
27, 70.925926, 665.547846, 36.804138, 185.899294, 979, 146602.0
28, 70.925926, 665.547846, 36.804138, 189.863134, 974, 145955.0
29, 70.925926, 665.547846, 36.804138, 200.339428, 965, 144171.0
30, 71.750876, 659.454830, 36.459731, 184.201696, 982, 147444.0
31, 71.750876, 659.454830, 36.459731, 207.344235, 983, 147321.0
32, 71.750876, 659.454830, 36.459731, 191.293298, 979, 146499.0
33, 70.925926, 665.547846, 36.804138, 180.989059, 973, 146005.0
34, 71.750876, 659.454830, 36.459731, 187.159188, 980, 147208.0
35, 75.384088, 659.737737, 36.753737, 217.208113, 957, 143026.0
36, 70.925926, 665.547846, 36.804138, 194.281244, 967, 144738.0
37, 71.750876, 659.454830, 36.459731, 187.298613, 988, 148010.0
38, 70.925926, 665.547846, 36.804138, 205.106031, 974, 146274.0
39, 65.987654, 665.547846, 36.804138, 172.969752, 985, 147921.0
40, 70.925926, 665.547846, 36.804138, 192.458462, 964, 144254.0
41, 70.925926, 665.547846, 36.804138, 182.004361, 977, 146293.0
42, 65.987654, 665.547846, 36.804138, 191.189914, 987, 148168.0
43, 70.925926, 665.547846, 36.804138, 209.283452, 966, 144041.0
44, 70.925926, 665.547846, 36.804138, 172.082016, 974, 144888.0
45, 65.987654, 665.547846, 36.804138, 200.683016, 981, 146263.0
46, 68.245975, 664.359747, 35.267024, 202.129811, 979, 145787.0
47, 70.925926, 665.547846, 36.804138, 194.042580, 975, 145073.0
48, 71.750876, 659.454830, 36.459731, 193.865661, 984, 146936.0
49, 70.925926, 665.547846, 36.804138, 188.098621, 972, 144879.0
50, 70.925926, 665.547846, 36.804138, 186.133324, 963, 143600.0
51, 70.925926, 665.547846, 36.804138, 202.359777, 968, 144445.0
52, 65.987654, 665.547846, 36.804138, 166.109988, 979, 146554.0
53, 70.925926, 665.547846, 36.804138, 223.661566, 967, 144204.0
54, 70.925926, 665.547846, 36.804138, 205.297432, 974, 145429.0
55, 65.987654, 665.547846, 36.804138, 177.789748, 984, 147289.0
56, 70.925926, 665.547846, 36.804138, 193.101820, 980, 146796.0
57, 65.987654, 665.547846, 36.804138, 179.497000, 982, 147564.0
58, 71.750876, 659.454830, 36.459731, 193.672525, 981, 146816.0
59, 65.987654, 665.547846, 36.804138, 183.637730, 986, 148178.0
60, 70.925926, 665.547846, 36.804138, 191.085946, 967, 152332.0
61, 65.987654, 665.547846, 36.804138, 160.701572, 982, 148084.0
62, 65.987654, 665.547846, 36.804138, 171.554275, 980, 147602.0
63, 65.987654, 665.547846, 36.804138, 186.090307, 987, 148203.0
64, 70.925926, 665.547846, 36.804138, 190.127865, 983, 147292.0
65, 65.987654, 665.547846, 36.804138, 183.963284, 987, 148202.0
66, 65.987654, 665.547846, 36.804138, 177.498129, 980, 147452.0
67, 70.925926, 665.547846, 36.804138, 216.733772, 964, 144250.0
68, 65.987654, 665.547846, 36.804138, 187.019541, 982, 147883.0
69, 71.750876, 659.454830, 36.459731, 215.441867, 978, 153042.0
70, 65.987654, 665.547846, 36.804138, 170.162595, 987, 148477.0
71, 68.245975, 664.359747, 35.267024, 196.406832, 986, 148531.0
72, 70.925926, 665.547846, 36.804138, 201.726369, 971, 145809.0
73, 65.987654, 665.547846, 36.804138, 188.082330, 984, 147604.0
74, 71.750876, 659.454830, 36.459731, 182.465000, 982, 148356.0
75, 71.750876, 659.454830, 36.459731, 193.716429, 988, 148353.0
76, 65.987654, 665.547846, 36.804138, 187.518938, 986, 147806.0
77, 65.987654, 665.547846, 36.804138, 167.348569, 987, 149010.0
78, 71.750876, 659.454830, 36.459731, 187.374505, 986, 148005.0
79, 70.925926, 665.547846, 36.804138, 207.784423, 974, 146214.0
80, 65.987654, 665.547846, 36.804138, 171.478808, 984, 147955.0
81, 65.987654, 665.547846, 36.804138, 166.995501, 990, 149393.0
82, 65.987654, 665.547846, 36.804138, 166.256405, 978, 148362.0
83, 70.925926, 665.547846, 36.804138, 190.587787, 976, 146438.0
84, 65.987654, 665.547846, 36.804138, 183.450765, 985, 147894.0
85, 70.925926, 665.547846, 36.804138, 205.091435, 975, 146041.0
86, 65.987654, 665.547846, 36.804138, 177.741745, 985, 148658.0
87, 65.987654, 665.547846, 36.804138, 173.970503, 988, 148459.0
88, 65.987654, 665.547846, 36.804138, 176.380889, 982, 147507.0
89, 65.987654, 665.547846, 36.804138, 164.772329, 977, 146683.0
90, 70.925926, 665.547846, 36.804138, 216.074010, 967, 144997.0
91, 65.987654, 665.547846, 36.804138, 183.115667, 985, 147620.0
92, 65.987654, 665.547846, 36.804138, 190.304273, 983, 147504.0
93, 65.987654, 665.547846, 36.804138, 197.118032, 980, 146994.0
94, 68.245975, 664.359747, 35.267024, 176.170803, 990, 148600.0
95, 71.750876, 659.454830, 36.459731, 175.798320, 986, 147909.0
96, 65.987654, 665.547846, 36.804138, 179.841905, 985, 148031.0
97, 71.750876, 659.454830, 36.459731, 183.634873, 984, 147714.0
98, 71.750876, 659.454830, 36.459731, 170.897850, 984, 147519.0
99, 65.987654, 665.547846, 36.804138, 187.745599, 987, 148162.0
100, 65.987654, 665.547846, 36.804138, 173.511283, 985, 147968.0
101, 71.750876, 659.454830, 36.459731, 209.185266, 977, 146843.0
102, 65.987654, 665.547846, 36.804138, 165.594115, 980, 148512.0
103, 65.987654, 665.547846, 36.804138, 181.009489, 985, 147927.0
104, 68.245975, 664.359747, 35.267024, 183.231499, 987, 148490.0
105, 65.987654, 665.547846, 36.804138, 193.306311, 986, 148066.0
106, 70.925926, 665.547846, 36.804138, 196.072977, 972, 145953.0
107, 70.925926, 665.547846, 36.804138, 183.864800, 970, 145438.0
108, 65.987654, 665.547846, 36.804138, 194.197517, 978, 146693.0
109, 65.987654, 665.547846, 36.804138, 187.075713, 983, 147562.0
110, 65.987654, 665.547846, 36.804138, 186.202759, 987, 147830.0
111, 71.750876, 659.454830, 36.459731, 192.454500, 980, 147012.0
112, 71.750876, 659.454830, 36.459731, 194.084540, 971, 147981.0
113, 71.750876, 659.454830, 36.459731, 168.111537, 990, 159379.0
114, 70.925926, 665.547846, 36.804138, 198.738117, 976, 146049.0
115, 65.987654, 665.547846, 36.804138, 171.833511, 978, 146841.0
116, 70.925926, 665.547846, 36.804138, 224.724412, 971, 144932.0
117, 71.546068, 666.491140, 32.885459, 222.295464, 979, 146846.0
118, 65.987654, 665.547846, 36.804138, 201.183210, 985, 147778.0
119, 65.987654, 665.547846, 36.804138, 152.560271, 975, 146390.0
120, 65.987654, 665.547846, 36.804138, 160.317880, 983, 147399.0
121, 65.987654, 665.547846, 36.804138, 180.386918, 980, 146811.0
122, 70.925926, 665.547846, 36.804138, 207.378134, 969, 144857.0
123, 71.750876, 659.454830, 36.459731, 185.162233, 987, 148064.0
124, 71.750876, 659.454830, 36.459731, 167.880675, 982, 147250.0
125, 65.987654, 665.547846, 36.804138, 190.766717, 984, 147429.0
126, 65.987654, 665.547846, 36.804138, 187.084646, 979, 148267.0
127, 65.987654, 665.547846, 36.804138, 174.172803, 983, 147848.0
128, 70.925926, 665.547846, 36.804138, 193.035438, 979, 146898.0
129, 71.750876, 659.454830, 36.459731, 189.317634, 980, 146993.0
130, 68.245975, 664.359747, 35.267024, 179.988913, 987, 148500.0
131, 70.925926, 665.547846, 36.804138, 202.017847, 967, 144800.0
132, 70.925926, 665.547846, 36.804138, 195.845044, 967, 144718.0
133, 65.987654, 665.547846, 36.804138, 164.086146, 983, 147308.0
134, 71.750876, 659.454830, 36.459731, 207.516664, 987, 148004.0
135, 70.925926, 665.547846, 36.804138, 216.246955, 971, 145210.0
136, 70.925926, 665.547846, 36.804138, 204.531658, 972, 145860.0
137, 71.750876, 659.454830, 36.459731, 185.653449, 985, 147697.0
138, 65.987654, 665.547846, 36.804138, 172.486255, 989, 148142.0
139, 70.925926, 665.547846, 36.804138, 201.276703, 969, 144755.0
140, 69.811782, 664.311204, 31.345777, 191.150762, 985, 147742.0
141, 70.925926, 665.547846, 36.804138, 185.200076, 978, 146758.0
142, 70.925926, 665.547846, 36.804138, 184.322131, 974, 146331.0
143, 71.750876, 659.454830, 36.459731, 183.415587, 976, 146633.0
144, 74.814751, 665.600207, 35.386843, 207.849291, 961, 143643.0
145, 69.811782, 664.311204, 31.345777, 194.815130, 982, 146928.0
146, 65.987654, 665.547846, 36.804138, 178.134392, 982, 146752.0
147, 74.814751, 665.600207, 35.386843, 220.612383, 960, 142934.0
148, 71.750876, 659.454830, 36.459731, 187.857341, 985, 147344.0
149, 70.925926, 665.547846, 36.804138, 210.759436, 967, 144210.0
150, 65.987654, 665.547846, 36.804138, 194.371709, 982, 147455.0
151, 70.925926, 665.547846, 36.804138, 213.973551, 966, 144322.0
152, 70.925926, 665.547846, 36.804138, 207.924820, 961, 143347.0
153, 70.925926, 665.547846, 36.804138, 190.288840, 978, 153928.0
154, 71.750876, 659.454830, 36.459731, 171.775194, 980, 146656.0
155, 71.750876, 659.454830, 36.459731, 183.131085, 980, 154964.0
156, 65.987654, 665.547846, 36.804138, 183.944942, 986, 150693.0
157, 65.987654, 665.547846, 36.804138, 194.610269, 986, 151189.0
158, 70.925926, 665.547846, 36.804138, 212.899153, 966, 144969.0
159, 71.750876, 659.454830, 36.459731, 176.527351, 985, 147078.0
160, 70.925926, 665.547846, 36.804138, 198.714253, 964, 143629.0
161, 70.925926, 665.547846, 36.804138, 217.557918, 968, 144929.0
162, 70.925926, 665.547846, 36.804138, 189.938965, 967, 144289.0
163, 70.925926, 665.547846, 36.804138, 202.780122, 967, 144353.0
164, 71.750876, 659.454830, 36.459731, 190.376470, 979, 146650.0
165, 70.925926, 665.547846, 36.804138, 179.193246, 970, 144813.0
166, 65.987654, 665.547846, 36.804138, 181.640275, 979, 146273.0
167, 70.925926, 665.547846, 36.804138, 200.051692, 970, 145594.0
168, 73.417924, 659.737737, 36.753737, 189.450768, 981, 148264.0
169, 65.987654, 665.547846, 36.804138, 188.760107, 984, 147372.0
170, 70.925926, 665.547846, 36.804138, 190.587220, 972, 145511.0
171, 65.987654, 665.547846, 36.804138, 171.601402, 983, 147270.0
172, 71.750876, 659.454830, 36.459731, 199.731995, 976, 146134.0
173, 70.925926, 665.547846, 36.804138, 177.762293, 966, 146476.0
174, 65.987654, 665.547846, 36.804138, 189.259945, 983, 147249.0
175, 70.925926, 665.547846, 36.804138, 198.135396, 977, 146271.0
176, 70.925926, 665.547846, 36.804138, 198.881769, 970, 145219.0
177, 74.814751, 665.600207, 35.386843, 200.971447, 965, 144138.0
178, 65.987654, 665.547846, 36.804138, 179.579113, 986, 147618.0
179, 65.987654, 665.547846, 36.804138, 193.888262, 986, 147804.0
180, 71.750876, 659.454830, 36.459731, 206.264395, 981, 146889.0
181, 65.987654, 665.547846, 36.804138, 158.588871, 983, 147269.0
182, 65.987654, 665.547846, 36.804138, 190.893001, 983, 147494.0
183, 65.987654, 665.547846, 36.804138, 173.074834, 981, 147194.0
184, 70.925926, 665.547846, 36.804138, 211.775916, 969, 145077.0
185, 70.925926, 665.547846, 36.804138, 169.963157, 977, 146493.0
186, 65.987654, 665.547846, 36.804138, 184.781895, 986, 148012.0
187, 71.750876, 659.454830, 36.459731, 189.483380, 979, 146911.0
188, 71.750876, 659.454830, 36.459731, 199.340158, 973, 145806.0
189, 65.987654, 665.547846, 36.804138, 198.123151, 987, 147936.0
190, 71.750876, 659.454830, 36.459731, 179.340445, 980, 146935.0
191, 71.546068, 666.491140, 32.885459, 182.884864, 984, 147880.0
192, 70.925926, 665.547846, 36.804138, 197.199732, 961, 143569.0
193, 70.925926, 665.547846, 36.804138, 203.490292, 978, 146580.0
194, 70.925926, 665.547846, 36.804138, 184.235693, 976, 146296.0
195, 70.925926, 665.547846, 36.804138, 199.443333, 965, 144254.0
196, 70.925926, 665.547846, 36.804138, 188.701270, 965, 144276.0
197, 71.750876, 659.454830, 36.459731, 175.039350, 985, 147850.0
198, 71.750876, 659.454830, 36.459731, 163.835760, 984, 147615.0
199, 70.925926, 665.547846, 36.804138, 188.564439, 978, 146717.0
200, 70.925926, 665.547846, 36.804138, 181.074495, 967, 144951.0
201, 70.925926, 665.547846, 36.804138, 185.674976, 970, 145402.0
202, 71.750876, 659.454830, 36.459731, 184.004505, 984, 154536.0
203, 70.925926, 665.547846, 36.804138, 182.783927, 965, 144516.0
204, 70.925926, 665.547846, 36.804138, 202.761425, 977, 146239.0
205, 68.245975, 664.359747, 35.267024, 189.446117, 975, 146082.0
206, 70.925926, 665.547846, 36.804138, 199.983434, 964, 143648.0
207, 68.245975, 664.359747, 35.267024, 197.337557, 981, 146429.0
208, 70.925926, 665.547846, 36.804138, 196.793650, 982, 146264.0
209, 74.814751, 665.600207, 35.386843, 208.842685, 965, 143680.0
210, 75.384088, 659.737737, 36.753737, 243.912876, 957, 142881.0
211, 70.925926, 665.547846, 36.804138, 191.802880, 970, 145139.0
212, 70.925926, 665.547846, 36.804138, 221.530764, 968, 144484.0
213, 70.925926, 665.547846, 36.804138, 245.047799, 964, 143754.0
214, 70.925926, 665.547846, 36.804138, 220.414749, 962, 143690.0
215, 70.925926, 665.547846, 36.804138, 202.917670, 967, 145648.0
216, 71.750876, 659.454830, 36.459731, 191.709671, 986, 147753.0
217, 71.750876, 659.454830, 36.459731, 183.189073, 975, 146172.0
218, 71.750876, 659.454830, 36.459731, 196.126833, 984, 147334.0
219, 72.665689, 664.992360, 36.932474, 255.061482, 965, 144126.0
220, 70.925926, 665.547846, 36.804138, 199.519016, 974, 145626.0
221, 70.925926, 665.547846, 36.804138, 214.219136, 971, 144957.0
222, 70.925926, 665.547846, 36.804138, 201.262811, 971, 145186.0
223, 70.925926, 665.547846, 36.804138, 193.504633, 965, 144245.0
224, 71.750876, 659.454830, 36.459731, 186.169639, 979, 146741.0
225, 70.925926, 665.547846, 36.804138, 181.344130, 979, 146603.0
226, 71.750876, 659.454830, 36.459731, 167.457898, 984, 147331.0
227, 68.245975, 664.359747, 35.267024, 206.493165, 984, 147628.0
228, 70.925926, 665.547846, 36.804138, 188.774753, 978, 146358.0
229, 70.925926, 665.547846, 36.804138, 197.071699, 970, 151956.0
230, 71.750876, 659.454830, 36.459731, 205.019110, 979, 149789.0
231, 74.614112, 667.299072, 36.874140, 243.199900, 949, 142900.0
232, 70.925926, 665.547846, 36.804138, 182.690570, 972, 146305.0
233, 70.925926, 665.547846, 36.804138, 167.489207, 977, 203929.0
234, 71.750876, 659.454830, 36.459731, 195.123384, 985, 151129.0
235, 70.925926, 665.547846, 36.804138, 186.285823, 966, 144771.0
236, 71.750876, 659.454830, 36.459731, 186.440758, 985, 147857.0
237, 71.750876, 659.454830, 36.459731, 197.110151, 983, 150635.0
238, 71.750876, 659.454830, 36.459731, 189.289265, 976, 146710.0
239, 70.925926, 665.547846, 36.804138, 179.776586, 976, 146178.0
240, 65.987654, 665.547846, 36.804138, 196.947487, 994, 152682.0
241, 71.750876, 659.454830, 36.459731, 186.115221, 977, 146746.0
242, 65.987654, 665.547846, 36.804138, 170.388200, 986, 148129.0
243, 70.925926, 665.547846, 36.804138, 200.970016, 965, 144492.0
244, 71.546068, 666.491140, 32.885459, 187.711232, 984, 147706.0
245, 65.987654, 665.547846, 36.804138, 174.102738, 987, 159222.0
246, 65.987654, 665.547846, 36.804138, 175.342601, 982, 147870.0
247, 68.245975, 664.359747, 35.267024, 181.353280, 987, 148281.0
248, 70.925926, 665.547846, 36.804138, 226.685621, 968, 145571.0
249, 70.925926, 665.547846, 36.804138, 178.426625, 985, 148195.0
250, 70.925926, 665.547846, 36.804138, 174.608165, 978, 146989.0
251, 71.750876, 659.454830, 36.459731, 231.166277, 978, 147197.0
252, 70.925926, 665.547846, 36.804138, 210.402697, 968, 146873.0
253, 71.546068, 666.491140, 32.885459, 194.703126, 981, 148125.0
254, 71.750876, 659.454830, 36.459731, 192.978206, 989, 148784.0
255, 71.750876, 659.454830, 36.459731, 202.870051, 977, 146418.0
256, 70.925926, 665.547846, 36.804138, 219.854538, 965, 143986.0
257, 70.925926, 665.547846, 36.804138, 198.340569, 962, 143802.0
258, 71.750876, 659.454830, 36.459731, 179.010814, 982, 148115.0
259, 71.750876, 659.454830, 36.459731, 190.503193, 986, 148267.0
260, 71.750876, 659.454830, 36.459731, 193.635767, 986, 149008.0
261, 74.780669, 665.765161, 35.491067, 236.910898, 959, 144161.0
262, 70.925926, 665.547846, 36.804138, 169.388020, 969, 149162.0
263, 71.750876, 659.454830, 36.459731, 188.888062, 991, 149099.0
264, 73.417924, 659.737737, 36.753737, 168.943981, 984, 150358.0
265, 65.987654, 665.547846, 36.804138, 186.193528, 978, 147081.0
266, 71.750876, 659.454830, 36.459731, 201.781462, 981, 147448.0
267, 71.750876, 659.454830, 36.459731, 209.248716, 978, 147303.0
268, 74.102462, 665.189227, 38.911181, 259.827856, 957, 143347.0
269, 65.987654, 665.547846, 36.804138, 176.722454, 993, 151278.0
270, 70.925926, 665.547846, 36.804138, 212.073007, 966, 149837.0
271, 74.158665, 665.990798, 41.256229, 224.123737, 968, 145110.0
272, 71.750876, 659.454830, 36.459731, 186.427446, 984, 147531.0
273, 71.750876, 659.454830, 36.459731, 197.225372, 985, 147707.0
274, 65.987654, 665.547846, 36.804138, 181.331985, 981, 147110.0
275, 70.925926, 665.547846, 36.804138, 198.398459, 976, 146527.0
276, 71.750876, 659.454830, 36.459731, 196.344582, 979, 146809.0
277, 70.925926, 665.547846, 36.804138, 185.884695, 988, 148871.0
278, 70.925926, 665.547846, 36.804138, 192.190735, 974, 146163.0
279, 65.987654, 665.547846, 36.804138, 169.084234, 987, 150718.0
280, 74.102462, 665.189227, 38.911181, 232.483558, 962, 143813.0
281, 70.925926, 665.547846, 36.804138, 191.867322, 961, 143890.0
282, 71.750876, 659.454830, 36.459731, 172.140321, 977, 148521.0
283, 75.077351, 661.222327, 37.691756, 222.625859, 962, 143911.0
284, 70.925926, 665.547846, 36.804138, 203.899277, 968, 144677.0
285, 70.925926, 665.547846, 36.804138, 197.361904, 969, 145705.0
286, 71.750876, 659.454830, 36.459731, 199.885613, 989, 149159.0
287, 71.750876, 659.454830, 36.459731, 189.942883, 980, 149731.0
288, 71.750876, 659.454830, 36.459731, 195.018604, 975, 148030.0
289, 71.750876, 659.454830, 36.459731, 172.247014, 981, 149028.0
290, 70.925926, 665.547846, 36.804138, 192.773748, 979, 149263.0
291, 70.925926, 665.547846, 36.804138, 178.158340, 982, 147128.0
292, 70.925926, 665.547846, 36.804138, 189.282869, 965, 144448.0
293, 71.546068, 666.491140, 32.885459, 191.102070, 985, 148000.0
294, 70.925926, 665.547846, 36.804138, 190.844916, 973, 145792.0
295, 65.987654, 665.547846, 36.804138, 175.640099, 984, 147502.0
296, 65.987654, 665.547846, 36.804138, 178.177980, 989, 148346.0
297, 70.925926, 665.547846, 36.804138, 222.740628, 977, 146446.0
298, 71.750876, 659.454830, 36.459731, 202.793698, 986, 147860.0
299, 70.925926, 665.547846, 36.804138, 208.592782, 970, 145276.0
300, 70.925926, 665.547846, 36.804138, 168.296173, 974, 146336.0
301, 70.925926, 665.547846, 36.804138, 164.750621, 979, 146748.0
302, 71.750876, 659.454830, 36.459731, 175.108173, 990, 148757.0
303, 71.750876, 659.454830, 36.459731, 200.459604, 988, 148913.0
304, 71.750876, 659.454830, 36.459731, 218.026719, 979, 147148.0
305, 71.750876, 659.454830, 36.459731, 167.041827, 985, 147656.0
306, 71.750876, 659.454830, 36.459731, 186.383413, 988, 148807.0
307, 70.925926, 665.547846, 36.804138, 197.707672, 963, 144529.0
308, 68.245975, 664.359747, 35.267024, 185.579705, 985, 148098.0
309, 68.245975, 664.359747, 35.267024, 175.305879, 991, 148508.0
310, 70.925926, 665.547846, 36.804138, 177.940370, 977, 152801.0
311, 70.925926, 665.547846, 36.804138, 206.978250, 981, 146819.0
312, 70.925926, 665.547846, 36.804138, 209.075636, 973, 145819.0
313, 65.987654, 665.547846, 36.804138, 197.647770, 986, 148158.0
314, 70.925926, 665.547846, 36.804138, 198.389829, 966, 144477.0
315, 70.925926, 665.547846, 36.804138, 184.643034, 969, 144929.0
316, 72.665689, 664.992360, 36.932474, 223.588611, 962, 144194.0
317, 70.925926, 665.547846, 36.804138, 222.301417, 969, 145062.0
318, 70.925926, 665.547846, 36.804138, 220.075814, 972, 145366.0
319, 71.750876, 659.454830, 36.459731, 205.529219, 977, 146662.0
320, 72.631607, 665.157314, 37.036698, 225.784705, 964, 143945.0
321, 70.925926, 665.547846, 36.804138, 179.049301, 965, 144964.0
322, 70.925926, 665.547846, 36.804138, 177.412642, 975, 146539.0
323, 75.077351, 661.222327, 37.691756, 253.830845, 957, 143687.0
324, 70.925926, 665.547846, 36.804138, 220.819247, 959, 143334.0
325, 71.750876, 659.454830, 36.459731, 214.273163, 980, 147365.0
326, 75.384088, 659.737737, 36.753737, 232.449318, 961, 143523.0
327, 75.077351, 661.222327, 37.691756, 232.452782, 957, 143167.0
328, 71.750876, 659.454830, 36.459731, 189.245682, 992, 155484.0
329, 71.750876, 659.454830, 36.459731, 212.242307, 988, 147713.0
330, 70.925926, 665.547846, 36.804138, 208.593508, 964, 144226.0
331, 70.925926, 665.547846, 36.804138, 195.426125, 972, 146032.0
332, 71.750876, 659.454830, 36.459731, 178.585406, 985, 147639.0
333, 71.750876, 659.454830, 36.459731, 196.632945, 987, 148773.0
334, 65.987654, 665.547846, 36.804138, 186.091267, 985, 158129.0
335, 65.987654, 665.547846, 36.804138, 185.703917, 982, 147559.0
336, 71.750876, 659.454830, 36.459731, 189.461156, 984, 147560.0
337, 71.750876, 659.454830, 36.459731, 181.735988, 993, 148792.0
338, 70.925926, 665.547846, 36.804138, 185.247860, 966, 144442.0
339, 70.925926, 665.547846, 36.804138, 183.602181, 970, 144913.0
340, 74.670777, 665.581309, 34.149179, 225.012009, 966, 144178.0
341, 65.987654, 665.547846, 36.804138, 177.172249, 983, 147307.0
342, 71.750876, 659.454830, 36.459731, 188.722972, 977, 146566.0
343, 70.925926, 665.547846, 36.804138, 202.729845, 966, 144496.0
344, 70.925926, 665.547846, 36.804138, 196.271733, 974, 145899.0
345, 70.925926, 665.547846, 36.804138, 195.696049, 968, 144720.0
346, 71.750876, 659.454830, 36.459731, 189.066630, 984, 147485.0
347, 70.925926, 665.547846, 36.804138, 178.423539, 969, 144926.0
348, 70.925926, 665.547846, 36.804138, 205.058392, 967, 144695.0
349, 65.987654, 665.547846, 36.804138, 167.680013, 989, 149356.0
350, 74.814751, 665.600207, 35.386843, 210.130805, 967, 145036.0
351, 70.925926, 665.547846, 36.804138, 183.428792, 974, 145895.0
352, 71.750876, 659.454830, 36.459731, 181.460206, 984, 147694.0
353, 71.750876, 659.454830, 36.459731, 202.310572, 981, 147287.0
354, 65.987654, 665.547846, 36.804138, 191.717946, 979, 146710.0
355, 71.750876, 659.454830, 36.459731, 181.429968, 982, 147238.0
356, 71.750876, 659.454830, 36.459731, 182.015826, 978, 146381.0
357, 71.750876, 659.454830, 36.459731, 174.426800, 978, 146943.0
358, 65.987654, 665.547846, 36.804138, 174.767545, 984, 147832.0
359, 70.925926, 665.547846, 36.804138, 184.174634, 978, 154506.0
360, 71.750876, 659.454830, 36.459731, 203.051028, 974, 149088.0
361, 71.750876, 659.454830, 36.459731, 208.531420, 975, 146593.0
362, 70.925926, 665.547846, 36.804138, 204.163700, 966, 144782.0
363, 70.925926, 665.547846, 36.804138, 220.593113, 962, 144304.0
364, 68.245975, 664.359747, 35.267024, 189.364593, 986, 160765.0
365, 65.987654, 665.547846, 36.804138, 181.444412, 992, 149327.0
366, 71.750876, 659.454830, 36.459731, 171.901708, 984, 147644.0
367, 68.245975, 664.359747, 35.267024, 205.588590, 981, 146902.0
368, 70.925926, 665.547846, 36.804138, 184.440295, 967, 145105.0
369, 71.750876, 659.454830, 36.459731, 206.099281, 983, 147912.0
370, 70.925926, 665.547846, 36.804138, 205.969204, 964, 144149.0
371, 70.925926, 665.547846, 36.804138, 195.951474, 969, 145098.0
372, 71.750876, 659.454830, 36.459731, 191.778976, 979, 146690.0
373, 65.987654, 665.547846, 36.804138, 177.867441, 992, 148780.0
374, 73.911751, 666.863770, 41.256229, 211.060005, 966, 144435.0
375, 74.102462, 665.189227, 38.911181, 223.640591, 958, 143544.0
376, 65.987654, 665.547846, 36.804138, 194.759787, 980, 147149.0
377, 71.546068, 666.491140, 32.885459, 191.080665, 985, 152002.0
378, 70.925926, 665.547846, 36.804138, 214.612325, 957, 149161.0
379, 70.925926, 665.547846, 36.804138, 201.620138, 963, 144930.0
380, 70.925926, 665.547846, 36.804138, 187.239003, 976, 148034.0
381, 71.750876, 659.454830, 36.459731, 220.937787, 982, 148289.0
382, 70.925926, 665.547846, 36.804138, 179.808640, 979, 147522.0
383, 73.417924, 659.737737, 36.753737, 195.996267, 976, 146393.0
384, 70.925926, 665.547846, 36.804138, 187.339265, 969, 145384.0
385, 70.925926, 665.547846, 36.804138, 192.740700, 969, 146121.0
386, 70.925926, 665.547846, 36.804138, 217.456946, 961, 143718.0
387, 70.925926, 665.547846, 36.804138, 212.826456, 962, 144465.0
388, 71.750876, 659.454830, 36.459731, 203.817278, 978, 147352.0
389, 75.077351, 661.222327, 37.691756, 229.757232, 962, 144266.0
390, 73.465872, 665.073190, 37.492485, 213.775816, 953, 146780.0
391, 70.925926, 665.547846, 36.804138, 250.770246, 968, 145774.0
392, 70.925926, 665.547846, 36.804138, 190.549715, 964, 144569.0
393, 74.102462, 665.189227, 38.911181, 225.193463, 954, 143115.0
394, 70.925926, 665.547846, 36.804138, 204.862022, 962, 144308.0
395, 70.925926, 665.547846, 36.804138, 209.723768, 975, 146547.0
396, 74.158665, 665.990798, 41.256229, 210.649687, 955, 143572.0
397, 70.925926, 665.547846, 36.804138, 220.368889, 970, 145254.0
398, 70.925926, 665.547846, 36.804138, 208.869602, 963, 144051.0
399, 75.384088, 659.737737, 36.753737, 223.242253, 960, 144136.0
400, 70.925926, 665.547846, 36.804138, 208.438869, 964, 144620.0
401, 68.245975, 664.359747, 35.267024, 193.850979, 983, 147726.0
402, 70.925926, 665.547846, 36.804138, 196.219982, 972, 145875.0
403, 74.158665, 665.990798, 41.256229, 217.833409, 966, 144672.0
404, 70.925926, 665.547846, 36.804138, 196.631108, 977, 146534.0
405, 75.077351, 661.222327, 37.691756, 210.422072, 967, 144618.0
406, 70.925926, 665.547846, 36.804138, 192.360416, 976, 146229.0
407, 74.158665, 665.990798, 41.256229, 219.287247, 955, 143182.0
408, 70.925926, 665.547846, 36.804138, 185.948937, 980, 147171.0
409, 70.925926, 665.547846, 36.804138, 202.038210, 969, 144940.0
410, 71.750876, 659.454830, 36.459731, 225.757047, 982, 147670.0
411, 75.384088, 659.737737, 36.753737, 211.026250, 953, 142918.0
412, 75.384088, 659.737737, 36.753737, 234.017476, 955, 142723.0
413, 75.384088, 659.737737, 36.753737, 204.993682, 960, 144030.0
414, 70.925926, 665.547846, 36.804138, 220.760780, 970, 145646.0
415, 75.384088, 659.737737, 36.753737, 227.111595, 962, 144072.0
416, 71.750876, 659.454830, 36.459731, 196.996304, 977, 146797.0
417, 70.925926, 665.547846, 36.804138, 207.282305, 966, 144691.0
418, 70.925926, 665.547846, 36.804138, 206.430498, 964, 144649.0
419, 75.384088, 659.737737, 36.753737, 193.877064, 969, 145263.0
420, 71.750876, 659.454830, 36.459731, 204.315009, 979, 146799.0
421, 70.925926, 665.547846, 36.804138, 194.517567, 965, 144569.0
422, 65.987654, 665.547846, 36.804138, 190.379054, 987, 147935.0
423, 70.925926, 665.547846, 36.804138, 214.081919, 970, 150565.0
424, 70.925926, 665.547846, 36.804138, 203.988692, 967, 144594.0
425, 70.925926, 665.547846, 36.804138, 216.834254, 971, 145245.0
426, 70.925926, 665.547846, 36.804138, 192.870186, 968, 145456.0
427, 70.925926, 665.547846, 36.804138, 199.845831, 975, 146262.0
428, 70.925926, 665.547846, 36.804138, 209.128404, 964, 144135.0
429, 75.077351, 661.222327, 37.691756, 237.126862, 964, 144118.0
430, 71.750876, 659.454830, 36.459731, 191.123796, 975, 145946.0
431, 70.925926, 665.547846, 36.804138, 198.055476, 973, 145790.0
432, 70.925926, 665.547846, 36.804138, 183.242774, 973, 145769.0
433, 65.987654, 665.547846, 36.804138, 192.061317, 977, 146743.0
434, 70.925926, 665.547846, 36.804138, 185.668652, 970, 145395.0
435, 72.406582, 665.065826, 33.823478, 194.893180, 976, 146600.0
436, 70.925926, 665.547846, 36.804138, 191.180544, 976, 145878.0
437, 70.925926, 665.547846, 36.804138, 178.166933, 979, 146294.0
438, 70.925926, 665.547846, 36.804138, 175.437303, 977, 146021.0
439, 65.987654, 665.547846, 36.804138, 178.895951, 987, 147535.0
440, 70.925926, 665.547846, 36.804138, 211.981334, 959, 143197.0
441, 70.925926, 665.547846, 36.804138, 195.378497, 971, 145068.0
442, 70.925926, 665.547846, 36.804138, 184.561871, 973, 145409.0
443, 70.925926, 665.547846, 36.804138, 198.894293, 963, 143096.0
444, 71.750876, 659.454830, 36.459731, 189.517244, 975, 145207.0
445, 65.987654, 665.547846, 36.804138, 177.078566, 984, 146698.0
446, 70.925926, 665.547846, 36.804138, 210.616404, 970, 144314.0
447, 70.925926, 665.547846, 36.804138, 208.858886, 963, 142914.0
448, 70.925926, 665.547846, 36.804138, 199.349500, 968, 144118.0
449, 70.925926, 665.547846, 36.804138, 198.501047, 972, 144819.0
450, 70.925926, 665.547846, 36.804138, 209.040894, 968, 144118.0
451, 70.925926, 665.547846, 36.804138, 196.887309, 969, 144509.0
452, 71.750876, 659.454830, 36.459731, 178.616775, 979, 145902.0
453, 65.987654, 665.547846, 36.804138, 184.617944, 980, 146240.0
454, 65.987654, 665.547846, 36.804138, 184.004104, 983, 147440.0
455, 70.925926, 665.547846, 36.804138, 181.056448, 966, 144360.0
456, 70.925926, 665.547846, 36.804138, 205.597052, 969, 145332.0
457, 74.158665, 665.990798, 41.256229, 208.178149, 965, 144052.0
458, 65.987654, 665.547846, 36.804138, 193.452817, 986, 149437.0
459, 70.925926, 665.547846, 36.804138, 187.609410, 973, 145754.0
460, 74.158665, 665.990798, 41.256229, 216.040260, 966, 145684.0
461, 70.925926, 665.547846, 36.804138, 191.900695, 972, 146858.0
462, 71.750876, 659.454830, 36.459731, 182.516643, 985, 148325.0
463, 70.925926, 665.547846, 36.804138, 203.420544, 964, 144525.0
464, 70.925926, 665.547846, 36.804138, 205.726740, 966, 144927.0
465, 70.925926, 665.547846, 36.804138, 205.623958, 978, 146956.0
466, 70.925926, 665.547846, 36.804138, 191.319316, 969, 146132.0
467, 65.987654, 665.547846, 36.804138, 191.087932, 991, 151657.0
468, 71.750876, 659.454830, 36.459731, 178.061982, 984, 147036.0
469, 68.245975, 664.359747, 35.267024, 206.242476, 987, 148203.0
470, 70.925926, 665.547846, 36.804138, 188.794696, 963, 143955.0
471, 70.925926, 665.547846, 36.804138, 180.219879, 970, 144981.0
472, 71.750876, 659.454830, 36.459731, 187.037856, 979, 146638.0
473, 70.925926, 665.547846, 36.804138, 201.249372, 967, 144347.0
474, 71.750876, 659.454830, 36.459731, 179.979539, 985, 148513.0
475, 65.987654, 665.547846, 36.804138, 196.287924, 978, 146675.0
476, 71.750876, 659.454830, 36.459731, 201.277161, 973, 145653.0
477, 71.750876, 659.454830, 36.459731, 203.729559, 991, 148493.0
478, 71.750876, 659.454830, 36.459731, 195.607405, 976, 146091.0
479, 70.925926, 665.547846, 36.804138, 195.718426, 967, 144360.0
480, 71.750876, 659.454830, 36.459731, 195.629041, 983, 147113.0
481, 71.750876, 659.454830, 36.459731, 209.269581, 978, 146457.0
482, 71.750876, 659.454830, 36.459731, 192.338405, 982, 147164.0
483, 71.546068, 666.491140, 32.885459, 200.218191, 982, 147085.0
484, 65.987654, 665.547846, 36.804138, 159.303742, 986, 148100.0
485, 70.925926, 665.547846, 36.804138, 217.170721, 975, 146336.0
486, 71.750876, 659.454830, 36.459731, 172.168356, 988, 148360.0
487, 71.546068, 666.491140, 32.885459, 192.858018, 981, 147004.0
488, 70.925926, 665.547846, 36.804138, 190.734711, 966, 144721.0
489, 70.925926, 665.547846, 36.804138, 176.431004, 977, 146345.0
490, 70.925926, 665.547846, 36.804138, 195.746338, 970, 145321.0
491, 74.158665, 665.990798, 41.256229, 246.396934, 969, 144861.0
492, 70.925926, 665.547846, 36.804138, 208.790597, 970, 145250.0
493, 65.987654, 665.547846, 36.804138, 198.005088, 988, 148091.0
494, 70.925926, 665.547846, 36.804138, 186.898183, 971, 145352.0
495, 70.925926, 665.547846, 36.804138, 210.020293, 966, 144464.0
496, 65.987654, 665.547846, 36.804138, 207.995707, 988, 148516.0
497, 70.925926, 665.547846, 36.804138, 218.532349, 961, 143678.0
498, 74.158665, 665.990798, 41.256229, 218.373710, 972, 145557.0
499, 75.077351, 661.222327, 37.691756, 242.508584, 958, 143203.0
500, 70.925926, 665.547846, 36.804138, 196.069869, 967, 146105.0
501, 65.987654, 665.547846, 36.804138, 189.977587, 988, 147855.0
502, 70.925926, 665.547846, 36.804138, 173.485815, 964, 144200.0
503, 65.987654, 665.547846, 36.804138, 185.043346, 979, 146937.0
504, 72.631607, 665.157314, 37.036698, 231.162135, 958, 143090.0
505, 65.987654, 665.547846, 36.804138, 172.748602, 984, 147601.0
506, 70.925926, 665.547846, 36.804138, 205.878375, 966, 144455.0
507, 70.925926, 665.547846, 36.804138, 206.001999, 966, 144469.0
508, 70.925926, 665.547846, 36.804138, 202.130349, 976, 145919.0
509, 70.925926, 665.547846, 36.804138, 209.201121, 962, 143966.0
510, 65.987654, 665.547846, 36.804138, 175.964589, 977, 147638.0
511, 70.925926, 665.547846, 36.804138, 190.910112, 967, 148208.0
512, 75.384088, 659.737737, 36.753737, 235.237872, 955, 143319.0
513, 75.384088, 659.737737, 36.753737, 207.512169, 963, 144358.0
514, 70.925926, 665.547846, 36.804138, 215.184664, 968, 145009.0
515, 70.925926, 665.547846, 36.804138, 190.628568, 972, 145801.0
516, 75.384088, 659.737737, 36.753737, 233.904332, 955, 142898.0
517, 70.925926, 665.547846, 36.804138, 200.651207, 973, 146048.0
518, 65.987654, 665.547846, 36.804138, 181.201533, 987, 148359.0
519, 69.811782, 664.311204, 31.345777, 186.230584, 981, 147335.0
520, 75.384088, 659.737737, 36.753737, 234.564094, 955, 143180.0
521, 71.750876, 659.454830, 36.459731, 188.544717, 976, 146909.0
522, 71.750876, 659.454830, 36.459731, 201.374270, 975, 146469.0
523, 70.925926, 665.547846, 36.804138, 217.480413, 971, 145326.0
524, 70.925926, 665.547846, 36.804138, 194.203708, 973, 148202.0
525, 70.925926, 665.547846, 36.804138, 208.978362, 970, 145291.0
526, 70.925926, 665.547846, 36.804138, 171.510472, 979, 147136.0
527, 70.925926, 665.547846, 36.804138, 178.961092, 962, 144977.0
528, 71.750876, 659.454830, 36.459731, 191.447173, 984, 147995.0
529, 70.925926, 665.547846, 36.804138, 199.199498, 965, 144543.0
530, 69.811782, 664.311204, 31.345777, 188.810993, 986, 148369.0
531, 70.925926, 665.547846, 36.804138, 240.533515, 962, 143832.0
532, 70.925926, 665.547846, 36.804138, 210.522377, 971, 145318.0
533, 70.925926, 665.547846, 36.804138, 221.345364, 972, 145302.0
534, 65.987654, 665.547846, 36.804138, 166.444300, 988, 148722.0
535, 71.750876, 659.454830, 36.459731, 190.499130, 977, 146502.0
536, 71.750876, 659.454830, 36.459731, 197.659957, 983, 147341.0
537, 70.925926, 665.547846, 36.804138, 190.496309, 972, 145524.0
538, 71.750876, 659.454830, 36.459731, 187.209867, 986, 148163.0
539, 75.077351, 661.222327, 37.691756, 241.641716, 962, 144520.0
540, 71.750876, 659.454830, 36.459731, 184.561232, 986, 148046.0
541, 70.925926, 665.547846, 36.804138, 190.696907, 970, 145272.0
542, 71.750876, 659.454830, 36.459731, 188.424049, 989, 148477.0
543, 70.925926, 665.547846, 36.804138, 224.376187, 972, 146163.0
544, 72.406582, 665.065826, 33.823478, 196.121016, 983, 147556.0
545, 65.987654, 665.547846, 36.804138, 182.236943, 984, 147720.0
546, 71.750876, 659.454830, 36.459731, 218.543763, 975, 146154.0
547, 70.925926, 665.547846, 36.804138, 178.578689, 974, 146199.0
548, 71.546068, 666.491140, 32.885459, 217.356369, 975, 145877.0
549, 70.925926, 665.547846, 36.804138, 187.928208, 977, 146512.0
550, 70.925926, 665.547846, 36.804138, 214.777261, 976, 145700.0
551, 70.925926, 665.547846, 36.804138, 181.015261, 982, 146496.0
552, 71.750876, 659.454830, 36.459731, 195.889689, 983, 146605.0
553, 70.925926, 665.547846, 36.804138, 193.895213, 965, 143719.0
554, 70.925926, 665.547846, 36.804138, 194.410650, 968, 144140.0
555, 70.925926, 665.547846, 36.804138, 183.135726, 984, 147804.0
556, 70.925926, 665.547846, 36.804138, 191.831160, 969, 150409.0
557, 71.750876, 659.454830, 36.459731, 197.178422, 980, 146922.0
558, 70.925926, 665.547846, 36.804138, 221.357665, 965, 144211.0
559, 70.925926, 665.547846, 36.804138, 222.656485, 969, 145124.0
560, 71.546068, 666.491140, 32.885459, 205.797622, 985, 147679.0
561, 70.925926, 665.547846, 36.804138, 196.869126, 971, 145307.0
562, 71.750876, 659.454830, 36.459731, 208.298616, 978, 146694.0
563, 71.750876, 659.454830, 36.459731, 189.945198, 984, 147473.0
564, 74.158665, 665.990798, 41.256229, 232.916201, 964, 143899.0
565, 70.925926, 665.547846, 36.804138, 186.066207, 977, 146456.0
566, 71.750876, 659.454830, 36.459731, 200.802427, 981, 146981.0
567, 65.987654, 665.547846, 36.804138, 170.223782, 984, 147439.0
568, 75.384088, 659.737737, 36.753737, 232.794257, 965, 144176.0
569, 70.925926, 665.547846, 36.804138, 206.794318, 970, 145516.0
570, 70.925926, 665.547846, 36.804138, 170.803554, 981, 147094.0
571, 74.158665, 665.990798, 41.256229, 213.834214, 971, 145044.0
572, 70.925926, 665.547846, 36.804138, 213.658018, 965, 144727.0
573, 71.750876, 659.454830, 36.459731, 172.195733, 983, 147467.0
574, 71.750876, 659.454830, 36.459731, 190.578886, 983, 147881.0
575, 70.925926, 665.547846, 36.804138, 188.477680, 966, 144845.0
576, 75.384088, 659.737737, 36.753737, 232.391797, 961, 143853.0
577, 70.925926, 665.547846, 36.804138, 213.320402, 960, 143852.0
578, 71.750876, 659.454830, 36.459731, 192.518313, 978, 146793.0
579, 70.925926, 665.547846, 36.804138, 193.537537, 962, 144385.0
580, 76.396162, 667.327451, 33.577630, 244.186987, 965, 144565.0
581, 65.987654, 665.547846, 36.804138, 195.180175, 979, 146771.0
582, 73.237248, 664.790283, 37.282481, 223.225939, 949, 141940.0
583, 74.814751, 665.600207, 35.386843, 205.619032, 967, 144626.0
584, 70.925926, 665.547846, 36.804138, 204.397601, 986, 148170.0
585, 71.750876, 659.454830, 36.459731, 181.271957, 983, 148044.0
586, 70.925926, 665.547846, 36.804138, 195.455228, 967, 144749.0
587, 75.384088, 659.737737, 36.753737, 208.424052, 956, 143731.0
588, 70.925926, 665.547846, 36.804138, 202.917982, 976, 146479.0
589, 65.987654, 665.547846, 36.804138, 184.421459, 983, 147806.0
590, 70.925926, 665.547846, 36.804138, 215.674695, 958, 143774.0
591, 65.987654, 665.547846, 36.804138, 204.488187, 980, 146312.0
592, 70.925926, 665.547846, 36.804138, 217.982359, 966, 143542.0
593, 71.750876, 659.454830, 36.459731, 193.663735, 986, 147320.0
594, 70.925926, 665.547846, 36.804138, 212.164960, 966, 144269.0
595, 71.750876, 659.454830, 36.459731, 197.173228, 979, 145900.0
596, 70.925926, 665.547846, 36.804138, 225.188095, 968, 144200.0
597, 65.987654, 665.547846, 36.804138, 170.183271, 983, 146921.0
598, 65.987654, 665.547846, 36.804138, 178.703327, 976, 145983.0
599, 70.925926, 665.547846, 36.804138, 202.999694, 966, 144073.0
600, 70.925926, 665.547846, 36.804138, 194.870306, 971, 149466.0
601, 71.750876, 659.454830, 36.459731, 214.565700, 974, 145878.0
602, 70.925926, 665.547846, 36.804138, 191.143842, 976, 146105.0
603, 69.811782, 664.311204, 31.345777, 180.849431, 983, 147883.0
604, 70.925926, 665.547846, 36.804138, 201.230070, 961, 143374.0
605, 77.782123, 664.162506, 35.896414, 237.780976, 951, 141908.0
606, 71.750876, 659.454830, 36.459731, 187.785806, 983, 147302.0
607, 70.925926, 665.547846, 36.804138, 171.374961, 973, 145565.0
608, 70.925926, 665.547846, 36.804138, 207.340772, 971, 145189.0
609, 70.925926, 665.547846, 36.804138, 202.973772, 975, 145924.0
610, 70.925926, 665.547846, 36.804138, 206.276855, 975, 145775.0
611, 70.925926, 665.547846, 36.804138, 189.570418, 975, 146002.0
612, 72.665689, 664.992360, 36.932474, 239.640297, 955, 142551.0
613, 70.925926, 665.547846, 36.804138, 212.157032, 971, 145391.0
614, 65.987654, 665.547846, 36.804138, 178.918717, 981, 147056.0
615, 70.925926, 665.547846, 36.804138, 208.976034, 963, 143962.0
616, 65.987654, 665.547846, 36.804138, 176.659621, 981, 146980.0
617, 70.925926, 665.547846, 36.804138, 194.793567, 967, 144652.0
618, 70.925926, 665.547846, 36.804138, 182.327142, 976, 146009.0
619, 71.750876, 659.454830, 36.459731, 185.210422, 982, 147140.0
620, 65.987654, 665.547846, 36.804138, 188.610085, 986, 147182.0
621, 70.925926, 665.547846, 36.804138, 171.289085, 972, 145258.0
622, 71.750876, 659.454830, 36.459731, 193.705933, 981, 146308.0
623, 70.925926, 665.547846, 36.804138, 213.007381, 973, 145354.0
624, 71.750876, 659.454830, 36.459731, 188.767547, 982, 146848.0
625, 65.987654, 665.547846, 36.804138, 184.251901, 979, 146428.0
626, 70.925926, 665.547846, 36.804138, 232.557162, 961, 143454.0
627, 70.925926, 665.547846, 36.804138, 205.568740, 968, 144055.0
628, 65.987654, 665.547846, 36.804138, 197.392932, 987, 147606.0
629, 70.925926, 665.547846, 36.804138, 187.815587, 971, 145226.0
630, 65.987654, 665.547846, 36.804138, 171.423375, 983, 147433.0
631, 71.750876, 659.454830, 36.459731, 170.754601, 988, 148205.0
632, 65.987654, 665.547846, 36.804138, 173.056383, 988, 147809.0
633, 70.925926, 665.547846, 36.804138, 183.579996, 964, 144004.0
634, 70.925926, 665.547846, 36.804138, 207.721578, 971, 144980.0
635, 71.750876, 659.454830, 36.459731, 203.644242, 979, 146659.0
636, 70.925926, 665.547846, 36.804138, 195.654978, 974, 145651.0
637, 71.750876, 659.454830, 36.459731, 194.304689, 985, 147713.0
638, 70.925926, 665.547846, 36.804138, 234.417932, 966, 144294.0
639, 71.546068, 666.491140, 32.885459, 185.387337, 983, 146809.0
640, 70.925926, 665.547846, 36.804138, 188.495587, 979, 146153.0
641, 65.987654, 665.547846, 36.804138, 171.399343, 983, 146955.0
642, 71.750876, 659.454830, 36.459731, 184.827836, 986, 147304.0
643, 65.987654, 665.547846, 36.804138, 180.034893, 984, 147159.0
644, 70.925926, 665.547846, 36.804138, 201.198061, 973, 150697.0
645, 70.925926, 665.547846, 36.804138, 182.933299, 974, 145753.0
646, 71.750876, 659.454830, 36.459731, 183.265852, 982, 146879.0
647, 71.750876, 659.454830, 36.459731, 197.189293, 973, 145704.0
648, 71.750876, 659.454830, 36.459731, 192.374854, 980, 146783.0
649, 74.158665, 665.990798, 41.256229, 221.662608, 952, 142193.0
650, 71.750876, 659.454830, 36.459731, 181.562591, 986, 147787.0
651, 65.987654, 665.547846, 36.804138, 171.440892, 989, 148260.0
652, 68.245975, 664.359747, 35.267024, 182.807179, 987, 147983.0
653, 65.987654, 665.547846, 36.804138, 169.447003, 985, 147757.0
654, 70.925926, 665.547846, 36.804138, 195.864051, 965, 144174.0
655, 65.987654, 665.547846, 36.804138, 187.651155, 991, 148357.0
656, 70.925926, 665.547846, 36.804138, 189.589353, 968, 144839.0
657, 70.925926, 665.547846, 36.804138, 198.274438, 973, 145596.0
658, 70.925926, 665.547846, 36.804138, 214.101844, 965, 144005.0
659, 71.750876, 659.454830, 36.459731, 183.078680, 975, 146100.0
660, 65.987654, 665.547846, 36.804138, 196.842021, 982, 147125.0
661, 74.158665, 665.990798, 41.256229, 240.929761, 957, 143347.0
662, 70.925926, 665.547846, 36.804138, 171.098878, 988, 148478.0
663, 70.925926, 665.547846, 36.804138, 182.866009, 975, 145986.0
664, 71.750876, 659.454830, 36.459731, 182.278000, 986, 148101.0
665, 71.750876, 659.454830, 36.459731, 187.590822, 984, 149942.0
666, 71.750876, 659.454830, 36.459731, 189.344676, 980, 146975.0
667, 74.102462, 665.189227, 38.911181, 234.649211, 965, 144261.0
668, 70.925926, 665.547846, 36.804138, 177.565552, 966, 144957.0
669, 68.245975, 664.359747, 35.267024, 189.433748, 984, 147720.0
670, 70.925926, 665.547846, 36.804138, 176.936665, 992, 148833.0
671, 70.925926, 665.547846, 36.804138, 194.243743, 964, 144503.0
672, 65.987654, 665.547846, 36.804138, 190.988387, 991, 148508.0
673, 70.925926, 665.547846, 36.804138, 179.371914, 984, 147662.0
674, 65.987654, 665.547846, 36.804138, 183.530897, 984, 147566.0
675, 70.925926, 665.547846, 36.804138, 190.617584, 969, 145481.0
676, 70.925926, 665.547846, 36.804138, 186.637546, 965, 144022.0
677, 70.925926, 665.547846, 36.804138, 183.618711, 978, 146133.0
678, 65.987654, 665.547846, 36.804138, 180.583674, 988, 147734.0
679, 69.811782, 664.311204, 31.345777, 179.981686, 988, 147736.0
680, 65.987654, 665.547846, 36.804138, 179.971124, 984, 147301.0
681, 65.987654, 665.547846, 36.804138, 184.676346, 985, 147257.0
682, 65.987654, 665.547846, 36.804138, 161.074527, 980, 146886.0
683, 71.750876, 659.454830, 36.459731, 181.375600, 980, 146732.0
684, 65.987654, 665.547846, 36.804138, 161.789855, 981, 146877.0
685, 71.750876, 659.454830, 36.459731, 178.011265, 977, 146205.0
686, 71.750876, 659.454830, 36.459731, 168.224314, 992, 148531.0
687, 71.750876, 659.454830, 36.459731, 186.352410, 979, 150026.0
688, 70.925926, 665.547846, 36.804138, 198.183961, 971, 154143.0
689, 65.987654, 665.547846, 36.804138, 173.041889, 982, 147576.0
690, 65.987654, 665.547846, 36.804138, 185.947867, 980, 147582.0
691, 71.750876, 659.454830, 36.459731, 184.068271, 983, 148069.0
692, 65.987654, 665.547846, 36.804138, 178.907420, 986, 148438.0
693, 71.750876, 659.454830, 36.459731, 190.914528, 982, 148192.0
694, 70.925926, 665.547846, 36.804138, 201.625463, 966, 147351.0
695, 70.925926, 665.547846, 36.804138, 215.207886, 971, 145133.0
696, 71.750876, 659.454830, 36.459731, 208.200804, 983, 147793.0
697, 71.750876, 659.454830, 36.459731, 180.261814, 987, 148247.0
698, 71.750876, 659.454830, 36.459731, 207.728349, 973, 145873.0
699, 70.925926, 665.547846, 36.804138, 179.465120, 978, 146934.0
700, 70.925926, 665.547846, 36.804138, 211.472187, 964, 144227.0
701, 74.158665, 665.990798, 41.256229, 197.363296, 958, 143404.0
702, 70.925926, 665.547846, 36.804138, 181.570894, 968, 145035.0
703, 65.987654, 665.547846, 36.804138, 187.497140, 984, 147766.0
704, 70.925926, 665.547846, 36.804138, 213.097183, 964, 144342.0
705, 71.750876, 659.454830, 36.459731, 180.345903, 974, 145987.0
706, 68.245975, 664.359747, 35.267024, 193.998042, 992, 148494.0
707, 70.925926, 665.547846, 36.804138, 220.368231, 970, 145038.0
708, 71.750876, 659.454830, 36.459731, 179.241866, 980, 146870.0
709, 71.750876, 659.454830, 36.459731, 205.350457, 975, 146240.0
710, 65.987654, 665.547846, 36.804138, 182.347150, 987, 148007.0
711, 71.750876, 659.454830, 36.459731, 200.738832, 983, 147271.0
712, 71.750876, 659.454830, 36.459731, 195.791481, 979, 146778.0
713, 71.750876, 659.454830, 36.459731, 183.361355, 983, 147432.0
714, 71.750876, 659.454830, 36.459731, 201.014151, 987, 147840.0
715, 70.925926, 665.547846, 36.804138, 223.471693, 962, 143737.0
716, 70.925926, 665.547846, 36.804138, 193.564088, 974, 146059.0
717, 71.750876, 659.454830, 36.459731, 185.160925, 982, 147482.0
718, 65.987654, 665.547846, 36.804138, 193.326642, 992, 149361.0
719, 65.987654, 665.547846, 36.804138, 198.024556, 985, 149885.0
720, 65.987654, 665.547846, 36.804138, 182.421849, 988, 148204.0
721, 70.925926, 665.547846, 36.804138, 203.772150, 972, 146066.0
722, 70.925926, 665.547846, 36.804138, 208.660453, 976, 146496.0
723, 70.925926, 665.547846, 36.804138, 194.037131, 971, 145757.0
724, 65.987654, 665.547846, 36.804138, 186.291958, 984, 147091.0
725, 65.987654, 665.547846, 36.804138, 190.446102, 982, 146736.0
726, 71.750876, 659.454830, 36.459731, 192.461716, 989, 148206.0
727, 64.341564, 662.754338, 36.804138, 179.505645, 990, 148114.0
728, 71.750876, 659.454830, 36.459731, 183.013620, 989, 148200.0
729, 71.546068, 666.491140, 32.885459, 178.748656, 977, 146668.0
730, 70.925926, 665.547846, 36.804138, 200.887214, 971, 145490.0
731, 70.925926, 665.547846, 36.804138, 196.036530, 967, 148626.0
732, 70.925926, 665.547846, 36.804138, 182.617367, 966, 151990.0
733, 65.987654, 665.547846, 36.804138, 183.338895, 987, 147992.0
734, 70.925926, 665.547846, 36.804138, 211.629957, 964, 144126.0
735, 71.750876, 659.454830, 36.459731, 178.029226, 989, 148117.0
736, 65.987654, 665.547846, 36.804138, 160.985077, 985, 148057.0
737, 71.750876, 659.454830, 36.459731, 195.226385, 979, 147061.0
738, 65.987654, 665.547846, 36.804138, 173.019209, 981, 146968.0
739, 71.750876, 659.454830, 36.459731, 212.469786, 983, 148372.0
740, 65.987654, 665.547846, 36.804138, 169.221334, 984, 148727.0
741, 68.245975, 664.359747, 35.267024, 191.002035, 989, 148880.0
742, 65.987654, 665.547846, 36.804138, 155.952416, 985, 148264.0
743, 71.750876, 659.454830, 36.459731, 191.086249, 977, 156078.0
744, 70.925926, 665.547846, 36.804138, 188.850861, 979, 154692.0
745, 65.987654, 665.547846, 36.804138, 172.618112, 983, 147528.0
746, 71.750876, 659.454830, 36.459731, 191.267312, 975, 146839.0
747, 71.750876, 659.454830, 36.459731, 189.402712, 984, 148790.0
748, 65.987654, 665.547846, 36.804138, 174.013644, 986, 148021.0
749, 65.987654, 665.547846, 36.804138, 160.709597, 989, 149409.0
750, 65.987654, 665.547846, 36.804138, 177.716293, 985, 148085.0
751, 65.987654, 665.547846, 36.804138, 182.193651, 984, 147861.0
752, 65.987654, 665.547846, 36.804138, 163.014052, 986, 148363.0
753, 71.750876, 659.454830, 36.459731, 176.235628, 987, 148309.0
754, 65.987654, 665.547846, 36.804138, 171.948164, 985, 148117.0
755, 65.987654, 665.547846, 36.804138, 160.451483, 991, 149398.0
756, 65.987654, 665.547846, 36.804138, 175.267297, 992, 149229.0
757, 65.987654, 665.547846, 36.804138, 183.843251, 980, 147219.0
758, 65.987654, 665.547846, 36.804138, 168.758568, 984, 148030.0
759, 65.987654, 665.547846, 36.804138, 170.624269, 984, 148006.0
760, 69.811782, 664.311204, 31.345777, 191.945604, 986, 148159.0
761, 65.987654, 665.547846, 36.804138, 172.737042, 981, 147498.0
762, 68.245975, 664.359747, 35.267024, 187.098679, 988, 148185.0
763, 70.925926, 665.547846, 36.804138, 193.157648, 973, 145535.0
764, 65.987654, 665.547846, 36.804138, 168.524914, 986, 148375.0
765, 70.925926, 665.547846, 36.804138, 189.938976, 967, 144701.0
766, 71.750876, 659.454830, 36.459731, 180.889463, 977, 146593.0
767, 70.925926, 665.547846, 36.804138, 193.741139, 976, 146528.0
768, 65.987654, 665.547846, 36.804138, 173.974477, 982, 147419.0
769, 70.925926, 665.547846, 36.804138, 204.168285, 973, 145861.0
770, 65.987654, 665.547846, 36.804138, 192.462493, 980, 147102.0
771, 65.987654, 665.547846, 36.804138, 173.539384, 988, 163081.0
772, 65.987654, 665.547846, 36.804138, 189.116950, 982, 147389.0
773, 70.925926, 665.547846, 36.804138, 199.750614, 963, 143810.0
774, 71.750876, 659.454830, 36.459731, 191.363369, 980, 146911.0
775, 65.987654, 665.547846, 36.804138, 175.524862, 987, 148371.0
776, 68.245975, 664.359747, 35.267024, 174.893593, 988, 150280.0
777, 70.925926, 665.547846, 36.804138, 207.013527, 969, 149891.0
778, 65.987654, 665.547846, 36.804138, 177.976855, 987, 148801.0
779, 70.925926, 665.547846, 36.804138, 187.577513, 965, 144897.0
780, 71.750876, 659.454830, 36.459731, 177.268467, 983, 148026.0
781, 70.925926, 665.547846, 36.804138, 199.845851, 974, 146429.0
782, 70.925926, 665.547846, 36.804138, 165.261155, 972, 145724.0
783, 70.925926, 665.547846, 36.804138, 199.243261, 967, 144728.0
784, 65.987654, 665.547846, 36.804138, 169.893543, 981, 148036.0
785, 65.987654, 665.547846, 36.804138, 187.298840, 989, 148448.0
786, 65.987654, 665.547846, 36.804138, 163.271867, 987, 148163.0
787, 70.925926, 665.547846, 36.804138, 197.103614, 968, 144754.0
788, 65.987654, 665.547846, 36.804138, 178.053281, 982, 147396.0
789, 69.811782, 664.311204, 31.345777, 175.004176, 989, 148242.0
790, 65.987654, 665.547846, 36.804138, 166.166630, 986, 147977.0
791, 65.987654, 665.547846, 36.804138, 167.852841, 981, 147054.0
792, 71.750876, 659.454830, 36.459731, 185.783720, 983, 147597.0
793, 71.750876, 659.454830, 36.459731, 176.434193, 986, 148404.0
794, 65.987654, 665.547846, 36.804138, 154.991112, 980, 147250.0
795, 71.750876, 659.454830, 36.459731, 196.509348, 981, 146973.0
796, 70.925926, 665.547846, 36.804138, 195.597963, 974, 146559.0
797, 65.987654, 665.547846, 36.804138, 166.690021, 984, 147812.0
798, 65.987654, 665.547846, 36.804138, 163.335391, 984, 148088.0
799, 71.750876, 659.454830, 36.459731, 181.088359, 983, 147659.0
800, 65.987654, 665.547846, 36.804138, 187.842325, 986, 147699.0
801, 71.750876, 659.454830, 36.459731, 164.653521, 989, 149041.0
802, 65.987654, 665.547846, 36.804138, 167.912336, 984, 147899.0
803, 70.925926, 665.547846, 36.804138, 210.228357, 971, 145369.0
804, 70.925926, 665.547846, 36.804138, 199.772900, 968, 145078.0
805, 70.925926, 665.547846, 36.804138, 190.681417, 976, 146481.0
806, 65.987654, 665.547846, 36.804138, 194.821397, 989, 148472.0
807, 68.245975, 664.359747, 35.267024, 199.028202, 981, 147097.0
808, 71.750876, 659.454830, 36.459731, 179.163635, 987, 148447.0
809, 71.750876, 659.454830, 36.459731, 193.981248, 975, 147093.0
810, 65.987654, 665.547846, 36.804138, 168.541324, 987, 148339.0
811, 65.987654, 665.547846, 36.804138, 173.972756, 985, 147989.0
812, 65.987654, 665.547846, 36.804138, 172.873693, 989, 149319.0
813, 70.925926, 665.547846, 36.804138, 186.794571, 966, 144886.0
814, 65.987654, 665.547846, 36.804138, 196.578904, 986, 147883.0
815, 71.750876, 659.454830, 36.459731, 199.942347, 982, 150512.0
816, 71.750876, 659.454830, 36.459731, 183.822713, 986, 148028.0
817, 70.925926, 665.547846, 36.804138, 201.045812, 977, 146204.0
818, 65.987654, 665.547846, 36.804138, 179.012782, 986, 148213.0
819, 71.750876, 659.454830, 36.459731, 187.880317, 986, 148171.0
820, 71.750876, 659.454830, 36.459731, 188.021154, 988, 147390.0
821, 71.750876, 659.454830, 36.459731, 190.969585, 978, 153043.0
822, 70.925926, 665.547846, 36.804138, 187.390851, 973, 145608.0
823, 70.925926, 665.547846, 36.804138, 188.101332, 974, 145690.0
824, 71.750876, 659.454830, 36.459731, 205.588665, 978, 146533.0
825, 71.750876, 659.454830, 36.459731, 206.311710, 979, 147037.0
826, 65.987654, 665.547846, 36.804138, 176.210006, 985, 147598.0
827, 65.987654, 665.547846, 36.804138, 178.284158, 987, 147938.0
828, 65.987654, 665.547846, 36.804138, 169.007159, 980, 146855.0
829, 65.987654, 665.547846, 36.804138, 187.159123, 986, 147853.0
830, 65.987654, 665.547846, 36.804138, 156.924771, 985, 148048.0
831, 65.987654, 665.547846, 36.804138, 173.805400, 980, 147072.0
832, 65.987654, 665.547846, 36.804138, 205.641720, 982, 147185.0
833, 70.925926, 665.547846, 36.804138, 195.886869, 981, 183755.0
834, 65.987654, 665.547846, 36.804138, 186.396814, 985, 152828.0
835, 65.987654, 665.547846, 36.804138, 189.700369, 988, 151220.0
836, 71.750876, 659.454830, 36.459731, 174.082210, 981, 147485.0
837, 71.750876, 659.454830, 36.459731, 175.433362, 977, 154727.0
838, 71.750876, 659.454830, 36.459731, 181.720095, 979, 147148.0
839, 71.750876, 659.454830, 36.459731, 207.322564, 980, 146389.0
840, 65.987654, 665.547846, 36.804138, 187.692616, 980, 146436.0
841, 71.546068, 666.491140, 32.885459, 196.183393, 986, 147334.0
842, 70.925926, 665.547846, 36.804138, 192.698268, 967, 144085.0
843, 65.987654, 665.547846, 36.804138, 167.157123, 986, 147218.0
844, 65.987654, 665.547846, 36.804138, 180.129130, 990, 147936.0
845, 65.987654, 665.547846, 36.804138, 170.283616, 983, 147019.0
846, 65.987654, 665.547846, 36.804138, 182.559175, 979, 146571.0
847, 71.750876, 659.454830, 36.459731, 168.765982, 986, 147547.0
848, 65.987654, 665.547846, 36.804138, 177.105051, 985, 147225.0
849, 71.750876, 659.454830, 36.459731, 167.118517, 984, 146990.0
850, 65.987654, 665.547846, 36.804138, 175.782230, 987, 147463.0
851, 70.925926, 665.547846, 36.804138, 200.035851, 973, 145413.0
852, 65.987654, 665.547846, 36.804138, 168.131495, 986, 147631.0
853, 71.750876, 659.454830, 36.459731, 167.140470, 987, 147706.0
854, 65.987654, 665.547846, 36.804138, 382.828308, 988, 148182.0
855, 70.925926, 665.547846, 36.804138, 183.257360, 966, 145040.0
856, 65.987654, 665.547846, 36.804138, 158.236147, 981, 146777.0
857, 65.987654, 665.547846, 36.804138, 151.574246, 988, 147898.0
858, 65.987654, 665.547846, 36.804138, 165.838052, 983, 147216.0
859, 65.987654, 665.547846, 36.804138, 175.197324, 982, 146782.0
860, 70.925926, 665.547846, 36.804138, 205.979132, 963, 143885.0
861, 65.987654, 665.547846, 36.804138, 182.704015, 980, 146785.0
862, 64.341564, 662.754338, 36.804138, 199.777085, 984, 147530.0
863, 65.987654, 665.547846, 36.804138, 170.953457, 985, 148142.0
864, 65.987654, 665.547846, 36.804138, 188.910291, 985, 148411.0
865, 71.750876, 659.454830, 36.459731, 178.861642, 982, 153940.0
866, 71.750876, 659.454830, 36.459731, 188.709623, 976, 147872.0
867, 71.750876, 659.454830, 36.459731, 167.076709, 979, 147172.0
868, 70.925926, 665.547846, 36.804138, 203.285620, 972, 145102.0
869, 71.750876, 659.454830, 36.459731, 197.044583, 980, 146495.0
870, 70.925926, 665.547846, 36.804138, 189.972772, 978, 146047.0
871, 65.987654, 665.547846, 36.804138, 174.622915, 986, 147560.0
872, 71.750876, 659.454830, 36.459731, 184.157981, 976, 145834.0
873, 70.925926, 665.547846, 36.804138, 185.066714, 966, 144192.0
874, 65.987654, 665.547846, 36.804138, 179.179282, 987, 147669.0
875, 70.925926, 665.547846, 36.804138, 204.271780, 969, 144614.0
876, 70.925926, 665.547846, 36.804138, 191.952308, 971, 145131.0
877, 65.987654, 665.547846, 36.804138, 185.668756, 982, 146953.0
878, 71.750876, 659.454830, 36.459731, 189.452916, 988, 147462.0
879, 70.925926, 665.547846, 36.804138, 184.057112, 978, 146063.0
880, 65.987654, 665.547846, 36.804138, 146.536841, 979, 146659.0
881, 71.750876, 659.454830, 36.459731, 179.911691, 985, 147405.0
882, 65.987654, 665.547846, 36.804138, 173.737495, 981, 146762.0
883, 68.245975, 664.359747, 35.267024, 180.063803, 990, 148020.0
884, 65.987654, 665.547846, 36.804138, 176.048964, 985, 147646.0
885, 71.750876, 659.454830, 36.459731, 176.976320, 980, 146346.0
886, 71.750876, 659.454830, 36.459731, 202.124552, 970, 144739.0
887, 71.750876, 659.454830, 36.459731, 161.854594, 981, 146732.0
888, 71.750876, 659.454830, 36.459731, 186.010792, 986, 147157.0
889, 65.987654, 665.547846, 36.804138, 155.521937, 983, 146896.0
890, 71.750876, 659.454830, 36.459731, 170.074524, 978, 146336.0
891, 71.750876, 659.454830, 36.459731, 192.671673, 981, 146640.0
892, 70.925926, 665.547846, 36.804138, 196.076317, 975, 146075.0
893, 71.750876, 659.454830, 36.459731, 186.931106, 979, 146541.0
894, 65.987654, 665.547846, 36.804138, 186.087456, 987, 147833.0
895, 65.987654, 665.547846, 36.804138, 177.503839, 981, 147091.0
896, 70.925926, 665.547846, 36.804138, 196.712851, 962, 144092.0
897, 65.987654, 665.547846, 36.804138, 182.944311, 989, 148078.0
898, 70.925926, 665.547846, 36.804138, 164.418803, 974, 145648.0
899, 65.987654, 665.547846, 36.804138, 186.276339, 985, 147567.0
900, 65.987654, 665.547846, 36.804138, 168.752493, 984, 147432.0
901, 71.750876, 659.454830, 36.459731, 174.468355, 982, 147137.0
902, 65.987654, 665.547846, 36.804138, 166.419179, 985, 147614.0
903, 71.750876, 659.454830, 36.459731, 169.464830, 984, 147476.0
904, 70.925926, 665.547846, 36.804138, 180.954972, 966, 144560.0
905, 65.987654, 665.547846, 36.804138, 181.087948, 987, 148371.0
906, 70.925926, 665.547846, 36.804138, 194.239642, 964, 144112.0
907, 71.750876, 659.454830, 36.459731, 162.056231, 974, 145892.0
908, 65.987654, 665.547846, 36.804138, 154.565480, 980, 154859.0
909, 71.750876, 659.454830, 36.459731, 179.227959, 981, 154128.0
910, 65.987654, 665.547846, 36.804138, 156.912022, 986, 148422.0
911, 71.750876, 659.454830, 36.459731, 174.434633, 983, 147691.0
912, 71.750876, 659.454830, 36.459731, 175.819587, 986, 148259.0
913, 70.925926, 665.547846, 36.804138, 199.777937, 966, 144693.0
914, 71.750876, 659.454830, 36.459731, 172.306964, 982, 147626.0
915, 70.925926, 665.547846, 36.804138, 203.944404, 972, 145790.0
916, 65.987654, 665.547846, 36.804138, 157.975707, 991, 148766.0
917, 70.925926, 665.547846, 36.804138, 194.420539, 965, 144386.0
918, 70.925926, 665.547846, 36.804138, 187.689035, 975, 146299.0
919, 65.987654, 665.547846, 36.804138, 165.960358, 984, 147426.0
920, 71.750876, 659.454830, 36.459731, 201.951757, 975, 146253.0
921, 65.987654, 665.547846, 36.804138, 165.058035, 984, 147982.0
922, 65.987654, 665.547846, 36.804138, 167.874847, 983, 147336.0
923, 65.987654, 665.547846, 36.804138, 178.011797, 982, 147351.0
924, 70.925926, 665.547846, 36.804138, 198.594982, 966, 144495.0
925, 70.925926, 665.547846, 36.804138, 188.536110, 962, 143821.0
926, 65.987654, 665.547846, 36.804138, 194.206025, 986, 147761.0
927, 68.245975, 664.359747, 35.267024, 188.700616, 984, 148717.0
928, 71.750876, 659.454830, 36.459731, 184.574851, 983, 148342.0
929, 65.987654, 665.547846, 36.804138, 170.980688, 984, 148156.0
930, 65.987654, 665.547846, 36.804138, 181.931569, 986, 147930.0
931, 71.750876, 659.454830, 36.459731, 191.134486, 974, 146199.0
932, 65.987654, 665.547846, 36.804138, 191.583098, 989, 151587.0
933, 71.750876, 659.454830, 36.459731, 175.617778, 981, 147947.0
934, 65.987654, 665.547846, 36.804138, 162.673325, 980, 147270.0
935, 71.750876, 659.454830, 36.459731, 180.394484, 979, 147088.0
936, 71.750876, 659.454830, 36.459731, 166.759222, 983, 147497.0
937, 70.925926, 665.547846, 36.804138, 206.074336, 968, 144840.0
938, 70.925926, 665.547846, 36.804138, 212.012380, 968, 144401.0
939, 71.750876, 659.454830, 36.459731, 193.706635, 984, 147553.0
940, 71.750876, 659.454830, 36.459731, 186.048180, 984, 148203.0
941, 71.750876, 659.454830, 36.459731, 186.421442, 987, 147926.0
942, 71.750876, 659.454830, 36.459731, 187.110711, 986, 148894.0
943, 70.925926, 665.547846, 36.804138, 199.629611, 976, 145838.0
944, 65.987654, 665.547846, 36.804138, 187.546008, 985, 147439.0
945, 71.750876, 659.454830, 36.459731, 177.658032, 986, 148057.0
946, 71.750876, 659.454830, 36.459731, 171.648503, 975, 146208.0
947, 65.987654, 665.547846, 36.804138, 154.542132, 982, 147436.0
948, 70.925926, 665.547846, 36.804138, 215.294267, 963, 144166.0
949, 68.245975, 664.359747, 35.267024, 172.620521, 984, 147428.0
950, 74.158665, 665.990798, 41.256229, 205.722371, 962, 143850.0
951, 65.987654, 665.547846, 36.804138, 196.361382, 985, 147767.0
952, 64.341564, 662.754338, 36.804138, 186.018858, 988, 151330.0
953, 71.750876, 659.454830, 36.459731, 185.755270, 979, 151216.0
954, 71.750876, 659.454830, 36.459731, 200.130389, 980, 148154.0
955, 71.750876, 659.454830, 36.459731, 184.461949, 979, 147556.0
956, 70.925926, 665.547846, 36.804138, 197.413412, 970, 144570.0
957, 65.987654, 665.547846, 36.804138, 182.642425, 980, 146399.0
958, 71.750876, 659.454830, 36.459731, 163.060243, 983, 146965.0
959, 65.987654, 665.547846, 36.804138, 181.533847, 988, 147533.0
960, 65.987654, 665.547846, 36.804138, 163.825870, 986, 147470.0
961, 65.987654, 665.547846, 36.804138, 168.578405, 988, 147606.0
962, 65.987654, 665.547846, 36.804138, 191.057314, 990, 148026.0
963, 65.987654, 665.547846, 36.804138, 178.808648, 988, 147631.0
964, 70.925926, 665.547846, 36.804138, 179.740124, 973, 145347.0
965, 65.987654, 665.547846, 36.804138, 157.376183, 981, 146743.0
966, 71.750876, 659.454830, 36.459731, 169.205855, 979, 145991.0
967, 71.750876, 659.454830, 36.459731, 172.171297, 987, 147815.0
968, 65.987654, 665.547846, 36.804138, 159.928185, 979, 155880.0
969, 65.987654, 665.547846, 36.804138, 171.136847, 982, 155951.0
970, 65.987654, 665.547846, 36.804138, 173.734324, 989, 156661.0
971, 71.750876, 659.454830, 36.459731, 161.880103, 985, 155614.0
972, 65.987654, 665.547846, 36.804138, 148.332735, 985, 158301.0
973, 65.987654, 665.547846, 36.804138, 164.283621, 985, 147306.0
974, 70.925926, 665.547846, 36.804138, 199.991157, 975, 146673.0
975, 70.925926, 665.547846, 36.804138, 185.004130, 978, 147020.0
976, 65.987654, 665.547846, 36.804138, 144.594139, 976, 146353.0
977, 70.925926, 665.547846, 36.804138, 186.018200, 975, 146047.0
978, 65.987654, 665.547846, 36.804138, 154.684174, 987, 148306.0
979, 65.987654, 665.547846, 36.804138, 187.405951, 982, 147036.0
980, 74.814751, 665.600207, 35.386843, 208.896153, 965, 145310.0
981, 65.987654, 665.547846, 36.804138, 175.709744, 980, 147012.0
982, 70.925926, 665.547846, 36.804138, 176.246166, 980, 146926.0
983, 71.750876, 659.454830, 36.459731, 191.431435, 982, 147678.0
984, 70.925926, 665.547846, 36.804138, 175.495985, 973, 146467.0
985, 71.750876, 659.454830, 36.459731, 187.615228, 983, 147099.0
986, 65.987654, 665.547846, 36.804138, 175.540122, 981, 147238.0
987, 71.750876, 659.454830, 36.459731, 179.123121, 976, 146151.0
988, 65.987654, 665.547846, 36.804138, 159.662333, 985, 147930.0
989, 65.987654, 665.547846, 36.804138, 200.627033, 986, 147829.0
990, 71.750876, 659.454830, 36.459731, 179.321756, 983, 148476.0
991, 70.925926, 665.547846, 36.804138, 165.548904, 980, 147274.0
992, 65.987654, 665.547846, 36.804138, 174.422706, 980, 146920.0
993, 71.546068, 666.491140, 32.885459, 186.208971, 980, 146953.0
994, 70.925926, 665.547846, 36.804138, 174.670975, 974, 145832.0
995, 65.987654, 665.547846, 36.804138, 165.219313, 984, 148059.0
996, 70.925926, 665.547846, 36.804138, 176.419533, 979, 147057.0
997, 71.750876, 659.454830, 36.459731, 186.974802, 979, 149809.0
998, 71.750876, 659.454830, 36.459731, 188.834126, 985, 147718.0
999, 70.925926, 665.547846, 36.804138, 188.485391, 973, 145854.0
