#idx, x0, x1, x2, y, f_neval, total_time (us), 
0, 70.788439, 665.016986, 36.516378, 176.548147, 2882, 430660.0
1, 72.596446, 663.590870, 37.349646, 205.224703, 2765, 411455.0
2, 72.175399, 662.773683, 37.291250, 199.559046, 2772, 413064.0
3, 70.135516, 663.761723, 37.217899, 204.716518, 2859, 427383.0
4, 72.261532, 663.762742, 36.151782, 219.513964, 2757, 410032.0
5, 70.574395, 663.565879, 37.040125, 210.164584, 2778, 413971.0
6, 72.019442, 662.881148, 38.496912, 197.777446, 2805, 416986.0
7, 73.589347, 662.252832, 37.259935, 210.618840, 2756, 410710.0
8, 72.008520, 664.952892, 36.933239, 204.652771, 2734, 406232.0
9, 72.404797, 663.668031, 36.608644, 220.334175, 2731, 407082.0
10, 75.288172, 663.770891, 36.947428, 232.497264, 2763, 412232.0
11, 72.226058, 664.100735, 36.568692, 197.757642, 2747, 407961.0
12, 71.527122, 663.365113, 38.161228, 185.727793, 2832, 422631.0
13, 72.158627, 664.725743, 36.976449, 234.394923, 2700, 419951.0
14, 71.996647, 662.179114, 37.225032, 214.428400, 2747, 408243.0
15, 70.266912, 664.619635, 36.779194, 177.234377, 2897, 431354.0
16, 70.155318, 663.079950, 37.680804, 175.942356, 2928, 436309.0
17, 71.614681, 664.848272, 35.449928, 194.901953, 2740, 406621.0
18, 68.212351, 663.431445, 37.266673, 204.813192, 2879, 431700.0
19, 74.365767, 663.446111, 37.162596, 231.871422, 2740, 405736.0
20, 72.978212, 663.088919, 38.282760, 205.538553, 2792, 415344.0
21, 72.325672, 664.190375, 37.364133, 185.941180, 2798, 416116.0
22, 68.915053, 664.167696, 36.913225, 186.380578, 2910, 433468.0
23, 73.375631, 661.961880, 38.366112, 218.672645, 2741, 407572.0
24, 72.341529, 663.196630, 36.631270, 217.158026, 2715, 402659.0
25, 70.721271, 663.707089, 38.313007, 197.048430, 2817, 419097.0
26, 74.640993, 664.360695, 36.531659, 223.076353, 2741, 406552.0
27, 70.828645, 664.681384, 36.708720, 185.394416, 2859, 425747.0
28, 71.533373, 662.324342, 37.963651, 187.110116, 2895, 431903.0
29, 72.211917, 663.996999, 36.326292, 198.813574, 2731, 405254.0
30, 69.902402, 663.432580, 37.860885, 176.319536, 2867, 428263.0
31, 70.307699, 662.868683, 37.841969, 200.190994, 2864, 427092.0
32, 70.105416, 663.255679, 37.520015, 183.250755, 2856, 425705.0
33, 70.949780, 662.048045, 38.668527, 176.840157, 2804, 417328.0
34, 69.934939, 662.540186, 37.648214, 182.238083, 2855, 425504.0
35, 73.948061, 662.771968, 37.295371, 212.731605, 2772, 412766.0
36, 71.669129, 663.128305, 38.352785, 192.013639, 2754, 409758.0
37, 69.052956, 662.345016, 36.934430, 179.433144, 2930, 443674.0
38, 70.433124, 663.761730, 36.705452, 203.674532, 2844, 423150.0
39, 68.485831, 661.550017, 37.973679, 166.795869, 2922, 435959.0
40, 71.569101, 663.196231, 37.228240, 191.230442, 2764, 411208.0
41, 71.378610, 664.264078, 36.159916, 181.499695, 2789, 414680.0
42, 68.222366, 662.664397, 37.776528, 185.727214, 2913, 434457.0
43, 72.349248, 663.423731, 37.283753, 206.804051, 2815, 422826.0
44, 71.518616, 662.690006, 38.990356, 169.536086, 2826, 421434.0
45, 68.920004, 663.197721, 39.199041, 191.016096, 2853, 426611.0
46, 69.737744, 664.607137, 36.202751, 198.423385, 2893, 447120.0
47, 71.150800, 664.445018, 36.789449, 193.519817, 2766, 411019.0
48, 69.620985, 662.447458, 37.305195, 187.416163, 2855, 425651.0
49, 72.026275, 662.980362, 36.874176, 186.530338, 2795, 414625.0
50, 72.642990, 663.773286, 35.888135, 183.356746, 2766, 411402.0
51, 72.752686, 664.095050, 37.440359, 199.183694, 2782, 414132.0
52, 66.486902, 663.373738, 36.487775, 165.066723, 2880, 429192.0
53, 70.770713, 663.312956, 37.025652, 222.171727, 2701, 402561.0
54, 71.594193, 662.517472, 38.729014, 203.240704, 2772, 412621.0
55, 68.901291, 663.706257, 37.999746, 168.808250, 2921, 435990.0
56, 70.952272, 664.474224, 37.574822, 192.390360, 2837, 422491.0
57, 68.698355, 662.364547, 36.829513, 173.282935, 2896, 432335.0
58, 70.280900, 663.148095, 37.351181, 186.943619, 2875, 429294.0
59, 69.230015, 663.337923, 37.592345, 174.121948, 2908, 433426.0
60, 71.881863, 664.496122, 37.507023, 190.267422, 2773, 412114.0
61, 68.612501, 663.918595, 38.102917, 153.801845, 2906, 433642.0
62, 69.112122, 662.688475, 37.696269, 162.894568, 2907, 432521.0
63, 68.822417, 663.440400, 36.566640, 179.873209, 2895, 430524.0
64, 70.699817, 664.610076, 37.089832, 189.391423, 2858, 425245.0
65, 67.873202, 663.149740, 36.794902, 180.931646, 2906, 432271.0
66, 68.597004, 662.449138, 37.432175, 171.335245, 2903, 432899.0
67, 72.392226, 663.707677, 36.528358, 214.145626, 2705, 400910.0
68, 66.753964, 662.324683, 37.327059, 183.676083, 2884, 429463.0
69, 69.464559, 663.203652, 37.986289, 207.657518, 2818, 419666.0
70, 68.130014, 664.111318, 36.513252, 165.677844, 2914, 434348.0
71, 69.816210, 664.836044, 36.803947, 191.934381, 2924, 435505.0
72, 71.267067, 662.776696, 37.776042, 199.858042, 2754, 409712.0
73, 65.270854, 662.709926, 37.311251, 183.187762, 2870, 427513.0
74, 69.924571, 663.806866, 36.408469, 175.173421, 2910, 433645.0
75, 69.412912, 663.622838, 38.413471, 185.669760, 2911, 433935.0
76, 67.271366, 663.143878, 36.347921, 185.265373, 2821, 420232.0
77, 67.257930, 662.991101, 37.223384, 163.749493, 2921, 435112.0
78, 69.651253, 663.650955, 37.438407, 181.163977, 2915, 434092.0
79, 70.570574, 662.051240, 38.333091, 204.104547, 2805, 417301.0
80, 67.487529, 663.681872, 37.625327, 168.322502, 2911, 433519.0
81, 68.112752, 663.245988, 37.427449, 161.789799, 2913, 434541.0
82, 68.493648, 664.071441, 36.297164, 159.445302, 2943, 438443.0
83, 71.200033, 664.375396, 36.147191, 190.050117, 2890, 435657.0
84, 68.100208, 662.085864, 37.365890, 177.991732, 2926, 438818.0
85, 70.554547, 664.754254, 36.861008, 204.591622, 2782, 413969.0
86, 68.165337, 663.327156, 37.617109, 173.696932, 2862, 427106.0
87, 67.463733, 663.285490, 36.664785, 170.676812, 2877, 429545.0
88, 67.146485, 663.543038, 36.595567, 174.063455, 2883, 432455.0
89, 68.953630, 665.096695, 35.990597, 156.819121, 2948, 439821.0
90, 71.983879, 664.124632, 36.107169, 214.571819, 2752, 408609.0
91, 68.641427, 661.680814, 38.118242, 176.554138, 2876, 429960.0
92, 67.913627, 662.025623, 38.177848, 187.124264, 2926, 436333.0
93, 67.280339, 663.035342, 37.401212, 193.684656, 2867, 429744.0
94, 70.186219, 664.195335, 36.860986, 171.936563, 2905, 435039.0
95, 69.066438, 663.474153, 38.587043, 166.789512, 2910, 442157.0
96, 68.678526, 664.596336, 35.326210, 172.367120, 2958, 445958.0
97, 69.626162, 664.487481, 35.910513, 175.234113, 2920, 435870.0
98, 69.348313, 663.644569, 37.024530, 164.284903, 2957, 442476.0
99, 68.498824, 664.663964, 36.300324, 181.070350, 2868, 428216.0
100, 66.111690, 662.461338, 37.852764, 170.241149, 2867, 427439.0
101, 69.554331, 663.674964, 36.693391, 202.576272, 2842, 437925.0
102, 67.177280, 662.515151, 38.096153, 162.220059, 2906, 463124.0
103, 68.634866, 662.681104, 38.176436, 173.995610, 2946, 451611.0
104, 69.638766, 664.534817, 35.381573, 180.924134, 2907, 442715.0
105, 68.487501, 663.079859, 36.764553, 188.117841, 2865, 434666.0
106, 71.233976, 664.962091, 36.551706, 195.760588, 2801, 430428.0
107, 70.734080, 663.201609, 38.045937, 181.114675, 2881, 439983.0
108, 68.564359, 663.088242, 36.945469, 187.976487, 2840, 450859.0
109, 69.320393, 663.738855, 37.200744, 177.915629, 2897, 466957.0
110, 69.242797, 664.585613, 36.960909, 177.502716, 2904, 446254.0
111, 69.842148, 663.562583, 37.097166, 184.016730, 2844, 433615.0
112, 69.708495, 662.638766, 37.484404, 189.464763, 2883, 430705.0
113, 69.591068, 662.550624, 38.714885, 161.607852, 2930, 438321.0
114, 71.360495, 664.983593, 36.581110, 198.385513, 2784, 423301.0
115, 67.252059, 662.650656, 38.301651, 168.815334, 2903, 439497.0
116, 72.155706, 664.416830, 36.416543, 223.596469, 2720, 410370.0
117, 70.274647, 664.909409, 36.339561, 216.987846, 2779, 419303.0
118, 68.804165, 663.206970, 38.322004, 193.639278, 2908, 439196.0
119, 66.096162, 663.112847, 37.919878, 150.730690, 2919, 450173.0
120, 66.814797, 663.511404, 37.940061, 158.206237, 2900, 438463.0
121, 67.111099, 663.444386, 35.856382, 178.471977, 2834, 431196.0
122, 71.578356, 663.095257, 37.494914, 205.019756, 2739, 407556.0
123, 69.874441, 663.221595, 37.456499, 177.667239, 2904, 447724.0
124, 70.404525, 662.740619, 36.816717, 162.992276, 2874, 433494.0
125, 68.209683, 662.472716, 38.038671, 184.733694, 2906, 441825.0
126, 68.660141, 662.714807, 38.308186, 180.816786, 2908, 446856.0
127, 66.578172, 662.584585, 37.464615, 171.666928, 2880, 432570.0
128, 70.740384, 663.661735, 36.943249, 191.878878, 2869, 434743.0
129, 70.375922, 662.724971, 37.011348, 184.177700, 2878, 448746.0
130, 69.866216, 665.018386, 37.122993, 175.690451, 2911, 439736.0
131, 71.172723, 663.165810, 38.376657, 199.684569, 2768, 412293.0
132, 71.481083, 662.830960, 38.027622, 193.040592, 2807, 417748.0
133, 68.451735, 664.241066, 35.958002, 159.264562, 2900, 431554.0
134, 69.061204, 664.204486, 36.252431, 198.325374, 2898, 443730.0
135, 71.357070, 664.972778, 36.348729, 215.874319, 2757, 407565.0
136, 71.201154, 662.486560, 37.832906, 202.524261, 2765, 411992.0
137, 70.127609, 663.321218, 37.017533, 178.947737, 2897, 431753.0
138, 68.709716, 662.643922, 36.768753, 166.066871, 2922, 435620.0
139, 71.118137, 663.156903, 37.915863, 199.327341, 2796, 415145.0
140, 69.415197, 664.983596, 35.820448, 184.984526, 2957, 440692.0
141, 70.693571, 663.991803, 35.998092, 183.459418, 2886, 429137.0
142, 71.102469, 663.376239, 37.659262, 183.135871, 2856, 425411.0
143, 70.041042, 662.191921, 37.178866, 178.376721, 2870, 427714.0
144, 73.591908, 663.845853, 37.113480, 203.710983, 2762, 410523.0
145, 69.178738, 664.897117, 36.017510, 188.210740, 2937, 441460.0
146, 68.712957, 664.329729, 36.700925, 170.274901, 2899, 431714.0
147, 73.644098, 664.170809, 36.879205, 217.620037, 2770, 410333.0
148, 68.960082, 663.270214, 37.241611, 179.587502, 2923, 435821.0
149, 73.219010, 662.698821, 37.581847, 206.535783, 2805, 417400.0
150, 66.716452, 662.472774, 36.925171, 191.501662, 2803, 417436.0
151, 71.313319, 663.071147, 37.518725, 211.907114, 2804, 427177.0
152, 73.089076, 662.764216, 38.231094, 203.550434, 2775, 414497.0
153, 70.634981, 663.636664, 37.029788, 189.072560, 2867, 432909.0
154, 69.404231, 663.726452, 36.632928, 162.780352, 2914, 435131.0
155, 70.652719, 663.357078, 38.190138, 175.835656, 2917, 435111.0
156, 67.312970, 662.295131, 37.458727, 180.551075, 2825, 425659.0
157, 68.602555, 661.516578, 38.035274, 187.494038, 2866, 427805.0
158, 71.942990, 663.281084, 37.701361, 210.783885, 2790, 413145.0
159, 69.942723, 662.534808, 36.718411, 171.238816, 2930, 435471.0
160, 72.756766, 662.551378, 37.699417, 195.015472, 2704, 402034.0
161, 72.597878, 664.628698, 37.009846, 214.501006, 2751, 407699.0
162, 71.929848, 662.490482, 36.928168, 187.506449, 2795, 414934.0
163, 71.710729, 662.711111, 37.820231, 201.112169, 2796, 425551.0
164, 69.597560, 663.186268, 37.355043, 182.130470, 2892, 432088.0
165, 71.163799, 663.576734, 37.334769, 177.714694, 2819, 421068.0
166, 69.344652, 663.943653, 37.416092, 172.078621, 2885, 432625.0
167, 71.138113, 663.594785, 36.325828, 198.393670, 2682, 398527.0
168, 70.692227, 662.681355, 38.843062, 181.415163, 2855, 425771.0
169, 67.792488, 663.974662, 35.922564, 185.021241, 2814, 419167.0
170, 70.992373, 664.434845, 36.780093, 190.099845, 2862, 426376.0
171, 67.895914, 661.840290, 38.231074, 166.793269, 2914, 435164.0
172, 69.344261, 663.506508, 37.203231, 193.103810, 2820, 423211.0
173, 71.887888, 662.636831, 37.389257, 175.955836, 2816, 419301.0
174, 68.832878, 662.766378, 38.103480, 182.662452, 2842, 423925.0
175, 70.403172, 661.772618, 38.181666, 192.767855, 2828, 425053.0
176, 71.130593, 662.665405, 37.647265, 196.736828, 2867, 442265.0
177, 73.460346, 663.909893, 37.395149, 197.400059, 2766, 411010.0
178, 67.745673, 663.507924, 36.432139, 175.759520, 2860, 426726.0
179, 69.249912, 663.856751, 37.303423, 184.670525, 2917, 436256.0
180, 69.145347, 664.077953, 36.205399, 197.571478, 2886, 432548.0
181, 68.642157, 662.518867, 36.378888, 153.515528, 2929, 436787.0
182, 68.441513, 662.622398, 38.034622, 184.017214, 2902, 433151.0
183, 68.013628, 663.199107, 37.399321, 168.594416, 2898, 432678.0
184, 72.129170, 664.401327, 37.261374, 210.465450, 2714, 402824.0
185, 70.936586, 661.903535, 37.625197, 166.643155, 2912, 434883.0
186, 67.911569, 662.389144, 36.969625, 179.917821, 2886, 430055.0
187, 69.174008, 661.988540, 37.781591, 183.499827, 2851, 425138.0
188, 70.464247, 663.289560, 36.966326, 193.005087, 2855, 425095.0
189, 68.156213, 664.590533, 35.290554, 192.440414, 2832, 421273.0
190, 69.701654, 661.830512, 37.156327, 173.669632, 2902, 432881.0
191, 69.844265, 664.461268, 37.547686, 174.525767, 2898, 432197.0
192, 72.601876, 663.149060, 37.494563, 193.901819, 2751, 408780.0
193, 70.608311, 662.908216, 38.888458, 199.399496, 2779, 415882.0
194, 71.240857, 663.557012, 37.892509, 182.886127, 2794, 415825.0
195, 72.581771, 662.564089, 37.488462, 195.746811, 2813, 419250.0
196, 72.772212, 662.036658, 38.397527, 183.750544, 2785, 414908.0
197, 69.994884, 664.382970, 36.962584, 166.902882, 2909, 434096.0
198, 69.349484, 663.478995, 37.780808, 155.056738, 2937, 438589.0
199, 70.492905, 663.949511, 36.786073, 187.457900, 2840, 443156.0
200, 71.616694, 663.274560, 38.457881, 178.906152, 2847, 424479.0
201, 70.804554, 662.144781, 37.530710, 182.178648, 2838, 422692.0
202, 69.267936, 663.462725, 38.098947, 175.693507, 2948, 440196.0
203, 71.736785, 662.999997, 38.707552, 180.015028, 2826, 424045.0
204, 70.578111, 662.470196, 38.379079, 197.908814, 2867, 426886.0
205, 69.937415, 664.337790, 36.928083, 184.458604, 2857, 425920.0
206, 71.288941, 663.782970, 36.820753, 198.806932, 2736, 405892.0
207, 70.200745, 664.082804, 35.901701, 192.798975, 2821, 419904.0
208, 70.481670, 663.702290, 36.112430, 195.422494, 2858, 424848.0
209, 73.166267, 664.310714, 37.040018, 204.984123, 2769, 412071.0
210, 73.897857, 664.144749, 37.311429, 236.931353, 2728, 405120.0
211, 72.321263, 664.430619, 36.262457, 190.209796, 2755, 409240.0
212, 72.698854, 664.716956, 36.961327, 218.388433, 2749, 408155.0
213, 72.732101, 662.638697, 37.850209, 241.919726, 2712, 403069.0
214, 73.291402, 663.518767, 38.412339, 215.067109, 2796, 416379.0
215, 72.893815, 664.119808, 36.762085, 199.900662, 2724, 404587.0
216, 69.088776, 662.478440, 37.734971, 185.127185, 2926, 436323.0
217, 70.523327, 663.045670, 37.599046, 177.097430, 2914, 434300.0
218, 70.011131, 663.764371, 36.566484, 189.568076, 2832, 422507.0
219, 74.736686, 664.317141, 36.114310, 251.337050, 2717, 402408.0
220, 72.400271, 663.901947, 38.450864, 196.755961, 2781, 413712.0
221, 71.906250, 663.660613, 37.790572, 212.298327, 2748, 409168.0
222, 70.991893, 663.335128, 38.037817, 199.538169, 2791, 420860.0
223, 71.913016, 664.378219, 36.233200, 192.422085, 2790, 419132.0
224, 69.925579, 662.185472, 38.088489, 180.289162, 2879, 431226.0
225, 71.217510, 662.305908, 38.729727, 177.898921, 2855, 424412.0
226, 69.725406, 662.884512, 38.625923, 160.808868, 2904, 432141.0
227, 70.115309, 664.326516, 35.180917, 202.813072, 2861, 425749.0
228, 71.379897, 664.176264, 36.976001, 188.454337, 2846, 421738.0
229, 72.512191, 663.752712, 36.588190, 195.140939, 2729, 403297.0
230, 69.824877, 663.049518, 36.739347, 199.065875, 2842, 421771.0
231, 76.966091, 664.435212, 36.638472, 238.625511, 2780, 409971.0
232, 71.149526, 663.777216, 37.990156, 181.190164, 2786, 412767.0
233, 70.960661, 663.267408, 37.695662, 165.170917, 2896, 431371.0
234, 69.551651, 663.403791, 36.856027, 186.959004, 2891, 444629.0
235, 71.898755, 663.794883, 37.631249, 184.630825, 2801, 419096.0
236, 69.785193, 663.181713, 39.344127, 177.520323, 2883, 428797.0
237, 69.477656, 664.230396, 36.949170, 187.631376, 2931, 435421.0
238, 69.929087, 662.536247, 37.444540, 183.444517, 2856, 427315.0
239, 72.819881, 664.207900, 37.010162, 177.136418, 2788, 413844.0
240, 69.114662, 662.828679, 36.843997, 188.921420, 2919, 435110.0
241, 69.748865, 662.867943, 37.505771, 179.119802, 2898, 431906.0
242, 68.466113, 662.107144, 38.225580, 164.019527, 2934, 439243.0
243, 71.942342, 663.987158, 37.288764, 199.813739, 2775, 415105.0
244, 69.541151, 664.519185, 36.218157, 178.169419, 2923, 438771.0
245, 67.443144, 661.830966, 37.647485, 170.283914, 2861, 434874.0
246, 68.273450, 662.830087, 37.481069, 169.275075, 2921, 454776.0
247, 70.126220, 664.434539, 36.847029, 176.859703, 2914, 433361.0
248, 71.245416, 663.017414, 36.958973, 225.184290, 2801, 416333.0
249, 70.350795, 664.278438, 37.302285, 177.527764, 2875, 428222.0
250, 70.783156, 663.665850, 36.361699, 172.602458, 2832, 432928.0
251, 68.894365, 662.868302, 37.089320, 223.903759, 2818, 436147.0
252, 72.108958, 664.209696, 36.110016, 208.988556, 2699, 402266.0
253, 69.451859, 664.561245, 36.854840, 186.583312, 2919, 464572.0
254, 69.396571, 664.289693, 37.581757, 183.817193, 2902, 433203.0
255, 70.025927, 662.240589, 37.971799, 197.063262, 2786, 415265.0
256, 72.742815, 663.730941, 36.141585, 216.357559, 2682, 398031.0
257, 73.256671, 662.513662, 37.439361, 193.224746, 2762, 411582.0
258, 69.685649, 663.005988, 36.934764, 172.112180, 2919, 435061.0
259, 69.369350, 662.473055, 38.054156, 181.934599, 2878, 429458.0
260, 69.357885, 664.107961, 37.104488, 185.225023, 2929, 437104.0
261, 72.998026, 664.635455, 37.254758, 233.288325, 2710, 401829.0
262, 71.630632, 663.186709, 38.171045, 167.575037, 2838, 423031.0
263, 70.012933, 664.028289, 36.415557, 181.771097, 2869, 427961.0
264, 70.531610, 662.797288, 37.591422, 161.319974, 2899, 432271.0
265, 66.196964, 663.974337, 37.362199, 184.850098, 2895, 431325.0
266, 69.657340, 663.971217, 37.819015, 193.497825, 2827, 420899.0
267, 69.533604, 662.310652, 37.308717, 203.342549, 2817, 419498.0
268, 73.710069, 663.553797, 36.392770, 255.287214, 2739, 406842.0
269, 67.939314, 663.121988, 37.107551, 172.389671, 2917, 443509.0
270, 71.460388, 662.720472, 37.634783, 210.361258, 2768, 412563.0
271, 73.629547, 664.249943, 37.557996, 217.734985, 2754, 409366.0
272, 70.009832, 663.040123, 37.591231, 179.498917, 2875, 428950.0
273, 69.797387, 663.556659, 37.126695, 188.895038, 2854, 425975.0
274, 68.278291, 662.817851, 38.346018, 174.964185, 2900, 434097.0
275, 70.715901, 665.326168, 36.259878, 198.089746, 2880, 428768.0
276, 69.902208, 663.275965, 37.092432, 189.336392, 2916, 434399.0
277, 70.735627, 664.590669, 36.752891, 185.291748, 2914, 433903.0
278, 70.745333, 663.419141, 37.317112, 190.226774, 2808, 418174.0
279, 67.434844, 662.759618, 38.099230, 164.578284, 2900, 433409.0
280, 73.529257, 663.330548, 37.032092, 228.448275, 2764, 411638.0
281, 72.714690, 662.620069, 38.216734, 188.351911, 2747, 408780.0
282, 70.245242, 662.543025, 37.700632, 166.452662, 2904, 434528.0
283, 73.649767, 665.311430, 36.013343, 217.418925, 2675, 396469.0
284, 72.014278, 663.386500, 37.662677, 201.869364, 2752, 408976.0
285, 71.354887, 662.292762, 38.065039, 194.423665, 2833, 421480.0
286, 69.070052, 663.690921, 37.452044, 191.250796, 2947, 439915.0
287, 69.392171, 662.474875, 38.499630, 183.461844, 2880, 430185.0
288, 70.155060, 663.695202, 37.233902, 189.069641, 2848, 423645.0
289, 68.868561, 661.814642, 38.915735, 164.278270, 2891, 431822.0
290, 71.494815, 663.824768, 38.256191, 191.790830, 2849, 428625.0
291, 70.653859, 662.530666, 37.945457, 175.370262, 2877, 429164.0
292, 71.653009, 664.070828, 36.885129, 188.195373, 2772, 417152.0
293, 69.363754, 664.590452, 37.488036, 181.105708, 2934, 444986.0
294, 70.818089, 663.085103, 38.248345, 188.978855, 2889, 431295.0
295, 67.763279, 663.559282, 37.905479, 171.575073, 2959, 443109.0
296, 68.945932, 663.140132, 38.285718, 168.686637, 2940, 441342.0
297, 70.661993, 663.916067, 36.442919, 221.359980, 2795, 418947.0
298, 68.973336, 663.459946, 36.510169, 195.050093, 2887, 430153.0
299, 72.230817, 664.291415, 36.472898, 207.333927, 2730, 405411.0
300, 70.526732, 663.004504, 36.885689, 165.444308, 2865, 433489.0
301, 70.590407, 664.400489, 37.052451, 163.796718, 2913, 435158.0
302, 69.288726, 662.519449, 37.495953, 167.484888, 2933, 446463.0
303, 69.081419, 663.967371, 36.924465, 191.196143, 2904, 432247.0
304, 69.871962, 663.784992, 35.693717, 211.722795, 2819, 418855.0
305, 69.626974, 663.712612, 36.467110, 159.412304, 2933, 437431.0
306, 69.911135, 664.303839, 36.991058, 178.831961, 2904, 431837.0
307, 71.309377, 663.317630, 36.689242, 196.686940, 2756, 408426.0
308, 70.110743, 664.079264, 36.423050, 181.147549, 2943, 438141.0
309, 69.795355, 664.425231, 36.353307, 171.639044, 2937, 437275.0
310, 70.813507, 663.637967, 36.995707, 176.252552, 2900, 430984.0
311, 70.397288, 663.119870, 38.884992, 203.580562, 2780, 413018.0
312, 70.588452, 662.488029, 37.790962, 206.009649, 2835, 421556.0
313, 67.681046, 663.972182, 37.199323, 194.666430, 2831, 421251.0
314, 71.791144, 663.461600, 37.609518, 197.257392, 2811, 417672.0
315, 71.375017, 663.558592, 38.464284, 182.671512, 2757, 409703.0
316, 74.532151, 664.165015, 36.368996, 220.535962, 2760, 426814.0
317, 72.655087, 663.868561, 36.881203, 219.825182, 2778, 413695.0
318, 71.088644, 665.133937, 36.743258, 219.938543, 2818, 421939.0
319, 69.575768, 663.812543, 36.444085, 199.229047, 2860, 427123.0
320, 74.173720, 665.132616, 36.513442, 223.847011, 2758, 408535.0
321, 72.240135, 664.718062, 36.735801, 177.618009, 2768, 415001.0
322, 71.011637, 662.800794, 37.952788, 175.152312, 2904, 432354.0
323, 74.955814, 664.480410, 36.304111, 251.224043, 2729, 404127.0
324, 72.406790, 663.037997, 37.688700, 217.782498, 2720, 403731.0
325, 69.434314, 664.168583, 37.012161, 205.349935, 2836, 422124.0
326, 74.009649, 664.305857, 36.309119, 227.171260, 2759, 408991.0
327, 73.767468, 663.453393, 37.105081, 230.951835, 2763, 410199.0
328, 69.625612, 663.390399, 37.438402, 180.740025, 2925, 436508.0
329, 70.007215, 663.679046, 35.734201, 205.141773, 2906, 431803.0
330, 71.005209, 665.918179, 34.887342, 207.820831, 2743, 407147.0
331, 70.996504, 664.736361, 36.565110, 195.045569, 2846, 423638.0
332, 69.295436, 662.604651, 38.013995, 169.445477, 2936, 438406.0
333, 69.939761, 663.795534, 37.304033, 187.288607, 2886, 430001.0
334, 67.978961, 662.236465, 37.728859, 180.246479, 2945, 439356.0
335, 68.945932, 663.140132, 38.285718, 176.538266, 2925, 436824.0
336, 69.629051, 662.728159, 38.482400, 181.108198, 2865, 426810.0
337, 69.687281, 663.014370, 38.144633, 173.393750, 2915, 435716.0
338, 71.110115, 663.526803, 38.292199, 184.069056, 2830, 420671.0
339, 72.246794, 663.228489, 38.129687, 181.797225, 2803, 416057.0
340, 73.046260, 665.084269, 35.556040, 222.005385, 2721, 404293.0
341, 67.138788, 663.239193, 37.521673, 174.482063, 2910, 434842.0
342, 69.114364, 661.851732, 37.943361, 180.906672, 2871, 426990.0
343, 72.306835, 663.334646, 36.282082, 200.967268, 2737, 405896.0
344, 71.084615, 664.499426, 36.506753, 195.684628, 2838, 422244.0
345, 71.412508, 664.292072, 36.562883, 195.234780, 2804, 415783.0
346, 69.735440, 663.380396, 37.312197, 181.104533, 2955, 440445.0
347, 71.575352, 662.968278, 38.197226, 176.490024, 2794, 415096.0
348, 72.214671, 664.697351, 36.484266, 203.743246, 2764, 409817.0
349, 68.832878, 662.766378, 38.103480, 161.029272, 2941, 438517.0
350, 73.494476, 662.986058, 37.385599, 205.476846, 2769, 410722.0
351, 70.968209, 662.133362, 38.455065, 179.108224, 2841, 422251.0
352, 69.499341, 662.294461, 38.087691, 174.055071, 2943, 438823.0
353, 69.890273, 663.169494, 38.606810, 195.002001, 2819, 419172.0
354, 68.868700, 663.830377, 37.765374, 183.622126, 2904, 432280.0
355, 69.715549, 663.260992, 38.602853, 172.957295, 2910, 434456.0
356, 70.491855, 663.105567, 38.498729, 173.883984, 2857, 426210.0
357, 69.357208, 662.520181, 38.489380, 167.458534, 2884, 429815.0
358, 66.949982, 662.614822, 36.744639, 172.230717, 2909, 432674.0
359, 71.160951, 663.245364, 38.354467, 182.105295, 2872, 427868.0
360, 69.535399, 662.276094, 37.164500, 197.251028, 2811, 418984.0
361, 70.628194, 662.559091, 37.807112, 203.342084, 2866, 428170.0
362, 72.449862, 664.246389, 38.408829, 201.186097, 2786, 415546.0
363, 71.560034, 664.151075, 36.243586, 219.965717, 2733, 422040.0
364, 69.989052, 664.341095, 36.634846, 184.911041, 2950, 441236.0
365, 68.026847, 661.247401, 38.230179, 175.816123, 2931, 437036.0
366, 69.420559, 664.233648, 36.143611, 163.027014, 2932, 437312.0
367, 70.218502, 664.383219, 36.207916, 201.318597, 2837, 424736.0
368, 71.453629, 663.449768, 37.898144, 182.613556, 2786, 416949.0
369, 69.842096, 663.599094, 37.046095, 200.764259, 2919, 434992.0
370, 73.183530, 663.504580, 37.290976, 201.193126, 2752, 418202.0
371, 71.297016, 664.440586, 37.226833, 195.589922, 2825, 425326.0
372, 70.029958, 663.297942, 36.797554, 184.919094, 2849, 425220.0
373, 67.654611, 663.246544, 36.878149, 173.879843, 2922, 436028.0
374, 73.713848, 665.324109, 37.830606, 205.999373, 2772, 412986.0
375, 73.987026, 664.187431, 36.653316, 221.340283, 2772, 413589.0
376, 68.566600, 663.923561, 37.608468, 187.610965, 2854, 426715.0
377, 69.679738, 664.557032, 37.735062, 181.180688, 2859, 432159.0
378, 72.479683, 663.706427, 36.695271, 212.296150, 2754, 428335.0
379, 72.033255, 664.070337, 37.252373, 200.069905, 2815, 419981.0
380, 70.858476, 663.322827, 37.856225, 185.037604, 2889, 434612.0
381, 69.763852, 662.744715, 37.864924, 213.026313, 2818, 421063.0
382, 70.956247, 663.427388, 37.622075, 178.417323, 2911, 436048.0
383, 70.658417, 663.165633, 37.838327, 187.269910, 2863, 427258.0
384, 71.592805, 663.641032, 37.157951, 185.980641, 2812, 425089.0
385, 70.975406, 663.837708, 37.424577, 192.016126, 2819, 420437.0
386, 73.231977, 663.774851, 36.748028, 213.495646, 2700, 410894.0
387, 73.195850, 662.048479, 37.834006, 207.645620, 2793, 418046.0
388, 69.757686, 662.404192, 37.095056, 197.687049, 2828, 422503.0
389, 73.324038, 664.319254, 36.077662, 226.075569, 2756, 410179.0
390, 75.214427, 664.488097, 36.767948, 211.184580, 2752, 408830.0
391, 72.890397, 664.273355, 36.460777, 247.400428, 2710, 405694.0
392, 71.237858, 662.788465, 37.018316, 189.059441, 2789, 417674.0
393, 73.404051, 663.837333, 36.857065, 221.614405, 2764, 414145.0
394, 71.696308, 662.304429, 37.352524, 202.514108, 2773, 412797.0
395, 70.336323, 662.207452, 37.683576, 204.655106, 2783, 417257.0
396, 74.575979, 664.892828, 37.960675, 206.520120, 2742, 410848.0
397, 71.687406, 662.417379, 37.521122, 218.521136, 2777, 417015.0
398, 72.363058, 662.865641, 37.232380, 206.229713, 2788, 418234.0
399, 73.802378, 663.566811, 37.547584, 216.890794, 2754, 412680.0
400, 73.271306, 662.102284, 37.958207, 203.748596, 2763, 414550.0
401, 70.196401, 664.328912, 36.819296, 189.042289, 2913, 434993.0
402, 71.138316, 663.023007, 37.841023, 194.596689, 2816, 420862.0
403, 74.020390, 664.725928, 37.409571, 213.666130, 2768, 411852.0
404, 71.241896, 664.447897, 37.713435, 195.981164, 2852, 427578.0
405, 73.459512, 663.018126, 37.667023, 207.756084, 2756, 412516.0
406, 70.843776, 662.516645, 38.228352, 188.360405, 2867, 428763.0
407, 74.147108, 664.163571, 37.774777, 213.104424, 2777, 411941.0
408, 71.082929, 663.036005, 38.005334, 183.342986, 2896, 431779.0
409, 71.679337, 664.422003, 37.372364, 201.616118, 2757, 410297.0
410, 69.732741, 664.107532, 37.011286, 217.837592, 2850, 424251.0
411, 73.991406, 662.908250, 37.701721, 205.988873, 2804, 417735.0
412, 74.181551, 663.049703, 38.244373, 227.850426, 2787, 414045.0
413, 73.601108, 661.879690, 38.319229, 200.907602, 2768, 412131.0
414, 71.015235, 664.193009, 37.568143, 219.916423, 2738, 406815.0
415, 74.548701, 663.142999, 37.350681, 222.124177, 2751, 408482.0
416, 69.450774, 662.711433, 36.656321, 192.043952, 2819, 419943.0
417, 71.671081, 662.989889, 37.133558, 205.680506, 2759, 411639.0
418, 71.670640, 664.059662, 35.904323, 205.092811, 2778, 413182.0
419, 72.745714, 661.331965, 38.816987, 187.516962, 2795, 419198.0
420, 70.048413, 663.841842, 37.081847, 196.296959, 2875, 428303.0
421, 71.386999, 663.454091, 38.885199, 192.208285, 2794, 415998.0
422, 67.497697, 663.159311, 37.171085, 187.319457, 2858, 426471.0
423, 71.875960, 664.173660, 37.472067, 212.778828, 2780, 413234.0
424, 72.117004, 663.106359, 37.226637, 201.465225, 2784, 414943.0
425, 72.222115, 664.115975, 37.955585, 215.015282, 2733, 406380.0
426, 71.437577, 663.034338, 37.460604, 191.304251, 2804, 417227.0
427, 71.849837, 663.878817, 37.690502, 199.006048, 2819, 417929.0
428, 72.187230, 663.242325, 37.170461, 206.547820, 2774, 411105.0
429, 74.465551, 664.639175, 36.039091, 233.893600, 2762, 409041.0
430, 70.311856, 663.065864, 36.862564, 185.560434, 2877, 429319.0
431, 71.182205, 663.497803, 37.037602, 196.834123, 2806, 417651.0
432, 72.075902, 663.802741, 37.814361, 181.289183, 2825, 420201.0
433, 69.003865, 661.852907, 37.464656, 184.674461, 2884, 432288.0
434, 70.840550, 662.595214, 36.831381, 182.940619, 2823, 426479.0
435, 70.624596, 663.188384, 37.414957, 186.210398, 2876, 428058.0
436, 70.755607, 663.304502, 36.873063, 189.296910, 2783, 413864.0
437, 70.739689, 664.588707, 37.343869, 177.419553, 2914, 433331.0
438, 70.381115, 664.036926, 36.774890, 173.804456, 2907, 433759.0
439, 68.600600, 663.871971, 37.503663, 171.849028, 2902, 434493.0
440, 72.094652, 662.544326, 37.764326, 209.484204, 2734, 407104.0
441, 71.604549, 664.257489, 35.667130, 194.060322, 2811, 418538.0
442, 70.975322, 663.726427, 37.505686, 183.088028, 2886, 435167.0
443, 71.100374, 663.192473, 37.209974, 196.840278, 2784, 414220.0
444, 70.241508, 662.214913, 37.656567, 184.093351, 2858, 426260.0
445, 68.188421, 662.799665, 38.427055, 171.010334, 2930, 437564.0
446, 71.542864, 664.008568, 36.860144, 209.795588, 2713, 403339.0
447, 72.615253, 663.623718, 37.430615, 205.548070, 2761, 410423.0
448, 71.195722, 663.145516, 37.342563, 197.674428, 2784, 416140.0
449, 71.096402, 665.571013, 36.498370, 198.387681, 2773, 412033.0
450, 71.484261, 663.507600, 37.509992, 207.593563, 2779, 413452.0
451, 71.596363, 662.666077, 38.002931, 195.050110, 2814, 418758.0
452, 70.152949, 661.818315, 37.327322, 174.235144, 2888, 430427.0
453, 68.447563, 662.204183, 37.206261, 179.459404, 2917, 434556.0
454, 67.895610, 661.769447, 38.603350, 179.229877, 2899, 433341.0
455, 71.400819, 663.818353, 37.914908, 180.096188, 2807, 417266.0
456, 71.784475, 664.453468, 36.250626, 204.482702, 2802, 416401.0
457, 73.502058, 663.702844, 38.322579, 201.769503, 2800, 420930.0
458, 68.219050, 663.783880, 37.609976, 188.734280, 2889, 431018.0
459, 71.230896, 663.237979, 37.696246, 186.213410, 2861, 427246.0
460, 73.691955, 665.103869, 37.840443, 211.899463, 2779, 413724.0
461, 71.919865, 663.967362, 37.310934, 190.978795, 2768, 411427.0
462, 70.057331, 663.422444, 36.416781, 177.479175, 2931, 437914.0
463, 73.130723, 663.665398, 37.068794, 199.694291, 2754, 409519.0
464, 72.779345, 664.705586, 36.818958, 202.397631, 2712, 402761.0
465, 70.714040, 662.826825, 37.919959, 202.129046, 2855, 426379.0
466, 70.984727, 662.597914, 37.348286, 188.798364, 2798, 416708.0
467, 68.767733, 663.524216, 37.462714, 184.290910, 2905, 433234.0
468, 69.759078, 662.967155, 38.400116, 169.918237, 2893, 432480.0
469, 69.584257, 664.114309, 36.130236, 203.795909, 2846, 423655.0
470, 71.621447, 665.016966, 36.073992, 188.093773, 2775, 413098.0
471, 71.484064, 662.344555, 38.748931, 177.551364, 2804, 417398.0
472, 69.361315, 662.157231, 37.930532, 181.850460, 2826, 421520.0
473, 72.566348, 663.802451, 38.087381, 197.958069, 2790, 414875.0
474, 69.970463, 663.356956, 37.170940, 173.793332, 2890, 431014.0
475, 68.844936, 662.215904, 36.724039, 189.579039, 2865, 427145.0
476, 70.555919, 661.692231, 37.444429, 198.157845, 2903, 432269.0
477, 69.751364, 663.178928, 37.305089, 196.465480, 2872, 427948.0
478, 70.464806, 662.974891, 37.040681, 191.039888, 2864, 427027.0
479, 72.404326, 663.137076, 37.921283, 193.306784, 2773, 411957.0
480, 70.096755, 663.212428, 37.811088, 189.612020, 2784, 414797.0
481, 69.421286, 662.965488, 37.462850, 203.344739, 2796, 416372.0
482, 69.436473, 663.296029, 36.505701, 187.024415, 2889, 430313.0
483, 69.967870, 664.089792, 36.871311, 192.118652, 2874, 427826.0
484, 68.151164, 663.299724, 38.464618, 153.571833, 2925, 436856.0
485, 70.750498, 661.457038, 38.661634, 211.969859, 2826, 420283.0
486, 69.545254, 664.045287, 36.735490, 163.912677, 2930, 436846.0
487, 69.816782, 664.134153, 36.790460, 184.028554, 2899, 431630.0
488, 71.153751, 663.443919, 37.059354, 189.861328, 2805, 416464.0
489, 71.177966, 663.866332, 37.486205, 175.403467, 2903, 432827.0
490, 70.992374, 663.308623, 37.797983, 194.014717, 2784, 414488.0
491, 74.243686, 664.641378, 36.816894, 239.582088, 2765, 410076.0
492, 71.799597, 663.663558, 36.891931, 207.775426, 2737, 407575.0
493, 68.230098, 662.842451, 37.893607, 191.739611, 2932, 436607.0
494, 70.799359, 663.488237, 37.301688, 185.757183, 2865, 426119.0
495, 71.856490, 663.199714, 37.387489, 207.795725, 2777, 413380.0
496, 68.378809, 662.531438, 37.985684, 201.563221, 2904, 434930.0
497, 72.371819, 662.187596, 37.949737, 215.821662, 2733, 409965.0
498, 73.839520, 664.512086, 37.173422, 212.309828, 2787, 414502.0
499, 74.076508, 664.625793, 36.343618, 239.725964, 2736, 405590.0
500, 71.916573, 662.963637, 37.263877, 194.185931, 2783, 422042.0
501, 68.834493, 662.791877, 37.389468, 182.902017, 2932, 438134.0
502, 71.284852, 664.860971, 35.885937, 172.801424, 2809, 418497.0
503, 69.153021, 663.091148, 37.641017, 176.618059, 2899, 436060.0
504, 74.055540, 665.492212, 36.497181, 229.332030, 2728, 415252.0
505, 68.629998, 664.334231, 38.066807, 165.555301, 2908, 435449.0
506, 72.838798, 663.584034, 37.318654, 202.850116, 2770, 412930.0
507, 72.571733, 666.124119, 34.887519, 202.947332, 2745, 407980.0
508, 70.833174, 663.727051, 37.370910, 201.097382, 2789, 415653.0
509, 72.187102, 663.121726, 37.774029, 206.978575, 2801, 416886.0
510, 68.618594, 664.784361, 36.263144, 170.334006, 2918, 448138.0
511, 71.951559, 663.442396, 37.043465, 189.729069, 2761, 410453.0
512, 73.392385, 662.053330, 37.761183, 230.199598, 2720, 404703.0
513, 73.778946, 663.038669, 37.184751, 202.499346, 2758, 410724.0
514, 71.571142, 664.812327, 36.475718, 214.534445, 2739, 412222.0
515, 72.216047, 663.420815, 37.861684, 188.347107, 2735, 406864.0
516, 74.100225, 664.206497, 36.781136, 228.315104, 2757, 413081.0
517, 70.875555, 662.859935, 37.595621, 198.414487, 2856, 425616.0
518, 68.807982, 663.342682, 37.177641, 173.827582, 2919, 436532.0
519, 69.107065, 664.341176, 36.275724, 180.122153, 2876, 429632.0
520, 73.604465, 662.445088, 38.284131, 228.791536, 2747, 409037.0
521, 69.903453, 663.099257, 37.400789, 180.944850, 2859, 427230.0
522, 70.110760, 663.648529, 37.307985, 194.811653, 2864, 427381.0
523, 72.814099, 665.792419, 35.053122, 213.861709, 2700, 402243.0
524, 71.726265, 663.604288, 37.696700, 193.071206, 2804, 417869.0
525, 71.739686, 663.269655, 37.773901, 207.155721, 2793, 415631.0
526, 71.280567, 663.717491, 37.906179, 170.044551, 2881, 431117.0
527, 71.943536, 664.168574, 37.007346, 177.709675, 2833, 424548.0
528, 69.601020, 663.479286, 36.530984, 184.623460, 2914, 440687.0
529, 71.985530, 664.058891, 37.096710, 197.870466, 2724, 404999.0
530, 68.961310, 663.300814, 36.348662, 181.894722, 2902, 434744.0
531, 72.887038, 664.544618, 35.950649, 236.438460, 2717, 402569.0
532, 72.184036, 664.628540, 37.166019, 208.774719, 2767, 410989.0
533, 71.962139, 665.686669, 34.890275, 219.681054, 2714, 406781.0
534, 68.111934, 663.346313, 36.563515, 162.524822, 2905, 434477.0
535, 70.324179, 663.097789, 37.237973, 184.948384, 2859, 433282.0
536, 69.939724, 662.316283, 38.165470, 191.031464, 2851, 426477.0
537, 71.032078, 662.622878, 37.858004, 187.821918, 2892, 433666.0
538, 69.432262, 662.347934, 37.220078, 180.338824, 2944, 444970.0
539, 72.843252, 663.002791, 37.961237, 238.085337, 2708, 403503.0
540, 69.498420, 663.392300, 37.435545, 175.863336, 2918, 436068.0
541, 71.799265, 662.751514, 37.952717, 188.763788, 2776, 412341.0
542, 69.710500, 662.891258, 38.623934, 181.376287, 2915, 434284.0
543, 71.071528, 663.642101, 36.701061, 223.638027, 2828, 421046.0
544, 70.415030, 663.892885, 37.549167, 188.271812, 2878, 429357.0
545, 68.740642, 663.647953, 37.653510, 174.625835, 2929, 437312.0
546, 69.659334, 662.620535, 36.715680, 212.941981, 2803, 417065.0
547, 70.973871, 663.557443, 38.256817, 177.120484, 2900, 432704.0
548, 69.883813, 664.890647, 36.190778, 210.629764, 2840, 422683.0
549, 71.263447, 663.496734, 37.469150, 187.036002, 2907, 433224.0
550, 70.547748, 663.263650, 37.301333, 212.131808, 2827, 431203.0
551, 70.921357, 663.453614, 37.162372, 179.776823, 2860, 427690.0
552, 69.025859, 663.255085, 37.679723, 188.353465, 2886, 434926.0
553, 72.131916, 664.203395, 37.153247, 192.144292, 2743, 407405.0
554, 71.961838, 663.496071, 37.695136, 192.310787, 2775, 412572.0
555, 70.492942, 663.145036, 38.848568, 181.214988, 2886, 430090.0
556, 70.845346, 662.843761, 37.029636, 189.460885, 2857, 425682.0
557, 70.153377, 663.264261, 37.747467, 190.044985, 2878, 429281.0
558, 71.647868, 663.594966, 36.751215, 220.225605, 2719, 403264.0
559, 71.035378, 664.988514, 36.996037, 222.478268, 2778, 412525.0
560, 69.625373, 665.044044, 36.547344, 196.580187, 2927, 438463.0
561, 72.932367, 665.051019, 36.687924, 193.567357, 2804, 417486.0
562, 70.495643, 662.480844, 38.164287, 202.319490, 2862, 427208.0
563, 70.098294, 663.355664, 36.557724, 184.016591, 2913, 434380.0
564, 74.104772, 663.542621, 37.577043, 226.589342, 2772, 411404.0
565, 71.601457, 663.633161, 37.731649, 185.132713, 2816, 420373.0
566, 69.947971, 663.092731, 37.301662, 193.940488, 2907, 433235.0
567, 67.758565, 663.041192, 38.296769, 165.363234, 2901, 433147.0
568, 74.707059, 663.502331, 37.049629, 228.916803, 2755, 408646.0
569, 71.484323, 662.275391, 38.018642, 204.181083, 2829, 422968.0
570, 70.727722, 663.389339, 36.400668, 169.163269, 2921, 435595.0
571, 73.588987, 665.495641, 35.850264, 206.584785, 2753, 409363.0
572, 71.388390, 662.839398, 37.558803, 212.018601, 2723, 404480.0
573, 70.406565, 664.029277, 37.136275, 164.021186, 2903, 433610.0
574, 70.379504, 663.672121, 35.954104, 185.315743, 2820, 424042.0
575, 71.900571, 662.885155, 38.720524, 186.649726, 2845, 429756.0
576, 74.142118, 661.907409, 38.662646, 227.896273, 2763, 411409.0
577, 72.353584, 661.836623, 38.732381, 208.549881, 2744, 408037.0
578, 70.296664, 662.513965, 38.512140, 187.526715, 2861, 425964.0
579, 71.526284, 662.341175, 37.730025, 191.101447, 2800, 417716.0
580, 75.161795, 665.690134, 35.439529, 241.191007, 2749, 408365.0
581, 69.021667, 664.336393, 37.256093, 185.940913, 2924, 436988.0
582, 75.328727, 663.036783, 37.321319, 219.917195, 2742, 406841.0
583, 73.898986, 664.548233, 36.711027, 203.482189, 2782, 413847.0
584, 70.518525, 662.641305, 38.238714, 200.779244, 2806, 420304.0
585, 69.946160, 663.087898, 36.953229, 174.461123, 2923, 437407.0
586, 72.106880, 662.452875, 37.953738, 192.842017, 2764, 411337.0
587, 74.088917, 663.714835, 37.305298, 203.034837, 2722, 404080.0
588, 70.691900, 664.997324, 37.269710, 202.763416, 2722, 406059.0
589, 68.780010, 662.311194, 38.200125, 177.984868, 2889, 432025.0
590, 71.275610, 661.892978, 38.261343, 211.285332, 2718, 404525.0
591, 68.445904, 663.184381, 38.027398, 196.965338, 2885, 430441.0
592, 72.622545, 662.835596, 37.771518, 215.447734, 2767, 411604.0
593, 69.894868, 663.252225, 37.583221, 185.378976, 2927, 437052.0
594, 72.358892, 663.773983, 36.200999, 210.148164, 2737, 406983.0
595, 69.809931, 662.247130, 37.996386, 190.200227, 2862, 426711.0
596, 72.609739, 665.117348, 35.422834, 222.722218, 2706, 400618.0
597, 69.092555, 662.765614, 38.221448, 161.999733, 2918, 437648.0
598, 68.618619, 663.222241, 37.754599, 171.481132, 2948, 461019.0
599, 72.942699, 664.067355, 36.072551, 199.648576, 2766, 410916.0
600, 71.488570, 662.886250, 38.059972, 192.935103, 2757, 411185.0
601, 69.879548, 661.875919, 37.732405, 210.951720, 2795, 416540.0
602, 71.092095, 663.141240, 36.858310, 189.407959, 2814, 419978.0
603, 69.021219, 664.415097, 36.590360, 174.543711, 2889, 430520.0
604, 73.173551, 663.810410, 37.171385, 196.977391, 2759, 409800.0
605, 76.282642, 665.459382, 36.201545, 235.587515, 2716, 402752.0
606, 69.737379, 662.209297, 37.186091, 181.916715, 2903, 432957.0
607, 71.094169, 663.697163, 36.173482, 170.527205, 2857, 424523.0
608, 71.653829, 663.860749, 36.735182, 206.408817, 2747, 407239.0
609, 70.984207, 663.363951, 38.180448, 201.304725, 2896, 430814.0
610, 71.716675, 662.660813, 38.485832, 203.491590, 2800, 416056.0
611, 70.704664, 664.070374, 36.294808, 188.195830, 2818, 418916.0
612, 74.572161, 664.041253, 36.699462, 236.635865, 2712, 401894.0
613, 70.883718, 662.811526, 36.768906, 210.051754, 2789, 415394.0
614, 68.765978, 662.417164, 38.202717, 172.244751, 2917, 435597.0
615, 71.942807, 662.570168, 36.974542, 206.529801, 2762, 410587.0
616, 67.748717, 664.074855, 36.408517, 173.176347, 2883, 428903.0
617, 71.112692, 663.742816, 37.046682, 194.142388, 2821, 420192.0
618, 71.284752, 663.197457, 37.684991, 180.973487, 2887, 430314.0
619, 69.433323, 662.027635, 38.392416, 177.891454, 2903, 433393.0
620, 67.121562, 663.185654, 37.111982, 185.963974, 2843, 423700.0
621, 70.882169, 663.862815, 37.907075, 169.824556, 2894, 432191.0
622, 70.176620, 662.739611, 36.760685, 189.692300, 2810, 419083.0
623, 71.339737, 663.012948, 38.568816, 211.578872, 2785, 415749.0
624, 69.030018, 662.768537, 37.080780, 182.048391, 2890, 431428.0
625, 69.086606, 662.164511, 38.268951, 176.311039, 2908, 434971.0
626, 72.971860, 663.644663, 38.103309, 228.609211, 2728, 405566.0
627, 72.909771, 664.258762, 36.713974, 202.489487, 2746, 406835.0
628, 68.782705, 663.662070, 37.836668, 190.599264, 2906, 433046.0
629, 72.038600, 663.833192, 36.979418, 186.875208, 2828, 420797.0
630, 68.459169, 663.061226, 37.955134, 164.865323, 2947, 440113.0
631, 69.710500, 662.891258, 38.623934, 164.153946, 2904, 433206.0
632, 67.050172, 663.019148, 37.945075, 169.889899, 2870, 428037.0
633, 72.155902, 664.744207, 35.584773, 182.441576, 2758, 409827.0
634, 72.113294, 663.453883, 37.787531, 206.255593, 2747, 408320.0
635, 69.200603, 662.686709, 37.005568, 196.943614, 2852, 425702.0
636, 70.920554, 663.754946, 37.027613, 194.687742, 2713, 402449.0
637, 69.609861, 662.992000, 37.774528, 188.482349, 2938, 438799.0
638, 71.927620, 664.042812, 37.769695, 233.077615, 2698, 400218.0
639, 69.596501, 664.511346, 37.452297, 176.140276, 2900, 432329.0
640, 70.957836, 662.454221, 38.687888, 185.387524, 2883, 429493.0
641, 68.561449, 663.813044, 37.091881, 165.298083, 2935, 438349.0
642, 69.118515, 663.362386, 37.511930, 177.030257, 2889, 431025.0
643, 67.908044, 662.772498, 38.362589, 175.513515, 2850, 424983.0
644, 70.772189, 661.486077, 38.857209, 195.456622, 2824, 422772.0
645, 71.062353, 662.504911, 38.159418, 180.386972, 2854, 426012.0
646, 68.859322, 661.692396, 38.996953, 175.171498, 2906, 433740.0
647, 69.448533, 663.168776, 36.712794, 190.927045, 2809, 418375.0
648, 69.387186, 662.256341, 37.318012, 185.564246, 2902, 433360.0
649, 74.399830, 664.154879, 37.681235, 215.723111, 2742, 407368.0
650, 69.748260, 664.190645, 36.833934, 172.999111, 2911, 433748.0
651, 67.178215, 663.436104, 36.897721, 169.741674, 2884, 430203.0
652, 70.084532, 664.350119, 36.943539, 178.891141, 2889, 430499.0
653, 69.139454, 662.796027, 37.829690, 161.724883, 2947, 440073.0
654, 72.443694, 662.421592, 38.448924, 192.734560, 2766, 411203.0
655, 67.602339, 663.313229, 36.864629, 183.892366, 2869, 426963.0
656, 70.687442, 663.346762, 37.432381, 186.911097, 2793, 415992.0
657, 71.962342, 664.569851, 37.046606, 197.430600, 2813, 420848.0
658, 72.475963, 664.403008, 36.939278, 211.756654, 2753, 408833.0
659, 69.739435, 662.726262, 38.373040, 177.105982, 2895, 431990.0
660, 68.711622, 663.704170, 37.238082, 189.573046, 2915, 435300.0
661, 73.805283, 664.175460, 38.433739, 234.954615, 2754, 408348.0
662, 70.266086, 664.866928, 36.634444, 170.552756, 2913, 435796.0
663, 71.511682, 663.568439, 37.848973, 181.872986, 2851, 428231.0
664, 69.680480, 663.292915, 38.720335, 174.712780, 2903, 433347.0
665, 68.903912, 662.727051, 38.298447, 179.603746, 2920, 435906.0
666, 69.617652, 662.760535, 37.608410, 182.837616, 2849, 425066.0
667, 74.019091, 664.226635, 35.916290, 231.682578, 2755, 412407.0
668, 71.300800, 662.674268, 37.856175, 175.721190, 2852, 447899.0
669, 70.151274, 664.283611, 37.497447, 184.393799, 2926, 437763.0
670, 70.558157, 664.691001, 36.777999, 176.191701, 2913, 435949.0
671, 70.944482, 664.744579, 36.762999, 193.878236, 2806, 419911.0
672, 68.589343, 663.567751, 37.629804, 183.756956, 2889, 432284.0
673, 70.177528, 664.600151, 36.754226, 178.507404, 2864, 427304.0
674, 68.017446, 662.525860, 37.694610, 178.447314, 2892, 432650.0
675, 71.194487, 664.605508, 36.994649, 190.275959, 2856, 426864.0
676, 71.781162, 662.646174, 36.844558, 184.506198, 2695, 403505.0
677, 70.796051, 663.484502, 37.360319, 182.397170, 2853, 427202.0
678, 67.744463, 662.602853, 37.828069, 176.992392, 2888, 431370.0
679, 68.531979, 665.483356, 34.543634, 175.859712, 2921, 437262.0
680, 67.984405, 662.158755, 37.683236, 176.139109, 2871, 429195.0
681, 66.410308, 663.118403, 38.058876, 182.552461, 2900, 434208.0
682, 66.488896, 663.061109, 37.049464, 158.785810, 2899, 434613.0
683, 70.111834, 664.170748, 37.058936, 174.450141, 2927, 437367.0
684, 66.362094, 663.992802, 37.402770, 160.693301, 2886, 432000.0
685, 69.978977, 662.685103, 38.660928, 171.692833, 2889, 432382.0
686, 68.978557, 662.525259, 38.078982, 160.072319, 2913, 437083.0
687, 69.734848, 663.334340, 37.678662, 179.933853, 2900, 434145.0
688, 71.470262, 663.490205, 38.504473, 196.505445, 2786, 415456.0
689, 66.616913, 663.368373, 36.728380, 171.704828, 2891, 431904.0
690, 69.351124, 662.682786, 37.508351, 176.928598, 2880, 433055.0
691, 69.756897, 662.914591, 36.794824, 177.639565, 2935, 465927.0
692, 68.824815, 663.469673, 36.934742, 171.297742, 2934, 440525.0
693, 69.893059, 662.981653, 37.019944, 184.265855, 2903, 436196.0
694, 71.857199, 663.426301, 38.407239, 199.775529, 2799, 415969.0
695, 72.528671, 664.005554, 36.661775, 213.510764, 2687, 400833.0
696, 69.343464, 664.128098, 37.130262, 199.105423, 2863, 428316.0
697, 69.369512, 662.779965, 37.027792, 172.424023, 2900, 434890.0
698, 70.008393, 663.267541, 36.912569, 202.503354, 2804, 418712.0
699, 70.967634, 664.641128, 36.913370, 179.108161, 2851, 425425.0
700, 73.257742, 663.344034, 37.753215, 206.693070, 2799, 417496.0
701, 73.613111, 663.845218, 37.914353, 190.636059, 2797, 417804.0
702, 72.117804, 662.374820, 38.421501, 177.656823, 2801, 417033.0
703, 68.721290, 662.920361, 37.865251, 179.897258, 2879, 430752.0
704, 72.982486, 663.393587, 37.818147, 209.769609, 2744, 409564.0
705, 70.592704, 662.092930, 37.610048, 176.243403, 2900, 441408.0
706, 69.649150, 664.641764, 36.186065, 191.479081, 2888, 430461.0
707, 71.152855, 663.181903, 38.049565, 217.812384, 2701, 409237.0
708, 70.469646, 662.835853, 37.303664, 173.371455, 2873, 430413.0
709, 69.760382, 663.678785, 36.293458, 198.213365, 2886, 431891.0
710, 67.619045, 663.517249, 37.853440, 179.009964, 2869, 430041.0
711, 69.899452, 663.267460, 37.104511, 193.894498, 2880, 429988.0
712, 70.296362, 664.108540, 37.884189, 187.835767, 2880, 427974.0
713, 69.764726, 664.190929, 36.823698, 174.724917, 2936, 436209.0
714, 69.875247, 663.115389, 37.762502, 193.350852, 2841, 433301.0
715, 73.223024, 663.885664, 37.136262, 218.365623, 2764, 410900.0
716, 70.918848, 664.430317, 36.978699, 193.049997, 2821, 424350.0
717, 69.608846, 662.788966, 39.291053, 176.707396, 2858, 426364.0
718, 68.331655, 663.449270, 36.626595, 187.277270, 2883, 440596.0
719, 67.427878, 662.461406, 37.901667, 194.339551, 2841, 434948.0
720, 68.979834, 663.601033, 36.834179, 175.465506, 2867, 426612.0
721, 71.600438, 663.731865, 37.202428, 203.050822, 2766, 418086.0
722, 70.346880, 663.484803, 37.615718, 206.004461, 2824, 431071.0
723, 70.954991, 662.842235, 38.056232, 191.356692, 2870, 428402.0
724, 68.661245, 663.587538, 36.509975, 180.310148, 2925, 443355.0
725, 67.174966, 662.125762, 38.218181, 186.486884, 2863, 432973.0
726, 69.088073, 662.498158, 36.991985, 184.724605, 2938, 438415.0
727, 67.642065, 662.732277, 36.953688, 168.095765, 2914, 434910.0
728, 69.364489, 663.395903, 37.855776, 175.849446, 2921, 436656.0
729, 69.646666, 664.551268, 37.607253, 167.772881, 2911, 434494.0
730, 71.652792, 662.915309, 37.251615, 199.284690, 2779, 414704.0
731, 70.997350, 663.106384, 36.809561, 194.249019, 2770, 411885.0
732, 72.044820, 662.896886, 37.900717, 180.320069, 2772, 412681.0
733, 69.080692, 662.512576, 36.624029, 175.717547, 2918, 434903.0
734, 72.909420, 664.433707, 36.283596, 208.615946, 2667, 394641.0
735, 69.001067, 662.675181, 38.301836, 169.624518, 2952, 440474.0
736, 67.759724, 663.303142, 38.547271, 157.566339, 2944, 439312.0
737, 69.857887, 663.642592, 37.752527, 188.631106, 2869, 431645.0
738, 67.441004, 664.107201, 36.419263, 170.329373, 2927, 443829.0
739, 69.450714, 664.080563, 37.001325, 204.934238, 2870, 426948.0
740, 67.337696, 664.294900, 36.964612, 167.538829, 2889, 431469.0
741, 69.844388, 664.505871, 36.404125, 186.894390, 2852, 425413.0
742, 67.344455, 663.685404, 38.018351, 153.425789, 2920, 439026.0
743, 70.308851, 663.872708, 36.819780, 184.087402, 2882, 435004.0
744, 70.449634, 663.537648, 37.062151, 187.128083, 2884, 429662.0
745, 69.138765, 662.487111, 37.520592, 164.339133, 2956, 441026.0
746, 70.279498, 663.240890, 37.350150, 184.293634, 2894, 430990.0
747, 69.506118, 664.119023, 36.927696, 181.757441, 2890, 429970.0
748, 68.564917, 663.481510, 37.930148, 167.950873, 2907, 433851.0
749, 68.278775, 662.795541, 38.062402, 156.360359, 2897, 432278.0
750, 68.812020, 663.188898, 37.797294, 171.313562, 2950, 440152.0
751, 68.952362, 663.451436, 38.495897, 172.697942, 2939, 438511.0
752, 67.464900, 663.390839, 37.339995, 160.129409, 2907, 434021.0
753, 69.057590, 663.905175, 36.551285, 167.189851, 2904, 432647.0
754, 66.993339, 661.780083, 37.769562, 167.812571, 2873, 428698.0
755, 67.354423, 662.916016, 37.900558, 157.696152, 2893, 431935.0
756, 68.112721, 661.925932, 37.479034, 170.179762, 2927, 437325.0
757, 68.273065, 663.241295, 37.399156, 177.802314, 2896, 431949.0
758, 68.167846, 665.336626, 35.941475, 163.005579, 2900, 432847.0
759, 67.121314, 664.490118, 36.199457, 168.803410, 2899, 431239.0
760, 69.135906, 664.391851, 36.729399, 185.330120, 2924, 437788.0
761, 67.801297, 663.247162, 37.210319, 168.505248, 2919, 439508.0
762, 70.237563, 664.115284, 36.631217, 181.617840, 2924, 435886.0
763, 71.967910, 663.882258, 37.475102, 191.616666, 2787, 414123.0
764, 69.300347, 662.856943, 37.981178, 159.597239, 2943, 440205.0
765, 71.459894, 665.237211, 36.813676, 189.527640, 2778, 413807.0
766, 70.122084, 662.327020, 38.217899, 175.047884, 2883, 431255.0
767, 70.470957, 663.792772, 37.367330, 192.291435, 2888, 430585.0
768, 68.911519, 663.629487, 37.554709, 165.396896, 2910, 434968.0
769, 70.502167, 662.987179, 36.894846, 200.632080, 2794, 415701.0
770, 68.730455, 663.270231, 37.467892, 185.423063, 2875, 429363.0
771, 68.542110, 663.455392, 36.963477, 168.149545, 2901, 461978.0
772, 68.692629, 663.302188, 38.704291, 181.217146, 2905, 439140.0
773, 71.971773, 664.114749, 36.120693, 198.658416, 2764, 411991.0
774, 70.566736, 662.647099, 37.871755, 185.506623, 2887, 436118.0
775, 68.196657, 662.140112, 38.483414, 170.696157, 2913, 441362.0
776, 70.032008, 664.538537, 37.929261, 169.952095, 2923, 438252.0
777, 70.563376, 661.669715, 37.896928, 201.494472, 2811, 418843.0
778, 69.114534, 662.998810, 37.074312, 170.784383, 2909, 432984.0
779, 71.614386, 663.773513, 37.194145, 186.284564, 2775, 412047.0
780, 69.379798, 662.643579, 37.301712, 169.102809, 2954, 440523.0
781, 71.090004, 663.178297, 37.422323, 198.655173, 2890, 430078.0
782, 71.601981, 663.384905, 37.330724, 164.192088, 2819, 418376.0
783, 71.597064, 663.792993, 36.903988, 198.654937, 2797, 420854.0
784, 67.795333, 662.588789, 38.733058, 165.554789, 2926, 464483.0
785, 68.157011, 663.421099, 36.081663, 182.611009, 2899, 431560.0
786, 68.007894, 663.017137, 36.432366, 159.631536, 2941, 438723.0
787, 71.215790, 662.961038, 37.417424, 194.854233, 2724, 404455.0
788, 68.487369, 664.081450, 37.669995, 172.976673, 2914, 437394.0
789, 68.877463, 662.994494, 36.769327, 168.082245, 2944, 438698.0
790, 68.314034, 664.021640, 38.631954, 160.016693, 2936, 438748.0
791, 67.573725, 663.748829, 36.414552, 165.664138, 2894, 430880.0
792, 69.087840, 662.756440, 37.099020, 179.481122, 2897, 432755.0
793, 68.939396, 662.493144, 37.227622, 169.118037, 2860, 426609.0
794, 66.535652, 663.364994, 37.437363, 153.177102, 2897, 432065.0
795, 69.422927, 662.417777, 38.834649, 190.383261, 2888, 430779.0
796, 71.025851, 662.820860, 38.071054, 193.421524, 2864, 426452.0
797, 68.996354, 663.488992, 37.998577, 159.777632, 2941, 439123.0
798, 67.562408, 662.655090, 38.041401, 160.331419, 2923, 436179.0
799, 69.604483, 664.361868, 37.522539, 171.788545, 2933, 437067.0
800, 68.569358, 663.720983, 35.657471, 181.869911, 2911, 434951.0
801, 69.054581, 663.293774, 38.328873, 156.505611, 2935, 439320.0
802, 66.451868, 662.269653, 36.529138, 164.639809, 2902, 432483.0
803, 72.349166, 664.331233, 37.191468, 208.004108, 2787, 414026.0
804, 71.041643, 664.290813, 36.315639, 199.371187, 2827, 420405.0
805, 71.367606, 662.535609, 37.178132, 189.009778, 2888, 430622.0
806, 68.410655, 663.064850, 37.097653, 188.113828, 2837, 429226.0
807, 69.891328, 663.991446, 36.000398, 195.625262, 2865, 451012.0
808, 70.195281, 664.090744, 37.327072, 171.538323, 2910, 434615.0
809, 70.214384, 663.840073, 36.849168, 186.359898, 2877, 428519.0
810, 67.066022, 662.914889, 37.998066, 165.335275, 2895, 433464.0
811, 68.834373, 664.006594, 37.839941, 165.695533, 2885, 433763.0
812, 69.006678, 662.313539, 37.501145, 165.698048, 2947, 441381.0
813, 70.872505, 663.324459, 37.365954, 184.811979, 2831, 421928.0
814, 68.985843, 662.708064, 37.227592, 189.227793, 2847, 423226.0
815, 69.070052, 663.690921, 37.452044, 191.321706, 2887, 429848.0
816, 69.332808, 664.427599, 37.561997, 173.230975, 2872, 427762.0
817, 71.849058, 663.733583, 38.427790, 200.011188, 2737, 404870.0
818, 67.130195, 662.693601, 37.456550, 176.193865, 2845, 424142.0
819, 69.812214, 663.857728, 36.944423, 179.208693, 2879, 429141.0
820, 69.597560, 663.186268, 37.355043, 179.539950, 2928, 436096.0
821, 70.063513, 663.121126, 37.996187, 184.774533, 2899, 432189.0
822, 70.843079, 663.402516, 37.364771, 185.687075, 2873, 427906.0
823, 71.042008, 663.780704, 37.956819, 186.670682, 2862, 426411.0
824, 69.583387, 662.060652, 38.350734, 199.795372, 2829, 420914.0
825, 70.005420, 662.202932, 38.029396, 200.150797, 2860, 425715.0
826, 67.735272, 662.444806, 38.627791, 171.052429, 2931, 436689.0
827, 67.555952, 663.563878, 36.659732, 175.003370, 2875, 428080.0
828, 66.627531, 661.122247, 37.896977, 162.927322, 2882, 429593.0
829, 68.653884, 662.608345, 36.718184, 181.348710, 2914, 433828.0
830, 68.977275, 662.363681, 38.978649, 149.172244, 2924, 449555.0
831, 67.898487, 662.616713, 38.450518, 168.264594, 2940, 439070.0
832, 68.999940, 662.560542, 37.195318, 197.823263, 2939, 438504.0
833, 70.592304, 663.172624, 38.214509, 194.024912, 2893, 434744.0
834, 68.533876, 663.744106, 37.312228, 179.911428, 2919, 453052.0
835, 68.267922, 662.540179, 36.343842, 184.635488, 2866, 456203.0
836, 69.191126, 663.146711, 38.022793, 166.583723, 2931, 438602.0
837, 70.058940, 662.307083, 37.425990, 170.162876, 2863, 427102.0
838, 69.507774, 663.816285, 36.767802, 173.372349, 2938, 439673.0
839, 69.246816, 664.307022, 36.339626, 199.594481, 2859, 425670.0
840, 69.231849, 662.530414, 38.350074, 179.204083, 2935, 438451.0
841, 69.997722, 664.700471, 37.075401, 186.933078, 2857, 425837.0
842, 71.728349, 662.964622, 38.609065, 190.682271, 2803, 416992.0
843, 67.034563, 662.202022, 37.766927, 164.019492, 2868, 426637.0
844, 68.179565, 663.340306, 36.841738, 175.046146, 2864, 426246.0
845, 67.258586, 663.641167, 36.279650, 168.149750, 2869, 427581.0
846, 68.606368, 662.173453, 38.255324, 176.033597, 2920, 436032.0
847, 69.364573, 663.247198, 37.115721, 161.810420, 2951, 442018.0
848, 68.378060, 662.953530, 36.950013, 171.747151, 2921, 435701.0
849, 69.142186, 662.432398, 36.809099, 159.637060, 2930, 437904.0
850, 67.884529, 662.685420, 37.260733, 172.517957, 2872, 429234.0
851, 70.792115, 663.003317, 38.274062, 197.930409, 2878, 428050.0
852, 67.172173, 663.989918, 36.742510, 166.382660, 2909, 437928.0
853, 69.919534, 663.091938, 37.402085, 159.841931, 2920, 456949.0
854, 67.787326, 663.454263, 34.590550, 375.535911, 2720, 408828.0
855, 71.540025, 664.283650, 36.558704, 182.481308, 2828, 422665.0
856, 68.374742, 660.993251, 38.087257, 151.240108, 2931, 440994.0
857, 66.620543, 663.196308, 37.319043, 149.457906, 2894, 437171.0
858, 68.188785, 662.681049, 37.259586, 161.207768, 2950, 443162.0
859, 67.793809, 662.574814, 37.009794, 171.697074, 2885, 436009.0
860, 70.869073, 664.682304, 35.515324, 204.857921, 2776, 417897.0
861, 67.056941, 663.905209, 37.011661, 181.208076, 2888, 430361.0
862, 67.774564, 661.403875, 38.109416, 188.828504, 2877, 432169.0
863, 67.665829, 662.851816, 37.658613, 167.086326, 2925, 439091.0
864, 68.883044, 663.752490, 37.128899, 182.225781, 2900, 434574.0
865, 69.512530, 663.264912, 37.903496, 172.432213, 2941, 446642.0
866, 69.985090, 662.950193, 36.731375, 184.250705, 2850, 427366.0
867, 68.945416, 662.840374, 37.287416, 158.615365, 2953, 443390.0
868, 72.952346, 664.131594, 38.411071, 199.499725, 2781, 418445.0
869, 69.085601, 663.384323, 37.425075, 189.423906, 2853, 428634.0
870, 70.331662, 662.163910, 38.471236, 185.505297, 2884, 434497.0
871, 67.802473, 664.161141, 36.994370, 172.213624, 2884, 432596.0
872, 70.192422, 663.291663, 36.912188, 179.078673, 2877, 429968.0
873, 71.367064, 663.659758, 37.301491, 183.673645, 2789, 421212.0
874, 67.703510, 663.683804, 37.838921, 175.836890, 2913, 438745.0
875, 71.828226, 662.634245, 36.894618, 202.217684, 2752, 408921.0
876, 70.830237, 664.203662, 37.377584, 190.884083, 2816, 429787.0
877, 66.739085, 663.800028, 37.284369, 184.243321, 2918, 435367.0
878, 69.878909, 663.194071, 37.858890, 182.006414, 2882, 438233.0
879, 70.294198, 664.593520, 35.747661, 182.798285, 2838, 421930.0
880, 67.263667, 663.816281, 36.658439, 144.260081, 2905, 435219.0
881, 69.954593, 663.801109, 36.135287, 174.060981, 2836, 423205.0
882, 69.134546, 663.997272, 37.487874, 165.439202, 2943, 439459.0
883, 70.277268, 663.938744, 36.711717, 175.474673, 2930, 468717.0
884, 67.959264, 663.624068, 36.082718, 172.859811, 2886, 431408.0
885, 69.901745, 661.692727, 37.893798, 172.217170, 2867, 434108.0
886, 70.457681, 662.673176, 37.401209, 197.310354, 2786, 416840.0
887, 69.767413, 663.142054, 37.542059, 154.102038, 2894, 433509.0
888, 69.440878, 662.640717, 37.660377, 178.519101, 2915, 434423.0
889, 68.145862, 663.590307, 36.333104, 151.283786, 2943, 438966.0
890, 69.889027, 662.300266, 37.671261, 164.066669, 2920, 435774.0
891, 69.394938, 664.139022, 35.972258, 183.921350, 2922, 436617.0
892, 71.365819, 663.087238, 38.514765, 194.674966, 2883, 430034.0
893, 70.229096, 664.035206, 37.392625, 179.956108, 2872, 431567.0
894, 68.552113, 661.716167, 37.999137, 179.889500, 2930, 437453.0
895, 69.051454, 662.849989, 38.133672, 170.019811, 2915, 434765.0
896, 71.131290, 663.215156, 37.464598, 194.781605, 2799, 416625.0
897, 67.254308, 661.902459, 37.307008, 178.619141, 2866, 426294.0
898, 71.136714, 663.440870, 36.517850, 163.146682, 2802, 416597.0
899, 67.563416, 663.540241, 37.531552, 183.044116, 2915, 434101.0
900, 66.410953, 662.607489, 37.429008, 166.090936, 2834, 421855.0
901, 69.312473, 661.362373, 38.358268, 166.869737, 2859, 426680.0
902, 67.994158, 662.438578, 37.942133, 162.254761, 2889, 430383.0
903, 69.503870, 663.717821, 37.750603, 159.796576, 2942, 439080.0
904, 71.386794, 662.803820, 38.315241, 178.081611, 2839, 423795.0
905, 68.125780, 662.657183, 36.400883, 176.010384, 2801, 418671.0
906, 71.908981, 664.383056, 37.247987, 193.288828, 2769, 409814.0
907, 70.188441, 662.261037, 38.226865, 155.992215, 2856, 425717.0
908, 65.609755, 663.392575, 37.770819, 151.484778, 2881, 429040.0
909, 69.282581, 661.747067, 38.720162, 171.188412, 2958, 441891.0
910, 68.433323, 663.029658, 38.786192, 151.260183, 2911, 434019.0
911, 69.629587, 663.266718, 37.547407, 168.839094, 2879, 429317.0
912, 68.779697, 662.300846, 37.981338, 167.996721, 2925, 436196.0
913, 71.557802, 664.427007, 37.260105, 198.932775, 2784, 413677.0
914, 70.117336, 662.496144, 38.041849, 165.772686, 2902, 433000.0
915, 71.864348, 662.503104, 37.781962, 202.113908, 2803, 415848.0
916, 68.608469, 662.515610, 37.793548, 151.813599, 2931, 437285.0
917, 72.229767, 663.923623, 37.303278, 192.602052, 2801, 416071.0
918, 70.878366, 663.423458, 37.824199, 185.781583, 2885, 429631.0
919, 68.148058, 662.241358, 36.931518, 160.033005, 2930, 436595.0
920, 69.709942, 663.496939, 37.146151, 193.525280, 2804, 418417.0
921, 67.775674, 661.627122, 38.050182, 159.801559, 2872, 428397.0
922, 68.523775, 662.817824, 37.420437, 162.103987, 2915, 437891.0
923, 68.614691, 664.090374, 36.923013, 170.470993, 2900, 442134.0
924, 71.294382, 663.792542, 37.043794, 197.397702, 2773, 414978.0
925, 72.557712, 662.791224, 37.062901, 185.903028, 2761, 418458.0
926, 65.610149, 663.806802, 36.377327, 191.974926, 2771, 412146.0
927, 70.284714, 664.263282, 36.258291, 183.731130, 2902, 431798.0
928, 70.180039, 663.851428, 36.805797, 177.455652, 2864, 426227.0
929, 69.029683, 663.202908, 36.584235, 162.861473, 2945, 439410.0
930, 68.643419, 663.108505, 37.344556, 174.745244, 2910, 432957.0
931, 70.070172, 663.754120, 36.943020, 184.220255, 2873, 426999.0
932, 66.802413, 663.625713, 37.319964, 189.768941, 2895, 430743.0
933, 69.735179, 662.488778, 37.899282, 168.535780, 2854, 424438.0
934, 66.404784, 662.703551, 38.358584, 160.220269, 2886, 430706.0
935, 70.144408, 662.901527, 38.340329, 174.975699, 2862, 427034.0
936, 68.737166, 661.979150, 38.530720, 158.747787, 2928, 437171.0
937, 71.609308, 664.919493, 35.648971, 205.121705, 2744, 406963.0
938, 72.979303, 664.065440, 36.407795, 208.368796, 2718, 403025.0
939, 69.734479, 662.741767, 37.900715, 185.849437, 2886, 430127.0
940, 69.168128, 664.409037, 37.084986, 176.216237, 2883, 429606.0
941, 69.917294, 663.374899, 37.088227, 180.406446, 2911, 433964.0
942, 69.325581, 664.238654, 36.579337, 178.412642, 2901, 431538.0
943, 70.552970, 663.049268, 36.672164, 196.048850, 2785, 414234.0
944, 68.072274, 662.965744, 37.330438, 183.203334, 2905, 432751.0
945, 69.928863, 662.338996, 38.757899, 170.821760, 2924, 436964.0
946, 70.020158, 662.660865, 37.253394, 165.552005, 2907, 446108.0
947, 69.120408, 663.336860, 38.351969, 145.921465, 2944, 440522.0
948, 71.393279, 662.159199, 37.449519, 212.060789, 2728, 406280.0
949, 70.023659, 664.885661, 35.939383, 168.970214, 2907, 433219.0
950, 73.614814, 664.495094, 37.131027, 198.813349, 2768, 411786.0
951, 68.115542, 663.851265, 36.675306, 191.393107, 2859, 427209.0
952, 67.782370, 661.294992, 37.973380, 176.045669, 2871, 429105.0
953, 69.442416, 662.545662, 37.845774, 180.283794, 2841, 423874.0
954, 70.275283, 662.599293, 37.679067, 194.313769, 2826, 422208.0
955, 69.765493, 663.167024, 37.749557, 176.028017, 2900, 433668.0
956, 71.678801, 664.029259, 35.575194, 196.244153, 2760, 420752.0
957, 68.934095, 663.384564, 36.568251, 174.401208, 2926, 437022.0
958, 69.531741, 663.068931, 37.202721, 155.121598, 2939, 445039.0
959, 68.747453, 662.792497, 38.600321, 172.302072, 2924, 445666.0
960, 68.458871, 663.533811, 36.853969, 158.747576, 2903, 433181.0
961, 68.786775, 662.474105, 38.127179, 160.357747, 2916, 435677.0
962, 68.392248, 662.400971, 37.224425, 185.086381, 2893, 431874.0
963, 68.460684, 663.716559, 36.858859, 172.166446, 2911, 434109.0
964, 71.115299, 662.168505, 37.899924, 176.034145, 2921, 435821.0
965, 68.036396, 662.047277, 37.885567, 152.022055, 2939, 444641.0
966, 69.087674, 663.526112, 37.243608, 160.329108, 2938, 438484.0
967, 70.215661, 664.006731, 36.920719, 165.172751, 2914, 434737.0
968, 68.299821, 662.931941, 37.429418, 154.518301, 2943, 438416.0
969, 69.109555, 663.906608, 37.563050, 162.389116, 2940, 437757.0
970, 68.730298, 663.140840, 36.844205, 167.781130, 2906, 432593.0
971, 69.885712, 664.338360, 37.148457, 153.809331, 2917, 435029.0
972, 67.838716, 663.774030, 38.164729, 143.931528, 2941, 438240.0
973, 68.677966, 662.547119, 39.026001, 155.719723, 2946, 439924.0
974, 70.464836, 662.577623, 38.008098, 196.651283, 2885, 429724.0
975, 70.697541, 663.221536, 37.806111, 182.325272, 2880, 429011.0
976, 66.322704, 663.415491, 37.165679, 142.696968, 2905, 432782.0
977, 71.701250, 663.094459, 37.673474, 184.533024, 2803, 416363.0
978, 67.991189, 663.309133, 38.057852, 150.912127, 2958, 441203.0
979, 68.978449, 663.320853, 36.817125, 178.793756, 2913, 435277.0
980, 73.245469, 663.907582, 36.737196, 204.726108, 2754, 408828.0
981, 68.526733, 662.324728, 38.243752, 168.600979, 2926, 436106.0
982, 70.484670, 664.784974, 36.655909, 175.340352, 2865, 426807.0
983, 69.782401, 663.375123, 38.278016, 183.136008, 2806, 417635.0
984, 70.683292, 662.525229, 37.438692, 171.859744, 2885, 429345.0
985, 69.773375, 663.381742, 36.572117, 181.324965, 2918, 434397.0
986, 69.328709, 663.943158, 37.182213, 166.366219, 2917, 434783.0
987, 70.079316, 663.363571, 38.027550, 171.796796, 2858, 425268.0
988, 67.590153, 662.903138, 38.553818, 155.779933, 2931, 437246.0
989, 68.308440, 664.379005, 36.901985, 195.547533, 2887, 430143.0
990, 69.058214, 663.018509, 37.929773, 170.774778, 2906, 433217.0
991, 71.010972, 663.833307, 36.834306, 164.280309, 2894, 431419.0
992, 68.028519, 664.278497, 36.752090, 170.424473, 2909, 454043.0
993, 69.899067, 664.230189, 37.593706, 178.164791, 2908, 435385.0
994, 71.357583, 662.621149, 38.068665, 172.830308, 2865, 427807.0
995, 67.609849, 662.844387, 36.835257, 162.229529, 2892, 431967.0
996, 70.901769, 663.620478, 37.216999, 175.584347, 2886, 431792.0
997, 69.515262, 662.672780, 37.514979, 179.597450, 2843, 425513.0
998, 69.585654, 663.345588, 37.426780, 180.119672, 2887, 432784.0
999, 70.848174, 662.755974, 38.512816, 184.843708, 2847, 425394.0
