#idx, x0, x1, x2, y, f_neval, total_time (us), 
0, 70.831191, 664.022569, 36.668754, 176.625199, 2085, 318813.0
1, 72.134859, 664.388937, 37.341939, 205.415245, 2011, 305889.0
2, 72.451007, 663.343011, 36.496453, 199.816693, 2018, 307586.0
3, 69.745998, 663.964063, 36.285182, 205.017005, 2079, 318936.0
4, 72.600251, 663.317944, 36.114441, 219.707409, 2000, 303379.0
5, 70.936947, 662.787796, 36.305805, 210.334344, 2028, 309033.0
6, 71.541480, 662.771394, 39.432779, 198.168812, 2041, 312016.0
7, 73.925976, 662.044376, 37.117275, 210.831259, 2011, 302215.0
8, 71.860016, 665.031496, 36.823709, 204.700709, 2013, 307703.0
9, 72.090743, 663.323367, 36.695916, 220.611462, 1999, 334044.0
10, 75.618187, 664.028830, 37.511084, 232.633413, 1979, 300977.0
11, 72.520961, 663.447488, 36.518376, 197.888098, 2002, 307202.0
12, 71.316747, 663.858908, 37.768012, 185.975583, 2055, 310062.0
13, 72.495173, 664.088584, 37.249722, 234.466403, 1990, 300496.0
14, 71.938776, 661.830799, 37.292576, 214.565692, 2025, 301755.0
15, 69.835300, 665.274930, 37.092080, 177.400775, 2122, 319983.0
16, 70.028271, 663.921736, 38.666121, 176.306162, 2113, 323281.0
17, 71.818099, 664.805439, 35.137586, 195.043723, 2011, 302021.0
18, 69.336703, 662.014636, 36.373852, 205.538273, 2110, 317872.0
19, 74.507647, 663.088739, 37.065045, 231.980152, 1987, 298345.0
20, 72.373367, 663.772263, 38.460160, 205.787227, 2021, 306684.0
21, 72.877049, 663.405691, 36.628300, 186.227757, 2024, 304852.0
22, 69.830622, 663.032624, 36.991512, 186.822712, 2126, 322048.0
23, 73.695023, 662.135002, 37.356412, 218.908466, 2002, 302386.0
24, 72.613231, 662.002419, 37.869594, 217.652919, 1976, 297869.0
25, 70.978570, 663.444055, 39.810125, 197.388808, 2066, 311709.0
26, 74.586851, 664.486425, 37.233035, 223.193042, 1985, 301074.0
27, 70.762135, 663.704629, 36.912474, 185.557074, 2083, 313778.0
28, 71.141340, 663.289315, 37.855920, 187.286877, 2089, 314914.0
29, 72.043151, 664.128771, 37.654227, 199.028547, 1993, 299479.0
30, 70.102776, 662.996866, 37.048317, 176.590062, 2096, 316606.0
31, 69.410618, 664.341658, 37.926109, 200.622662, 2095, 315946.0
32, 70.102776, 662.996866, 37.048317, 183.508216, 2080, 314995.0
33, 70.765700, 661.639741, 38.030260, 177.153212, 2041, 307226.0
34, 69.997212, 663.141028, 38.108873, 182.472748, 2083, 313694.0
35, 73.355836, 662.735255, 38.229189, 213.031392, 2010, 301872.0
36, 71.984392, 662.984355, 39.061282, 192.192149, 2012, 304726.0
37, 68.480614, 662.046704, 38.333639, 179.774298, 2122, 319557.0
38, 70.523145, 663.143748, 36.518164, 203.940392, 2065, 323186.0
39, 68.667153, 660.946246, 37.993834, 167.071978, 2122, 319374.0
40, 71.280611, 664.315108, 37.272248, 191.429842, 2018, 302438.0
41, 71.629263, 663.892494, 36.712322, 181.650027, 2039, 307652.0
42, 68.813363, 661.829981, 38.088200, 186.203561, 2128, 322054.0
43, 72.826031, 662.493340, 37.071513, 207.000106, 2022, 303365.0
44, 70.745835, 663.321809, 38.124688, 169.915311, 2049, 307448.0
45, 68.524271, 663.882946, 39.507069, 191.471293, 2104, 316508.0
46, 69.543233, 664.675636, 36.073183, 198.529114, 2115, 380233.0
47, 71.086134, 664.827937, 36.651688, 193.612730, 2033, 350324.0
48, 68.889557, 662.582987, 38.201197, 187.875269, 2089, 325629.0
49, 71.428117, 664.204203, 36.572192, 186.747573, 2038, 367657.0
50, 72.216895, 664.244032, 36.470511, 183.504795, 2014, 344944.0
51, 73.279294, 664.305711, 37.956611, 199.427375, 2015, 325993.0
52, 66.340102, 664.459155, 36.530019, 165.184136, 2122, 347050.0
53, 70.596864, 662.946500, 37.098437, 222.402694, 1995, 304488.0
54, 71.316747, 663.858908, 37.768012, 203.498461, 2020, 311727.0
55, 68.428712, 664.527927, 37.263758, 169.202668, 2138, 365514.0
56, 70.451617, 664.303251, 38.158581, 192.620336, 2077, 360914.0
57, 67.639560, 662.761240, 38.052396, 174.058406, 2104, 364805.0
58, 70.380818, 662.435427, 37.076373, 187.329032, 2085, 366830.0
59, 69.440133, 664.027479, 36.439287, 174.706297, 2113, 460049.0
60, 72.166940, 664.017948, 37.500492, 190.367733, 2030, 311509.0
61, 68.077252, 664.276656, 37.365810, 154.181641, 2120, 372594.0
62, 68.284134, 663.097265, 37.419134, 163.248002, 2128, 329378.0
63, 67.956135, 664.128145, 36.900100, 180.269270, 2114, 331836.0
64, 70.708046, 663.570978, 36.772268, 189.682104, 2088, 323789.0
65, 67.415471, 662.866835, 36.654965, 181.161438, 2127, 335869.0
66, 67.867419, 663.021016, 38.214938, 171.608189, 2126, 341311.0
67, 73.010132, 662.961495, 36.624147, 214.338318, 1989, 326673.0
68, 66.924819, 662.668862, 36.618515, 183.978812, 2119, 330267.0
69, 69.752774, 662.593869, 37.557416, 207.713053, 2073, 324386.0
70, 68.487369, 664.081450, 37.669995, 165.958049, 2128, 349143.0
71, 70.169169, 664.133223, 36.736707, 192.139135, 2125, 345206.0
72, 71.191129, 664.048077, 37.340159, 200.170550, 2020, 321029.0
73, 65.385312, 662.674391, 38.583170, 183.497642, 2114, 331411.0
74, 70.149736, 662.924877, 36.916632, 175.442908, 2106, 340378.0
75, 69.854271, 662.703801, 37.567784, 185.772867, 2116, 324341.0
76, 67.442689, 663.213972, 35.420997, 185.533595, 2092, 344482.0
77, 66.729098, 663.642196, 37.335773, 164.325569, 2129, 353363.0
78, 69.353665, 664.092547, 36.886744, 181.457015, 2119, 323973.0
79, 70.683379, 662.893876, 38.357474, 204.251023, 2060, 333338.0
80, 66.974814, 664.574515, 37.377284, 168.960239, 2120, 334454.0
81, 67.866394, 663.577526, 37.032233, 162.010882, 2129, 355695.0
82, 68.246215, 664.286168, 36.491408, 159.597269, 2138, 347246.0
83, 71.225629, 664.919967, 36.524707, 190.158616, 2094, 338503.0
84, 67.710109, 663.157272, 37.548275, 178.254172, 2122, 325280.0
85, 70.332333, 665.073870, 35.498065, 204.881989, 2047, 342036.0
86, 67.711441, 662.753599, 39.024190, 174.281146, 2119, 330419.0
87, 67.273161, 662.465185, 36.677627, 171.046223, 2100, 319691.0
88, 67.652851, 662.584750, 36.951455, 174.199231, 2113, 336062.0
89, 68.370396, 664.721139, 36.533224, 157.056821, 2133, 343975.0
90, 72.123740, 663.914368, 35.375004, 214.666031, 2006, 313040.0
91, 67.781601, 661.762675, 38.839277, 177.040200, 2101, 344707.0
92, 68.198847, 661.790125, 38.096820, 187.247349, 2123, 340041.0
93, 67.131706, 663.451186, 37.145201, 193.858737, 2114, 321385.0
94, 70.424113, 663.574139, 36.375462, 172.097705, 2119, 325844.0
95, 69.886008, 662.485334, 38.182194, 167.070065, 2121, 343088.0
96, 68.435556, 664.270595, 36.174173, 172.465179, 2134, 357697.0
97, 70.056100, 664.603386, 36.055323, 175.679446, 2137, 332158.0
98, 70.021899, 662.903182, 37.006757, 164.465182, 2131, 336842.0
99, 68.746748, 664.487577, 38.069983, 181.456861, 2106, 325181.0
100, 65.928693, 662.573649, 36.947027, 170.422639, 2119, 348330.0
101, 70.226604, 662.793273, 36.732609, 202.831697, 2072, 327704.0
102, 66.951719, 663.382208, 38.083530, 162.506740, 2123, 324207.0
103, 68.347670, 663.997083, 39.028520, 174.969333, 2143, 328530.0
104, 70.042505, 664.128433, 36.115363, 181.123138, 2127, 353756.0
105, 67.941663, 663.077895, 37.710202, 188.426648, 2100, 356530.0
106, 71.935317, 664.072177, 36.319327, 195.998615, 2043, 330134.0
107, 71.091548, 663.286338, 38.470280, 181.450435, 2081, 327983.0
108, 68.487369, 664.081450, 37.669995, 188.334412, 2106, 372189.0
109, 69.797210, 663.101283, 37.117914, 178.337083, 2120, 361086.0
110, 69.080762, 664.612333, 38.047426, 177.773007, 2123, 334573.0
111, 69.337411, 664.503140, 37.946819, 184.251815, 2094, 344758.0
112, 69.246703, 662.205327, 38.263969, 189.920551, 2084, 341720.0
113, 69.158435, 664.047968, 38.448169, 162.291142, 2126, 345391.0
114, 71.884438, 664.059489, 37.067025, 198.544260, 2028, 340811.0
115, 67.521871, 662.587024, 38.290729, 168.973234, 2127, 356768.0
116, 72.292575, 664.092099, 36.353479, 223.681058, 1994, 308106.0
117, 70.024992, 664.421172, 37.237669, 217.386687, 2053, 327960.0
118, 68.460657, 663.004956, 38.504444, 193.869149, 2134, 337831.0
119, 65.873686, 662.744806, 38.556355, 151.026101, 2126, 323473.0
120, 66.798449, 662.831921, 37.856346, 158.349711, 2132, 325995.0
121, 66.976221, 663.093431, 35.675158, 178.685427, 2097, 325464.0
122, 71.377459, 662.325207, 37.824495, 205.232695, 2003, 309134.0
123, 70.073422, 662.993443, 37.067044, 177.876142, 2115, 322627.0
124, 70.157680, 663.527524, 37.655899, 163.160300, 2082, 317816.0
125, 67.762088, 662.031207, 38.788645, 185.275971, 2118, 360373.0
126, 69.071282, 662.534014, 38.185382, 181.152329, 2126, 339000.0
127, 66.467193, 663.358757, 36.895321, 171.787223, 2128, 349442.0
128, 70.696979, 664.974351, 36.760508, 192.258737, 2082, 349376.0
129, 69.628152, 663.509779, 36.847648, 184.589743, 2093, 366626.0
130, 69.450021, 664.986478, 36.394127, 175.879022, 2123, 379171.0
131, 71.069170, 663.028296, 39.426742, 199.842825, 2035, 365757.0
132, 71.582777, 662.056390, 38.956824, 193.205465, 2040, 363834.0
133, 68.810911, 663.083484, 36.283369, 159.736335, 2133, 380952.0
134, 69.444491, 663.720360, 34.895255, 198.824973, 2128, 352122.0
135, 71.736597, 664.071700, 36.745050, 216.059845, 2017, 349771.0
136, 71.835254, 661.890777, 37.407385, 202.776804, 2031, 365718.0
137, 69.571945, 663.768337, 36.657095, 179.182442, 2107, 376431.0
138, 69.001600, 661.878059, 36.754207, 166.305417, 2122, 377655.0
139, 71.048962, 663.503673, 37.808098, 199.410512, 2041, 386555.0
140, 68.873607, 665.857969, 35.778555, 185.239240, 2133, 383673.0
141, 70.642153, 663.133130, 35.755085, 183.627417, 2107, 388075.0
142, 71.017856, 663.149650, 37.486144, 183.284410, 2073, 381334.0
143, 69.270084, 663.271234, 36.744059, 178.684577, 2100, 377496.0
144, 73.865395, 662.949557, 37.437744, 203.874737, 2011, 351138.0
145, 69.237764, 665.221509, 35.635939, 188.344296, 2144, 370655.0
146, 68.376194, 664.521959, 36.634403, 170.506791, 2120, 357920.0
147, 73.764713, 664.331870, 37.188494, 217.756742, 2004, 339285.0
148, 68.616428, 664.167208, 36.638877, 179.912599, 2117, 389896.0
149, 73.276556, 662.974834, 36.763268, 206.716620, 2031, 359175.0
150, 66.578633, 663.297259, 37.011030, 191.631518, 2096, 360931.0
151, 71.318536, 661.933625, 37.380954, 212.219941, 2044, 336559.0
152, 72.588016, 663.653943, 37.642670, 203.826716, 2008, 319050.0
153, 70.596366, 663.269749, 37.243153, 189.178945, 2096, 325045.0
154, 69.175167, 664.511061, 38.041248, 163.070595, 2115, 326840.0
155, 70.192149, 664.285651, 38.351495, 176.114910, 2106, 345146.0
156, 66.795345, 663.237783, 37.052992, 180.802275, 2097, 361787.0
157, 67.795492, 661.625946, 38.799836, 187.876695, 2104, 374238.0
158, 72.533265, 661.923754, 38.433768, 211.141621, 2027, 369082.0
159, 69.246703, 662.205327, 38.263969, 171.933533, 2112, 351408.0
160, 72.959166, 662.257147, 37.614359, 195.125823, 1988, 348860.0
161, 73.131546, 664.628514, 37.536557, 214.754318, 1997, 318305.0
162, 72.213218, 661.869556, 37.131172, 187.752478, 2028, 377583.0
163, 71.381063, 663.951190, 37.206582, 201.277401, 2032, 364689.0
164, 69.982704, 662.976489, 37.132968, 182.460782, 2116, 334483.0
165, 71.221163, 662.580978, 36.783868, 178.036106, 2052, 325610.0
166, 69.440099, 664.529763, 36.990069, 172.335664, 2117, 347722.0
167, 71.134682, 662.500513, 36.398066, 198.694522, 1972, 331405.0
168, 71.013653, 662.525803, 39.172793, 181.682143, 2089, 339776.0
169, 68.356604, 663.252488, 36.293641, 185.288864, 2098, 321760.0
170, 70.899716, 663.734189, 36.366578, 190.290267, 2081, 337956.0
171, 68.074786, 661.247050, 38.491792, 167.071283, 2139, 351918.0
172, 69.381263, 664.338235, 37.944836, 193.715301, 2060, 342235.0
173, 71.454641, 662.582573, 37.091342, 176.188782, 2042, 356194.0
174, 69.211307, 662.756046, 36.850466, 183.196768, 2094, 332851.0
175, 69.990725, 661.555871, 37.780919, 193.151238, 2069, 343389.0
176, 71.040376, 662.561978, 37.358202, 196.848273, 2078, 356495.0
177, 73.592661, 663.949599, 36.261729, 197.557595, 2003, 335227.0
178, 68.033030, 664.095848, 36.280743, 176.125596, 2116, 369230.0
179, 69.110336, 664.579602, 38.045122, 184.955372, 2136, 357159.0
180, 69.731187, 663.238009, 35.159851, 198.162224, 2107, 369443.0
181, 67.229255, 663.554192, 36.130855, 154.447597, 2131, 396259.0
182, 68.111969, 662.163136, 38.844253, 184.560960, 2137, 391028.0
183, 67.595364, 663.670794, 37.375969, 168.839681, 2131, 374222.0
184, 72.560834, 663.472481, 37.079698, 210.646872, 1975, 357277.0
185, 71.027917, 662.337387, 38.645684, 166.966874, 2103, 364030.0
186, 68.566402, 662.152409, 37.453565, 180.194199, 2104, 369079.0
187, 68.724345, 661.614267, 37.224386, 184.126444, 2090, 326998.0
188, 70.618773, 662.669060, 36.558721, 193.360635, 2078, 361059.0
189, 68.716561, 665.053633, 34.758831, 192.733140, 2102, 350845.0
190, 68.991782, 662.004405, 38.538568, 174.021092, 2105, 337064.0
191, 69.594809, 664.612030, 37.983757, 174.723786, 2117, 349056.0
192, 72.100869, 663.515508, 37.561269, 194.126341, 2005, 343121.0
193, 70.885242, 661.694202, 39.469688, 199.705459, 2040, 371321.0
194, 71.022252, 663.229008, 37.504007, 183.011664, 2048, 379470.0
195, 72.670248, 662.599549, 36.421142, 196.097619, 2036, 361760.0
196, 73.349309, 661.698252, 37.829394, 183.953796, 2012, 346016.0
197, 69.727325, 663.994207, 36.381875, 167.131194, 2110, 353478.0
198, 69.713932, 662.306157, 37.564143, 155.466497, 2132, 367786.0
199, 70.692806, 664.822277, 36.909693, 187.674649, 2066, 333901.0
200, 72.072512, 663.058276, 37.647107, 178.997722, 2057, 352552.0
201, 71.069687, 663.167711, 36.957654, 182.522819, 2072, 349328.0
202, 69.746399, 662.704896, 37.616473, 175.853152, 2126, 327090.0
203, 71.548363, 662.452812, 38.380617, 180.226175, 2056, 321505.0
204, 70.655801, 662.687533, 38.129659, 198.018252, 2081, 319127.0
205, 69.800320, 665.253169, 36.937184, 184.656819, 2081, 350573.0
206, 71.143115, 664.312064, 36.969893, 199.007726, 1999, 353394.0
207, 70.561032, 664.685040, 35.369652, 193.044059, 2067, 323806.0
208, 70.267688, 663.364856, 35.919319, 195.753785, 2077, 360797.0
209, 72.934926, 664.571907, 36.757710, 205.096338, 2031, 360210.0
210, 74.225151, 664.509971, 36.894069, 237.090084, 1977, 329727.0
211, 72.617452, 664.819553, 36.141501, 190.376838, 2014, 327560.0
212, 73.182342, 663.801232, 37.325285, 218.630863, 2008, 342419.0
213, 72.799110, 662.182938, 37.908833, 242.123424, 1977, 338030.0
214, 73.523079, 664.307038, 38.635605, 215.347558, 2013, 347441.0
215, 72.738017, 664.613837, 37.352048, 200.038774, 1998, 345152.0
216, 69.523668, 661.470509, 37.091962, 185.337384, 2125, 368057.0
217, 70.424905, 662.321943, 37.201760, 177.369269, 2108, 353432.0
218, 70.309246, 663.999106, 35.903752, 189.757939, 2080, 333998.0
219, 74.837379, 664.892555, 35.766727, 251.522433, 1973, 318344.0
220, 72.830047, 662.824524, 38.979462, 197.021289, 2015, 348080.0
221, 72.716263, 662.440023, 37.452316, 212.726604, 2005, 347139.0
222, 70.891197, 662.882016, 36.867087, 199.865013, 2038, 341593.0
223, 72.124307, 664.423867, 35.500028, 192.524783, 2031, 333475.0
224, 70.333073, 661.458039, 39.279318, 180.744532, 2094, 323536.0
225, 71.148172, 662.019290, 37.584164, 178.139874, 2078, 346991.0
226, 69.161336, 662.714445, 38.869463, 161.202563, 2095, 356660.0
227, 70.470289, 664.678397, 35.313390, 202.993720, 2112, 360223.0
228, 70.925926, 665.547846, 36.804138, 188.774753, 2069, 360361.0
229, 71.793483, 664.617890, 36.368362, 195.440764, 2006, 339922.0
230, 70.490771, 662.700074, 36.467944, 199.373255, 2077, 346068.0
231, 76.421522, 664.895376, 35.901006, 238.812711, 1983, 353746.0
232, 70.985712, 664.363649, 37.596767, 181.449292, 2052, 334860.0
233, 71.072088, 662.600983, 38.950379, 165.407304, 2088, 357799.0
234, 70.021899, 662.903182, 37.006757, 187.379767, 2095, 358493.0
235, 72.233163, 663.487445, 36.895814, 184.849463, 2029, 329234.0
236, 69.969732, 662.989053, 37.242823, 178.055623, 2109, 351842.0
237, 69.205258, 664.480713, 38.039986, 187.895607, 2130, 354747.0
238, 69.246703, 662.205327, 38.263969, 183.853924, 2068, 376062.0
239, 72.305799, 664.710856, 36.931607, 177.235696, 2026, 355510.0
240, 69.545668, 662.426598, 36.495995, 189.393305, 2136, 365430.0
241, 69.121050, 662.435442, 38.491687, 179.576996, 2116, 409295.0
242, 68.813363, 661.829981, 38.088200, 164.278853, 2140, 381553.0
243, 72.242961, 663.074590, 38.251931, 200.062611, 2027, 366640.0
244, 68.723650, 664.505329, 36.295975, 178.491386, 2132, 360945.0
245, 66.816645, 663.018709, 37.428815, 170.616968, 2110, 367265.0
246, 68.494818, 663.477513, 36.460895, 169.615728, 2125, 365203.0
247, 69.864809, 665.188586, 36.781871, 177.062984, 2113, 343707.0
248, 71.593323, 662.886095, 37.725191, 225.426786, 2043, 350489.0
249, 70.038300, 664.679382, 37.487602, 177.612639, 2110, 356285.0
250, 70.488984, 663.528030, 35.669631, 172.797639, 2067, 323402.0
251, 69.685765, 662.162519, 36.869425, 224.141743, 2073, 475466.0
252, 72.438440, 665.155317, 35.737479, 209.295922, 1982, 455928.0
253, 70.045031, 664.980746, 36.040555, 186.866739, 2131, 487941.0
254, 69.303979, 664.499242, 37.968147, 183.957945, 2129, 421745.0
255, 69.246703, 662.205327, 38.263969, 197.562014, 2047, 355044.0
256, 72.323730, 664.051079, 35.764431, 216.490203, 1971, 391929.0
257, 72.838499, 661.621026, 38.060902, 193.728636, 2007, 440118.0
258, 70.021899, 662.903182, 37.006757, 172.382939, 2117, 479777.0
259, 69.657568, 662.170453, 37.414806, 182.407158, 2115, 421099.0
260, 70.073422, 662.993443, 37.067044, 185.487808, 2129, 320809.0
261, 73.572858, 664.004178, 37.515668, 233.454708, 1982, 300193.0
262, 71.240709, 664.044431, 37.458651, 167.857135, 2047, 309024.0
263, 70.288368, 663.297306, 36.319517, 181.949021, 2109, 317604.0
264, 70.876925, 663.169099, 37.064888, 161.558396, 2108, 323729.0
265, 66.232377, 664.284110, 37.194478, 184.975298, 2119, 321141.0
266, 70.102776, 662.996866, 37.048317, 193.779029, 2078, 313611.0
267, 69.245404, 662.088809, 38.411681, 203.726260, 2058, 311836.0
268, 73.166943, 664.160510, 36.310879, 255.404965, 1998, 303798.0
269, 68.634638, 662.490211, 37.182811, 172.728707, 2142, 319846.0
270, 71.448603, 662.553120, 38.487032, 210.516561, 2019, 301404.0
271, 73.455640, 663.830271, 38.331653, 217.947553, 1991, 296616.0
272, 69.562381, 663.650069, 36.923269, 179.813410, 2080, 310736.0
273, 69.303979, 664.499242, 37.968147, 189.163690, 2100, 320292.0
274, 67.890174, 663.616320, 37.639167, 175.342840, 2131, 318466.0
275, 70.419839, 665.318674, 35.361518, 198.278368, 2094, 312425.0
276, 70.149736, 662.924877, 36.916632, 189.502249, 2113, 315261.0
277, 70.223747, 664.152703, 37.037791, 185.626580, 2109, 317697.0
278, 70.445529, 663.662583, 37.677774, 190.420648, 2053, 307892.0
279, 68.102695, 661.895336, 38.138354, 164.596940, 2119, 320217.0
280, 74.183724, 662.728349, 37.241885, 228.669929, 2001, 299790.0
281, 72.856988, 662.031181, 38.004198, 188.518511, 1996, 303279.0
282, 70.424905, 662.321943, 37.201760, 166.666715, 2112, 316890.0
283, 73.864509, 664.448067, 36.214527, 217.593798, 1968, 294810.0
284, 72.652748, 662.759589, 37.580147, 202.070209, 2001, 301608.0
285, 71.273540, 661.841273, 37.562983, 194.594722, 2046, 306312.0
286, 69.982704, 662.976489, 37.132968, 191.627542, 2133, 318119.0
287, 70.272049, 662.189930, 39.074027, 183.935304, 2104, 314303.0
288, 70.542043, 662.711130, 36.516102, 189.353850, 2093, 312034.0
289, 68.551421, 661.799430, 39.119769, 164.557343, 2119, 316719.0
290, 71.300971, 664.814368, 37.531526, 192.008639, 2067, 308656.0
291, 70.601686, 661.864263, 37.942107, 175.763192, 2099, 313691.0
292, 72.045112, 663.159541, 37.280491, 188.309989, 2021, 321378.0
293, 69.270575, 664.682167, 37.890060, 181.220858, 2129, 404862.0
294, 70.786512, 662.751828, 38.908296, 189.206518, 2097, 407986.0
295, 67.612344, 662.775039, 39.283047, 172.183731, 2139, 319352.0
296, 69.625456, 662.821918, 37.573823, 168.957152, 2126, 317361.0
297, 70.518198, 663.154751, 36.491512, 221.568817, 2055, 306914.0
298, 68.590287, 663.639672, 36.675591, 195.354537, 2118, 316255.0
299, 72.270042, 664.374158, 35.739907, 207.446495, 2002, 298498.0
300, 70.232517, 662.396300, 37.449619, 165.547065, 2103, 315187.0
301, 70.680067, 664.857652, 36.865459, 163.988278, 2113, 316435.0
302, 69.580678, 662.471746, 37.417757, 167.676315, 2134, 319443.0
303, 69.982704, 662.976489, 37.132968, 191.567204, 2109, 315475.0
304, 70.290306, 662.814267, 36.562370, 212.054805, 2055, 306770.0
305, 70.073422, 662.993443, 37.067044, 159.646756, 2130, 318690.0
306, 69.736075, 663.961065, 36.347143, 179.038073, 2116, 316695.0
307, 71.465465, 662.694806, 36.298403, 197.083857, 2018, 300873.0
308, 70.239067, 664.167679, 37.170738, 181.205218, 2128, 318317.0
309, 69.562310, 664.507566, 36.279726, 171.764772, 2128, 318522.0
310, 70.358959, 663.578713, 37.296062, 176.369059, 2092, 329011.0
311, 70.677226, 663.615394, 38.291075, 203.749977, 2046, 336364.0
312, 70.495269, 662.140557, 37.301822, 206.159885, 2076, 310005.0
313, 67.210511, 664.553638, 36.270360, 195.017575, 2088, 311639.0
314, 71.445892, 664.825942, 37.181205, 197.597335, 2044, 304975.0
315, 71.503591, 662.889625, 39.734051, 182.966660, 2026, 338838.0
316, 74.459380, 664.170352, 35.670126, 220.699505, 1991, 417280.0
317, 72.165574, 664.425413, 37.270387, 219.989271, 2005, 299595.0
318, 70.925926, 665.547846, 36.804138, 220.075814, 2058, 307471.0
319, 70.226604, 662.793273, 36.732609, 199.428448, 2074, 310396.0
320, 74.368868, 664.393388, 36.993664, 224.030605, 1988, 321007.0
321, 72.264108, 664.998756, 37.272069, 177.731753, 2016, 336609.0
322, 71.252195, 662.450598, 38.989126, 175.368319, 2096, 315524.0
323, 75.090200, 664.749300, 35.972664, 251.356713, 1973, 295430.0
324, 72.799110, 662.182938, 37.908833, 217.997284, 1981, 295879.0
325, 69.337411, 664.503140, 37.946819, 205.731238, 2087, 314242.0
326, 74.255756, 663.814960, 35.769609, 227.305682, 1993, 298535.0
327, 73.972859, 663.457312, 36.000352, 231.164606, 2011, 301632.0
328, 69.982704, 662.976489, 37.132968, 181.049132, 2129, 320912.0
329, 69.664905, 664.582831, 34.654072, 205.364333, 2102, 316697.0
330, 71.008679, 665.750946, 35.848469, 207.972727, 2012, 302101.0
331, 70.821385, 663.824457, 36.362799, 195.212066, 2081, 312043.0
332, 68.770140, 663.506745, 38.517571, 169.568079, 2133, 319834.0
333, 70.102776, 662.996866, 37.048317, 187.812746, 2109, 318470.0
334, 68.753160, 661.789052, 38.053844, 180.470505, 2140, 320286.0
335, 69.625456, 662.821918, 37.573823, 176.776540, 2126, 319352.0
336, 69.886008, 662.485334, 38.182194, 181.325646, 2110, 334912.0
337, 69.960786, 662.979801, 37.203093, 173.673537, 2113, 316039.0
338, 71.136234, 664.462905, 37.404702, 184.274777, 2055, 306212.0
339, 72.571402, 662.969014, 38.528794, 182.079674, 2038, 304208.0
340, 72.712258, 665.177543, 35.797623, 222.195509, 1980, 325121.0
341, 66.993854, 662.602905, 37.015437, 174.799202, 2124, 349603.0
342, 68.480614, 662.046704, 38.333639, 181.199305, 2086, 325367.0
343, 72.447200, 663.886004, 36.109343, 201.109667, 2007, 308527.0
344, 71.139625, 664.819383, 36.394259, 195.778373, 2077, 310862.0
345, 71.115293, 664.935026, 36.618945, 195.330771, 2033, 302517.0
346, 70.073422, 662.993443, 37.067044, 181.373442, 2143, 350344.0
347, 71.498324, 662.714639, 39.388735, 176.731732, 2034, 332826.0
348, 72.096166, 664.733687, 37.453157, 203.968091, 2023, 338174.0
349, 69.211307, 662.756046, 36.850466, 161.592281, 2133, 350155.0
350, 73.748563, 662.677882, 37.148805, 205.654749, 2005, 300415.0
351, 70.906227, 662.564987, 38.239570, 179.230265, 2072, 342815.0
352, 69.752774, 662.593869, 37.557416, 174.180464, 2129, 358640.0
353, 69.762109, 663.798423, 38.508068, 195.338033, 2064, 337149.0
354, 69.601626, 662.824071, 36.950993, 184.077277, 2118, 346963.0
355, 69.982704, 662.976489, 37.132968, 173.351503, 2110, 315532.0
356, 70.601142, 662.469023, 37.874554, 174.366426, 2078, 309925.0
357, 70.272049, 662.189930, 39.074027, 168.016316, 2090, 316714.0
358, 66.742367, 663.442043, 36.771995, 172.388894, 2128, 320235.0
359, 70.844065, 663.234210, 37.648703, 182.270475, 2081, 312817.0
360, 69.411433, 663.272381, 37.792887, 197.942615, 2055, 308420.0
361, 71.025650, 662.733813, 37.448922, 203.719296, 2091, 315108.0
362, 72.265164, 664.448343, 38.128582, 201.285216, 2013, 300574.0
363, 71.193875, 664.836285, 36.528341, 220.080105, 2002, 299892.0
364, 69.730540, 664.151232, 36.250543, 185.203815, 2126, 319789.0
365, 68.197809, 660.966227, 38.486694, 175.973685, 2135, 319727.0
366, 68.558605, 664.308566, 36.560293, 163.440950, 2134, 321239.0
367, 70.424113, 663.574139, 36.375462, 201.512379, 2076, 313172.0
368, 72.018508, 662.113391, 38.216317, 182.842666, 2040, 305894.0
369, 69.406600, 663.993155, 36.802767, 200.973194, 2121, 316173.0
370, 73.683167, 662.629769, 37.527156, 201.357320, 2002, 298102.0
371, 71.896405, 664.022241, 37.131358, 195.745822, 2048, 307338.0
372, 70.226604, 662.793273, 36.732609, 185.137551, 2075, 311991.0
373, 67.913555, 662.121657, 36.517044, 174.259930, 2129, 319788.0
374, 73.972486, 664.491421, 37.551756, 206.223323, 2009, 300473.0
375, 74.183917, 664.434497, 36.375346, 221.488246, 2000, 303691.0
376, 68.185384, 664.629324, 36.829809, 187.840165, 2101, 317496.0
377, 70.437248, 664.247992, 37.352599, 181.537726, 2101, 338960.0
378, 72.216791, 663.797336, 38.024132, 212.588116, 1995, 307068.0
379, 72.465323, 664.530909, 37.044668, 200.333944, 2037, 310807.0
380, 70.954329, 662.735068, 38.907759, 185.242896, 2088, 317256.0
381, 70.039019, 662.324580, 37.794594, 213.291500, 2066, 316736.0
382, 71.072218, 663.314229, 38.530936, 178.555455, 2100, 324528.0
383, 70.724693, 662.166642, 38.536510, 187.658902, 2078, 318263.0
384, 72.030928, 662.949886, 37.300342, 186.090691, 2040, 312856.0
385, 70.861290, 664.698064, 37.131712, 192.148154, 2055, 314627.0
386, 73.466505, 663.566181, 36.895296, 213.641453, 1961, 298808.0
387, 73.437464, 661.871422, 37.610257, 207.796480, 2021, 308449.0
388, 69.246703, 662.205327, 38.263969, 198.275308, 2067, 316372.0
389, 73.005778, 664.452393, 36.472018, 226.122273, 2012, 315631.0
390, 74.676125, 665.035099, 36.656556, 211.321705, 1973, 293083.0
391, 73.128121, 663.600829, 37.271343, 247.549979, 1974, 293482.0
392, 71.196360, 664.108703, 37.178490, 189.302559, 2042, 309885.0
393, 74.199427, 662.958531, 36.926461, 221.826662, 2007, 327083.0
394, 71.558167, 663.273059, 36.958155, 202.651075, 2033, 330962.0
395, 70.429904, 662.733037, 38.202995, 204.967043, 2040, 339838.0
396, 74.465844, 665.001116, 38.388107, 206.652922, 1981, 295793.0
397, 71.661508, 662.053096, 37.042645, 218.676018, 2029, 307514.0
398, 72.829348, 662.499300, 37.061276, 206.403808, 2026, 379811.0
399, 73.878394, 664.195020, 37.140711, 217.031310, 2002, 380964.0
400, 72.951109, 661.978357, 39.014978, 204.153926, 2010, 367005.0
401, 70.424113, 663.574139, 36.375462, 189.204916, 2108, 316404.0
402, 71.160149, 662.862318, 38.320044, 194.710007, 2051, 308951.0
403, 74.040823, 665.095379, 38.294426, 213.816436, 1995, 298572.0
404, 71.463465, 663.339160, 38.695629, 196.247738, 2088, 313185.0
405, 73.733586, 662.851376, 37.671403, 207.888413, 2005, 301900.0
406, 70.765700, 661.639741, 38.030260, 188.663741, 2087, 317890.0
407, 74.489202, 663.228171, 37.257202, 213.288319, 1995, 300808.0
408, 71.204180, 662.018312, 37.499493, 183.676890, 2089, 316935.0
409, 70.925926, 665.547846, 36.804138, 202.038210, 2015, 299651.0
410, 70.239533, 664.491888, 35.913052, 218.176779, 2088, 427396.0
411, 74.123936, 662.692201, 37.516139, 206.082083, 2017, 304770.0
412, 73.795423, 662.892571, 39.002259, 228.152510, 2018, 300638.0
413, 73.228177, 661.773563, 39.440976, 201.222849, 2010, 299704.0
414, 71.035182, 664.505496, 37.340590, 220.014667, 2009, 299365.0
415, 74.599311, 663.044286, 37.054037, 222.198696, 1999, 302192.0
416, 69.545453, 661.809492, 38.038457, 192.432753, 2071, 309202.0
417, 71.159909, 664.318751, 37.212653, 206.062468, 2019, 307433.0
418, 71.935080, 663.669467, 35.444782, 205.215315, 2038, 315339.0
419, 72.460392, 660.695725, 39.796881, 187.868738, 2026, 315794.0
420, 70.102776, 662.996866, 37.048317, 196.572769, 2093, 322644.0
421, 71.929518, 662.776421, 38.446197, 192.563622, 2039, 339102.0
422, 68.217089, 661.935868, 37.698167, 187.873090, 2108, 315671.0
423, 72.465323, 664.530909, 37.044668, 213.005406, 2031, 303811.0
424, 72.794791, 661.935348, 37.458780, 201.719702, 2029, 304129.0
425, 72.132048, 664.663228, 38.122954, 215.262441, 2000, 298941.0
426, 71.220612, 664.089256, 37.093603, 191.535561, 2038, 306005.0
427, 71.603045, 663.839033, 38.353414, 199.158785, 2052, 307777.0
428, 72.845995, 662.362460, 37.398427, 206.701234, 2006, 300439.0
429, 73.927570, 664.465966, 35.956251, 234.096596, 1994, 297121.0
430, 70.542043, 662.711130, 36.516102, 185.803240, 2102, 321972.0
431, 71.031777, 664.705261, 36.187090, 197.142883, 2050, 306539.0
432, 72.109961, 663.365679, 38.809422, 181.489577, 2047, 311081.0
433, 68.365699, 662.525894, 37.690219, 184.769145, 2111, 320471.0
434, 71.301485, 662.782711, 36.015155, 183.343223, 2059, 328925.0
435, 70.435980, 662.326010, 39.023611, 186.603734, 2093, 313110.0
436, 71.107618, 662.514892, 36.441943, 189.465658, 2043, 305984.0
437, 70.912988, 663.516305, 37.149903, 177.720691, 2098, 313588.0
438, 70.594323, 663.944969, 37.333208, 173.962245, 2106, 315209.0
439, 68.077252, 664.276656, 37.365810, 172.281611, 2124, 317713.0
440, 72.533265, 661.923754, 38.433768, 209.702085, 1994, 298168.0
441, 72.139640, 663.561454, 36.196958, 194.370717, 2051, 305694.0
442, 70.891197, 662.882016, 36.867087, 183.349459, 2084, 311167.0
443, 71.246560, 662.006763, 37.355548, 197.103553, 2032, 309193.0
444, 70.344761, 662.057918, 37.322965, 184.223066, 2085, 311376.0
445, 68.813363, 661.829981, 38.088200, 171.304528, 2134, 319781.0
446, 72.004649, 664.274156, 36.503116, 209.948155, 1988, 296559.0
447, 72.614443, 664.266991, 38.212208, 206.031368, 2007, 299197.0
448, 71.202976, 663.173796, 38.234392, 197.794863, 2039, 304075.0
449, 70.925926, 665.547846, 36.804138, 198.501047, 2039, 303536.0
450, 71.661340, 662.746813, 37.208553, 207.744050, 2028, 302177.0
451, 72.051776, 662.274608, 37.605201, 195.230575, 2046, 305500.0
452, 70.432012, 661.082744, 37.275235, 174.667543, 2101, 313982.0
453, 68.651463, 661.524413, 37.596857, 179.813258, 2129, 318868.0
454, 68.074786, 661.247050, 38.491792, 179.502966, 2119, 317197.0
455, 71.434658, 663.389616, 36.843840, 180.318452, 2042, 304023.0
456, 71.641843, 664.777648, 36.372176, 204.586004, 2047, 305100.0
457, 73.229605, 663.672006, 38.873990, 202.004880, 2021, 301286.0
458, 68.279887, 664.072095, 37.819217, 188.935478, 2109, 314946.0
459, 71.439442, 662.694968, 38.410348, 186.304141, 2078, 309985.0
460, 73.155845, 665.075651, 37.391101, 212.135577, 2014, 300006.0
461, 71.909131, 664.162712, 36.700827, 191.076588, 2026, 302830.0
462, 69.783677, 663.727227, 36.000335, 177.675972, 2126, 320674.0
463, 73.371409, 663.477371, 36.848641, 199.833606, 2000, 302037.0
464, 73.102732, 665.167968, 36.097234, 202.513294, 1977, 294183.0
465, 70.653617, 663.099026, 37.888889, 202.192487, 2078, 310400.0
466, 71.114327, 662.378694, 36.914409, 188.980456, 2035, 303647.0
467, 68.592050, 664.122504, 35.500607, 184.715903, 2133, 318709.0
468, 69.969732, 662.989053, 37.242823, 170.281387, 2121, 317354.0
469, 69.492005, 663.536379, 36.562034, 204.032726, 2086, 310975.0
470, 72.047297, 664.461513, 36.127148, 188.182080, 2027, 302388.0
471, 71.405577, 661.867406, 38.301624, 177.868602, 2033, 303562.0
472, 69.083682, 663.275969, 37.295251, 182.405486, 2075, 309830.0
473, 72.454354, 664.049306, 38.147896, 198.037094, 2010, 299261.0
474, 70.261272, 662.380325, 37.158094, 173.990541, 2101, 313199.0
475, 69.458507, 662.154734, 36.708649, 189.995509, 2100, 313121.0
476, 70.283699, 662.831013, 37.863657, 198.515685, 2094, 312004.0
477, 70.021899, 662.903182, 37.006757, 196.661154, 2106, 314355.0
478, 70.157680, 663.527524, 37.655899, 191.247097, 2096, 313759.0
479, 72.845706, 662.878052, 37.476243, 193.451978, 2012, 313993.0
480, 70.371818, 662.406344, 37.080722, 189.791745, 2049, 306360.0
481, 69.245404, 662.088809, 38.411681, 203.830095, 2049, 306221.0
482, 70.378511, 662.616907, 36.249194, 187.452932, 2101, 320255.0
483, 70.045031, 664.980746, 36.040555, 192.464771, 2108, 325259.0
484, 67.637248, 663.625186, 38.161145, 154.039738, 2137, 319929.0
485, 70.572782, 662.459283, 38.605005, 212.382199, 2072, 309373.0
486, 69.982704, 662.976489, 37.132968, 164.227287, 2128, 318183.0
487, 70.045031, 664.980746, 36.040555, 184.382436, 2110, 314916.0
488, 71.130361, 664.530314, 37.168161, 190.024399, 2035, 303579.0
489, 71.187847, 664.311895, 37.338771, 175.545045, 2086, 312377.0
490, 71.804053, 662.948926, 37.846278, 194.355772, 2041, 305496.0
491, 74.193261, 664.578399, 37.567724, 239.718996, 2011, 302328.0
492, 71.475411, 663.621352, 37.377806, 207.866299, 1997, 301876.0
493, 69.004479, 662.212508, 37.946729, 191.954422, 2134, 320293.0
494, 70.972078, 664.417394, 37.196768, 185.955455, 2094, 313591.0
495, 72.208708, 663.193681, 36.364420, 208.157995, 2018, 299559.0
496, 68.026374, 662.026085, 38.771429, 202.142334, 2129, 317699.0
497, 72.021720, 661.902306, 38.466153, 215.979769, 1993, 297455.0
498, 74.080672, 664.744186, 36.944636, 212.519357, 2006, 299172.0
499, 74.505093, 664.487321, 36.022510, 239.853285, 1979, 297437.0
500, 72.228427, 662.131044, 37.148340, 194.571358, 2027, 302020.0
501, 68.284134, 663.097265, 37.419134, 183.103586, 2124, 317172.0
502, 71.179259, 664.904700, 36.320092, 172.933730, 2059, 306357.0
503, 69.604841, 662.698033, 37.135279, 177.136684, 2110, 314753.0
504, 73.773719, 666.144947, 36.599666, 229.459377, 1979, 293963.0
505, 68.253987, 664.715150, 37.429991, 165.803341, 2120, 316813.0
506, 73.090575, 663.171126, 37.077372, 203.055097, 2006, 298455.0
507, 72.877713, 666.022992, 34.642782, 203.124242, 2005, 297907.0
508, 71.074911, 663.646516, 38.397673, 201.297598, 2049, 305299.0
509, 71.905285, 663.910057, 37.501598, 207.148962, 2037, 303407.0
510, 68.717760, 663.439831, 37.111860, 170.781212, 2128, 317295.0
511, 71.592229, 663.083249, 37.919914, 189.999001, 2017, 300275.0
512, 73.633564, 661.849734, 37.897439, 230.324532, 1991, 296581.0
513, 74.031975, 662.756767, 37.453183, 202.676421, 2008, 299214.0
514, 71.997852, 664.341348, 35.731306, 214.741994, 2006, 298210.0
515, 72.613231, 662.002419, 37.869594, 188.734617, 1998, 297149.0
516, 74.350240, 664.450160, 37.314859, 228.495229, 1998, 297395.0
517, 70.842157, 663.280458, 37.410728, 198.504224, 2094, 312148.0
518, 69.543911, 662.833455, 36.991011, 174.298357, 2127, 317625.0
519, 69.371530, 664.761280, 35.696880, 180.346580, 2111, 315064.0
520, 73.870619, 662.944546, 37.632229, 229.119147, 1995, 301031.0
521, 70.116305, 662.920979, 36.937959, 181.186205, 2088, 315011.0
522, 69.600088, 663.661461, 36.687818, 195.119079, 2080, 311074.0
523, 73.141975, 665.723466, 34.680708, 214.062494, 1983, 294775.0
524, 72.017469, 663.142591, 37.491627, 193.276515, 2036, 303909.0
525, 71.405984, 662.900273, 38.837519, 207.616404, 2036, 303750.0
526, 71.089153, 664.066391, 37.671988, 170.186695, 2097, 313568.0
527, 71.368786, 664.795352, 37.039661, 178.117042, 2058, 306835.0
528, 70.054513, 663.715861, 36.324940, 184.822379, 2104, 314297.0
529, 72.358993, 663.078810, 37.137834, 198.060574, 1995, 297238.0
530, 68.217066, 663.713830, 36.226017, 182.213797, 2125, 319990.0
531, 72.683087, 665.304206, 36.331977, 236.716020, 1978, 294172.0
532, 72.651291, 663.943670, 37.183755, 208.923152, 2012, 299389.0
533, 72.271526, 665.738559, 35.120585, 219.806666, 1998, 296648.0
534, 68.322493, 663.093424, 37.979942, 163.057934, 2126, 317768.0
535, 70.618773, 662.669060, 36.558721, 185.149515, 2075, 310222.0
536, 69.106440, 663.986881, 38.553379, 191.756346, 2080, 310719.0
537, 70.859634, 663.002603, 38.033728, 187.866358, 2104, 314518.0
538, 69.777219, 662.050671, 37.013561, 180.615913, 2140, 320453.0
539, 72.647655, 663.618495, 37.601241, 238.212652, 1974, 294464.0
540, 69.864123, 663.027814, 37.117556, 176.210496, 2124, 317762.0
541, 72.185055, 662.230446, 38.054852, 189.032914, 2034, 309271.0
542, 69.161336, 662.714445, 38.869463, 181.698307, 2112, 320699.0
543, 71.111675, 664.533257, 36.764897, 223.764216, 2064, 312844.0
544, 70.928952, 664.138858, 38.338836, 188.627068, 2099, 319209.0
545, 69.423367, 662.869454, 37.464013, 174.798014, 2134, 327472.0
546, 69.986003, 663.878992, 35.995554, 213.411411, 2052, 307147.0
547, 71.396625, 663.142426, 37.915906, 177.286404, 2104, 325344.0
548, 70.090734, 664.951924, 35.886942, 210.765982, 2077, 311185.0
549, 71.191507, 664.578171, 36.654514, 187.237010, 2098, 325811.0
550, 70.240300, 662.676319, 37.464378, 212.313878, 2073, 310402.0
551, 70.951616, 663.173820, 37.103718, 179.852349, 2082, 315553.0
552, 68.638883, 664.220249, 37.041510, 188.714356, 2113, 316152.0
553, 72.532182, 664.508172, 37.129277, 192.394330, 2008, 301447.0
554, 72.533265, 661.923754, 38.433768, 192.705713, 2012, 303381.0
555, 70.504053, 662.831156, 39.354795, 181.406470, 2091, 323636.0
556, 70.970655, 663.402849, 37.143416, 189.626739, 2075, 309900.0
557, 69.410618, 664.341658, 37.926109, 190.456950, 2099, 313350.0
558, 71.331995, 664.552813, 36.349749, 220.395233, 1987, 295701.0
559, 70.925926, 665.547846, 36.804138, 222.656485, 2027, 302110.0
560, 69.298444, 664.689408, 37.871547, 196.908089, 2119, 316623.0
561, 73.302559, 665.324971, 36.555393, 193.761447, 2032, 302698.0
562, 69.823758, 663.434407, 38.472127, 202.640914, 2085, 311699.0
563, 69.589334, 663.196660, 36.961405, 184.215320, 2106, 314533.0
564, 73.619100, 663.624922, 38.332252, 226.781575, 2006, 298819.0
565, 71.378002, 663.376765, 37.374731, 185.336639, 2050, 305899.0
566, 70.149736, 662.924877, 36.916632, 194.134005, 2104, 314285.0
567, 67.546942, 663.713852, 38.188820, 165.706235, 2133, 319057.0
568, 74.630736, 664.106724, 37.298087, 229.214044, 2008, 302434.0
569, 71.351115, 662.273878, 37.446381, 204.377639, 2060, 307823.0
570, 70.279359, 663.694960, 36.875041, 169.367978, 2106, 319616.0
571, 74.030424, 664.275709, 36.574523, 206.869834, 1997, 297262.0
572, 70.970169, 662.654674, 38.471457, 212.249245, 1996, 302330.0
573, 70.174175, 664.353000, 38.323470, 164.210170, 2112, 316981.0
574, 70.604588, 662.605762, 36.380707, 185.484511, 2082, 311813.0
575, 71.184508, 664.273659, 37.657879, 187.109534, 2052, 307206.0
576, 74.020911, 662.609548, 39.277000, 228.108493, 2011, 299996.0
577, 72.653329, 662.732070, 38.787949, 208.934206, 1992, 296777.0
578, 71.046523, 662.088265, 38.337988, 187.952428, 2080, 310446.0
579, 71.318536, 661.933625, 37.380954, 191.314511, 2030, 316168.0
580, 75.538954, 665.051294, 35.470327, 241.318652, 1984, 295160.0
581, 69.110336, 664.579602, 38.045122, 186.221539, 2135, 319378.0
582, 75.618457, 662.558020, 37.602800, 220.117571, 1979, 294975.0
583, 74.075481, 664.572084, 36.709477, 203.565385, 2014, 310378.0
584, 70.032210, 663.852015, 38.481455, 201.200788, 2071, 308210.0
585, 70.116305, 662.920979, 36.937959, 174.546695, 2118, 317022.0
586, 72.052725, 663.010065, 38.766111, 193.081593, 2009, 299189.0
587, 74.421863, 663.062699, 37.129080, 203.112044, 1975, 293927.0
588, 70.925926, 665.547846, 36.804138, 202.917982, 2013, 301025.0
589, 68.998366, 661.991605, 38.497236, 178.190846, 2126, 320254.0
590, 70.559580, 662.656596, 38.179749, 211.682613, 2014, 299804.0
591, 69.211307, 662.756046, 36.850466, 197.382631, 2117, 315727.0
592, 72.785347, 662.354142, 38.042396, 215.610104, 2016, 302007.0
593, 70.073422, 662.993443, 37.067044, 185.656584, 2118, 317530.0
594, 72.443712, 664.535532, 35.789846, 210.264264, 2003, 300385.0
595, 68.612920, 663.456689, 37.519150, 191.003691, 2099, 314100.0
596, 72.583611, 664.906218, 34.581469, 222.945365, 1984, 295594.0
597, 69.290585, 662.579743, 37.614463, 162.261250, 2128, 320355.0
598, 69.433285, 662.387061, 37.531466, 171.847356, 2139, 321340.0
599, 72.502002, 664.338232, 36.366662, 199.756751, 2015, 301523.0
600, 71.978627, 662.093491, 38.106199, 193.154067, 2021, 303209.0
601, 70.374490, 662.238446, 36.793827, 211.133568, 2060, 309399.0
602, 71.051337, 663.178863, 37.728309, 189.496431, 2063, 309162.0
603, 69.385310, 664.641578, 35.935555, 174.749027, 2118, 316769.0
604, 73.620813, 662.830271, 37.643058, 197.163394, 2003, 300760.0
605, 76.689334, 665.157186, 35.742843, 235.782084, 1967, 293121.0
606, 68.889557, 662.582987, 38.201197, 182.372194, 2122, 321011.0
607, 71.169339, 663.203921, 36.105776, 170.714676, 2074, 314564.0
608, 71.357804, 664.534705, 36.575539, 206.546945, 2014, 308974.0
609, 70.997329, 663.948990, 37.664359, 201.406920, 2092, 317281.0
610, 72.329028, 662.012569, 38.781241, 203.656551, 2041, 304648.0
611, 70.414210, 664.161321, 35.630586, 188.284672, 2066, 312482.0
612, 74.417885, 664.549549, 37.249295, 236.779416, 1971, 295247.0
613, 70.859815, 663.673950, 36.720484, 210.178555, 2054, 311516.0
614, 69.092721, 662.099535, 38.001174, 172.490094, 2134, 321385.0
615, 71.671127, 663.108630, 37.783237, 206.671046, 2020, 307035.0
616, 67.954642, 663.883518, 37.755390, 173.637110, 2123, 317621.0
617, 71.304266, 663.135366, 37.051196, 194.391437, 2058, 309020.0
618, 71.225074, 664.359520, 37.258850, 181.250515, 2099, 315326.0
619, 69.003933, 662.743309, 39.589477, 178.388191, 2105, 316276.0
620, 66.918606, 662.538678, 37.006877, 186.308442, 2106, 316191.0
621, 70.833807, 663.304567, 37.559199, 169.931000, 2094, 313218.0
622, 69.908046, 663.445691, 35.962526, 189.893852, 2069, 309874.0
623, 71.131053, 664.135761, 37.652478, 211.807958, 2037, 306449.0
624, 69.777219, 662.050671, 37.013561, 182.276684, 2102, 314201.0
625, 68.876422, 663.106422, 38.799302, 176.582336, 2123, 317716.0
626, 72.466134, 663.991360, 37.598933, 228.782020, 1988, 296057.0
627, 73.243508, 664.590259, 37.076543, 202.716824, 2015, 302401.0
628, 68.032825, 664.308744, 37.481012, 190.971245, 2141, 321758.0
629, 71.356465, 664.669652, 36.770137, 187.082720, 2050, 305503.0
630, 69.211307, 662.756046, 36.850466, 165.306998, 2134, 319219.0
631, 69.161336, 662.714445, 38.869463, 164.517244, 2106, 315952.0
632, 67.228050, 663.639048, 37.541171, 170.243025, 2118, 317081.0
633, 71.503599, 665.379505, 36.051438, 182.606570, 2022, 301858.0
634, 71.472788, 664.732865, 37.001605, 206.684785, 2014, 299475.0
635, 69.868284, 662.301223, 37.302881, 197.129326, 2083, 322328.0
636, 70.598533, 663.583642, 37.742595, 194.885329, 2010, 304093.0
637, 69.245404, 662.088809, 38.411681, 189.088049, 2126, 319539.0
638, 72.412325, 663.471567, 37.578423, 233.190185, 1984, 295165.0
639, 69.332987, 664.655137, 37.869608, 176.359984, 2127, 317905.0
640, 70.471402, 663.674656, 38.513776, 185.701807, 2085, 313599.0
641, 68.077252, 664.276656, 37.365810, 165.467896, 2138, 320402.0
642, 69.752774, 662.593869, 37.557416, 177.158981, 2109, 316084.0
643, 67.512165, 663.512088, 37.629616, 175.746260, 2116, 317065.0
644, 70.946530, 661.158497, 38.278527, 195.664045, 2052, 307181.0
645, 70.262087, 663.133236, 38.176859, 180.766923, 2070, 309709.0
646, 68.591290, 661.628415, 39.110718, 175.400538, 2111, 316422.0
647, 70.248531, 662.191530, 36.447890, 191.329280, 2064, 313481.0
648, 68.724345, 661.614267, 37.224386, 186.216617, 2112, 321576.0
649, 74.518381, 663.234648, 37.238555, 215.909117, 1988, 300233.0
650, 69.337411, 664.503140, 37.946819, 173.234010, 2125, 319114.0
651, 66.835867, 664.510857, 36.927317, 170.002550, 2137, 322097.0
652, 69.741574, 664.116061, 36.207971, 179.044577, 2111, 318212.0
653, 69.492312, 662.454370, 37.608367, 162.005898, 2137, 323514.0
654, 72.688219, 662.281148, 38.301250, 192.862676, 2010, 305098.0
655, 67.366552, 663.777408, 37.087441, 184.122695, 2117, 321115.0
656, 70.375867, 663.590343, 36.440914, 187.180948, 2054, 309523.0
657, 72.252499, 664.106578, 37.373692, 197.546261, 2044, 311431.0
658, 72.196758, 664.433301, 36.970510, 211.877481, 2003, 298709.0
659, 69.193379, 662.553482, 38.589288, 177.459372, 2099, 314715.0
660, 69.423367, 662.869454, 37.464013, 189.784382, 2136, 324300.0
661, 73.958939, 664.492988, 37.528254, 235.230384, 1990, 301468.0
662, 70.214175, 666.410626, 36.296949, 170.973226, 2107, 317598.0
663, 71.496266, 663.231122, 37.270974, 181.985626, 2068, 311549.0
664, 70.390271, 661.942815, 39.567691, 175.337943, 2118, 321449.0
665, 68.337762, 663.567018, 37.385246, 180.194758, 2115, 331331.0
666, 70.116305, 662.920979, 36.937959, 182.906372, 2076, 316544.0
667, 74.354274, 663.487902, 36.133316, 231.788979, 1997, 299103.0
668, 71.897840, 662.396826, 37.833912, 176.038044, 2067, 309463.0
669, 70.396414, 663.631477, 36.592540, 184.578455, 2126, 321571.0
670, 70.626164, 664.952246, 36.707831, 176.274204, 2120, 320351.0
671, 70.881905, 663.974566, 36.655518, 193.982795, 2044, 305627.0
672, 69.389132, 662.865082, 37.560878, 184.028926, 2114, 323065.0
673, 70.575466, 664.998983, 36.609930, 178.598259, 2095, 322150.0
674, 68.753160, 661.789052, 38.053844, 178.886657, 2115, 322553.0
675, 71.598737, 663.999423, 37.205323, 190.429229, 2081, 322417.0
676, 72.068447, 661.779076, 37.719937, 184.729189, 1988, 301744.0
677, 70.437965, 663.627854, 37.833062, 182.562637, 2072, 316814.0
678, 67.144467, 663.167655, 37.072832, 177.286575, 2128, 324541.0
679, 69.100634, 664.632592, 34.188029, 176.145764, 2109, 323457.0
680, 68.153992, 661.757390, 37.888127, 176.300419, 2105, 321673.0
681, 66.270148, 664.030482, 37.555448, 182.781349, 2129, 327160.0
682, 66.910011, 662.362927, 37.381573, 158.920043, 2117, 318399.0
683, 69.745998, 663.964063, 36.285182, 174.648268, 2118, 324771.0
684, 66.960774, 662.808116, 37.706677, 160.939216, 2111, 321063.0
685, 70.468403, 661.956657, 39.511012, 172.053752, 2096, 320396.0
686, 68.421703, 662.891108, 37.440097, 160.621450, 2109, 325945.0
687, 69.410618, 664.341658, 37.926109, 180.539881, 2115, 323019.0
688, 71.899964, 663.046296, 38.008123, 196.674361, 2036, 308235.0
689, 66.436660, 664.321313, 36.573849, 171.862346, 2112, 323932.0
690, 69.295641, 662.517788, 36.663337, 177.285324, 2102, 323733.0
691, 70.185819, 662.603899, 36.463554, 178.049010, 2129, 317816.0
692, 69.306422, 664.119190, 36.425748, 171.771754, 2126, 317746.0
693, 70.116305, 662.920979, 36.937959, 184.396171, 2100, 314524.0
694, 71.282738, 664.456373, 37.856409, 200.306257, 2024, 318066.0
695, 72.478351, 663.841891, 35.922478, 213.761343, 1976, 294319.0
696, 69.303979, 664.499242, 37.968147, 199.323686, 2094, 312532.0
697, 69.772220, 662.578282, 36.930267, 172.782327, 2119, 316736.0
698, 70.374568, 662.347004, 36.724478, 202.666073, 2051, 315331.0
699, 70.850851, 663.743215, 36.745943, 179.324956, 2073, 308931.0
700, 72.887786, 664.369551, 36.685691, 206.987289, 2023, 301267.0
701, 74.014355, 664.221812, 37.347900, 190.899734, 2007, 298960.0
702, 71.847064, 662.950850, 38.006041, 177.895954, 2020, 302416.0
703, 68.284134, 663.097265, 37.419134, 180.189887, 2106, 316667.0
704, 73.187024, 663.147579, 37.773761, 209.872922, 2000, 299222.0
705, 70.083508, 661.752396, 38.717441, 176.664608, 2107, 317692.0
706, 69.981676, 664.878884, 35.749871, 191.654256, 2103, 315593.0
707, 71.252195, 662.450598, 38.989126, 218.011076, 1988, 295593.0
708, 70.608850, 662.666062, 36.620682, 173.698767, 2092, 313882.0
709, 70.149736, 662.924877, 36.916632, 198.477676, 2110, 317988.0
710, 67.574850, 664.077274, 38.353971, 179.342463, 2108, 315555.0
711, 70.149736, 662.924877, 36.916632, 194.059881, 2109, 318316.0
712, 70.174217, 664.312257, 38.345875, 188.012983, 2102, 314857.0
713, 69.337411, 664.503140, 37.946819, 175.064996, 2130, 322700.0
714, 70.073422, 662.993443, 37.067044, 193.559768, 2092, 313576.0
715, 72.887786, 664.369551, 36.685691, 218.638033, 1999, 303771.0
716, 71.467556, 663.897179, 36.800703, 193.200489, 2044, 305747.0
717, 70.436266, 662.495779, 37.953254, 177.345409, 2082, 315564.0
718, 68.698791, 663.893485, 35.980193, 187.654751, 2119, 316284.0
719, 67.512436, 663.766845, 36.856841, 194.679515, 2095, 324912.0
720, 69.306422, 664.119190, 36.425748, 175.799833, 2100, 318144.0
721, 71.863209, 665.012966, 36.615753, 203.475233, 2020, 300650.0
722, 69.959111, 663.200186, 37.689016, 206.235022, 2084, 310258.0
723, 71.105222, 663.026536, 38.065324, 191.466608, 2092, 311904.0
724, 68.934163, 663.049216, 36.492991, 180.524011, 2140, 324678.0
725, 66.571396, 662.120300, 38.822874, 186.715339, 2112, 319605.0
726, 69.839683, 662.542974, 37.106542, 185.158832, 2138, 321614.0
727, 66.565978, 663.618239, 37.482880, 168.805748, 2129, 320210.0
728, 69.122816, 662.319444, 38.637239, 176.291071, 2124, 317678.0
729, 69.725573, 663.955053, 36.948632, 168.014747, 2119, 319156.0
730, 71.387613, 662.691440, 36.737293, 199.407764, 2040, 306667.0
731, 71.051337, 663.178863, 37.728309, 194.393788, 2030, 307104.0
732, 71.353557, 663.721794, 37.599779, 180.746464, 2027, 303776.0
733, 69.528461, 662.291179, 36.397759, 176.108039, 2121, 319139.0
734, 72.377469, 664.767362, 36.339389, 208.741431, 1958, 294941.0
735, 68.479256, 662.695362, 38.955303, 170.314013, 2136, 321442.0
736, 67.444426, 662.916753, 37.629956, 157.834606, 2133, 332604.0
737, 70.795554, 663.059613, 37.040131, 189.114868, 2098, 319872.0
738, 68.246518, 663.151080, 36.273032, 170.723313, 2136, 328718.0
739, 70.149736, 662.924877, 36.916632, 205.195424, 2090, 315815.0
740, 66.835867, 664.510857, 36.927317, 167.738155, 2124, 322902.0
741, 70.322071, 663.812786, 36.809499, 187.031277, 2087, 316848.0
742, 68.017944, 662.711196, 37.754653, 153.812572, 2129, 322584.0
743, 70.210011, 664.247137, 38.063312, 184.403901, 2093, 319061.0
744, 70.632057, 664.412506, 37.259833, 187.400566, 2096, 316059.0
745, 69.373656, 662.375411, 38.530735, 164.701307, 2140, 323890.0
746, 70.162185, 664.161505, 38.221946, 184.700955, 2092, 315472.0
747, 70.149736, 662.924877, 36.916632, 182.022760, 2110, 320329.0
748, 69.211307, 662.756046, 36.850466, 168.386887, 2120, 318683.0
749, 68.570541, 662.572246, 37.947552, 156.582947, 2125, 320323.0
750, 68.002367, 663.848615, 37.680048, 171.590291, 2140, 322763.0
751, 68.844508, 664.379721, 38.620327, 173.115808, 2127, 325110.0
752, 67.842912, 661.774733, 38.062711, 160.514383, 2130, 365762.0
753, 69.014236, 663.885278, 37.843391, 167.657629, 2116, 379656.0
754, 66.930813, 661.718027, 38.515598, 167.961622, 2118, 347002.0
755, 67.960415, 662.173429, 37.341310, 158.084460, 2124, 368449.0
756, 67.704297, 662.587245, 38.643967, 170.597996, 2125, 365086.0
757, 69.108930, 662.385760, 37.267512, 178.076705, 2126, 357313.0
758, 68.139021, 666.536165, 35.578041, 163.288172, 2117, 356492.0
759, 66.826767, 664.772463, 36.372810, 169.021654, 2126, 344286.0
760, 69.371530, 664.761280, 35.696880, 185.485083, 2126, 349742.0
761, 67.398823, 663.321346, 37.964365, 168.976208, 2125, 348543.0
762, 70.424113, 663.574139, 36.375462, 181.805925, 2135, 344252.0
763, 72.621264, 663.248525, 36.833141, 191.784618, 2029, 340488.0
764, 69.510419, 662.882713, 37.752820, 159.742816, 2137, 341780.0
765, 71.674691, 664.461131, 37.188424, 189.727826, 2037, 335446.0
766, 69.689510, 663.418755, 38.557771, 175.426049, 2096, 372641.0
767, 70.531045, 664.592688, 37.277934, 192.496310, 2097, 352028.0
768, 69.529751, 662.862627, 37.603281, 165.595254, 2128, 319737.0
769, 70.099861, 662.075534, 37.204726, 200.939893, 2048, 309332.0
770, 68.575984, 663.001100, 38.336147, 185.458763, 2125, 323574.0
771, 68.793426, 662.930935, 36.940883, 168.402979, 2132, 321969.0
772, 69.366488, 662.969064, 37.766772, 181.402434, 2139, 325326.0
773, 72.221246, 663.827241, 36.255898, 198.767007, 2014, 303032.0
774, 69.907242, 663.476957, 38.380819, 185.750050, 2106, 314657.0
775, 67.378039, 662.274594, 38.884544, 171.229020, 2135, 319456.0
776, 70.170972, 664.423759, 38.289235, 170.064993, 2123, 323761.0
777, 70.429017, 661.765303, 36.503075, 201.881122, 2059, 312316.0
778, 69.540360, 662.778488, 37.073738, 171.146162, 2134, 330675.0
779, 71.627116, 663.737192, 37.901604, 186.427983, 2017, 306900.0
780, 69.627392, 662.312706, 37.209037, 169.330095, 2142, 330852.0
781, 71.092053, 663.026797, 38.268543, 198.810472, 2092, 314360.0
782, 71.244131, 664.354570, 37.022085, 164.329849, 2057, 310215.0
783, 71.296042, 664.659118, 36.623176, 198.697667, 2039, 305575.0
784, 68.190631, 662.171123, 38.367750, 165.959188, 2136, 322021.0
785, 68.161323, 662.400381, 37.362373, 182.895030, 2123, 321578.0
786, 67.369364, 663.691032, 36.708598, 159.803680, 2139, 322000.0
787, 71.192282, 662.070104, 37.126693, 195.051823, 2003, 302030.0
788, 68.487369, 664.081450, 37.669995, 172.976673, 2137, 320485.0
789, 68.588943, 662.949913, 37.621414, 168.290909, 2142, 320975.0
790, 68.032825, 664.308744, 37.481012, 160.314632, 2129, 320869.0
791, 66.939059, 664.807344, 36.444468, 165.996253, 2124, 318682.0
792, 69.801183, 662.116606, 37.089698, 179.654454, 2110, 318102.0
793, 69.523668, 661.470509, 37.091962, 169.440027, 2090, 313571.0
794, 67.038925, 662.543997, 37.547686, 153.377426, 2127, 319216.0
795, 69.395243, 663.607207, 38.944193, 191.090729, 2097, 314782.0
796, 70.481182, 663.637956, 37.275299, 193.640014, 2089, 313117.0
797, 68.172057, 664.661443, 37.431683, 160.082164, 2136, 320628.0
798, 67.788514, 663.391837, 37.218043, 160.714766, 2140, 320477.0
799, 69.337752, 664.538653, 37.926625, 172.000578, 2127, 319097.0
800, 68.116289, 664.416814, 36.228573, 182.053465, 2117, 316908.0
801, 69.960786, 662.979801, 37.203093, 156.954297, 2130, 319912.0
802, 66.337447, 662.044790, 36.445009, 164.748338, 2117, 316608.0
803, 72.239859, 664.564671, 37.094160, 208.061791, 2017, 300998.0
804, 70.981013, 664.017578, 36.295291, 199.456052, 2065, 308580.0
805, 71.271276, 662.129394, 37.280933, 189.212844, 2093, 313428.0
806, 67.970258, 663.983582, 36.640144, 188.556298, 2087, 312798.0
807, 69.717942, 664.021849, 35.928909, 195.705388, 2094, 328014.0
808, 69.745961, 663.999837, 36.265509, 171.848970, 2114, 318845.0
809, 70.210011, 664.247137, 38.063312, 186.605438, 2087, 314162.0
810, 67.308100, 663.023803, 38.746442, 165.538245, 2126, 317340.0
811, 68.335852, 664.697721, 37.300198, 166.105076, 2111, 315689.0
812, 68.610359, 663.394691, 38.673240, 166.193683, 2136, 319600.0
813, 70.815794, 662.483982, 37.117977, 184.976724, 2067, 308305.0
814, 69.371496, 662.505648, 37.110823, 189.498446, 2100, 313763.0
815, 69.982704, 662.976489, 37.132968, 191.738653, 2126, 319664.0
816, 69.235464, 664.524629, 37.994528, 173.359204, 2105, 316720.0
817, 72.132153, 663.202841, 38.530396, 200.291331, 2004, 298231.0
818, 67.044613, 662.446927, 36.638484, 176.415199, 2101, 319994.0
819, 70.183347, 664.552388, 36.064994, 179.555934, 2116, 318769.0
820, 69.982704, 662.976489, 37.132968, 179.862680, 2143, 322810.0
821, 69.852362, 663.880413, 37.940616, 185.144224, 2099, 317971.0
822, 70.964406, 662.681533, 36.799333, 185.901982, 2088, 315160.0
823, 70.856193, 663.279185, 37.591589, 186.820200, 2081, 311141.0
824, 70.133394, 661.239366, 38.157574, 200.042439, 2070, 309302.0
825, 69.245404, 662.088809, 38.411681, 200.626074, 2080, 310960.0
826, 67.190910, 662.831069, 39.334936, 171.663898, 2127, 318533.0
827, 68.058386, 662.756726, 36.995991, 175.128577, 2121, 317110.0
828, 65.854113, 660.793861, 37.515554, 163.645550, 2124, 317648.0
829, 67.889986, 664.135499, 36.425093, 181.814072, 2119, 316732.0
830, 69.225815, 661.900620, 38.812796, 149.455377, 2131, 319399.0
831, 67.953258, 662.657147, 39.597290, 168.627065, 2132, 323247.0
832, 69.432466, 662.222896, 38.425620, 198.379506, 2141, 326050.0
833, 70.688561, 663.027795, 38.592339, 194.123805, 2099, 320975.0
834, 67.963738, 664.193273, 37.500034, 180.371945, 2128, 320319.0
835, 67.804846, 663.757941, 37.484294, 185.136559, 2105, 320755.0
836, 69.997736, 662.468448, 37.824727, 166.800622, 2132, 326926.0
837, 69.246703, 662.205327, 38.263969, 170.616398, 2090, 314835.0
838, 69.982704, 662.976489, 37.132968, 173.747352, 2142, 347005.0
839, 68.877219, 664.408035, 36.678678, 199.929728, 2094, 343870.0
840, 69.805464, 661.872052, 39.242384, 180.047440, 2147, 324339.0
841, 70.437248, 664.247992, 37.352599, 187.173083, 2094, 315774.0
842, 72.198892, 662.291388, 38.210318, 190.909877, 2039, 309638.0
843, 66.642334, 663.106023, 37.476640, 164.220805, 2112, 328454.0
844, 68.883162, 662.701105, 36.215314, 175.375992, 2094, 317772.0
845, 67.700418, 662.628917, 36.858857, 168.388030, 2112, 316606.0
846, 68.972393, 661.780269, 38.075963, 176.322208, 2128, 318631.0
847, 70.021899, 662.903182, 37.006757, 162.018254, 2136, 320468.0
848, 68.625659, 662.792326, 36.771596, 171.879444, 2129, 318846.0
849, 68.546458, 663.854375, 36.934189, 160.226980, 2122, 318449.0
850, 67.286009, 663.391208, 37.162973, 172.660041, 2111, 316805.0
851, 70.337114, 663.220576, 38.055211, 198.175478, 2094, 313540.0
852, 66.835867, 664.510857, 36.927317, 166.619995, 2127, 318927.0
853, 70.116305, 662.920979, 36.937959, 160.074282, 2121, 317963.0
854, 67.713486, 663.444958, 35.283348, 375.814223, 2038, 304228.0
855, 71.373391, 664.701911, 36.474119, 182.591400, 2060, 307729.0
856, 67.718451, 660.883489, 38.088842, 151.636462, 2129, 319534.0
857, 67.029429, 662.361500, 37.877155, 149.614969, 2127, 318505.0
858, 67.715243, 663.946098, 37.589959, 161.604404, 2136, 320355.0
859, 67.159659, 663.309166, 36.532536, 171.879923, 2109, 315783.0
860, 70.877792, 664.948989, 35.849801, 204.991528, 2038, 305011.0
861, 66.835867, 664.510857, 36.927317, 181.317513, 2126, 323893.0
862, 67.541354, 661.845491, 39.800867, 189.182234, 2119, 318789.0
863, 68.041692, 661.113651, 37.929414, 167.675743, 2131, 319124.0
864, 69.361607, 662.532935, 37.202648, 182.691893, 2124, 318956.0
865, 69.286868, 664.320657, 38.013353, 173.123612, 2127, 321985.0
866, 70.461907, 662.116346, 36.628897, 184.436778, 2082, 312903.0
867, 69.789318, 662.670516, 36.952769, 159.097177, 2135, 321715.0
868, 72.537290, 664.413475, 37.702433, 199.665873, 2013, 301494.0
869, 68.702514, 664.034950, 36.682125, 189.760228, 2093, 315847.0
870, 70.655801, 662.687533, 38.129659, 185.622140, 2098, 319050.0
871, 67.347149, 663.793224, 36.309751, 172.585850, 2112, 319628.0
872, 70.618773, 662.669060, 36.558721, 179.252071, 2096, 314589.0
873, 71.235230, 664.048396, 37.410955, 183.826677, 2022, 303571.0
874, 67.465936, 663.091535, 36.874777, 176.176437, 2134, 319798.0
875, 71.388947, 663.836255, 37.087527, 202.479948, 2014, 305139.0
876, 70.749927, 664.601864, 37.207708, 191.012624, 2051, 307663.0
877, 67.407903, 663.097728, 37.441778, 184.494489, 2136, 321669.0
878, 70.116305, 662.920979, 36.937959, 182.270629, 2111, 318846.0
879, 70.552460, 664.982734, 36.252122, 182.957383, 2079, 313399.0
880, 67.830073, 664.039145, 36.537312, 144.572322, 2131, 319527.0
881, 69.720438, 663.896781, 35.994150, 174.190486, 2078, 310759.0
882, 68.335852, 664.697721, 37.300198, 165.847660, 2124, 319859.0
883, 70.424113, 663.574139, 36.375462, 175.663752, 2122, 317508.0
884, 68.048077, 664.294545, 35.599985, 173.044756, 2114, 316472.0
885, 70.541173, 660.843533, 37.430604, 172.861966, 2100, 314592.0
886, 70.239893, 663.423360, 37.687347, 197.504778, 2037, 303998.0
887, 69.982704, 662.976489, 37.132968, 154.341129, 2112, 319516.0
888, 69.753157, 662.367905, 37.439776, 178.718794, 2122, 319423.0
889, 68.151741, 664.668560, 37.009374, 151.652998, 2138, 321314.0
890, 69.193379, 662.553482, 38.589288, 164.363376, 2108, 318155.0
891, 69.096381, 664.157226, 35.804836, 184.145020, 2125, 318344.0
892, 71.245077, 662.839301, 38.027656, 194.841113, 2090, 327606.0
893, 70.210011, 664.247137, 38.063312, 180.293849, 2084, 316441.0
894, 68.917950, 661.281456, 37.760184, 180.215883, 2136, 323361.0
895, 69.131481, 664.001061, 37.402067, 170.603285, 2117, 320306.0
896, 71.003344, 662.238081, 37.353825, 195.045662, 2045, 307060.0
897, 67.692212, 662.050352, 37.048050, 178.775866, 2117, 319111.0
898, 71.468030, 663.432672, 35.838637, 163.389554, 2045, 307354.0
899, 67.378177, 663.712723, 38.591824, 183.527436, 2128, 317815.0
900, 66.873714, 662.288163, 37.478951, 166.337543, 2108, 315422.0
901, 69.795928, 660.651790, 39.129174, 167.393565, 2094, 315371.0
902, 68.175697, 662.125003, 38.134299, 162.407368, 2123, 318871.0
903, 69.535022, 664.430874, 36.984933, 160.184430, 2130, 319857.0
904, 70.792783, 662.945403, 38.354734, 178.370787, 2056, 308207.0
905, 68.182289, 663.489725, 34.815516, 176.324049, 2076, 310920.0
906, 72.153849, 664.369180, 36.484469, 193.401275, 2026, 317548.0
907, 70.468403, 661.956657, 39.511012, 156.386509, 2086, 314639.0
908, 65.331053, 663.360265, 38.926342, 151.771397, 2114, 318255.0
909, 69.985913, 661.151397, 37.976563, 172.054618, 2138, 332425.0
910, 68.425281, 662.809336, 37.600777, 151.544928, 2126, 321471.0
911, 69.220763, 663.627590, 37.198636, 169.126215, 2099, 321120.0
912, 68.480614, 662.046704, 38.333639, 168.324846, 2126, 319599.0
913, 72.166179, 663.150681, 38.073994, 199.253503, 2017, 300730.0
914, 69.618895, 664.176947, 38.056507, 166.326070, 2109, 316143.0
915, 71.377459, 662.325207, 37.824495, 202.412264, 2033, 303936.0
916, 67.650702, 663.507139, 38.886988, 152.618270, 2136, 320153.0
917, 72.440928, 664.482605, 37.733705, 192.748063, 2032, 305857.0
918, 70.974059, 663.978552, 37.659475, 185.939219, 2096, 314641.0
919, 68.840753, 661.597066, 36.682439, 160.421468, 2137, 319976.0
920, 69.982704, 662.976489, 37.132968, 193.763547, 2068, 309460.0
921, 68.044644, 661.605834, 38.036422, 160.011110, 2110, 338428.0
922, 68.019852, 664.221944, 37.810445, 162.672696, 2123, 317224.0
923, 69.306422, 664.119190, 36.425748, 170.739764, 2135, 318206.0
924, 71.157681, 664.252545, 37.176401, 197.580988, 2027, 301753.0
925, 72.719533, 663.242495, 38.245551, 186.420971, 2002, 297836.0
926, 65.956101, 663.595139, 36.811707, 192.283939, 2075, 308992.0
927, 70.424113, 663.574139, 36.375462, 183.857678, 2110, 314613.0
928, 69.736075, 663.961065, 36.347143, 177.719950, 2104, 313840.0
929, 68.373152, 664.167721, 37.037398, 163.306489, 2132, 318309.0
930, 69.543911, 662.833455, 36.991011, 175.218161, 2119, 316542.0
931, 69.718241, 663.931398, 36.113316, 184.320896, 2096, 313104.0
932, 67.447074, 662.539121, 37.197042, 190.132948, 2122, 317135.0
933, 69.059106, 662.810619, 38.784757, 168.840024, 2083, 311403.0
934, 66.842660, 662.178989, 38.203753, 160.442268, 2124, 317824.0
935, 70.561480, 662.204416, 37.271700, 175.220570, 2092, 313027.0
936, 68.899137, 662.680315, 39.030651, 159.312986, 2124, 318090.0
937, 71.914298, 664.764047, 34.976891, 205.203524, 2021, 301396.0
938, 72.508830, 664.263234, 36.335409, 208.499479, 1986, 295988.0
939, 69.158435, 664.047968, 38.448169, 186.245009, 2107, 315130.0
940, 69.201193, 664.559192, 37.995965, 176.472117, 2117, 317296.0
941, 69.600088, 663.661461, 36.687818, 180.650812, 2119, 320805.0
942, 70.183347, 664.552388, 36.064994, 178.898507, 2113, 318858.0
943, 71.557260, 662.014184, 36.788515, 196.537295, 2040, 306367.0
944, 68.168011, 662.501987, 37.418588, 183.339372, 2133, 319296.0
945, 70.468403, 661.956657, 39.511012, 171.193611, 2115, 318044.0
946, 70.222466, 662.348488, 37.102765, 165.707099, 2105, 315216.0
947, 68.534447, 664.049088, 39.199196, 146.455882, 2139, 321141.0
948, 71.103044, 663.200241, 37.603314, 212.377704, 2005, 299929.0
949, 69.543233, 664.675636, 36.073183, 169.098764, 2116, 318128.0
950, 74.080672, 664.744186, 36.944636, 199.023960, 2002, 310738.0
951, 67.941663, 663.077895, 37.710202, 191.771822, 2096, 316784.0
952, 67.541354, 661.845491, 39.800867, 176.793325, 2128, 316844.0
953, 69.304223, 662.162753, 38.477471, 180.432922, 2085, 310051.0
954, 70.902070, 662.863899, 36.850240, 194.857602, 2078, 313412.0
955, 69.982704, 662.976489, 37.132968, 176.391451, 2112, 316943.0
956, 71.327685, 664.612065, 36.206216, 196.403745, 2008, 299707.0
957, 68.373152, 664.167721, 37.037398, 174.807417, 2128, 318905.0
958, 68.616158, 664.286427, 37.169861, 155.589574, 2137, 320846.0
959, 69.733733, 662.463658, 38.666776, 172.811190, 2139, 325331.0
960, 68.693274, 663.006804, 36.890831, 158.950149, 2126, 320829.0
961, 68.611180, 663.105947, 39.085304, 160.862681, 2131, 321432.0
962, 68.006170, 663.335127, 38.563460, 185.874209, 2110, 319232.0
963, 68.077252, 664.276656, 37.365810, 172.431108, 2134, 322720.0
964, 71.048990, 662.012819, 37.591189, 176.157516, 2094, 314190.0
965, 67.692229, 663.179463, 37.786694, 152.339258, 2127, 318624.0
966, 68.596913, 664.289335, 37.231434, 160.685828, 2127, 318594.0
967, 70.210011, 664.247137, 38.063312, 165.423477, 2111, 315583.0
968, 67.890174, 663.616320, 37.639167, 154.717235, 2143, 321397.0
969, 68.534447, 664.049088, 39.199196, 162.917209, 2132, 333924.0
970, 68.952168, 662.815655, 36.748049, 167.926434, 2123, 317674.0
971, 69.602556, 663.383698, 37.705755, 154.097643, 2121, 317913.0
972, 68.322493, 663.093424, 37.979942, 143.954220, 2139, 322137.0
973, 68.308577, 662.016978, 39.729784, 156.212710, 2131, 323426.0
974, 70.671331, 661.851204, 39.048388, 196.981049, 2092, 317977.0
975, 70.698353, 663.538907, 37.707506, 182.420622, 2091, 313792.0
976, 66.137617, 662.675320, 37.003468, 142.925541, 2122, 319176.0
977, 71.663511, 663.619632, 38.564587, 184.782762, 2050, 310397.0
978, 68.322493, 663.093424, 37.979942, 151.135962, 2133, 340405.0
979, 68.401791, 664.172019, 36.955228, 179.234455, 2122, 321915.0
980, 72.878184, 664.430349, 36.575954, 204.986765, 1996, 298478.0
981, 69.164912, 662.160731, 37.938928, 168.835151, 2132, 324447.0
982, 70.626164, 664.952246, 36.707831, 175.453305, 2094, 313960.0
983, 70.102776, 662.996866, 37.048317, 183.482146, 2064, 312844.0
984, 70.711975, 662.898515, 37.294650, 171.981389, 2093, 313720.0
985, 70.089049, 663.608104, 36.265311, 181.528345, 2109, 319724.0
986, 69.110336, 664.579602, 38.045122, 166.729076, 2120, 317955.0
987, 70.174217, 664.312257, 38.345875, 172.094541, 2086, 312320.0
988, 67.077850, 663.310757, 38.134894, 156.088288, 2128, 318798.0
989, 67.694052, 663.631997, 37.880633, 196.130181, 2123, 320069.0
990, 69.746399, 662.704896, 37.616473, 170.977205, 2122, 316656.0
991, 71.051033, 663.222928, 37.740649, 164.504676, 2098, 313098.0
992, 68.247624, 664.826900, 36.036570, 170.664526, 2137, 353204.0
993, 70.164824, 663.163669, 36.858746, 178.517555, 2115, 316591.0
994, 71.260930, 662.097699, 37.432262, 173.107114, 2080, 313780.0
995, 67.980469, 662.029488, 37.234828, 162.566878, 2125, 328590.0
996, 70.456080, 664.227410, 37.936151, 175.818597, 2090, 319201.0
997, 69.770623, 662.282991, 37.392055, 179.790227, 2076, 314109.0
998, 69.982704, 662.976489, 37.132968, 180.478422, 2115, 322833.0
999, 70.966221, 661.421370, 39.267143, 185.115831, 2076, 314535.0
