#idx, x0, x1, x2, y, f_neval, total_time (us), 
0, 70.824805, 664.614051, 36.534415, 176.499063, 4839, 716479.0
1, 72.550693, 663.661032, 37.427859, 205.218335, 4634, 683662.0
2, 72.099287, 663.054721, 37.330473, 199.533650, 4659, 688477.0
3, 70.124926, 663.666378, 37.118510, 204.705019, 4755, 703857.0
4, 72.156622, 663.898425, 36.219855, 219.500828, 4648, 685957.0
5, 70.777000, 663.281910, 36.935044, 210.111971, 4642, 686631.0
6, 71.911888, 663.135164, 38.386025, 197.746652, 4708, 697446.0
7, 73.388678, 662.400176, 37.276569, 210.582965, 4641, 686475.0
8, 72.094853, 664.870738, 36.942616, 204.645287, 4515, 666761.0
9, 72.429944, 663.791400, 36.834480, 220.305996, 4575, 692453.0
10, 75.418665, 663.836577, 37.015512, 232.466900, 4630, 702515.0
11, 72.180526, 664.058731, 36.331321, 197.734578, 4575, 682584.0
12, 71.544141, 662.998356, 38.429373, 185.660008, 4708, 705662.0
13, 72.305626, 664.681107, 36.929450, 234.373964, 4467, 660963.0
14, 71.923071, 662.498495, 37.244681, 214.388355, 4554, 675146.0
15, 70.163805, 664.541639, 37.106386, 177.196170, 4789, 715598.0
16, 70.106984, 663.290857, 37.835279, 175.921619, 4838, 720667.0
17, 71.467255, 664.907068, 35.661828, 194.872304, 4537, 685700.0
18, 68.570528, 663.082506, 37.216149, 204.665970, 4744, 705463.0
19, 74.248330, 663.634843, 37.262542, 231.853263, 4590, 680214.0
20, 72.840676, 663.219583, 38.025112, 205.510372, 4679, 697571.0
21, 72.339367, 663.824895, 37.215145, 185.879309, 4693, 697465.0
22, 69.119167, 663.838722, 36.859170, 186.317845, 4811, 715955.0
23, 73.456978, 661.662755, 38.304545, 218.629538, 4586, 680484.0
24, 72.218150, 663.233861, 37.033998, 217.096617, 4526, 669809.0
25, 70.760436, 663.803238, 38.643478, 197.012352, 4648, 690376.0
26, 74.614840, 664.130460, 36.708913, 223.056986, 4585, 679621.0
27, 70.789257, 664.453005, 36.691249, 185.369571, 4747, 715599.0
28, 71.381536, 662.496378, 37.868269, 187.085470, 4839, 722233.0
29, 72.189186, 664.230234, 36.638934, 198.761067, 4558, 673989.0
30, 69.965487, 663.723843, 37.568430, 176.270883, 4759, 708326.0
31, 69.976484, 663.220720, 37.986653, 200.084215, 4728, 700438.0
32, 69.998401, 663.545820, 37.836406, 183.184478, 4722, 701584.0
33, 70.908163, 662.306795, 38.299388, 176.790439, 4572, 680046.0
34, 70.107887, 662.406040, 37.760941, 182.210286, 4713, 699718.0
35, 73.769141, 662.951792, 37.327045, 212.696208, 4649, 687797.0
36, 71.751969, 662.946786, 38.427994, 191.998523, 4570, 676756.0
37, 68.957330, 662.170486, 37.404791, 179.371927, 4890, 727703.0
38, 70.484378, 664.006920, 36.673911, 203.647871, 4745, 702223.0
39, 68.340241, 661.893047, 37.894619, 166.746186, 4838, 718951.0
40, 71.608906, 663.433547, 37.441507, 191.181902, 4602, 681286.0
41, 71.223292, 664.358290, 36.373682, 181.464520, 4649, 700447.0
42, 68.155749, 662.625154, 38.022107, 185.708196, 4785, 712852.0
43, 72.490016, 663.102870, 37.458015, 206.770452, 4713, 698243.0
44, 71.338508, 662.941100, 38.811975, 169.490778, 4716, 701802.0
45, 69.025310, 663.079581, 38.883267, 190.971899, 4671, 703475.0
46, 69.844554, 664.703871, 36.382208, 198.393027, 4806, 713917.0
47, 71.153920, 664.258757, 36.803570, 193.505351, 4585, 678101.0
48, 69.530524, 662.562729, 37.523112, 187.386233, 4731, 703633.0
49, 71.861733, 663.390125, 36.778816, 186.479454, 4687, 693962.0
50, 72.632368, 663.760054, 36.215546, 183.327997, 4663, 697818.0
51, 72.852710, 664.271969, 37.448981, 199.153149, 4632, 685431.0
52, 66.440069, 663.739663, 36.436601, 165.021064, 4710, 698577.0
53, 70.876971, 663.508452, 36.919243, 222.139715, 4417, 652952.0
54, 71.519791, 662.915805, 38.469772, 203.193446, 4599, 685737.0
55, 69.048648, 663.762150, 37.669256, 168.757066, 4848, 722096.0
56, 70.950013, 664.238280, 37.905959, 192.357143, 4683, 694458.0
57, 68.472893, 662.583808, 37.015418, 173.209795, 4784, 719348.0
58, 70.212682, 663.225798, 37.708420, 186.909925, 4760, 708009.0
59, 69.132752, 663.601205, 37.924096, 174.068735, 4757, 707526.0
60, 71.851972, 664.499965, 37.257909, 190.247850, 4601, 681132.0
61, 68.694875, 663.626366, 37.858146, 153.741693, 4834, 719058.0
62, 68.891759, 662.714409, 37.731316, 162.847241, 4820, 715772.0
63, 68.600164, 663.631107, 36.442857, 179.827740, 4791, 710727.0
64, 70.599255, 664.450977, 37.091989, 189.360202, 4728, 701403.0
65, 67.680278, 663.338482, 36.861342, 180.889614, 4807, 713033.0
66, 68.403264, 662.674990, 37.737497, 171.279613, 4794, 711617.0
67, 72.551905, 663.616727, 36.456537, 214.122832, 4507, 664506.0
68, 66.705008, 662.317040, 37.662283, 183.645433, 4652, 689940.0
69, 69.394303, 662.912561, 37.761481, 207.567887, 4627, 685884.0
70, 68.276270, 663.832352, 36.846905, 165.625739, 4797, 714563.0
71, 69.869544, 664.868058, 37.039250, 191.918873, 4864, 726934.0
72, 71.267243, 663.013932, 37.702410, 199.833097, 4571, 680295.0
73, 65.151776, 662.943677, 37.491516, 183.145369, 4629, 716586.0
74, 69.738883, 663.947887, 36.667488, 175.130416, 4815, 715030.0
75, 69.580618, 663.252430, 38.106471, 185.560529, 4866, 723017.0
76, 67.133875, 663.284012, 36.298762, 185.245614, 4567, 681315.0
77, 67.446096, 662.642493, 37.496656, 163.675194, 4864, 723836.0
78, 69.914480, 663.142942, 37.350184, 181.061142, 4810, 715966.0
79, 70.613073, 662.316774, 38.343421, 204.068904, 4624, 687171.0
80, 67.642886, 663.326854, 37.627617, 168.275090, 4814, 733778.0
81, 68.249613, 663.205470, 37.747613, 161.733722, 4807, 714365.0
82, 68.652396, 663.897797, 36.193419, 159.419357, 4906, 729079.0
83, 71.343676, 664.418866, 36.141333, 190.028483, 4894, 724900.0
84, 68.074583, 662.286383, 37.525926, 177.955309, 4816, 716085.0
85, 70.424182, 665.071524, 36.593479, 204.554052, 4565, 678357.0
86, 67.930493, 663.457923, 37.628666, 173.648984, 4679, 697455.0
87, 67.616274, 663.028258, 36.844199, 170.637713, 4755, 701989.0
88, 67.277626, 663.232034, 36.763163, 174.025109, 4725, 701407.0
89, 68.860778, 664.841553, 36.157857, 156.768830, 4921, 732122.0
90, 72.022014, 663.975190, 35.997119, 214.557992, 4571, 674834.0
91, 68.409356, 661.950365, 38.036430, 176.490587, 4770, 709111.0
92, 67.702816, 662.059819, 38.166504, 187.089132, 4942, 733771.0
93, 67.493492, 662.740057, 37.461139, 193.620949, 4696, 696396.0
94, 70.119675, 664.212082, 36.636486, 171.915603, 4846, 719282.0
95, 69.362463, 663.145871, 38.547779, 166.709273, 4834, 718570.0
96, 68.798551, 664.218964, 35.735861, 172.307480, 4937, 732157.0
97, 69.466408, 664.228633, 36.192796, 175.163970, 4838, 718428.0
98, 69.525891, 663.213864, 37.133052, 164.233215, 4978, 740946.0
99, 68.669373, 664.291867, 36.787874, 180.972865, 4702, 698765.0
100, 66.213334, 662.515953, 37.575252, 170.213579, 4672, 693496.0
101, 69.681852, 663.409921, 36.781441, 202.552656, 4680, 693476.0
102, 67.384158, 662.436706, 38.201766, 162.177973, 4771, 709056.0
103, 68.476402, 662.690353, 38.529879, 173.950248, 4863, 722439.0
104, 69.591999, 664.665753, 35.711519, 180.889239, 4774, 724063.0
105, 68.337230, 663.288989, 36.838838, 188.093995, 4721, 702107.0
106, 71.412395, 664.698944, 36.343489, 195.721998, 4694, 695577.0
107, 70.689100, 662.957714, 38.159931, 181.086726, 4765, 706381.0
108, 68.454436, 663.354767, 37.152501, 187.941247, 4605, 683383.0
109, 69.157471, 663.874108, 37.159923, 177.885305, 4779, 709257.0
110, 69.022746, 664.583752, 36.878736, 177.451365, 4831, 719106.0
111, 69.703596, 663.820097, 37.445227, 183.950856, 4600, 683595.0
112, 69.952088, 662.165779, 37.565949, 189.390451, 4847, 719860.0
113, 69.851284, 662.655506, 38.362300, 161.516275, 4899, 728575.0
114, 71.527419, 664.788030, 36.733542, 198.347879, 4637, 685617.0
115, 67.083572, 662.699851, 38.268652, 168.789391, 4793, 713469.0
116, 72.061261, 664.570126, 36.460685, 223.582165, 4543, 669975.0
117, 70.333075, 664.769622, 36.120594, 216.969325, 4528, 670758.0
118, 68.866483, 663.266957, 37.969354, 193.611179, 4807, 713315.0
119, 66.051121, 663.313394, 37.744817, 150.708336, 4803, 714264.0
120, 66.936466, 663.262497, 38.070177, 158.178927, 4770, 708629.0
121, 67.075905, 663.694696, 35.978135, 178.444209, 4568, 677546.0
122, 71.657274, 662.778210, 37.819576, 204.972020, 4524, 668876.0
123, 69.736170, 663.308837, 37.812171, 177.614978, 4858, 721351.0
124, 70.388163, 662.941303, 37.188523, 162.937364, 4815, 714668.0
125, 68.400944, 662.234014, 37.882134, 184.681520, 4857, 721310.0
126, 68.421487, 662.984731, 38.696067, 180.726897, 4805, 714947.0
127, 66.578693, 662.717136, 37.266602, 171.652253, 4673, 692082.0
128, 70.766207, 663.859762, 37.003640, 191.853017, 4796, 710731.0
129, 70.308165, 662.885957, 37.351212, 184.129421, 4825, 719726.0
130, 69.841968, 665.052760, 36.759670, 175.660130, 4845, 721731.0
131, 70.968296, 663.152040, 38.516896, 199.635044, 4522, 669668.0
132, 71.537898, 662.567061, 38.160843, 193.014644, 4684, 693796.0
133, 68.267048, 664.260685, 36.131145, 159.230932, 4780, 708732.0
134, 69.227297, 664.249391, 36.073674, 198.280729, 4752, 705032.0
135, 71.430830, 664.820470, 36.260043, 215.860336, 4584, 682171.0
136, 71.346618, 662.497084, 37.646104, 202.497979, 4572, 698317.0
137, 70.019787, 663.549003, 37.215959, 178.918370, 4778, 713601.0
138, 68.561590, 662.443424, 37.293342, 165.967006, 4834, 722852.0
139, 71.120288, 662.934153, 37.955401, 199.308550, 4636, 688876.0
140, 69.299443, 664.907944, 36.153879, 184.944784, 4978, 741675.0
141, 70.719416, 663.694123, 35.980951, 183.433919, 4822, 716759.0
142, 71.055022, 663.678280, 37.808082, 183.086149, 4762, 706997.0
143, 69.789096, 662.327794, 37.380658, 178.309074, 4817, 718250.0
144, 73.487888, 663.693810, 37.348625, 203.679814, 4639, 688641.0
145, 69.093975, 664.780182, 36.302376, 188.182029, 4874, 726677.0
146, 68.946266, 664.043324, 36.622730, 170.224460, 4824, 715338.0
147, 73.557538, 664.177320, 36.747455, 217.604325, 4686, 689989.0
148, 69.122572, 663.234677, 37.061055, 179.549140, 4849, 720182.0
149, 73.051001, 662.844532, 37.620925, 206.515266, 4698, 695869.0
150, 66.724621, 662.637011, 37.059627, 191.479202, 4521, 670443.0
151, 71.382648, 662.752983, 37.479736, 211.876273, 4652, 693765.0
152, 73.049405, 662.691791, 37.970342, 203.521266, 4684, 691997.0
153, 70.598254, 663.918871, 37.010929, 189.052457, 4757, 704536.0
154, 69.271858, 663.923711, 37.138104, 162.687700, 4861, 721289.0
155, 70.443612, 663.552293, 37.710595, 175.745434, 4898, 728734.0
156, 67.193187, 662.392301, 37.337173, 180.528789, 4631, 686661.0
157, 68.408054, 661.479798, 38.103993, 187.442042, 4756, 706307.0
158, 72.125357, 663.051615, 37.949677, 210.742205, 4655, 688963.0
159, 69.742036, 662.842695, 36.989411, 171.175304, 4875, 724817.0
160, 72.632272, 662.742002, 37.721278, 194.999460, 4488, 663875.0
161, 72.802458, 664.441059, 36.909363, 214.457340, 4595, 678295.0
162, 71.733222, 662.640041, 37.043730, 187.472565, 4663, 689503.0
163, 71.768045, 663.059429, 37.299876, 201.026217, 4655, 690067.0
164, 69.371422, 663.354930, 37.582577, 182.066185, 4789, 712033.0
165, 71.159304, 663.413606, 37.184869, 177.689692, 4689, 694284.0
166, 69.201087, 663.995423, 37.555513, 172.051484, 4743, 704554.0
167, 71.163270, 663.449107, 36.220833, 198.379616, 4453, 657290.0
168, 70.627348, 662.487105, 38.495504, 181.342709, 4717, 701159.0
169, 67.860344, 663.825472, 35.847838, 185.006136, 4584, 679761.0
170, 70.864882, 664.391045, 36.741051, 190.075024, 4793, 710290.0
171, 67.793861, 662.186372, 38.220777, 166.742525, 4724, 702591.0
172, 69.641144, 663.249910, 37.226821, 193.019547, 4697, 698565.0
173, 71.757669, 662.959704, 37.342066, 175.919426, 4704, 696761.0
174, 68.570234, 662.934226, 37.841429, 182.570642, 4659, 692436.0
175, 70.383504, 661.870533, 38.137668, 192.767370, 4664, 692794.0
176, 71.169142, 662.673452, 37.830329, 196.721772, 4786, 709246.0
177, 73.511989, 663.980963, 37.132512, 197.377570, 4660, 687900.0
178, 67.851625, 663.150472, 36.652095, 175.713025, 4649, 689572.0
179, 69.114204, 664.025192, 37.382625, 184.653159, 4814, 714785.0
180, 69.411725, 664.091919, 36.182184, 197.504223, 4765, 706044.0
181, 68.266526, 662.967053, 36.756394, 153.341020, 4879, 758276.0
182, 68.602339, 662.461255, 37.611415, 183.950109, 4765, 708491.0
183, 68.020424, 662.797023, 37.657502, 168.529231, 4741, 735996.0
184, 72.096165, 664.084351, 37.130069, 210.415588, 4551, 672151.0
185, 70.964439, 662.281126, 37.469407, 166.582334, 4921, 731044.0
186, 68.054978, 662.509754, 37.027516, 179.881556, 4787, 711288.0
187, 69.368636, 661.957998, 37.506412, 183.457787, 4672, 693806.0
188, 70.412067, 663.485835, 37.059039, 192.981809, 4730, 701906.0
189, 68.310464, 664.577284, 35.206030, 192.411262, 4630, 686845.0
190, 69.510046, 662.003756, 37.587664, 173.571772, 4881, 726054.0
191, 69.914831, 664.328903, 37.270905, 174.492554, 4828, 717349.0
192, 72.599230, 662.842273, 37.796446, 193.859347, 4624, 684423.0
193, 70.719946, 662.638329, 38.873867, 199.360740, 4562, 676866.0
194, 71.050438, 663.768467, 37.764242, 182.845147, 4539, 673571.0
195, 72.710524, 662.349307, 37.667180, 195.723089, 4748, 703845.0
196, 72.888973, 661.929192, 38.281089, 183.731590, 4675, 694174.0
197, 70.029772, 664.011292, 37.159458, 166.854881, 4831, 718682.0
198, 69.259937, 663.190814, 38.109523, 154.982965, 4863, 723315.0
199, 70.534525, 664.231151, 36.758537, 187.425910, 4694, 718664.0
200, 71.810882, 663.162047, 38.221458, 178.863869, 4777, 709248.0
201, 70.992957, 662.106386, 37.319814, 182.131679, 4757, 706592.0
202, 69.349015, 663.207879, 37.943275, 175.655300, 4937, 734953.0
203, 71.757915, 662.778135, 38.894749, 179.992291, 4762, 707763.0
204, 70.553774, 662.135630, 38.478138, 197.864682, 4811, 713746.0
205, 70.083460, 664.380966, 37.196816, 184.408062, 4692, 696015.0
206, 71.289517, 663.529276, 36.655218, 198.775113, 4540, 670587.0
207, 70.337900, 664.016296, 35.891331, 192.782316, 4657, 689980.0
208, 70.625415, 663.885457, 36.349659, 195.360812, 4713, 698094.0
209, 73.340144, 664.302043, 36.897558, 204.946671, 4676, 690138.0
210, 74.042788, 663.988039, 37.330709, 236.914111, 4602, 678422.0
211, 72.311496, 664.457248, 36.523050, 190.189414, 4625, 684265.0
212, 72.810309, 664.684059, 37.017632, 218.373965, 4587, 678283.0
213, 72.533368, 663.015398, 37.616500, 241.846443, 4475, 661026.0
214, 73.383067, 663.682881, 38.265628, 215.032967, 4677, 690761.0
215, 72.798851, 664.319058, 36.735147, 199.886079, 4553, 683928.0
216, 69.266812, 662.073497, 37.653675, 185.060139, 4864, 722991.0
217, 70.274957, 663.060086, 37.659617, 177.035666, 4865, 722339.0
218, 69.945930, 663.744558, 36.336357, 189.541047, 4676, 693492.0
219, 74.742710, 664.077899, 36.210176, 251.325239, 4564, 671147.0
220, 72.389896, 663.652199, 38.570833, 196.718428, 4644, 687826.0
221, 72.095963, 663.309368, 37.808731, 212.251639, 4584, 678679.0
222, 70.967429, 663.374540, 37.650700, 199.505472, 4626, 687307.0
223, 71.971079, 664.602756, 36.076123, 192.399819, 4646, 686615.0
224, 69.755121, 662.071976, 38.355812, 180.228954, 4838, 718861.0
225, 71.197096, 662.392052, 38.356121, 177.861736, 4768, 706472.0
226, 69.832478, 662.560229, 38.568896, 160.761197, 4858, 719838.0
227, 70.101382, 664.374588, 35.567171, 202.774632, 4654, 688941.0
228, 71.330794, 664.504587, 37.010118, 188.422785, 4729, 701425.0
229, 72.362136, 663.891900, 36.676803, 195.118689, 4574, 676268.0
230, 69.932789, 663.136298, 36.917710, 199.032656, 4690, 695429.0
231, 76.786010, 664.560958, 36.506227, 238.597649, 4737, 697754.0
232, 71.219118, 663.387761, 38.167052, 181.146293, 4619, 685370.0
233, 71.076837, 662.905924, 37.846829, 165.130059, 4889, 726104.0
234, 69.307445, 663.553495, 36.894011, 186.906056, 4817, 714820.0
235, 72.004332, 663.431892, 37.905158, 184.583666, 4705, 696878.0
236, 69.686206, 663.287998, 38.741151, 177.437626, 4791, 715510.0
237, 69.354623, 664.130950, 37.123562, 187.606183, 4909, 729508.0
238, 69.747461, 662.687338, 37.688913, 183.406580, 4771, 715855.0
239, 72.672974, 664.329382, 37.061767, 177.114373, 4672, 689850.0
240, 68.838071, 662.860488, 37.183885, 188.838465, 4843, 718736.0
241, 69.581049, 663.036357, 37.606960, 179.084176, 4781, 709309.0
242, 68.299523, 662.345735, 38.245049, 163.976962, 4885, 726191.0
243, 71.885619, 663.877258, 37.558199, 199.789912, 4641, 686444.0
244, 69.308857, 664.485959, 36.201036, 178.110608, 4867, 722261.0
245, 67.199147, 661.924609, 37.678781, 170.232733, 4659, 692676.0
246, 68.404181, 662.535277, 37.271942, 169.215527, 4827, 737957.0
247, 70.145502, 664.395803, 36.622016, 176.844552, 4884, 724595.0
248, 71.334521, 663.138335, 36.869695, 225.166394, 4652, 689457.0
249, 70.389670, 664.485866, 37.341341, 177.500412, 4792, 723497.0
250, 70.759764, 663.344862, 36.450913, 172.568881, 4718, 700052.0
251, 69.123644, 662.639038, 37.067441, 223.849047, 4647, 690104.0
252, 72.138834, 664.444584, 36.143519, 208.963954, 4489, 662626.0
253, 69.585934, 664.815373, 36.739289, 186.531950, 4799, 711704.0
254, 69.514330, 663.944528, 37.499985, 183.779454, 4820, 715141.0
255, 69.832763, 662.635952, 37.786665, 197.007954, 4573, 678256.0
256, 72.709908, 663.551575, 35.982603, 216.332099, 4487, 660564.0
257, 73.178764, 662.533960, 38.066184, 193.118701, 4663, 691169.0
258, 69.444277, 663.195124, 36.962812, 172.050492, 4878, 725216.0
259, 69.186715, 662.579256, 38.565512, 181.840854, 4718, 704760.0
260, 69.608130, 663.766706, 37.242326, 185.162034, 4885, 725997.0
261, 73.191870, 664.770176, 37.188574, 233.238146, 4510, 665483.0
262, 71.592136, 663.069685, 37.896771, 167.542278, 4754, 720356.0
263, 69.922669, 664.043375, 36.107483, 181.744246, 4694, 696876.0
264, 70.637806, 662.687281, 37.675732, 161.306850, 4830, 717726.0
265, 66.358657, 663.601701, 37.519727, 184.787148, 4814, 721230.0
266, 69.757527, 663.716330, 37.615295, 193.452940, 4629, 685976.0
267, 69.547764, 662.648344, 37.366331, 203.285623, 4673, 693548.0
268, 73.573654, 663.711308, 36.364684, 255.266576, 4582, 676915.0
269, 68.017403, 662.882227, 37.004783, 172.367247, 4836, 718130.0
270, 71.476242, 662.886614, 37.624326, 210.349355, 4643, 687868.0
271, 73.792517, 664.072459, 37.697905, 217.704350, 4664, 688713.0
272, 70.001106, 663.286813, 37.768020, 179.464555, 4766, 707695.0
273, 69.588333, 663.758375, 37.416510, 188.832292, 4710, 701279.0
274, 68.494961, 662.781663, 38.098092, 174.893048, 4750, 705570.0
275, 70.634649, 665.315130, 36.097866, 198.072947, 4817, 716567.0
276, 69.839714, 663.491823, 37.387093, 189.291671, 4865, 725395.0
277, 70.793446, 664.272970, 36.792850, 185.265832, 4864, 724417.0
278, 70.799582, 663.263265, 37.147107, 190.204508, 4662, 713056.0
279, 67.825103, 662.428466, 37.959667, 164.448884, 4788, 713667.0
280, 73.678268, 663.217938, 36.930401, 228.432236, 4667, 689635.0
281, 72.552028, 662.762452, 38.019103, 188.321423, 4652, 696956.0
282, 70.151938, 662.873655, 37.853630, 166.410965, 4887, 735212.0
283, 73.552774, 665.221743, 36.287941, 217.390693, 4438, 664374.0
284, 72.148286, 663.200451, 37.763352, 201.845620, 4598, 690539.0
285, 71.180565, 662.409338, 37.939193, 194.390665, 4730, 701921.0
286, 69.308942, 663.473361, 37.416120, 191.197993, 4911, 728495.0
287, 69.619707, 662.319293, 38.485039, 183.407987, 4784, 713221.0
288, 70.261850, 663.434384, 37.118401, 189.030838, 4694, 695568.0
289, 69.047406, 661.920671, 38.573198, 164.207302, 4751, 706149.0
290, 71.583460, 663.931162, 37.952696, 191.755100, 4757, 705055.0
291, 70.661282, 662.871473, 37.860630, 175.331047, 4781, 716015.0
292, 71.806092, 663.804859, 36.861911, 188.167771, 4666, 691968.0
293, 69.509538, 664.490147, 37.248457, 181.077642, 4919, 742348.0
294, 70.830205, 663.262420, 37.962474, 188.951185, 4825, 727217.0
295, 67.989095, 663.253549, 37.872030, 171.524421, 4892, 736504.0
296, 69.119215, 663.243087, 38.075173, 168.634916, 4860, 726492.0
297, 70.543708, 663.856278, 36.692948, 221.333808, 4638, 687433.0
298, 69.231980, 663.359160, 36.528023, 194.994883, 4781, 708236.0
299, 72.108150, 664.480435, 36.377320, 207.316776, 4553, 672311.0
300, 70.434853, 662.829815, 37.123907, 165.417238, 4761, 706151.0
301, 70.605543, 664.111256, 37.204530, 163.766269, 4927, 740566.0
302, 69.101801, 662.599647, 37.495110, 167.448934, 4888, 743854.0
303, 69.336280, 663.804300, 37.037727, 191.123513, 4780, 716638.0
304, 69.755375, 663.840377, 35.998264, 211.679241, 4632, 697024.0
305, 69.557879, 663.827828, 36.930508, 159.353127, 4887, 735792.0
306, 70.007834, 663.900582, 37.210217, 178.783329, 4822, 732630.0
307, 71.255753, 663.710181, 36.642001, 196.630479, 4566, 679397.0
308, 70.176364, 664.106500, 36.636543, 181.123567, 4921, 741584.0
309, 69.946382, 664.383712, 36.517945, 171.607478, 4923, 739806.0
310, 70.737543, 663.403201, 37.053372, 176.224003, 4830, 717210.0
311, 70.581624, 663.062033, 38.813507, 203.546576, 4642, 688657.0
312, 70.502058, 662.705276, 37.532673, 205.982713, 4691, 695166.0
313, 67.767371, 663.772811, 36.858922, 194.617660, 4617, 683963.0
314, 71.839351, 663.719451, 37.295973, 197.219710, 4711, 696764.0
315, 71.303723, 663.503592, 38.685350, 182.648839, 4515, 668864.0
316, 74.527816, 664.392488, 36.333668, 220.522657, 4652, 685221.0
317, 72.606631, 663.888373, 37.246716, 219.790732, 4670, 690510.0
318, 71.187073, 664.819931, 36.793503, 219.906005, 4632, 686978.0
319, 69.732248, 663.388650, 36.514015, 199.182281, 4754, 704534.0
320, 74.018346, 665.133925, 36.546334, 223.824396, 4628, 681182.0
321, 72.209341, 664.991285, 36.551698, 177.594012, 4638, 685391.0
322, 71.042294, 662.962875, 38.080092, 175.132722, 4885, 727716.0
323, 74.815983, 664.349602, 36.385111, 251.197915, 4561, 675184.0
324, 72.466959, 662.962408, 37.506509, 217.765622, 4573, 676308.0
325, 69.598842, 664.070640, 36.953005, 205.319798, 4608, 705729.0
326, 74.151692, 664.286505, 36.263341, 227.151832, 4613, 680210.0
327, 73.870891, 663.255529, 36.991884, 230.927764, 4668, 688223.0
328, 69.486730, 663.677843, 37.749860, 180.684686, 4879, 724562.0
329, 69.830498, 664.022412, 35.673412, 205.095350, 4779, 706856.0
330, 71.143299, 665.880218, 35.032599, 207.794566, 4532, 671115.0
331, 70.791496, 664.591041, 36.557746, 194.982049, 4719, 699886.0
332, 69.085387, 662.854848, 38.287142, 169.367108, 4851, 720349.0
333, 69.872836, 664.147470, 37.545356, 187.226376, 4792, 711058.0
334, 68.178464, 662.164887, 37.974475, 180.181404, 4916, 730805.0
335, 69.107267, 663.289808, 38.014770, 176.482419, 4861, 722426.0
336, 69.440786, 662.767734, 38.736259, 181.051800, 4724, 701321.0
337, 69.527641, 663.445705, 38.030119, 173.329788, 4823, 715649.0
338, 71.097749, 663.787493, 37.991838, 184.035840, 4701, 699763.0
339, 71.999633, 663.570593, 38.003006, 181.736845, 4726, 698991.0
340, 73.174754, 665.008894, 35.528975, 221.992583, 4552, 669973.0
341, 67.298591, 662.947038, 37.528912, 174.441920, 4860, 726624.0
342, 68.947260, 661.847031, 37.534782, 180.810369, 4731, 702755.0
343, 72.127804, 663.500842, 36.404387, 200.927252, 4583, 677059.0
344, 71.049413, 664.340560, 36.317316, 195.654681, 4725, 701024.0
345, 71.339145, 664.405982, 36.460198, 195.225900, 4672, 690589.0
346, 69.584815, 663.631666, 37.544008, 181.063957, 4957, 737561.0
347, 71.413659, 663.043320, 38.309298, 176.464616, 4685, 695483.0
348, 72.171361, 664.460315, 36.573142, 203.717968, 4594, 679468.0
349, 68.603744, 662.889123, 37.917378, 160.957042, 4872, 724720.0
350, 73.323230, 663.375955, 37.333857, 205.437228, 4647, 687982.0
351, 70.901155, 661.959328, 38.598547, 179.084554, 4702, 697562.0
352, 69.298478, 662.793613, 38.029253, 173.967705, 4897, 728438.0
353, 69.945475, 662.768372, 38.693752, 194.937604, 4674, 693258.0
354, 69.009124, 663.601585, 37.545246, 183.589147, 4827, 717164.0
355, 69.585778, 663.384681, 38.199159, 172.892267, 4845, 721102.0
356, 70.296567, 663.352501, 38.592557, 173.833024, 4739, 707489.0
357, 69.614263, 662.391826, 38.409838, 167.404383, 4793, 717557.0
358, 66.990655, 662.699269, 36.908082, 172.212345, 4754, 707336.0
359, 70.978213, 663.411280, 38.333763, 182.077379, 4813, 715829.0
360, 69.428127, 662.171573, 37.334986, 197.231654, 4659, 692660.0
361, 70.323840, 662.814524, 37.583140, 203.257836, 4777, 709522.0
362, 72.557165, 664.089915, 38.486002, 201.169662, 4707, 698270.0
363, 71.467541, 664.224795, 36.479674, 219.944444, 4572, 675328.0
364, 70.018408, 664.372090, 36.970195, 184.877890, 4998, 743104.0
365, 67.899262, 661.804509, 38.016345, 175.713569, 4821, 716902.0
366, 69.251773, 664.216925, 36.261959, 162.990507, 4879, 725551.0
367, 70.100265, 664.344172, 36.455082, 201.292108, 4685, 694504.0
368, 71.567991, 663.015699, 38.108748, 182.550411, 4665, 691635.0
369, 69.945579, 663.359925, 36.694138, 200.693135, 4832, 717607.0
370, 73.261520, 663.191080, 37.262660, 201.165587, 4630, 684463.0
371, 71.446176, 664.501043, 36.982421, 195.556384, 4701, 697259.0
372, 69.879311, 663.656300, 36.732022, 184.877185, 4731, 702325.0
373, 67.921798, 663.000474, 36.969569, 173.812779, 4819, 720657.0
374, 73.600468, 665.344986, 37.567880, 205.975408, 4653, 687693.0
375, 73.883499, 664.097383, 36.710125, 221.324986, 4683, 702930.0
376, 68.747372, 664.055591, 37.099640, 187.524614, 4684, 692270.0
377, 69.803772, 664.472266, 37.625819, 181.164989, 4693, 694770.0
378, 72.509545, 663.845651, 36.975048, 212.260946, 4640, 683160.0
379, 72.219752, 663.860611, 37.313688, 200.042368, 4711, 696603.0
380, 70.932427, 663.027563, 37.914153, 185.013517, 4856, 761248.0
381, 69.469394, 662.949653, 37.942601, 212.935552, 4607, 690580.0
382, 70.967154, 663.570835, 37.750644, 178.399791, 4857, 738988.0
383, 70.555553, 663.141646, 37.699585, 187.244459, 4776, 713886.0
384, 71.698280, 663.412639, 37.143309, 185.964916, 4684, 693495.0
385, 70.975709, 663.973893, 37.575923, 191.997387, 4612, 684059.0
386, 73.019186, 664.108428, 36.689365, 213.449600, 4552, 671354.0
387, 72.985836, 661.919338, 38.084283, 207.586762, 4689, 694192.0
388, 69.672889, 662.880511, 36.965838, 197.603901, 4651, 701494.0
389, 73.302789, 664.277837, 36.437066, 226.042614, 4665, 695751.0
390, 75.072622, 664.726256, 36.859676, 211.157310, 4667, 690810.0
391, 72.967219, 664.312190, 36.644583, 247.379863, 4548, 671165.0
392, 71.258183, 663.118247, 37.199390, 188.992692, 4638, 688210.0
393, 73.635815, 663.490621, 36.937819, 221.558215, 4658, 689684.0
394, 71.714326, 662.510659, 37.104703, 202.496170, 4593, 681388.0
395, 70.350701, 661.894733, 38.077475, 204.605085, 4605, 686843.0
396, 74.599499, 664.720287, 37.715681, 206.486074, 4651, 691830.0
397, 71.472494, 662.934712, 37.034063, 218.423758, 4610, 686666.0
398, 72.429253, 663.046988, 37.311604, 206.194517, 4662, 694173.0
399, 73.693808, 663.779702, 37.587553, 216.873234, 4591, 684274.0
400, 73.141849, 662.499561, 37.645868, 203.699674, 4674, 693891.0
401, 70.250727, 664.309145, 36.521212, 189.014298, 4854, 723143.0
402, 71.158947, 662.998867, 37.570189, 194.576775, 4695, 698627.0
403, 73.946506, 664.885749, 37.563934, 213.648304, 4658, 691493.0
404, 71.265638, 664.230626, 38.049395, 195.952759, 4769, 712338.0
405, 73.277951, 663.188004, 37.543065, 207.731836, 4654, 691313.0
406, 70.781719, 662.387713, 38.313377, 188.342299, 4804, 718287.0
407, 74.196158, 663.848141, 37.669628, 213.068772, 4658, 697257.0
408, 71.161205, 662.750992, 38.054162, 183.312786, 4862, 724490.0
409, 71.476419, 664.580812, 37.374542, 201.579407, 4565, 679354.0
410, 69.764996, 664.135723, 36.555272, 217.787922, 4722, 697638.0
411, 73.953672, 663.164920, 37.835680, 205.957157, 4729, 699648.0
412, 74.192101, 663.248652, 38.302872, 227.824938, 4715, 697511.0
413, 73.668455, 661.650058, 38.622913, 200.879268, 4652, 689972.0
414, 71.074042, 663.978147, 37.867557, 219.884094, 4534, 675531.0
415, 74.505329, 663.429137, 37.433116, 222.096904, 4602, 677706.0
416, 69.586470, 662.368194, 36.690630, 192.001415, 4637, 686129.0
417, 71.516742, 663.169333, 37.181865, 205.648792, 4584, 677603.0
418, 71.738572, 663.727861, 36.071094, 205.073520, 4639, 684766.0
419, 72.916882, 661.064814, 39.055804, 187.483183, 4701, 696303.0
420, 69.907289, 663.794106, 37.390391, 196.258506, 4720, 723931.0
421, 71.432393, 663.218735, 39.187741, 192.180580, 4683, 693520.0
422, 67.627918, 663.190730, 37.351998, 187.284585, 4692, 695459.0
423, 72.113254, 664.086709, 37.312304, 212.728166, 4611, 680243.0
424, 72.351500, 662.790331, 37.489445, 201.410215, 4683, 692030.0
425, 72.248732, 663.909784, 37.742823, 214.981774, 4541, 670357.0
426, 71.361971, 663.145295, 37.017019, 191.251386, 4688, 694772.0
427, 71.738815, 664.182541, 37.554214, 198.980232, 4727, 699778.0
428, 72.407454, 662.913610, 37.372322, 206.498878, 4675, 693202.0
429, 74.318744, 664.640168, 36.137020, 233.874784, 4675, 690082.0
430, 70.243350, 663.338329, 37.082816, 185.510124, 4818, 715582.0
431, 71.203620, 663.589977, 36.629782, 196.795693, 4663, 690430.0
432, 72.270989, 663.606129, 37.822183, 181.255628, 4723, 699539.0
433, 68.720393, 662.231913, 37.367156, 184.600895, 4721, 700454.0
434, 70.781566, 662.868087, 36.920552, 182.916195, 4703, 696653.0
435, 70.450299, 663.081996, 37.790615, 186.152486, 4825, 714946.0
436, 70.921536, 663.210441, 36.682629, 189.265581, 4620, 684980.0
437, 70.664849, 664.414151, 37.501244, 177.393454, 4831, 717271.0
438, 70.194167, 664.091914, 36.938828, 173.768504, 4870, 722939.0
439, 68.807394, 663.475790, 37.338112, 171.776606, 4804, 713757.0
440, 72.157547, 662.744896, 37.826524, 209.452177, 4544, 672938.0
441, 71.556901, 663.991244, 35.653251, 194.027961, 4730, 701667.0
442, 70.998451, 663.359030, 37.510464, 183.047487, 4835, 718202.0
443, 71.259849, 662.847456, 37.445383, 196.794423, 4647, 688164.0
444, 70.070295, 662.561746, 37.716307, 184.043284, 4709, 697891.0
445, 68.326079, 662.462609, 38.484418, 170.968571, 4822, 716728.0
446, 71.665341, 664.079365, 36.854365, 209.773101, 4465, 659163.0
447, 72.823929, 663.332185, 37.491248, 205.510962, 4631, 684117.0
448, 71.152981, 663.268757, 37.515390, 197.661003, 4589, 680402.0
449, 71.257731, 665.574522, 36.375355, 198.363112, 4587, 678777.0
450, 71.527187, 663.316611, 37.466783, 207.581927, 4600, 681686.0
451, 71.594784, 663.022703, 37.554938, 194.991358, 4674, 695956.0
452, 70.005127, 662.112879, 37.620696, 174.154724, 4836, 726973.0
453, 68.244286, 662.662100, 37.386020, 179.351871, 4770, 711893.0
454, 67.752048, 662.153453, 38.417742, 179.168440, 4758, 708081.0
455, 71.389511, 663.762778, 37.593230, 180.068830, 4637, 689960.0
456, 71.949143, 664.201706, 36.340620, 204.447151, 4707, 694451.0
457, 73.585553, 663.789343, 38.136000, 201.750486, 4724, 697874.0
458, 68.213329, 663.475710, 37.522521, 188.678751, 4759, 706623.0
459, 71.390200, 663.160883, 37.737043, 186.188836, 4782, 708416.0
460, 73.590053, 665.214690, 37.667162, 211.883490, 4707, 694194.0
461, 71.805351, 664.050177, 37.380680, 190.964691, 4589, 677845.0
462, 70.182209, 663.277679, 36.574491, 177.458766, 4885, 725253.0
463, 72.983091, 663.801875, 37.128935, 199.669567, 4620, 682582.0
464, 72.847660, 664.824757, 36.439181, 202.362481, 4545, 670129.0
465, 70.630994, 662.623004, 37.990170, 202.099596, 4781, 709005.0
466, 70.953659, 662.900552, 37.518499, 188.742990, 4660, 690517.0
467, 68.788514, 663.669623, 36.882788, 184.218887, 4775, 708022.0
468, 69.603262, 663.371169, 38.418484, 169.863919, 4776, 709788.0
469, 69.728547, 664.204283, 36.097416, 203.770809, 4627, 685626.0
470, 71.722225, 664.848973, 36.066979, 188.082128, 4624, 685089.0
471, 71.585046, 662.538708, 38.560803, 177.526045, 4648, 688460.0
472, 69.683937, 661.821929, 37.820124, 181.751030, 4649, 690134.0
473, 72.713921, 663.521345, 38.199618, 197.925425, 4697, 693583.0
474, 69.928686, 663.091403, 37.463504, 173.750362, 4820, 715147.0
475, 68.732612, 662.619573, 36.801351, 189.514789, 4743, 704103.0
476, 70.510961, 661.800659, 37.708513, 198.131492, 4907, 727900.0
477, 69.639759, 663.275941, 37.616056, 196.433456, 4719, 700812.0
478, 70.311717, 662.895444, 37.124513, 191.009392, 4793, 711116.0
479, 72.425508, 663.392023, 37.587558, 193.274699, 4665, 690016.0
480, 70.108074, 663.009325, 37.514996, 189.566108, 4573, 681013.0
481, 69.685576, 662.652358, 37.362948, 203.282133, 4607, 683523.0
482, 69.675249, 662.981873, 36.619546, 186.977334, 4845, 720423.0
483, 69.859564, 664.312354, 37.064290, 192.089117, 4742, 718308.0
484, 68.344312, 663.156409, 38.638481, 153.528973, 4891, 728600.0
485, 70.552613, 661.611822, 38.245928, 211.876705, 4715, 700001.0
486, 69.406651, 663.785890, 36.913226, 163.850296, 4894, 728139.0
487, 69.690525, 664.408865, 36.631951, 183.995207, 4813, 714543.0
488, 71.185872, 663.745924, 37.067032, 189.816594, 4638, 687745.0
489, 71.259850, 663.557488, 37.573625, 175.374077, 4852, 721319.0
490, 71.160726, 663.254203, 37.782987, 193.990261, 4607, 682854.0
491, 74.107275, 664.545542, 36.814839, 239.556608, 4597, 678972.0
492, 71.686814, 663.775313, 36.917844, 207.762424, 4579, 676936.0
493, 68.504335, 662.743296, 37.610264, 191.664586, 4822, 716632.0
494, 70.789118, 663.760217, 37.359164, 185.724069, 4845, 719173.0
495, 72.015698, 662.922812, 37.611328, 207.750225, 4653, 689453.0
496, 68.509677, 662.490322, 37.582399, 201.506842, 4770, 708143.0
497, 72.222573, 662.422155, 37.745145, 215.788562, 4524, 667701.0
498, 73.695291, 664.446993, 37.224081, 212.284385, 4677, 690307.0
499, 74.169924, 664.332994, 36.341397, 239.702169, 4569, 698246.0
500, 71.936831, 663.121003, 37.400132, 194.160075, 4631, 686281.0
501, 68.739076, 663.150794, 37.402302, 182.854799, 4844, 719875.0
502, 71.451057, 664.673862, 35.701035, 172.762226, 4698, 696305.0
503, 68.926470, 663.243573, 38.015729, 176.547752, 4783, 711336.0
504, 73.925347, 665.436050, 36.432028, 229.305766, 4602, 675159.0
505, 68.775951, 664.285619, 37.829590, 165.520101, 4795, 714043.0
506, 72.728044, 663.691959, 37.509389, 202.823616, 4708, 697161.0
507, 72.433052, 666.100267, 34.995301, 202.928663, 4569, 675056.0
508, 70.779260, 664.042736, 37.551765, 201.048377, 4553, 677241.0
509, 72.307867, 663.220399, 37.770805, 206.952519, 4689, 695618.0
510, 68.478131, 664.776981, 36.620000, 170.279080, 4856, 722236.0
511, 71.832300, 663.626789, 36.969522, 189.710949, 4624, 685474.0
512, 73.226633, 662.108493, 37.848337, 230.169011, 4536, 671962.0
513, 73.578786, 663.327829, 37.070911, 202.455591, 4651, 684907.0
514, 71.746548, 664.535229, 36.544674, 214.502363, 4503, 665146.0
515, 72.210218, 663.184252, 37.511180, 188.278563, 4532, 688839.0
516, 74.253060, 664.015050, 36.826068, 228.290128, 4631, 701429.0
517, 70.870746, 662.634912, 37.517373, 198.392993, 4741, 730631.0
518, 68.856517, 663.415114, 37.304124, 173.816982, 4838, 747075.0
519, 68.942034, 664.599417, 36.174358, 180.089928, 4766, 739116.0
520, 73.445825, 662.580508, 38.314494, 228.769775, 4587, 683700.0
521, 69.762328, 663.386567, 37.712534, 180.881701, 4754, 730621.0
522, 70.103379, 663.491144, 37.229700, 194.794961, 4794, 744632.0
523, 72.714260, 665.586448, 35.144557, 213.834074, 4457, 664406.0
524, 71.598124, 663.751451, 37.647633, 193.053747, 4701, 708457.0
525, 71.918946, 663.082996, 37.792467, 207.123183, 4642, 715141.0
526, 71.434379, 663.570196, 38.210044, 170.000018, 4833, 727637.0
527, 71.986960, 663.823157, 36.956273, 177.664085, 4751, 707125.0
528, 69.745735, 663.379256, 36.558907, 184.606057, 4837, 717590.0
529, 72.030941, 663.904759, 37.107829, 197.860853, 4523, 693630.0
530, 68.809729, 663.482981, 36.506767, 181.854582, 4765, 744961.0
531, 73.092943, 664.523273, 35.806002, 236.398089, 4590, 700341.0
532, 72.296499, 664.519839, 37.184506, 208.761790, 4630, 690667.0
533, 71.975070, 665.470124, 35.136709, 219.663850, 4519, 683351.0
534, 68.071721, 663.647579, 36.483175, 162.489757, 4835, 758696.0
535, 70.443565, 663.286291, 37.054600, 184.913970, 4780, 706930.0
536, 69.837398, 662.626146, 38.499790, 190.942166, 4732, 699635.0
537, 70.881563, 662.490965, 38.092514, 187.784439, 4799, 710376.0
538, 69.175471, 662.556636, 37.162684, 180.275139, 4903, 726282.0
539, 73.025718, 662.956342, 37.747427, 238.050620, 4487, 661144.0
540, 69.188250, 663.498956, 37.554103, 175.783266, 4861, 720048.0
541, 71.709609, 663.082855, 38.094311, 188.718566, 4648, 688376.0
542, 69.750457, 662.634427, 38.550630, 181.347917, 4861, 722389.0
543, 70.988604, 664.015101, 36.641801, 223.608159, 4700, 696173.0
544, 70.534808, 663.841803, 37.862214, 188.237110, 4809, 714684.0
545, 68.946524, 663.375669, 37.427770, 174.570520, 4841, 720821.0
546, 69.670048, 662.934511, 36.481134, 212.912790, 4585, 678966.0
547, 70.952732, 663.620053, 37.935687, 177.097386, 4907, 728859.0
548, 69.827798, 664.672386, 36.403515, 210.598662, 4703, 696803.0
549, 71.254295, 663.697147, 37.120065, 187.007194, 4891, 725217.0
550, 70.357521, 663.252452, 37.585198, 212.079897, 4658, 689581.0
551, 70.990303, 663.650843, 37.137792, 179.754501, 4758, 705071.0
552, 69.256631, 663.188056, 37.435752, 188.302738, 4826, 737650.0
553, 72.272099, 663.909113, 37.296660, 192.112041, 4530, 668933.0
554, 72.155513, 663.161024, 37.864787, 192.255287, 4613, 697750.0
555, 70.614485, 663.482045, 38.604037, 181.126746, 4802, 713952.0
556, 70.971075, 662.598831, 37.321476, 189.427473, 4788, 711655.0
557, 70.057121, 663.619868, 37.431056, 189.991297, 4816, 714783.0
558, 71.720696, 663.838339, 36.446871, 220.178455, 4531, 669464.0
559, 71.180988, 664.652219, 37.019822, 222.446804, 4609, 701080.0
560, 69.429112, 665.066071, 36.659726, 196.531506, 4867, 723351.0
561, 72.830424, 665.324853, 36.464122, 193.535816, 4706, 695889.0
562, 70.305128, 662.362542, 38.704488, 202.225768, 4754, 723704.0
563, 69.952205, 663.489060, 36.599612, 183.998810, 4885, 726053.0
564, 73.989357, 663.823121, 37.729690, 226.549281, 4632, 683204.0
565, 71.514105, 663.876785, 37.736065, 185.115717, 4720, 698984.0
566, 69.833283, 663.276856, 37.593480, 193.893665, 4877, 723060.0
567, 67.988511, 662.715069, 38.294691, 165.295883, 4796, 712978.0
568, 74.635398, 663.255102, 36.976352, 228.875393, 4671, 689836.0
569, 71.464168, 662.243875, 38.227197, 204.167883, 4748, 707813.0
570, 70.739486, 663.634518, 36.461253, 169.140190, 4950, 734269.0
571, 73.679588, 665.255829, 36.092376, 206.553361, 4625, 681716.0
572, 71.281368, 662.957914, 37.649341, 212.002415, 4450, 658075.0
573, 70.328821, 663.937561, 37.526255, 163.976752, 4821, 716850.0
574, 70.381893, 663.415875, 36.132452, 185.289752, 4662, 691209.0
575, 71.763987, 663.191066, 38.460887, 186.603887, 4763, 708638.0
576, 74.048887, 662.113257, 38.770232, 227.869379, 4587, 678737.0
577, 72.597585, 661.811055, 38.574999, 208.482945, 4614, 683107.0
578, 70.345564, 662.328905, 38.166321, 187.474752, 4742, 704178.0
579, 71.388757, 662.574586, 37.598516, 191.079958, 4632, 686781.0
580, 75.233716, 665.759547, 35.402828, 241.182172, 4659, 687920.0
581, 69.147173, 664.197131, 37.165239, 185.919837, 4845, 720659.0
582, 75.220307, 663.330089, 37.291760, 219.890505, 4610, 679615.0
583, 73.776492, 664.417979, 36.815330, 203.459631, 4686, 692941.0
584, 70.562330, 662.905555, 38.299152, 200.734758, 4624, 685252.0
585, 69.761548, 663.482013, 36.929869, 174.412271, 4874, 723348.0
586, 72.003649, 662.753648, 37.943769, 192.813023, 4614, 682666.0
587, 74.262996, 663.501920, 37.451933, 203.004335, 4583, 676012.0
588, 70.809336, 664.927658, 37.010107, 202.731034, 4481, 662283.0
589, 68.437344, 662.489214, 38.257920, 177.871024, 4713, 700543.0
590, 71.164639, 661.830553, 38.104639, 211.250470, 4469, 661513.0
591, 68.727190, 662.905922, 37.993349, 196.877743, 4776, 712781.0
592, 72.393852, 663.127856, 37.770867, 215.407417, 4662, 690357.0
593, 69.803314, 663.612310, 37.814737, 185.307233, 4903, 732300.0
594, 72.353942, 663.971755, 36.288068, 210.129236, 4575, 680751.0
595, 69.505726, 662.532308, 37.987036, 190.120901, 4700, 696858.0
596, 72.453238, 665.147729, 35.468580, 222.696422, 4467, 656866.0
597, 68.890117, 663.112338, 38.320627, 161.940092, 4795, 713477.0
598, 68.780604, 662.918626, 37.778316, 171.446817, 4901, 728693.0
599, 72.884042, 663.957770, 36.418953, 199.620702, 4651, 691798.0
600, 71.621026, 662.902182, 37.766543, 192.900002, 4561, 673105.0
601, 70.107622, 661.754635, 37.562864, 210.892598, 4613, 684052.0
602, 71.038018, 663.314122, 37.009325, 189.385354, 4657, 690909.0
603, 68.974926, 664.437156, 36.309716, 174.517852, 4781, 710439.0
604, 73.124800, 663.430643, 37.484352, 196.923169, 4658, 687993.0
605, 76.179775, 665.485853, 35.896711, 235.549500, 4612, 679422.0
606, 69.532943, 662.455753, 37.351311, 181.856643, 4798, 713330.0
607, 71.124207, 663.985668, 36.255535, 170.481701, 4817, 746806.0
608, 71.717634, 663.937088, 36.477494, 206.387670, 4544, 673881.0
609, 70.972900, 663.395806, 37.841909, 201.279452, 4848, 779536.0
610, 71.926290, 662.701997, 38.651082, 203.426995, 4685, 697395.0
611, 70.596060, 664.097674, 36.140562, 188.176714, 4624, 686844.0
612, 74.536348, 664.268435, 36.614030, 236.625052, 4499, 665025.0
613, 70.961334, 662.957290, 36.784399, 210.033841, 4645, 690549.0
614, 68.565563, 662.559082, 38.209444, 172.201990, 4854, 726711.0
615, 71.875968, 662.507917, 37.388895, 206.484546, 4583, 681169.0
616, 67.860997, 663.754899, 36.397150, 173.140236, 4687, 698520.0
617, 71.072624, 664.083574, 37.138514, 194.102806, 4722, 702700.0
618, 71.309720, 663.392015, 37.950451, 180.930112, 4831, 721088.0
619, 69.344137, 662.159736, 38.531758, 177.868991, 4846, 723028.0
620, 67.299362, 662.909516, 37.293364, 185.918060, 4622, 688356.0
621, 70.870267, 663.600373, 38.082020, 169.795199, 4840, 720948.0
622, 70.278845, 662.836846, 36.614230, 189.671081, 4677, 694878.0
623, 71.414458, 663.201191, 38.230871, 211.545445, 4645, 690654.0
624, 69.260281, 662.783066, 36.925672, 181.993706, 4761, 708503.0
625, 68.772388, 662.614693, 38.108435, 176.204098, 4792, 729064.0
626, 72.947675, 663.541922, 37.717597, 228.559630, 4613, 683577.0
627, 72.806789, 664.319216, 37.147785, 202.438461, 4572, 680279.0
628, 68.621473, 663.673632, 38.122529, 190.548119, 4784, 718531.0
629, 71.859633, 664.026670, 37.034171, 186.840503, 4741, 707897.0
630, 68.614297, 663.032516, 37.774945, 164.828313, 4924, 738079.0
631, 69.744161, 662.645838, 38.358594, 164.103115, 4814, 717869.0
632, 67.157013, 662.804049, 38.134855, 169.859228, 4710, 702482.0
633, 72.005241, 665.018944, 35.917129, 182.381294, 4634, 687568.0
634, 72.004235, 663.733306, 37.818014, 206.221271, 4595, 682619.0
635, 69.351086, 662.891715, 37.056194, 196.874584, 4739, 706037.0
636, 70.797725, 663.986019, 36.960939, 194.660953, 4467, 661596.0
637, 69.782916, 662.667561, 37.508339, 188.413826, 4859, 723691.0
638, 72.071028, 664.064203, 37.533351, 233.045505, 4502, 668232.0
639, 69.739587, 664.525135, 37.071138, 176.099869, 4767, 710424.0
640, 70.948734, 662.792613, 38.470322, 185.342063, 4803, 714884.0
641, 68.549673, 663.797887, 37.543093, 165.242494, 4893, 740777.0
642, 69.339232, 663.050348, 37.481069, 176.979062, 4801, 721458.0
643, 67.943298, 662.713761, 37.899670, 175.456046, 4651, 695748.0
644, 70.879346, 661.697564, 38.750127, 195.413082, 4707, 700557.0
645, 70.931362, 662.858236, 38.286948, 180.336026, 4740, 705206.0
646, 69.058085, 661.728658, 38.825527, 175.117755, 4820, 718290.0
647, 69.677457, 662.917717, 36.870199, 190.873638, 4613, 685002.0
648, 69.176721, 662.218594, 37.659185, 185.504646, 4884, 728249.0
649, 74.480319, 663.969015, 37.447043, 215.688418, 4644, 687071.0
650, 69.681744, 663.988878, 37.251384, 172.945613, 4833, 720879.0
651, 67.102925, 663.579294, 36.930321, 169.728939, 4752, 709067.0
652, 69.964765, 664.300010, 36.727877, 178.856725, 4806, 717236.0
653, 68.886545, 663.149818, 37.673625, 161.661259, 4900, 732369.0
654, 72.304312, 662.661127, 38.471747, 192.703343, 4634, 690196.0
655, 67.774530, 663.136340, 36.748597, 183.859689, 4696, 699478.0
656, 70.723170, 663.001278, 37.377987, 186.852693, 4567, 681418.0
657, 71.887284, 664.597288, 37.260906, 197.416273, 4715, 721691.0
658, 72.581774, 664.265114, 36.927724, 211.744945, 4645, 687976.0
659, 69.817862, 662.526204, 38.128846, 177.068531, 4803, 724925.0
660, 68.864027, 663.387377, 37.521802, 189.523209, 4823, 721173.0
661, 73.878247, 663.930733, 38.441701, 234.927704, 4643, 693159.0
662, 70.317971, 665.155518, 36.524304, 170.511933, 4858, 726690.0
663, 71.508139, 663.762855, 37.512991, 181.843071, 4789, 713690.0
664, 69.818445, 663.049395, 38.483960, 174.673819, 4823, 722269.0
665, 69.130345, 662.516634, 38.003892, 179.538898, 4853, 723473.0
666, 69.737770, 663.161815, 37.219424, 182.743514, 4768, 711669.0
667, 74.176126, 664.172633, 35.894557, 231.661253, 4617, 686547.0
668, 71.277305, 662.978208, 37.889443, 175.690608, 4760, 709109.0
669, 70.172606, 664.248043, 37.070282, 184.357150, 4903, 732429.0
670, 70.452499, 664.595885, 36.802728, 176.172132, 4871, 731722.0
671, 70.924073, 664.538682, 36.711209, 193.855112, 4688, 701841.0
672, 68.786112, 663.266089, 37.704148, 183.706999, 4725, 709179.0
673, 70.378575, 664.629700, 36.680135, 178.468789, 4793, 714910.0
674, 68.129078, 662.398160, 37.347909, 178.405642, 4735, 738978.0
675, 71.178527, 664.406416, 37.089588, 190.264476, 4772, 711981.0
676, 71.698945, 662.654922, 37.204536, 184.466629, 4442, 660703.0
677, 70.835044, 663.697207, 37.490641, 182.368853, 4770, 710525.0
678, 67.654847, 662.616817, 37.606429, 176.971571, 4718, 705387.0
679, 68.656266, 665.180663, 34.838904, 175.816909, 4868, 726549.0
680, 67.687867, 662.483356, 37.825499, 176.056649, 4720, 705892.0
681, 66.596085, 663.212709, 37.794425, 182.487516, 4772, 714333.0
682, 66.565775, 662.862001, 37.082283, 158.769330, 4772, 710774.0
683, 70.028878, 664.049660, 36.937520, 174.424057, 4906, 730233.0
684, 66.589805, 663.680448, 37.461419, 160.638067, 4734, 705826.0
685, 69.995186, 662.462072, 38.656452, 171.667632, 4834, 720323.0
686, 69.101024, 662.549176, 38.321018, 160.043582, 4862, 725385.0
687, 69.859650, 663.092122, 37.492402, 179.903407, 4860, 723046.0
688, 71.535567, 663.544613, 38.348599, 196.493237, 4607, 706376.0
689, 66.721666, 663.523729, 36.834679, 171.664602, 4761, 714893.0
690, 69.217702, 662.676658, 37.776773, 176.899941, 4783, 716268.0
691, 69.471782, 662.966842, 36.953234, 177.573735, 4872, 726649.0
692, 68.856931, 663.496187, 36.914186, 171.294727, 4907, 735070.0
693, 69.674977, 663.228045, 37.249900, 184.205700, 4827, 719581.0
694, 71.886896, 663.191192, 38.123692, 199.711870, 4702, 699431.0
695, 72.329901, 664.134247, 36.820816, 213.467347, 4480, 667769.0
696, 69.505613, 663.900114, 37.394277, 199.066951, 4710, 704541.0
697, 69.082249, 662.812175, 37.008025, 172.346980, 4819, 720868.0
698, 70.042939, 663.039911, 36.749615, 202.472830, 4618, 686047.0
699, 70.980115, 664.389538, 36.951826, 179.091069, 4750, 713367.0
700, 73.344029, 663.457563, 37.307578, 206.645714, 4726, 703243.0
701, 73.736208, 663.704742, 37.874136, 190.617368, 4731, 701496.0
702, 72.262392, 662.205278, 38.438852, 177.634022, 4715, 702887.0
703, 68.886483, 662.736981, 37.659225, 179.861877, 4754, 710916.0
704, 72.810625, 663.562388, 37.614368, 209.730023, 4592, 687347.0
705, 70.481755, 662.307565, 37.781199, 176.217626, 4849, 721847.0
706, 69.638714, 664.632185, 35.884669, 191.454800, 4804, 713422.0
707, 71.229078, 662.942822, 38.170210, 217.793051, 4428, 655019.0
708, 70.404864, 663.096985, 37.605493, 173.304321, 4783, 712644.0
709, 69.628386, 663.684628, 36.685196, 198.158200, 4770, 716423.0
710, 67.800102, 663.489288, 37.391893, 178.941841, 4665, 693756.0
711, 69.784320, 663.506412, 37.259996, 193.869081, 4788, 712559.0
712, 70.317305, 663.973397, 37.575212, 187.800320, 4761, 707728.0
713, 69.659057, 664.085287, 36.946858, 174.698248, 4901, 728518.0
714, 69.701796, 663.479852, 37.616447, 193.297642, 4706, 699781.0
715, 73.313330, 663.629178, 37.328261, 218.338373, 4674, 690687.0
716, 71.044282, 664.271644, 36.900501, 193.032979, 4744, 704810.0
717, 69.730905, 662.953560, 39.026050, 176.652059, 4756, 709651.0
718, 68.490827, 663.057530, 36.843456, 187.216321, 4749, 706630.0
719, 67.610246, 662.749509, 37.392088, 194.226348, 4628, 695286.0
720, 68.756467, 663.917594, 36.749600, 175.412709, 4748, 710527.0
721, 71.607897, 664.112830, 37.152548, 203.001233, 4599, 683059.0
722, 70.461301, 663.197652, 37.611536, 205.973393, 4673, 701283.0
723, 70.896027, 662.667820, 38.220893, 191.334621, 4805, 715089.0
724, 68.541669, 663.730961, 36.701844, 180.282815, 4882, 726907.0
725, 67.019631, 662.122883, 38.384190, 186.457669, 4662, 695563.0
726, 69.111611, 662.788941, 37.157085, 184.661013, 4870, 727204.0
727, 67.510944, 662.457558, 37.897867, 167.830083, 4792, 714018.0
728, 69.472379, 662.959084, 37.697378, 175.780875, 4882, 725658.0
729, 69.484829, 664.586146, 37.550980, 167.745142, 4789, 710878.0
730, 71.530966, 663.047517, 37.050553, 199.262237, 4573, 678256.0
731, 71.023430, 663.222653, 36.957943, 194.234216, 4542, 673553.0
732, 71.969801, 662.669914, 37.968904, 180.289958, 4666, 692765.0
733, 68.881574, 662.657644, 36.936574, 175.646787, 4873, 724824.0
734, 72.761832, 664.815663, 36.155349, 208.576415, 4448, 656510.0
735, 69.173606, 662.846402, 37.982159, 169.537879, 4934, 734274.0
736, 67.733075, 663.287397, 38.108435, 157.513545, 4920, 731589.0
737, 70.094554, 663.247036, 37.836551, 188.547396, 4761, 707559.0
738, 67.638452, 663.879916, 36.525143, 170.291798, 4821, 716118.0
739, 69.689764, 663.735098, 37.087316, 204.879460, 4751, 705185.0
740, 67.299159, 664.182599, 37.328494, 167.504821, 4820, 716332.0
741, 70.012165, 664.500591, 36.579986, 186.857664, 4673, 693748.0
742, 67.345097, 663.362714, 37.810569, 153.373255, 4853, 722185.0
743, 70.218663, 663.682084, 37.271206, 184.037432, 4808, 714493.0
744, 70.498142, 663.660464, 37.115120, 187.109300, 4823, 716910.0
745, 68.934120, 662.502586, 37.686459, 164.283148, 4952, 738250.0
746, 70.184667, 663.429982, 37.615455, 184.262909, 4849, 721060.0
747, 69.696152, 663.857202, 36.860109, 181.708757, 4764, 707556.0
748, 68.533094, 663.106191, 37.687777, 167.856131, 4796, 713137.0
749, 68.033714, 663.050018, 37.967769, 156.288817, 4777, 711367.0
750, 68.573557, 663.393628, 37.984163, 171.259468, 4882, 726549.0
751, 69.147616, 663.413869, 38.065512, 172.630408, 4895, 744376.0
752, 67.600997, 662.994219, 37.456026, 160.089996, 4740, 705852.0
753, 69.181009, 663.757780, 36.401737, 167.169709, 4811, 720672.0
754, 67.188921, 661.758184, 37.782368, 167.773383, 4693, 698952.0
755, 67.317158, 662.948984, 37.284717, 157.601206, 4784, 712310.0
756, 67.883708, 662.265138, 37.419411, 170.111968, 4838, 719001.0
757, 68.551410, 662.916301, 37.749616, 177.712023, 4793, 711959.0
758, 68.430065, 665.386266, 35.924680, 162.933097, 4821, 718619.0
759, 67.294385, 664.110655, 36.164582, 168.750276, 4746, 704285.0
760, 69.105714, 664.442083, 36.368701, 185.297423, 4852, 721713.0
761, 68.087605, 663.039061, 37.258940, 168.423972, 4845, 721851.0
762, 70.344632, 664.216027, 36.918836, 181.575545, 4905, 729233.0
763, 72.226752, 663.749617, 37.233845, 191.557568, 4641, 687430.0
764, 69.088424, 663.086423, 38.351132, 159.526591, 4933, 736771.0
765, 71.596174, 665.285176, 36.764630, 189.500650, 4686, 693512.0
766, 69.980911, 662.371662, 38.404260, 175.019482, 4824, 718745.0
767, 70.280380, 664.065427, 37.199267, 192.251299, 4827, 717350.0
768, 69.090476, 663.403169, 37.544101, 165.375002, 4797, 715039.0
769, 70.469657, 662.661525, 37.060934, 200.587838, 4645, 689764.0
770, 68.714610, 663.199804, 37.833437, 185.386393, 4743, 705405.0
771, 68.374183, 663.803302, 36.884290, 168.107364, 4784, 712317.0
772, 68.854772, 663.345316, 38.227975, 181.131812, 4778, 711286.0
773, 71.892102, 664.281205, 36.103890, 198.646926, 4601, 681471.0
774, 70.302810, 662.888702, 37.898142, 185.448299, 4807, 718821.0
775, 68.048622, 662.510954, 38.316138, 170.645130, 4843, 723898.0
776, 70.020852, 664.479446, 37.572395, 169.915257, 4851, 721694.0
777, 70.381470, 661.883044, 37.698341, 201.450430, 4661, 691849.0
778, 68.825102, 663.107740, 37.091651, 170.721905, 4811, 715824.0
779, 71.710857, 663.336466, 37.298957, 186.238259, 4649, 688486.0
780, 69.086496, 662.933876, 37.282528, 169.008123, 4916, 733137.0
781, 71.040344, 663.426871, 37.424918, 198.637765, 4822, 717120.0
782, 71.500010, 663.643786, 37.336524, 164.167062, 4742, 703313.0
783, 71.515792, 664.202878, 36.862710, 198.612281, 4674, 692879.0
784, 67.600941, 662.805701, 38.913421, 165.500145, 4853, 728314.0
785, 68.162133, 663.266591, 36.500302, 182.575819, 4758, 718240.0
786, 67.842372, 662.976686, 36.966359, 159.550376, 4868, 727721.0
787, 71.172503, 662.786563, 37.293874, 194.827474, 4495, 666200.0
788, 68.329033, 664.039958, 37.344691, 172.902605, 4789, 714587.0
789, 68.744830, 663.280028, 36.598668, 168.054559, 4844, 723029.0
790, 68.439183, 663.634628, 38.418516, 159.938595, 4872, 730656.0
791, 67.475462, 663.911231, 36.491565, 165.646204, 4761, 708435.0
792, 69.322410, 662.657203, 37.007991, 179.437194, 4858, 724762.0
793, 69.162491, 662.229552, 37.678004, 169.037260, 4755, 708824.0
794, 66.661730, 663.195455, 37.426695, 153.161732, 4728, 704074.0
795, 69.687058, 662.254049, 38.604234, 190.318544, 4803, 716320.0
796, 70.823102, 662.984948, 38.031663, 193.389579, 4779, 709944.0
797, 68.739452, 663.821524, 37.876110, 159.701230, 4900, 732330.0
798, 67.422528, 662.824795, 37.886336, 160.299899, 4850, 736636.0
799, 69.763732, 664.428025, 37.157334, 171.742302, 4877, 727099.0
800, 68.475852, 663.843439, 35.846321, 181.844473, 4870, 726668.0
801, 69.357150, 663.197851, 38.168665, 156.431298, 4913, 735611.0
802, 66.468293, 662.408871, 36.677918, 164.622693, 4772, 712060.0
803, 72.514025, 664.159378, 37.183726, 207.981047, 4636, 687747.0
804, 71.014051, 664.489413, 36.440249, 199.348295, 4684, 697348.0
805, 71.280745, 663.005431, 37.153817, 188.943677, 4867, 729760.0
806, 68.602742, 662.947328, 36.687093, 188.031671, 4679, 701435.0
807, 70.021113, 664.042160, 35.892334, 195.604201, 4759, 709999.0
808, 70.186177, 663.962519, 36.938674, 171.492915, 4845, 721122.0
809, 70.301646, 663.750505, 37.328906, 186.298671, 4775, 712126.0
810, 67.301763, 662.599383, 38.011321, 165.279332, 4721, 703937.0
811, 69.022853, 664.035172, 37.699030, 165.657364, 4766, 711291.0
812, 68.719520, 662.654976, 37.737551, 165.608378, 4931, 736983.0
813, 70.986556, 662.941221, 37.426144, 184.765458, 4703, 721493.0
814, 68.811703, 662.850828, 37.436120, 189.188502, 4644, 690060.0
815, 69.273991, 663.475219, 37.475299, 191.272846, 4714, 699309.0
816, 69.385623, 664.408967, 37.255895, 173.203459, 4755, 706711.0
817, 71.718760, 664.107996, 38.032818, 199.935346, 4536, 695629.0
818, 67.259614, 662.841125, 37.090306, 176.136087, 4675, 700907.0
819, 69.774765, 664.149140, 36.897397, 179.175018, 4730, 707907.0
820, 69.369093, 663.498170, 37.544972, 179.477193, 4849, 720204.0
821, 70.213395, 662.735550, 38.235081, 184.717819, 4819, 719498.0
822, 71.044654, 663.209860, 37.224786, 185.648845, 4830, 716181.0
823, 71.021564, 663.528685, 38.134478, 186.642133, 4796, 717618.0
824, 69.802699, 661.864719, 38.593983, 199.739681, 4642, 689213.0
825, 69.816070, 662.516543, 38.031760, 200.098277, 4659, 691468.0
826, 67.865641, 662.393443, 38.463775, 171.024673, 4810, 714852.0
827, 67.679742, 663.322850, 36.850524, 174.967712, 4690, 695589.0
828, 66.549858, 661.026715, 37.840674, 162.903385, 4708, 699225.0
829, 68.444014, 662.897798, 36.873435, 181.283107, 4801, 734162.0
830, 68.694308, 662.639048, 38.914937, 149.081195, 4844, 723964.0
831, 68.175299, 662.174897, 38.576306, 168.179435, 4891, 731420.0
832, 68.846524, 662.587971, 37.384687, 197.792297, 4869, 724739.0
833, 70.563474, 663.274355, 37.940843, 194.004127, 4810, 714999.0
834, 68.667850, 663.664824, 37.242358, 179.889783, 4801, 716090.0
835, 68.181147, 662.992819, 36.439544, 184.543648, 4668, 692087.0
836, 69.437048, 663.045512, 38.018946, 166.518654, 4939, 737750.0
837, 69.865020, 662.391940, 37.705104, 170.112577, 4769, 709923.0
838, 69.297237, 663.707568, 36.916038, 173.316734, 4886, 727285.0
839, 69.521457, 664.047834, 36.293141, 199.526843, 4705, 696957.0
840, 68.940489, 662.636065, 38.177914, 179.124575, 4853, 723394.0
841, 69.895557, 664.617550, 37.533404, 186.872345, 4698, 697842.0
842, 71.778426, 663.066996, 38.301076, 190.656559, 4691, 698137.0
843, 66.931348, 662.290175, 37.672743, 164.005618, 4660, 695423.0
844, 68.330214, 663.340049, 36.647491, 175.012506, 4744, 706555.0
845, 67.283649, 663.446685, 36.756195, 168.099454, 4737, 704056.0
846, 68.409763, 662.322200, 38.094286, 175.981280, 4802, 714284.0
847, 69.521959, 663.172942, 37.221728, 161.782001, 4916, 731505.0
848, 68.261759, 663.160311, 37.039732, 171.724039, 4810, 715595.0
849, 69.111192, 662.496446, 37.119489, 159.611639, 4885, 728028.0
850, 67.728348, 662.940952, 37.125648, 172.484798, 4676, 696028.0
851, 70.813640, 663.209093, 38.134950, 197.909720, 4794, 710207.0
852, 67.308850, 663.944293, 36.687359, 166.364235, 4786, 711884.0
853, 69.739628, 663.329217, 37.730006, 159.785211, 4888, 728673.0
854, 67.921642, 663.159008, 34.351873, 375.471924, 4315, 640309.0
855, 71.723926, 664.072339, 36.709997, 182.452123, 4760, 704595.0
856, 68.227260, 661.207117, 38.258931, 151.203073, 4885, 727397.0
857, 66.726823, 662.969469, 37.392748, 149.437252, 4756, 715906.0
858, 68.048279, 662.776920, 37.681699, 161.137967, 4897, 727471.0
859, 67.659010, 662.796134, 36.687071, 171.646656, 4785, 710279.0
860, 70.886517, 664.558001, 35.332086, 204.842757, 4581, 705140.0
861, 67.105819, 663.976504, 37.405214, 181.160135, 4718, 704537.0
862, 67.465957, 661.625162, 38.528697, 188.675786, 4708, 702190.0
863, 67.643052, 662.474999, 37.702425, 167.023002, 4814, 714967.0
864, 68.703679, 663.657973, 36.866475, 182.164518, 4784, 710975.0
865, 69.716645, 662.909377, 37.673708, 172.363725, 4934, 733327.0
866, 70.143695, 662.768611, 36.895012, 184.224147, 4761, 705715.0
867, 69.022787, 663.106691, 37.057878, 158.575844, 4920, 735534.0
868, 72.923718, 664.048451, 38.175867, 199.478794, 4676, 691039.0
869, 69.313551, 663.224248, 37.129861, 189.343033, 4683, 696024.0
870, 70.451592, 662.267832, 38.458796, 185.475515, 4802, 712730.0
871, 67.598010, 664.264150, 37.012701, 172.181790, 4770, 708186.0
872, 70.369845, 663.188704, 37.048555, 179.046031, 4831, 716414.0
873, 71.538871, 663.334928, 37.345401, 183.626254, 4644, 686641.0
874, 67.762075, 663.464945, 37.510481, 175.791413, 4799, 712115.0
875, 71.753036, 662.986431, 36.947777, 202.178351, 4577, 676594.0
876, 70.874603, 663.925113, 37.493541, 190.860365, 4672, 710505.0
877, 66.880717, 663.530813, 37.316283, 184.218017, 4818, 715618.0
878, 69.726830, 663.334661, 37.660054, 181.972016, 4726, 701148.0
879, 70.396561, 664.463478, 36.052272, 182.770446, 4686, 695207.0
880, 67.410106, 663.609309, 36.757562, 144.230689, 4810, 716326.0
881, 70.135292, 663.718315, 36.181569, 174.035677, 4723, 701490.0
882, 69.009969, 663.988444, 37.651943, 165.414735, 4888, 727919.0
883, 70.171853, 664.229459, 36.859682, 175.440909, 4883, 725379.0
884, 67.780936, 663.781415, 36.014137, 172.833140, 4730, 702688.0
885, 69.892093, 661.493637, 38.284964, 172.177004, 4754, 707698.0
886, 70.356155, 662.882123, 37.188718, 197.287736, 4538, 671775.0
887, 69.603245, 663.309768, 37.987141, 154.020150, 4812, 715435.0
888, 69.323844, 662.850350, 37.695699, 178.493977, 4781, 709877.0
889, 68.109323, 663.595077, 36.979195, 151.179758, 4931, 732779.0
890, 69.698018, 662.513853, 37.823661, 164.015406, 4896, 726649.0
891, 69.535337, 664.273134, 35.985530, 183.881779, 4808, 716929.0
892, 71.255524, 663.394164, 38.306752, 194.645563, 4812, 718497.0
893, 70.199783, 663.817770, 37.127762, 179.907421, 4756, 706034.0
894, 68.333678, 662.111753, 37.672908, 179.807612, 4847, 721028.0
895, 68.835663, 663.066905, 38.116527, 169.981579, 4842, 721936.0
896, 71.170790, 662.921792, 37.393756, 194.753186, 4661, 691472.0
897, 67.311430, 661.938332, 36.911375, 178.578980, 4631, 687125.0
898, 71.087401, 663.661396, 36.628019, 163.128183, 4691, 695238.0
899, 67.752133, 663.217037, 37.475492, 182.994502, 4811, 715327.0
900, 66.384725, 662.694935, 37.079050, 166.056148, 4577, 677588.0
901, 69.047957, 661.333539, 38.548044, 166.786997, 4744, 705134.0
902, 67.726246, 662.646582, 37.801101, 162.188148, 4757, 706304.0
903, 69.418905, 663.834022, 38.089702, 159.758766, 4890, 727268.0
904, 71.383543, 662.554790, 38.611434, 178.051795, 4728, 701044.0
905, 68.138527, 663.104611, 36.143352, 175.945904, 4553, 676329.0
906, 71.957821, 664.495181, 37.115794, 193.277106, 4627, 683979.0
907, 69.970780, 662.514297, 38.492263, 155.925954, 4715, 699777.0
908, 65.439671, 663.451864, 37.714478, 151.453894, 4667, 692561.0
909, 69.186524, 662.066466, 38.848178, 171.137226, 4957, 738139.0
910, 68.227087, 663.113674, 38.652246, 151.217078, 4819, 724371.0
911, 69.851548, 662.959824, 37.294000, 168.759783, 4822, 716764.0
912, 68.967808, 662.352061, 37.731971, 167.942409, 4851, 721203.0
913, 71.714492, 663.986046, 37.363556, 198.879345, 4621, 684759.0
914, 69.902316, 662.878919, 38.300712, 165.695759, 4857, 723125.0
915, 71.709135, 662.968268, 37.771618, 202.047931, 4672, 692747.0
916, 68.362306, 662.482648, 38.082579, 151.749970, 4913, 731012.0
917, 72.361657, 664.059884, 37.258977, 192.569471, 4669, 691114.0
918, 71.043535, 663.287942, 37.856447, 185.758414, 4807, 713550.0
919, 68.282386, 662.433677, 37.096559, 159.959748, 4842, 718725.0
920, 69.500426, 663.629745, 37.295173, 193.473130, 4597, 685325.0
921, 67.565580, 661.500655, 38.143527, 159.737427, 4692, 697839.0
922, 68.445311, 662.950274, 37.622114, 162.076716, 4767, 723286.0
923, 68.809303, 664.099974, 36.797725, 170.430787, 4761, 732791.0
924, 71.295290, 663.446266, 37.003270, 197.356319, 4583, 681455.0
925, 72.383310, 663.090825, 37.090761, 185.866856, 4656, 690845.0
926, 65.443602, 663.700858, 36.348353, 191.934706, 4440, 660041.0
927, 70.255429, 664.180546, 36.655116, 183.699513, 4855, 727608.0
928, 70.091896, 663.764639, 37.162879, 177.414616, 4691, 699513.0
929, 69.001722, 663.223978, 36.975820, 162.829426, 4922, 735320.0
930, 68.797853, 663.303852, 37.006739, 174.687999, 4818, 721693.0
931, 69.952381, 663.793028, 36.622090, 184.181497, 4773, 713573.0
932, 66.939005, 663.327855, 37.509668, 189.731579, 4785, 714680.0
933, 69.492569, 662.588978, 37.981789, 168.486021, 4735, 705795.0
934, 66.432552, 662.857857, 38.107939, 160.197871, 4718, 705925.0
935, 70.284358, 662.688315, 38.088500, 174.921447, 4764, 707614.0
936, 68.951687, 661.778993, 38.293526, 158.694696, 4922, 738412.0
937, 71.699666, 664.910365, 35.484192, 205.106851, 4572, 679271.0
938, 72.913843, 663.980349, 36.240032, 208.349655, 4580, 679736.0
939, 69.520871, 663.042830, 38.012249, 185.781169, 4719, 709594.0
940, 69.336926, 664.337379, 36.987476, 176.187458, 4737, 708819.0
941, 70.068368, 663.235191, 37.295672, 180.378931, 4867, 728289.0
942, 69.556904, 664.203988, 36.332193, 178.341635, 4806, 711387.0
943, 70.778643, 662.720610, 36.549859, 195.978805, 4630, 685385.0
944, 68.099955, 663.267866, 37.056839, 183.163063, 4800, 711210.0
945, 69.948018, 662.709474, 38.665861, 170.770032, 4877, 725430.0
946, 69.896642, 662.937631, 37.388638, 165.517641, 4845, 718572.0
947, 69.039326, 663.660838, 37.905777, 145.862344, 4932, 733334.0
948, 71.191759, 662.250015, 37.523384, 212.017128, 4527, 669917.0
949, 69.925435, 664.697404, 36.047305, 168.942279, 4895, 726326.0
950, 73.730201, 664.398349, 37.112766, 198.803878, 4645, 686059.0
951, 68.353481, 663.578806, 36.851702, 191.338933, 4664, 691596.0
952, 67.385106, 661.616704, 38.204859, 175.897555, 4671, 693636.0
953, 69.582415, 661.995235, 37.621586, 180.144919, 4650, 690754.0
954, 70.211919, 662.912222, 37.620759, 194.278288, 4670, 692938.0
955, 69.503791, 663.315465, 38.174101, 175.937164, 4821, 733634.0
956, 71.617035, 664.126845, 35.744557, 196.227245, 4609, 730920.0
957, 68.997075, 663.385127, 36.849950, 174.372745, 4918, 734536.0
958, 69.256554, 663.216059, 37.416266, 155.054366, 4896, 728260.0
959, 68.980202, 662.637426, 38.853466, 172.236871, 4842, 719304.0
960, 68.358042, 663.802059, 36.965675, 158.719194, 4804, 713624.0
961, 68.984868, 662.628621, 37.801676, 160.278934, 4871, 725400.0
962, 68.256441, 662.294409, 37.645064, 185.030924, 4746, 705908.0
963, 68.605932, 663.625552, 37.215044, 172.120233, 4774, 708498.0
964, 71.058607, 662.305276, 38.153830, 176.008462, 4909, 729232.0
965, 68.058654, 662.153311, 38.240162, 151.974863, 4883, 728291.0
966, 69.271145, 663.626992, 37.560431, 160.248918, 4919, 731667.0
967, 70.371712, 663.955250, 37.096710, 165.144934, 4902, 728167.0
968, 68.444190, 663.078404, 37.677154, 154.436979, 4937, 734041.0
969, 68.994316, 663.822860, 37.916583, 162.349432, 4884, 729474.0
970, 68.549740, 663.448745, 36.710678, 167.743540, 4744, 712638.0
971, 69.929624, 663.955171, 37.309224, 153.760887, 4869, 723599.0
972, 68.071855, 663.404623, 38.169360, 143.869787, 4844, 719748.0
973, 68.842255, 662.266249, 38.701481, 155.655266, 4903, 730276.0
974, 70.530007, 662.705677, 38.103708, 196.628926, 4842, 718542.0
975, 70.638499, 663.037184, 37.872926, 182.300190, 4800, 712272.0
976, 66.338384, 663.229320, 37.102390, 142.679196, 4752, 705711.0
977, 71.511981, 663.320670, 37.804032, 184.496032, 4646, 687837.0
978, 67.816132, 663.368187, 38.020226, 150.875461, 4968, 742118.0
979, 69.035845, 663.394581, 36.715757, 178.787042, 4838, 722252.0
980, 73.404099, 663.648341, 36.791722, 204.700285, 4651, 689372.0
981, 68.594912, 662.643468, 38.081860, 168.537473, 4787, 715116.0
982, 70.415662, 664.594944, 36.849935, 175.306568, 4789, 711171.0
983, 69.976832, 663.431363, 38.058966, 183.081026, 4599, 691537.0
984, 70.686985, 662.245467, 37.394552, 171.824750, 4843, 729309.0
985, 69.673302, 663.401960, 36.236378, 181.287236, 4859, 724762.0
986, 69.120361, 664.207000, 37.019502, 166.325004, 4847, 721935.0
987, 70.264904, 663.490256, 37.834800, 171.736767, 4723, 711948.0
988, 67.668724, 662.781077, 38.232127, 155.748754, 4836, 780656.0
989, 68.214376, 664.136974, 37.045580, 195.498697, 4725, 710141.0
990, 69.221767, 663.149214, 37.763568, 170.724868, 4806, 727185.0
991, 70.956027, 663.670015, 36.678894, 164.249493, 4857, 726478.0
992, 68.066526, 664.164273, 36.514230, 170.402310, 4841, 721156.0
993, 69.993876, 664.146428, 37.209501, 178.115174, 4854, 722218.0
994, 71.295392, 662.947290, 37.640065, 172.775106, 4815, 716280.0
995, 67.418276, 662.881035, 37.296898, 162.145931, 4766, 729449.0
996, 70.905535, 663.906741, 37.342882, 175.550249, 4849, 730754.0
997, 69.298953, 662.695499, 37.843827, 179.540048, 4656, 709589.0
998, 69.346998, 663.517960, 37.467075, 180.068744, 4749, 724049.0
999, 70.931056, 662.305473, 38.460125, 184.766472, 4753, 704713.0
