#idx, x0, x1, x2, y, f_neval, total_time (us), 
0, 70.825990, 664.641069, 36.572973, 176.499013, 5080, 752104.0
1, 72.560222, 663.672233, 37.437837, 205.218254, 4866, 718165.0
2, 72.104514, 663.042724, 37.302116, 199.533522, 4892, 723118.0
3, 70.139409, 663.656573, 37.101975, 204.704840, 4998, 758345.0
4, 72.156532, 663.932230, 36.203347, 219.500710, 4889, 721313.0
5, 70.755937, 663.285250, 36.912114, 210.111874, 4867, 719913.0
6, 71.896689, 663.192546, 38.356375, 197.746398, 4946, 790576.0
7, 73.364822, 662.436781, 37.287881, 210.582844, 4875, 723045.0
8, 72.093341, 664.878748, 36.952807, 204.645220, 4734, 702659.0
9, 72.429944, 663.791400, 36.834480, 220.305996, 4815, 712880.0
10, 75.420899, 663.846394, 37.037815, 232.466810, 4865, 758298.0
11, 72.170704, 664.074157, 36.305209, 197.734476, 4806, 711139.0
12, 71.525155, 663.002992, 38.406152, 185.659678, 4940, 744299.0
13, 72.318893, 664.676384, 36.945176, 234.373917, 4695, 701598.0
14, 71.913539, 662.539761, 37.237836, 214.388304, 4779, 721348.0
15, 70.172966, 664.548962, 37.142616, 177.195939, 5024, 745693.0
16, 70.106984, 663.290857, 37.835279, 175.921619, 5075, 753104.0
17, 71.472816, 664.921340, 35.643460, 194.872291, 4762, 702048.0
18, 68.606933, 663.064854, 37.224262, 204.664868, 4971, 736363.0
19, 74.256456, 663.610788, 37.243039, 231.853164, 4815, 707131.0
20, 72.840676, 663.219583, 38.025112, 205.510372, 4911, 727324.0
21, 72.339367, 663.824895, 37.215145, 185.879309, 4928, 728969.0
22, 69.119167, 663.838722, 36.859170, 186.317845, 5042, 747672.0
23, 73.450987, 661.636040, 38.313522, 218.629292, 4811, 710935.0
24, 72.224427, 663.258462, 37.069578, 217.096508, 4755, 702478.0
25, 70.772307, 663.825831, 38.613944, 197.012203, 4870, 721284.0
26, 74.612866, 664.164784, 36.689176, 223.056903, 4814, 708381.0
27, 70.780164, 664.442914, 36.708708, 185.369438, 4977, 737640.0
28, 71.384112, 662.521279, 37.864028, 187.085134, 5084, 756096.0
29, 72.211664, 664.236749, 36.623045, 198.760961, 4784, 705271.0
30, 69.946647, 663.728027, 37.609195, 176.270609, 4999, 742145.0
31, 69.976484, 663.220720, 37.986653, 200.084215, 4952, 734043.0
32, 69.984184, 663.533104, 37.797373, 183.184196, 4951, 734709.0
33, 70.912200, 662.346938, 38.290322, 176.790324, 4796, 710882.0
34, 70.104080, 662.438021, 37.753984, 182.210145, 4948, 733123.0
35, 73.740233, 662.995944, 37.328164, 212.695997, 4889, 721723.0
36, 71.767599, 662.911207, 38.441708, 191.998450, 4800, 710140.0
37, 68.933420, 662.205721, 37.377678, 179.371909, 5137, 804679.0
38, 70.469219, 663.993817, 36.690891, 203.647604, 4980, 738708.0
39, 68.340241, 661.893047, 37.894619, 166.746186, 5085, 756486.0
40, 71.616968, 663.395413, 37.441301, 191.181857, 4831, 734158.0
41, 71.216744, 664.388751, 36.383079, 181.464478, 4881, 722677.0
42, 68.151925, 662.638141, 38.002470, 185.708108, 5013, 776244.0
43, 72.472094, 663.109919, 37.479729, 206.770376, 4946, 730887.0
44, 71.335013, 662.947489, 38.786785, 169.490683, 4962, 736560.0
45, 69.042529, 663.040124, 38.832880, 190.971708, 4906, 728029.0
46, 69.837457, 664.665088, 36.377446, 198.392965, 5047, 748284.0
47, 71.152766, 664.237724, 36.785584, 193.505288, 4808, 710810.0
48, 69.509229, 662.577161, 37.550291, 187.385945, 4967, 736883.0
49, 71.878512, 663.382098, 36.742791, 186.479333, 4927, 728397.0
50, 72.598863, 663.822076, 36.220554, 183.327845, 4894, 723202.0
51, 72.880947, 664.244196, 37.451914, 199.152963, 4874, 721531.0
52, 66.432227, 663.781004, 36.446981, 165.020941, 4942, 733480.0
53, 70.862539, 663.511053, 36.925663, 222.139693, 4627, 683338.0
54, 71.513649, 662.877355, 38.480210, 203.193326, 4821, 715022.0
55, 69.078168, 663.733118, 37.655725, 168.757031, 5085, 755631.0
56, 70.945760, 664.259469, 37.862210, 192.357035, 4913, 727574.0
57, 68.437785, 662.627710, 37.091444, 173.209397, 5015, 745626.0
58, 70.222236, 663.253072, 37.694267, 186.909463, 5001, 741464.0
59, 69.132752, 663.601205, 37.924096, 174.068735, 4995, 739200.0
60, 71.843801, 664.506901, 37.239355, 190.247829, 4834, 712937.0
61, 68.710787, 663.579349, 37.866270, 153.741359, 5074, 754085.0
62, 68.894220, 662.711952, 37.703740, 162.847130, 5059, 751183.0
63, 68.600164, 663.631107, 36.442857, 179.827740, 5028, 746010.0
64, 70.610465, 664.437474, 37.117976, 189.360128, 4963, 736214.0
65, 67.661518, 663.364539, 36.859089, 180.889551, 5039, 746321.0
66, 68.414400, 662.636091, 37.718194, 171.279522, 5032, 746530.0
67, 72.554463, 663.602387, 36.441911, 214.122722, 4737, 717641.0
68, 66.698056, 662.334328, 37.688054, 183.645335, 4873, 724478.0
69, 69.394303, 662.912561, 37.761481, 207.567887, 4860, 722094.0
70, 68.276270, 663.832352, 36.846905, 165.625739, 5031, 749475.0
71, 69.867712, 664.859359, 36.994683, 191.918725, 5116, 760401.0
72, 71.267243, 663.013932, 37.702410, 199.833097, 4797, 712215.0
73, 65.141320, 662.975388, 37.486541, 183.145296, 4855, 720342.0
74, 69.760744, 663.922653, 36.642012, 175.130346, 5059, 748968.0
75, 69.617940, 663.227637, 38.078030, 185.560335, 5106, 756206.0
76, 67.123439, 663.288963, 36.324589, 185.245479, 4781, 707345.0
77, 67.460625, 662.617268, 37.536774, 163.674894, 5098, 754260.0
78, 69.897843, 663.138546, 37.353896, 181.060992, 5038, 746626.0
79, 70.621186, 662.313312, 38.327042, 204.068800, 4851, 720307.0
80, 67.639957, 663.355020, 37.630479, 168.274751, 5056, 751050.0
81, 68.247474, 663.213038, 37.775591, 161.733710, 5045, 750723.0
82, 68.631841, 663.895398, 36.232157, 159.418960, 5150, 765072.0
83, 71.333052, 664.436798, 36.137257, 190.028400, 5141, 758628.0
84, 68.068570, 662.315153, 37.530306, 177.955098, 5045, 746004.0
85, 70.422099, 665.037210, 36.604168, 204.553775, 4785, 705082.0
86, 67.954219, 663.446929, 37.598913, 173.648629, 4899, 724009.0
87, 67.634718, 663.025607, 36.834977, 170.637531, 4987, 739612.0
88, 67.279894, 663.204297, 36.771202, 174.025038, 4953, 734308.0
89, 68.846714, 664.821125, 36.139358, 156.768768, 5169, 766516.0
90, 72.032071, 663.949455, 35.995058, 214.557937, 4798, 707264.0
91, 68.375944, 661.972727, 38.032844, 176.490395, 5004, 742720.0
92, 67.692815, 662.073076, 38.139617, 187.089071, 5187, 769888.0
93, 67.514975, 662.722946, 37.502603, 193.620828, 4920, 729577.0
94, 70.100130, 664.209709, 36.630806, 171.915549, 5088, 755493.0
95, 69.362322, 663.142376, 38.611863, 166.709109, 5079, 755875.0
96, 68.766407, 664.255760, 35.742540, 172.307250, 5186, 768941.0
97, 69.479238, 664.199564, 36.169675, 175.163851, 5078, 753514.0
98, 69.505812, 663.191351, 37.157760, 164.232983, 5225, 776257.0
99, 68.669373, 664.291867, 36.787874, 180.972865, 4926, 729947.0
100, 66.223788, 662.498661, 37.579688, 170.213494, 4894, 726185.0
101, 69.687167, 663.442865, 36.777620, 202.552446, 4899, 725736.0
102, 67.374968, 662.454907, 38.210782, 162.177879, 5003, 743713.0
103, 68.452223, 662.702337, 38.485303, 173.949503, 5100, 758147.0
104, 69.591999, 664.665753, 35.711519, 180.889239, 5000, 742305.0
105, 68.349472, 663.228859, 36.866901, 188.093949, 4952, 736981.0
106, 71.416898, 664.692309, 36.378919, 195.721623, 4932, 730191.0
107, 70.693222, 662.983464, 38.164084, 181.086632, 5000, 741204.0
108, 68.464541, 663.306190, 37.110040, 187.940922, 4820, 714321.0
109, 69.132923, 663.909992, 37.155680, 177.885123, 5008, 742918.0
110, 69.014963, 664.591428, 36.908287, 177.451149, 5069, 752152.0
111, 69.692595, 663.846948, 37.424438, 183.950736, 4824, 716821.0
112, 69.918367, 662.157954, 37.589348, 189.390310, 5092, 779540.0
113, 69.811720, 662.686434, 38.381858, 161.515895, 5136, 764801.0
114, 71.550993, 664.753439, 36.755552, 198.347752, 4872, 719314.0
115, 67.098900, 662.706096, 38.245853, 168.789272, 5033, 748295.0
116, 72.041543, 664.598171, 36.462118, 223.582080, 4779, 704771.0
117, 70.313868, 664.775152, 36.155316, 216.969291, 4752, 708398.0
118, 68.844412, 663.306915, 37.999052, 193.611003, 5040, 747786.0
119, 66.049960, 663.353759, 37.690251, 150.708163, 5041, 749027.0
120, 66.935781, 663.277374, 38.035314, 158.178739, 5005, 744391.0
121, 67.075905, 663.694696, 35.978135, 178.444209, 4789, 711015.0
122, 71.682317, 662.764441, 37.805788, 204.971992, 4747, 702452.0
123, 69.707624, 663.315683, 37.830564, 177.614951, 5097, 757821.0
124, 70.406911, 662.896600, 37.176539, 162.937337, 5056, 751574.0
125, 68.411170, 662.197689, 37.853314, 184.681281, 5101, 759215.0
126, 68.421487, 662.984731, 38.696067, 180.726897, 5041, 749915.0
127, 66.578668, 662.736731, 37.242879, 171.652167, 4892, 728362.0
128, 70.774978, 663.887164, 36.992925, 191.852884, 5035, 755600.0
129, 70.282409, 662.917482, 37.361229, 184.129201, 5067, 752492.0
130, 69.830094, 665.055458, 36.739722, 175.660112, 5082, 754219.0
131, 70.968296, 663.152040, 38.516896, 199.635044, 4738, 700573.0
132, 71.554767, 662.537121, 38.156003, 193.014441, 4914, 727435.0
133, 68.281306, 664.290122, 36.094012, 159.230756, 5015, 743753.0
134, 69.262190, 664.264997, 36.048672, 198.280535, 4978, 739681.0
135, 71.449883, 664.796010, 36.238512, 215.860269, 4817, 710124.0
136, 71.342559, 662.535022, 37.654180, 202.497881, 4798, 711603.0
137, 70.026393, 663.524269, 37.177848, 178.918316, 5016, 745658.0
138, 68.548284, 662.401294, 37.342717, 165.966579, 5076, 755100.0
139, 71.130319, 662.908792, 37.963482, 199.308484, 4868, 720300.0
140, 69.298826, 664.896569, 36.135014, 184.944659, 5237, 778060.0
141, 70.736952, 663.719881, 36.012780, 183.433602, 5054, 748079.0
142, 71.055022, 663.678280, 37.808082, 183.086149, 4999, 744622.0
143, 69.776562, 662.380561, 37.342551, 178.308558, 5056, 760098.0
144, 73.489865, 663.683292, 37.322900, 203.679578, 4867, 718568.0
145, 69.093453, 664.807172, 36.326923, 188.181764, 5108, 757471.0
146, 68.941468, 664.081227, 36.584060, 170.224341, 5060, 751285.0
147, 73.548703, 664.185026, 36.721634, 217.604217, 4925, 726011.0
148, 69.113509, 663.273376, 37.004564, 179.549098, 5086, 755772.0
149, 73.067389, 662.834812, 37.602440, 206.515157, 4936, 731121.0
150, 66.708622, 662.670616, 37.039681, 191.479039, 4719, 701198.0
151, 71.364736, 662.791996, 37.496699, 211.876037, 4877, 722719.0
152, 73.032941, 662.704866, 37.976809, 203.521238, 4922, 727261.0
153, 70.595389, 663.889143, 37.019523, 189.052322, 4988, 765299.0
154, 69.259407, 663.907615, 37.137629, 162.687676, 5107, 760278.0
155, 70.466692, 663.510860, 37.722424, 175.745155, 5146, 764723.0
156, 67.169036, 662.401318, 37.306057, 180.528650, 4855, 721085.0
157, 68.378551, 661.482677, 38.087220, 187.441995, 4989, 740150.0
158, 72.115396, 663.045896, 37.968800, 210.742067, 4889, 723375.0
159, 69.754068, 662.799079, 36.976070, 171.175214, 5123, 760674.0
160, 72.640237, 662.735669, 37.735074, 194.999409, 4712, 696653.0
161, 72.804412, 664.452376, 36.907659, 214.457251, 4827, 715561.0
162, 71.736990, 662.645336, 37.022154, 187.472239, 4899, 723521.0
163, 71.746194, 663.059703, 37.306830, 201.026035, 4892, 723549.0
164, 69.371422, 663.354930, 37.582577, 182.066185, 5020, 745678.0
165, 71.157578, 663.381399, 37.181547, 177.689555, 4918, 727835.0
166, 69.181180, 663.998724, 37.578383, 172.051321, 4977, 738669.0
167, 71.163270, 663.449107, 36.220833, 198.379616, 4672, 688803.0
168, 70.605356, 662.558607, 38.477722, 181.341977, 4953, 736180.0
169, 67.891910, 663.778242, 35.838065, 185.005996, 4804, 712660.0
170, 70.867782, 664.374212, 36.714414, 190.074858, 5029, 746718.0
171, 67.793861, 662.186372, 38.220777, 166.742525, 4953, 735828.0
172, 69.673691, 663.192114, 37.296432, 193.019086, 4935, 733065.0
173, 71.754791, 662.992227, 37.353489, 175.919267, 4930, 748155.0
174, 68.531033, 662.989207, 37.851756, 182.570601, 4882, 725294.0
175, 70.400184, 661.815219, 38.129486, 192.767145, 4893, 727208.0
176, 71.182674, 662.685793, 37.840465, 196.721649, 5023, 746232.0
177, 73.514076, 663.978558, 37.109652, 197.377484, 4903, 723893.0
178, 67.869214, 663.117904, 36.662151, 175.712927, 4868, 723775.0
179, 69.140792, 663.995679, 37.378139, 184.653045, 5050, 753751.0
180, 69.404378, 664.077744, 36.201487, 197.503832, 5002, 743863.0
181, 68.266526, 662.967053, 36.756394, 153.341020, 5121, 763762.0
182, 68.603987, 662.494590, 37.627341, 183.950099, 4993, 744398.0
183, 68.042604, 662.784955, 37.667342, 168.529230, 4965, 738243.0
184, 72.093138, 664.111025, 37.131156, 210.415534, 4778, 709251.0
185, 70.964792, 662.310074, 37.442556, 166.582333, 5174, 779387.0
186, 68.043022, 662.505041, 37.066162, 179.881311, 5022, 756910.0
187, 69.368636, 661.957998, 37.506412, 183.457787, 4897, 737932.0
188, 70.387697, 663.515991, 37.071145, 192.981374, 4958, 745602.0
189, 68.310464, 664.577284, 35.206030, 192.411262, 4856, 720594.0
190, 69.492323, 662.033267, 37.618585, 173.571359, 5129, 765283.0
191, 69.916315, 664.338575, 37.228418, 174.492414, 5063, 754273.0
192, 72.607632, 662.839230, 37.774849, 193.859331, 4854, 718210.0
193, 70.725523, 662.589066, 38.915693, 199.360342, 4783, 711432.0
194, 71.045129, 663.750199, 37.792698, 182.844986, 4760, 706093.0
195, 72.720148, 662.323439, 37.681267, 195.723028, 4998, 740330.0
196, 72.888973, 661.929192, 38.281089, 183.731590, 4920, 730189.0
197, 70.025352, 664.033408, 37.195914, 166.854737, 5073, 756014.0
198, 69.231152, 663.223507, 38.163142, 154.982450, 5101, 760262.0
199, 70.530940, 664.198348, 36.764790, 187.425655, 4919, 730374.0
200, 71.797480, 663.188257, 38.236720, 178.863585, 5015, 745049.0
201, 71.010492, 662.088015, 37.284415, 182.131610, 5003, 742993.0
202, 69.349015, 663.207879, 37.943275, 175.655300, 5186, 771582.0
203, 71.752148, 662.746365, 38.894207, 179.992044, 5000, 766765.0
204, 70.560197, 662.174225, 38.472901, 197.864581, 5057, 752147.0
205, 70.073098, 664.371057, 37.240684, 184.407785, 4923, 730160.0
206, 71.285271, 663.566798, 36.674587, 198.774959, 4773, 707435.0
207, 70.338139, 664.038020, 35.879202, 192.782268, 4886, 725220.0
208, 70.598990, 663.876808, 36.344929, 195.360608, 4942, 733293.0
209, 73.340144, 664.302043, 36.897558, 204.946671, 4909, 727471.0
210, 74.027072, 663.999087, 37.364968, 236.914007, 4827, 720491.0
211, 72.311496, 664.457248, 36.523050, 190.189414, 4857, 723225.0
212, 72.813290, 664.692535, 36.997189, 218.373904, 4820, 714394.0
213, 72.540926, 663.027417, 37.623716, 241.846082, 4692, 692180.0
214, 73.396691, 663.683184, 38.267484, 215.032902, 4909, 723288.0
215, 72.788073, 664.326851, 36.710413, 199.886000, 4780, 703670.0
216, 69.256775, 662.068062, 37.640901, 185.060020, 5105, 756377.0
217, 70.274957, 663.060086, 37.659617, 177.035666, 5111, 757870.0
218, 69.928169, 663.762604, 36.311251, 189.540991, 4901, 729590.0
219, 74.747579, 664.109545, 36.195083, 251.325169, 4793, 705551.0
220, 72.378327, 663.631687, 38.589855, 196.718213, 4879, 721694.0
221, 72.095963, 663.309368, 37.808731, 212.251639, 4821, 713320.0
222, 70.967429, 663.374540, 37.650700, 199.505472, 4859, 720785.0
223, 71.963744, 664.601077, 36.097032, 192.399766, 4880, 721313.0
224, 69.733812, 662.076788, 38.392644, 180.228847, 5091, 756133.0
225, 71.184436, 662.410789, 38.330447, 177.861600, 4998, 741504.0
226, 69.832478, 662.560229, 38.568896, 160.761197, 5106, 758702.0
227, 70.096651, 664.386822, 35.533096, 202.774512, 4870, 726462.0
228, 71.331586, 664.473705, 37.036688, 188.422660, 4964, 740276.0
229, 72.347158, 663.876561, 36.684767, 195.118458, 4802, 713155.0
230, 69.932789, 663.136298, 36.917710, 199.032656, 4928, 731910.0
231, 76.794181, 664.535588, 36.516548, 238.597508, 4982, 732850.0
232, 71.219118, 663.387761, 38.167052, 181.146293, 4848, 717979.0
233, 71.076837, 662.905924, 37.846829, 165.130059, 5132, 760892.0
234, 69.310760, 663.531244, 36.915940, 186.905949, 5054, 753896.0
235, 72.013958, 663.394126, 37.893348, 184.583457, 4939, 730625.0
236, 69.701240, 663.303179, 38.761501, 177.437337, 5029, 745547.0
237, 69.370392, 664.136583, 37.116121, 187.606124, 5155, 764614.0
238, 69.768479, 662.660194, 37.649400, 183.406311, 5006, 743353.0
239, 72.665462, 664.339449, 37.029633, 177.114325, 4914, 725298.0
240, 68.872025, 662.825594, 37.164810, 188.838053, 5072, 751493.0
241, 69.581049, 663.036357, 37.606960, 179.084176, 5019, 743914.0
242, 68.269196, 662.364377, 38.234161, 163.976394, 5123, 762529.0
243, 71.885195, 663.849856, 37.573533, 199.789872, 4871, 721255.0
244, 69.336586, 664.447425, 36.223648, 178.110498, 5112, 758994.0
245, 67.206199, 661.919124, 37.657586, 170.232627, 4885, 726417.0
246, 68.413114, 662.488200, 37.237482, 169.215366, 5061, 751351.0
247, 70.145194, 664.400116, 36.588954, 176.844521, 5126, 759882.0
248, 71.334521, 663.138335, 36.869695, 225.166394, 4880, 722534.0
249, 70.394037, 664.514272, 37.332515, 177.500302, 5031, 761995.0
250, 70.761334, 663.373004, 36.451436, 172.568738, 4953, 732401.0
251, 69.147190, 662.649149, 37.063059, 223.848860, 4873, 720840.0
252, 72.117010, 664.469821, 36.149226, 208.963788, 4715, 693508.0
253, 69.582665, 664.810840, 36.698786, 186.531729, 5030, 744166.0
254, 69.520120, 663.960039, 37.529396, 183.779332, 5061, 752389.0
255, 69.832763, 662.635952, 37.786665, 197.007954, 4798, 711880.0
256, 72.721122, 663.564799, 35.981254, 216.331996, 4712, 693077.0
257, 73.178764, 662.533960, 38.066184, 193.118701, 4902, 725181.0
258, 69.435828, 663.175006, 36.949148, 172.050234, 5129, 762910.0
259, 69.170746, 662.610057, 38.500876, 181.840301, 4947, 736831.0
260, 69.591857, 663.802321, 37.273417, 185.161789, 5133, 767755.0
261, 73.182504, 664.763926, 37.173194, 233.238085, 4738, 701026.0
262, 71.596785, 663.052662, 37.929246, 167.542073, 5004, 744256.0
263, 69.933881, 664.058927, 36.131736, 181.744034, 4918, 729986.0
264, 70.623598, 662.694886, 37.716128, 161.306515, 5070, 779756.0
265, 66.363701, 663.561728, 37.513731, 184.787022, 5053, 750503.0
266, 69.794373, 663.702271, 37.597260, 193.452744, 4850, 719172.0
267, 69.563811, 662.672278, 37.329100, 203.285367, 4908, 737749.0
268, 73.573654, 663.711308, 36.364684, 255.266576, 4811, 709674.0
269, 68.003012, 662.907727, 37.021630, 172.367207, 5078, 754378.0
270, 71.471500, 662.896767, 37.651039, 210.349266, 4872, 721226.0
271, 73.797078, 664.035871, 37.683596, 217.704259, 4901, 722704.0
272, 70.001106, 663.286813, 37.768020, 179.464555, 5001, 750498.0
273, 69.588646, 663.786721, 37.406053, 188.832122, 4941, 733827.0
274, 68.509993, 662.813998, 38.045598, 174.892540, 4986, 741004.0
275, 70.634649, 665.315130, 36.097866, 198.072947, 5058, 747499.0
276, 69.852585, 663.480323, 37.416878, 189.291644, 5099, 755269.0
277, 70.795525, 664.277267, 36.769505, 185.265831, 5106, 755997.0
278, 70.795089, 663.239466, 37.179870, 190.204278, 4898, 725053.0
279, 67.773359, 662.470112, 37.944108, 164.448379, 5029, 767680.0
280, 73.646138, 663.224631, 36.941060, 228.432097, 4911, 726904.0
281, 72.552028, 662.762452, 38.019103, 188.321423, 4889, 723289.0
282, 70.167408, 662.836137, 37.829510, 166.410531, 5124, 761069.0
283, 73.563917, 665.225098, 36.282261, 217.390629, 4661, 686173.0
284, 72.147804, 663.175248, 37.787236, 201.845554, 4823, 714623.0
285, 71.180565, 662.409338, 37.939193, 194.390665, 4974, 736473.0
286, 69.310494, 663.471965, 37.373931, 191.197913, 5151, 765491.0
287, 69.643515, 662.347930, 38.456286, 183.407933, 5020, 747718.0
288, 70.277653, 663.393312, 37.122124, 189.030610, 4919, 726266.0
289, 69.047406, 661.920671, 38.573198, 164.207302, 4986, 740661.0
290, 71.596065, 663.940205, 37.931500, 191.755086, 4998, 740825.0
291, 70.672864, 662.836578, 37.865523, 175.330852, 5022, 745343.0
292, 71.794069, 663.828074, 36.893926, 188.167549, 4895, 722975.0
293, 69.495039, 664.487001, 37.280739, 181.077581, 5164, 767949.0
294, 70.830205, 663.262420, 37.962474, 188.951185, 5062, 750860.0
295, 67.964484, 663.306611, 37.858450, 171.524350, 5123, 760546.0
296, 69.095000, 663.282325, 38.063221, 168.634836, 5101, 757661.0
297, 70.543708, 663.856278, 36.692948, 221.333808, 4867, 721698.0
298, 69.206656, 663.351356, 36.542158, 194.994499, 5012, 742960.0
299, 72.108150, 664.480435, 36.377320, 207.316776, 4778, 705406.0
300, 70.438545, 662.852264, 37.131620, 165.417086, 4994, 740881.0
301, 70.598121, 664.091304, 37.218612, 163.766208, 5184, 769612.0
302, 69.101801, 662.599647, 37.495110, 167.448934, 5132, 763236.0
303, 69.354979, 663.798970, 37.041079, 191.123305, 5022, 745263.0
304, 69.729356, 663.830843, 36.023568, 211.678942, 4862, 720045.0
305, 69.583110, 663.791988, 36.933004, 159.352993, 5136, 767720.0
306, 69.986860, 663.929478, 37.179211, 178.783171, 5061, 752012.0
307, 71.265996, 663.741214, 36.608430, 196.630234, 4795, 711262.0
308, 70.180686, 664.128237, 36.640719, 181.123523, 5167, 769948.0
309, 69.934865, 664.389417, 36.563074, 171.607367, 5173, 795674.0
310, 70.746707, 663.425762, 37.050841, 176.223908, 5071, 756580.0
311, 70.581624, 663.062033, 38.813507, 203.546576, 4875, 723925.0
312, 70.511167, 662.733479, 37.517394, 205.982671, 4914, 728762.0
313, 67.767371, 663.772811, 36.858922, 194.617660, 4839, 718426.0
314, 71.850789, 663.681367, 37.325902, 197.219463, 4953, 735747.0
315, 71.300100, 663.469606, 38.755826, 182.648699, 4736, 702007.0
316, 74.528303, 664.369591, 36.340525, 220.522631, 4894, 724127.0
317, 72.615156, 663.856602, 37.229440, 219.790603, 4918, 727997.0
318, 71.204521, 664.766652, 36.783663, 219.905982, 4863, 722057.0
319, 69.733344, 663.421454, 36.491567, 199.182159, 4993, 741684.0
320, 74.020510, 665.109442, 36.545913, 223.824336, 4852, 718053.0
321, 72.198565, 664.999279, 36.552209, 177.594002, 4867, 722956.0
322, 71.042939, 662.929241, 38.072747, 175.132534, 5140, 765883.0
323, 74.830436, 664.382307, 36.376428, 251.197868, 4785, 707155.0
324, 72.479015, 662.946465, 37.464305, 217.765548, 4806, 719753.0
325, 69.624337, 664.046130, 36.957099, 205.319696, 4828, 717562.0
326, 74.142800, 664.283541, 36.248092, 227.151794, 4844, 715642.0
327, 73.890195, 663.231979, 36.983834, 230.927746, 4908, 725293.0
328, 69.500455, 663.677036, 37.708376, 180.684669, 5129, 763088.0
329, 69.833424, 664.041484, 35.608785, 205.095296, 5017, 746424.0
330, 71.136854, 665.902757, 35.021987, 207.794533, 4757, 703403.0
331, 70.791073, 664.616889, 36.508999, 194.982028, 4950, 734584.0
332, 69.085387, 662.854848, 38.287142, 169.367108, 5086, 757577.0
333, 69.888729, 664.103055, 37.556381, 187.226068, 5035, 748850.0
334, 68.202769, 662.153771, 38.005649, 180.181336, 5154, 767795.0
335, 69.122938, 663.261367, 37.994917, 176.482190, 5103, 760802.0
336, 69.412114, 662.815412, 38.780670, 181.051654, 4954, 737399.0
337, 69.553991, 663.415904, 38.033972, 173.329719, 5060, 752503.0
338, 71.109404, 663.772722, 38.011726, 184.035749, 4937, 733546.0
339, 71.999633, 663.570593, 38.003006, 181.736845, 4965, 754876.0
340, 73.157546, 665.008827, 35.538957, 221.992523, 4780, 705196.0
341, 67.320715, 662.937806, 37.540418, 174.441715, 5108, 793169.0
342, 68.968437, 661.849633, 37.480160, 180.810000, 4966, 737794.0
343, 72.117828, 663.541114, 36.411327, 200.927055, 4820, 713703.0
344, 71.049413, 664.340560, 36.317316, 195.654681, 4967, 744543.0
345, 71.328048, 664.427979, 36.449334, 195.225890, 4900, 725020.0
346, 69.584027, 663.595379, 37.541973, 181.063831, 5196, 773427.0
347, 71.426423, 663.048402, 38.311646, 176.464514, 4917, 728739.0
348, 72.171361, 664.460315, 36.573142, 203.717968, 4829, 713206.0
349, 68.556261, 662.920349, 37.901456, 160.956422, 5112, 758592.0
350, 73.330470, 663.331446, 37.324536, 205.437074, 4884, 719925.0
351, 70.895971, 661.936105, 38.585897, 179.084404, 4939, 730602.0
352, 69.309534, 662.824168, 38.012959, 173.967655, 5140, 763772.0
353, 69.960246, 662.764734, 38.722713, 194.937437, 4907, 726525.0
354, 68.991519, 663.627126, 37.584842, 183.589056, 5067, 753300.0
355, 69.578197, 663.425958, 38.117094, 172.891713, 5078, 770924.0
356, 70.297607, 663.323423, 38.614358, 173.832648, 4971, 738722.0
357, 69.588916, 662.417582, 38.420680, 167.404354, 5032, 746637.0
358, 67.011193, 662.666115, 36.938452, 172.212144, 4987, 740807.0
359, 70.979804, 663.409900, 38.315362, 182.077308, 5056, 751435.0
360, 69.434591, 662.183470, 37.284666, 197.231507, 4892, 726630.0
361, 70.329839, 662.776623, 37.585265, 203.257717, 5013, 742911.0
362, 72.577789, 664.065089, 38.493917, 201.169553, 4942, 729750.0
363, 71.467459, 664.208862, 36.472960, 219.944438, 4800, 707725.0
364, 70.017316, 664.356474, 36.991189, 184.877791, 5250, 779333.0
365, 67.879897, 661.802329, 38.028370, 175.713509, 5061, 751581.0
366, 69.234445, 664.191794, 36.276156, 162.990259, 5120, 760379.0
367, 70.094428, 664.340470, 36.430231, 201.292078, 4924, 728768.0
368, 71.583176, 663.000786, 38.094192, 182.550268, 4900, 725581.0
369, 69.932645, 663.335779, 36.671227, 200.692896, 5074, 750514.0
370, 73.241172, 663.222142, 37.275446, 201.165561, 4866, 718374.0
371, 71.437007, 664.522582, 36.987277, 195.556359, 4935, 730793.0
372, 69.880977, 663.631981, 36.762524, 184.876958, 4966, 734738.0
373, 67.900164, 663.043167, 37.006436, 173.812712, 5051, 761877.0
374, 73.619196, 665.351940, 37.598024, 205.975201, 4889, 720972.0
375, 73.887670, 664.117068, 36.716987, 221.324840, 4921, 730587.0
376, 68.726465, 664.079891, 37.138292, 187.524302, 4907, 726782.0
377, 69.815648, 664.428836, 37.631166, 181.164621, 4928, 731121.0
378, 72.484005, 663.842784, 36.958127, 212.260846, 4880, 720499.0
379, 72.195196, 663.862336, 37.319796, 200.042317, 4948, 731117.0
380, 70.918959, 663.022940, 37.922114, 185.013340, 5099, 756823.0
381, 69.473754, 662.956054, 37.971167, 212.935499, 4835, 716370.0
382, 70.953501, 663.573800, 37.746872, 178.399676, 5097, 756505.0
383, 70.541559, 663.123054, 37.698871, 187.244255, 5018, 744286.0
384, 71.683843, 663.447299, 37.139396, 185.964753, 4914, 726990.0
385, 70.975116, 664.003712, 37.574868, 191.997309, 4841, 738637.0
386, 73.040595, 664.067997, 36.708844, 213.449564, 4779, 705708.0
387, 73.008449, 661.921028, 38.039871, 207.586519, 4927, 729556.0
388, 69.625122, 662.944518, 36.991874, 197.603234, 4876, 724360.0
389, 73.304032, 664.302293, 36.443410, 226.042482, 4902, 724159.0
390, 75.089208, 664.729111, 36.888971, 211.157218, 4897, 723923.0
391, 72.957182, 664.340641, 36.628238, 247.379814, 4778, 705272.0
392, 71.241398, 663.109834, 37.205338, 188.992521, 4863, 720213.0
393, 73.635815, 663.490621, 36.937819, 221.558215, 4886, 723134.0
394, 71.700579, 662.503039, 37.103844, 202.496081, 4820, 717032.0
395, 70.350701, 661.894733, 38.077475, 204.605085, 4827, 716317.0
396, 74.599499, 664.720287, 37.715681, 206.486074, 4894, 722773.0
397, 71.496975, 662.895255, 37.096531, 218.423510, 4837, 716384.0
398, 72.422011, 663.083600, 37.324398, 206.194300, 4900, 726489.0
399, 73.680443, 663.776157, 37.581585, 216.873154, 4817, 712576.0
400, 73.130619, 662.513041, 37.675884, 203.699648, 4914, 727019.0
401, 70.256290, 664.287376, 36.478104, 189.014088, 5093, 755541.0
402, 71.148408, 663.011409, 37.583777, 194.576717, 4940, 732455.0
403, 73.948853, 664.907787, 37.575769, 213.648218, 4895, 721454.0
404, 71.253737, 664.267990, 38.026408, 195.952655, 5008, 742955.0
405, 73.314630, 663.156405, 37.548328, 207.731799, 4886, 721614.0
406, 70.773296, 662.362664, 38.308979, 188.342183, 5048, 759800.0
407, 74.196158, 663.848141, 37.669628, 213.068772, 4892, 731124.0
408, 71.161205, 662.750992, 38.054162, 183.312786, 5112, 762313.0
409, 71.476925, 664.532043, 37.377753, 201.579289, 4785, 717791.0
410, 69.749791, 664.143301, 36.591368, 217.787885, 4957, 740389.0
411, 73.958970, 663.114931, 37.861745, 205.956927, 4966, 744790.0
412, 74.187935, 663.270293, 38.330360, 227.824881, 4954, 740832.0
413, 73.692538, 661.644066, 38.620839, 200.879132, 4883, 722393.0
414, 71.082203, 663.940201, 37.883998, 219.883995, 4765, 704645.0
415, 74.508529, 663.405270, 37.403582, 222.096734, 4838, 715596.0
416, 69.604887, 662.330991, 36.665935, 192.001133, 4863, 719746.0
417, 71.491210, 663.214460, 37.197856, 205.648553, 4812, 711113.0
418, 71.724008, 663.749737, 36.086624, 205.073481, 4878, 742769.0
419, 72.905732, 661.076680, 39.022506, 187.482877, 4939, 732765.0
420, 69.911636, 663.836532, 37.361406, 196.258253, 4955, 734142.0
421, 71.432393, 663.218735, 39.187741, 192.180580, 4917, 727555.0
422, 67.666973, 663.161874, 37.349367, 187.284410, 4919, 728123.0
423, 72.113254, 664.086709, 37.312304, 212.728166, 4832, 712602.0
424, 72.339928, 662.827207, 37.489603, 201.410038, 4913, 725642.0
425, 72.236414, 663.941220, 37.754937, 214.981671, 4769, 700897.0
426, 71.341005, 663.165193, 37.023830, 191.251302, 4921, 728543.0
427, 71.746896, 664.141868, 37.564862, 198.980151, 4975, 735440.0
428, 72.391070, 662.951283, 37.350577, 206.498682, 4918, 726154.0
429, 74.318744, 664.640168, 36.137020, 233.874784, 4915, 722821.0
430, 70.243350, 663.338329, 37.082816, 185.510124, 5058, 750661.0
431, 71.184718, 663.618932, 36.639023, 196.795631, 4898, 725233.0
432, 72.277033, 663.565440, 37.854018, 181.255472, 4962, 732215.0
433, 68.746191, 662.226526, 37.353080, 184.600568, 4941, 731401.0
434, 70.789086, 662.828396, 36.906678, 182.915957, 4941, 741465.0
435, 70.473439, 663.083246, 37.761774, 186.152435, 5063, 751046.0
436, 70.923457, 663.214941, 36.719501, 189.265356, 4845, 718468.0
437, 70.681576, 664.416049, 37.489461, 177.393445, 5069, 750667.0
438, 70.203252, 664.098121, 36.966015, 173.768418, 5113, 756863.0
439, 68.807394, 663.475790, 37.338112, 171.776606, 5043, 745774.0
440, 72.174009, 662.714368, 37.846109, 209.452017, 4772, 703330.0
441, 71.563627, 663.961981, 35.709279, 194.027832, 4970, 735023.0
442, 71.006173, 663.379674, 37.518690, 183.047345, 5070, 752406.0
443, 71.259849, 662.847456, 37.445383, 196.794423, 4865, 720568.0
444, 70.080563, 662.538933, 37.698356, 184.043161, 4926, 730245.0
445, 68.311123, 662.440476, 38.499100, 170.968294, 5055, 748711.0
446, 71.670036, 664.067547, 36.832257, 209.773040, 4680, 696284.0
447, 72.797338, 663.378838, 37.480461, 205.510610, 4859, 715852.0
448, 71.141632, 663.274385, 37.497091, 197.660919, 4818, 711728.0
449, 71.227495, 665.601420, 36.404191, 198.363051, 4806, 710681.0
450, 71.527789, 663.349057, 37.476159, 207.581890, 4827, 715248.0
451, 71.584838, 663.002271, 37.591742, 194.991305, 4905, 727113.0
452, 69.968209, 662.173021, 37.620632, 174.154508, 5070, 755960.0
453, 68.251863, 662.707351, 37.364615, 179.351522, 5006, 744173.0
454, 67.752048, 662.153453, 38.417742, 179.168440, 4991, 741541.0
455, 71.389511, 663.762778, 37.593230, 180.068830, 4871, 729548.0
456, 71.966320, 664.215674, 36.325995, 204.447007, 4939, 736044.0
457, 73.592812, 663.787460, 38.144632, 201.750449, 4969, 740832.0
458, 68.213329, 663.475710, 37.522521, 188.678751, 4987, 747581.0
459, 71.392411, 663.134070, 37.758334, 186.188832, 5016, 755410.0
460, 73.586950, 665.181090, 37.666085, 211.883366, 4948, 742615.0
461, 71.794233, 664.063038, 37.374443, 190.964605, 4818, 711053.0
462, 70.190748, 663.242117, 36.587802, 177.458684, 5127, 761404.0
463, 72.959408, 663.821134, 37.120821, 199.669458, 4849, 715661.0
464, 72.845588, 664.797815, 36.467995, 202.362406, 4773, 703109.0
465, 70.627687, 662.628262, 37.975257, 202.099548, 5029, 746221.0
466, 70.965358, 662.909953, 37.492806, 188.742787, 4894, 726932.0
467, 68.761670, 663.670353, 36.907217, 184.218739, 5007, 744871.0
468, 69.620893, 663.353508, 38.366095, 169.863699, 5015, 746865.0
469, 69.709128, 664.206774, 36.070525, 203.770666, 4853, 720273.0
470, 71.727518, 664.859326, 36.052158, 188.082090, 4861, 722023.0
471, 71.561603, 662.504079, 38.557765, 177.525648, 4874, 721194.0
472, 69.668150, 661.863884, 37.846632, 181.750758, 4878, 723555.0
473, 72.698277, 663.508106, 38.192320, 197.925260, 4925, 726122.0
474, 69.945206, 663.095028, 37.454306, 173.750260, 5057, 750166.0
475, 68.706418, 662.660676, 36.798431, 189.514532, 4979, 738742.0
476, 70.530891, 661.793355, 37.683628, 198.131298, 5154, 764298.0
477, 69.635673, 663.282754, 37.561272, 196.433278, 4945, 732496.0
478, 70.303965, 662.928643, 37.150668, 191.009012, 5035, 746893.0
479, 72.418280, 663.381288, 37.606241, 193.274587, 4907, 725492.0
480, 70.116769, 663.009739, 37.556699, 189.566055, 4795, 711577.0
481, 69.652427, 662.686205, 37.373552, 203.281625, 4829, 715849.0
482, 69.647977, 662.987531, 36.608644, 186.977090, 5079, 753609.0
483, 69.867040, 664.291755, 37.080662, 192.088957, 4982, 739150.0
484, 68.352306, 663.189650, 38.629133, 153.528907, 5140, 773141.0
485, 70.550981, 661.574431, 38.247952, 211.876335, 4943, 733013.0
486, 69.391677, 663.776681, 36.904100, 163.850215, 5135, 765126.0
487, 69.669737, 664.424588, 36.623738, 183.995176, 5045, 750085.0
488, 71.181997, 663.787296, 37.066340, 189.816550, 4873, 721435.0
489, 71.259850, 663.557488, 37.573625, 175.374077, 5090, 755729.0
490, 71.155733, 663.239798, 37.794567, 193.990138, 4834, 716464.0
491, 74.112517, 664.563318, 36.823399, 239.556567, 4826, 727240.0
492, 71.677187, 663.782114, 36.881090, 207.762391, 4815, 711479.0
493, 68.504335, 662.743296, 37.610264, 191.664586, 5051, 750337.0
494, 70.798946, 663.747820, 37.352797, 185.724026, 5091, 756518.0
495, 72.015719, 662.914212, 37.642874, 207.750114, 4884, 724739.0
496, 68.538365, 662.439715, 37.580514, 201.506690, 5004, 748671.0
497, 72.204194, 662.426576, 37.736063, 215.788501, 4750, 701713.0
498, 73.690459, 664.471954, 37.230879, 212.284284, 4917, 726343.0
499, 74.159703, 664.357937, 36.340781, 239.702166, 4798, 707975.0
500, 71.939992, 663.151532, 37.400027, 194.160039, 4864, 723145.0
501, 68.739076, 663.150794, 37.402302, 182.854799, 5083, 755354.0
502, 71.453671, 664.695534, 35.656860, 172.762042, 4936, 731019.0
503, 68.944346, 663.237853, 38.018439, 176.547702, 5018, 751257.0
504, 73.913017, 665.465311, 36.395133, 229.305668, 4835, 711702.0
505, 68.785131, 664.279823, 37.794574, 165.520017, 5028, 750038.0
506, 72.694782, 663.719656, 37.512471, 202.823380, 4937, 738096.0
507, 72.445483, 666.117701, 34.976842, 202.928648, 4795, 709628.0
508, 70.786389, 664.011835, 37.571226, 201.048275, 4772, 708890.0
509, 72.304761, 663.239932, 37.741001, 206.952507, 4919, 728120.0
510, 68.484105, 664.761899, 36.644403, 170.278814, 5101, 754201.0
511, 71.818776, 663.630095, 36.977548, 189.710948, 4854, 715190.0
512, 73.226633, 662.108493, 37.848337, 230.169011, 4756, 700555.0
513, 73.575569, 663.314575, 37.117666, 202.455323, 4893, 721252.0
514, 71.726413, 664.526035, 36.540988, 214.502346, 4717, 695878.0
515, 72.234367, 663.144607, 37.525661, 188.278501, 4755, 702500.0
516, 74.260553, 663.998778, 36.812295, 228.290047, 4863, 717976.0
517, 70.873853, 662.663061, 37.515111, 198.392912, 4978, 737821.0
518, 68.838983, 663.436726, 37.298049, 173.816823, 5065, 753608.0
519, 68.958953, 664.602282, 36.198043, 180.089879, 5011, 744072.0
520, 73.448609, 662.624226, 38.289706, 228.769602, 4816, 711606.0
521, 69.757303, 663.394563, 37.636477, 180.881635, 4978, 739122.0
522, 70.103379, 663.491144, 37.229700, 194.794961, 5042, 763665.0
523, 72.723242, 665.593812, 35.109016, 213.833991, 4675, 688733.0
524, 71.586241, 663.764541, 37.674201, 193.053556, 4942, 733745.0
525, 71.941453, 663.062650, 37.794580, 207.122978, 4874, 723123.0
526, 71.422398, 663.576185, 38.243429, 169.999961, 5074, 754896.0
527, 71.986960, 663.823157, 36.956273, 177.664085, 4989, 742745.0
528, 69.745735, 663.379256, 36.558907, 184.606057, 5076, 753346.0
529, 72.057136, 663.847389, 37.124912, 197.860710, 4753, 703931.0
530, 68.785046, 663.503053, 36.552261, 181.854430, 5002, 744285.0
531, 73.080904, 664.552549, 35.835211, 236.397911, 4834, 712128.0
532, 72.306624, 664.522880, 37.202073, 208.761719, 4856, 715496.0
533, 71.975070, 665.470124, 35.136709, 219.663850, 4743, 695237.0
534, 68.056580, 663.687651, 36.523126, 162.489554, 5077, 754790.0
535, 70.453787, 663.252386, 37.060757, 184.913899, 5012, 744001.0
536, 69.837398, 662.626146, 38.499790, 190.942166, 4961, 736713.0
537, 70.881563, 662.490965, 38.092514, 187.784439, 5032, 751673.0
538, 69.156740, 662.556227, 37.177506, 180.274959, 5147, 772900.0
539, 73.005728, 662.961960, 37.738967, 238.050591, 4713, 698048.0
540, 69.188250, 663.498956, 37.554103, 175.783266, 5109, 762087.0
541, 71.709609, 663.082855, 38.094311, 188.718566, 4879, 738266.0
542, 69.740895, 662.653000, 38.557367, 181.347856, 5106, 758452.0
543, 70.998835, 664.016567, 36.623144, 223.608045, 4933, 731025.0
544, 70.534808, 663.841803, 37.862214, 188.237110, 5044, 751609.0
545, 68.919108, 663.398720, 37.463252, 174.570408, 5081, 755542.0
546, 69.679655, 662.918312, 36.517354, 212.912761, 4803, 710958.0
547, 70.954085, 663.594824, 37.932533, 177.097340, 5150, 764592.0
548, 69.826942, 664.675309, 36.433628, 210.598451, 4930, 730336.0
549, 71.254295, 663.697147, 37.120065, 187.007194, 5144, 763634.0
550, 70.359932, 663.284034, 37.590459, 212.079830, 4880, 724145.0
551, 70.970128, 663.639976, 37.152344, 179.754330, 5009, 742735.0
552, 69.256631, 663.188056, 37.435752, 188.302738, 5077, 786297.0
553, 72.259905, 663.921130, 37.326126, 192.111888, 4749, 702436.0
554, 72.156156, 663.133964, 37.927502, 192.254970, 4840, 719587.0
555, 70.616599, 663.512395, 38.555989, 181.126504, 5042, 752808.0
556, 70.953617, 662.587058, 37.330278, 189.427439, 5028, 745111.0
557, 70.039965, 663.648046, 37.399586, 189.991166, 5050, 749372.0
558, 71.720696, 663.838339, 36.446871, 220.178455, 4753, 702139.0
559, 71.159086, 664.698992, 37.016091, 222.446584, 4838, 715788.0
560, 69.399223, 665.070259, 36.662531, 196.531215, 5111, 758340.0
561, 72.838263, 665.351902, 36.449816, 193.535666, 4946, 730194.0
562, 70.312200, 662.400784, 38.661038, 202.225569, 4981, 739566.0
563, 69.970157, 663.464825, 36.599952, 183.998767, 5131, 763883.0
564, 73.989357, 663.823121, 37.729690, 226.549281, 4867, 717936.0
565, 71.522295, 663.874108, 37.731537, 185.115610, 4961, 735125.0
566, 69.815641, 663.328939, 37.566591, 193.893534, 5116, 759228.0
567, 67.996314, 662.668597, 38.288072, 165.295754, 5027, 752650.0
568, 74.650959, 663.220492, 36.975952, 228.875316, 4914, 724396.0
569, 71.475759, 662.218020, 38.265567, 204.167844, 4994, 791375.0
570, 70.734540, 663.602867, 36.462000, 169.140129, 5204, 796377.0
571, 73.679676, 665.237500, 36.080148, 206.553350, 4861, 721254.0
572, 71.288131, 662.965984, 37.664476, 212.002304, 4667, 696655.0
573, 70.334937, 663.941948, 37.574875, 163.976636, 5061, 752725.0
574, 70.400369, 663.388408, 36.154602, 185.289579, 4890, 725135.0
575, 71.749548, 663.225288, 38.432254, 186.603784, 5008, 744135.0
576, 74.048887, 662.113257, 38.770232, 227.869379, 4814, 717637.0
577, 72.621954, 661.802854, 38.588959, 208.482584, 4843, 718021.0
578, 70.345564, 662.328905, 38.166321, 187.474752, 4982, 741442.0
579, 71.388757, 662.574586, 37.598516, 191.079958, 4857, 722816.0
580, 75.255693, 665.738387, 35.381346, 241.181936, 4892, 720749.0
581, 69.166836, 664.195368, 37.154133, 185.919685, 5088, 756788.0
582, 75.200360, 663.323329, 37.282551, 219.890385, 4848, 720319.0
583, 73.798068, 664.430284, 36.795150, 203.459519, 4927, 730362.0
584, 70.560477, 662.884869, 38.323271, 200.734648, 4847, 719115.0
585, 69.792089, 663.457744, 36.946427, 174.411948, 5119, 761462.0
586, 72.020764, 662.720200, 37.940051, 192.812960, 4835, 715265.0
587, 74.250274, 663.489214, 37.444621, 203.004208, 4814, 711591.0
588, 70.823593, 664.929251, 36.982920, 202.731011, 4694, 693389.0
589, 68.445338, 662.502124, 38.286303, 177.870614, 4940, 741153.0
590, 71.173158, 661.789250, 38.100845, 211.250240, 4685, 693732.0
591, 68.755774, 662.857934, 37.993172, 196.877650, 5012, 743300.0
592, 72.426282, 663.077752, 37.771456, 215.406948, 4895, 723852.0
593, 69.808840, 663.569276, 37.836187, 185.307075, 5151, 764979.0
594, 72.348945, 663.964852, 36.311296, 210.129172, 4813, 710400.0
595, 69.514906, 662.504795, 37.987819, 190.120646, 4928, 730415.0
596, 72.438205, 665.163717, 35.479736, 222.696330, 4680, 688288.0
597, 68.890117, 663.112338, 38.320627, 161.940092, 5028, 748186.0
598, 68.774746, 662.957513, 37.772908, 171.446485, 5150, 765752.0
599, 72.906811, 663.935092, 36.409960, 199.620616, 4889, 721465.0
600, 71.605013, 662.937198, 37.753944, 192.899771, 4798, 710592.0
601, 70.113544, 661.731450, 37.581356, 210.892548, 4841, 717927.0
602, 71.026720, 663.312641, 37.039893, 189.385283, 4882, 723798.0
603, 68.963564, 664.443241, 36.283412, 174.517811, 5014, 744814.0
604, 73.132588, 663.458471, 37.462734, 196.923017, 4903, 724439.0
605, 76.164817, 665.486098, 35.872823, 235.549431, 4847, 713421.0
606, 69.542487, 662.480478, 37.375900, 181.856128, 5034, 747976.0
607, 71.120423, 663.970322, 36.307329, 170.481180, 5061, 749526.0
608, 71.714773, 663.930135, 36.464349, 206.387620, 4766, 704662.0
609, 70.972900, 663.395806, 37.841909, 201.279452, 5091, 755128.0
610, 71.914016, 662.730652, 38.609443, 203.426912, 4921, 729146.0
611, 70.596060, 664.097674, 36.140562, 188.176714, 4842, 737201.0
612, 74.539348, 664.248974, 36.650257, 236.624938, 4724, 696936.0
613, 70.963490, 662.941428, 36.805295, 210.033764, 4876, 724539.0
614, 68.554518, 662.586520, 38.171128, 172.201911, 5091, 757957.0
615, 71.863984, 662.558326, 37.383668, 206.484491, 4816, 713588.0
616, 67.885257, 663.752628, 36.417263, 173.140019, 4905, 728453.0
617, 71.079348, 664.049123, 37.155503, 194.102771, 4960, 735889.0
618, 71.300549, 663.419585, 37.898048, 180.930003, 5078, 755285.0
619, 69.332683, 662.150511, 38.548625, 177.868642, 5097, 759767.0
620, 67.319433, 662.904856, 37.302690, 185.917700, 4838, 718968.0
621, 70.882622, 663.592496, 38.048778, 169.795199, 5080, 755678.0
622, 70.291939, 662.829919, 36.596905, 189.671030, 4913, 728749.0
623, 71.422789, 663.151300, 38.247454, 211.545247, 4887, 726767.0
624, 69.240724, 662.775260, 36.882778, 181.993596, 4991, 742343.0
625, 68.766091, 662.581208, 38.129358, 176.203959, 5029, 748992.0
626, 72.941331, 663.544639, 37.761891, 228.559403, 4848, 719021.0
627, 72.818037, 664.284652, 37.130754, 202.438449, 4800, 710372.0
628, 68.614167, 663.660544, 38.147799, 190.547982, 5012, 752283.0
629, 71.838503, 664.061223, 37.022404, 186.840493, 4976, 737675.0
630, 68.644860, 663.053926, 37.742829, 164.827907, 5171, 771564.0
631, 69.772210, 662.636609, 38.388714, 164.102900, 5049, 750662.0
632, 67.188499, 662.768342, 38.144648, 169.859075, 4936, 734454.0
633, 72.010091, 665.002576, 35.893679, 182.381269, 4870, 722318.0
634, 71.998859, 663.756240, 37.781217, 206.221234, 4824, 716023.0
635, 69.371986, 662.901783, 37.061000, 196.874528, 4978, 742763.0
636, 70.774336, 664.013815, 36.953806, 194.660666, 4685, 695680.0
637, 69.782916, 662.667561, 37.508339, 188.413826, 5097, 761053.0
638, 72.064083, 664.058160, 37.510110, 233.045336, 4724, 698684.0
639, 69.735798, 664.496437, 37.100634, 176.099576, 4993, 745546.0
640, 70.948734, 662.792613, 38.470322, 185.342063, 5040, 756379.0
641, 68.558782, 663.784540, 37.575032, 165.242217, 5137, 771623.0
642, 69.323463, 663.083958, 37.495818, 176.978974, 5039, 757966.0
643, 67.943298, 662.713761, 37.899670, 175.456046, 4867, 731403.0
644, 70.878107, 661.679620, 38.781304, 195.413060, 4946, 742979.0
645, 70.946932, 662.821426, 38.271301, 180.335885, 4976, 739394.0
646, 69.083185, 661.705238, 38.832403, 175.117453, 5067, 757876.0
647, 69.677457, 662.917717, 36.870199, 190.873638, 4834, 716330.0
648, 69.176721, 662.218594, 37.659185, 185.504646, 5125, 769401.0
649, 74.492275, 663.930118, 37.435096, 215.688340, 4886, 721405.0
650, 69.686083, 663.964016, 37.237623, 172.945533, 5080, 755495.0
651, 67.085068, 663.605982, 36.926139, 169.728762, 4980, 740557.0
652, 69.959040, 664.333213, 36.723133, 178.856580, 5045, 748815.0
653, 68.926080, 663.105144, 37.642044, 161.661112, 5143, 766412.0
654, 72.304019, 662.659995, 38.494965, 192.703164, 4864, 719717.0
655, 67.781341, 663.121248, 36.780542, 183.859519, 4921, 728957.0
656, 70.704828, 662.977044, 37.390449, 186.852334, 4797, 710755.0
657, 71.887284, 664.597288, 37.260906, 197.416273, 4951, 733371.0
658, 72.592137, 664.267575, 36.915276, 211.744902, 4881, 721190.0
659, 69.817862, 662.526204, 38.128846, 177.068531, 5036, 763955.0
660, 68.864027, 663.387377, 37.521802, 189.523209, 5055, 758965.0
661, 73.894237, 663.905105, 38.453978, 234.927547, 4890, 722457.0
662, 70.321910, 665.177174, 36.498844, 170.511884, 5102, 759542.0
663, 71.515111, 663.738672, 37.537955, 181.843054, 5034, 750912.0
664, 69.818445, 663.049395, 38.483960, 174.673819, 5058, 753349.0
665, 69.102154, 662.562833, 38.009145, 179.538588, 5093, 757329.0
666, 69.737770, 663.161815, 37.219424, 182.743514, 5002, 742563.0
667, 74.171455, 664.191258, 35.910477, 231.661178, 4852, 715998.0
668, 71.279909, 662.936790, 37.899337, 175.690488, 4997, 741912.0
669, 70.177874, 664.266426, 37.132050, 184.357000, 5152, 769304.0
670, 70.452499, 664.595885, 36.802728, 176.172132, 5110, 762925.0
671, 70.926906, 664.505092, 36.709847, 193.855058, 4922, 735021.0
672, 68.795670, 663.250384, 37.641379, 183.706611, 4948, 737407.0
673, 70.363197, 664.615949, 36.689231, 178.468554, 5031, 747737.0
674, 68.134074, 662.410128, 37.375398, 178.405318, 4954, 744622.0
675, 71.177394, 664.445846, 37.085630, 190.264300, 5008, 742265.0
676, 71.685466, 662.709416, 37.211446, 184.466422, 4656, 688186.0
677, 70.835243, 663.667817, 37.473773, 182.368791, 5008, 743939.0
678, 67.654847, 662.616817, 37.606429, 176.971571, 4941, 733757.0
679, 68.664196, 665.192355, 34.854150, 175.816795, 5109, 759328.0
680, 67.717602, 662.439218, 37.813664, 176.056436, 4946, 736481.0
681, 66.604662, 663.195454, 37.816490, 182.487442, 5008, 746043.0
682, 66.569479, 662.827471, 37.102037, 158.769224, 4998, 745034.0
683, 70.028878, 664.049660, 36.937520, 174.424057, 5153, 764856.0
684, 66.563266, 663.707124, 37.493070, 160.637969, 4973, 742620.0
685, 69.980109, 662.444698, 38.629176, 171.667452, 5077, 755440.0
686, 69.064953, 662.568796, 38.283433, 160.043511, 5109, 761266.0
687, 69.842810, 663.129801, 37.519727, 179.903009, 5107, 759539.0
688, 71.540721, 663.526757, 38.329121, 196.493086, 4839, 717114.0
689, 66.721666, 663.523729, 36.834679, 171.664602, 5000, 772989.0
690, 69.223280, 662.668417, 37.753108, 176.899754, 5021, 745589.0
691, 69.510000, 662.986829, 36.921499, 177.572662, 5110, 760778.0
692, 68.868866, 663.517391, 36.917976, 171.294599, 5150, 765134.0
693, 69.674789, 663.263992, 37.220427, 184.205368, 5068, 752074.0
694, 71.905047, 663.148006, 38.089465, 199.711241, 4935, 731958.0
695, 72.313512, 664.157659, 36.816081, 213.467304, 4708, 696854.0
696, 69.492731, 663.907479, 37.430771, 199.066835, 4940, 734440.0
697, 69.103866, 662.838502, 36.980820, 172.346751, 5054, 752610.0
698, 70.035141, 663.045227, 36.733471, 202.472764, 4848, 719592.0
699, 70.973875, 664.410945, 36.917921, 179.090981, 4991, 743297.0
700, 73.341358, 663.422971, 37.350195, 206.645535, 4959, 733941.0
701, 73.736208, 663.704742, 37.874136, 190.617368, 4969, 735847.0
702, 72.272005, 662.180594, 38.415708, 177.633857, 4952, 736100.0
703, 68.886483, 662.736981, 37.659225, 179.861877, 4991, 741999.0
704, 72.801803, 663.588744, 37.575668, 209.729940, 4824, 714246.0
705, 70.475871, 662.284690, 37.788195, 176.217506, 5089, 755820.0
706, 69.623035, 664.621238, 35.884910, 191.454644, 5042, 746932.0
707, 71.229078, 662.942822, 38.170210, 217.793051, 4643, 685734.0
708, 70.404864, 663.096985, 37.605493, 173.304321, 5026, 745978.0
709, 69.610433, 663.713046, 36.670323, 198.158053, 5008, 742794.0
710, 67.782400, 663.477661, 37.407268, 178.941453, 4890, 724424.0
711, 69.776945, 663.490397, 37.249170, 193.868926, 5032, 746975.0
712, 70.317305, 663.973397, 37.575212, 187.800320, 5001, 742280.0
713, 69.632393, 664.093056, 36.953705, 174.698132, 5141, 762704.0
714, 69.682615, 663.528072, 37.587197, 193.297595, 4938, 733340.0
715, 73.317101, 663.589636, 37.345541, 218.338339, 4911, 724571.0
716, 71.044282, 664.271644, 36.900501, 193.032979, 4980, 739911.0
717, 69.729946, 662.981891, 38.992762, 176.651945, 4991, 741443.0
718, 68.516618, 663.040296, 36.835129, 187.216159, 4986, 740035.0
719, 67.605710, 662.731226, 37.421228, 194.225462, 4852, 726263.0
720, 68.756467, 663.917594, 36.749600, 175.412709, 4983, 744918.0
721, 71.626251, 664.059244, 37.179234, 203.001122, 4830, 714084.0
722, 70.461301, 663.197652, 37.611536, 205.973393, 4907, 727456.0
723, 70.896027, 662.667820, 38.220893, 191.334621, 5047, 748697.0
724, 68.541669, 663.730961, 36.701844, 180.282815, 5124, 760589.0
725, 67.037568, 662.114087, 38.393742, 186.457557, 4893, 726947.0
726, 69.105865, 662.822771, 37.173147, 184.660910, 5112, 759977.0
727, 67.472381, 662.498189, 37.991155, 167.828935, 5021, 745577.0
728, 69.467003, 662.975745, 37.698622, 175.780490, 5124, 762348.0
729, 69.474902, 664.586801, 37.593750, 167.744935, 5026, 746997.0
730, 71.530902, 663.027822, 37.042532, 199.262156, 4799, 712501.0
731, 71.024098, 663.212485, 36.931136, 194.234119, 4760, 703879.0
732, 71.976327, 662.647942, 37.999003, 180.289767, 4905, 728173.0
733, 68.870229, 662.703493, 36.925363, 175.646686, 5104, 758162.0
734, 72.766267, 664.838974, 36.157337, 208.576355, 4670, 689102.0
735, 69.182054, 662.898858, 37.881840, 169.537499, 5185, 772944.0
736, 67.759546, 663.243043, 38.108465, 157.513411, 5167, 768521.0
737, 70.110617, 663.224569, 37.876689, 188.546812, 4997, 743215.0
738, 67.626580, 663.849117, 36.518719, 170.291636, 5059, 751301.0
739, 69.678984, 663.740029, 37.118903, 204.879442, 4983, 739226.0
740, 67.280189, 664.184572, 37.331725, 167.504783, 5055, 751452.0
741, 70.012165, 664.500591, 36.579986, 186.857664, 4900, 726833.0
742, 67.366679, 663.361934, 37.827569, 153.372853, 5090, 756852.0
743, 70.238225, 663.690949, 37.236370, 184.037086, 5048, 749992.0
744, 70.519185, 663.674496, 37.147958, 187.108896, 5068, 752861.0
745, 68.904721, 662.504762, 37.744737, 164.282696, 5198, 773862.0
746, 70.179834, 663.415220, 37.536530, 184.262489, 5091, 756093.0
747, 69.720812, 663.828307, 36.864923, 181.708569, 4999, 741351.0
748, 68.572115, 663.057209, 37.698757, 167.855901, 5028, 747010.0
749, 68.000281, 663.084871, 37.972613, 156.288346, 5012, 745397.0
750, 68.586026, 663.355676, 37.961614, 171.259374, 5116, 780117.0
751, 69.147616, 663.413869, 38.065512, 172.630408, 5135, 763062.0
752, 67.594373, 663.044316, 37.407233, 160.089857, 4963, 738014.0
753, 69.187329, 663.734510, 36.453622, 167.169628, 5044, 749562.0
754, 67.175129, 661.772062, 37.765465, 167.773246, 4921, 732472.0
755, 67.277935, 662.991264, 37.281061, 157.601109, 5027, 747959.0
756, 67.881086, 662.293393, 37.387171, 170.111822, 5076, 754798.0
757, 68.551410, 662.916301, 37.749616, 177.712023, 5023, 746708.0
758, 68.415747, 665.378856, 35.964685, 162.932956, 5061, 751748.0
759, 67.296091, 664.135746, 36.143520, 168.750160, 4976, 737587.0
760, 69.091975, 664.462339, 36.361341, 185.297350, 5093, 758163.0
761, 68.097309, 663.042195, 37.221221, 168.423567, 5087, 757059.0
762, 70.348978, 664.190541, 36.885613, 181.575413, 5154, 765389.0
763, 72.192460, 663.781548, 37.246233, 191.557218, 4870, 719789.0
764, 69.107344, 663.079374, 38.283030, 159.526265, 5183, 771445.0
765, 71.619983, 665.284008, 36.738322, 189.500540, 4921, 751680.0
766, 69.995827, 662.355012, 38.445615, 175.018985, 5063, 757036.0
767, 70.291971, 664.030372, 37.199446, 192.251118, 5066, 755596.0
768, 69.054937, 663.430798, 37.588551, 165.374489, 5036, 749663.0
769, 70.470597, 662.646558, 37.079178, 200.587771, 4873, 719316.0
770, 68.723655, 663.171724, 37.872069, 185.386214, 4971, 736908.0
771, 68.405771, 663.782098, 36.877455, 168.107018, 5031, 747212.0
772, 68.854772, 663.345316, 38.227975, 181.131812, 5015, 744512.0
773, 71.873466, 664.310471, 36.101265, 198.646840, 4832, 713447.0
774, 70.316119, 662.871110, 37.842446, 185.448132, 5056, 749612.0
775, 68.025813, 662.539483, 38.269172, 170.645075, 5079, 755491.0
776, 70.022256, 664.485692, 37.516164, 169.915208, 5091, 756076.0
777, 70.385340, 661.883159, 37.651896, 201.450384, 4888, 723289.0
778, 68.868015, 663.099069, 37.081473, 170.721609, 5051, 751266.0
779, 71.716117, 663.364331, 37.304051, 186.238174, 4887, 723029.0
780, 69.075013, 662.964605, 37.243738, 169.007483, 5159, 767726.0
781, 71.049539, 663.410319, 37.419271, 198.637692, 5061, 751203.0
782, 71.507788, 663.643176, 37.324399, 164.166978, 4981, 737003.0
783, 71.526025, 664.158300, 36.887223, 198.612214, 4906, 724357.0
784, 67.600941, 662.805701, 38.913421, 165.500145, 5093, 757026.0
785, 68.162616, 663.318814, 36.463018, 182.575593, 4989, 742121.0
786, 67.850810, 663.000996, 36.963634, 159.550201, 5108, 760284.0
787, 71.177947, 662.784327, 37.321216, 194.827302, 4717, 698825.0
788, 68.293708, 664.052147, 37.343539, 172.902536, 5019, 747113.0
789, 68.747687, 663.263445, 36.631621, 168.054460, 5078, 754788.0
790, 68.438374, 663.661053, 38.414368, 159.938402, 5121, 762232.0
791, 67.451469, 663.939604, 36.496573, 165.646190, 4989, 739635.0
792, 69.305225, 662.672713, 37.054515, 179.436968, 5099, 758445.0
793, 69.163453, 662.241636, 37.621304, 169.037046, 4987, 741864.0
794, 66.653087, 663.226988, 37.388384, 153.161716, 4960, 737814.0
795, 69.677115, 662.245017, 38.665312, 190.318441, 5046, 776214.0
796, 70.839208, 662.990368, 38.017403, 193.389456, 5016, 744277.0
797, 68.744284, 663.794671, 37.867416, 159.700899, 5148, 766122.0
798, 67.387629, 662.845811, 37.910142, 160.299579, 5092, 756756.0
799, 69.730877, 664.423687, 37.167184, 171.742261, 5126, 761123.0
800, 68.474327, 663.864284, 35.854315, 181.844456, 5114, 766912.0
801, 69.357150, 663.197851, 38.168665, 156.431298, 5157, 767835.0
802, 66.468672, 662.386227, 36.668627, 164.622600, 5004, 743578.0
803, 72.497463, 664.162835, 37.200124, 207.980948, 4862, 720252.0
804, 71.014051, 664.489413, 36.440249, 199.348295, 4925, 728790.0
805, 71.290794, 662.973030, 37.181808, 188.943442, 5114, 759262.0
806, 68.614595, 662.959108, 36.661638, 188.031649, 4895, 727523.0
807, 70.006499, 664.050339, 35.918624, 195.604034, 4995, 738745.0
808, 70.194706, 663.984935, 36.965485, 171.492671, 5084, 762853.0
809, 70.311962, 663.741584, 37.288891, 186.298624, 5011, 749766.0
810, 67.307840, 662.631366, 38.038158, 165.278949, 4948, 795321.0
811, 69.003181, 664.056687, 37.693487, 165.657327, 5005, 746530.0
812, 68.757927, 662.640259, 37.695418, 165.607737, 5173, 771574.0
813, 71.001067, 662.935826, 37.413247, 184.765388, 4933, 732044.0
814, 68.806087, 662.871498, 37.420116, 189.188342, 4869, 725034.0
815, 69.286889, 663.478593, 37.496775, 191.272446, 4935, 735485.0
816, 69.397628, 664.406034, 37.218494, 173.203318, 4990, 746278.0
817, 71.693611, 664.136024, 38.052843, 199.935115, 4751, 706244.0
818, 67.279209, 662.835567, 37.086154, 176.136009, 4903, 733773.0
819, 69.770263, 664.193848, 36.853217, 179.174608, 4969, 758084.0
820, 69.392699, 663.454399, 37.519998, 179.476905, 5086, 761389.0
821, 70.191020, 662.710789, 38.251512, 184.717722, 5049, 748771.0
822, 71.038922, 663.202438, 37.245015, 185.648724, 5072, 753063.0
823, 71.028157, 663.508902, 38.117891, 186.642021, 5035, 747147.0
824, 69.784483, 661.897326, 38.634082, 199.739677, 4872, 721138.0
825, 69.793297, 662.527806, 38.016726, 200.098203, 4885, 744187.0
826, 67.897141, 662.373338, 38.433038, 171.024500, 5040, 749393.0
827, 67.709282, 663.313522, 36.880382, 174.967444, 4910, 727980.0
828, 66.549858, 661.026715, 37.840674, 162.903385, 4937, 733353.0
829, 68.444014, 662.897798, 36.873435, 181.283107, 5037, 747654.0
830, 68.673956, 662.617793, 38.954754, 149.080971, 5082, 756687.0
831, 68.138216, 662.199727, 38.607449, 168.179325, 5139, 765138.0
832, 68.848916, 662.559896, 37.433771, 197.792031, 5117, 759933.0
833, 70.565786, 663.266923, 37.902584, 194.003944, 5047, 751201.0
834, 68.699398, 663.614435, 37.246057, 179.889400, 5040, 748355.0
835, 68.156125, 663.081062, 36.421018, 184.543059, 4895, 725563.0
836, 69.479659, 663.030058, 37.999855, 166.518291, 5194, 772066.0
837, 69.878299, 662.351080, 37.715493, 170.112540, 5003, 742511.0
838, 69.325010, 663.687734, 36.938938, 173.316534, 5122, 760752.0
839, 69.515976, 664.010629, 36.250294, 199.526621, 4941, 731693.0
840, 68.977276, 662.611176, 38.198501, 179.124388, 5092, 757960.0
841, 69.875423, 664.628563, 37.550618, 186.872197, 4932, 732559.0
842, 71.792730, 663.047391, 38.283573, 190.656473, 4930, 759460.0
843, 66.931348, 662.290175, 37.672743, 164.005618, 4889, 762496.0
844, 68.331340, 663.359018, 36.611954, 175.012275, 4989, 767840.0
845, 67.283649, 663.446685, 36.756195, 168.099454, 4960, 737722.0
846, 68.409763, 662.322200, 38.094286, 175.981280, 5043, 754479.0
847, 69.530762, 663.124531, 37.258735, 161.781966, 5156, 766323.0
848, 68.287833, 663.137510, 37.077736, 171.723992, 5047, 749679.0
849, 69.098266, 662.492304, 37.086776, 159.611569, 5140, 762585.0
850, 67.709589, 662.957396, 37.134712, 172.484703, 4900, 727631.0
851, 70.830221, 663.199288, 38.117024, 197.909567, 5040, 746476.0
852, 67.303738, 663.929396, 36.677673, 166.364063, 5027, 746745.0
853, 69.776590, 663.299265, 37.705108, 159.784899, 5123, 761443.0
854, 67.921642, 663.159008, 34.351873, 375.471924, 4514, 666136.0
855, 71.701943, 664.103751, 36.684391, 182.452069, 4999, 759836.0
856, 68.212286, 661.187091, 38.250725, 151.202944, 5135, 764618.0
857, 66.728415, 662.949424, 37.427547, 149.437136, 4986, 740741.0
858, 68.039076, 662.787503, 37.716641, 161.137699, 5139, 763188.0
859, 67.637080, 662.821920, 36.671577, 171.646402, 5016, 744301.0
860, 70.886517, 664.558001, 35.332086, 204.842757, 4804, 709354.0
861, 67.137541, 663.981260, 37.356385, 181.159856, 4950, 733622.0
862, 67.477120, 661.618227, 38.583384, 188.675447, 4933, 731607.0
863, 67.634761, 662.487057, 37.738984, 167.022944, 5048, 750532.0
864, 68.748293, 663.644903, 36.898360, 182.163823, 5022, 746245.0
865, 69.691967, 662.942676, 37.728151, 172.363721, 5177, 769393.0
866, 70.136064, 662.798341, 36.903907, 184.224064, 4998, 741480.0
867, 69.055381, 663.054482, 37.044378, 158.575169, 5162, 767059.0
868, 72.940194, 664.027521, 38.185701, 199.478742, 4915, 726373.0
869, 69.324707, 663.247629, 37.111226, 189.342766, 4912, 730015.0
870, 70.465623, 662.278821, 38.436961, 185.475480, 5039, 748057.0
871, 67.628643, 664.252431, 36.978750, 172.181641, 5004, 742601.0
872, 70.367591, 663.226912, 37.066582, 179.045911, 5075, 751196.0
873, 71.540386, 663.301882, 37.356719, 183.626026, 4875, 720377.0
874, 67.752095, 663.483145, 37.545411, 175.791361, 5029, 766830.0
875, 71.765586, 662.973590, 36.962895, 202.178114, 4804, 756840.0
876, 70.874603, 663.925113, 37.493541, 190.860365, 4907, 741411.0
877, 66.867644, 663.556321, 37.332680, 184.217866, 5056, 751556.0
878, 69.726830, 663.334661, 37.660054, 181.972016, 4963, 736610.0
879, 70.394117, 664.491405, 36.020037, 182.770346, 4913, 726845.0
880, 67.431009, 663.582414, 36.754628, 144.230625, 5051, 751120.0
881, 70.118467, 663.713280, 36.158047, 174.035607, 4965, 737259.0
882, 69.009969, 663.988444, 37.651943, 165.414735, 5124, 761844.0
883, 70.173785, 664.243299, 36.812661, 175.440788, 5125, 761135.0
884, 67.780936, 663.781415, 36.014137, 172.833140, 4957, 736352.0
885, 69.870905, 661.521472, 38.326343, 172.176701, 4992, 753028.0
886, 70.356155, 662.882123, 37.188718, 197.287736, 4753, 711351.0
887, 69.578911, 663.369373, 37.973802, 154.019907, 5055, 753140.0
888, 69.290690, 662.871067, 37.733038, 178.493689, 5013, 746052.0
889, 68.119798, 663.592362, 37.032349, 151.179592, 5177, 788977.0
890, 69.685573, 662.528975, 37.795418, 164.015376, 5143, 767420.0
891, 69.535337, 664.273134, 35.985530, 183.881779, 5047, 750046.0
892, 71.268544, 663.382524, 38.292988, 194.645480, 5054, 752281.0
893, 70.209092, 663.865184, 37.108682, 179.906856, 4997, 745282.0
894, 68.339840, 662.118275, 37.698482, 179.807279, 5089, 761937.0
895, 68.835663, 663.066905, 38.116527, 169.981579, 5083, 758956.0
896, 71.162805, 662.962756, 37.402659, 194.753063, 4889, 725110.0
897, 67.311430, 661.938332, 36.911375, 178.578980, 4846, 719980.0
898, 71.087231, 663.651243, 36.584259, 163.127972, 4927, 733550.0
899, 67.770684, 663.227826, 37.507581, 182.994233, 5044, 753370.0
900, 66.372598, 662.687444, 37.076180, 166.056072, 4799, 720837.0
901, 69.053285, 661.358287, 38.573334, 166.786415, 4984, 767891.0
902, 67.751270, 662.609888, 37.774401, 162.187892, 4987, 743784.0
903, 69.407630, 663.856117, 38.114217, 159.758591, 5139, 764729.0
904, 71.361708, 662.582609, 38.589645, 178.051760, 4967, 738200.0
905, 68.162081, 663.049039, 36.122610, 175.945210, 4770, 706127.0
906, 71.955850, 664.503698, 37.094281, 193.277101, 4852, 716749.0
907, 69.970780, 662.514297, 38.492263, 155.925954, 4954, 741757.0
908, 65.438261, 663.453918, 37.749881, 151.453892, 4891, 725810.0
909, 69.161964, 662.084528, 38.851599, 171.137044, 5205, 774658.0
910, 68.245262, 663.085669, 38.615839, 151.216862, 5051, 751540.0
911, 69.837921, 662.926516, 37.310648, 168.759669, 5065, 752691.0
912, 68.950643, 662.378419, 37.694295, 167.942204, 5089, 763320.0
913, 71.714492, 663.986046, 37.363556, 198.879345, 4850, 760501.0
914, 69.904808, 662.837441, 38.267949, 165.695335, 5096, 762448.0
915, 71.689112, 662.952916, 37.774678, 202.047833, 4908, 729538.0
916, 68.405032, 662.499308, 38.064612, 151.749730, 5147, 765500.0
917, 72.373692, 664.045080, 37.276223, 192.569381, 4907, 725648.0
918, 71.039778, 663.279100, 37.816561, 185.758324, 5052, 749431.0
919, 68.282187, 662.449139, 37.160532, 159.959679, 5072, 750939.0
920, 69.472288, 663.637185, 37.293395, 193.472865, 4821, 714586.0
921, 67.576493, 661.500312, 38.179918, 159.737244, 4930, 732677.0
922, 68.430091, 663.006158, 37.603649, 162.076615, 4999, 743416.0
923, 68.802769, 664.082349, 36.853274, 170.430622, 4983, 741809.0
924, 71.291311, 663.497358, 37.002076, 197.356216, 4814, 714069.0
925, 72.383310, 663.090825, 37.090761, 185.866856, 4890, 725530.0
926, 65.448022, 663.696013, 36.364708, 191.934552, 4649, 690608.0
927, 70.258547, 664.186047, 36.604904, 183.699474, 5105, 757874.0
928, 70.091896, 663.764639, 37.162879, 177.414616, 4921, 729756.0
929, 69.001722, 663.223978, 36.975820, 162.829426, 5162, 766749.0
930, 68.782915, 663.274175, 37.000626, 174.687922, 5061, 750661.0
931, 69.978957, 663.811317, 36.610938, 184.181392, 5005, 762266.0
932, 66.949524, 663.328368, 37.483893, 189.731451, 5027, 746306.0
933, 69.498747, 662.571923, 37.958158, 168.485985, 4961, 737066.0
934, 66.419885, 662.878445, 38.073953, 160.197822, 4942, 736855.0
935, 70.317865, 662.662699, 38.053155, 174.921113, 5003, 742502.0
936, 68.951687, 661.778993, 38.293526, 158.694696, 5163, 769118.0
937, 71.699666, 664.910365, 35.484192, 205.106851, 4803, 708351.0
938, 72.907357, 663.987588, 36.259292, 208.349587, 4812, 711098.0
939, 69.501851, 663.084756, 38.031206, 185.781074, 4948, 737298.0
940, 69.347954, 664.349780, 36.972015, 176.187377, 4969, 738201.0
941, 70.053891, 663.270135, 37.305109, 180.378847, 5111, 763140.0
942, 69.556904, 664.203988, 36.332193, 178.341635, 5049, 751376.0
943, 70.774959, 662.686803, 36.544348, 195.978626, 4861, 721781.0
944, 68.112768, 663.260845, 37.089415, 183.162842, 5035, 749355.0
945, 69.936989, 662.667114, 38.652663, 170.769813, 5131, 768804.0
946, 69.909847, 662.901324, 37.364820, 165.517530, 5087, 790819.0
947, 69.041990, 663.654785, 37.977804, 145.862309, 5180, 773900.0
948, 71.175246, 662.258055, 37.524504, 212.016882, 4747, 702968.0
949, 69.909809, 664.718975, 36.052249, 168.942145, 5143, 762857.0
950, 73.712442, 664.421266, 37.109235, 198.803763, 4886, 721053.0
951, 68.322747, 663.604836, 36.863306, 191.338793, 4886, 730990.0
952, 67.429012, 661.570434, 38.168607, 175.897271, 4897, 725149.0
953, 69.550790, 662.060618, 37.517112, 180.142761, 4879, 722127.0
954, 70.189183, 662.950081, 37.611202, 194.277938, 4899, 725972.0
955, 69.529849, 663.305213, 38.126524, 175.936994, 5051, 750630.0
956, 71.621348, 664.122358, 35.783914, 196.227083, 4841, 714135.0
957, 69.022063, 663.386588, 36.833561, 174.372619, 5162, 765099.0
958, 69.297403, 663.196380, 37.399814, 155.054236, 5136, 762488.0
959, 68.967068, 662.664290, 38.877736, 172.236601, 5080, 754415.0
960, 68.358042, 663.802059, 36.965675, 158.719194, 5030, 747084.0
961, 68.970313, 662.661862, 37.832264, 160.278849, 5117, 778862.0
962, 68.284401, 662.271869, 37.617097, 185.030770, 4977, 742223.0
963, 68.597414, 663.619608, 37.189233, 172.120175, 5003, 742137.0
964, 71.059870, 662.300128, 38.111028, 176.008391, 5160, 766614.0
965, 68.056461, 662.143744, 38.228195, 151.974841, 5128, 763877.0
966, 69.257426, 663.629798, 37.612068, 160.248707, 5164, 769039.0
967, 70.355928, 663.960570, 37.116527, 165.144879, 5149, 764507.0
968, 68.467097, 663.077615, 37.725556, 154.436830, 5178, 770766.0
969, 68.988727, 663.853122, 37.874909, 162.349380, 5123, 760585.0
970, 68.568665, 663.432106, 36.727835, 167.743458, 4971, 738102.0
971, 69.933789, 663.933636, 37.275629, 153.760810, 5108, 759768.0
972, 68.045122, 663.443066, 38.159336, 143.869677, 5074, 753770.0
973, 68.823802, 662.302777, 38.730692, 155.654947, 5151, 766356.0
974, 70.528881, 662.705113, 38.075040, 196.628823, 5084, 754154.0
975, 70.643532, 663.022201, 37.882705, 182.300182, 5040, 747070.0
976, 66.329138, 663.213016, 37.105413, 142.679115, 4977, 738294.0
977, 71.514957, 663.305325, 37.824065, 184.495928, 4882, 721850.0
978, 67.816132, 663.368187, 38.020226, 150.875461, 5208, 773465.0
979, 69.007972, 663.391744, 36.708168, 178.786765, 5080, 753582.0
980, 73.408007, 663.649938, 36.764855, 204.700181, 4891, 736492.0
981, 68.620628, 662.634790, 38.047684, 168.537328, 5021, 758346.0
982, 70.421755, 664.582270, 36.845523, 175.306446, 5034, 748386.0
983, 69.982472, 663.439662, 38.084379, 183.080864, 4825, 722331.0
984, 70.680974, 662.216674, 37.378060, 171.824706, 5092, 767040.0
985, 69.677738, 663.392594, 36.283112, 181.287057, 5094, 761406.0
986, 69.120361, 664.207000, 37.019502, 166.325004, 5085, 768018.0
987, 70.249592, 663.497973, 37.873291, 171.736624, 4959, 738305.0
988, 67.651476, 662.795636, 38.273264, 155.748613, 5071, 764743.0
989, 68.224370, 664.099737, 37.100951, 195.498351, 4947, 745566.0
990, 69.225080, 663.111133, 37.760929, 170.724644, 5040, 760830.0
991, 70.970284, 663.623395, 36.692958, 164.249305, 5098, 783279.0
992, 68.066526, 664.164273, 36.514230, 170.402310, 5079, 754608.0
993, 70.005202, 664.133587, 37.232844, 178.115132, 5094, 755939.0
994, 71.295392, 662.947290, 37.640065, 172.775106, 5059, 753795.0
995, 67.406023, 662.920128, 37.309460, 162.145845, 5000, 741901.0
996, 70.906451, 663.919071, 37.302211, 175.549983, 5093, 756539.0
997, 69.310926, 662.702814, 37.826805, 179.539726, 4887, 725098.0
998, 69.369778, 663.537872, 37.456785, 180.068566, 4976, 736893.0
999, 70.931056, 662.305473, 38.460125, 184.766472, 4988, 739894.0
