#idx, x0, x1, x2, y, f_neval, total_time (us), 
0, 70.812087, 664.398031, 36.523676, 176.520953, 3002, 483927.0
1, 72.596446, 663.590870, 37.349646, 205.224703, 2886, 441803.0
2, 72.175399, 662.773683, 37.291250, 199.559046, 2888, 428967.0
3, 70.135516, 663.761723, 37.217899, 204.716518, 2985, 444250.0
4, 72.261532, 663.762742, 36.151782, 219.513964, 2874, 426553.0
5, 70.718556, 663.470955, 37.164375, 210.149020, 2893, 432352.0
6, 72.019442, 662.881148, 38.496912, 197.777446, 2922, 435389.0
7, 73.589347, 662.252832, 37.259935, 210.618840, 2873, 426182.0
8, 72.008520, 664.952892, 36.933239, 204.652771, 2854, 423081.0
9, 72.575799, 663.598631, 36.978399, 220.331957, 2849, 422678.0
10, 75.349280, 664.008875, 36.781732, 232.486912, 2877, 425813.0
11, 72.057247, 664.132853, 36.307110, 197.745064, 2857, 423479.0
12, 71.527122, 663.365113, 38.161228, 185.727793, 2952, 438937.0
13, 72.376304, 664.511102, 37.003785, 234.381587, 2815, 418629.0
14, 71.996647, 662.179114, 37.225032, 214.428400, 2865, 425898.0
15, 70.239840, 664.355198, 37.002885, 177.214850, 3017, 449776.0
16, 70.155318, 663.079950, 37.680804, 175.942356, 3048, 454725.0
17, 71.322853, 665.030862, 35.654189, 194.889991, 2849, 423365.0
18, 68.529927, 662.923977, 36.644915, 204.784369, 2998, 445997.0
19, 74.137266, 663.818039, 37.172368, 231.870138, 2854, 422380.0
20, 72.978212, 663.088919, 38.282760, 205.538553, 2914, 433191.0
21, 72.143610, 663.940690, 37.394022, 185.915087, 2911, 432189.0
22, 68.915053, 664.167696, 36.913225, 186.380578, 3031, 450421.0
23, 73.622987, 661.523724, 38.081705, 218.665246, 2863, 424754.0
24, 72.095073, 663.417847, 37.190260, 217.117997, 2834, 422401.0
25, 70.721271, 663.707089, 38.313007, 197.048430, 2933, 436554.0
26, 74.617004, 663.970688, 36.741406, 223.067314, 2856, 423919.0
27, 70.828645, 664.681384, 36.708720, 185.394416, 2981, 444077.0
28, 71.400260, 662.325048, 37.792294, 187.104436, 3015, 449234.0
29, 72.045416, 664.225595, 36.785349, 198.790900, 2845, 421631.0
30, 69.881349, 663.941168, 37.827225, 176.305695, 2989, 445387.0
31, 69.893213, 663.708391, 37.876527, 200.165283, 2977, 443449.0
32, 70.008519, 663.363528, 38.292732, 183.236384, 2974, 443089.0
33, 70.952356, 662.478774, 38.241906, 176.805364, 2916, 434022.0
34, 70.135449, 662.279204, 37.696881, 182.220802, 2968, 442162.0
35, 73.948061, 662.771968, 37.295371, 212.731605, 2885, 428613.0
36, 71.669129, 663.128305, 38.352785, 192.013639, 2873, 426564.0
37, 68.807222, 662.228521, 37.527194, 179.392666, 3050, 455695.0
38, 70.433124, 663.761730, 36.705452, 203.674532, 2963, 440615.0
39, 68.485831, 661.550017, 37.973679, 166.795869, 3050, 454591.0
40, 71.554264, 663.244380, 37.687849, 191.205528, 2877, 427863.0
41, 71.270383, 664.502494, 36.432480, 181.479643, 2907, 432038.0
42, 68.222366, 662.664397, 37.776528, 185.727214, 3034, 452477.0
43, 72.307283, 663.174322, 37.644842, 206.800623, 2931, 434848.0
44, 71.415724, 662.713014, 39.054880, 169.522065, 2949, 439241.0
45, 68.920004, 663.197721, 39.199041, 191.016096, 2967, 442037.0
46, 69.737744, 664.607137, 36.202751, 198.423385, 3009, 458519.0
47, 71.150800, 664.445018, 36.789449, 193.519817, 2885, 437930.0
48, 69.620985, 662.447458, 37.305195, 187.416163, 2971, 444964.0
49, 71.718950, 663.549090, 36.771701, 186.502271, 2914, 435461.0
50, 72.766622, 663.588774, 36.215625, 183.351459, 2888, 473529.0
51, 72.901314, 664.018275, 37.728741, 199.180653, 2897, 430554.0
52, 66.338801, 663.965053, 36.178038, 165.048631, 3001, 446992.0
53, 70.759238, 663.793246, 36.732279, 222.166475, 2802, 414864.0
54, 71.594193, 662.517472, 38.729014, 203.240704, 2887, 429232.0
55, 68.885552, 663.914380, 37.498716, 168.792694, 3041, 453477.0
56, 70.830646, 664.202032, 37.894882, 192.376390, 2954, 439118.0
57, 68.698355, 662.364547, 36.829513, 173.282935, 3010, 448996.0
58, 70.202606, 663.496605, 37.733444, 186.938336, 2997, 446807.0
59, 69.315858, 663.525376, 37.903440, 174.096398, 3017, 450222.0
60, 71.778016, 664.641155, 37.165029, 190.256292, 2889, 429009.0
61, 68.514897, 663.869367, 37.750512, 153.786510, 3023, 450846.0
62, 68.960811, 662.471706, 37.562277, 162.877243, 3031, 451359.0
63, 68.664177, 663.710015, 36.140740, 179.851669, 3018, 449263.0
64, 70.509904, 664.294137, 37.083395, 189.385911, 2974, 442785.0
65, 67.548200, 663.665096, 36.705358, 180.927117, 3034, 451151.0
66, 68.597004, 662.449138, 37.432175, 171.335245, 3021, 452605.0
67, 72.392226, 663.707677, 36.528358, 214.145626, 2817, 419347.0
68, 66.673115, 662.192413, 37.495557, 183.670401, 2997, 449439.0
69, 69.315758, 662.714440, 38.016635, 207.601432, 2928, 452674.0
70, 68.360374, 663.881566, 37.037091, 165.647191, 3034, 453191.0
71, 69.816210, 664.836044, 36.803947, 191.934381, 3044, 454190.0
72, 71.267067, 662.776696, 37.776042, 199.858042, 2872, 427483.0
73, 65.205601, 663.129300, 37.514906, 183.169987, 2984, 446380.0
74, 69.897080, 664.048826, 36.590301, 175.165244, 3028, 449964.0
75, 69.809549, 662.927830, 37.910032, 185.623328, 3037, 454181.0
76, 67.271366, 663.143878, 36.347921, 185.265373, 2938, 437570.0
77, 67.574793, 662.400475, 37.536011, 163.700051, 3048, 454097.0
78, 69.850347, 663.626163, 37.002256, 181.138910, 3028, 451316.0
79, 70.719200, 662.423574, 38.099324, 204.095455, 2921, 434961.0
80, 67.487529, 663.681872, 37.625327, 168.322502, 3027, 461753.0
81, 68.110516, 663.290122, 37.989565, 161.766837, 3034, 452517.0
82, 68.493648, 664.071441, 36.297164, 159.445302, 3075, 458087.0
83, 71.404918, 664.303055, 36.002380, 190.040235, 3020, 448942.0
84, 68.123365, 662.386879, 37.180877, 177.989589, 3049, 454374.0
85, 70.488075, 664.752233, 36.529730, 204.584813, 2893, 434015.0
86, 67.838516, 663.293308, 37.859003, 173.688406, 2977, 446645.0
87, 67.792097, 662.731216, 36.962690, 170.671591, 3002, 447715.0
88, 67.146485, 663.543038, 36.595567, 174.063455, 2995, 449254.0
89, 68.887063, 664.482904, 36.259144, 156.805384, 3073, 469243.0
90, 71.983879, 664.124632, 36.107169, 214.571819, 2868, 425320.0
91, 68.268167, 661.789258, 38.434292, 176.549020, 2996, 479251.0
92, 67.523207, 662.059193, 38.318811, 187.112831, 3055, 467305.0
93, 67.652057, 662.512486, 37.624458, 193.647966, 2983, 453531.0
94, 70.081707, 664.121528, 36.433993, 171.932355, 3027, 451899.0
95, 69.297075, 663.413473, 38.706766, 166.741983, 3036, 464592.0
96, 68.975830, 664.268949, 35.614397, 172.351628, 3076, 457527.0
97, 69.626162, 664.487481, 35.910513, 175.234113, 3041, 460849.0
98, 69.348313, 663.644569, 37.024530, 164.284903, 3086, 467769.0
99, 68.878257, 664.402369, 36.637487, 181.028214, 2984, 444098.0
100, 66.111690, 662.461338, 37.852764, 170.241149, 2984, 443915.0
101, 69.554331, 663.674964, 36.693391, 202.576272, 2957, 450409.0
102, 67.525132, 662.504210, 38.181265, 162.211576, 3016, 449333.0
103, 68.634866, 662.681104, 38.176436, 173.995610, 3064, 456327.0
104, 69.507546, 664.614447, 35.597535, 180.903665, 3021, 478187.0
105, 68.487501, 663.079859, 36.764553, 188.117841, 2975, 443452.0
106, 71.481028, 664.541525, 36.249440, 195.737801, 2920, 435667.0
107, 70.734080, 663.201609, 38.045937, 181.114675, 3006, 446969.0
108, 68.564359, 663.088242, 36.945469, 187.976487, 2957, 439759.0
109, 68.996093, 664.050215, 37.228667, 177.907463, 3011, 447721.0
110, 68.858136, 664.639854, 37.132777, 177.486540, 3025, 449934.0
111, 69.713135, 663.638349, 37.771123, 183.984703, 2946, 438195.0
112, 70.110744, 662.164841, 37.432011, 189.424633, 3002, 447201.0
113, 69.974558, 662.350753, 38.177553, 161.576478, 3059, 464201.0
114, 71.630536, 664.730990, 36.948709, 198.366145, 2896, 430718.0
115, 67.150144, 662.846588, 38.011117, 168.813284, 3025, 450965.0
116, 72.155706, 664.416830, 36.416543, 223.596469, 2841, 420902.0
117, 70.274647, 664.909409, 36.339561, 216.987846, 2897, 431499.0
118, 68.804165, 663.206970, 38.322004, 193.639278, 3032, 452560.0
119, 66.096162, 663.112847, 37.919878, 150.730690, 3044, 455465.0
120, 67.031383, 663.081453, 38.073191, 158.193619, 3017, 451733.0
121, 67.220856, 663.502889, 36.038853, 178.466056, 2947, 438787.0
122, 71.553999, 662.578741, 38.047590, 205.014604, 2857, 423788.0
123, 69.546115, 663.427938, 37.907441, 177.644144, 3029, 451315.0
124, 70.615863, 662.792492, 37.136968, 162.979312, 2999, 446586.0
125, 68.209683, 662.472716, 38.038671, 184.733694, 3032, 451994.0
126, 68.401611, 663.100823, 38.959768, 180.765232, 3028, 451515.0
127, 66.579353, 662.599948, 37.144362, 171.665513, 2990, 444925.0
128, 70.740384, 663.661735, 36.943249, 191.878878, 2985, 443998.0
129, 70.375922, 662.724971, 37.011348, 184.177700, 3000, 447226.0
130, 69.755920, 664.974664, 36.681824, 175.674264, 3040, 452882.0
131, 71.155232, 662.887427, 38.656136, 199.674604, 2883, 432861.0
132, 71.687741, 662.346247, 38.250418, 193.036100, 2928, 435681.0
133, 68.117420, 664.505453, 36.224156, 159.263688, 3021, 453778.0
134, 69.061204, 664.204486, 36.252431, 198.325374, 3016, 453559.0
135, 71.357070, 664.972778, 36.348729, 215.874319, 2869, 428245.0
136, 71.201154, 662.486560, 37.832906, 202.524261, 2876, 435494.0
137, 70.047970, 663.666689, 37.393547, 178.942085, 3012, 448938.0
138, 68.371600, 662.792446, 37.407153, 166.023813, 3040, 453582.0
139, 71.128516, 662.782656, 37.854339, 199.323179, 2913, 432545.0
140, 69.316460, 664.752860, 36.502018, 184.973680, 3079, 462354.0
141, 70.744430, 663.576407, 35.790082, 183.453088, 3006, 446660.0
142, 71.036600, 663.895215, 37.827155, 183.103072, 2974, 448905.0
143, 69.892475, 662.481252, 37.410932, 178.338199, 2998, 452609.0
144, 73.382098, 663.874414, 37.311984, 203.696693, 2880, 430123.0
145, 69.178738, 664.897117, 36.017510, 188.210740, 3056, 461308.0
146, 68.712957, 664.329729, 36.700925, 170.274901, 3020, 460721.0
147, 73.649465, 664.018745, 36.747460, 217.614755, 2887, 428554.0
148, 69.270142, 663.138023, 36.784300, 179.579477, 3049, 465606.0
149, 72.976450, 663.025270, 37.575721, 206.527143, 2929, 439116.0
150, 66.716452, 662.472774, 36.925171, 191.501662, 2911, 433689.0
151, 71.313319, 663.071147, 37.518725, 211.907114, 2913, 432693.0
152, 73.156371, 662.648558, 37.862106, 203.536069, 2885, 428118.0
153, 70.634981, 663.636664, 37.029788, 189.072560, 2989, 444606.0
154, 69.461235, 663.791069, 37.090411, 162.723690, 3037, 452424.0
155, 70.293033, 663.436694, 37.782431, 175.788016, 3040, 452031.0
156, 67.312970, 662.295131, 37.458727, 180.551075, 2940, 436947.0
157, 68.215501, 661.600065, 38.339544, 187.484403, 2986, 444289.0
158, 71.942990, 663.281084, 37.701361, 210.783885, 2906, 433531.0
159, 69.939932, 662.946742, 37.004248, 171.230622, 3048, 455282.0
160, 72.756766, 662.551378, 37.699417, 195.015472, 2821, 420100.0
161, 72.925227, 664.510510, 36.688449, 214.482041, 2873, 427255.0
162, 71.742948, 662.960224, 36.857779, 187.503246, 2909, 433280.0
163, 71.758704, 663.207482, 37.634598, 201.071897, 2911, 433309.0
164, 69.294246, 663.136867, 37.433401, 182.120292, 3018, 451616.0
165, 71.154711, 663.182993, 37.234054, 177.706473, 2943, 438620.0
166, 69.344652, 663.943653, 37.416092, 172.078621, 3001, 448773.0
167, 71.138113, 663.594785, 36.325828, 198.393670, 2796, 415728.0
168, 70.692227, 662.681355, 38.843062, 181.415163, 2970, 441814.0
169, 67.792488, 663.974662, 35.922564, 185.021241, 2927, 434773.0
170, 70.992373, 664.434845, 36.780093, 190.099845, 2989, 444303.0
171, 67.895914, 661.840290, 38.231074, 166.793269, 3024, 450494.0
172, 69.767440, 662.906199, 37.419647, 193.049008, 2943, 438031.0
173, 71.607595, 663.209547, 37.391999, 175.947111, 2935, 436756.0
174, 68.769752, 662.880870, 37.630476, 182.626680, 2956, 441723.0
175, 70.403172, 661.772618, 38.181666, 192.767855, 2941, 437226.0
176, 71.217157, 662.670710, 38.036002, 196.735441, 2985, 444287.0
177, 73.509153, 664.187056, 37.236521, 197.397237, 2882, 427000.0
178, 67.745673, 663.507924, 36.432139, 175.759520, 2972, 452564.0
179, 69.249912, 663.856751, 37.303423, 184.670525, 3032, 451397.0
180, 69.145347, 664.077953, 36.205399, 197.571478, 3007, 450308.0
181, 68.052263, 662.940753, 36.572793, 153.404748, 3049, 479487.0
182, 68.766115, 662.224928, 37.506430, 183.994341, 3023, 449396.0
183, 68.091039, 662.814269, 37.953971, 168.561162, 3019, 448307.0
184, 71.991030, 664.431939, 37.049069, 210.447699, 2832, 420123.0
185, 71.019865, 662.275970, 37.854707, 166.624556, 3045, 453824.0
186, 68.010929, 662.549430, 36.676262, 179.917138, 3000, 447079.0
187, 69.174008, 661.988540, 37.781591, 183.499827, 2964, 441058.0
188, 70.464247, 663.289560, 36.966326, 193.005087, 2974, 442800.0
189, 68.156213, 664.590533, 35.290554, 192.440414, 2951, 438490.0
190, 69.300927, 662.395527, 37.691939, 173.637305, 3024, 450482.0
191, 69.844265, 664.461268, 37.547686, 174.525767, 3019, 449370.0
192, 72.568778, 662.968038, 38.024837, 193.887644, 2867, 425448.0
193, 70.608311, 662.908216, 38.888458, 199.399496, 2892, 430059.0
194, 71.039791, 663.887239, 37.733833, 182.851845, 2909, 432914.0
195, 72.822408, 662.327858, 37.765889, 195.739453, 2935, 437240.0
196, 72.772212, 662.036658, 38.397527, 183.750544, 2904, 432421.0
197, 69.963494, 664.048616, 36.911560, 166.876161, 3027, 451695.0
198, 69.465011, 663.051671, 38.012788, 155.029221, 3059, 457366.0
199, 70.644726, 664.279421, 36.549573, 187.451391, 2959, 441566.0
200, 71.916844, 663.206758, 37.924985, 178.894078, 2970, 442860.0
201, 71.097650, 662.341215, 37.256022, 182.171395, 2959, 441803.0
202, 69.267936, 663.462725, 38.098947, 175.693507, 3074, 460002.0
203, 71.736785, 662.999997, 38.707552, 180.015028, 2948, 444083.0
204, 70.527916, 661.983057, 38.713620, 197.885432, 2992, 445417.0
205, 70.118080, 664.606167, 36.915348, 184.447663, 2975, 445045.0
206, 71.288941, 663.782970, 36.820753, 198.806932, 2857, 425251.0
207, 70.397149, 663.801346, 35.955406, 192.797027, 2934, 438189.0
208, 70.641486, 664.223861, 36.432081, 195.414333, 2977, 440797.0
209, 73.424426, 664.423172, 37.101638, 204.978191, 2888, 427231.0
210, 73.897857, 664.144749, 37.311429, 236.931353, 2847, 421661.0
211, 72.210103, 664.497871, 36.564217, 190.196686, 2867, 425987.0
212, 72.698854, 664.716956, 36.961327, 218.388433, 2866, 432559.0
213, 72.732101, 662.638697, 37.850209, 241.919726, 2826, 426761.0
214, 73.410188, 663.504779, 38.050276, 215.062486, 2911, 432306.0
215, 72.707641, 664.466576, 36.745948, 199.895666, 2840, 423055.0
216, 69.088776, 662.478440, 37.734971, 185.127185, 3045, 454458.0
217, 70.204354, 663.379744, 37.701968, 177.067623, 3040, 453088.0
218, 69.818002, 663.731395, 36.259565, 189.558659, 2949, 438862.0
219, 74.736686, 664.317141, 36.114310, 251.337050, 2830, 418814.0
220, 72.477813, 663.449003, 38.779668, 196.736400, 2896, 429685.0
221, 72.172805, 663.391896, 38.035094, 212.282322, 2866, 425710.0
222, 70.886887, 663.319141, 37.479168, 199.529947, 2901, 432692.0
223, 72.036910, 664.522620, 35.948803, 192.410922, 2900, 441497.0
224, 69.891721, 661.970961, 38.605959, 180.263678, 3004, 448644.0
225, 71.184165, 662.604229, 38.272862, 177.879085, 2969, 442889.0
226, 69.973915, 662.496534, 38.652119, 160.784715, 3022, 473302.0
227, 70.131243, 664.615629, 35.374229, 202.796538, 2978, 443579.0
228, 71.404140, 664.408333, 36.727600, 188.449310, 2972, 442585.0
229, 72.512191, 663.752712, 36.588190, 195.140939, 2848, 422885.0
230, 70.051337, 662.878651, 36.998925, 199.055463, 2956, 443108.0
231, 76.692805, 664.462238, 36.690305, 238.616115, 2899, 429984.0
232, 71.191502, 663.115191, 38.250085, 181.185470, 2903, 432678.0
233, 71.155034, 663.012788, 38.055330, 165.159006, 3017, 450423.0
234, 69.345967, 663.321907, 36.712961, 186.936763, 3008, 449307.0
235, 72.140768, 663.116220, 37.915653, 184.613200, 2920, 435281.0
236, 69.501403, 663.338621, 38.788733, 177.476633, 2999, 447734.0
237, 69.477656, 664.230396, 36.949170, 187.631376, 3051, 455579.0
238, 69.929087, 662.536247, 37.444540, 183.444517, 2977, 444948.0
239, 72.819881, 664.207900, 37.010162, 177.136418, 2903, 431876.0
240, 68.700278, 662.924183, 37.256929, 188.865159, 3041, 453977.0
241, 69.748865, 662.867943, 37.505771, 179.119802, 3013, 452543.0
242, 68.466113, 662.107144, 38.225580, 164.019527, 3054, 458859.0
243, 71.958842, 663.673413, 37.707322, 199.802859, 2891, 430048.0
244, 69.541151, 664.519185, 36.218157, 178.169419, 3045, 454578.0
245, 67.096595, 661.798778, 37.612574, 170.265738, 2976, 444601.0
246, 68.433956, 662.852353, 36.963683, 169.267658, 3040, 455721.0
247, 70.126220, 664.434539, 36.847029, 176.859703, 3032, 455900.0
248, 71.245416, 663.017414, 36.958973, 225.184290, 2912, 437760.0
249, 70.272881, 664.533977, 37.393338, 177.513559, 3001, 453367.0
250, 70.749004, 663.277038, 36.614518, 172.574926, 2943, 438002.0
251, 68.894365, 662.868302, 37.089320, 223.903759, 2930, 435843.0
252, 72.172468, 664.412565, 35.942284, 208.977728, 2813, 416234.0
253, 69.451859, 664.561245, 36.854840, 186.583312, 3036, 451274.0
254, 69.396571, 664.289693, 37.581757, 183.817193, 3020, 449175.0
255, 69.738099, 662.422812, 37.906328, 197.045881, 2895, 431396.0
256, 72.775834, 663.814753, 35.796360, 216.355920, 2794, 413397.0
257, 72.996987, 662.343747, 38.004561, 193.184702, 2885, 429104.0
258, 69.685649, 663.005988, 36.934764, 172.112180, 3045, 453458.0
259, 69.386886, 662.454848, 38.947219, 181.928726, 2994, 445995.0
260, 69.519256, 664.106025, 37.310706, 185.197646, 3045, 454006.0
261, 73.144881, 664.991009, 37.307254, 233.259005, 2819, 417763.0
262, 71.505435, 663.269013, 37.717224, 167.562545, 2956, 439930.0
263, 69.821037, 664.065005, 36.068104, 181.757269, 2983, 443546.0
264, 70.531610, 662.797288, 37.591422, 161.319974, 3022, 459291.0
265, 66.333243, 663.703454, 37.826667, 184.821897, 3018, 461534.0
266, 69.657340, 663.971217, 37.819015, 193.497825, 2939, 437199.0
267, 69.533604, 662.310652, 37.308717, 203.342549, 2932, 436520.0
268, 73.710069, 663.553797, 36.392770, 255.287214, 2854, 423172.0
269, 67.939314, 663.121988, 37.107551, 172.389671, 3034, 451194.0
270, 71.522364, 662.933851, 37.476987, 210.358257, 2889, 428513.0
271, 73.846387, 663.871325, 37.647435, 217.716601, 2872, 426930.0
272, 69.939791, 663.375335, 37.997620, 179.485437, 2994, 446469.0
273, 69.491521, 664.161723, 37.326913, 188.876443, 2972, 443132.0
274, 68.723601, 662.714151, 37.827877, 174.940724, 3016, 449329.0
275, 70.600152, 665.265857, 35.921498, 198.085342, 3003, 445799.0
276, 69.902208, 663.275965, 37.092432, 189.336392, 3039, 452925.0
277, 70.735627, 664.590669, 36.752891, 185.291748, 3039, 455674.0
278, 70.745333, 663.419141, 37.317112, 190.226774, 2935, 440419.0
279, 67.434844, 662.759618, 38.099230, 164.578284, 3016, 452461.0
280, 73.529257, 663.330548, 37.032092, 228.448275, 2880, 432180.0
281, 72.714690, 662.620069, 38.216734, 188.351911, 2874, 430143.0
282, 70.245242, 662.543025, 37.700632, 166.452662, 3037, 458837.0
283, 73.622851, 665.148817, 36.506880, 217.404880, 2777, 414844.0
284, 72.272170, 663.019961, 37.783761, 201.858589, 2880, 427463.0
285, 71.227556, 662.389047, 38.253323, 194.419073, 2953, 437967.0
286, 69.216033, 663.704041, 37.676176, 191.243162, 3069, 457043.0
287, 69.576162, 662.300416, 38.334964, 183.421460, 3002, 447672.0
288, 70.469716, 663.328993, 37.090898, 189.067154, 2964, 440600.0
289, 69.295944, 661.817504, 38.326095, 164.269520, 3008, 448811.0
290, 71.500211, 664.115307, 37.946474, 191.767396, 2978, 443463.0
291, 70.653859, 662.530666, 37.945457, 175.370262, 2998, 446803.0
292, 71.653009, 664.070828, 36.885129, 188.195373, 2890, 430162.0
293, 69.363754, 664.590452, 37.488036, 181.105708, 3061, 456435.0
294, 70.680027, 663.320292, 37.972398, 188.972627, 3010, 460697.0
295, 67.763279, 663.559282, 37.905479, 171.575073, 3086, 463055.0
296, 68.978750, 663.515532, 38.173087, 168.668079, 3062, 457011.0
297, 70.547513, 663.684367, 36.697554, 221.345398, 2912, 433702.0
298, 68.973336, 663.459946, 36.510169, 195.050093, 3007, 450877.0
299, 71.991128, 664.683654, 36.363939, 207.332971, 2848, 425311.0
300, 70.526732, 663.004504, 36.885689, 165.444308, 2993, 449088.0
301, 70.629675, 663.810052, 37.461425, 163.795949, 3034, 453419.0
302, 69.288726, 662.519449, 37.495953, 167.484888, 3055, 458138.0
303, 69.551347, 663.568555, 36.966522, 191.165180, 3019, 453425.0
304, 69.611205, 664.061085, 36.034183, 211.701703, 2938, 441641.0
305, 69.381713, 664.036670, 36.957256, 159.388846, 3059, 456588.0
306, 69.925430, 663.951945, 36.953850, 178.800938, 3031, 451208.0
307, 71.309377, 663.317630, 36.689242, 196.686940, 2872, 426085.0
308, 70.238735, 664.117093, 36.820473, 181.134911, 3065, 456839.0
309, 69.795355, 664.425231, 36.353307, 171.639044, 3058, 455845.0
310, 70.736064, 663.255383, 36.926040, 176.242738, 3019, 449523.0
311, 70.610178, 662.930554, 38.662953, 203.563720, 2901, 432162.0
312, 70.489754, 662.533645, 37.468665, 206.001169, 2950, 438063.0
313, 67.788563, 664.041589, 36.599741, 194.658245, 2945, 437299.0
314, 71.791144, 663.461600, 37.609518, 197.257392, 2929, 434110.0
315, 71.375017, 663.558592, 38.464284, 182.671512, 2866, 425482.0
316, 74.522388, 664.575732, 36.219798, 220.533859, 2873, 427230.0
317, 72.502498, 664.011171, 37.202878, 219.803555, 2899, 431783.0
318, 71.088644, 665.133937, 36.743258, 219.938543, 2932, 438988.0
319, 69.704340, 663.277758, 36.883592, 199.215006, 2984, 450040.0
320, 73.948620, 665.218885, 36.303537, 223.842987, 2873, 427643.0
321, 72.239309, 665.008997, 36.742105, 177.606713, 2887, 431084.0
322, 71.011637, 662.800794, 37.952788, 175.152312, 3027, 453188.0
323, 74.955814, 664.480410, 36.304111, 251.224043, 2844, 423664.0
324, 72.406790, 663.037997, 37.688700, 217.782498, 2838, 421596.0
325, 69.434314, 664.168583, 37.012161, 205.349935, 2945, 445440.0
326, 74.175346, 664.281349, 36.447767, 227.163828, 2882, 426768.0
327, 73.898595, 663.251247, 36.787557, 230.938242, 2887, 438647.0
328, 69.625612, 663.390399, 37.438402, 180.740025, 3044, 460091.0
329, 69.728893, 664.024462, 35.562256, 205.109129, 3025, 449158.0
330, 71.213792, 665.861205, 34.846771, 207.806626, 2860, 433239.0
331, 70.796425, 664.562522, 36.599870, 194.983080, 2962, 439775.0
332, 68.914810, 662.903316, 38.683522, 169.421478, 3065, 456581.0
333, 69.707904, 664.249695, 37.708528, 187.256884, 3007, 455780.0
334, 68.233807, 662.462725, 37.597679, 180.244614, 3068, 456536.0
335, 68.978750, 663.515532, 38.173087, 176.522341, 3049, 456111.0
336, 69.299833, 662.892021, 39.107174, 181.094851, 2982, 443919.0
337, 69.687281, 663.014370, 38.144633, 173.393750, 3033, 451406.0
338, 70.984233, 664.003122, 38.109760, 184.063333, 2951, 438684.0
339, 72.057238, 663.698047, 38.366283, 181.791047, 2918, 432772.0
340, 73.046260, 665.084269, 35.556040, 222.005385, 2828, 418792.0
341, 67.138788, 663.239193, 37.521673, 174.482063, 3036, 451883.0
342, 69.155252, 661.879486, 37.168042, 180.871759, 2985, 443992.0
343, 71.987537, 663.393120, 36.709683, 200.965305, 2848, 422769.0
344, 70.975434, 664.517031, 36.229558, 195.666499, 2963, 441546.0
345, 71.274126, 664.343022, 36.424112, 195.234517, 2919, 433708.0
346, 69.735440, 663.380396, 37.312197, 181.104533, 3081, 459566.0
347, 71.390764, 662.966403, 38.151402, 176.480765, 2912, 432903.0
348, 72.248116, 664.297333, 36.682951, 203.726738, 2881, 427784.0
349, 68.769752, 662.880870, 37.630476, 161.015236, 3060, 457330.0
350, 73.182808, 663.575221, 37.475458, 205.470751, 2887, 430022.0
351, 70.929093, 661.726244, 38.855315, 179.107505, 2966, 440867.0
352, 69.516585, 662.592788, 37.747596, 174.027079, 3071, 457947.0
353, 70.118515, 662.462203, 38.504520, 194.993313, 2935, 436365.0
354, 68.868700, 663.830377, 37.765374, 183.622126, 3022, 449511.0
355, 69.359282, 663.432861, 38.209927, 172.941504, 3029, 452049.0
356, 70.491855, 663.105567, 38.498729, 173.883984, 2972, 444327.0
357, 69.576162, 662.300416, 38.334964, 167.414266, 3004, 447579.0
358, 66.949982, 662.614822, 36.744639, 172.230717, 3018, 450044.0
359, 71.014124, 663.303945, 38.539920, 182.089216, 2997, 446427.0
360, 69.535399, 662.276094, 37.164500, 197.251028, 2927, 435974.0
361, 70.490641, 663.065177, 37.294872, 203.332921, 2986, 445458.0
362, 72.689600, 663.927287, 38.441398, 201.184907, 2906, 438568.0
363, 71.396268, 664.147369, 36.393220, 219.957714, 2848, 422405.0
364, 69.936127, 664.493320, 37.167855, 184.899019, 3077, 458633.0
365, 67.984649, 662.060797, 37.758511, 175.772874, 3045, 457606.0
366, 69.420559, 664.233648, 36.143611, 163.027014, 3050, 457959.0
367, 70.046405, 664.248564, 36.408456, 201.302280, 2950, 441365.0
368, 71.721816, 662.754059, 38.294060, 182.577529, 2908, 433099.0
369, 70.115593, 663.147579, 36.747977, 200.715691, 3035, 452155.0
370, 73.183530, 663.504580, 37.290976, 201.193126, 2872, 427302.0
371, 71.361515, 664.813653, 36.849141, 195.585486, 2941, 438280.0
372, 69.763764, 663.811561, 36.717920, 184.890769, 2974, 442583.0
373, 67.988546, 663.163865, 36.658050, 173.849174, 3034, 453390.0
374, 73.544820, 665.273789, 37.586091, 205.983959, 2886, 430682.0
375, 73.987026, 664.187431, 36.653316, 221.340283, 2888, 428876.0
376, 68.886214, 663.844655, 37.221296, 187.552367, 2966, 442988.0
377, 69.679738, 664.557032, 37.735062, 181.180688, 2982, 446268.0
378, 72.615564, 663.594516, 36.997588, 212.281730, 2867, 425584.0
379, 72.348080, 663.690249, 37.300444, 200.061040, 2929, 436752.0
380, 70.866704, 662.863261, 37.919498, 185.034055, 3021, 450480.0
381, 69.582028, 662.881107, 37.508415, 213.010102, 2931, 436373.0
382, 70.956247, 663.427388, 37.622075, 178.417323, 3039, 453338.0
383, 70.658417, 663.165633, 37.838327, 187.269910, 2983, 444416.0
384, 71.592805, 663.641032, 37.157951, 185.980641, 2929, 436199.0
385, 70.975406, 663.837708, 37.424577, 192.016126, 2932, 453412.0
386, 72.879294, 664.382302, 36.655981, 213.480940, 2814, 418006.0
387, 73.020031, 661.649155, 38.228777, 207.610294, 2910, 433716.0
388, 69.911564, 662.694503, 36.801265, 197.678648, 2945, 440027.0
389, 73.187686, 664.377251, 36.400848, 226.056558, 2875, 427637.0
390, 75.092401, 664.533096, 37.039191, 211.171410, 2876, 427613.0
391, 72.956999, 664.148064, 36.756620, 247.390181, 2826, 421120.0
392, 71.275161, 663.096557, 37.422353, 189.006154, 2909, 432572.0
393, 73.535122, 663.352912, 37.140342, 221.584648, 2886, 430274.0
394, 71.698225, 662.620942, 37.081858, 202.500465, 2880, 430103.0
395, 70.463840, 662.134245, 38.030465, 204.649737, 2896, 432624.0
396, 74.526947, 664.576159, 37.920952, 206.510047, 2854, 426655.0
397, 71.607182, 662.507609, 36.895860, 218.501636, 2892, 431540.0
398, 72.317611, 663.198525, 37.296639, 206.205522, 2903, 439012.0
399, 73.747685, 663.912670, 37.496779, 216.888280, 2877, 429246.0
400, 73.008454, 662.619800, 37.847066, 203.724968, 2885, 434618.0
401, 70.265485, 664.407872, 36.224320, 189.031362, 3034, 456532.0
402, 71.117230, 663.195056, 37.628441, 194.589532, 2928, 439744.0
403, 74.013246, 664.931876, 37.355521, 213.663996, 2878, 427154.0
404, 71.241896, 664.447897, 37.713435, 195.981164, 2970, 456455.0
405, 73.459512, 663.018126, 37.667023, 207.756084, 2870, 426297.0
406, 70.843776, 662.516645, 38.228352, 188.360405, 2989, 445332.0
407, 74.021064, 663.956065, 37.778577, 213.094794, 2893, 436425.0
408, 71.096821, 662.564307, 38.020604, 183.338768, 3019, 451428.0
409, 71.679337, 664.422003, 37.372364, 201.616118, 2872, 426960.0
410, 69.890759, 663.785145, 36.765484, 217.829758, 2976, 443299.0
411, 73.827435, 663.031293, 38.014950, 205.982293, 2924, 435172.0
412, 74.129548, 663.397484, 38.474503, 227.842181, 2899, 430764.0
413, 73.601108, 661.879690, 38.319229, 200.907602, 2884, 429282.0
414, 71.217205, 663.818895, 37.827469, 219.903429, 2852, 424322.0
415, 74.548701, 663.142999, 37.350681, 222.124177, 2867, 425510.0
416, 69.629491, 662.144408, 37.037887, 192.033064, 2933, 437022.0
417, 71.395383, 663.483440, 37.154035, 205.675846, 2879, 427944.0
418, 71.785777, 663.729278, 35.890112, 205.085211, 2896, 430920.0
419, 72.762006, 661.119793, 39.156018, 187.501374, 2914, 436561.0
420, 70.007759, 663.500849, 37.357155, 196.295786, 2999, 446530.0
421, 71.386999, 663.454091, 38.885199, 192.208285, 2913, 433702.0
422, 67.497697, 663.159311, 37.171085, 187.319457, 2976, 443410.0
423, 71.957345, 664.336387, 37.274814, 212.753561, 2899, 430203.0
424, 72.353907, 662.422673, 37.700566, 201.457693, 2899, 431587.0
425, 72.153648, 663.967977, 37.930545, 214.996606, 2849, 423511.0
426, 71.375003, 662.911282, 37.086128, 191.271627, 2926, 435565.0
427, 71.849837, 663.878817, 37.690502, 199.006048, 2935, 438060.0
428, 72.409407, 662.747996, 37.392507, 206.511058, 2894, 430015.0
429, 74.465551, 664.639175, 36.039091, 233.893600, 2877, 426642.0
430, 70.199887, 663.470046, 37.188779, 185.519530, 3003, 448411.0
431, 71.213759, 663.368528, 36.632129, 196.817967, 2927, 450998.0
432, 72.344561, 663.330848, 37.966157, 181.275027, 2945, 462845.0
433, 68.955578, 662.104637, 37.072498, 184.661213, 2997, 446970.0
434, 70.840550, 662.595214, 36.831381, 182.940619, 2941, 437387.0
435, 70.262085, 663.110955, 37.712690, 186.193279, 2999, 447889.0
436, 70.946994, 663.052546, 36.567702, 189.282843, 2900, 432235.0
437, 70.739689, 664.588707, 37.343869, 177.419553, 3031, 452030.0
438, 70.351799, 663.969213, 37.126040, 173.796448, 3033, 453322.0
439, 68.850330, 663.279772, 37.270992, 171.795794, 3018, 454182.0
440, 72.094652, 662.544326, 37.764326, 209.484204, 2850, 423710.0
441, 71.604549, 664.257489, 35.667130, 194.060322, 2926, 434406.0
442, 71.019395, 663.403521, 37.762116, 183.064448, 3009, 448482.0
443, 71.326002, 662.863141, 37.130140, 196.822921, 2905, 431563.0
444, 70.020548, 662.650551, 37.910483, 184.062858, 2976, 444822.0
445, 68.181562, 662.419605, 38.670501, 170.992725, 3047, 454318.0
446, 71.589554, 664.190636, 36.883414, 209.781079, 2819, 428967.0
447, 72.760872, 663.154239, 37.783229, 205.543820, 2884, 453685.0
448, 71.195722, 663.145516, 37.342563, 197.674428, 2891, 432580.0
449, 71.096402, 665.571013, 36.498370, 198.387681, 2891, 434081.0
450, 71.484261, 663.507600, 37.509992, 207.593563, 2896, 438690.0
451, 71.703760, 662.749384, 37.631526, 195.010744, 2927, 438663.0
452, 70.152949, 661.818315, 37.327322, 174.235144, 3008, 452341.0
453, 68.153237, 662.867483, 37.743677, 179.420591, 3033, 456828.0
454, 67.776161, 662.461830, 38.328003, 179.210305, 3012, 466366.0
455, 71.538629, 663.789523, 37.505880, 180.093792, 2923, 435409.0
456, 71.784475, 664.453468, 36.250626, 204.482702, 2922, 438734.0
457, 73.563417, 663.923726, 38.227379, 201.761267, 2924, 443061.0
458, 68.235358, 663.340486, 37.244450, 188.709636, 2999, 462310.0
459, 71.359539, 663.319992, 37.675903, 186.196645, 2987, 454300.0
460, 73.691955, 665.103869, 37.840443, 211.899463, 2900, 430772.0
461, 71.919865, 663.967362, 37.310934, 190.978795, 2880, 427393.0
462, 70.163204, 663.446423, 36.657531, 177.474779, 3057, 456083.0
463, 73.130723, 663.665398, 37.068794, 199.694291, 2873, 436297.0
464, 72.852759, 664.496117, 36.603307, 202.390913, 2821, 424709.0
465, 70.714040, 662.826825, 37.919959, 202.129046, 2974, 448595.0
466, 71.175928, 662.615680, 37.540390, 188.792337, 2921, 445495.0
467, 68.901228, 663.569366, 36.980976, 184.233966, 3021, 456865.0
468, 69.438721, 663.406163, 38.621255, 169.902438, 3009, 449413.0
469, 69.624119, 664.335781, 35.857146, 203.791017, 2954, 439384.0
470, 71.728021, 664.911877, 36.248657, 188.093710, 2891, 432789.0
471, 71.484064, 662.344555, 38.748931, 177.551364, 2917, 439540.0
472, 69.844026, 661.891816, 37.303243, 181.841705, 2942, 450095.0
473, 72.694622, 663.609129, 37.831909, 197.952361, 2905, 431603.0
474, 69.782585, 663.246639, 37.342559, 173.778557, 3016, 455704.0
475, 68.905461, 662.509213, 36.831710, 189.546488, 2982, 456410.0
476, 70.555919, 661.692231, 37.444429, 198.157845, 3028, 458236.0
477, 69.751364, 663.178928, 37.305089, 196.465480, 2986, 448929.0
478, 70.373406, 662.700439, 37.466793, 191.039331, 2989, 451548.0
479, 72.491873, 663.466245, 37.814112, 193.304071, 2889, 439268.0
480, 70.017113, 662.881721, 37.791821, 189.597715, 2895, 438136.0
481, 69.421286, 662.965488, 37.462850, 203.344739, 2902, 438410.0
482, 69.436473, 663.296029, 36.505701, 187.024415, 3011, 456137.0
483, 69.766081, 664.437561, 37.111723, 192.102327, 2993, 449238.0
484, 68.465446, 662.944182, 38.492222, 153.559303, 3050, 459362.0
485, 70.595713, 661.876709, 37.862811, 211.920727, 2952, 439777.0
486, 69.265408, 663.932806, 36.999859, 163.869113, 3054, 456122.0
487, 69.758272, 664.543432, 36.625662, 184.013578, 3012, 452593.0
488, 71.153751, 663.443919, 37.059354, 189.861328, 2921, 440921.0
489, 71.391342, 663.388302, 37.650995, 175.388777, 3030, 451548.0
490, 71.157727, 663.125365, 37.668125, 194.004280, 2908, 436140.0
491, 73.971671, 664.592959, 37.000271, 239.578398, 2879, 428357.0
492, 71.799597, 663.663558, 36.891931, 207.775426, 2852, 423753.0
493, 68.230098, 662.842451, 37.893607, 191.739611, 3050, 461537.0
494, 70.818829, 663.860085, 37.297920, 185.727654, 2994, 446106.0
495, 72.176549, 662.657056, 37.652400, 207.776651, 2900, 440328.0
496, 68.378809, 662.531438, 37.985684, 201.563221, 3022, 450814.0
497, 72.110089, 662.611924, 37.778765, 215.804177, 2840, 427642.0
498, 73.614865, 664.529547, 37.243735, 212.289835, 2907, 440854.0
499, 74.049597, 664.413170, 36.372681, 239.713652, 2854, 434501.0
500, 71.916573, 662.963637, 37.263877, 194.185931, 2903, 432512.0
501, 68.789912, 663.277512, 37.160835, 182.875856, 3049, 460721.0
502, 71.543347, 664.838721, 35.535467, 172.784377, 2928, 435328.0
503, 68.741472, 663.280016, 38.300356, 176.605256, 3016, 450340.0
504, 73.841710, 665.657990, 36.338055, 229.317886, 2842, 422642.0
505, 68.766637, 664.449027, 38.030822, 165.544964, 3027, 452347.0
506, 72.838798, 663.584034, 37.318654, 202.850116, 2890, 429667.0
507, 72.407713, 665.989431, 35.086261, 202.935292, 2859, 425254.0
508, 70.777555, 664.212841, 37.472458, 201.062950, 2902, 432835.0
509, 72.172225, 663.406690, 37.833205, 206.975469, 2923, 435651.0
510, 68.499765, 665.028495, 36.541748, 170.306202, 3045, 453079.0
511, 71.951559, 663.442396, 37.043465, 189.729069, 2882, 428006.0
512, 73.080086, 662.118644, 37.805949, 230.188117, 2832, 421740.0
513, 73.394921, 663.483551, 36.997052, 202.483579, 2870, 426706.0
514, 71.771562, 664.630443, 36.245051, 214.526568, 2853, 424203.0
515, 72.092752, 663.523218, 37.472967, 188.321905, 2842, 421947.0
516, 74.322080, 664.124655, 36.585948, 228.311070, 2868, 425962.0
517, 70.875555, 662.859935, 37.595621, 198.414487, 2971, 443592.0
518, 68.807982, 663.342682, 37.177641, 173.827582, 3039, 455268.0
519, 69.107065, 664.341176, 36.275724, 180.122153, 2991, 446380.0
520, 73.604465, 662.445088, 38.284131, 228.791536, 2864, 426062.0
521, 69.842598, 663.098504, 38.052833, 180.928114, 2977, 448072.0
522, 70.110760, 663.648529, 37.307985, 194.811653, 2994, 458322.0
523, 72.725662, 665.397517, 35.440233, 213.861677, 2806, 415568.0
524, 71.541856, 663.921097, 37.617848, 193.062972, 2926, 436949.0
525, 71.739686, 663.269655, 37.773901, 207.155721, 2909, 433328.0
526, 71.529306, 663.503125, 38.362095, 170.011584, 3003, 449985.0
527, 71.998690, 663.479486, 37.287349, 177.708241, 2953, 437659.0
528, 69.601020, 663.479286, 36.530984, 184.623460, 3037, 451392.0
529, 71.985530, 664.058891, 37.096710, 197.870466, 2842, 421784.0
530, 68.769131, 663.250615, 36.907493, 181.892943, 3015, 448635.0
531, 72.887038, 664.544618, 35.950649, 236.438460, 2832, 418606.0
532, 72.184036, 664.628540, 37.166019, 208.774719, 2877, 427064.0
533, 72.021205, 665.386513, 34.978040, 219.673503, 2830, 418361.0
534, 68.058758, 663.933106, 36.517897, 162.513600, 3028, 451791.0
535, 70.507080, 663.007395, 37.349862, 184.942622, 2983, 445211.0
536, 69.598086, 662.826709, 38.551964, 190.988763, 2975, 444029.0
537, 70.908449, 662.723719, 38.088543, 187.806128, 3013, 449012.0
538, 69.009441, 662.565192, 37.570986, 180.334139, 3070, 458624.0
539, 73.106025, 662.898872, 37.661715, 238.059721, 2818, 419012.0
540, 68.978418, 663.819072, 37.494699, 175.838193, 3038, 453567.0
541, 71.680039, 663.257874, 38.136530, 188.732807, 2892, 431361.0
542, 69.710500, 662.891258, 38.623934, 181.376287, 3033, 453866.0
543, 71.059287, 664.132519, 36.706697, 223.625579, 2945, 439847.0
544, 70.415030, 663.892885, 37.549167, 188.271812, 3002, 447365.0
545, 68.740642, 663.647953, 37.653510, 174.625835, 3053, 456779.0
546, 69.659334, 662.620535, 36.715680, 212.941981, 2913, 433738.0
547, 70.973871, 663.557443, 38.256817, 177.120484, 3025, 450696.0
548, 69.883813, 664.890647, 36.190778, 210.629764, 2959, 439779.0
549, 71.297946, 663.569808, 36.926911, 187.025740, 3032, 454438.0
550, 70.266382, 663.328712, 37.349709, 212.102477, 2941, 437562.0
551, 70.921357, 663.453614, 37.162372, 179.776823, 2978, 459010.0
552, 69.025859, 663.255085, 37.679723, 188.353465, 3008, 448175.0
553, 72.131916, 664.203395, 37.153247, 192.144292, 2856, 423426.0
554, 71.961838, 663.496071, 37.695136, 192.310787, 2894, 449048.0
555, 70.383866, 663.794982, 38.690264, 181.187799, 3014, 470452.0
556, 70.989832, 662.779034, 37.236234, 189.440641, 2972, 472673.0
557, 70.224582, 663.532260, 37.403524, 190.022456, 3004, 467973.0
558, 71.857001, 663.560813, 36.396856, 220.205008, 2830, 436109.0
559, 71.035378, 664.988514, 36.996037, 222.478268, 2895, 468543.0
560, 69.625373, 665.044044, 36.547344, 196.580187, 3047, 452141.0
561, 72.692447, 665.293047, 36.607589, 193.559268, 2922, 432052.0
562, 70.299858, 662.137172, 38.863967, 202.253170, 2987, 443472.0
563, 70.098294, 663.355664, 36.557724, 184.016591, 3035, 451748.0
564, 73.845240, 663.961914, 37.669820, 226.564869, 2884, 427484.0
565, 71.443320, 664.034568, 37.699056, 185.126725, 2933, 436107.0
566, 69.947971, 663.092731, 37.301662, 193.940488, 3032, 451393.0
567, 67.758565, 663.041192, 38.296769, 165.363234, 3017, 474044.0
568, 74.748045, 663.007295, 36.914030, 228.895796, 2886, 429872.0
569, 71.484323, 662.275391, 38.018642, 204.181083, 2954, 442050.0
570, 70.789415, 663.777181, 36.440930, 169.156264, 3050, 453297.0
571, 73.628080, 665.430864, 36.235401, 206.570442, 2865, 423885.0
572, 71.388390, 662.839398, 37.558803, 212.018601, 2835, 419854.0
573, 70.198503, 663.990251, 37.280171, 164.012687, 3026, 453090.0
574, 70.379504, 663.672121, 35.954104, 185.315743, 2936, 436020.0
575, 71.677300, 663.545439, 38.334180, 186.639000, 2966, 440803.0
576, 73.944698, 662.075789, 38.977139, 227.888190, 2877, 427173.0
577, 72.720325, 661.859163, 38.220056, 208.525262, 2863, 427465.0
578, 70.369630, 662.587727, 37.827274, 187.513562, 2985, 446313.0
579, 71.380871, 662.371410, 37.583385, 191.095984, 2914, 432365.0
580, 75.161795, 665.690134, 35.439529, 241.191007, 2870, 425898.0
581, 69.021667, 664.336393, 37.256093, 185.940913, 3042, 456233.0
582, 75.218220, 663.132543, 37.133739, 219.915096, 2864, 424294.0
583, 73.794697, 664.311738, 36.638381, 203.474467, 2898, 430835.0
584, 70.558134, 662.745998, 38.508487, 200.749265, 2918, 437195.0
585, 69.808229, 663.130975, 36.841140, 174.456415, 3047, 455049.0
586, 72.106880, 662.452875, 37.953738, 192.842017, 2883, 428067.0
587, 74.327565, 663.262092, 37.310870, 203.031552, 2842, 424738.0
588, 70.818550, 665.021368, 36.691214, 202.753164, 2832, 422449.0
589, 68.166798, 662.394401, 38.588130, 177.979364, 3003, 450064.0
590, 71.202514, 661.792669, 37.762656, 211.284199, 2828, 435802.0
591, 68.992086, 662.676100, 38.236816, 196.950911, 3005, 451617.0
592, 72.622545, 662.835596, 37.771518, 215.447734, 2888, 436206.0
593, 69.894868, 663.252225, 37.583221, 185.378976, 3046, 458212.0
594, 72.261290, 664.128396, 36.290292, 210.140288, 2847, 425777.0
595, 69.728454, 662.496558, 37.681603, 190.182691, 2976, 446857.0
596, 72.609739, 665.117348, 35.422834, 222.722218, 2816, 416760.0
597, 68.942639, 662.958657, 37.890745, 161.997040, 3033, 456846.0
598, 68.618619, 663.222241, 37.754599, 171.481132, 3077, 459210.0
599, 72.820092, 663.773911, 36.396241, 199.642837, 2885, 428162.0
600, 71.711444, 662.727054, 37.879731, 192.916816, 2867, 426150.0
601, 70.271923, 661.579680, 37.473982, 210.916485, 2913, 437580.0
602, 70.941884, 663.449007, 37.104559, 189.396921, 2927, 437251.0
603, 69.070610, 664.553388, 36.258983, 174.537209, 3006, 451078.0
604, 73.018511, 663.672880, 37.410200, 196.940241, 2876, 449631.0
605, 76.264379, 665.536773, 35.600811, 235.576876, 2833, 421685.0
606, 69.592053, 662.198257, 37.167825, 181.906323, 3022, 454748.0
607, 71.094169, 663.697163, 36.173482, 170.527205, 2982, 445826.0
608, 71.821150, 663.682093, 36.560870, 206.402667, 2854, 425004.0
609, 70.984207, 663.363951, 38.180448, 201.304725, 3014, 454146.0
610, 71.802925, 662.900307, 38.564359, 203.442482, 2919, 433834.0
611, 70.526151, 664.245317, 36.197869, 188.185691, 2930, 438496.0
612, 74.572161, 664.041253, 36.699462, 236.635865, 2822, 417702.0
613, 70.883718, 662.811526, 36.768906, 210.051754, 2909, 432917.0
614, 68.765978, 662.417164, 38.202717, 172.244751, 3038, 465049.0
615, 72.044055, 662.372789, 37.345694, 206.511055, 2876, 438738.0
616, 67.748717, 664.074855, 36.408517, 173.176347, 2996, 445300.0
617, 71.144284, 664.064759, 36.781424, 194.134241, 2941, 448715.0
618, 71.336736, 663.274645, 38.259857, 180.957634, 3009, 452789.0
619, 69.433323, 662.027635, 38.392416, 177.891454, 3024, 451193.0
620, 67.473531, 662.642440, 37.272377, 185.955230, 2948, 439130.0
621, 70.849339, 663.576802, 38.369506, 169.817856, 3014, 453744.0
622, 70.176620, 662.739611, 36.760685, 189.692300, 2931, 435514.0
623, 71.454627, 663.226550, 38.486661, 211.573032, 2903, 432587.0
624, 69.392694, 662.660411, 37.251842, 182.043514, 3006, 451689.0
625, 68.621950, 662.465047, 38.561314, 176.278267, 3024, 451427.0
626, 73.071565, 663.353461, 37.852797, 228.577257, 2849, 423313.0
627, 72.930797, 664.103152, 37.122958, 202.455417, 2860, 427792.0
628, 68.782705, 663.662070, 37.836668, 190.599264, 3027, 451998.0
629, 71.737976, 664.094465, 37.271022, 186.865089, 2955, 439665.0
630, 68.459169, 663.061226, 37.955134, 164.865323, 3068, 458488.0
631, 69.933869, 662.508990, 38.659597, 164.149893, 3022, 450590.0
632, 67.050172, 663.019148, 37.945075, 169.889899, 2985, 446361.0
633, 72.011537, 665.002384, 35.947305, 182.381922, 2877, 427072.0
634, 72.113294, 663.453883, 37.787531, 206.255593, 2863, 425823.0
635, 69.444777, 662.775397, 36.697660, 196.924237, 2973, 466078.0
636, 70.920554, 663.754946, 37.027613, 194.687742, 2825, 421787.0
637, 69.546166, 662.949343, 37.383397, 188.469921, 3063, 457313.0
638, 71.917651, 664.220933, 37.460440, 233.067836, 2807, 419836.0
639, 69.825116, 664.557123, 36.786832, 176.131720, 3019, 454403.0
640, 70.957836, 662.454221, 38.687888, 185.387524, 3003, 447352.0
641, 68.407805, 663.714180, 37.429351, 165.283914, 3058, 459959.0
642, 69.457104, 663.037437, 37.098023, 177.027418, 3007, 449525.0
643, 68.093538, 662.795764, 37.684153, 175.495578, 2967, 442468.0
644, 70.995369, 661.740378, 38.587679, 195.436873, 2933, 439134.0
645, 70.781737, 663.134113, 38.078968, 180.376822, 2975, 447631.0
646, 68.859322, 661.692396, 38.996953, 175.171498, 3019, 450328.0
647, 69.448533, 663.168776, 36.712794, 190.927045, 2923, 438515.0
648, 69.387186, 662.256341, 37.318012, 185.564246, 3022, 454903.0
649, 74.625359, 663.865658, 37.486564, 215.705299, 2866, 425005.0
650, 69.552920, 664.170329, 37.285703, 172.967370, 3032, 463319.0
651, 67.178215, 663.436104, 36.897721, 169.741674, 3003, 448183.0
652, 70.084532, 664.350119, 36.943539, 178.891141, 3011, 448320.0
653, 69.139454, 662.796027, 37.829690, 161.724883, 3076, 463840.0
654, 72.350683, 662.890778, 38.413155, 192.728270, 2881, 428480.0
655, 67.602339, 663.313229, 36.864629, 183.892366, 2982, 443515.0
656, 70.757670, 662.693726, 37.263240, 186.888701, 2907, 437726.0
657, 71.801110, 664.528995, 37.252418, 197.428808, 2933, 436050.0
658, 72.475963, 664.403008, 36.939278, 211.756654, 2873, 426592.0
659, 69.701489, 662.442211, 38.320245, 177.089263, 3009, 453362.0
660, 68.768954, 663.354779, 37.745850, 189.546855, 3041, 453785.0
661, 73.874239, 663.808959, 38.215862, 234.953422, 2874, 425784.0
662, 70.426542, 665.308505, 36.226537, 170.548681, 3031, 456099.0
663, 71.537095, 663.535343, 37.529288, 181.859005, 2970, 446109.0
664, 69.680480, 663.292915, 38.720335, 174.712780, 3026, 452341.0
665, 68.903912, 662.727051, 38.298447, 179.603746, 3050, 459077.0
666, 69.893059, 662.981653, 37.019944, 182.787289, 2967, 444914.0
667, 74.189849, 664.076914, 35.666431, 231.682054, 2870, 427798.0
668, 71.265777, 662.784530, 38.235770, 175.719341, 2968, 444610.0
669, 70.254654, 663.973239, 36.987530, 184.388399, 3055, 455210.0
670, 70.558157, 664.691001, 36.777999, 176.191701, 3033, 452773.0
671, 70.944482, 664.744579, 36.762999, 193.878236, 2928, 439478.0
672, 68.589343, 663.567751, 37.629804, 183.756956, 3003, 448228.0
673, 70.350610, 664.391609, 36.716306, 178.486675, 2997, 446591.0
674, 68.017446, 662.525860, 37.694610, 178.447314, 3010, 452604.0
675, 71.194487, 664.605508, 36.994649, 190.275959, 2981, 443920.0
676, 71.817181, 662.357420, 37.252507, 184.499006, 2804, 420500.0
677, 70.835464, 663.849287, 37.497707, 182.379930, 2976, 443673.0
678, 67.744463, 662.602853, 37.828069, 176.992392, 3003, 447790.0
679, 68.553069, 665.424759, 34.933895, 175.837187, 3038, 452240.0
680, 67.814291, 662.696751, 37.670861, 176.101130, 2989, 452668.0
681, 66.633710, 663.265685, 38.132257, 182.524291, 3025, 453225.0
682, 66.557327, 662.677147, 37.021868, 158.784914, 3010, 448983.0
683, 69.912751, 663.923022, 37.082232, 174.447854, 3053, 458344.0
684, 66.362094, 663.992802, 37.402770, 160.693301, 3001, 449825.0
685, 69.978977, 662.685103, 38.660928, 171.692833, 3013, 449393.0
686, 68.978557, 662.525259, 38.078982, 160.072319, 3038, 458273.0
687, 69.734848, 663.334340, 37.678662, 179.933853, 3028, 452052.0
688, 71.470262, 663.490205, 38.504473, 196.505445, 2897, 430828.0
689, 66.815410, 663.381347, 36.958858, 171.680906, 3011, 454063.0
690, 69.351124, 662.682786, 37.508351, 176.928598, 2997, 447454.0
691, 69.391517, 662.680476, 36.896008, 177.636879, 3057, 455380.0
692, 68.824815, 663.469673, 36.934742, 171.297742, 3061, 460680.0
693, 69.665597, 663.553408, 37.451042, 184.265519, 3026, 451271.0
694, 72.063799, 662.913837, 37.984953, 199.748423, 2925, 435360.0
695, 72.214708, 664.369596, 36.784041, 213.483278, 2806, 420995.0
696, 69.654821, 663.831518, 37.162063, 199.104644, 2984, 444596.0
697, 68.922119, 663.195529, 36.875665, 172.400268, 3021, 454173.0
698, 69.917880, 663.215190, 36.665843, 202.487141, 2920, 437440.0
699, 70.934204, 664.203557, 36.981371, 179.107863, 2973, 442815.0
700, 73.544374, 663.244933, 37.389398, 206.677549, 2911, 437732.0
701, 73.863284, 663.561226, 37.953069, 190.631016, 2919, 433317.0
702, 72.117804, 662.374820, 38.421501, 177.656823, 2916, 433396.0
703, 68.953581, 662.609999, 37.412686, 179.890325, 3007, 466865.0
704, 72.714946, 663.398304, 37.720690, 209.758423, 2853, 424024.0
705, 70.592704, 662.092930, 37.610048, 176.243403, 3019, 481441.0
706, 69.541146, 664.625989, 35.928840, 191.462860, 3006, 466471.0
707, 71.152855, 663.181903, 38.049565, 217.812384, 2805, 425842.0
708, 70.393721, 663.322523, 37.961536, 173.364565, 2983, 516351.0
709, 69.813030, 663.600141, 36.612928, 198.196640, 3000, 468761.0
710, 67.675058, 663.632736, 37.448720, 178.958447, 2984, 464782.0
711, 69.899452, 663.267460, 37.104511, 193.894498, 3001, 462925.0
712, 70.523721, 663.864521, 37.523436, 187.835675, 2999, 450567.0
713, 69.764726, 664.190929, 36.823698, 174.724917, 3055, 459592.0
714, 69.512427, 663.373365, 37.727437, 193.346633, 2957, 443799.0
715, 73.378473, 663.781836, 37.329994, 218.361762, 2880, 443021.0
716, 70.918848, 664.430317, 36.978699, 193.049997, 2946, 460558.0
717, 69.608846, 662.788966, 39.291053, 176.707396, 2979, 444119.0
718, 68.353190, 663.032999, 37.089816, 187.253494, 3001, 467222.0
719, 67.507242, 662.988480, 37.641867, 194.282144, 2961, 471018.0
720, 68.979834, 663.601033, 36.834179, 175.465506, 2989, 460154.0
721, 71.719014, 663.803297, 37.388338, 203.031716, 2882, 435506.0
722, 70.291164, 663.233674, 37.640522, 206.000808, 2939, 461054.0
723, 70.954991, 662.842235, 38.056232, 191.356692, 2999, 472011.0
724, 68.661245, 663.587538, 36.509975, 180.310148, 3046, 467525.0
725, 67.023418, 662.347139, 38.441589, 186.486608, 2974, 461126.0
726, 68.957756, 663.099691, 37.248829, 184.702037, 3063, 463980.0
727, 67.281507, 663.128517, 37.884883, 167.985493, 3035, 452841.0
728, 69.644935, 662.841296, 37.585190, 175.809784, 3040, 461928.0
729, 69.646666, 664.551268, 37.607253, 167.772881, 3027, 459935.0
730, 71.519646, 663.193105, 37.057026, 199.270809, 2894, 447095.0
731, 70.997350, 663.106384, 36.809561, 194.249019, 2879, 455633.0
732, 72.044820, 662.896886, 37.900717, 180.320069, 2889, 443512.0
733, 68.695501, 662.767236, 37.147658, 175.682049, 3041, 468137.0
734, 72.899619, 664.769243, 36.126262, 208.590245, 2778, 439182.0
735, 69.396626, 662.534612, 37.692782, 169.618467, 3071, 463597.0
736, 67.882250, 663.010257, 38.190332, 157.540155, 3070, 479035.0
737, 70.334424, 663.249529, 37.459591, 188.628297, 2989, 456625.0
738, 67.510954, 663.756799, 36.364909, 170.329083, 3045, 460084.0
739, 69.617297, 664.023646, 37.231382, 204.914084, 2989, 445210.0
740, 67.336085, 664.066743, 37.518552, 167.516939, 3014, 461601.0
741, 69.934261, 664.744324, 36.422144, 186.876584, 2966, 449983.0
742, 67.156590, 663.403884, 38.047892, 153.424815, 3040, 453117.0
743, 70.409556, 663.764253, 37.202015, 184.076386, 3011, 448931.0
744, 70.449634, 663.537648, 37.062151, 187.128083, 3011, 449086.0
745, 68.767495, 662.543391, 37.962939, 164.315206, 3077, 459160.0
746, 70.279498, 663.240890, 37.350150, 184.293634, 3016, 453276.0
747, 69.858486, 663.763608, 36.551746, 181.749474, 3009, 455240.0
748, 68.393480, 663.014133, 37.934297, 167.897653, 3023, 455756.0
749, 67.956511, 662.941716, 37.891828, 156.308441, 3016, 454698.0
750, 68.427790, 663.511734, 37.934747, 171.282241, 3067, 460058.0
751, 69.343593, 663.269224, 37.971438, 172.672674, 3071, 470796.0
752, 67.464900, 663.390839, 37.339995, 160.129409, 3019, 478992.0
753, 69.057590, 663.905175, 36.551285, 167.189851, 3023, 450430.0
754, 67.282550, 661.735893, 37.982316, 167.798799, 2985, 445426.0
755, 67.139541, 663.084512, 37.328695, 157.624712, 3012, 450910.0
756, 67.995478, 662.546970, 37.206284, 170.171494, 3050, 455062.0
757, 68.668892, 663.143673, 37.165056, 177.796033, 3017, 450368.0
758, 68.458200, 665.513287, 35.550035, 162.972377, 3020, 453393.0
759, 67.444362, 664.122799, 35.870485, 168.786314, 3014, 449276.0
760, 68.962886, 664.481653, 36.251223, 185.321236, 3053, 456401.0
761, 68.292073, 662.757339, 37.375023, 168.461807, 3045, 458246.0
762, 70.237563, 664.115284, 36.631217, 181.617840, 3056, 455161.0
763, 72.417521, 663.743144, 37.393823, 191.611484, 2908, 431653.0
764, 68.958177, 663.009842, 38.580797, 159.564442, 3075, 464907.0
765, 71.459894, 665.237211, 36.813676, 189.527640, 2895, 431578.0
766, 69.837367, 662.521036, 38.464418, 175.039826, 3006, 450913.0
767, 70.237622, 663.891657, 37.144452, 192.266510, 3007, 452523.0
768, 68.911519, 663.629487, 37.554709, 165.396896, 3037, 453187.0
769, 70.563531, 662.773935, 37.204953, 200.622895, 2913, 433676.0
770, 68.730455, 663.270231, 37.467892, 185.423063, 2994, 469278.0
771, 68.542110, 663.455392, 36.963477, 168.149545, 3016, 450976.0
772, 68.738442, 663.506751, 38.287411, 181.153431, 3019, 451154.0
773, 71.971773, 664.114749, 36.120693, 198.658416, 2883, 432485.0
774, 70.380749, 662.565307, 38.219035, 185.491207, 3007, 448927.0
775, 68.196657, 662.140112, 38.483414, 170.696157, 3031, 452875.0
776, 70.032008, 664.538537, 37.929261, 169.952095, 3035, 457115.0
777, 70.431161, 661.793954, 37.356071, 201.488617, 2922, 436291.0
778, 69.114534, 662.998810, 37.074312, 170.784383, 3029, 451981.0
779, 71.744747, 663.431533, 37.599779, 186.273781, 2892, 429960.0
780, 68.870692, 663.048705, 37.401054, 169.047807, 3073, 458747.0
781, 71.078683, 663.578801, 37.385798, 198.648739, 3015, 449087.0
782, 71.601981, 663.384905, 37.330724, 164.192088, 2938, 436895.0
783, 71.367896, 664.404209, 36.809876, 198.637629, 2910, 432449.0
784, 67.430069, 663.111240, 38.835587, 165.543351, 3040, 454144.0
785, 68.207806, 663.578920, 36.397063, 182.607611, 3014, 449197.0
786, 67.730261, 662.814098, 36.745920, 159.608560, 3060, 456652.0
787, 71.079127, 662.952616, 37.131638, 194.846603, 2836, 421206.0
788, 68.160570, 663.973494, 37.160080, 172.950172, 3027, 451426.0
789, 68.877463, 662.994494, 36.769327, 168.082245, 3067, 457172.0
790, 68.541078, 663.735714, 38.720713, 159.989941, 3053, 456248.0
791, 67.573725, 663.748829, 36.414552, 165.664138, 3005, 447345.0
792, 69.393342, 662.715284, 37.324582, 179.475579, 3017, 451458.0
793, 69.026977, 662.530903, 37.812783, 169.084603, 2977, 444145.0
794, 66.535652, 663.364994, 37.437363, 153.177102, 3008, 448760.0
795, 69.576162, 662.300416, 38.334964, 190.353337, 3008, 449099.0
796, 70.794693, 662.790452, 38.009316, 193.411483, 2991, 445504.0
797, 68.568385, 664.014640, 37.675464, 159.731233, 3065, 457600.0
798, 67.562408, 662.655090, 38.041401, 160.331419, 3043, 454488.0
799, 69.843397, 664.485070, 36.893153, 171.771435, 3051, 454931.0
800, 68.569358, 663.720983, 35.657471, 181.869911, 3036, 452553.0
801, 69.054581, 663.293774, 38.328873, 156.505611, 3060, 457331.0
802, 66.451868, 662.269653, 36.529138, 164.639809, 3018, 449763.0
803, 72.449061, 664.103818, 37.449487, 207.998883, 2895, 429992.0
804, 71.087033, 664.431758, 36.634157, 199.362298, 2943, 437656.0
805, 71.070744, 663.136316, 37.440797, 188.996574, 3010, 448496.0
806, 68.810597, 662.892026, 36.706720, 188.070729, 2952, 440045.0
807, 69.891328, 663.991446, 36.000398, 195.625262, 2986, 444652.0
808, 70.285121, 663.760988, 36.847760, 171.517344, 3036, 452559.0
809, 70.218868, 663.671708, 37.544849, 186.321045, 2997, 446476.0
810, 67.066022, 662.914889, 37.998066, 165.335275, 3012, 449636.0
811, 69.156576, 663.971273, 37.502320, 165.684312, 2998, 447620.0
812, 69.006678, 662.313539, 37.501145, 165.698048, 3069, 458451.0
813, 70.942661, 662.803586, 37.345644, 184.782313, 2956, 440200.0
814, 68.660758, 662.911231, 37.693741, 189.227025, 2960, 443836.0
815, 69.216033, 663.704041, 37.676176, 191.307064, 3002, 464672.0
816, 69.332808, 664.427599, 37.561997, 173.230975, 2986, 444744.0
817, 71.577053, 664.375179, 38.180716, 199.967785, 2853, 428887.0
818, 67.422240, 662.676970, 37.159100, 176.158669, 2959, 441656.0
819, 69.812214, 663.857728, 36.944423, 179.208693, 2991, 446413.0
820, 69.597560, 663.186268, 37.355043, 179.539950, 3050, 458415.0
821, 70.063513, 663.121126, 37.996187, 184.774533, 3023, 451158.0
822, 71.062714, 663.138672, 37.586100, 185.675526, 2995, 446393.0
823, 71.086237, 663.424712, 38.392371, 186.663278, 2984, 444508.0
824, 69.692079, 662.047172, 38.707037, 199.758198, 2955, 439668.0
825, 69.726117, 662.811478, 37.902605, 200.121982, 2976, 442781.0
826, 67.735272, 662.444806, 38.627791, 171.052429, 3044, 453638.0
827, 67.555952, 663.563878, 36.659732, 175.003370, 2990, 445125.0
828, 66.627531, 661.122247, 37.896977, 162.927322, 2987, 445268.0
829, 68.259495, 663.130215, 36.785327, 181.317459, 3033, 463391.0
830, 68.439067, 662.922787, 39.244373, 149.164235, 3042, 454327.0
831, 68.281701, 662.080320, 38.510372, 168.195622, 3061, 458293.0
832, 68.999940, 662.560542, 37.195318, 197.823263, 3059, 483594.0
833, 70.564210, 663.169511, 37.724653, 194.022927, 3018, 451783.0
834, 68.533876, 663.744106, 37.312228, 179.911428, 3042, 452790.0
835, 68.349325, 662.709751, 36.460526, 184.593737, 2975, 445661.0
836, 69.401680, 663.294678, 38.143155, 166.552167, 3059, 457168.0
837, 69.699781, 662.612796, 37.551216, 170.148812, 2978, 445410.0
838, 69.518038, 663.430341, 37.002071, 173.359622, 3058, 460572.0
839, 69.431443, 664.487051, 35.902608, 199.589372, 2976, 443459.0
840, 68.807175, 662.725416, 38.089864, 179.148381, 3060, 456647.0
841, 69.793788, 664.699873, 37.735473, 186.889395, 2973, 441922.0
842, 71.694222, 663.241388, 38.252971, 190.670435, 2918, 433596.0
843, 67.034563, 662.202022, 37.766927, 164.019492, 2979, 443879.0
844, 68.179565, 663.340306, 36.841738, 175.046146, 2976, 443025.0
845, 67.094773, 663.710480, 36.759020, 168.136640, 2986, 447914.0
846, 68.530679, 662.258893, 37.812417, 176.018940, 3040, 453727.0
847, 69.364573, 663.247198, 37.115721, 161.810420, 3075, 458901.0
848, 68.378060, 662.953530, 36.950013, 171.747151, 3040, 453712.0
849, 69.142186, 662.432398, 36.809099, 159.637060, 3050, 454941.0
850, 67.590587, 662.840718, 37.117093, 172.513751, 2984, 444442.0
851, 70.792115, 663.003317, 38.274062, 197.930409, 3001, 448828.0
852, 67.172173, 663.989918, 36.742510, 166.382660, 3025, 451839.0
853, 69.919534, 663.091938, 37.402085, 159.841931, 3043, 454668.0
854, 67.787326, 663.454263, 34.590550, 375.535911, 2822, 419775.0
855, 71.746442, 664.053571, 36.981949, 182.474311, 2951, 441092.0
856, 68.374742, 660.993251, 38.087257, 151.240108, 3052, 458899.0
857, 66.760211, 662.939514, 37.693329, 149.456733, 3012, 450223.0
858, 68.051840, 662.501343, 37.641055, 161.174570, 3069, 457450.0
859, 67.639174, 662.883521, 36.500512, 171.652246, 3001, 446486.0
860, 70.869073, 664.682304, 35.515324, 204.857921, 2889, 428404.0
861, 66.957091, 664.022906, 37.580035, 181.195196, 3007, 449680.0
862, 67.202148, 661.814297, 38.408565, 188.748567, 2993, 445894.0
863, 67.664413, 662.155051, 37.796070, 167.060129, 3044, 453338.0
864, 68.683342, 663.360930, 37.274338, 182.219429, 3024, 451097.0
865, 69.464159, 663.117596, 37.543131, 172.419733, 3072, 458090.0
866, 70.098988, 662.935949, 36.979741, 184.234563, 2970, 441928.0
867, 68.945416, 662.840374, 37.287416, 158.615365, 3078, 459187.0
868, 73.026413, 663.970816, 38.155752, 199.485952, 2900, 430881.0
869, 69.164145, 663.243455, 36.926175, 189.385113, 2970, 442390.0
870, 70.331662, 662.163910, 38.471236, 185.505297, 3005, 447380.0
871, 67.802473, 664.161141, 36.994370, 172.213624, 3003, 447046.0
872, 70.385954, 663.036462, 36.995813, 179.058779, 3000, 446341.0
873, 71.649605, 663.045440, 37.435971, 183.648903, 2904, 430072.0
874, 67.899198, 663.227420, 37.424554, 175.823065, 3033, 452001.0
875, 71.734176, 663.155651, 36.909870, 202.190769, 2869, 425312.0
876, 70.830237, 664.203662, 37.377584, 190.884083, 2936, 436361.0
877, 66.999007, 663.408953, 37.277536, 184.235585, 3043, 517051.0
878, 69.576985, 663.393693, 37.800916, 181.994213, 3002, 453451.0
879, 70.286432, 664.445936, 35.996770, 182.786137, 2958, 444227.0
880, 67.417796, 663.676961, 37.016232, 144.252661, 3024, 454687.0
881, 70.249917, 663.445966, 36.314302, 174.060649, 2952, 442167.0
882, 69.134546, 663.997272, 37.487874, 165.439202, 3063, 463210.0
883, 70.190050, 664.293631, 36.569887, 175.456346, 3048, 461278.0
884, 67.727313, 663.684193, 35.858629, 172.852654, 3002, 448251.0
885, 69.901745, 661.692727, 37.893798, 172.217170, 2987, 447273.0
886, 70.268873, 662.789304, 37.279817, 197.304346, 2899, 432061.0
887, 69.417710, 663.639309, 37.932414, 154.058526, 3018, 459162.0
888, 69.440878, 662.640717, 37.660377, 178.519101, 3037, 458373.0
889, 67.868107, 663.804735, 36.800228, 151.251638, 3067, 459588.0
890, 69.889027, 662.300266, 37.671261, 164.066669, 3042, 453177.0
891, 69.394938, 664.139022, 35.972258, 183.921350, 3043, 453043.0
892, 71.262161, 663.547610, 38.113219, 194.658263, 3008, 448410.0
893, 70.229096, 664.035206, 37.392625, 179.956108, 2985, 466447.0
894, 68.552113, 661.716167, 37.999137, 179.889500, 3049, 454302.0
895, 69.051454, 662.849989, 38.133672, 170.019811, 3035, 452312.0
896, 71.131290, 663.215156, 37.464598, 194.781605, 2917, 436858.0
897, 67.227548, 661.950750, 36.786656, 178.594949, 2981, 443561.0
898, 71.136714, 663.440870, 36.517850, 163.146682, 2922, 434109.0
899, 67.563416, 663.540241, 37.531552, 183.044116, 3033, 451774.0
900, 66.360731, 662.560532, 37.008588, 166.066977, 2946, 439220.0
901, 69.170868, 660.970237, 38.602968, 166.849131, 2971, 443592.0
902, 67.994158, 662.438578, 37.942133, 162.254761, 3008, 448610.0
903, 69.263850, 664.119738, 38.229750, 159.796331, 3059, 457161.0
904, 71.386794, 662.803820, 38.315241, 178.081611, 2957, 441001.0
905, 68.146503, 663.355396, 35.904694, 175.968303, 2912, 451340.0
906, 71.888400, 664.589602, 37.037627, 193.282786, 2878, 429137.0
907, 69.846310, 662.355115, 38.637190, 155.969021, 2972, 442515.0
908, 65.438170, 663.365238, 38.071689, 151.480694, 3001, 447185.0
909, 69.282581, 661.747067, 38.720162, 171.188412, 3087, 462069.0
910, 68.240126, 662.989582, 39.052170, 151.254780, 3039, 453362.0
911, 69.911118, 662.672484, 37.280882, 168.782524, 3000, 447326.0
912, 68.779697, 662.300846, 37.981338, 167.996721, 3050, 454670.0
913, 71.808827, 664.024901, 36.981362, 198.917933, 2900, 430347.0
914, 69.907852, 662.513533, 38.396687, 165.744128, 3028, 451898.0
915, 71.732113, 663.103815, 37.939950, 202.074910, 2921, 434712.0
916, 68.608469, 662.515610, 37.793548, 151.813599, 3055, 456057.0
917, 72.461816, 663.887128, 37.362625, 192.580692, 2917, 432645.0
918, 71.035056, 663.207257, 37.676393, 185.769316, 3002, 446831.0
919, 68.412413, 662.343603, 36.703661, 160.016025, 3047, 454033.0
920, 69.630996, 663.263787, 37.434848, 193.521803, 2917, 434083.0
921, 67.506271, 661.826992, 37.976426, 159.772150, 2988, 445730.0
922, 68.523775, 662.817824, 37.420437, 162.103987, 3025, 452247.0
923, 68.614691, 664.090374, 36.923013, 170.470993, 3011, 448506.0
924, 71.294382, 663.792542, 37.043794, 197.397702, 2881, 428421.0
925, 72.557712, 662.791224, 37.062901, 185.903028, 2875, 428954.0
926, 65.492804, 663.725041, 36.016618, 191.962856, 2880, 429989.0
927, 70.222839, 664.178495, 36.847000, 183.711286, 3022, 459322.0
928, 69.995069, 663.721249, 36.962688, 177.444757, 2980, 448379.0
929, 69.029683, 663.202908, 36.584235, 162.861473, 3064, 458232.0
930, 68.921655, 663.392545, 36.830882, 174.719697, 3033, 453080.0
931, 70.070172, 663.754120, 36.943020, 184.220255, 2997, 446741.0
932, 67.013571, 663.565749, 37.272777, 189.767484, 3013, 449072.0
933, 69.735179, 662.488778, 37.899282, 168.535780, 2971, 441162.0
934, 66.404784, 662.703551, 38.358584, 160.220269, 2999, 446228.0
935, 70.144408, 662.901527, 38.340329, 174.975699, 2983, 445492.0
936, 68.737166, 661.979150, 38.530720, 158.747787, 3053, 455333.0
937, 71.609308, 664.919493, 35.648971, 205.121705, 2855, 422470.0
938, 73.010326, 663.820044, 36.273437, 208.360102, 2841, 421159.0
939, 69.316538, 663.225069, 37.846770, 185.821609, 3003, 448662.0
940, 69.469204, 664.466304, 36.871609, 176.216140, 3001, 446041.0
941, 70.112679, 663.105550, 37.120402, 180.398105, 3040, 453019.0
942, 69.756548, 663.949504, 36.146650, 178.391461, 3017, 449047.0
943, 70.655255, 662.973149, 36.108235, 196.044248, 2906, 432275.0
944, 68.072274, 662.965744, 37.330438, 183.203334, 3027, 451461.0
945, 69.928863, 662.338996, 38.757899, 170.821760, 3052, 455327.0
946, 70.020158, 662.660865, 37.253394, 165.552005, 3025, 450157.0
947, 69.180504, 663.413222, 37.695339, 145.903639, 3071, 458892.0
948, 71.235418, 662.095825, 37.379695, 212.034140, 2842, 422808.0
949, 70.023659, 664.885661, 35.939383, 168.970214, 3034, 451962.0
950, 73.614814, 664.495094, 37.131027, 198.813349, 2889, 442645.0
951, 68.324923, 663.667788, 37.197177, 191.377365, 2979, 444339.0
952, 67.782370, 661.294992, 37.973380, 176.045669, 2984, 445966.0
953, 69.476118, 662.058375, 38.121142, 180.236352, 2955, 441422.0
954, 70.275283, 662.599293, 37.679067, 194.313769, 2943, 440850.0
955, 69.380969, 663.609840, 38.348924, 175.992641, 3020, 451274.0
956, 71.678801, 664.029259, 35.575194, 196.244153, 2871, 426381.0
957, 68.934095, 663.384564, 36.568251, 174.401208, 3047, 454702.0
958, 69.531741, 663.068931, 37.202721, 155.121598, 3058, 456938.0
959, 69.002406, 662.884914, 38.534550, 172.274026, 3045, 456799.0
960, 68.458871, 663.533811, 36.853969, 158.747576, 3020, 452919.0
961, 68.811901, 662.842212, 38.057364, 160.324036, 3039, 453507.0
962, 68.417386, 661.924829, 37.913306, 185.082332, 3009, 448863.0
963, 68.460684, 663.716559, 36.858859, 172.166446, 3027, 450603.0
964, 70.914983, 662.482106, 38.181824, 176.030228, 3043, 454259.0
965, 68.000995, 662.106358, 38.540842, 152.001894, 3060, 457086.0
966, 69.098920, 663.679677, 37.751552, 160.276466, 3065, 457359.0
967, 70.416035, 663.979876, 36.764662, 165.172217, 3039, 453098.0
968, 68.642482, 662.922915, 37.684852, 154.467721, 3074, 459208.0
969, 69.109555, 663.906608, 37.563050, 162.389116, 3063, 457015.0
970, 68.730298, 663.140840, 36.844205, 167.781130, 3025, 450688.0
971, 69.891901, 663.938305, 37.042372, 153.776893, 3040, 453670.0
972, 68.100366, 663.340723, 37.677943, 143.926763, 3066, 459978.0
973, 68.989345, 662.194105, 38.490198, 155.689459, 3066, 458451.0
974, 70.502334, 662.968190, 37.984228, 196.649263, 3006, 451829.0
975, 70.697541, 663.221536, 37.806111, 182.325272, 3000, 450679.0
976, 66.313617, 663.039349, 37.133598, 142.695162, 3026, 451820.0
977, 71.419973, 663.562527, 37.713202, 184.519791, 2912, 435589.0
978, 67.991189, 663.309133, 38.057852, 150.912127, 3086, 461435.0
979, 68.978449, 663.320853, 36.817125, 178.793756, 3032, 451970.0
980, 73.245469, 663.907582, 36.737196, 204.726108, 2873, 427381.0
981, 68.777359, 662.664800, 37.851732, 168.577167, 3041, 462033.0
982, 70.303823, 664.691149, 37.125908, 175.337791, 2986, 446568.0
983, 70.022296, 663.349422, 38.409760, 183.108579, 2914, 435510.0
984, 70.525959, 662.279604, 37.489704, 171.849392, 3008, 451967.0
985, 69.573916, 663.389518, 36.258403, 181.298457, 3036, 451865.0
986, 69.022023, 664.295845, 37.201704, 166.347232, 3033, 452889.0
987, 70.276183, 663.316525, 37.650265, 171.765810, 2971, 445797.0
988, 67.823288, 662.626868, 38.210119, 155.774896, 3054, 459486.0
989, 68.140706, 663.869696, 37.123220, 195.544013, 3009, 449026.0
990, 69.058214, 663.018509, 37.929773, 170.774778, 3024, 451679.0
991, 71.010972, 663.833307, 36.834306, 164.280309, 3019, 450368.0
992, 67.948488, 664.278547, 36.363992, 170.422257, 3027, 452602.0
993, 69.967433, 663.860002, 37.525959, 178.158018, 3034, 452826.0
994, 71.238018, 662.621941, 37.730839, 172.819434, 2995, 449601.0
995, 67.601163, 662.766819, 37.268117, 162.179959, 3005, 456378.0
996, 70.901769, 663.620478, 37.216999, 175.584347, 3011, 454272.0
997, 69.515262, 662.672780, 37.514979, 179.597450, 2956, 440535.0
998, 69.475807, 663.576030, 37.067196, 180.116623, 3005, 456648.0
999, 70.818901, 662.143890, 38.797927, 184.815375, 2971, 444239.0
