#idx, x0, x1, x2, y, f_neval, total_time (us), 
0, 70.788439, 665.016986, 36.516378, 176.548147, 2760, 413957.0
1, 72.494130, 663.922137, 37.599459, 205.249111, 2650, 393979.0
2, 72.047545, 663.095346, 37.668110, 199.571491, 2657, 395787.0
3, 70.208892, 663.396064, 36.871486, 204.748251, 2736, 408264.0
4, 72.143036, 664.143969, 36.428461, 219.538535, 2638, 392312.0
5, 70.812443, 663.134331, 36.532600, 210.165711, 2660, 395584.0
6, 71.791869, 663.563594, 38.210182, 197.797685, 2686, 400493.0
7, 73.589347, 662.252832, 37.259935, 210.618840, 2642, 397413.0
8, 72.217320, 664.660370, 37.113581, 204.667193, 2629, 391873.0
9, 72.268529, 664.006116, 36.964193, 220.337472, 2619, 389451.0
10, 75.288172, 663.770891, 36.947428, 232.497264, 2638, 393578.0
11, 72.338475, 664.141638, 36.119542, 197.774243, 2632, 430500.0
12, 71.527122, 663.365113, 38.161228, 185.727793, 2712, 406214.0
13, 72.158627, 664.725743, 36.976449, 234.394923, 2592, 386395.0
14, 71.996647, 662.179114, 37.225032, 214.428400, 2636, 393297.0
15, 70.266912, 664.619635, 36.779194, 177.234377, 2779, 415854.0
16, 70.086001, 663.481495, 37.349464, 175.978964, 2803, 422233.0
17, 71.614681, 664.848272, 35.449928, 194.901953, 2630, 391794.0
18, 68.906662, 662.778823, 36.640452, 204.839020, 2761, 412966.0
19, 74.353635, 663.910251, 37.020074, 231.904360, 2624, 390341.0
20, 72.770519, 663.387506, 37.667377, 205.549025, 2685, 401212.0
21, 72.082330, 664.197736, 37.137117, 185.944378, 2686, 400877.0
22, 68.915053, 664.167696, 36.913225, 186.380578, 2785, 416494.0
23, 73.767574, 661.355944, 38.498722, 218.717039, 2629, 393204.0
24, 72.073975, 662.851058, 36.886275, 217.241171, 2599, 391353.0
25, 70.721271, 663.707089, 38.313007, 197.048430, 2704, 409892.0
26, 74.640993, 664.360695, 36.531659, 223.076353, 2620, 394431.0
27, 70.828645, 664.681384, 36.708720, 185.394416, 2738, 416350.0
28, 71.283456, 662.835247, 37.979383, 187.128770, 2767, 417233.0
29, 72.054462, 663.854910, 36.687333, 198.851747, 2616, 389592.0
30, 70.227384, 663.623664, 37.342731, 176.351318, 2748, 412771.0
31, 70.307699, 662.868683, 37.841969, 200.190994, 2746, 410299.0
32, 70.105416, 663.255679, 37.520015, 183.250755, 2738, 410393.0
33, 71.148763, 662.058681, 38.330418, 176.847870, 2685, 400866.0
34, 70.068390, 662.695493, 37.987223, 182.261696, 2734, 408880.0
35, 73.948061, 662.771968, 37.295371, 212.731605, 2650, 401024.0
36, 71.679569, 662.679990, 38.821875, 192.058272, 2641, 399702.0
37, 68.909181, 662.749619, 37.264982, 179.470121, 2809, 420677.0
38, 70.529506, 664.286136, 36.763469, 203.694956, 2725, 413079.0
39, 68.061345, 662.613630, 37.553502, 166.892772, 2798, 424165.0
40, 71.450100, 663.838928, 37.247728, 191.239517, 2649, 403109.0
41, 71.296700, 664.031049, 36.369837, 181.502928, 2676, 402934.0
42, 68.412044, 662.324303, 38.239266, 185.795620, 2799, 421669.0
43, 72.658807, 662.920099, 37.169755, 206.825957, 2692, 405785.0
44, 71.247542, 662.780209, 38.545499, 169.548900, 2709, 409148.0
45, 69.282642, 662.953514, 38.951492, 191.038359, 2743, 416303.0
46, 69.971624, 664.877134, 36.079501, 198.442283, 2774, 419041.0
47, 71.150800, 664.445018, 36.789449, 193.519817, 2659, 399268.0
48, 69.167820, 663.078678, 37.377919, 187.524045, 2737, 419397.0
49, 72.026275, 662.980362, 36.874176, 186.530338, 2675, 403349.0
50, 72.450411, 664.038667, 36.262507, 183.358796, 2656, 396950.0
51, 73.140934, 663.884404, 37.529585, 199.224549, 2668, 403052.0
52, 66.486902, 663.373738, 36.487775, 165.066723, 2760, 417399.0
53, 70.770713, 663.312956, 37.025652, 222.171727, 2590, 387932.0
54, 71.637647, 663.189599, 38.436768, 203.264302, 2659, 397561.0
55, 68.858478, 664.071764, 37.998754, 168.849775, 2805, 419537.0
56, 70.998085, 663.979827, 38.247870, 192.402550, 2720, 406574.0
57, 68.698355, 662.364547, 36.829513, 173.282935, 2774, 416127.0
58, 70.290854, 663.520268, 37.118692, 187.002232, 2755, 412591.0
59, 69.230015, 663.337923, 37.592345, 174.121948, 2785, 419807.0
60, 71.982294, 664.240212, 37.281243, 190.272556, 2658, 396556.0
61, 69.014322, 663.263913, 37.670502, 153.847616, 2785, 418139.0
62, 69.112122, 662.688475, 37.696269, 162.894568, 2787, 417128.0
63, 68.396599, 663.496211, 36.688759, 179.901948, 2784, 422368.0
64, 70.709102, 664.128987, 37.388131, 189.402919, 2742, 412626.0
65, 67.873202, 663.149740, 36.794902, 180.931646, 2793, 416368.0
66, 68.137683, 662.738736, 37.881567, 171.359441, 2782, 419246.0
67, 72.459678, 663.629200, 36.115892, 214.163033, 2596, 386987.0
68, 66.627128, 662.631751, 37.688822, 183.678443, 2767, 417470.0
69, 69.118515, 663.362386, 37.511930, 207.663286, 2708, 404978.0
70, 68.518937, 663.404248, 36.737161, 165.712189, 2794, 417364.0
71, 69.785631, 665.242430, 36.968007, 191.963563, 2799, 421760.0
72, 71.543547, 662.976811, 37.690496, 199.903736, 2643, 397593.0
73, 64.930792, 663.111779, 37.488935, 183.195337, 2756, 411938.0
74, 69.515550, 664.121595, 36.904981, 175.197959, 2784, 422993.0
75, 69.412912, 663.622838, 38.413471, 185.669760, 2790, 425733.0
76, 67.002058, 663.148851, 36.671263, 185.292032, 2707, 406233.0
77, 67.257930, 662.991101, 37.223384, 163.749493, 2795, 418305.0
78, 70.114231, 662.559866, 37.249896, 181.199262, 2796, 419497.0
79, 70.570574, 662.051240, 38.333091, 204.104547, 2694, 405910.0
80, 67.690738, 663.235736, 37.118721, 168.352667, 2785, 418987.0
81, 68.112752, 663.245988, 37.427449, 161.789799, 2790, 420614.0
82, 68.887027, 663.399341, 36.319658, 159.513668, 2815, 424972.0
83, 71.255545, 664.642668, 36.341641, 190.058134, 2774, 426877.0
84, 67.907285, 662.718688, 37.472264, 178.020771, 2801, 429755.0
85, 70.281886, 664.934374, 36.543828, 204.592369, 2671, 401588.0
86, 68.165337, 663.327156, 37.617109, 173.696932, 2747, 414679.0
87, 67.689516, 662.967680, 37.395517, 170.724392, 2758, 412462.0
88, 67.487189, 662.970436, 36.844802, 174.066906, 2759, 412264.0
89, 68.755508, 664.745306, 35.659598, 156.851072, 2822, 427975.0
90, 72.115697, 663.930291, 35.693506, 214.586913, 2639, 396622.0
91, 68.170446, 662.321444, 38.152826, 176.562452, 2763, 411892.0
92, 67.913627, 662.025623, 38.177848, 187.124264, 2802, 417577.0
93, 67.280339, 663.035342, 37.401212, 193.684656, 2753, 410219.0
94, 70.256540, 663.860325, 36.590691, 171.957315, 2788, 415880.0
95, 69.622894, 662.911922, 38.304111, 166.797346, 2784, 415581.0
96, 68.956509, 664.022802, 35.430314, 172.367608, 2828, 421438.0
97, 69.132674, 664.458160, 36.396334, 175.278371, 2805, 418343.0
98, 69.348313, 663.644569, 37.024530, 164.284903, 2835, 423677.0
99, 68.851720, 664.217305, 36.195867, 181.078899, 2751, 412893.0
100, 66.180360, 662.241664, 37.713102, 170.247560, 2753, 410200.0
101, 69.554331, 663.674964, 36.693391, 202.576272, 2721, 408635.0
102, 67.177280, 662.515151, 38.096153, 162.220059, 2778, 414760.0
103, 68.179609, 662.628622, 37.918445, 174.166661, 2825, 421818.0
104, 69.800914, 664.769574, 35.650553, 180.949955, 2790, 420612.0
105, 68.265579, 663.011200, 36.705524, 188.156504, 2746, 409303.0
106, 71.233976, 664.962091, 36.551706, 195.760588, 2682, 399093.0
107, 70.734080, 663.201609, 38.045937, 181.114675, 2754, 417180.0
108, 68.409259, 663.691840, 37.452167, 188.035480, 2730, 411645.0
109, 69.126080, 663.518206, 37.043565, 177.957135, 2778, 414602.0
110, 69.242797, 664.585613, 36.960909, 177.502716, 2774, 413877.0
111, 69.842148, 663.562583, 37.097166, 184.016730, 2728, 407108.0
112, 69.648573, 662.201933, 38.009363, 189.502717, 2760, 414320.0
113, 69.506046, 663.225611, 38.535748, 161.672803, 2810, 421775.0
114, 71.724605, 664.467533, 36.816113, 198.389591, 2663, 396256.0
115, 67.252059, 662.650656, 38.301651, 168.815334, 2787, 416165.0
116, 72.021873, 664.813773, 36.672841, 223.615537, 2609, 387464.0
117, 70.274647, 664.909409, 36.339561, 216.987846, 2664, 397335.0
118, 68.804165, 663.206970, 38.322004, 193.639278, 2794, 417301.0
119, 66.122881, 663.643625, 37.442086, 150.769706, 2793, 420001.0
120, 66.964003, 663.309329, 37.571498, 158.227617, 2784, 416641.0
121, 66.915867, 663.926286, 36.150148, 178.489034, 2728, 407277.0
122, 71.881443, 662.536898, 37.680394, 205.022637, 2626, 390714.0
123, 69.874441, 663.221595, 37.456499, 177.667239, 2784, 415858.0
124, 70.190821, 663.271545, 37.341003, 163.005232, 2751, 410823.0
125, 68.209683, 662.472716, 38.038671, 184.733694, 2783, 416280.0
126, 68.660141, 662.714807, 38.308186, 180.816786, 2785, 416352.0
127, 66.531862, 663.005114, 37.087117, 171.678378, 2769, 413271.0
128, 70.808460, 664.228257, 36.963585, 191.908468, 2744, 409002.0
129, 70.375922, 662.724971, 37.011348, 184.177700, 2756, 411544.0
130, 69.914735, 665.220378, 36.538979, 175.692664, 2790, 416554.0
131, 70.946449, 663.192481, 38.085904, 199.686577, 2659, 398899.0
132, 71.545726, 662.255701, 38.527006, 193.068593, 2692, 407869.0
133, 68.202486, 664.115868, 36.530989, 159.281716, 2778, 419548.0
134, 69.061204, 664.204486, 36.252431, 198.325374, 2782, 417951.0
135, 71.357070, 664.972778, 36.348729, 215.874319, 2640, 400435.0
136, 71.201154, 662.486560, 37.832906, 202.524261, 2653, 402965.0
137, 70.199965, 663.638274, 36.908193, 178.973149, 2778, 418146.0
138, 68.769828, 662.259158, 36.882883, 166.066926, 2798, 419162.0
139, 71.118137, 663.156903, 37.915863, 199.327341, 2675, 398697.0
140, 69.415197, 664.983596, 35.820448, 184.984526, 2830, 423066.0
141, 70.848147, 663.689269, 35.537543, 183.492378, 2760, 414205.0
142, 71.102469, 663.376239, 37.659262, 183.135871, 2732, 413248.0
143, 69.578700, 662.846342, 37.040271, 178.392673, 2745, 415701.0
144, 73.607628, 663.669625, 37.630341, 203.720214, 2646, 401236.0
145, 69.178738, 664.897117, 36.017510, 188.210740, 2814, 426171.0
146, 68.712957, 664.329729, 36.700925, 170.274901, 2781, 426375.0
147, 73.369072, 664.334731, 36.669231, 217.635493, 2653, 397370.0
148, 68.832027, 663.717717, 36.781072, 179.662474, 2802, 420442.0
149, 72.960298, 662.621304, 37.693476, 206.551574, 2688, 401557.0
150, 66.674204, 662.963141, 36.971162, 191.514131, 2697, 403679.0
151, 71.313319, 663.071147, 37.518725, 211.907114, 2684, 409896.0
152, 72.886649, 662.939960, 37.789711, 203.552898, 2664, 400156.0
153, 70.634981, 663.636664, 37.029788, 189.072560, 2748, 414166.0
154, 68.943604, 664.251836, 37.228507, 162.782983, 2797, 428254.0
155, 70.367011, 663.999031, 37.905030, 175.852758, 2792, 426763.0
156, 67.312970, 662.295131, 37.458727, 180.551075, 2720, 421191.0
157, 68.143799, 661.970814, 37.917821, 187.534321, 2745, 416963.0
158, 72.321215, 663.068970, 37.985557, 210.790695, 2670, 406933.0
159, 69.434433, 663.113952, 37.262418, 171.288278, 2805, 423685.0
160, 72.756766, 662.551378, 37.699417, 195.015472, 2596, 392498.0
161, 72.597878, 664.628698, 37.009846, 214.501006, 2635, 394676.0
162, 71.796106, 662.219249, 37.222265, 187.535274, 2681, 402259.0
163, 71.601364, 663.628772, 37.062801, 201.114339, 2673, 400199.0
164, 69.597560, 663.186268, 37.355043, 182.130470, 2775, 418228.0
165, 70.993281, 663.565897, 37.385302, 177.728137, 2704, 404258.0
166, 69.026994, 664.248308, 37.417057, 172.086332, 2767, 428863.0
167, 71.138113, 663.594785, 36.325828, 198.393670, 2579, 385756.0
168, 70.692227, 662.681355, 38.843062, 181.415163, 2734, 410199.0
169, 67.974484, 663.300150, 35.834595, 185.087732, 2708, 404833.0
170, 70.853233, 664.723905, 36.695097, 190.112959, 2739, 410066.0
171, 67.432283, 662.738744, 38.298668, 166.908386, 2800, 419419.0
172, 69.344261, 663.506508, 37.203231, 193.103810, 2701, 405294.0
173, 71.887888, 662.636831, 37.389257, 175.955836, 2691, 401729.0
174, 68.832878, 662.766378, 38.103480, 182.662452, 2726, 412207.0
175, 70.403172, 661.772618, 38.181666, 192.767855, 2713, 405985.0
176, 71.130593, 662.665405, 37.647265, 196.736828, 2741, 410682.0
177, 73.460346, 663.909893, 37.395149, 197.400059, 2655, 396423.0
178, 67.760317, 662.950131, 37.042626, 175.763108, 2751, 412428.0
179, 69.249912, 663.856751, 37.303423, 184.670525, 2798, 423444.0
180, 69.145347, 664.077953, 36.205399, 197.571478, 2764, 418201.0
181, 68.375545, 662.447180, 36.040214, 153.575095, 2798, 419243.0
182, 68.441513, 662.622398, 38.034622, 184.017214, 2786, 417746.0
183, 67.762158, 663.193295, 37.453659, 168.621060, 2781, 417277.0
184, 72.371700, 663.863537, 36.971327, 210.491881, 2599, 387641.0
185, 71.100064, 661.983548, 37.087771, 166.676112, 2789, 418806.0
186, 68.192244, 662.223745, 36.880488, 179.929768, 2765, 415214.0
187, 69.174008, 661.988540, 37.781591, 183.499827, 2739, 409901.0
188, 70.595201, 663.172501, 37.452556, 193.057229, 2735, 410121.0
189, 68.156213, 664.590533, 35.290554, 192.440414, 2718, 407288.0
190, 69.701654, 661.830512, 37.156327, 173.669632, 2781, 417070.0
191, 69.844265, 664.461268, 37.547686, 174.525767, 2777, 416182.0
192, 72.660772, 662.444515, 37.772737, 193.909851, 2637, 393478.0
193, 70.768573, 662.122564, 38.923881, 199.466128, 2671, 398472.0
194, 71.108885, 663.556682, 38.205590, 182.894221, 2684, 401949.0
195, 72.863113, 662.105822, 37.462554, 195.766844, 2697, 403184.0
196, 73.075967, 661.917033, 37.957237, 183.781881, 2671, 399562.0
197, 70.124784, 664.107755, 37.543665, 166.909302, 2785, 417172.0
198, 69.005527, 663.638937, 38.571716, 155.118156, 2815, 421697.0
199, 70.387361, 664.186306, 36.586888, 187.464500, 2727, 408204.0
200, 71.616694, 663.274560, 38.457881, 178.906152, 2730, 408552.0
201, 70.804554, 662.144781, 37.530710, 182.178648, 2717, 403752.0
202, 69.205545, 663.016990, 38.243862, 175.716001, 2822, 420556.0
203, 71.790891, 662.506472, 39.173120, 180.023576, 2705, 407459.0
204, 70.345582, 662.195940, 38.439156, 197.911089, 2743, 416158.0
205, 70.043889, 664.575756, 37.559534, 184.461934, 2739, 409582.0
206, 71.455385, 663.322561, 36.271968, 198.857638, 2622, 389809.0
207, 70.341183, 663.973026, 35.586849, 192.809153, 2701, 403248.0
208, 70.481670, 663.702290, 36.112430, 195.422494, 2732, 407285.0
209, 73.114035, 664.450612, 36.865814, 204.994027, 2651, 394965.0
210, 73.897857, 664.144749, 37.311429, 236.931353, 2618, 390175.0
211, 72.452074, 664.052972, 36.728821, 190.236057, 2642, 393061.0
212, 72.698854, 664.716956, 36.961327, 218.388433, 2639, 394487.0
213, 72.732101, 662.638697, 37.850209, 241.919726, 2592, 387416.0
214, 73.291402, 663.518767, 38.412339, 215.067109, 2669, 397948.0
215, 72.908322, 664.487903, 36.556575, 199.918781, 2612, 398502.0
216, 69.088776, 662.478440, 37.734971, 185.127185, 2801, 422357.0
217, 70.398481, 662.735208, 37.349944, 177.126175, 2792, 421264.0
218, 70.134215, 663.441040, 36.438672, 189.583890, 2716, 409854.0
219, 74.708543, 663.749492, 36.458401, 251.366167, 2609, 388252.0
220, 72.329702, 663.703199, 38.103044, 196.776851, 2666, 398312.0
221, 71.906250, 663.660613, 37.790572, 212.298327, 2636, 393188.0
222, 70.991893, 663.335128, 38.037817, 199.538169, 2676, 400251.0
223, 72.090003, 664.354851, 36.258491, 192.423201, 2671, 398521.0
224, 69.925579, 662.185472, 38.088489, 180.289162, 2762, 414029.0
225, 71.217510, 662.305908, 38.729727, 177.898921, 2736, 410315.0
226, 70.006750, 662.454416, 38.156755, 160.828167, 2776, 416255.0
227, 69.964699, 664.769005, 35.249239, 202.825891, 2750, 414081.0
228, 71.526091, 664.193544, 37.117501, 188.463383, 2732, 434847.0
229, 72.141930, 664.050952, 36.977326, 195.185442, 2620, 390406.0
230, 70.149719, 663.010076, 36.716732, 199.083156, 2725, 408002.0
231, 76.966091, 664.435212, 36.638472, 238.625511, 2656, 395381.0
232, 71.149526, 663.777216, 37.990156, 181.190164, 2674, 400585.0
233, 70.960661, 663.267408, 37.695662, 165.170917, 2775, 414727.0
234, 69.083041, 663.965130, 36.894035, 186.984511, 2768, 413627.0
235, 71.898755, 663.794883, 37.631249, 184.630825, 2684, 400848.0
236, 69.504178, 663.711742, 38.973588, 177.538446, 2759, 411347.0
237, 69.533873, 663.833742, 37.190158, 187.643694, 2803, 418257.0
238, 69.961307, 662.289053, 37.981490, 183.471087, 2736, 409005.0
239, 72.819881, 664.207900, 37.010162, 177.136418, 2667, 396508.0
240, 69.114662, 662.828679, 36.843997, 188.921420, 2796, 417575.0
241, 69.336766, 663.466643, 37.235590, 179.176050, 2777, 414507.0
242, 68.466113, 662.107144, 38.225580, 164.019527, 2809, 420025.0
243, 71.942342, 663.987158, 37.288764, 199.813739, 2659, 396284.0
244, 69.078156, 664.443277, 36.401463, 178.182494, 2810, 419552.0
245, 67.443144, 661.830966, 37.647485, 170.283914, 2745, 410629.0
246, 68.144614, 662.781817, 37.063298, 169.294928, 2807, 420167.0
247, 70.126220, 664.434539, 36.847029, 176.859703, 2789, 416458.0
248, 71.245416, 663.017414, 36.958973, 225.184290, 2684, 400305.0
249, 70.302439, 664.510647, 37.027421, 177.534190, 2754, 411678.0
250, 70.665398, 663.125650, 36.172027, 172.649813, 2707, 403733.0
251, 69.406829, 662.468607, 36.990960, 223.915761, 2703, 406198.0
252, 71.945760, 664.576817, 35.984133, 208.999148, 2590, 403236.0
253, 69.374770, 665.125556, 36.921018, 186.593028, 2799, 420996.0
254, 69.396571, 664.289693, 37.581757, 183.817193, 2789, 418184.0
255, 69.988333, 662.457106, 37.438958, 197.071885, 2674, 401916.0
256, 72.848414, 663.317376, 35.962176, 216.359143, 2571, 384732.0
257, 73.256671, 662.513662, 37.439361, 193.224746, 2648, 397846.0
258, 69.685649, 663.005988, 36.934764, 172.112180, 2797, 420048.0
259, 69.369350, 662.473055, 38.054156, 181.934599, 2760, 412387.0
260, 69.818419, 663.518695, 37.065450, 185.225428, 2809, 420422.0
261, 72.998026, 664.635455, 37.254758, 233.288325, 2599, 386865.0
262, 71.630632, 663.186709, 38.171045, 167.575037, 2718, 405444.0
263, 69.868455, 664.405123, 36.131584, 181.782180, 2751, 410812.0
264, 70.812202, 662.686771, 38.085733, 161.378361, 2782, 415778.0
265, 66.196964, 663.974337, 37.362199, 184.850098, 2773, 414522.0
266, 69.657340, 663.971217, 37.819015, 193.497825, 2707, 409460.0
267, 69.319139, 663.185820, 37.235537, 203.377209, 2698, 404298.0
268, 73.710069, 663.553797, 36.392770, 255.287214, 2627, 391860.0
269, 67.933470, 662.684536, 36.864004, 172.418373, 2796, 420201.0
270, 71.448304, 663.107022, 37.658970, 210.365394, 2655, 398064.0
271, 73.629547, 664.249943, 37.557996, 217.734985, 2639, 393289.0
272, 70.009832, 663.040123, 37.591231, 179.498917, 2758, 412939.0
273, 69.797387, 663.556659, 37.126695, 188.895038, 2742, 410458.0
274, 68.294154, 662.683171, 37.681868, 175.029074, 2782, 415677.0
275, 70.657098, 665.718591, 35.893604, 198.120751, 2752, 410571.0
276, 69.902208, 663.275965, 37.092432, 189.336392, 2792, 421567.0
277, 71.025534, 664.226136, 36.856282, 185.314456, 2790, 416647.0
278, 70.960214, 662.914065, 36.950935, 190.266290, 2692, 403392.0
279, 68.102695, 661.895336, 38.138354, 164.596940, 2780, 416308.0
280, 73.722247, 663.192572, 36.601499, 228.468699, 2645, 394684.0
281, 72.665372, 662.379988, 38.182892, 188.364101, 2637, 392374.0
282, 70.245242, 662.543025, 37.700632, 166.452662, 2790, 416023.0
283, 73.649767, 665.311430, 36.013343, 217.418925, 2564, 380159.0
284, 72.088284, 662.878415, 38.094862, 201.895855, 2639, 392381.0
285, 71.192458, 662.176246, 37.801380, 194.427596, 2709, 403402.0
286, 69.573569, 663.178356, 37.319608, 191.272377, 2820, 421315.0
287, 69.392171, 662.474875, 38.499630, 183.461844, 2761, 412572.0
288, 70.155060, 663.695202, 37.233902, 189.069641, 2729, 406680.0
289, 68.868561, 661.814642, 38.915735, 164.278270, 2779, 417601.0
290, 71.670835, 664.063669, 38.211088, 191.801689, 2734, 407408.0
291, 70.759527, 663.226676, 37.864772, 175.420256, 2749, 410701.0
292, 71.653009, 664.070828, 36.885129, 188.195373, 2663, 396439.0
293, 69.568414, 664.637325, 36.837482, 181.127684, 2806, 419621.0
294, 70.880431, 662.947373, 37.944838, 188.988799, 2771, 413900.0
295, 67.763279, 663.559282, 37.905479, 171.575073, 2839, 424173.0
296, 69.318698, 663.026951, 37.758774, 168.707442, 2814, 420086.0
297, 70.763031, 663.694644, 36.749955, 221.373330, 2678, 399969.0
298, 68.973336, 663.459946, 36.510169, 195.050093, 2779, 414101.0
299, 72.230817, 664.291415, 36.472898, 207.333927, 2618, 389365.0
300, 70.526732, 663.004504, 36.885689, 165.444308, 2751, 435095.0
301, 70.590407, 664.400489, 37.052451, 163.796718, 2794, 417081.0
302, 69.288726, 662.519449, 37.495953, 167.484888, 2807, 420061.0
303, 69.081419, 663.967371, 36.924465, 191.196143, 2783, 415753.0
304, 69.976405, 663.995400, 35.781318, 211.756440, 2709, 403722.0
305, 69.818419, 663.518695, 37.065450, 159.412937, 2812, 421346.0
306, 70.082510, 663.856069, 37.720037, 178.860270, 2785, 418130.0
307, 71.309377, 663.317630, 36.689242, 196.686940, 2642, 395502.0
308, 70.275296, 664.233596, 36.219431, 181.175407, 2816, 420535.0
309, 70.043270, 664.472790, 36.814968, 171.651385, 2811, 419810.0
310, 70.813507, 663.637967, 36.995707, 176.252552, 2775, 413843.0
311, 70.616798, 662.799294, 39.190994, 203.590771, 2671, 400020.0
312, 70.350111, 662.731680, 37.424089, 206.011313, 2718, 406244.0
313, 67.999106, 663.326145, 36.939551, 194.715252, 2717, 404965.0
314, 71.654869, 664.189846, 37.130486, 197.295149, 2698, 401459.0
315, 71.086977, 663.417402, 38.892116, 182.711139, 2646, 393928.0
316, 74.361455, 664.416171, 36.448244, 220.548433, 2639, 392083.0
317, 72.655087, 663.868561, 36.881203, 219.825182, 2657, 395163.0
318, 71.088644, 665.133937, 36.743258, 219.938543, 2704, 403255.0
319, 70.000277, 663.211316, 36.548610, 199.247781, 2744, 408984.0
320, 74.173720, 665.132616, 36.513442, 223.847011, 2637, 391339.0
321, 72.301325, 665.172855, 36.425012, 177.624639, 2653, 394321.0
322, 71.011637, 662.800794, 37.952788, 175.152312, 2782, 415615.0
323, 74.955814, 664.480410, 36.304111, 251.224043, 2609, 387614.0
324, 72.676302, 662.515399, 37.717518, 217.842080, 2609, 396818.0
325, 69.434314, 664.168583, 37.012161, 205.349935, 2724, 408353.0
326, 74.009649, 664.305857, 36.309119, 227.171260, 2644, 395119.0
327, 73.830645, 662.948168, 37.008839, 230.961748, 2646, 396804.0
328, 69.625612, 663.390399, 37.438402, 180.740025, 2802, 421235.0
329, 70.059474, 664.033501, 35.502525, 205.153353, 2794, 417582.0
330, 71.005209, 665.918179, 34.887342, 207.820831, 2635, 392817.0
331, 70.991822, 664.511092, 36.863618, 195.050254, 2729, 409609.0
332, 69.295436, 662.604651, 38.013995, 169.445477, 2820, 424008.0
333, 69.979353, 664.135392, 37.024235, 187.301104, 2768, 412326.0
334, 67.978961, 662.236465, 37.728859, 180.246479, 2820, 420682.0
335, 69.318698, 663.026951, 37.758774, 176.543765, 2802, 417738.0
336, 69.235585, 663.149548, 38.308419, 181.141340, 2752, 409893.0
337, 69.740410, 663.122441, 37.607442, 173.429690, 2794, 416438.0
338, 71.082734, 664.080349, 37.698417, 184.083027, 2706, 402589.0
339, 72.246794, 663.228489, 38.129687, 181.797225, 2685, 399192.0
340, 73.165753, 665.155456, 35.742704, 222.016105, 2609, 387073.0
341, 67.138788, 663.239193, 37.521673, 174.482063, 2789, 416311.0
342, 68.768762, 661.907891, 38.020318, 180.912476, 2757, 411228.0
343, 71.913488, 663.869062, 36.344404, 200.971437, 2622, 390064.0
344, 71.084615, 664.499426, 36.506753, 195.684628, 2724, 406134.0
345, 71.412508, 664.292072, 36.562883, 195.234780, 2688, 399940.0
346, 69.735440, 663.380396, 37.312197, 181.104533, 2825, 422343.0
347, 71.396760, 663.331681, 38.058680, 176.496191, 2675, 398561.0
348, 72.008398, 664.696671, 36.571816, 203.746980, 2649, 407736.0
349, 68.832878, 662.766378, 38.103480, 161.029272, 2820, 427155.0
350, 73.494476, 662.986058, 37.385599, 205.476846, 2656, 394433.0
351, 70.968209, 662.133362, 38.455065, 179.108224, 2731, 406269.0
352, 68.972451, 662.872088, 38.267271, 174.083208, 2817, 420294.0
353, 69.890273, 663.169494, 38.606810, 195.002001, 2707, 403547.0
354, 68.868700, 663.830377, 37.765374, 183.622126, 2784, 415430.0
355, 69.715549, 663.260992, 38.602853, 172.957295, 2786, 429134.0
356, 70.098752, 663.818312, 39.005075, 173.968740, 2735, 412350.0
357, 69.844064, 661.971992, 38.324502, 167.499830, 2755, 415455.0
358, 67.191471, 662.639801, 37.116173, 172.263028, 2793, 440098.0
359, 70.883072, 663.729028, 38.077880, 182.125221, 2749, 413124.0
360, 69.095894, 662.713947, 37.075867, 197.351422, 2696, 404730.0
361, 70.558132, 662.304000, 37.607424, 203.343862, 2741, 416438.0
362, 72.449862, 664.246389, 38.408829, 201.186097, 2670, 400843.0
363, 71.622752, 664.022187, 36.540095, 219.967294, 2622, 390400.0
364, 69.954601, 664.754953, 36.724842, 184.928937, 2824, 422825.0
365, 67.555563, 662.107056, 38.093353, 175.825130, 2804, 423390.0
366, 69.492568, 663.835391, 36.364376, 163.056984, 2813, 422163.0
367, 70.024993, 664.653344, 36.512663, 201.327739, 2714, 403801.0
368, 71.453629, 663.449768, 37.898144, 182.613556, 2672, 399045.0
369, 70.064436, 663.739290, 36.447706, 200.784072, 2799, 417039.0
370, 73.502439, 662.895615, 37.378656, 201.226668, 2638, 391886.0
371, 71.297016, 664.440586, 37.226833, 195.589922, 2706, 403000.0
372, 70.029958, 663.297942, 36.797554, 184.919094, 2736, 407501.0
373, 67.654611, 663.246544, 36.878149, 173.879843, 2809, 418354.0
374, 73.575281, 665.681084, 37.629935, 206.015627, 2652, 393510.0
375, 74.052660, 663.837953, 36.724080, 221.358100, 2652, 394258.0
376, 68.437340, 664.366923, 37.126473, 187.611781, 2738, 407614.0
377, 69.871152, 664.605619, 37.098042, 181.242618, 2746, 409346.0
378, 72.681814, 663.875048, 36.777473, 212.303061, 2635, 391505.0
379, 72.033255, 664.070337, 37.252373, 200.069905, 2688, 399717.0
380, 70.858476, 663.322827, 37.856225, 185.037604, 2769, 412589.0
381, 69.763852, 662.744715, 37.864924, 213.026313, 2704, 402525.0
382, 70.956247, 663.427388, 37.622075, 178.417323, 2790, 416434.0
383, 70.384551, 663.192780, 37.436920, 187.284185, 2741, 408763.0
384, 71.862832, 663.175796, 37.172549, 185.998014, 2700, 401015.0
385, 71.007755, 663.766831, 37.963247, 192.036414, 2700, 405521.0
386, 73.231977, 663.774851, 36.748028, 213.495646, 2583, 382802.0
387, 73.195850, 662.048479, 37.834006, 207.645620, 2671, 397259.0
388, 69.347109, 663.382655, 37.383579, 197.777486, 2712, 403650.0
389, 73.437933, 664.469317, 36.250618, 226.077615, 2642, 392292.0
390, 74.906849, 664.885609, 36.713347, 211.192262, 2630, 390807.0
391, 72.793745, 664.394069, 36.695877, 247.404813, 2600, 387204.0
392, 71.237858, 662.788465, 37.018316, 189.059441, 2675, 400366.0
393, 73.404051, 663.837333, 36.857065, 221.614405, 2645, 393506.0
394, 71.671757, 662.298781, 36.970412, 202.527752, 2659, 395234.0
395, 70.331239, 661.428931, 38.206789, 204.690887, 2672, 398320.0
396, 74.575979, 664.892828, 37.960675, 206.520120, 2619, 396156.0
397, 71.687406, 662.417379, 37.521122, 218.521136, 2656, 402128.0
398, 72.617112, 662.795178, 37.302549, 206.235066, 2667, 396729.0
399, 73.541501, 663.863597, 37.588193, 216.892089, 2648, 393848.0
400, 73.174348, 662.435645, 37.268759, 203.751716, 2650, 394938.0
401, 70.092425, 664.263562, 36.393231, 189.050888, 2786, 416279.0
402, 71.113856, 662.826411, 37.529190, 194.597459, 2701, 401586.0
403, 73.991072, 664.979228, 37.878490, 213.677532, 2647, 392762.0
404, 71.241896, 664.447897, 37.713435, 195.981164, 2733, 407304.0
405, 73.121668, 663.114487, 37.410192, 207.775693, 2637, 425671.0
406, 70.906843, 662.084065, 38.696342, 188.401798, 2750, 409939.0
407, 74.309002, 663.645922, 37.399760, 213.113224, 2655, 396914.0
408, 71.215128, 662.495341, 38.576764, 183.375840, 2768, 439171.0
409, 71.407095, 664.479467, 37.934685, 201.653607, 2644, 402630.0
410, 69.544681, 664.142631, 36.825627, 217.843456, 2739, 408598.0
411, 73.750940, 663.296708, 37.657558, 206.000859, 2680, 398756.0
412, 74.208600, 663.431465, 38.011194, 227.853442, 2669, 398913.0
413, 73.601108, 661.879690, 38.319229, 200.907602, 2651, 397839.0
414, 71.015235, 664.193009, 37.568143, 219.916423, 2626, 390275.0
415, 74.341795, 663.234188, 37.672042, 222.152791, 2641, 391974.0
416, 69.883952, 662.198724, 36.718810, 192.073763, 2704, 405418.0
417, 71.399747, 663.031610, 37.076215, 205.685612, 2647, 396268.0
418, 71.895138, 663.793792, 36.061413, 205.103302, 2671, 397159.0
419, 73.124631, 660.978188, 38.636219, 187.565625, 2675, 398672.0
420, 69.673457, 664.021519, 37.735253, 196.339246, 2760, 412053.0
421, 71.401674, 662.938952, 39.010799, 192.245816, 2681, 414238.0
422, 67.497697, 663.159311, 37.171085, 187.319457, 2743, 411436.0
423, 72.158422, 664.382843, 37.417908, 212.782877, 2669, 399262.0
424, 72.265738, 662.547327, 37.228474, 201.491228, 2666, 396601.0
425, 72.408180, 663.780869, 38.000879, 215.026702, 2625, 389828.0
426, 71.344378, 663.569729, 37.165561, 191.328395, 2687, 400418.0
427, 71.499007, 664.386564, 37.552711, 199.032811, 2700, 401463.0
428, 72.330793, 663.405757, 37.330833, 206.566777, 2655, 394491.0
429, 74.147762, 664.653833, 36.017935, 233.911777, 2645, 392281.0
430, 70.311856, 663.065864, 36.862564, 185.560434, 2757, 411427.0
431, 71.418064, 663.360951, 36.751215, 196.842193, 2684, 399567.0
432, 72.075902, 663.802741, 37.814361, 181.289183, 2706, 402514.0
433, 68.995475, 662.430884, 37.207605, 184.708792, 2767, 411939.0
434, 70.758538, 662.798672, 37.382866, 182.968894, 2700, 402407.0
435, 70.605763, 662.988470, 38.157567, 186.212445, 2751, 410041.0
436, 71.027936, 663.423383, 36.762713, 189.307620, 2670, 397753.0
437, 70.739689, 664.588707, 37.343869, 177.419553, 2792, 416091.0
438, 70.084329, 663.873255, 36.977490, 173.810611, 2784, 415042.0
439, 68.621055, 663.511106, 37.974159, 171.895593, 2784, 415502.0
440, 71.913184, 663.070597, 37.737636, 209.518537, 2616, 389535.0
441, 71.604549, 664.257489, 35.667130, 194.060322, 2694, 400641.0
442, 70.807211, 663.696837, 37.530801, 183.091562, 2770, 412932.0
443, 71.309101, 662.380341, 37.534107, 196.868160, 2672, 397359.0
444, 70.241508, 662.214913, 37.656567, 184.093351, 2744, 408533.0
445, 68.541852, 662.204555, 38.302156, 171.035645, 2807, 440399.0
446, 71.792215, 664.080834, 36.533020, 209.808696, 2595, 385318.0
447, 72.615253, 663.623718, 37.430615, 205.548070, 2648, 393953.0
448, 71.163017, 663.575403, 37.442606, 197.699944, 2673, 400014.0
449, 71.292123, 665.383971, 35.975247, 198.424934, 2661, 396246.0
450, 71.538306, 663.071856, 37.394158, 207.614314, 2666, 401232.0
451, 71.432898, 663.473017, 37.275183, 195.070939, 2692, 401499.0
452, 70.152949, 661.818315, 37.327322, 174.235144, 2769, 413415.0
453, 68.284804, 663.328735, 36.953129, 179.502791, 2795, 417465.0
454, 67.895610, 661.769447, 38.603350, 179.229877, 2777, 416115.0
455, 71.400819, 663.818353, 37.914908, 180.096188, 2691, 400679.0
456, 71.784475, 664.453468, 36.250626, 204.482702, 2683, 399843.0
457, 73.411898, 663.999811, 38.042449, 201.784363, 2678, 398339.0
458, 68.018893, 663.821006, 37.059111, 188.772495, 2770, 413553.0
459, 71.379438, 662.933205, 37.664382, 186.213800, 2745, 409122.0
460, 73.587559, 665.514732, 37.611470, 211.923216, 2662, 395872.0
461, 71.919865, 663.967362, 37.310934, 190.978795, 2651, 393588.0
462, 70.333713, 662.931822, 36.487990, 177.500202, 2806, 418696.0
463, 72.734946, 664.074668, 37.020127, 199.724189, 2642, 392841.0
464, 72.965520, 665.037028, 36.125641, 202.416698, 2603, 386186.0
465, 70.691512, 662.302617, 38.060997, 202.137178, 2730, 407179.0
466, 70.984727, 662.597914, 37.348286, 188.798364, 2687, 400037.0
467, 68.767733, 663.524216, 37.462714, 184.290910, 2783, 414663.0
468, 69.770507, 663.253079, 37.977544, 169.921665, 2778, 414653.0
469, 69.874188, 664.222909, 36.058557, 203.797466, 2743, 410591.0
470, 71.828121, 664.638620, 36.119918, 188.098419, 2660, 395247.0
471, 71.484064, 662.344555, 38.748931, 177.551364, 2686, 399686.0
472, 69.361315, 662.157231, 37.930532, 181.850460, 2713, 404318.0
473, 72.951509, 663.282810, 38.446935, 197.995587, 2665, 395562.0
474, 70.050711, 662.737621, 37.397374, 173.795692, 2770, 420483.0
475, 68.844936, 662.215904, 36.724039, 189.579039, 2743, 409034.0
476, 70.322998, 661.724220, 37.918717, 198.187704, 2778, 425229.0
477, 69.751364, 663.178928, 37.305089, 196.465480, 2754, 413660.0
478, 70.331234, 662.712786, 36.906614, 191.048460, 2749, 409433.0
479, 72.620142, 663.016798, 37.546207, 193.327995, 2663, 402857.0
480, 70.096755, 663.212428, 37.811088, 189.612020, 2671, 397950.0
481, 69.609861, 662.992000, 37.774528, 203.385367, 2681, 400046.0
482, 69.922224, 662.833030, 36.453833, 187.043246, 2765, 444259.0
483, 69.962653, 664.477767, 36.678368, 192.139508, 2754, 410732.0
484, 68.151164, 663.299724, 38.464618, 153.571833, 2802, 418764.0
485, 70.303713, 661.255107, 38.501732, 212.014706, 2711, 404807.0
486, 69.545254, 664.045287, 36.735490, 163.912677, 2811, 419596.0
487, 69.609776, 664.460392, 37.058751, 184.045719, 2781, 414190.0
488, 71.153751, 663.443919, 37.059354, 189.861328, 2688, 401796.0
489, 71.177966, 663.866332, 37.486205, 175.403467, 2779, 414944.0
490, 71.159189, 663.562955, 37.785188, 194.034133, 2676, 400099.0
491, 74.027505, 664.955595, 36.921616, 239.607504, 2646, 393135.0
492, 71.799597, 663.663558, 36.891931, 207.775426, 2628, 390551.0
493, 68.230098, 662.842451, 37.893607, 191.739611, 2804, 419009.0
494, 70.661339, 663.611030, 37.383567, 185.764697, 2746, 414453.0
495, 71.856490, 663.199714, 37.387489, 207.795725, 2666, 400880.0
496, 68.378809, 662.531438, 37.985684, 201.563221, 2781, 415049.0
497, 72.371819, 662.187596, 37.949737, 215.821662, 2611, 388625.0
498, 73.848888, 664.185511, 37.241418, 212.315927, 2667, 396621.0
499, 74.275815, 664.250465, 36.626031, 239.733253, 2621, 388276.0
500, 71.816106, 663.442482, 37.560351, 194.206745, 2669, 396967.0
501, 68.834493, 662.791877, 37.389468, 182.902017, 2807, 418025.0
502, 71.284852, 664.860971, 35.885937, 172.801424, 2691, 400053.0
503, 69.153021, 663.091148, 37.641017, 176.618059, 2777, 419456.0
504, 74.055540, 665.492212, 36.497181, 229.332030, 2613, 387296.0
505, 69.014283, 664.125094, 37.738920, 165.564347, 2786, 420092.0
506, 72.838798, 663.584034, 37.318654, 202.850116, 2650, 396244.0
507, 72.539237, 666.029436, 35.269534, 202.955844, 2631, 391061.0
508, 70.902152, 663.840954, 37.966239, 201.101502, 2672, 402162.0
509, 72.509939, 663.080379, 37.784659, 206.986004, 2685, 399956.0
510, 68.357299, 664.507661, 37.098407, 170.354143, 2798, 417181.0
511, 71.685215, 663.528549, 36.943239, 189.743026, 2646, 398795.0
512, 73.392385, 662.053330, 37.761183, 230.199598, 2611, 388548.0
513, 73.778946, 663.038669, 37.184751, 202.499346, 2638, 392647.0
514, 71.954643, 664.374754, 36.525022, 214.545167, 2628, 390964.0
515, 72.458267, 662.659222, 37.551666, 188.376071, 2620, 389720.0
516, 74.439896, 663.661938, 36.877300, 228.329889, 2643, 392914.0
517, 70.875555, 662.859935, 37.595621, 198.414487, 2741, 413612.0
518, 69.219151, 663.302377, 37.195603, 173.954388, 2798, 430940.0
519, 68.742192, 664.653219, 36.186970, 180.133011, 2759, 410863.0
520, 73.604465, 662.445088, 38.284131, 228.791536, 2631, 390234.0
521, 69.903453, 663.099257, 37.400789, 180.944850, 2743, 408489.0
522, 70.110760, 663.648529, 37.307985, 194.811653, 2746, 408910.0
523, 72.596878, 665.472900, 35.390575, 213.869235, 2593, 383927.0
524, 71.555142, 663.608814, 37.908506, 193.073867, 2687, 400019.0
525, 71.977518, 663.020039, 37.275555, 207.199472, 2677, 398098.0
526, 71.280567, 663.717491, 37.906179, 170.044551, 2757, 410782.0
527, 71.943536, 664.168574, 37.007346, 177.709675, 2714, 403886.0
528, 69.930349, 663.133089, 36.571611, 184.646852, 2793, 415953.0
529, 72.328003, 663.435396, 37.173429, 197.949449, 2615, 389008.0
530, 68.961310, 663.300814, 36.348662, 181.894722, 2789, 415514.0
531, 72.887038, 664.544618, 35.950649, 236.438460, 2602, 385126.0
532, 72.296315, 664.487296, 36.869529, 208.789922, 2653, 393289.0
533, 71.868530, 665.482651, 35.300489, 219.682483, 2604, 385294.0
534, 68.111934, 663.346313, 36.563515, 162.524822, 2790, 416181.0
535, 70.335275, 663.552822, 37.243179, 184.958200, 2737, 408267.0
536, 69.555713, 662.479589, 38.682738, 191.061309, 2737, 408174.0
537, 71.073886, 662.307072, 38.277014, 187.826646, 2773, 414374.0
538, 69.432262, 662.347934, 37.220078, 180.338824, 2822, 421582.0
539, 72.797271, 663.258896, 37.640601, 238.095464, 2594, 387082.0
540, 69.498420, 663.392300, 37.435545, 175.863336, 2800, 417215.0
541, 71.799265, 662.751514, 37.952717, 188.763788, 2662, 397097.0
542, 69.492744, 662.669026, 38.677135, 181.414980, 2790, 435999.0
543, 71.071528, 663.642101, 36.701061, 223.638027, 2710, 402974.0
544, 70.609811, 663.444274, 38.265038, 188.316908, 2759, 411684.0
545, 68.740642, 663.647953, 37.653510, 174.625835, 2807, 418550.0
546, 69.659334, 662.620535, 36.715680, 212.941981, 2690, 401515.0
547, 70.950086, 663.422199, 37.764672, 177.123841, 2777, 419930.0
548, 69.682269, 664.527387, 36.892467, 210.666821, 2722, 405097.0
549, 71.263447, 663.496734, 37.469150, 187.036002, 2779, 415878.0
550, 70.402234, 663.461372, 37.841629, 212.135208, 2713, 406694.0
551, 70.985595, 663.384300, 37.499498, 179.797590, 2742, 407867.0
552, 69.533491, 663.039802, 37.136829, 188.392999, 2761, 422546.0
553, 72.131916, 664.203395, 37.153247, 192.144292, 2633, 390734.0
554, 71.961838, 663.496071, 37.695136, 192.310787, 2656, 394689.0
555, 70.492942, 663.145036, 38.848568, 181.214988, 2762, 415878.0
556, 70.774228, 662.601975, 37.419592, 189.463160, 2737, 407704.0
557, 69.734750, 664.009686, 37.521617, 190.087038, 2759, 410754.0
558, 71.532822, 664.112794, 36.263493, 220.227183, 2607, 392586.0
559, 71.035378, 664.988514, 36.996037, 222.478268, 2659, 395168.0
560, 69.625373, 665.044044, 36.547344, 196.580187, 2805, 422600.0
561, 72.806056, 665.025439, 36.497057, 193.572701, 2681, 398799.0
562, 70.495643, 662.480844, 38.164287, 202.319490, 2744, 408967.0
563, 69.795433, 663.653948, 36.361181, 184.039240, 2792, 426746.0
564, 74.104772, 663.542621, 37.577043, 226.589342, 2651, 393196.0
565, 71.601457, 663.633161, 37.731649, 185.132713, 2699, 411639.0
566, 69.529508, 663.325585, 37.774622, 193.984229, 2783, 436819.0
567, 67.758565, 663.041192, 38.296769, 165.363234, 2790, 416062.0
568, 74.441446, 663.693611, 36.732139, 228.938665, 2637, 391027.0
569, 71.622998, 662.323624, 38.134379, 204.198897, 2719, 405230.0
570, 70.602405, 663.672743, 36.117259, 169.186530, 2794, 416245.0
571, 73.588987, 665.495641, 35.850264, 206.584785, 2632, 390001.0
572, 71.388390, 662.839398, 37.558803, 212.018601, 2611, 388049.0
573, 70.297256, 664.172489, 37.846787, 164.024440, 2787, 416193.0
574, 70.441285, 663.075627, 36.328005, 185.325104, 2708, 403216.0
575, 71.900571, 662.885155, 38.720524, 186.649726, 2725, 406011.0
576, 74.142118, 661.907409, 38.662646, 227.896273, 2650, 394791.0
577, 72.353584, 661.836623, 38.732381, 208.549881, 2625, 391734.0
578, 70.492387, 661.892921, 38.158787, 187.551876, 2742, 408537.0
579, 71.294806, 662.907858, 37.560726, 191.117211, 2679, 398477.0
580, 75.436434, 665.778978, 35.270997, 241.219501, 2628, 390175.0
581, 69.328396, 663.978760, 37.229969, 185.948974, 2810, 418728.0
582, 74.986906, 663.353974, 37.410864, 219.938675, 2620, 388058.0
583, 73.898986, 664.548233, 36.711027, 203.482189, 2663, 395224.0
584, 70.518525, 662.641305, 38.238714, 200.779244, 2694, 400963.0
585, 69.525967, 663.937812, 36.804058, 174.510601, 2792, 416931.0
586, 72.106880, 662.452875, 37.953738, 192.842017, 2649, 393605.0
587, 74.255122, 663.816007, 37.680149, 203.068894, 2609, 387117.0
588, 70.747770, 664.609067, 37.105885, 202.781546, 2615, 387989.0
589, 68.780010, 662.311194, 38.200125, 177.984868, 2773, 414053.0
590, 71.475805, 661.890401, 38.080019, 211.366379, 2616, 404411.0
591, 68.963276, 662.944844, 37.396207, 197.009927, 2766, 413722.0
592, 72.228141, 663.418157, 37.779592, 215.452461, 2647, 395064.0
593, 69.894868, 663.252225, 37.583221, 185.378976, 2800, 417663.0
594, 72.247011, 663.886893, 36.690960, 210.172770, 2619, 405233.0
595, 69.809931, 662.247130, 37.996386, 190.200227, 2749, 413080.0
596, 72.609739, 665.117348, 35.422834, 222.722218, 2595, 392363.0
597, 69.092555, 662.765614, 38.221448, 161.999733, 2797, 417080.0
598, 68.643280, 663.205003, 38.190750, 171.534213, 2826, 421450.0
599, 73.078906, 663.754362, 36.436268, 199.649556, 2652, 394477.0
600, 71.709499, 662.918808, 38.150351, 192.956453, 2642, 393258.0
601, 69.879548, 661.875919, 37.732405, 210.951720, 2685, 400603.0
602, 71.100253, 663.518538, 37.099922, 189.416894, 2697, 402439.0
603, 69.130900, 664.134458, 36.450269, 174.555514, 2769, 414006.0
604, 73.327013, 663.055014, 37.593866, 196.980615, 2640, 393307.0
605, 76.386724, 665.268037, 35.818105, 235.591323, 2595, 385796.0
606, 69.258139, 662.940509, 37.336536, 181.951811, 2780, 415298.0
607, 70.824743, 664.169846, 36.438862, 170.570801, 2738, 408389.0
608, 71.613091, 664.211137, 36.456281, 206.410600, 2633, 392059.0
609, 70.984207, 663.363951, 38.180448, 201.304725, 2772, 413771.0
610, 71.876663, 662.458795, 39.147523, 203.503353, 2689, 400577.0
611, 70.704664, 664.070374, 36.294808, 188.195830, 2710, 403780.0
612, 74.531471, 664.364931, 36.976758, 236.668565, 2600, 386162.0
613, 71.023426, 663.200477, 36.409127, 210.079118, 2677, 399530.0
614, 68.174569, 662.953258, 38.177035, 172.334012, 2798, 418586.0
615, 71.942807, 662.570168, 36.974542, 206.529801, 2649, 394852.0
616, 67.728366, 663.730001, 36.209918, 173.180589, 2767, 411916.0
617, 71.112692, 663.742816, 37.046682, 194.142388, 2704, 402089.0
618, 71.284752, 663.197457, 37.684991, 180.973487, 2770, 412783.0
619, 69.006088, 662.473320, 38.299683, 177.973919, 2781, 415549.0
620, 67.121562, 663.185654, 37.111982, 185.963974, 2734, 412652.0
621, 70.882169, 663.862815, 37.907075, 169.824556, 2775, 413903.0
622, 70.241618, 663.084111, 36.693630, 189.695160, 2696, 401396.0
623, 71.269225, 663.614030, 37.803466, 211.619719, 2676, 404417.0
624, 69.511517, 662.325144, 37.105516, 182.075569, 2770, 412755.0
625, 69.086606, 662.164511, 38.268951, 176.311039, 2786, 416072.0
626, 72.709469, 663.801437, 37.720485, 228.616563, 2621, 392730.0
627, 72.909771, 664.258762, 36.713974, 202.489487, 2639, 391936.0
628, 68.782705, 663.662070, 37.836668, 190.599264, 2795, 418740.0
629, 71.871070, 664.153934, 37.368080, 186.883911, 2708, 403001.0
630, 68.459169, 663.061226, 37.955134, 164.865323, 2826, 422397.0
631, 69.993663, 662.460340, 38.155009, 164.159736, 2779, 419482.0
632, 67.050172, 663.019148, 37.945075, 169.889899, 2760, 412350.0
633, 71.736551, 665.132344, 35.829454, 182.448062, 2646, 393528.0
634, 72.141598, 664.029420, 37.637854, 206.289383, 2638, 395392.0
635, 69.684069, 662.623401, 37.089160, 196.966898, 2735, 410206.0
636, 70.740414, 664.350579, 36.941580, 194.701990, 2605, 389403.0
637, 69.609861, 662.992000, 37.774528, 188.482349, 2814, 420914.0
638, 72.277173, 663.812850, 37.534384, 233.085415, 2593, 386454.0
639, 69.596501, 664.511346, 37.452297, 176.140276, 2783, 422265.0
640, 70.957836, 662.454221, 38.687888, 185.387524, 2755, 410523.0
641, 68.800044, 663.646737, 37.585616, 165.299398, 2814, 420559.0
642, 69.118515, 663.362386, 37.511930, 177.030257, 2763, 415135.0
643, 67.717869, 662.982607, 37.779455, 175.516389, 2742, 409204.0
644, 70.898326, 661.365417, 39.090942, 195.465088, 2704, 402896.0
645, 70.806689, 663.178038, 38.456560, 180.397922, 2738, 414675.0
646, 69.297479, 661.664583, 38.454715, 175.196289, 2781, 415643.0
647, 69.465305, 663.172288, 37.042491, 190.927581, 2696, 406319.0
648, 69.387186, 662.256341, 37.318012, 185.564246, 2776, 414503.0
649, 74.536588, 663.651153, 37.298930, 215.728109, 2628, 391128.0
650, 69.434314, 664.168583, 37.012161, 173.015748, 2788, 416886.0
651, 67.178215, 663.436104, 36.897721, 169.741674, 2769, 413959.0
652, 69.902043, 664.186044, 36.414468, 178.902977, 2769, 415092.0
653, 69.139454, 662.796027, 37.829690, 161.724883, 2823, 422738.0
654, 72.443694, 662.421592, 38.448924, 192.734560, 2650, 394485.0
655, 67.602339, 663.313229, 36.864629, 183.892366, 2760, 411827.0
656, 70.687442, 663.346762, 37.432381, 186.911097, 2681, 397786.0
657, 71.711162, 664.804581, 37.298163, 197.447787, 2695, 400679.0
658, 72.724471, 664.192714, 36.703366, 211.771927, 2641, 392209.0
659, 69.963423, 662.365162, 38.434509, 177.111329, 2776, 413521.0
660, 69.190675, 663.242445, 37.291699, 189.614454, 2794, 416622.0
661, 74.054547, 663.732998, 38.686010, 234.965448, 2639, 391063.0
662, 70.417454, 665.375920, 36.684416, 170.559611, 2782, 420046.0
663, 71.669124, 663.481242, 37.600847, 181.874335, 2736, 409037.0
664, 69.680480, 663.292915, 38.720335, 174.712780, 2782, 416284.0
665, 69.416008, 662.422054, 37.773678, 179.630692, 2797, 418582.0
666, 69.469412, 663.698724, 36.896740, 182.857465, 2730, 408179.0
667, 74.298528, 664.253849, 35.762157, 231.682592, 2635, 392038.0
668, 71.033436, 662.966468, 38.167534, 175.762599, 2736, 408486.0
669, 70.151274, 664.283611, 37.497447, 184.393799, 2804, 419032.0
670, 70.558157, 664.691001, 36.777999, 176.191701, 2790, 416723.0
671, 70.950069, 664.227738, 36.643958, 193.887076, 2687, 400079.0
672, 69.040077, 663.038853, 37.537656, 183.767186, 2764, 413190.0
673, 70.177528, 664.600151, 36.754226, 178.507404, 2744, 409950.0
674, 67.965965, 662.026012, 37.635199, 178.517986, 2780, 415518.0
675, 71.215300, 664.191279, 37.360149, 190.292720, 2732, 407639.0
676, 71.550443, 663.138930, 37.137244, 184.524741, 2586, 385158.0
677, 70.892283, 663.461530, 37.896438, 182.414040, 2734, 407961.0
678, 67.390755, 662.867217, 37.366451, 177.053060, 2769, 413747.0
679, 68.894708, 665.098826, 34.897331, 175.869585, 2801, 418833.0
680, 67.984405, 662.158755, 37.683236, 176.139109, 2753, 411922.0
681, 66.453351, 663.559098, 37.512282, 182.555699, 2777, 415399.0
682, 66.488896, 663.061109, 37.049464, 158.785810, 2788, 416382.0
683, 70.184140, 663.800267, 36.692040, 174.470543, 2805, 418295.0
684, 66.777589, 663.206230, 37.425021, 160.733225, 2769, 412625.0
685, 70.188441, 662.261037, 38.226865, 171.754867, 2772, 414456.0
686, 69.252729, 662.545294, 38.656346, 160.113516, 2791, 430733.0
687, 70.177764, 662.973285, 37.518086, 179.998983, 2784, 416094.0
688, 71.437062, 663.843365, 38.259594, 196.527511, 2670, 395207.0
689, 66.559457, 663.999040, 36.858246, 171.737300, 2773, 413281.0
690, 68.972510, 663.109127, 37.471517, 176.972590, 2756, 411174.0
691, 69.756897, 662.914591, 36.794824, 177.639565, 2812, 418971.0
692, 68.824815, 663.469673, 36.934742, 171.297742, 2817, 420354.0
693, 69.469412, 663.698724, 36.896740, 184.289332, 2783, 414921.0
694, 71.580644, 663.673994, 37.770037, 199.840294, 2678, 398123.0
695, 72.528671, 664.005554, 36.661775, 213.510764, 2580, 382729.0
696, 69.396571, 664.289693, 37.581757, 199.134275, 2754, 422154.0
697, 69.369512, 662.779965, 37.027792, 172.424023, 2777, 415888.0
698, 69.917588, 662.952548, 37.036739, 202.505600, 2686, 402936.0
699, 70.967634, 664.641128, 36.913370, 179.108161, 2732, 418740.0
700, 73.475641, 663.687685, 37.162225, 206.697742, 2678, 397693.0
701, 73.755336, 663.936265, 38.194494, 190.678711, 2671, 396626.0
702, 72.074133, 662.187958, 38.743717, 177.690720, 2680, 398615.0
703, 69.106548, 662.795095, 37.580939, 179.923455, 2766, 411931.0
704, 72.982486, 663.393587, 37.818147, 209.769609, 2634, 391199.0
705, 70.394718, 662.766286, 37.888438, 176.311589, 2776, 413928.0
706, 69.871524, 664.290600, 35.960039, 191.521278, 2767, 411463.0
707, 71.336786, 663.074635, 38.414415, 217.848014, 2587, 383792.0
708, 70.469646, 662.835853, 37.303664, 173.371455, 2749, 409658.0
709, 69.803173, 664.029831, 36.514627, 198.254346, 2761, 410696.0
710, 68.051226, 663.121098, 37.395904, 179.017117, 2754, 422795.0
711, 69.899452, 663.267460, 37.104511, 193.894498, 2768, 416718.0
712, 70.296362, 664.108540, 37.884189, 187.835767, 2760, 412466.0
713, 69.764726, 664.190929, 36.823698, 174.724917, 2806, 422159.0
714, 69.890305, 663.176998, 37.355215, 193.375464, 2723, 406805.0
715, 73.472855, 663.564010, 37.087233, 218.375985, 2643, 394863.0
716, 71.038081, 664.590290, 36.780897, 193.065774, 2704, 406879.0
717, 69.608846, 662.788966, 39.291053, 176.707396, 2736, 407916.0
718, 68.730089, 662.845686, 36.552751, 187.285850, 2773, 416770.0
719, 67.427878, 662.461406, 37.901667, 194.339551, 2732, 411116.0
720, 68.979834, 663.601033, 36.834179, 175.465506, 2749, 409751.0
721, 71.479174, 664.511561, 37.094977, 203.057363, 2658, 400076.0
722, 70.572004, 663.321843, 37.684907, 206.007379, 2713, 404718.0
723, 70.954991, 662.842235, 38.056232, 191.356692, 2748, 409628.0
724, 68.661245, 663.587538, 36.509975, 180.310148, 2801, 420952.0
725, 66.867427, 662.413150, 38.134572, 186.508300, 2747, 411846.0
726, 69.088073, 662.498158, 36.991985, 184.724605, 2815, 426480.0
727, 66.985405, 662.473358, 37.969449, 168.128753, 2796, 417736.0
728, 69.180244, 663.464338, 37.649341, 175.881038, 2793, 417893.0
729, 69.520841, 664.696298, 36.999038, 167.823503, 2793, 419952.0
730, 71.652792, 662.915309, 37.251615, 199.284690, 2673, 398575.0
731, 71.059988, 663.489559, 36.890008, 194.265025, 2656, 395830.0
732, 71.804903, 662.985219, 37.747831, 180.333735, 2658, 401963.0
733, 69.080692, 662.512576, 36.624029, 175.717547, 2798, 418117.0
734, 72.909420, 664.433707, 36.283596, 208.615946, 2562, 385667.0
735, 69.308157, 662.351355, 37.644815, 169.678079, 2823, 422200.0
736, 67.514772, 663.528470, 38.121338, 157.567494, 2819, 421036.0
737, 69.857887, 663.642592, 37.752527, 188.631106, 2751, 409994.0
738, 67.873901, 663.569455, 36.562628, 170.357321, 2801, 417359.0
739, 69.904882, 663.457494, 36.946427, 204.941411, 2752, 411274.0
740, 67.337696, 664.294900, 36.964612, 167.538829, 2768, 412200.0
741, 69.844388, 664.505871, 36.404125, 186.894390, 2736, 407176.0
742, 67.578633, 663.042807, 37.695579, 153.440926, 2803, 417878.0
743, 70.225266, 663.474278, 36.923749, 184.102097, 2761, 411384.0
744, 70.626994, 663.972691, 36.641124, 187.201419, 2763, 412329.0
745, 69.138765, 662.487111, 37.520592, 164.339133, 2831, 421835.0
746, 70.094141, 663.819264, 37.836704, 184.356247, 2770, 413567.0
747, 69.506118, 664.119023, 36.927696, 181.757441, 2773, 412522.0
748, 68.832878, 662.766378, 38.103480, 167.966817, 2790, 414212.0
749, 68.278775, 662.795541, 38.062402, 156.360359, 2785, 415453.0
750, 68.368993, 663.238939, 38.151375, 171.332627, 2826, 421432.0
751, 68.952362, 663.451436, 38.495897, 172.697942, 2812, 419357.0
752, 67.723838, 662.472580, 37.819170, 160.177865, 2796, 417141.0
753, 69.481778, 663.774481, 36.266500, 167.276771, 2784, 414571.0
754, 66.993339, 661.780083, 37.769562, 167.812571, 2756, 410348.0
755, 67.599724, 663.011875, 37.187676, 157.715825, 2773, 413651.0
756, 68.112721, 661.925932, 37.479034, 170.179762, 2803, 416582.0
757, 68.273065, 663.241295, 37.399156, 177.802314, 2778, 417039.0
758, 68.393189, 665.296182, 35.388269, 163.021500, 2781, 442149.0
759, 67.121314, 664.490118, 36.199457, 168.803410, 2780, 414793.0
760, 69.135906, 664.391851, 36.729399, 185.330120, 2807, 419947.0
761, 67.879787, 663.521644, 37.257862, 168.523998, 2798, 420127.0
762, 70.405055, 664.278757, 36.438614, 181.627373, 2806, 419794.0
763, 72.428821, 663.692983, 36.873137, 191.631670, 2669, 399584.0
764, 69.300347, 662.856943, 37.981178, 159.597239, 2820, 421377.0
765, 71.694498, 665.042281, 36.385481, 189.553287, 2666, 396182.0
766, 70.272447, 662.129885, 38.658992, 175.103453, 2762, 412517.0
767, 70.334760, 664.384100, 37.189401, 192.301869, 2759, 411153.0
768, 68.911519, 663.629487, 37.554709, 165.396896, 2790, 416301.0
769, 70.410266, 663.069418, 37.151938, 200.655178, 2679, 398906.0
770, 68.575984, 663.001100, 38.336147, 185.458763, 2754, 410784.0
771, 68.542110, 663.455392, 36.963477, 168.149545, 2787, 415949.0
772, 68.692629, 663.302188, 38.704291, 181.217146, 2785, 415623.0
773, 71.864477, 664.057088, 36.038943, 198.670783, 2647, 393300.0
774, 70.166142, 663.085601, 38.178637, 185.506882, 2764, 412449.0
775, 68.196657, 662.140112, 38.483414, 170.696157, 2793, 417370.0
776, 70.032008, 664.538537, 37.929261, 169.952095, 2801, 417574.0
777, 70.331791, 661.558881, 37.636632, 201.512477, 2697, 400750.0
778, 69.114534, 662.998810, 37.074312, 170.784383, 2788, 415064.0
779, 71.614386, 663.773513, 37.194145, 186.284564, 2661, 396197.0
780, 69.391008, 663.007232, 37.116037, 169.127490, 2831, 422345.0
781, 71.161218, 663.412003, 37.083124, 198.673925, 2769, 412614.0
782, 71.353115, 663.922593, 37.174116, 164.198820, 2698, 406241.0
783, 71.597064, 663.792993, 36.903988, 198.654937, 2684, 399943.0
784, 67.795333, 662.588789, 38.733058, 165.554789, 2812, 421438.0
785, 67.979008, 663.525267, 36.342437, 182.613537, 2786, 415885.0
786, 68.149726, 662.682150, 37.027368, 159.641901, 2813, 419840.0
787, 71.215790, 662.961038, 37.417424, 194.854233, 2614, 387819.0
788, 68.487369, 664.081450, 37.669995, 172.976673, 2797, 418297.0
789, 68.659627, 663.008774, 37.127753, 168.120341, 2817, 419030.0
790, 68.217993, 663.899448, 38.693835, 160.018250, 2815, 421315.0
791, 67.307444, 663.771011, 36.746152, 165.696641, 2781, 413093.0
792, 69.087840, 662.756440, 37.099020, 179.481122, 2778, 414611.0
793, 69.304641, 661.985030, 37.215492, 169.134524, 2740, 408138.0
794, 66.822374, 662.802686, 37.484929, 153.227006, 2778, 414439.0
795, 69.605006, 661.974561, 38.107397, 190.480355, 2770, 433552.0
796, 70.879975, 662.652001, 38.346751, 193.432391, 2748, 430112.0
797, 68.996354, 663.488992, 37.998577, 159.777632, 2822, 434357.0
798, 67.284892, 662.706005, 37.719381, 160.346328, 2805, 433168.0
799, 69.604483, 664.361868, 37.522539, 171.788545, 2804, 427485.0
800, 68.255619, 664.086692, 36.035161, 181.899719, 2794, 427113.0
801, 69.649043, 663.219612, 37.858869, 156.545258, 2808, 432927.0
802, 66.451868, 662.269653, 36.529138, 164.639809, 2784, 414100.0
803, 72.655664, 663.930682, 37.188756, 208.006460, 2667, 395513.0
804, 71.041643, 664.290813, 36.315639, 199.371187, 2713, 402864.0
805, 71.367606, 662.535609, 37.178132, 189.009778, 2769, 419604.0
806, 68.321418, 663.376193, 36.778186, 188.140394, 2730, 408651.0
807, 70.209239, 664.076792, 35.825435, 195.648448, 2746, 408805.0
808, 70.195281, 664.090744, 37.327072, 171.538323, 2794, 415379.0
809, 70.323898, 664.002093, 37.570498, 186.360692, 2759, 410778.0
810, 67.149140, 662.464354, 37.736116, 165.366807, 2780, 414481.0
811, 68.834373, 664.006594, 37.839941, 165.695533, 2761, 411665.0
812, 68.453385, 662.793908, 38.084523, 165.718442, 2823, 420568.0
813, 70.872505, 663.324459, 37.365954, 184.811979, 2717, 403427.0
814, 68.985843, 662.708064, 37.227592, 189.227793, 2735, 426011.0
815, 69.573569, 663.178356, 37.319608, 191.357647, 2774, 413561.0
816, 69.221847, 664.334767, 37.154096, 173.248252, 2754, 411458.0
817, 71.849058, 663.733583, 38.427790, 200.011188, 2624, 440147.0
818, 67.031222, 663.156979, 37.084770, 176.203490, 2736, 412658.0
819, 69.932508, 664.337935, 36.492188, 179.241079, 2760, 414244.0
820, 69.597560, 663.186268, 37.355043, 179.539950, 2805, 419299.0
821, 70.063513, 663.121126, 37.996187, 184.774533, 2779, 416354.0
822, 71.068090, 662.947009, 37.088302, 185.690106, 2751, 425873.0
823, 70.981987, 663.404711, 37.844060, 186.677188, 2740, 411697.0
824, 69.897804, 661.540439, 38.378759, 199.822036, 2716, 410282.0
825, 69.935051, 662.415075, 37.518162, 200.186753, 2740, 409162.0
826, 68.011896, 661.907417, 38.223301, 171.140754, 2811, 422676.0
827, 67.857745, 663.616916, 36.827140, 175.056547, 2759, 411900.0
828, 66.627531, 661.122247, 37.896977, 162.927322, 2758, 412185.0
829, 68.653884, 662.608345, 36.718184, 181.348710, 2793, 432425.0
830, 68.977275, 662.363681, 38.978649, 149.172244, 2804, 422068.0
831, 68.056565, 662.526802, 38.926640, 168.274934, 2811, 422162.0
832, 68.657519, 662.448734, 37.077189, 197.900083, 2815, 425857.0
833, 70.592304, 663.172624, 38.214509, 194.024912, 2773, 415032.0
834, 68.983965, 663.251009, 37.329061, 179.978606, 2806, 433025.0
835, 67.950858, 663.613929, 36.263350, 184.647972, 2754, 415092.0
836, 69.711372, 662.649267, 37.854427, 166.602812, 2810, 421748.0
837, 70.058940, 662.307083, 37.425990, 170.162876, 2733, 418730.0
838, 69.020987, 663.800304, 36.995365, 173.395771, 2812, 420929.0
839, 69.246816, 664.307022, 36.339626, 199.594481, 2744, 408787.0
840, 69.010487, 663.098860, 38.029764, 179.234543, 2810, 422351.0
841, 69.965313, 664.965687, 37.529037, 186.948995, 2742, 408706.0
842, 71.829435, 663.128674, 38.637593, 190.698552, 2691, 400799.0
843, 66.792483, 662.209610, 37.630865, 164.036115, 2759, 413269.0
844, 68.562294, 663.116618, 36.370967, 175.080012, 2743, 415683.0
845, 67.435566, 662.968876, 37.005191, 168.179371, 2750, 410964.0
846, 68.606368, 662.173453, 38.255324, 176.033597, 2799, 421016.0
847, 69.847453, 662.819642, 37.197863, 161.882892, 2824, 422855.0
848, 68.178157, 662.842224, 36.916931, 171.808351, 2803, 423983.0
849, 69.142186, 662.432398, 36.809099, 159.637060, 2812, 422588.0
850, 67.884529, 662.685420, 37.260733, 172.517957, 2749, 411896.0
851, 71.036330, 663.075654, 37.986512, 197.953658, 2760, 415852.0
852, 67.334859, 664.001079, 37.071578, 166.416075, 2786, 423715.0
853, 69.567046, 663.797001, 37.861202, 159.887474, 2796, 425329.0
854, 67.787326, 663.454263, 34.590550, 375.535911, 2621, 391443.0
855, 71.540025, 664.283650, 36.558704, 182.481308, 2703, 404782.0
856, 68.321874, 661.283852, 37.700202, 151.280230, 2805, 425646.0
857, 66.620543, 663.196308, 37.319043, 149.457906, 2781, 415412.0
858, 67.935569, 663.245002, 37.888968, 161.236982, 2825, 423771.0
859, 67.388836, 663.023219, 36.783813, 171.713786, 2771, 418065.0
860, 70.869073, 664.682304, 35.515324, 204.857921, 2669, 396650.0
861, 67.056941, 663.905209, 37.011661, 181.208076, 2775, 416560.0
862, 67.774564, 661.403875, 38.109416, 188.828504, 2770, 413509.0
863, 67.665829, 662.851816, 37.658613, 167.086326, 2806, 425160.0
864, 68.444660, 663.863387, 36.625171, 182.255952, 2776, 417133.0
865, 69.512530, 663.264912, 37.903496, 172.432213, 2814, 419736.0
866, 70.184615, 663.043681, 36.589612, 184.259888, 2735, 407598.0
867, 69.374631, 662.994554, 37.259470, 158.701029, 2833, 426790.0
868, 72.857456, 663.997526, 38.511389, 199.508735, 2666, 396791.0
869, 69.635173, 662.745489, 37.436875, 189.464547, 2736, 412895.0
870, 70.555574, 662.456918, 38.360632, 185.507637, 2769, 414851.0
871, 67.802473, 664.161141, 36.994370, 172.213624, 2762, 412143.0
872, 70.323063, 663.506789, 37.212122, 179.086724, 2758, 411604.0
873, 71.367064, 663.659758, 37.301491, 183.673645, 2671, 396525.0
874, 67.935740, 663.251680, 37.936749, 175.856177, 2797, 417378.0
875, 71.872283, 662.900544, 36.574227, 202.228477, 2637, 391635.0
876, 70.855423, 663.698467, 37.844671, 190.907874, 2695, 404673.0
877, 66.813731, 663.340203, 37.179815, 184.256975, 2798, 425253.0
878, 69.937632, 663.123420, 37.340162, 182.047809, 2767, 415072.0
879, 70.413454, 664.205288, 35.952074, 182.798737, 2732, 407025.0
880, 67.642663, 663.314087, 36.632621, 144.288461, 2789, 419193.0
881, 69.954593, 663.801109, 36.135287, 174.060981, 2720, 405941.0
882, 68.834373, 664.006594, 37.839941, 165.445574, 2820, 430961.0
883, 70.032062, 664.265095, 36.544275, 175.483759, 2798, 421142.0
884, 67.663991, 664.100857, 36.055335, 172.871238, 2769, 414423.0
885, 69.697752, 661.824610, 38.554977, 172.250900, 2753, 412524.0
886, 70.462091, 662.618362, 36.931424, 197.335033, 2660, 399647.0
887, 69.942049, 662.754934, 38.243272, 154.185144, 2775, 430582.0
888, 69.440878, 662.640717, 37.660377, 178.519101, 2790, 436044.0
889, 68.290162, 662.998319, 37.068167, 151.289271, 2821, 446709.0
890, 69.889027, 662.300266, 37.671261, 164.066669, 2795, 417237.0
891, 69.394938, 664.139022, 35.972258, 183.921350, 2804, 417575.0
892, 71.365819, 663.087238, 38.514765, 194.674966, 2756, 411531.0
893, 70.229096, 664.035206, 37.392625, 179.956108, 2744, 409590.0
894, 68.552113, 661.716167, 37.999137, 179.889500, 2813, 450201.0
895, 68.724389, 662.757121, 38.691333, 170.097023, 2790, 417017.0
896, 71.131676, 662.599093, 37.304987, 194.816655, 2689, 401045.0
897, 67.568954, 661.870511, 36.928446, 178.640436, 2748, 409905.0
898, 71.059441, 663.951144, 36.210044, 163.178377, 2684, 403240.0
899, 67.563416, 663.540241, 37.531552, 183.044116, 2792, 432265.0
900, 66.361626, 663.025885, 37.072879, 166.100395, 2723, 410499.0
901, 69.312473, 661.362373, 38.358268, 166.869737, 2743, 419279.0
902, 67.811472, 662.514388, 37.307605, 162.258515, 2767, 423536.0
903, 69.640314, 663.650253, 38.425013, 159.827884, 2823, 442129.0
904, 71.386794, 662.803820, 38.315241, 178.081611, 2720, 405606.0
905, 68.125780, 662.657183, 36.400883, 176.010384, 2693, 404582.0
906, 71.944198, 664.308693, 36.917623, 193.305241, 2657, 394871.0
907, 70.188441, 662.261037, 38.226865, 155.992215, 2746, 409420.0
908, 65.366595, 663.343355, 37.450563, 151.494006, 2768, 413286.0
909, 68.879761, 662.564243, 39.193153, 171.310630, 2832, 423873.0
910, 68.367293, 662.930094, 38.187151, 151.288421, 2788, 416864.0
911, 69.535115, 663.322943, 37.274137, 168.856154, 2757, 411857.0
912, 68.779697, 662.300846, 37.981338, 167.996721, 2803, 419971.0
913, 71.557802, 664.427007, 37.260105, 198.932775, 2665, 396633.0
914, 70.203866, 662.388334, 38.513328, 165.802735, 2786, 416333.0
915, 71.864348, 662.503104, 37.781962, 202.113908, 2684, 400304.0
916, 68.608469, 662.515610, 37.793548, 151.813599, 2810, 420049.0
917, 72.242641, 664.078629, 37.605446, 192.606450, 2687, 399781.0
918, 71.124872, 663.242988, 38.207529, 185.800580, 2762, 413560.0
919, 68.245476, 663.007163, 37.067446, 160.083872, 2813, 420400.0
920, 69.709942, 663.496939, 37.146151, 193.525280, 2691, 401970.0
921, 67.375338, 661.490027, 37.899328, 159.812081, 2759, 412106.0
922, 68.180322, 663.445189, 37.228874, 162.184420, 2796, 418079.0
923, 68.614691, 664.090374, 36.923013, 170.470993, 2785, 415094.0
924, 71.599807, 663.153889, 37.197403, 197.451364, 2666, 408953.0
925, 72.557712, 662.791224, 37.062901, 185.903028, 2645, 394215.0
926, 65.285495, 663.570628, 36.607955, 191.990639, 2663, 397498.0
927, 70.111125, 664.126559, 36.413239, 183.746175, 2779, 414672.0
928, 70.197284, 663.442328, 36.973775, 177.467406, 2746, 410109.0
929, 68.828577, 663.774983, 36.807177, 162.928023, 2825, 422694.0
930, 69.135946, 663.174257, 37.303924, 174.836837, 2789, 416491.0
931, 70.070172, 663.754120, 36.943020, 184.220255, 2754, 411054.0
932, 67.114228, 662.999286, 37.455093, 189.784611, 2777, 415001.0
933, 69.735179, 662.488778, 37.899282, 168.535780, 2733, 407995.0
934, 66.404784, 662.703551, 38.358584, 160.220269, 2762, 413162.0
935, 70.401882, 662.401790, 37.783654, 174.979043, 2739, 415459.0
936, 69.286223, 661.676135, 38.703575, 158.870974, 2804, 420115.0
937, 71.609308, 664.919493, 35.648971, 205.121705, 2633, 391657.0
938, 73.038147, 664.145356, 36.115746, 208.380393, 2605, 387259.0
939, 69.451128, 663.504019, 38.324273, 185.901252, 2769, 413355.0
940, 69.490439, 664.056229, 37.035239, 176.221308, 2765, 422215.0
941, 70.054687, 663.502464, 37.434124, 180.413150, 2787, 416740.0
942, 69.325581, 664.238654, 36.579337, 178.412642, 2779, 414558.0
943, 70.908546, 662.201798, 36.325014, 196.098431, 2675, 406775.0
944, 68.069700, 663.843643, 36.948201, 183.258724, 2780, 413693.0
945, 69.941309, 663.091279, 38.594681, 170.840059, 2800, 423687.0
946, 69.767284, 662.675389, 37.527522, 165.576718, 2778, 416759.0
947, 69.308962, 663.413846, 37.972206, 145.925400, 2822, 424668.0
948, 71.156841, 662.296645, 37.924343, 212.069700, 2619, 395597.0
949, 69.781280, 664.603145, 36.163897, 168.973199, 2791, 421422.0
950, 73.833995, 664.138593, 37.129254, 198.829279, 2653, 397368.0
951, 68.115542, 663.851265, 36.675306, 191.393107, 2743, 409316.0
952, 66.954530, 662.038795, 38.290974, 176.114176, 2757, 411894.0
953, 69.698686, 661.377175, 37.477070, 180.302647, 2731, 410256.0
954, 69.973733, 663.416646, 37.609853, 194.366918, 2714, 405091.0
955, 69.765493, 663.167024, 37.749557, 176.028017, 2776, 415323.0
956, 71.533152, 664.381763, 36.008211, 196.270292, 2645, 393118.0
957, 68.743240, 663.938836, 36.796561, 174.485645, 2801, 418854.0
958, 69.531741, 663.068931, 37.202721, 155.121598, 2816, 421985.0
959, 68.779016, 662.815646, 39.276464, 172.314285, 2809, 420249.0
960, 68.458871, 663.533811, 36.853969, 158.747576, 2786, 417044.0
961, 68.696738, 662.900840, 37.551476, 160.367518, 2791, 418083.0
962, 68.392248, 662.400971, 37.224425, 185.086381, 2778, 415354.0
963, 68.408323, 664.104172, 37.141803, 172.202464, 2797, 418452.0
964, 71.115299, 662.168505, 37.899924, 176.034145, 2789, 417303.0
965, 67.904270, 662.640576, 37.946623, 152.057934, 2815, 422393.0
966, 69.087674, 663.526112, 37.243608, 160.329108, 2815, 421239.0
967, 70.298392, 664.086636, 37.451065, 165.185113, 2787, 416963.0
968, 68.163172, 663.342533, 37.512206, 154.518603, 2821, 423787.0
969, 69.060167, 664.007657, 38.301706, 162.423395, 2816, 421157.0
970, 68.730298, 663.140840, 36.844205, 167.781130, 2788, 416847.0
971, 70.096007, 664.052435, 36.907268, 153.823531, 2794, 418268.0
972, 67.838716, 663.774030, 38.164729, 143.931528, 2819, 421819.0
973, 68.508935, 662.668801, 38.455957, 155.774830, 2817, 422536.0
974, 70.777810, 662.602786, 38.255800, 196.697690, 2761, 413056.0
975, 70.613658, 662.837048, 38.215950, 182.332430, 2758, 411903.0
976, 66.492119, 663.074314, 37.170437, 142.706002, 2784, 415951.0
977, 71.394032, 663.204945, 38.180768, 184.544968, 2690, 400654.0
978, 67.649726, 663.328487, 37.680760, 150.938051, 2826, 423104.0
979, 69.295058, 663.541937, 36.192872, 178.931950, 2793, 417627.0
980, 73.598414, 663.391286, 36.612552, 204.751664, 2634, 392852.0
981, 68.960593, 662.325386, 38.240142, 168.660001, 2800, 419280.0
982, 70.484670, 664.784974, 36.655909, 175.340352, 2748, 410761.0
983, 70.075296, 663.275994, 37.622235, 183.155495, 2694, 402238.0
984, 70.683292, 662.525229, 37.438692, 171.859744, 2778, 414616.0
985, 69.862240, 663.055000, 36.430347, 181.337903, 2791, 416515.0
986, 69.153594, 664.221342, 37.445031, 166.376688, 2795, 417563.0
987, 70.079316, 663.363571, 38.027550, 171.796796, 2740, 412401.0
988, 67.370460, 663.084931, 38.215411, 155.836151, 2812, 421209.0
989, 68.308440, 664.379005, 36.901985, 195.547533, 2771, 414948.0
990, 69.516470, 662.922451, 37.422727, 170.824149, 2780, 416842.0
991, 70.835649, 663.963316, 36.440960, 164.289864, 2771, 413784.0
992, 68.028519, 664.278497, 36.752090, 170.424473, 2789, 416321.0
993, 70.275644, 664.047602, 36.961741, 178.190818, 2784, 416581.0
994, 71.336543, 663.318495, 37.612670, 172.839965, 2747, 411303.0
995, 67.599651, 663.134139, 37.175016, 162.231032, 2777, 414707.0
996, 70.854965, 664.333759, 37.204079, 175.603964, 2768, 428248.0
997, 69.019787, 663.158097, 37.629235, 179.648349, 2733, 416269.0
998, 69.585654, 663.345588, 37.426780, 180.119672, 2774, 416933.0
999, 70.848174, 662.755974, 38.512816, 184.843708, 2734, 408870.0
