#idx, x0, x1, x2, y, f_neval, total_time (us), 
0, 70.784350, 664.736513, 36.605499, 176.504052, 3863, 572215.0
1, 72.513758, 663.676607, 37.524285, 205.220737, 3685, 546023.0
2, 72.079324, 663.086225, 37.383907, 199.536058, 3710, 550325.0
3, 70.120982, 663.704355, 37.158479, 204.707312, 3810, 566182.0
4, 72.163544, 663.916255, 36.125334, 219.502832, 3706, 549331.0
5, 70.776755, 663.311774, 36.965279, 210.113577, 3707, 549186.0
6, 71.845987, 663.308521, 38.305276, 197.752848, 3756, 558611.0
7, 73.419016, 662.404220, 37.256017, 210.584051, 3707, 549182.0
8, 72.068768, 664.905153, 36.928678, 204.646230, 3622, 536642.0
9, 72.433855, 663.763302, 36.803410, 220.307024, 3652, 540833.0
10, 75.466410, 663.834346, 37.047380, 232.468196, 3688, 545326.0
11, 72.132393, 664.097945, 36.327401, 197.735476, 3654, 540723.0
12, 71.534829, 662.904450, 38.362380, 185.664056, 3779, 581581.0
13, 72.345754, 664.691306, 36.904324, 234.375145, 3597, 533151.0
14, 71.870870, 662.561084, 37.316178, 214.391277, 3663, 543012.0
15, 70.173226, 664.566229, 37.232412, 177.198501, 3844, 572851.0
16, 70.088250, 663.307510, 37.716941, 175.924684, 3878, 576590.0
17, 71.418232, 664.941835, 35.642708, 194.874213, 3642, 539315.0
18, 68.722754, 662.918110, 37.153341, 204.680760, 3813, 567845.0
19, 74.243221, 663.687861, 37.271356, 231.854928, 3655, 540915.0
20, 72.798178, 663.265700, 37.975404, 205.513427, 3739, 558685.0
21, 72.375768, 663.783419, 37.283347, 185.881539, 3746, 556747.0
22, 69.193400, 663.854593, 36.770801, 186.323683, 3869, 576022.0
23, 73.540034, 661.552234, 38.311066, 218.634656, 3660, 544558.0
24, 72.165771, 663.300488, 37.119008, 217.099201, 3625, 536827.0
25, 70.706119, 663.816242, 38.650617, 197.016244, 3736, 558043.0
26, 74.601501, 664.168411, 36.780493, 223.058717, 3665, 542208.0
27, 70.781613, 664.370644, 36.723942, 185.371812, 3803, 568683.0
28, 71.390916, 662.471409, 37.854730, 187.086232, 3871, 581919.0
29, 72.192258, 664.194482, 36.551063, 198.763644, 3640, 546941.0
30, 70.024609, 663.682210, 37.555875, 176.275453, 3815, 568115.0
31, 69.992764, 663.098191, 38.092144, 200.091386, 3795, 567110.0
32, 69.942488, 663.624538, 37.851983, 183.187389, 3801, 566095.0
33, 70.924288, 662.393934, 38.274039, 176.792688, 3687, 548552.0
34, 70.133893, 662.328585, 37.766948, 182.213676, 3791, 564579.0
35, 73.796794, 662.882285, 37.310054, 212.699819, 3709, 549957.0
36, 71.731212, 662.877498, 38.506331, 192.001813, 3667, 543438.0
37, 68.887894, 662.218910, 37.464742, 179.375709, 3909, 580001.0
38, 70.467928, 664.066251, 36.726380, 203.649659, 3807, 563048.0
39, 68.416925, 661.788254, 37.888511, 166.755815, 3876, 576369.0
40, 71.660849, 663.309850, 37.489799, 191.185240, 3681, 546161.0
41, 71.258804, 664.278842, 36.384263, 181.467707, 3728, 553171.0
42, 68.185412, 662.689868, 38.001099, 185.711935, 3854, 573535.0
43, 72.493332, 663.052072, 37.552137, 206.772135, 3769, 557818.0
44, 71.366146, 662.989678, 38.844553, 169.493607, 3775, 560597.0
45, 69.070517, 662.979535, 38.780011, 190.976014, 3767, 559714.0
46, 69.795782, 664.750477, 36.399193, 198.395406, 3860, 573204.0
47, 71.174390, 664.322423, 36.795537, 193.508462, 3677, 545065.0
48, 69.480628, 662.665369, 37.550001, 187.387998, 3781, 562885.0
49, 71.811009, 663.449420, 36.777757, 186.483198, 3738, 554715.0
50, 72.644041, 663.805334, 36.292290, 183.330457, 3713, 560473.0
51, 72.817088, 664.283016, 37.417917, 199.155256, 3705, 550993.0
52, 66.423556, 663.826658, 36.486237, 165.022904, 3799, 564495.0
53, 70.889249, 663.489203, 36.945215, 222.140394, 3553, 526586.0
54, 71.536912, 662.777936, 38.457730, 203.198544, 3678, 546331.0
55, 69.021872, 663.801470, 37.671138, 168.758895, 3890, 579887.0
56, 70.936466, 664.191038, 37.979886, 192.360420, 3762, 558330.0
57, 68.351743, 662.722598, 37.048212, 173.219499, 3840, 572976.0
58, 70.245472, 663.201040, 37.551836, 186.914656, 3827, 570318.0
59, 69.092085, 663.630815, 37.956337, 174.071617, 3832, 570713.0
60, 71.818250, 664.556976, 37.243031, 190.249339, 3686, 548472.0
61, 68.751399, 663.537961, 37.861720, 153.743733, 3873, 576563.0
62, 68.918845, 662.608030, 37.789048, 162.851363, 3869, 575177.0
63, 68.566876, 663.650983, 36.474749, 179.829604, 3850, 572337.0
64, 70.631510, 664.455241, 37.125374, 189.361505, 3802, 566309.0
65, 67.710299, 663.297054, 36.837197, 180.891662, 3859, 574425.0
66, 68.371897, 662.658920, 37.818076, 171.282871, 3856, 577819.0
67, 72.564801, 663.624120, 36.495537, 214.124343, 3606, 532794.0
68, 66.694429, 662.282653, 37.661180, 183.646856, 3774, 560779.0
69, 69.367819, 662.892665, 37.764165, 207.568591, 3720, 565233.0
70, 68.261111, 663.860050, 36.810760, 165.626782, 3865, 578347.0
71, 69.833087, 664.862791, 37.063067, 191.920746, 3899, 581171.0
72, 71.276776, 663.130423, 37.692197, 199.836739, 3668, 546049.0
73, 65.181632, 662.917752, 37.439119, 183.147397, 3752, 558136.0
74, 69.803480, 663.882149, 36.612354, 175.133499, 3859, 577791.0
75, 69.664963, 663.083433, 38.043284, 185.569225, 3883, 578779.0
76, 67.167492, 663.239253, 36.335648, 185.246781, 3701, 550964.0
77, 67.400931, 662.701037, 37.503313, 163.678446, 3893, 579858.0
78, 69.985501, 663.081886, 37.237070, 181.070974, 3862, 581452.0
79, 70.618536, 662.225898, 38.425101, 204.071228, 3724, 554432.0
80, 67.637713, 663.298318, 37.569885, 168.278152, 3861, 576475.0
81, 68.314951, 663.185040, 37.817957, 161.737592, 3869, 580084.0
82, 68.580330, 663.939992, 36.229017, 159.422377, 3931, 586918.0
83, 71.365494, 664.408467, 36.152535, 190.029314, 3888, 579521.0
84, 68.053249, 662.381586, 37.487048, 177.957475, 3877, 579205.0
85, 70.398553, 664.982729, 36.600761, 204.556782, 3669, 545633.0
86, 67.989454, 663.417086, 37.620963, 173.650655, 3771, 561759.0
87, 67.630756, 662.920407, 37.026967, 170.645273, 3818, 569075.0
88, 67.335256, 663.152624, 36.813221, 174.027645, 3806, 567412.0
89, 68.857211, 664.726974, 36.211712, 156.771965, 3948, 589004.0
90, 72.042171, 663.889153, 35.980448, 214.559293, 3663, 543163.0
91, 68.469303, 661.850518, 38.112929, 176.498133, 3820, 569677.0
92, 67.638597, 662.092113, 38.196797, 187.090711, 3934, 586920.0
93, 67.558712, 662.615758, 37.517807, 193.624515, 3777, 563419.0
94, 70.064085, 664.230922, 36.666075, 171.917792, 3887, 579710.0
95, 69.281749, 663.282888, 38.528158, 166.715890, 3869, 585670.0
96, 68.705629, 664.289436, 35.730763, 172.312224, 3940, 586551.0
97, 69.518724, 664.292470, 36.124519, 175.169670, 3878, 578046.0
98, 69.578226, 663.175664, 37.137572, 164.237270, 3976, 593651.0
99, 68.769525, 664.270495, 36.792870, 180.979376, 3778, 565685.0
100, 66.252201, 662.515818, 37.518620, 170.216247, 3775, 567464.0
101, 69.663841, 663.479434, 36.859575, 202.556650, 3760, 589289.0
102, 67.424950, 662.421687, 38.156997, 162.181277, 3830, 571529.0
103, 68.554412, 662.618208, 38.562696, 173.958324, 3905, 592733.0
104, 69.542415, 664.676706, 35.638777, 180.892420, 3844, 579081.0
105, 68.405345, 663.149468, 36.813765, 188.099796, 3794, 576252.0
106, 71.318229, 664.761618, 36.395446, 195.726417, 3744, 579433.0
107, 70.697824, 663.047516, 38.129918, 181.089199, 3830, 579957.0
108, 68.488414, 663.266043, 37.004124, 187.947094, 3717, 554734.0
109, 69.146010, 663.873539, 37.044033, 177.888529, 3844, 579469.0
110, 69.020357, 664.558652, 36.823189, 177.453838, 3863, 587152.0
111, 69.647901, 663.897781, 37.466062, 183.954277, 3725, 559308.0
112, 69.988213, 662.220253, 37.472659, 189.396187, 3860, 576768.0
113, 69.755137, 662.766906, 38.389293, 161.521207, 3923, 588360.0
114, 71.582873, 664.797896, 36.745002, 198.351024, 3712, 556483.0
115, 67.044412, 662.734194, 38.200583, 168.791892, 3854, 576445.0
116, 72.017729, 664.662787, 36.465483, 223.583943, 3633, 542305.0
117, 70.316130, 664.850044, 36.224301, 216.973407, 3663, 545888.0
118, 68.918562, 663.169635, 37.969706, 193.617535, 3865, 577331.0
119, 66.057316, 663.273547, 37.804459, 150.710718, 3877, 590497.0
120, 66.910925, 663.323742, 38.032057, 158.180205, 3840, 577665.0
121, 67.117406, 663.656970, 35.903366, 178.446362, 3707, 553431.0
122, 71.721287, 662.720117, 37.740319, 204.975930, 3636, 540981.0
123, 69.764736, 663.316472, 37.726676, 177.618520, 3889, 579961.0
124, 70.466288, 662.875295, 37.154559, 162.941484, 3853, 574953.0
125, 68.332737, 662.300211, 37.958969, 184.689028, 3880, 579506.0
126, 68.390051, 663.039703, 38.806672, 180.735929, 3855, 575566.0
127, 66.578980, 662.670680, 37.290396, 171.653705, 3784, 563523.0
128, 70.808370, 663.921108, 37.038801, 191.856500, 3836, 581398.0
129, 70.259292, 662.944940, 37.451080, 184.132986, 3853, 573944.0
130, 69.858474, 665.082320, 36.724355, 175.661802, 3889, 582421.0
131, 70.952692, 663.173563, 38.498188, 199.635813, 3646, 542591.0
132, 71.559607, 662.472990, 38.180491, 193.016706, 3749, 558648.0
133, 68.214790, 664.318204, 36.189393, 159.235530, 3840, 575534.0
134, 69.213721, 664.386540, 36.053039, 198.285435, 3837, 573247.0
135, 71.406534, 664.859439, 36.300787, 215.862399, 3656, 549362.0
136, 71.339684, 662.575861, 37.699336, 202.500332, 3671, 546380.0
137, 70.028171, 663.467325, 37.157793, 178.920693, 3838, 574359.0
138, 68.586213, 662.507471, 37.324000, 165.973281, 3876, 579348.0
139, 71.131587, 662.877315, 37.947900, 199.309350, 3724, 559364.0
140, 69.316501, 664.906085, 36.063849, 184.946769, 3968, 592432.0
141, 70.760471, 663.652091, 35.916301, 183.436228, 3859, 574644.0
142, 71.051083, 663.636950, 37.759616, 183.088927, 3808, 568190.0
143, 69.763974, 662.473738, 37.257785, 178.312499, 3845, 580365.0
144, 73.478329, 663.733176, 37.254028, 203.681688, 3713, 573860.0
145, 69.095551, 664.767035, 36.422141, 188.183894, 3917, 585389.0
146, 69.015799, 664.050967, 36.538866, 170.231706, 3861, 576023.0
147, 73.528151, 664.224696, 36.704655, 217.605107, 3730, 559357.0
148, 69.178490, 663.238364, 36.880061, 179.554449, 3884, 588469.0
149, 73.095913, 662.817543, 37.592160, 206.516071, 3746, 561091.0
150, 66.712437, 662.621187, 37.141293, 191.481575, 3667, 547013.0
151, 71.361771, 662.688458, 37.489120, 211.879160, 3736, 557788.0
152, 73.019324, 662.677080, 38.037133, 203.522038, 3727, 555692.0
153, 70.596665, 663.971109, 37.020716, 189.054436, 3821, 570170.0
154, 69.189487, 664.011947, 37.142281, 162.692485, 3897, 583999.0
155, 70.486890, 663.446417, 37.625590, 175.748618, 3911, 588944.0
156, 67.128877, 662.471297, 37.289415, 180.531621, 3724, 555570.0
157, 68.340680, 661.497663, 38.168399, 187.444916, 3809, 570085.0
158, 72.077054, 663.101333, 37.885477, 210.744700, 3726, 556373.0
159, 69.697294, 662.934669, 37.037738, 171.181376, 3908, 586004.0
160, 72.701975, 662.664822, 37.722061, 195.002583, 3601, 539422.0
161, 72.850343, 664.450678, 36.833161, 214.459522, 3671, 547630.0
162, 71.735615, 662.575632, 37.049065, 187.475086, 3734, 554517.0
163, 71.724061, 663.152463, 37.333068, 201.028316, 3720, 553130.0
164, 69.376057, 663.334206, 37.476598, 182.071590, 3841, 575840.0
165, 71.179746, 663.387278, 37.090965, 177.692032, 3764, 559356.0
166, 69.230377, 663.953526, 37.665574, 172.055106, 3823, 570233.0
167, 71.181226, 663.431855, 36.141349, 198.380999, 3569, 528710.0
168, 70.655523, 662.530054, 38.576005, 181.347127, 3790, 564469.0
169, 67.920940, 663.722681, 35.736996, 185.011265, 3703, 550782.0
170, 70.900842, 664.372795, 36.784998, 190.077283, 3843, 571668.0
171, 67.855141, 662.006283, 38.271405, 166.757335, 3831, 571121.0
172, 69.693520, 663.076863, 37.301861, 193.024448, 3760, 559973.0
173, 71.727033, 663.081746, 37.361979, 175.922866, 3760, 558285.0
174, 68.609490, 662.840236, 37.849256, 182.576641, 3761, 560220.0
175, 70.403172, 661.772618, 38.181666, 192.767855, 3755, 558747.0
176, 71.166369, 662.699515, 37.747942, 196.723549, 3822, 568871.0
177, 73.490137, 663.997807, 37.189303, 197.379594, 3712, 550498.0
178, 67.904811, 663.070804, 36.629445, 175.715512, 3759, 559570.0
179, 69.167729, 663.944286, 37.361023, 184.655052, 3870, 576764.0
180, 69.319500, 664.094651, 36.205164, 197.508905, 3828, 569870.0
181, 68.284443, 662.793827, 36.994344, 153.354030, 3906, 581988.0
182, 68.652030, 662.374580, 37.590026, 183.955932, 3836, 596583.0
183, 68.087554, 662.709255, 37.811690, 168.536386, 3830, 571286.0
184, 72.091144, 664.070647, 37.213622, 210.416859, 3628, 537513.0
185, 70.939970, 662.370987, 37.352739, 166.585833, 3912, 582603.0
186, 68.095527, 662.435299, 37.077205, 179.884430, 3830, 570217.0
187, 69.316889, 661.926191, 37.613116, 183.460151, 3765, 560142.0
188, 70.338190, 663.533155, 36.987100, 192.986721, 3798, 564873.0
189, 68.283530, 664.656433, 35.219211, 192.413695, 3731, 554639.0
190, 69.523562, 661.988450, 37.511397, 173.575185, 3891, 579603.0
191, 69.884170, 664.395877, 37.336792, 174.497092, 3868, 574589.0
192, 72.589353, 662.887805, 37.835924, 193.861809, 3679, 544469.0
193, 70.752037, 662.516836, 38.860448, 199.364037, 3672, 545678.0
194, 70.981456, 663.798934, 37.844939, 182.848995, 3678, 546213.0
195, 72.751013, 662.301110, 37.692769, 195.724256, 3777, 561322.0
196, 72.914337, 661.851314, 38.263025, 183.733151, 3729, 555037.0
197, 70.034893, 664.076559, 37.265303, 166.858148, 3866, 576713.0
198, 69.283046, 663.102723, 38.008279, 154.993586, 3899, 582199.0
199, 70.547690, 664.262975, 36.771099, 187.427571, 3778, 563109.0
200, 71.764114, 663.208268, 38.289371, 178.865891, 3814, 567981.0
201, 70.956440, 662.133400, 37.352057, 182.134176, 3806, 585416.0
202, 69.295130, 663.239418, 37.958603, 175.659093, 3938, 588224.0
203, 71.757812, 662.707102, 38.934687, 179.993159, 3790, 577674.0
204, 70.576923, 662.201632, 38.500244, 197.866639, 3840, 572360.0
205, 70.079113, 664.289483, 37.144465, 184.411936, 3783, 596756.0
206, 71.304015, 663.539922, 36.789597, 198.778631, 3640, 543777.0
207, 70.304885, 664.037207, 35.891986, 192.783138, 3739, 557011.0
208, 70.633662, 663.811321, 36.273719, 195.363706, 3798, 564313.0
209, 73.399500, 664.235148, 36.857702, 204.949033, 3710, 551633.0
210, 73.991110, 664.025986, 37.389368, 236.915887, 3672, 543683.0
211, 72.262068, 664.481131, 36.568499, 190.190961, 3684, 549671.0
212, 72.851310, 664.692390, 37.060195, 218.375970, 3667, 543994.0
213, 72.527938, 663.143114, 37.632368, 241.850223, 3601, 534364.0
214, 73.402239, 663.743941, 38.286976, 215.035113, 3740, 560204.0
215, 72.800466, 664.329650, 36.636055, 199.887569, 3640, 543852.0
216, 69.197977, 662.172043, 37.648012, 185.064002, 3901, 584643.0
217, 70.251663, 663.179110, 37.728244, 177.040339, 3898, 579745.0
218, 69.896705, 663.729618, 36.310268, 189.543032, 3751, 558309.0
219, 74.789381, 664.081475, 36.200663, 251.326801, 3643, 542801.0
220, 72.415941, 663.527785, 38.677872, 196.722384, 3715, 566533.0
221, 72.091790, 663.397911, 37.697428, 212.254507, 3661, 545001.0
222, 71.026392, 663.358342, 37.680304, 199.507725, 3713, 553482.0
223, 71.946157, 664.632375, 36.112739, 192.400259, 3713, 554549.0
224, 69.787283, 662.068023, 38.339854, 180.231012, 3861, 580927.0
225, 71.204132, 662.356543, 38.254976, 177.863974, 3812, 573122.0
226, 69.762462, 662.622092, 38.572484, 160.765102, 3875, 579821.0
227, 70.113097, 664.314118, 35.503456, 202.777418, 3762, 560833.0
228, 71.304424, 664.585186, 37.043016, 188.426439, 3790, 568477.0
229, 72.407446, 663.814994, 36.633547, 195.120933, 3662, 549537.0
230, 69.917965, 663.180472, 36.961416, 199.035016, 3778, 561986.0
231, 76.821273, 664.517991, 36.563675, 238.598360, 3752, 554962.0
232, 71.236108, 663.294272, 38.250311, 181.150876, 3705, 550987.0
233, 71.082364, 662.838456, 37.841069, 165.132705, 3890, 579446.0
234, 69.275023, 663.632241, 36.919119, 186.910140, 3861, 575140.0
235, 72.021430, 663.326442, 37.890567, 184.585612, 3750, 557689.0
236, 69.676790, 663.259001, 38.914091, 177.443073, 3835, 571137.0
237, 69.335824, 664.133298, 37.145124, 187.607068, 3920, 583425.0
238, 69.696283, 662.770505, 37.640606, 183.410587, 3810, 567765.0
239, 72.634135, 664.301765, 37.077674, 177.116395, 3728, 552006.0
240, 68.807320, 662.857396, 37.198319, 188.841250, 3888, 579154.0
241, 69.639346, 662.983921, 37.575581, 179.089216, 3842, 572396.0
242, 68.326777, 662.308685, 38.217107, 163.979146, 3904, 581967.0
243, 71.890991, 663.892164, 37.475935, 199.791918, 3702, 549552.0
244, 69.271526, 664.455287, 36.205616, 178.113760, 3895, 579938.0
245, 67.260910, 661.905956, 37.629483, 170.235022, 3762, 579194.0
246, 68.361068, 662.403456, 37.295537, 169.223210, 3878, 578524.0
247, 70.149054, 664.401013, 36.701013, 176.846837, 3890, 582725.0
248, 71.317217, 663.115171, 36.818254, 225.168942, 3729, 553769.0
249, 70.379440, 664.435401, 37.378557, 177.502630, 3844, 571952.0
250, 70.762731, 663.424524, 36.425493, 172.570084, 3770, 560297.0
251, 69.184520, 662.651732, 37.055748, 223.851211, 3733, 554678.0
252, 72.104405, 664.418712, 36.207142, 208.965189, 3591, 533850.0
253, 69.605098, 664.791004, 36.647587, 186.533752, 3876, 577177.0
254, 69.541756, 663.844632, 37.536264, 183.783788, 3856, 574963.0
255, 69.827341, 662.704333, 37.816338, 197.009829, 3685, 548635.0
256, 72.741797, 663.531120, 35.976491, 216.332959, 3589, 530718.0
257, 73.148954, 662.497093, 38.090883, 193.119398, 3711, 552214.0
258, 69.457716, 663.132617, 36.876920, 172.054079, 3896, 598854.0
259, 69.067254, 662.654514, 38.664327, 181.853531, 3794, 565866.0
260, 69.555210, 663.767247, 37.320142, 185.164816, 3913, 584513.0
261, 73.231867, 664.757669, 37.219209, 233.241060, 3605, 533517.0
262, 71.601588, 663.076597, 38.012832, 167.544397, 3793, 564390.0
263, 69.943610, 664.040255, 36.211948, 181.745621, 3787, 563060.0
264, 70.588825, 662.737503, 37.680332, 161.308786, 3865, 576183.0
265, 66.345736, 663.554733, 37.667643, 184.793103, 3845, 572124.0
266, 69.841344, 663.650093, 37.531178, 193.457733, 3727, 553832.0
267, 69.602297, 662.652801, 37.291271, 203.287602, 3751, 558243.0
268, 73.502749, 663.804960, 36.335972, 255.269561, 3665, 542760.0
269, 68.001288, 662.827292, 37.012476, 172.370054, 3880, 578230.0
270, 71.475051, 662.844251, 37.644216, 210.349895, 3705, 550118.0
271, 73.806360, 663.992216, 37.653846, 217.705975, 3698, 548778.0
272, 70.026747, 663.197759, 37.718938, 179.466950, 3825, 569548.0
273, 69.651363, 663.694434, 37.430281, 188.835332, 3786, 562951.0
274, 68.449964, 662.936373, 37.958436, 174.902597, 3819, 567548.0
275, 70.639738, 665.295535, 35.973998, 198.076484, 3853, 573038.0
276, 69.932357, 663.396110, 37.401438, 189.296487, 3891, 584206.0
277, 70.803481, 664.365108, 36.734777, 185.268241, 3894, 601724.0
278, 70.797717, 663.149316, 37.239262, 190.207028, 3743, 556863.0
279, 67.919111, 662.306162, 38.036658, 164.466005, 3848, 575605.0
280, 73.616057, 663.264030, 36.967899, 228.433705, 3712, 550200.0
281, 72.550393, 662.790234, 37.973452, 188.322702, 3701, 549568.0
282, 70.137579, 662.957672, 37.859022, 166.415609, 3900, 581316.0
283, 73.528568, 665.209643, 36.276668, 217.392205, 3549, 524295.0
284, 72.127676, 663.212475, 37.790216, 201.846414, 3688, 547219.0
285, 71.194713, 662.363238, 37.946848, 194.391984, 3779, 560863.0
286, 69.277756, 663.558342, 37.398013, 191.199516, 3927, 585291.0
287, 69.584872, 662.394411, 38.561026, 183.412924, 3824, 570747.0
288, 70.313719, 663.318228, 37.016712, 189.036349, 3782, 562584.0
289, 68.997500, 661.933429, 38.633591, 164.211842, 3820, 569890.0
290, 71.617938, 663.951936, 37.876803, 191.756846, 3808, 566434.0
291, 70.670592, 662.925260, 37.882811, 175.334422, 3837, 571640.0
292, 71.773610, 663.758492, 36.990707, 188.171002, 3713, 550728.0
293, 69.554352, 664.416103, 37.235505, 181.080816, 3922, 584785.0
294, 70.833131, 663.205054, 37.924433, 188.953249, 3866, 575688.0
295, 67.961147, 663.196223, 37.978254, 171.529663, 3920, 583749.0
296, 69.078162, 663.352496, 38.129069, 168.639295, 3899, 583003.0
297, 70.550763, 663.804360, 36.648284, 221.336243, 3710, 553214.0
298, 69.284998, 663.251288, 36.590585, 194.999115, 3827, 569905.0
299, 72.079205, 664.535324, 36.371750, 207.317774, 3640, 540338.0
300, 70.449758, 662.901758, 37.087381, 165.418698, 3815, 567598.0
301, 70.587914, 663.996953, 37.281529, 163.770342, 3919, 582073.0
302, 69.063830, 662.554670, 37.437349, 167.453232, 3911, 581733.0
303, 69.302110, 663.830592, 36.950656, 191.126803, 3849, 573226.0
304, 69.691845, 663.895307, 36.025827, 211.681608, 3735, 554733.0
305, 69.577991, 663.744682, 36.888115, 159.354800, 3907, 585413.0
306, 69.967406, 663.902379, 37.102415, 178.785926, 3868, 576094.0
307, 71.231151, 663.850271, 36.637869, 196.633928, 3659, 542952.0
308, 70.198874, 664.035631, 36.754962, 181.126230, 3930, 587448.0
309, 69.902891, 664.415707, 36.644506, 171.610985, 3926, 584934.0
310, 70.749186, 663.473408, 37.077759, 176.225562, 3878, 577196.0
311, 70.575296, 663.095134, 38.734670, 203.548934, 3708, 551479.0
312, 70.507973, 662.782259, 37.510431, 205.983830, 3772, 561248.0
313, 67.819231, 663.720111, 36.841604, 194.621845, 3734, 554756.0
314, 71.914306, 663.616945, 37.338756, 197.222029, 3763, 559095.0
315, 71.329625, 663.501810, 38.630404, 182.651297, 3637, 546526.0
316, 74.531831, 664.432927, 36.323376, 220.523555, 3698, 545839.0
317, 72.654634, 663.792428, 37.233209, 219.792643, 3725, 551245.0
318, 71.184802, 664.755639, 36.916237, 219.910244, 3726, 552580.0
319, 69.726238, 663.366806, 36.634766, 199.185440, 3809, 566595.0
320, 74.003926, 665.091143, 36.579584, 223.825494, 3679, 544004.0
321, 72.219823, 665.007893, 36.546348, 177.594609, 3698, 548208.0
322, 71.055109, 662.881322, 38.057331, 175.133969, 3884, 578194.0
323, 74.858524, 664.368421, 36.395724, 251.198905, 3644, 539996.0
324, 72.496406, 662.905451, 37.436053, 217.767104, 3648, 544610.0
325, 69.656993, 663.987904, 37.001202, 205.322290, 3732, 554459.0
326, 74.118365, 664.285682, 36.268735, 227.152800, 3687, 544978.0
327, 73.856262, 663.266141, 37.005833, 230.928311, 3718, 555866.0
328, 69.448767, 663.711233, 37.827611, 180.689145, 3903, 586318.0
329, 69.838830, 664.077862, 35.528897, 205.098229, 3841, 572590.0
330, 71.123000, 665.912717, 35.060354, 207.795309, 3645, 540025.0
331, 70.796425, 664.562522, 36.599870, 194.983080, 3789, 562921.0
332, 69.076476, 662.803986, 38.224107, 169.370812, 3908, 582363.0
333, 69.798607, 664.125799, 37.666457, 187.233590, 3849, 572855.0
334, 68.122921, 662.226182, 37.911093, 180.187281, 3928, 585746.0
335, 69.158680, 663.205914, 37.976560, 176.484592, 3901, 582104.0
336, 69.350437, 662.860317, 38.855599, 181.058316, 3793, 564895.0
337, 69.472241, 663.517265, 37.999798, 173.335123, 3862, 575206.0
338, 71.076699, 663.847968, 37.944486, 184.038387, 3777, 561266.0
339, 71.963265, 663.662418, 37.972151, 181.741421, 3766, 558831.0
340, 73.199336, 665.015171, 35.530003, 221.993890, 3631, 536796.0
341, 67.275198, 662.930139, 37.487023, 174.444993, 3883, 578711.0
342, 68.945979, 661.822291, 37.658993, 180.816530, 3809, 566882.0
343, 72.059015, 663.617421, 36.388982, 200.930016, 3653, 541522.0
344, 71.062632, 664.277709, 36.335085, 195.655311, 3786, 563317.0
345, 71.333087, 664.425354, 36.401226, 195.226539, 3734, 554107.0
346, 69.525343, 663.637671, 37.433528, 181.070471, 3960, 590546.0
347, 71.447544, 663.017965, 38.406509, 176.466994, 3743, 556090.0
348, 72.215853, 664.382040, 36.612879, 203.719818, 3682, 546183.0
349, 68.489935, 662.981667, 37.939201, 160.962370, 3915, 584070.0
350, 73.384845, 663.270376, 37.313059, 205.439903, 3711, 549183.0
351, 70.935408, 661.985205, 38.511273, 179.086957, 3780, 560518.0
352, 69.368339, 662.741017, 37.954242, 173.971634, 3917, 586055.0
353, 69.946772, 662.647008, 38.744645, 194.943564, 3747, 564568.0
354, 69.047995, 663.570990, 37.470403, 183.593308, 3863, 576186.0
355, 69.572242, 663.491280, 37.980292, 172.897995, 3889, 581313.0
356, 70.371470, 663.203613, 38.571201, 173.844859, 3798, 566362.0
357, 69.570696, 662.532249, 38.332942, 167.409505, 3838, 571472.0
358, 66.970549, 662.683477, 36.839772, 172.215243, 3837, 570854.0
359, 70.944021, 663.437675, 38.272167, 182.079194, 3847, 572809.0
360, 69.466205, 662.223336, 37.221380, 197.234821, 3742, 558373.0
361, 70.333573, 662.911048, 37.497055, 203.263900, 3821, 568690.0
362, 72.549886, 664.034679, 38.497506, 201.171007, 3736, 557063.0
363, 71.438180, 664.261147, 36.466618, 219.945582, 3651, 556001.0
364, 70.050388, 664.359697, 36.871387, 184.880918, 3966, 595514.0
365, 67.872454, 661.840454, 38.133528, 175.717368, 3878, 588056.0
366, 69.243104, 664.127391, 36.217580, 162.993374, 3910, 584324.0
367, 70.077551, 664.312751, 36.422264, 201.293512, 3767, 561277.0
368, 71.608668, 662.916250, 38.230733, 182.553883, 3735, 557426.0
369, 69.862501, 663.404840, 36.809256, 200.702137, 3870, 577628.0
370, 73.196105, 663.256665, 37.354868, 201.170584, 3700, 549199.0
371, 71.392120, 664.515471, 37.034423, 195.558666, 3770, 560878.0
372, 69.910678, 663.582902, 36.805045, 184.878719, 3790, 564142.0
373, 67.853085, 663.149130, 37.031903, 173.819629, 3868, 575324.0
374, 73.575114, 665.342115, 37.554734, 205.977041, 3706, 547489.0
375, 73.847082, 664.124682, 36.741871, 221.325943, 3717, 549418.0
376, 68.765958, 664.147627, 37.099936, 187.529074, 3767, 560330.0
377, 69.746872, 664.475289, 37.684081, 181.167772, 3775, 561648.0
378, 72.453846, 663.828113, 36.939519, 212.263306, 3699, 548447.0
379, 72.140045, 663.896487, 37.332800, 200.046013, 3755, 557612.0
380, 70.913654, 663.004316, 38.038956, 185.016907, 3880, 577616.0
381, 69.501487, 662.926525, 37.902934, 212.938638, 3714, 552434.0
382, 70.896369, 663.622739, 37.772575, 178.402697, 3882, 578341.0
383, 70.587817, 663.064822, 37.646862, 187.247195, 3828, 570066.0
384, 71.644519, 663.509001, 37.131172, 185.967196, 3751, 556107.0
385, 70.972177, 664.069994, 37.546803, 191.999154, 3726, 554230.0
386, 73.044263, 664.137168, 36.758254, 213.452017, 3625, 536809.0
387, 73.051171, 661.895007, 37.997974, 207.589421, 3742, 555966.0
388, 69.757085, 662.787644, 36.937392, 197.616535, 3741, 556748.0
389, 73.264861, 664.349579, 36.416306, 226.044898, 3716, 551298.0
390, 75.061454, 664.738993, 36.818942, 211.158360, 3695, 557545.0
391, 72.922271, 664.373818, 36.623985, 247.381248, 3631, 541076.0
392, 71.239787, 663.046354, 37.175858, 188.995699, 3718, 554154.0
393, 73.672116, 663.406477, 36.932284, 221.560005, 3721, 554078.0
394, 71.709897, 662.535546, 37.107504, 202.496649, 3686, 550079.0
395, 70.433984, 661.849000, 38.141530, 204.610004, 3691, 551997.0
396, 74.580927, 664.760556, 37.755426, 206.487897, 3692, 547581.0
397, 71.546027, 662.809897, 37.161643, 218.428534, 3691, 550134.0
398, 72.461804, 662.996510, 37.324841, 206.196335, 3722, 554398.0
399, 73.720589, 663.728569, 37.602848, 216.874167, 3677, 546710.0
400, 73.171990, 662.428147, 37.739869, 203.701785, 3720, 552893.0
401, 70.217693, 664.299822, 36.420555, 189.016755, 3886, 579333.0
402, 71.148275, 662.953569, 37.579428, 194.578084, 3757, 562774.0
403, 73.969602, 664.884793, 37.627426, 213.648786, 3708, 549802.0
404, 71.228367, 664.301956, 37.961728, 195.954826, 3815, 569714.0
405, 73.352827, 663.100146, 37.578167, 207.734232, 3700, 552963.0
406, 70.741498, 662.343862, 38.347359, 188.344333, 3843, 573984.0
407, 74.237293, 663.810922, 37.716033, 213.071176, 3720, 550921.0
408, 71.176900, 662.664668, 38.165729, 183.315038, 3891, 582894.0
409, 71.475575, 664.653781, 37.362609, 201.583029, 3657, 544906.0
410, 69.728861, 664.128959, 36.677150, 217.791086, 3804, 566354.0
411, 73.958385, 663.068187, 37.835660, 205.959104, 3760, 559182.0
412, 74.182437, 663.229679, 38.269450, 227.826576, 3751, 557801.0
413, 73.656176, 661.705480, 38.521347, 200.881322, 3701, 551066.0
414, 71.075307, 663.903402, 37.944800, 219.885467, 3647, 542254.0
415, 74.537403, 663.471306, 37.333503, 222.099666, 3678, 545001.0
416, 69.613464, 662.238525, 36.639340, 192.006116, 3721, 553572.0
417, 71.453351, 663.252782, 37.209211, 205.650712, 3666, 544894.0
418, 71.759526, 663.728410, 36.031310, 205.074673, 3704, 550292.0
419, 72.953031, 661.046912, 39.063150, 187.485601, 3743, 557085.0
420, 69.961638, 663.842833, 37.313443, 196.262232, 3818, 568637.0
421, 71.399000, 663.197152, 39.267720, 192.183309, 3740, 557249.0
422, 67.602533, 663.163004, 37.265545, 187.287858, 3785, 563705.0
423, 72.051826, 664.109302, 37.360935, 212.731053, 3708, 550049.0
424, 72.349831, 662.755880, 37.575223, 201.412545, 3726, 554340.0
425, 72.279899, 663.867458, 37.747412, 214.983851, 3635, 540070.0
426, 71.408339, 663.126176, 36.956940, 191.254953, 3743, 557665.0
427, 71.786556, 664.051616, 37.585169, 198.983871, 3768, 560913.0
428, 72.418623, 662.828469, 37.395400, 206.502305, 3726, 559155.0
429, 74.352729, 664.555274, 36.156407, 233.876581, 3709, 555630.0
430, 70.269235, 663.279615, 37.188454, 185.512980, 3848, 576371.0
431, 71.188410, 663.714095, 36.647892, 196.799043, 3732, 557267.0
432, 72.255097, 663.618059, 37.737193, 181.258003, 3774, 563219.0
433, 68.692074, 662.239630, 37.439955, 184.604820, 3807, 570120.0
434, 70.796816, 662.748188, 36.857762, 182.920571, 3759, 561668.0
435, 70.414602, 663.128631, 37.737750, 186.154214, 3857, 574005.0
436, 70.935755, 663.283099, 36.713434, 189.267973, 3706, 552004.0
437, 70.634957, 664.406618, 37.516405, 177.395192, 3875, 576832.0
438, 70.216544, 664.112163, 37.012268, 173.770155, 3898, 581352.0
439, 68.832419, 663.380536, 37.333745, 171.781250, 3854, 574536.0
440, 72.133830, 662.789571, 37.758740, 209.454759, 3635, 540701.0
441, 71.570828, 663.991515, 35.763850, 194.029624, 3768, 563327.0
442, 70.975484, 663.374668, 37.469893, 183.048554, 3866, 580085.0
443, 71.232886, 662.950736, 37.454648, 196.797168, 3719, 556429.0
444, 70.094228, 662.582223, 37.635271, 184.045021, 3799, 569341.0
445, 68.351803, 662.450328, 38.470077, 170.970114, 3872, 579466.0
446, 71.634739, 664.050846, 36.820706, 209.775048, 3585, 534524.0
447, 72.761933, 663.436615, 37.471794, 205.512827, 3712, 553013.0
448, 71.180216, 663.248165, 37.434573, 197.662699, 3690, 552220.0
449, 71.254378, 665.530582, 36.306951, 198.366129, 3689, 547825.0
450, 71.516635, 663.395594, 37.507660, 207.583826, 3696, 550183.0
451, 71.569421, 663.092647, 37.500112, 194.994987, 3750, 558655.0
452, 70.092601, 662.046127, 37.676617, 174.164970, 3867, 577112.0
453, 68.245056, 662.746976, 37.450979, 179.357341, 3838, 574045.0
454, 67.743085, 662.272035, 38.390345, 179.172530, 3824, 571126.0
455, 71.344748, 663.803271, 37.621591, 180.070564, 3732, 556153.0
456, 71.971346, 664.239755, 36.324974, 204.447689, 3755, 558446.0
457, 73.599510, 663.721287, 38.124733, 201.751543, 3759, 559195.0
458, 68.208995, 663.505010, 37.566925, 188.680407, 3820, 570006.0
459, 71.426774, 663.094042, 37.754107, 186.189987, 3826, 573310.0
460, 73.561461, 665.150040, 37.648159, 211.885561, 3737, 555238.0
461, 71.790596, 664.040346, 37.312474, 190.966087, 3668, 545428.0
462, 70.208320, 663.190595, 36.533109, 177.460605, 3909, 587710.0
463, 72.935191, 663.797822, 37.225429, 199.673040, 3684, 550461.0
464, 72.847711, 664.857985, 36.379693, 202.364031, 3631, 538149.0
465, 70.641600, 662.696809, 37.933376, 202.101203, 3816, 571862.0
466, 70.996023, 662.788428, 37.565201, 188.747497, 3733, 559884.0
467, 68.695617, 663.699328, 36.926841, 184.224396, 3836, 574243.0
468, 69.673305, 663.287535, 38.364205, 169.866819, 3836, 573725.0
469, 69.772021, 664.112574, 36.080806, 203.773781, 3741, 557561.0
470, 71.705540, 664.898100, 36.083201, 188.082775, 3701, 550240.0
471, 71.540333, 662.454424, 38.591116, 177.528456, 3719, 568049.0
472, 69.724439, 661.820948, 37.712489, 181.756894, 3742, 558426.0
473, 72.660890, 663.587359, 38.132577, 197.927851, 3746, 593651.0
474, 69.960955, 663.005732, 37.463756, 173.752111, 3870, 588456.0
475, 68.762846, 662.518895, 36.826318, 189.519130, 3820, 568932.0
476, 70.590697, 661.765203, 37.690252, 198.134778, 3901, 581476.0
477, 69.599500, 663.391111, 37.599074, 196.438137, 3797, 565921.0
478, 70.322263, 662.848596, 37.088043, 191.012234, 3833, 573514.0
479, 72.398091, 663.429046, 37.596769, 193.276006, 3711, 550394.0
480, 70.143092, 662.942222, 37.464846, 189.569160, 3688, 550030.0
481, 69.738167, 662.590487, 37.394587, 203.287363, 3705, 551114.0
482, 69.693529, 663.055979, 36.641866, 186.981779, 3860, 574979.0
483, 69.916285, 664.306133, 37.029846, 192.091877, 3806, 564575.0
484, 68.358600, 663.236480, 38.637875, 153.531076, 3910, 582642.0
485, 70.502858, 661.493423, 38.325356, 211.883779, 3777, 575004.0
486, 69.347173, 663.828495, 36.937973, 163.852380, 3910, 588707.0
487, 69.660944, 664.498624, 36.574695, 183.997479, 3851, 579661.0
488, 71.188773, 663.676495, 37.058978, 189.819401, 3726, 552541.0
489, 71.247186, 663.586866, 37.584885, 175.374840, 3888, 578448.0
490, 71.144464, 663.206325, 37.754772, 193.992281, 3695, 552228.0
491, 74.127838, 664.602350, 36.821999, 239.558022, 3674, 548027.0
492, 71.691384, 663.805553, 36.971165, 207.764422, 3667, 551629.0
493, 68.561389, 662.709956, 37.718019, 191.672010, 3872, 578934.0
494, 70.813423, 663.682472, 37.417599, 185.726933, 3859, 574209.0
495, 71.997884, 662.821147, 37.603972, 207.754407, 3705, 551362.0
496, 68.554360, 662.550796, 37.608989, 201.513032, 3838, 571153.0
497, 72.245427, 662.415027, 37.781191, 215.790124, 3627, 539344.0
498, 73.714896, 664.367224, 37.225752, 212.287238, 3734, 561479.0
499, 74.182445, 664.308195, 36.301094, 239.703545, 3651, 540941.0
500, 71.988778, 663.116830, 37.444125, 194.162799, 3712, 553281.0
501, 68.716307, 663.155534, 37.510238, 182.857932, 3892, 578626.0
502, 71.414705, 664.663713, 35.705754, 172.764119, 3756, 557313.0
503, 68.892139, 663.244118, 38.161465, 176.555635, 3842, 571895.0
504, 73.879340, 665.545009, 36.411302, 229.308219, 3653, 598016.0
505, 68.827927, 664.266182, 37.784418, 165.521359, 3863, 594585.0
506, 72.753662, 663.690600, 37.427942, 202.827142, 3740, 563012.0
507, 72.409555, 666.071310, 35.038473, 202.930496, 3654, 556498.0
508, 70.781784, 664.104795, 37.522800, 201.051053, 3678, 553450.0
509, 72.345796, 663.192620, 37.739804, 206.953466, 3747, 584496.0
510, 68.486191, 664.838033, 36.529099, 170.284016, 3896, 593512.0
511, 71.793923, 663.700040, 36.922613, 189.712153, 3693, 546299.0
512, 73.255707, 662.141226, 37.884945, 230.172848, 3631, 537445.0
513, 73.613576, 663.300015, 37.151656, 202.457846, 3712, 548905.0
514, 71.674813, 664.550400, 36.601421, 214.505673, 3629, 535935.0
515, 72.250618, 663.140173, 37.390300, 188.282988, 3625, 536048.0
516, 74.324988, 663.946806, 36.834686, 228.293281, 3697, 547924.0
517, 70.867737, 662.576889, 37.528870, 198.394802, 3804, 564725.0
518, 68.830654, 663.420630, 37.401519, 173.819410, 3889, 579151.0
519, 68.967449, 664.642118, 36.268445, 180.093300, 3827, 569149.0
520, 73.430267, 662.686954, 38.313742, 228.772691, 3667, 543540.0
521, 69.810369, 663.270566, 37.640100, 180.887056, 3811, 567876.0
522, 70.119541, 663.521368, 37.291038, 194.798390, 3842, 570980.0
523, 72.746570, 665.516505, 35.094538, 213.835831, 3585, 537251.0
524, 71.622763, 663.699181, 37.669167, 193.054900, 3753, 556934.0
525, 71.970151, 662.964513, 37.805080, 207.125341, 3729, 558199.0
526, 71.493462, 663.542589, 38.248207, 170.003179, 3863, 578570.0
527, 72.045008, 663.719589, 36.911785, 177.667660, 3786, 572083.0
528, 69.685249, 663.427802, 36.526641, 184.608821, 3885, 577112.0
529, 72.026206, 663.853639, 37.237191, 197.864061, 3620, 543436.0
530, 68.746355, 663.487170, 36.552522, 181.856692, 3838, 576670.0
531, 73.033420, 664.537046, 35.838019, 236.400645, 3646, 548571.0
532, 72.279748, 664.508071, 37.259014, 208.763384, 3694, 546979.0
533, 71.963190, 665.474727, 35.151128, 219.664230, 3620, 534966.0
534, 68.047334, 663.825167, 36.474203, 162.495875, 3879, 577705.0
535, 70.411140, 663.304033, 37.157772, 184.917366, 3823, 584649.0
536, 69.710397, 662.688515, 38.593865, 190.954822, 3789, 568078.0
537, 70.884073, 662.455052, 38.007488, 187.787996, 3853, 574292.0
538, 69.236690, 662.550069, 37.195397, 180.281371, 3933, 585995.0
539, 72.983079, 662.932902, 37.815134, 238.052909, 3606, 541377.0
540, 69.123362, 663.509897, 37.631726, 175.790764, 3889, 583731.0
541, 71.761754, 662.966865, 38.143567, 188.723363, 3712, 554095.0
542, 69.707827, 662.659205, 38.594058, 181.349773, 3879, 578129.0
543, 70.972451, 664.064117, 36.623822, 223.609286, 3772, 560364.0
544, 70.503370, 663.945265, 37.813414, 188.240502, 3847, 584304.0
545, 68.867266, 663.543937, 37.409794, 174.578956, 3884, 590658.0
546, 69.654624, 663.008400, 36.412776, 212.915845, 3689, 558731.0
547, 70.955559, 663.562501, 37.902643, 177.098519, 3918, 584385.0
548, 69.865578, 664.753859, 36.342871, 210.605163, 3783, 561838.0
549, 71.245138, 663.633166, 37.197902, 187.008698, 3898, 585142.0
550, 70.376827, 663.321042, 37.593843, 212.081936, 3749, 560389.0
551, 71.038499, 663.579639, 37.131256, 179.757995, 3820, 577461.0
552, 69.283626, 663.180609, 37.343713, 188.305915, 3861, 574486.0
553, 72.240919, 663.872228, 37.355844, 192.113051, 3636, 538010.0
554, 72.224977, 662.974041, 37.906658, 192.262431, 3701, 551713.0
555, 70.640309, 663.491782, 38.709005, 181.131073, 3855, 583609.0
556, 70.999307, 662.647245, 37.305503, 189.430682, 3818, 567094.0
557, 69.982825, 663.668774, 37.463008, 189.993815, 3855, 572785.0
558, 71.676949, 663.910423, 36.392690, 220.182338, 3623, 535689.0
559, 71.152661, 664.561929, 37.133758, 222.452035, 3706, 559083.0
560, 69.335382, 665.093709, 36.650459, 196.536433, 3900, 597990.0
561, 72.910837, 665.327533, 36.424546, 193.541940, 3751, 569998.0
562, 70.295274, 662.289871, 38.775790, 202.230677, 3817, 566995.0
563, 70.010450, 663.435983, 36.596181, 184.000794, 3893, 577514.0
564, 73.981466, 663.772028, 37.697062, 226.551291, 3700, 544617.0
565, 71.510730, 663.847893, 37.817205, 185.117278, 3772, 558973.0
566, 69.750667, 663.371294, 37.634781, 193.899330, 3902, 579732.0
567, 67.936827, 662.815585, 38.310391, 165.302175, 3853, 573862.0
568, 74.666795, 663.286947, 37.009338, 228.877868, 3716, 548332.0
569, 71.464957, 662.255962, 38.148726, 204.170407, 3800, 564794.0
570, 70.770663, 663.594039, 36.393531, 169.142132, 3937, 584636.0
571, 73.665832, 665.298936, 36.065333, 206.554534, 3675, 545884.0
572, 71.242516, 663.043002, 37.636041, 212.004235, 3594, 532439.0
573, 70.272376, 663.957050, 37.564853, 163.979699, 3864, 575807.0
574, 70.404247, 663.335150, 36.219013, 185.291726, 3749, 556328.0
575, 71.786998, 663.129667, 38.538735, 186.607214, 3809, 577849.0
576, 74.069593, 662.181676, 38.707467, 227.871489, 3675, 545424.0
577, 72.581705, 661.779803, 38.585960, 208.484539, 3671, 543526.0
578, 70.371921, 662.282937, 38.122738, 187.477377, 3804, 577071.0
579, 71.380762, 662.600245, 37.598696, 191.080429, 3716, 557006.0
580, 75.299158, 665.722167, 35.343831, 241.184412, 3698, 549649.0
581, 69.206687, 664.115126, 37.206472, 185.922607, 3889, 579728.0
582, 75.247804, 663.337434, 37.251206, 219.892234, 3670, 541551.0
583, 73.759121, 664.421314, 36.831746, 203.460406, 3732, 554023.0
584, 70.582856, 662.917543, 38.295377, 200.736050, 3716, 562509.0
585, 69.719527, 663.501697, 36.819330, 174.417575, 3899, 581282.0
586, 72.061488, 662.641803, 37.944676, 192.816559, 3693, 548402.0
587, 74.198613, 663.527668, 37.423080, 203.006815, 3648, 539063.0
588, 70.856781, 664.862072, 36.971073, 202.732796, 3604, 544776.0
589, 68.348886, 662.646753, 38.221927, 177.879379, 3801, 571541.0
590, 71.173824, 661.712334, 38.087275, 211.254543, 3592, 533553.0
591, 68.646199, 662.986393, 37.989879, 196.886853, 3825, 568789.0
592, 72.458176, 663.189017, 37.754194, 215.413889, 3711, 557277.0
593, 69.772410, 663.667912, 37.897154, 185.310473, 3915, 594988.0
594, 72.346162, 664.018014, 36.253645, 210.130279, 3654, 541282.0
595, 69.589252, 662.452942, 37.946209, 190.125181, 3787, 563261.0
596, 72.474717, 665.173206, 35.415828, 222.697672, 3589, 529463.0
597, 68.820198, 663.108889, 38.250419, 161.945610, 3851, 572739.0
598, 68.838642, 662.859046, 37.769448, 171.450146, 3932, 591842.0
599, 72.935961, 663.902908, 36.398651, 199.621991, 3714, 556445.0
600, 71.649765, 662.822449, 37.818995, 192.903785, 3659, 543058.0
601, 70.069541, 661.769054, 37.668902, 210.898492, 3703, 550044.0
602, 71.035557, 663.301520, 36.983199, 189.386131, 3741, 556487.0
603, 68.931381, 664.468575, 36.282233, 174.518983, 3830, 569914.0
604, 73.170435, 663.382241, 37.407543, 196.926429, 3708, 549495.0
605, 76.217310, 665.432081, 35.849713, 235.551522, 3647, 538221.0
606, 69.447628, 662.548611, 37.325601, 181.863217, 3845, 572068.0
607, 71.132991, 664.063946, 36.346814, 170.484342, 3842, 569944.0
608, 71.755365, 663.829644, 36.489864, 206.389523, 3643, 539254.0
609, 70.982723, 663.482111, 37.838425, 201.282781, 3867, 574975.0
610, 71.864677, 662.828530, 38.585157, 203.431295, 3743, 555139.0
611, 70.609770, 664.159054, 36.094818, 188.178004, 3721, 553078.0
612, 74.542977, 664.158220, 36.685082, 236.627084, 3622, 534550.0
613, 70.988356, 662.950438, 36.839407, 210.035654, 3713, 551358.0
614, 68.633344, 662.504387, 38.224775, 172.208470, 3892, 580459.0
615, 71.837244, 662.597928, 37.392728, 206.485848, 3667, 543719.0
616, 67.837497, 663.761629, 36.348909, 173.142714, 3786, 562001.0
617, 71.087825, 663.995265, 37.086084, 194.104801, 3778, 560776.0
618, 71.303255, 663.346136, 37.846497, 180.933389, 3866, 575208.0
619, 69.286466, 662.223711, 38.648926, 177.872571, 3868, 576488.0
620, 67.270990, 662.990946, 37.290939, 185.919846, 3728, 554258.0
621, 70.862759, 663.615602, 38.123779, 169.796438, 3867, 577209.0
622, 70.322026, 662.800076, 36.577602, 189.672394, 3752, 557277.0
623, 71.468670, 663.074965, 38.284233, 211.548687, 3727, 553476.0
624, 69.235940, 662.760781, 36.874724, 181.994158, 3830, 569390.0
625, 68.846422, 662.483661, 38.120923, 176.208494, 3852, 573426.0
626, 72.893371, 663.591862, 37.755857, 228.562342, 3660, 541539.0
627, 72.862203, 664.213150, 37.159927, 202.441259, 3655, 540799.0
628, 68.541358, 663.735248, 38.280868, 190.555743, 3846, 572630.0
629, 71.801670, 664.058532, 37.068493, 186.842686, 3784, 561891.0
630, 68.731739, 662.970939, 37.691592, 164.836623, 3936, 586474.0
631, 69.821765, 662.592716, 38.378283, 164.105520, 3852, 573747.0
632, 67.144909, 662.745142, 38.223298, 169.862352, 3800, 566094.0
633, 72.011537, 665.002384, 35.947305, 182.381922, 3687, 578092.0
634, 71.946276, 663.838072, 37.782790, 206.223594, 3663, 546647.0
635, 69.429460, 662.933630, 36.990464, 196.881043, 3802, 590186.0
636, 70.807758, 664.052831, 37.022882, 194.665365, 3598, 543218.0
637, 69.733597, 662.745560, 37.598539, 188.418015, 3900, 583785.0
638, 72.107344, 663.987099, 37.534557, 233.046791, 3591, 530646.0
639, 69.760945, 664.507315, 37.019053, 176.102165, 3842, 578074.0
640, 70.989561, 662.849592, 38.410448, 185.348015, 3848, 583087.0
641, 68.512486, 663.805464, 37.706153, 165.247085, 3914, 592166.0
642, 69.310067, 663.009920, 37.540068, 176.981688, 3851, 596582.0
643, 67.906651, 662.793474, 37.899075, 175.459654, 3741, 568059.0
644, 70.835657, 661.653954, 38.781867, 195.416229, 3756, 582884.0
645, 70.983693, 662.808375, 38.315815, 180.337328, 3803, 565133.0
646, 69.151469, 661.716209, 38.771312, 175.125243, 3868, 575832.0
647, 69.672133, 662.810842, 36.911163, 190.877205, 3718, 551328.0
648, 69.128505, 662.194524, 37.696240, 185.509057, 3884, 578193.0
649, 74.492733, 663.893492, 37.401351, 215.689982, 3694, 545737.0
650, 69.716675, 663.962906, 37.190346, 172.946734, 3872, 575975.0
651, 67.124815, 663.524143, 36.919819, 169.731258, 3826, 568818.0
652, 70.007862, 664.332303, 36.759772, 178.859445, 3847, 572466.0
653, 68.930353, 663.007219, 37.629944, 161.666794, 3934, 586746.0
654, 72.358381, 662.632241, 38.424280, 192.707493, 3696, 547956.0
655, 67.738709, 663.168230, 36.772690, 183.860646, 3787, 575970.0
656, 70.712148, 663.052482, 37.405885, 186.855492, 3688, 548478.0
657, 71.856136, 664.625351, 37.259287, 197.417393, 3764, 559920.0
658, 72.548434, 664.321930, 36.922260, 211.746295, 3697, 550070.0
659, 69.856193, 662.430182, 38.126556, 177.072320, 3840, 573931.0
660, 68.934516, 663.392081, 37.413217, 189.527529, 3879, 578058.0
661, 73.872524, 663.973423, 38.435099, 234.929091, 3701, 548935.0
662, 70.340008, 665.193530, 36.423758, 170.513997, 3885, 577773.0
663, 71.505267, 663.734616, 37.612275, 181.844597, 3823, 570175.0
664, 69.896856, 662.938636, 38.475334, 174.683503, 3867, 579528.0
665, 69.061831, 662.596192, 38.062981, 179.541849, 3892, 578604.0
666, 69.675097, 663.111445, 37.342355, 182.749671, 3811, 566838.0
667, 74.198297, 664.198270, 35.843668, 231.662335, 3688, 545744.0
668, 71.278796, 663.020119, 37.907208, 175.692389, 3802, 565251.0
669, 70.159421, 664.241831, 37.248236, 184.361032, 3919, 584170.0
670, 70.434277, 664.625906, 36.697751, 176.174496, 3886, 578624.0
671, 70.923342, 664.467608, 36.704515, 193.856086, 3752, 557341.0
672, 68.736982, 663.393158, 37.654974, 183.713878, 3809, 567280.0
673, 70.374792, 664.684619, 36.661172, 178.470616, 3829, 568951.0
674, 68.140755, 662.352257, 37.296242, 178.409349, 3817, 567476.0
675, 71.185802, 664.500769, 37.065782, 190.266048, 3815, 566738.0
676, 71.663132, 662.642072, 37.310969, 184.470740, 3573, 529082.0
677, 70.847585, 663.739503, 37.520136, 182.371249, 3800, 563729.0
678, 67.693080, 662.549221, 37.615825, 176.973070, 3806, 565060.0
679, 68.686246, 665.230006, 34.853741, 175.818713, 3900, 579854.0
680, 67.770784, 662.435499, 37.750294, 176.060844, 3793, 564741.0
681, 66.616126, 663.216418, 37.904963, 182.491477, 3850, 572734.0
682, 66.527007, 662.916655, 37.101912, 158.771682, 3833, 569778.0
683, 69.997519, 663.991634, 36.937635, 174.426052, 3919, 582188.0
684, 66.534490, 663.658700, 37.568134, 160.641675, 3817, 567350.0
685, 69.978463, 662.567913, 38.624852, 171.673203, 3867, 574840.0
686, 69.160093, 662.535594, 38.341648, 160.049160, 3889, 580305.0
687, 69.759038, 663.160965, 37.510985, 179.910121, 3882, 577449.0
688, 71.573058, 663.499361, 38.305709, 196.494518, 3695, 548301.0
689, 66.756385, 663.460982, 36.853543, 171.667511, 3837, 570055.0
690, 69.270506, 662.648488, 37.745124, 176.902653, 3832, 570407.0
691, 69.476026, 663.103169, 37.050820, 177.584855, 3908, 583527.0
692, 68.824815, 663.469673, 36.934742, 171.297742, 3927, 585415.0
693, 69.676371, 663.336430, 37.285851, 184.210209, 3871, 590754.0
694, 71.968678, 663.059719, 38.050932, 199.717642, 3751, 557939.0
695, 72.355502, 664.129853, 36.745870, 213.469660, 3590, 533108.0
696, 69.450666, 663.933639, 37.465291, 199.068866, 3792, 565712.0
697, 69.133903, 662.857118, 37.025108, 172.349570, 3874, 578320.0
698, 70.062745, 663.007235, 36.774047, 202.473893, 3718, 553229.0
699, 70.994348, 664.361076, 36.983224, 179.091934, 3806, 566074.0
700, 73.396929, 663.458463, 37.359399, 206.649139, 3770, 560548.0
701, 73.681428, 663.735330, 37.885638, 190.621300, 3761, 556976.0
702, 72.324346, 662.192184, 38.414306, 177.637555, 3753, 557379.0
703, 68.899203, 662.808363, 37.570845, 179.865582, 3818, 567921.0
704, 72.793319, 663.630246, 37.514262, 209.731582, 3667, 543231.0
705, 70.522871, 662.183845, 37.688417, 176.223603, 3873, 576486.0
706, 69.654334, 664.640337, 35.902485, 191.455832, 3839, 571552.0
707, 71.200472, 662.966895, 38.060389, 217.796503, 3573, 533915.0
708, 70.409751, 663.039722, 37.519796, 173.310172, 3828, 572631.0
709, 69.578995, 663.790086, 36.754016, 198.163148, 3832, 573241.0
710, 67.836945, 663.380479, 37.317454, 178.947366, 3761, 560138.0
711, 69.759838, 663.542049, 37.271697, 193.870631, 3841, 571610.0
712, 70.305017, 664.073111, 37.576259, 187.803834, 3823, 572633.0
713, 69.613159, 664.082885, 36.992835, 174.699105, 3925, 584730.0
714, 69.639916, 663.604540, 37.586131, 193.301004, 3769, 563723.0
715, 73.336776, 663.641196, 37.239902, 218.341201, 3716, 550557.0
716, 71.040260, 664.358015, 36.903286, 193.034737, 3782, 561598.0
717, 69.733689, 663.074286, 39.003299, 176.656356, 3812, 567710.0
718, 68.524443, 663.041346, 36.710933, 187.220653, 3823, 568052.0
719, 67.581720, 662.851442, 37.308747, 194.234861, 3745, 557596.0
720, 68.820436, 663.961769, 36.710508, 175.417947, 3807, 565728.0
721, 71.601333, 664.144181, 37.120986, 203.002363, 3684, 546407.0
722, 70.460276, 663.281135, 37.574024, 205.975753, 3758, 558613.0
723, 70.860891, 662.690161, 38.309880, 191.337747, 3846, 571720.0
724, 68.548413, 663.666158, 36.756364, 180.284973, 3903, 580456.0
725, 67.068516, 662.134749, 38.344519, 186.460182, 3766, 560865.0
726, 69.106621, 662.732881, 37.126286, 184.664432, 3915, 583239.0
727, 67.396285, 662.580115, 38.032431, 167.838573, 3869, 575173.0
728, 69.404543, 663.071375, 37.751912, 175.785982, 3905, 582106.0
729, 69.435019, 664.625329, 37.628139, 167.747227, 3858, 574002.0
730, 71.528318, 663.002024, 37.009797, 199.263199, 3685, 548180.0
731, 71.014962, 663.171590, 36.890333, 194.236455, 3659, 548257.0
732, 71.917648, 662.761339, 37.960414, 180.293198, 3717, 556049.0
733, 68.935008, 662.657889, 36.932267, 175.650135, 3906, 580257.0
734, 72.827175, 664.804369, 36.141092, 208.578827, 3546, 523547.0
735, 69.103631, 662.858243, 38.050619, 169.547090, 3941, 590520.0
736, 67.706933, 663.310521, 38.116219, 157.514956, 3935, 586929.0
737, 70.111859, 663.053517, 37.910828, 188.552662, 3829, 569395.0
738, 67.580125, 663.888211, 36.520665, 170.293406, 3876, 576753.0
739, 69.660300, 663.803632, 37.172427, 204.882531, 3818, 567148.0
740, 67.298128, 664.177243, 37.239796, 167.506545, 3857, 577587.0
741, 69.978691, 664.517091, 36.506338, 186.859140, 3766, 560044.0
742, 67.337359, 663.476494, 37.933766, 153.379636, 3886, 578532.0
743, 70.238749, 663.648406, 37.180651, 184.040033, 3858, 573063.0
744, 70.486556, 663.602017, 37.119768, 187.112528, 3869, 576603.0
745, 68.910640, 662.428497, 37.654038, 164.288759, 3959, 590029.0
746, 70.164633, 663.512786, 37.650821, 184.268429, 3867, 576125.0
747, 69.724155, 663.933673, 36.804401, 181.711529, 3839, 570714.0
748, 68.482409, 663.179854, 37.673645, 167.861438, 3849, 573238.0
749, 67.967908, 663.157012, 37.987060, 156.291140, 3844, 578590.0
750, 68.627279, 663.341088, 37.943526, 171.260927, 3925, 586433.0
751, 69.075843, 663.509091, 38.195231, 172.638756, 3916, 583271.0
752, 67.558944, 663.040235, 37.507430, 160.092644, 3827, 569929.0
753, 69.133992, 663.719824, 36.510141, 167.173917, 3854, 576128.0
754, 67.172364, 661.834962, 37.705443, 167.774433, 3785, 566773.0
755, 67.229104, 663.035725, 37.271044, 157.605249, 3840, 575287.0
756, 67.846892, 662.371939, 37.387799, 170.115484, 3897, 581874.0
757, 68.565554, 662.890903, 37.788631, 177.713309, 3847, 572941.0
758, 68.374251, 665.368435, 36.021820, 162.936302, 3858, 574411.0
759, 67.266912, 664.073543, 36.191836, 168.752869, 3834, 585142.0
760, 69.108016, 664.436137, 36.455568, 185.298969, 3899, 580154.0
761, 68.023725, 663.089628, 37.196454, 168.429988, 3890, 580408.0
762, 70.335150, 664.235243, 36.999300, 181.578410, 3923, 582322.0
763, 72.288869, 663.692884, 37.334252, 191.565382, 3708, 548556.0
764, 69.136129, 663.021303, 38.240086, 159.529436, 3933, 585117.0
765, 71.659559, 665.260596, 36.688156, 189.503307, 3726, 555918.0
766, 69.925052, 662.481702, 38.444140, 175.024253, 3856, 578197.0
767, 70.249495, 663.973464, 37.211373, 192.254548, 3859, 577056.0
768, 69.114942, 663.387063, 37.580531, 165.376930, 3853, 596935.0
769, 70.509217, 662.582776, 37.061546, 200.590265, 3730, 556374.0
770, 68.771345, 663.123838, 37.870636, 185.389329, 3811, 567301.0
771, 68.423591, 663.854102, 36.870744, 168.110833, 3845, 577811.0
772, 68.812615, 663.377760, 38.236590, 181.134429, 3854, 585372.0
773, 71.880540, 664.307446, 36.030885, 198.647887, 3680, 545427.0
774, 70.351531, 662.954211, 37.727780, 185.454229, 3866, 577335.0
775, 67.960146, 662.510746, 38.387140, 170.652639, 3874, 585381.0
776, 69.988043, 664.479116, 37.442195, 169.918452, 3876, 587582.0
777, 70.427963, 661.927154, 37.674370, 201.455016, 3741, 559458.0
778, 68.777902, 663.074269, 37.032759, 170.729281, 3863, 576379.0
779, 71.736756, 663.383347, 37.227960, 186.239884, 3713, 551442.0
780, 68.990162, 662.982591, 37.355150, 169.015338, 3941, 588853.0
781, 71.091258, 663.373815, 37.421533, 198.639318, 3874, 577774.0
782, 71.468066, 663.710618, 37.296487, 164.168283, 3768, 563706.0
783, 71.504704, 664.291497, 36.859007, 198.616243, 3726, 554344.0
784, 67.661943, 662.738713, 38.865592, 165.506300, 3890, 582067.0
785, 68.166315, 663.399542, 36.424919, 182.578774, 3827, 569903.0
786, 67.867176, 662.992112, 37.041197, 159.553249, 3908, 583980.0
787, 71.172009, 662.679656, 37.320484, 194.830283, 3614, 537586.0
788, 68.249195, 664.069828, 37.265966, 172.907929, 3856, 575075.0
789, 68.758842, 663.323578, 36.515905, 168.057199, 3903, 582579.0
790, 68.405518, 663.704823, 38.447850, 159.941258, 3901, 581392.0
791, 67.513339, 663.890988, 36.429491, 165.649388, 3825, 568959.0
792, 69.360398, 662.608964, 36.966716, 179.440743, 3882, 578901.0
793, 69.173327, 662.190579, 37.538830, 169.041958, 3798, 566570.0
794, 66.684859, 663.262043, 37.438781, 153.164688, 3817, 566631.0
795, 69.662945, 662.278243, 38.735064, 190.321793, 3845, 571757.0
796, 70.853674, 663.050151, 37.985116, 193.391901, 3836, 569569.0
797, 68.794573, 663.726524, 37.889311, 159.705565, 3920, 584450.0
798, 67.400813, 662.861641, 37.737480, 160.304501, 3883, 578092.0
799, 69.683852, 664.521788, 37.196355, 171.746743, 3911, 581856.0
800, 68.437333, 663.856447, 35.923054, 181.845866, 3889, 577749.0
801, 69.413790, 663.198259, 38.091890, 156.437570, 3924, 602002.0
802, 66.471625, 662.484450, 36.683769, 164.626380, 3841, 588677.0
803, 72.468747, 664.202114, 37.210495, 207.982329, 3712, 550031.0
804, 71.017952, 664.467567, 36.428137, 199.348743, 3761, 557868.0
805, 71.356268, 662.868458, 37.272995, 188.949425, 3874, 599019.0
806, 68.684222, 662.917895, 36.745289, 188.037407, 3760, 558868.0
807, 70.064663, 664.049353, 35.924750, 195.606835, 3811, 569858.0
808, 70.190080, 663.985796, 37.030680, 171.494078, 3875, 575166.0
809, 70.294267, 663.822753, 37.370182, 186.302315, 3833, 568291.0
810, 67.358821, 662.507038, 38.029919, 165.285970, 3813, 571207.0
811, 69.051321, 664.038709, 37.671691, 165.659060, 3832, 584614.0
812, 68.798553, 662.571268, 37.676681, 165.611388, 3941, 616801.0
813, 70.960385, 663.007257, 37.406342, 184.767588, 3778, 566671.0
814, 68.764247, 662.841626, 37.486545, 189.191395, 3749, 559018.0
815, 69.297441, 663.376794, 37.442151, 191.277016, 3803, 567496.0
816, 69.366781, 664.347986, 37.193384, 173.206978, 3808, 568165.0
817, 71.668773, 664.046208, 38.044394, 199.940144, 3633, 540514.0
818, 67.220311, 662.898526, 37.083532, 176.139122, 3758, 561525.0
819, 69.746210, 664.135202, 36.944541, 179.177708, 3800, 566058.0
820, 69.324540, 663.427315, 37.600715, 179.482062, 3896, 579634.0
821, 70.275566, 662.535119, 38.216318, 184.728140, 3863, 576580.0
822, 71.049786, 663.188482, 37.364515, 185.651742, 3856, 573172.0
823, 71.015431, 663.515690, 38.026717, 186.644168, 3835, 570084.0
824, 69.759169, 661.941462, 38.683901, 199.743251, 3749, 585229.0
825, 69.751843, 662.642472, 37.990409, 200.102386, 3773, 564512.0
826, 67.865234, 662.397416, 38.288473, 171.031150, 3859, 578489.0
827, 67.749283, 663.323881, 36.872081, 174.970768, 3798, 576332.0
828, 66.566813, 661.049995, 37.852655, 162.905449, 3808, 567657.0
829, 68.413494, 662.971794, 36.924232, 181.284555, 3866, 576029.0
830, 68.593995, 662.728077, 39.056719, 149.089777, 3877, 584196.0
831, 68.170421, 662.151747, 38.457193, 168.185791, 3919, 584014.0
832, 68.897254, 662.442579, 37.509536, 197.798049, 3910, 581455.0
833, 70.558365, 663.265111, 37.850672, 194.005273, 3873, 581760.0
834, 68.634955, 663.685361, 37.234739, 179.891831, 3853, 572864.0
835, 68.164920, 663.170724, 36.369586, 184.548231, 3770, 559913.0
836, 69.519021, 662.995229, 37.927313, 166.521989, 3943, 589228.0
837, 69.865623, 662.485959, 37.641598, 170.117229, 3820, 567752.0
838, 69.257174, 663.765894, 36.841955, 173.321341, 3920, 583155.0
839, 69.576788, 664.054618, 36.281890, 199.532373, 3790, 561785.0
840, 69.014423, 662.599560, 38.259467, 179.128295, 3905, 580660.0
841, 69.843033, 664.657549, 37.631700, 186.875924, 3788, 562424.0
842, 71.795214, 663.059044, 38.199779, 190.658817, 3744, 560827.0
843, 66.895778, 662.355765, 37.652600, 164.007014, 3774, 569721.0
844, 68.383066, 663.315955, 36.589147, 175.014675, 3806, 567290.0
845, 67.218366, 663.579432, 36.730415, 168.104157, 3799, 564475.0
846, 68.441224, 662.262892, 38.120926, 175.984386, 3868, 575139.0
847, 69.518183, 663.221258, 37.122170, 161.785908, 3931, 585961.0
848, 68.319984, 663.001072, 37.070696, 171.731021, 3868, 576145.0
849, 69.086000, 662.539642, 37.185881, 159.615430, 3922, 584313.0
850, 67.668627, 662.971017, 37.106794, 172.487139, 3777, 578449.0
851, 70.833324, 663.278236, 38.092833, 197.912073, 3840, 573332.0
852, 67.251618, 663.963699, 36.671051, 166.367293, 3846, 581634.0
853, 69.712101, 663.263671, 37.839821, 159.791110, 3905, 587279.0
854, 67.891851, 663.091377, 34.308806, 375.477337, 3526, 522476.0
855, 71.763281, 664.031901, 36.705667, 182.454191, 3787, 562369.0
856, 68.248029, 661.253658, 38.257010, 151.206279, 3909, 583548.0
857, 66.698338, 662.952545, 37.374287, 149.438764, 3830, 570246.0
858, 68.073837, 662.853213, 37.754920, 161.142608, 3931, 585515.0
859, 67.698328, 662.742968, 36.756603, 171.651219, 3832, 570090.0
860, 70.861198, 664.619735, 35.394506, 204.844372, 3679, 543580.0
861, 67.155467, 664.065073, 37.331327, 181.165462, 3816, 573968.0
862, 67.453326, 661.676890, 38.687650, 188.680246, 3790, 586264.0
863, 67.609820, 662.582331, 37.679545, 167.026163, 3867, 577159.0
864, 68.789628, 663.627506, 36.966035, 182.168577, 3851, 574989.0
865, 69.666398, 663.003314, 37.724158, 172.366304, 3941, 586170.0
866, 70.126985, 662.732489, 36.967401, 184.225887, 3815, 568024.0
867, 69.031418, 663.115222, 37.215432, 158.582595, 3930, 605464.0
868, 72.933852, 664.007989, 38.257845, 199.480213, 3726, 558777.0
869, 69.279555, 663.230029, 37.192870, 189.346719, 3771, 566721.0
870, 70.463653, 662.289296, 38.513286, 185.477437, 3848, 574493.0
871, 67.567116, 664.245346, 37.060245, 172.185060, 3831, 577569.0
872, 70.390610, 663.128864, 37.039326, 179.048296, 3860, 575656.0
873, 71.601007, 663.204150, 37.351429, 183.630899, 3712, 563666.0
874, 67.735688, 663.532290, 37.626337, 175.795248, 3863, 579171.0
875, 71.739622, 663.047596, 36.982563, 202.181364, 3658, 546925.0
876, 70.830037, 663.963305, 37.458677, 190.861889, 3758, 569814.0
877, 66.821646, 663.608812, 37.338581, 184.220208, 3886, 585231.0
878, 69.664649, 663.363372, 37.755331, 181.976155, 3810, 578755.0
879, 70.402359, 664.520236, 36.018122, 182.771093, 3762, 564144.0
880, 67.469845, 663.541531, 36.766330, 144.232903, 3870, 590929.0
881, 70.178105, 663.704264, 36.178682, 174.038318, 3789, 596995.0
882, 68.957712, 664.057396, 37.632231, 165.416513, 3927, 585162.0
883, 70.137151, 664.208885, 36.775430, 175.444002, 3905, 580604.0
884, 67.787726, 663.735228, 36.105600, 172.835148, 3820, 569098.0
885, 69.850368, 661.525339, 38.442283, 172.181876, 3822, 589981.0
886, 70.350935, 662.901564, 37.255919, 197.289904, 3669, 552047.0
887, 69.572407, 663.463083, 38.053349, 154.026653, 3852, 590860.0
888, 69.224141, 662.963264, 37.651786, 178.500580, 3853, 580550.0
889, 68.167925, 663.450071, 36.967995, 151.185892, 3938, 605295.0
890, 69.650310, 662.599292, 37.900045, 164.018770, 3925, 604294.0
891, 69.508461, 664.387213, 35.876738, 183.885415, 3863, 597463.0
892, 71.281125, 663.341713, 38.367209, 194.646426, 3855, 578623.0
893, 70.259845, 663.906760, 37.102593, 179.911971, 3832, 596043.0
894, 68.401285, 662.076153, 37.671681, 179.812423, 3894, 611615.0
895, 68.798644, 663.124535, 38.079775, 169.984349, 3880, 605904.0
896, 71.163123, 662.858501, 37.398201, 194.756031, 3731, 565706.0
897, 67.282908, 661.920526, 36.888374, 178.581647, 3755, 569892.0
898, 71.102194, 663.730801, 36.583880, 163.130790, 3751, 585130.0
899, 67.799896, 663.231238, 37.537904, 182.996606, 3870, 577526.0
900, 66.373774, 662.761098, 37.132572, 166.060302, 3714, 553047.0
901, 69.080252, 661.369124, 38.472843, 166.789784, 3802, 572740.0
902, 67.757563, 662.569048, 37.623801, 162.197441, 3820, 568640.0
903, 69.450526, 663.799073, 38.189662, 159.761321, 3919, 590095.0
904, 71.404029, 662.509062, 38.634277, 178.053413, 3786, 563524.0
905, 68.151833, 663.216417, 36.048225, 175.950164, 3684, 549664.0
906, 71.950750, 664.494210, 37.169656, 193.278159, 3682, 546939.0
907, 70.066581, 662.419111, 38.488624, 155.932499, 3800, 563587.0
908, 65.430209, 663.441151, 37.808647, 151.455292, 3789, 561324.0
909, 69.083009, 662.164185, 38.741575, 171.145843, 3952, 589602.0
910, 68.275920, 663.043350, 38.592933, 151.218733, 3865, 575432.0
911, 69.887345, 662.827711, 37.280658, 168.763483, 3856, 573874.0
912, 68.962247, 662.277464, 37.790773, 167.946161, 3897, 579602.0
913, 71.673518, 663.959820, 37.447756, 198.883533, 3707, 579751.0
914, 69.896362, 662.933436, 38.259893, 165.698041, 3876, 577374.0
915, 71.743374, 662.859715, 37.777973, 202.050429, 3734, 555174.0
916, 68.483653, 662.461611, 37.907322, 151.761297, 3932, 586196.0
917, 72.368716, 664.002058, 37.225669, 192.571117, 3746, 555500.0
918, 71.023338, 663.274044, 37.755591, 185.760507, 3848, 572408.0
919, 68.264263, 662.490263, 37.261041, 159.965257, 3891, 579414.0
920, 69.472167, 663.690299, 37.370615, 193.475768, 3701, 550269.0
921, 67.618276, 661.574482, 38.066154, 159.744087, 3788, 565099.0
922, 68.356975, 663.110875, 37.684153, 162.085016, 3834, 572612.0
923, 68.763098, 664.068091, 36.833728, 170.432922, 3831, 569133.0
924, 71.309249, 663.377982, 36.962326, 197.360238, 3676, 547073.0
925, 72.448150, 663.086669, 37.071127, 185.869524, 3708, 550435.0
926, 65.427866, 663.665598, 36.417792, 191.936717, 3614, 537011.0
927, 70.246740, 664.169204, 36.722144, 183.701489, 3875, 576328.0
928, 70.117816, 663.766140, 37.286695, 177.418098, 3779, 562154.0
929, 68.976914, 663.211877, 37.064606, 162.833309, 3930, 586803.0
930, 68.849234, 663.181847, 37.068108, 174.692914, 3866, 575359.0
931, 70.006019, 663.792055, 36.699352, 184.184245, 3834, 570479.0
932, 66.918021, 663.427070, 37.423619, 189.734485, 3842, 572009.0
933, 69.434901, 662.661911, 37.913857, 168.491049, 3782, 562421.0
934, 66.443313, 662.850058, 38.133490, 160.198541, 3799, 567612.0
935, 70.334618, 662.642725, 38.194530, 174.925761, 3811, 567615.0
936, 68.877838, 661.791215, 38.191103, 158.701157, 3927, 610312.0
937, 71.726961, 664.843569, 35.454156, 205.107835, 3652, 539462.0
938, 72.928440, 664.051181, 36.204921, 208.351637, 3645, 538822.0
939, 69.543603, 663.020373, 37.989823, 185.782544, 3805, 566111.0
940, 69.372468, 664.272897, 37.021912, 176.189631, 3815, 566958.0
941, 70.074039, 663.179215, 37.268899, 180.381229, 3896, 579581.0
942, 69.641932, 664.146265, 36.319859, 178.346041, 3864, 573278.0
943, 70.774469, 662.649226, 36.493143, 195.981261, 3708, 549947.0
944, 68.075869, 663.287403, 37.164350, 183.166128, 3852, 572428.0
945, 69.982102, 662.539705, 38.619615, 170.777140, 3902, 582819.0
946, 69.922626, 662.850920, 37.344078, 165.519521, 3889, 580537.0
947, 69.071886, 663.684119, 37.809988, 145.867360, 3932, 588684.0
948, 71.205860, 662.163725, 37.439978, 212.022002, 3629, 538190.0
949, 69.942978, 664.767605, 36.003739, 168.944069, 3905, 580573.0
950, 73.751808, 664.437856, 37.083668, 198.805239, 3706, 555440.0
951, 68.260175, 663.638561, 36.891719, 191.343939, 3764, 559637.0
952, 67.305609, 661.632561, 38.276600, 175.908748, 3766, 560871.0
953, 69.698877, 661.858376, 37.589811, 180.164818, 3755, 559660.0
954, 70.155331, 663.066023, 37.557898, 194.282828, 3746, 556846.0
955, 69.453555, 663.345751, 38.222244, 175.941968, 3871, 576784.0
956, 71.604694, 664.157210, 35.815207, 196.227980, 3678, 543951.0
957, 69.056448, 663.387814, 36.812650, 174.374740, 3921, 583052.0
958, 69.232823, 663.359598, 37.428166, 155.063057, 3918, 583858.0
959, 68.920091, 662.705272, 38.927887, 172.240152, 3883, 585206.0
960, 68.334405, 663.820271, 36.996391, 158.720585, 3851, 577602.0
961, 69.021754, 662.545300, 37.778152, 160.283705, 3886, 583599.0
962, 68.316676, 662.173803, 37.672552, 185.034305, 3821, 573521.0
963, 68.560733, 663.658631, 37.098161, 172.123617, 3853, 571927.0
964, 71.014847, 662.356927, 38.179670, 176.010882, 3918, 582518.0
965, 68.074108, 662.210851, 38.266139, 151.978209, 3910, 588082.0
966, 69.200613, 663.607900, 37.682144, 160.253951, 3933, 590829.0
967, 70.402145, 663.948404, 37.136486, 165.147101, 3920, 587264.0
968, 68.369980, 663.091363, 37.680188, 154.443691, 3938, 587016.0
969, 69.015217, 663.832429, 38.021123, 162.354248, 3928, 584994.0
970, 68.597568, 663.410829, 36.620192, 167.746043, 3834, 573505.0
971, 69.917071, 663.876486, 37.345820, 153.763878, 3892, 584252.0
972, 68.048355, 663.378409, 38.292365, 143.873684, 3897, 584241.0
973, 68.761250, 662.261620, 38.844595, 155.664116, 3929, 612662.0
974, 70.545870, 662.782184, 37.999002, 196.631568, 3862, 575588.0
975, 70.652938, 662.930410, 37.879530, 182.303435, 3832, 576735.0
976, 66.322408, 663.294077, 37.086207, 142.681045, 3840, 577903.0
977, 71.550338, 663.255420, 37.772729, 184.497072, 3716, 555186.0
978, 67.759987, 663.352518, 37.954440, 150.879123, 3955, 589509.0
979, 69.061143, 663.431561, 36.617137, 178.790280, 3870, 576073.0
980, 73.434393, 663.598857, 36.774239, 204.701813, 3692, 552053.0
981, 68.549518, 662.673664, 38.158745, 168.542900, 3864, 578065.0
982, 70.416690, 664.493801, 36.936826, 175.309310, 3828, 573209.0
983, 69.990658, 663.407574, 37.999393, 183.083578, 3712, 552258.0
984, 70.694595, 662.313179, 37.349735, 171.827661, 3866, 574410.0
985, 69.618102, 663.411394, 36.276076, 181.289914, 3898, 585759.0
986, 69.105101, 664.236197, 37.129118, 166.329860, 3894, 584436.0
987, 70.284188, 663.555870, 37.796260, 171.739601, 3796, 565145.0
988, 67.717644, 662.723883, 38.278549, 155.751370, 3889, 579688.0
989, 68.180750, 664.196274, 37.191503, 195.503757, 3809, 566819.0
990, 69.273585, 663.086898, 37.693657, 170.726728, 3867, 580319.0
991, 70.972441, 663.570929, 36.717281, 164.250487, 3883, 588325.0
992, 68.095260, 664.112147, 36.457717, 170.403641, 3870, 578239.0
993, 69.946877, 664.178171, 37.243502, 178.118662, 3884, 579069.0
994, 71.295774, 663.049193, 37.502402, 172.781640, 3844, 571838.0
995, 67.460337, 662.851278, 37.321266, 162.148234, 3833, 575162.0
996, 70.914127, 663.990610, 37.321357, 175.553591, 3865, 583260.0
997, 69.268418, 662.798721, 37.880297, 179.545054, 3757, 562764.0
998, 69.418475, 663.500933, 37.438523, 180.072301, 3818, 568255.0
999, 70.978140, 662.225272, 38.579301, 184.771394, 3803, 568099.0
