#idx, x0, x1, x2, y, f_neval, total_time (us), 
0, 70.846095, 664.505609, 36.803242, 176.513853, 3249, 500144.0
1, 72.596446, 663.590870, 37.349646, 205.224703, 3114, 467007.0
2, 72.066901, 663.090752, 37.478238, 199.543141, 3117, 464922.0
3, 70.135516, 663.761723, 37.217899, 204.716518, 3223, 480761.0
4, 72.121959, 663.799749, 36.182840, 219.511094, 3111, 464355.0
5, 70.742627, 663.230051, 36.742943, 210.123993, 3131, 466780.0
6, 71.822872, 663.058221, 38.634311, 197.769290, 3161, 467250.0
7, 73.275012, 662.405790, 37.165919, 210.601456, 3101, 458151.0
8, 72.168140, 664.759321, 37.013502, 204.651295, 3072, 453421.0
9, 72.360538, 663.886672, 36.906744, 220.311953, 3081, 454433.0
10, 75.496087, 663.911888, 36.908425, 232.475854, 3103, 457987.0
11, 72.057247, 664.132853, 36.307110, 197.745064, 3078, 454915.0
12, 71.601293, 662.777926, 38.638946, 185.681768, 3187, 472415.0
13, 72.376304, 664.511102, 37.003785, 234.381587, 3033, 448383.0
14, 71.826361, 662.614482, 37.333712, 214.398239, 3091, 463148.0
15, 70.180095, 664.552366, 37.374215, 177.209425, 3253, 489290.0
16, 70.118369, 663.385309, 37.568815, 175.938655, 3290, 493050.0
17, 71.412861, 664.825231, 35.803743, 194.883778, 3080, 459802.0
18, 68.734969, 662.878876, 36.761279, 204.742023, 3230, 480321.0
19, 74.201169, 663.571246, 37.337955, 231.858770, 3080, 457031.0
20, 72.782429, 663.312496, 37.887911, 205.519711, 3146, 468479.0
21, 72.378755, 663.825127, 37.048370, 185.888840, 3154, 473273.0
22, 69.272771, 663.800684, 36.797296, 186.338358, 3272, 488998.0
23, 73.318978, 661.781888, 38.427218, 218.654415, 3092, 458690.0
24, 72.095073, 663.417847, 37.190260, 217.117997, 3057, 452757.0
25, 70.749267, 663.780031, 38.833994, 197.023919, 3161, 469450.0
26, 74.617004, 663.970688, 36.741406, 223.067314, 3084, 455834.0
27, 70.816476, 664.215212, 36.743568, 185.386339, 3212, 476198.0
28, 71.355571, 662.649469, 37.901241, 187.092004, 3265, 484097.0
29, 72.330852, 664.205582, 36.525276, 198.778595, 3079, 454724.0
30, 70.076365, 663.675895, 37.533130, 176.284937, 3224, 479389.0
31, 69.930008, 663.267392, 38.311580, 200.119851, 3212, 477340.0
32, 70.079624, 663.364395, 37.727137, 183.202835, 3213, 477700.0
33, 70.952356, 662.478774, 38.241906, 176.805364, 3140, 465986.0
34, 70.135449, 662.279204, 37.696881, 182.220802, 3212, 477804.0
35, 73.858681, 662.983185, 37.060203, 212.723081, 3119, 462892.0
36, 71.669129, 663.128305, 38.352785, 192.013639, 3106, 472852.0
37, 69.067208, 662.049701, 37.562195, 179.392085, 3296, 489632.0
38, 70.480010, 664.122354, 36.797691, 203.658729, 3204, 474760.0
39, 68.157142, 662.256675, 37.831177, 166.787252, 3281, 487251.0
40, 71.516767, 663.574460, 37.343221, 191.194665, 3104, 470684.0
41, 71.287377, 664.192941, 36.319005, 181.478057, 3145, 466902.0
42, 68.222366, 662.664397, 37.776528, 185.727214, 3265, 486446.0
43, 72.531191, 663.085454, 37.295988, 206.780080, 3171, 470006.0
44, 71.305710, 663.133283, 38.634775, 169.503484, 3183, 473298.0
45, 69.183790, 662.884758, 38.685739, 191.003973, 3194, 474811.0
46, 69.923543, 664.718065, 36.482339, 198.407398, 3250, 482862.0
47, 71.150800, 664.445018, 36.789449, 193.519817, 3106, 460570.0
48, 69.405637, 662.782150, 37.584733, 187.404182, 3206, 476869.0
49, 71.971436, 663.457896, 36.533499, 186.502233, 3145, 465697.0
50, 72.532743, 663.892985, 36.195760, 183.334000, 3124, 463332.0
51, 72.731358, 664.344487, 37.392429, 199.169246, 3130, 465203.0
52, 66.392709, 663.941624, 36.474955, 165.031673, 3230, 496426.0
53, 70.833771, 663.470040, 36.723052, 222.155166, 3019, 447114.0
54, 71.554350, 663.134974, 38.266205, 203.222131, 3109, 462681.0
55, 69.134146, 663.613744, 37.564537, 168.767668, 3277, 488010.0
56, 70.954522, 664.149446, 38.084592, 192.368194, 3186, 473840.0
57, 68.570654, 662.806688, 36.814722, 173.253271, 3246, 483479.0
58, 70.092717, 663.208695, 37.810858, 186.933158, 3237, 483575.0
59, 69.003820, 663.746684, 37.991681, 174.090557, 3253, 485069.0
60, 71.929439, 664.382425, 37.277493, 190.254405, 3116, 463243.0
61, 68.834283, 663.447026, 37.813524, 153.759733, 3272, 488581.0
62, 68.838272, 662.761296, 37.811140, 162.853609, 3268, 487378.0
63, 68.494934, 663.550462, 36.584842, 179.850382, 3256, 484856.0
64, 70.669256, 664.275574, 37.293703, 189.374735, 3213, 477964.0
65, 67.753249, 663.234453, 36.808294, 180.898812, 3262, 485510.0
66, 68.301270, 662.673658, 37.845478, 171.295435, 3262, 486098.0
67, 72.495817, 663.634245, 36.243894, 214.136603, 3041, 450294.0
68, 66.673528, 662.470065, 37.623547, 183.651517, 3219, 479995.0
69, 69.255838, 663.172522, 37.670483, 207.593042, 3157, 470053.0
70, 68.265981, 663.651613, 37.096848, 165.642656, 3269, 488075.0
71, 69.939129, 664.716988, 36.947483, 191.928241, 3288, 489800.0
72, 71.267067, 662.776696, 37.776042, 199.858042, 3104, 461295.0
73, 65.055703, 663.029185, 37.502698, 183.154353, 3202, 476648.0
74, 69.674142, 664.006769, 36.777651, 175.140291, 3271, 486601.0
75, 69.465914, 663.441248, 38.268701, 185.596365, 3278, 489028.0
76, 67.127318, 663.150327, 36.251412, 185.256065, 3160, 470884.0
77, 67.352962, 662.786929, 37.416347, 163.690617, 3284, 489242.0
78, 70.076187, 663.095199, 37.247017, 181.092449, 3270, 488992.0
79, 70.561428, 662.402425, 38.071406, 204.087795, 3144, 482371.0
80, 67.693872, 663.339332, 37.361143, 168.293431, 3263, 486696.0
81, 68.351530, 663.202388, 37.919085, 161.751670, 3271, 487524.0
82, 68.493648, 664.071441, 36.297164, 159.445302, 3320, 494213.0
83, 71.273279, 664.557352, 36.232257, 190.037754, 3261, 484765.0
84, 68.006898, 662.504886, 37.440665, 177.969959, 3289, 489233.0
85, 70.387172, 664.899120, 36.594851, 204.566205, 3118, 461806.0
86, 67.875900, 663.643060, 37.439056, 173.663294, 3205, 476302.0
87, 67.674512, 663.016388, 37.126733, 170.664695, 3233, 481607.0
88, 67.282391, 663.002338, 37.106094, 174.054214, 3227, 480311.0
89, 68.895847, 664.826283, 36.384161, 156.783081, 3315, 495885.0
90, 72.100779, 663.805749, 36.098547, 214.566648, 3100, 459686.0
91, 68.285521, 662.064524, 38.167275, 176.505119, 3235, 482674.0
92, 67.571753, 662.283391, 38.122579, 187.102426, 3313, 493348.0
93, 67.652057, 662.512486, 37.624458, 193.647966, 3211, 478689.0
94, 70.095673, 664.387130, 36.561282, 171.924876, 3266, 486467.0
95, 69.431705, 663.094839, 38.484630, 166.716745, 3271, 487687.0
96, 68.873387, 664.172534, 35.503232, 172.328547, 3318, 492502.0
97, 69.341028, 664.308386, 36.252189, 175.179871, 3276, 487067.0
98, 69.659019, 663.180440, 37.098464, 164.254363, 3341, 498106.0
99, 68.468009, 664.523112, 36.811455, 181.018527, 3209, 477936.0
100, 66.289740, 662.483343, 37.467393, 170.222337, 3209, 477448.0
101, 69.614938, 663.496570, 36.944298, 202.567351, 3190, 474733.0
102, 67.281333, 662.690544, 38.130968, 162.197584, 3251, 485248.0
103, 68.634866, 662.681104, 38.176436, 173.995610, 3304, 492285.0
104, 69.507546, 664.614447, 35.597535, 180.903665, 3252, 484183.0
105, 68.487501, 663.079859, 36.764553, 188.117841, 3211, 478004.0
106, 71.521686, 664.554063, 36.416445, 195.736044, 3152, 468376.0
107, 70.674653, 662.789612, 38.147821, 181.104618, 3239, 482921.0
108, 68.390847, 663.537900, 37.303107, 187.970216, 3167, 472146.0
109, 68.996093, 664.050215, 37.228667, 177.907463, 3247, 483401.0
110, 68.913666, 664.759337, 36.766929, 177.469079, 3270, 486484.0
111, 69.867487, 663.698353, 37.383858, 183.977164, 3177, 472996.0
112, 69.784669, 662.206656, 37.452454, 189.416825, 3245, 484065.0
113, 69.822699, 662.378739, 38.540936, 161.552024, 3303, 493079.0
114, 71.631245, 664.592358, 36.813732, 198.359835, 3129, 463393.0
115, 67.005217, 662.699394, 38.207017, 168.798813, 3261, 486110.0
116, 72.014854, 664.715907, 36.609142, 223.594620, 3072, 454978.0
117, 70.359951, 664.648215, 36.034718, 216.979207, 3116, 463231.0
118, 68.804165, 663.206970, 38.322004, 193.639278, 3275, 487905.0
119, 65.993661, 663.566981, 37.756474, 150.728482, 3287, 490283.0
120, 66.929873, 663.367733, 38.188835, 158.191324, 3265, 485844.0
121, 67.019480, 663.756890, 36.035940, 178.449693, 3160, 482442.0
122, 71.782340, 662.675220, 37.720959, 204.985804, 3079, 457694.0
123, 69.653107, 663.528704, 37.843037, 177.631873, 3272, 488086.0
124, 70.317467, 663.042458, 37.284573, 162.948568, 3251, 483742.0
125, 68.396630, 661.980645, 37.885847, 184.704452, 3275, 487855.0
126, 68.401611, 663.100823, 38.959768, 180.765232, 3267, 487206.0
127, 66.566043, 662.831033, 37.177114, 171.655926, 3217, 478241.0
128, 70.812990, 664.016982, 37.019335, 191.866184, 3225, 482688.0
129, 70.192269, 663.046762, 37.511719, 184.148763, 3242, 483324.0
130, 69.881380, 665.106792, 36.675150, 175.666422, 3277, 491368.0
131, 71.024709, 663.135744, 38.289149, 199.652066, 3105, 467340.0
132, 71.568286, 662.395438, 38.393272, 193.031941, 3158, 469988.0
133, 68.249257, 664.217856, 36.361754, 159.246345, 3258, 484938.0
134, 69.381654, 663.973180, 36.161619, 198.308080, 3258, 485379.0
135, 71.420293, 664.665100, 36.246684, 215.869744, 3094, 458972.0
136, 71.425137, 662.388580, 37.590580, 202.507745, 3098, 464968.0
137, 69.925067, 663.451378, 37.286141, 178.935720, 3248, 487126.0
138, 68.646921, 662.448238, 36.952034, 166.006738, 3271, 488830.0
139, 71.206380, 662.871041, 37.902741, 199.314894, 3145, 467837.0
140, 69.212753, 664.877405, 36.080432, 184.954163, 3334, 501730.0
141, 70.854964, 663.673869, 36.059648, 183.448163, 3260, 492744.0
142, 71.036600, 663.895215, 37.827155, 183.103072, 3222, 485692.0
143, 69.785337, 662.138389, 37.488924, 178.327066, 3235, 512760.0
144, 73.578238, 663.702587, 37.480166, 203.696646, 3116, 468875.0
145, 68.992991, 664.762453, 36.300192, 188.196473, 3298, 492686.0
146, 69.118285, 663.996683, 36.565057, 170.256575, 3259, 488216.0
147, 73.482046, 664.259283, 36.701493, 217.609268, 3126, 464756.0
148, 69.270142, 663.138023, 36.784300, 179.579477, 3290, 491969.0
149, 73.020971, 662.718115, 37.613805, 206.525000, 3155, 477456.0
150, 66.707487, 662.780700, 37.047481, 191.486014, 3127, 468079.0
151, 71.404176, 662.537585, 37.509300, 211.894686, 3157, 471010.0
152, 72.963363, 662.839023, 37.929824, 203.529403, 3126, 465835.0
153, 70.585715, 664.061220, 36.976487, 189.060343, 3223, 484575.0
154, 69.139297, 664.094798, 37.090152, 162.703426, 3284, 491306.0
155, 70.518088, 663.397131, 37.484257, 175.763583, 3291, 492325.0
156, 67.079749, 662.387341, 37.242275, 180.543764, 3163, 473045.0
157, 68.226291, 661.564942, 37.886049, 187.480905, 3227, 486155.0
158, 72.169285, 662.877446, 37.915703, 210.751789, 3135, 466766.0
159, 69.592754, 663.015831, 37.104936, 171.205478, 3298, 503226.0
160, 72.756766, 662.551378, 37.699417, 195.015472, 3047, 453337.0
161, 72.891477, 664.291035, 36.954748, 214.466656, 3101, 460148.0
162, 71.811733, 662.447210, 37.105393, 187.487167, 3135, 466863.0
163, 71.867485, 662.843295, 37.368187, 201.045618, 3143, 473109.0
164, 69.205575, 663.492818, 37.478403, 182.095990, 3252, 486089.0
165, 71.217109, 663.355335, 37.025740, 177.698922, 3172, 472852.0
166, 69.074736, 664.001425, 37.681013, 172.066494, 3236, 486294.0
167, 71.083519, 663.487194, 36.149949, 198.387419, 3012, 447670.0
168, 70.646710, 662.269592, 38.794556, 181.377592, 3203, 478251.0
169, 67.792488, 663.974662, 35.922564, 185.021241, 3148, 472104.0
170, 70.837900, 664.282668, 36.695532, 190.080266, 3236, 485430.0
171, 67.895914, 661.840290, 38.231074, 166.793269, 3255, 487149.0
172, 69.767440, 662.906199, 37.419647, 193.049008, 3169, 477860.0
173, 71.794953, 663.219360, 37.236707, 175.943808, 3175, 476512.0
174, 68.367082, 663.035126, 37.973193, 182.604163, 3190, 487494.0
175, 70.403172, 661.772618, 38.181666, 192.767855, 3173, 476438.0
176, 71.276502, 662.679315, 37.890462, 196.733136, 3231, 486017.0
177, 73.576790, 663.944374, 37.066420, 197.380626, 3118, 480191.0
178, 67.817624, 663.018682, 36.814643, 175.723640, 3203, 478332.0
179, 69.018135, 664.025503, 37.506267, 184.667432, 3276, 494409.0
180, 69.292863, 664.306272, 36.355418, 197.530137, 3241, 487179.0
181, 68.313639, 662.680559, 37.219322, 153.394506, 3285, 490665.0
182, 68.449911, 662.460860, 37.650732, 183.974494, 3259, 486554.0
183, 68.127691, 662.620017, 37.830806, 168.544356, 3252, 488161.0
184, 72.076681, 664.058467, 37.298884, 210.421822, 3058, 453692.0
185, 71.032405, 662.086599, 37.339598, 166.607252, 3291, 491957.0
186, 68.138729, 662.340054, 37.168706, 179.894954, 3236, 504546.0
187, 69.404084, 661.663632, 37.653275, 183.480842, 3197, 477087.0
188, 70.464247, 663.289560, 36.966326, 193.005087, 3210, 478832.0
189, 68.392851, 664.588552, 35.114799, 192.418138, 3181, 474412.0
190, 69.624999, 661.801401, 37.804982, 173.598073, 3280, 493625.0
191, 69.852968, 664.306106, 37.053541, 174.509836, 3258, 487729.0
192, 72.601333, 662.693979, 37.758504, 193.866849, 3106, 465453.0
193, 70.763013, 662.390557, 38.878113, 199.380329, 3115, 469556.0
194, 71.039791, 663.887239, 37.733833, 182.851845, 3132, 465426.0
195, 72.792811, 662.203770, 37.565096, 195.735376, 3166, 470670.0
196, 73.011809, 661.902621, 38.127161, 183.747869, 3134, 465984.0
197, 70.051831, 664.144749, 37.348199, 166.871685, 3272, 487814.0
198, 69.465011, 663.051671, 38.012788, 155.029221, 3291, 490905.0
199, 70.556076, 664.325933, 36.833786, 187.435779, 3198, 476108.0
200, 71.722551, 663.250989, 38.387038, 178.875692, 3217, 478755.0
201, 70.920273, 662.261990, 37.079101, 182.148555, 3203, 476914.0
202, 69.422860, 663.049727, 37.948045, 175.663095, 3315, 494894.0
203, 71.795188, 662.598804, 39.003979, 180.001584, 3199, 476328.0
204, 70.527916, 661.983057, 38.713620, 197.885432, 3228, 480659.0
205, 70.046962, 664.501823, 37.308778, 184.417739, 3204, 481969.0
206, 71.203068, 663.695011, 36.433228, 198.795080, 3074, 455724.0
207, 70.318727, 664.060969, 36.037731, 192.789323, 3159, 474468.0
208, 70.539174, 663.849150, 36.288440, 195.368585, 3217, 480018.0
209, 73.432486, 664.166953, 36.801161, 204.956521, 3116, 464768.0
210, 74.044527, 664.067613, 37.492452, 236.924759, 3081, 462311.0
211, 72.210103, 664.497871, 36.564217, 190.196686, 3101, 463818.0
212, 72.698854, 664.716956, 36.961327, 218.388433, 3091, 462658.0
213, 72.568677, 663.126491, 37.338158, 241.869706, 3058, 456901.0
214, 73.412059, 663.786709, 38.363952, 215.043484, 3140, 468907.0
215, 72.707641, 664.466576, 36.745948, 199.895666, 3067, 456140.0
216, 69.280524, 661.946931, 37.743238, 185.065473, 3289, 490669.0
217, 70.394119, 662.856270, 37.541553, 177.066176, 3285, 490164.0
218, 70.014238, 663.845921, 36.248717, 189.554140, 3178, 474173.0
219, 74.726088, 663.911360, 36.303016, 251.335998, 3064, 453759.0
220, 72.477813, 663.449003, 38.779668, 196.736400, 3130, 473652.0
221, 72.023797, 663.257187, 38.002026, 212.268271, 3092, 461380.0
222, 70.962752, 663.551432, 37.662431, 199.518686, 3137, 477998.0
223, 71.894376, 664.680462, 36.149850, 192.405477, 3135, 471670.0
224, 69.635938, 662.131978, 38.539294, 180.245686, 3255, 490430.0
225, 71.180740, 662.335753, 38.162685, 177.873001, 3210, 484214.0
226, 69.918839, 662.543913, 38.354279, 160.778562, 3275, 490413.0
227, 69.953080, 664.476757, 35.512060, 202.792854, 3209, 477448.0
228, 71.271604, 664.649664, 36.997077, 188.431525, 3205, 476609.0
229, 72.249469, 663.884663, 36.845239, 195.135772, 3070, 472693.0
230, 69.854361, 663.124304, 37.078248, 199.045951, 3204, 477541.0
231, 76.737649, 664.694992, 36.347877, 238.608404, 3140, 469667.0
232, 71.367511, 663.371455, 38.156406, 181.168253, 3133, 470663.0
233, 71.211549, 662.775752, 37.905868, 165.147533, 3267, 489269.0
234, 69.213475, 663.742358, 36.911812, 186.923879, 3250, 483808.0
235, 71.922989, 663.353609, 38.064834, 184.598281, 3156, 469654.0
236, 69.667573, 663.290145, 38.502087, 177.455222, 3241, 483270.0
237, 69.453274, 663.979407, 37.193319, 187.616445, 3301, 491809.0
238, 69.595542, 662.966761, 37.508786, 183.440772, 3208, 478966.0
239, 72.678531, 664.489257, 37.101380, 177.125969, 3134, 465293.0
240, 68.700278, 662.924183, 37.256929, 188.865159, 3280, 488748.0
241, 69.433762, 663.280048, 37.458812, 179.110610, 3249, 484358.0
242, 68.176163, 662.526930, 38.257608, 163.990931, 3296, 492856.0
243, 71.841638, 663.772380, 37.543713, 199.797535, 3119, 463711.0
244, 69.186851, 664.476357, 36.243056, 178.130358, 3282, 490033.0
245, 67.160063, 662.062785, 37.613937, 170.238996, 3198, 477003.0
246, 68.440926, 662.351760, 36.982006, 169.249050, 3280, 488740.0
247, 70.143893, 664.443186, 36.389021, 176.854937, 3280, 488947.0
248, 71.394773, 663.066560, 37.030485, 225.175722, 3148, 468178.0
249, 70.406495, 664.613747, 37.299818, 177.505398, 3238, 483018.0
250, 70.749004, 663.277038, 36.614518, 172.574926, 3176, 492814.0
251, 69.278954, 662.616372, 37.047451, 223.868416, 3161, 471160.0
252, 72.172468, 664.412565, 35.942284, 208.977728, 3031, 449477.0
253, 69.684426, 664.788915, 36.520667, 186.551176, 3279, 488897.0
254, 69.557135, 663.920347, 37.378896, 183.786752, 3256, 485449.0
255, 69.790831, 662.874345, 37.811728, 197.028177, 3122, 465314.0
256, 72.791866, 663.502596, 35.962133, 216.338180, 3021, 448270.0
257, 72.959098, 662.651134, 37.980232, 193.159398, 3117, 464119.0
258, 69.416212, 663.364219, 37.208245, 172.081811, 3290, 491584.0
259, 69.099275, 662.887287, 38.628478, 181.877066, 3221, 481029.0
260, 69.666010, 663.698105, 37.160771, 185.169962, 3300, 493146.0
261, 73.144881, 664.991009, 37.307254, 233.259005, 3052, 453384.0
262, 71.565299, 662.934459, 38.097539, 167.553619, 3198, 476580.0
263, 70.010086, 663.887504, 36.239183, 181.755228, 3215, 478380.0
264, 70.531610, 662.797288, 37.591422, 161.319974, 3266, 486941.0
265, 66.430559, 663.420301, 37.541280, 184.796655, 3255, 486479.0
266, 69.657340, 663.971217, 37.819015, 193.497825, 3165, 471709.0
267, 69.430340, 662.878696, 37.298893, 203.304618, 3162, 471160.0
268, 73.430787, 663.838867, 36.336840, 255.280498, 3085, 458436.0
269, 67.966759, 662.769197, 37.007293, 172.380412, 3281, 491037.0
270, 71.475463, 662.984731, 37.635068, 210.352568, 3121, 464537.0
271, 73.763067, 664.195203, 37.757255, 217.713703, 3104, 461867.0
272, 70.016403, 663.343880, 37.540436, 179.476550, 3239, 487955.0
273, 69.708573, 663.649020, 37.264895, 188.850706, 3200, 479067.0
274, 68.694584, 662.601470, 38.316215, 174.934510, 3242, 483904.0
275, 70.600152, 665.265857, 35.921498, 198.085342, 3241, 482969.0
276, 70.001237, 663.389241, 37.402517, 189.309422, 3283, 489476.0
277, 70.902969, 664.256522, 36.857000, 185.277482, 3284, 489364.0
278, 70.898146, 663.121652, 37.024139, 190.219672, 3161, 470044.0
279, 67.990836, 662.155272, 38.018210, 164.497075, 3252, 484267.0
280, 73.686847, 663.166012, 36.779246, 228.442918, 3123, 463807.0
281, 72.643878, 662.562513, 38.180964, 188.335879, 3106, 461545.0
282, 70.124406, 663.004006, 37.960732, 166.426539, 3287, 489943.0
283, 73.481270, 665.230065, 36.265844, 217.397724, 2993, 442911.0
284, 72.191147, 663.255080, 37.861452, 201.853518, 3116, 462273.0
285, 71.217951, 662.282188, 37.919994, 194.398660, 3189, 474252.0
286, 69.433620, 663.377741, 37.381895, 191.212533, 3312, 494290.0
287, 69.576162, 662.300416, 38.334964, 183.421460, 3235, 483197.0
288, 70.306873, 663.265331, 36.928441, 189.049018, 3206, 476742.0
289, 68.928868, 662.157199, 38.474996, 164.231043, 3236, 483051.0
290, 71.500211, 664.115307, 37.946474, 191.767396, 3219, 479246.0
291, 70.692131, 662.984837, 37.955993, 175.348229, 3239, 482949.0
292, 71.825268, 663.833503, 36.645040, 188.182463, 3130, 465146.0
293, 69.650753, 664.468803, 37.151602, 181.100681, 3307, 493350.0
294, 70.832255, 663.431588, 37.900671, 188.960375, 3249, 490269.0
295, 68.124284, 663.054246, 37.861165, 171.551222, 3327, 496145.0
296, 69.217424, 663.089311, 37.961535, 168.654807, 3299, 491820.0
297, 70.547513, 663.684367, 36.697554, 221.345398, 3140, 467550.0
298, 69.297618, 663.369686, 36.767956, 195.018549, 3246, 483191.0
299, 72.066638, 664.390026, 36.355765, 207.324671, 3071, 455462.0
300, 70.405220, 662.982907, 37.266915, 165.430731, 3224, 482283.0
301, 70.583644, 664.215252, 37.149969, 163.770798, 3293, 491186.0
302, 68.967476, 662.557609, 37.684955, 167.471605, 3307, 493972.0
303, 69.230794, 663.893731, 36.862076, 191.143438, 3256, 485518.0
304, 69.885468, 663.586595, 36.090815, 211.701469, 3167, 471557.0
305, 69.705382, 663.685522, 36.936476, 159.368524, 3303, 493608.0
306, 70.045375, 663.949325, 37.387590, 178.799882, 3270, 487378.0
307, 71.182295, 663.844750, 36.362088, 196.651972, 3100, 460209.0
308, 70.238735, 664.117093, 36.820473, 181.134911, 3317, 495337.0
309, 69.999538, 664.376135, 36.693894, 171.617028, 3307, 493478.0
310, 70.771323, 663.526764, 37.052842, 176.230569, 3267, 486396.0
311, 70.587569, 663.159708, 38.676604, 203.554993, 3130, 466477.0
312, 70.517259, 662.830194, 37.469305, 205.986928, 3190, 475403.0
313, 67.868552, 663.609079, 36.912544, 194.635288, 3173, 472051.0
314, 71.727716, 663.889385, 37.240831, 197.238010, 3175, 471791.0
315, 71.206133, 663.384322, 38.782393, 182.667595, 3096, 478804.0
316, 74.592335, 664.378333, 36.331102, 220.526964, 3115, 463103.0
317, 72.502498, 664.011171, 37.202878, 219.803555, 3136, 465842.0
318, 71.353266, 664.655910, 36.770795, 219.926545, 3161, 473720.0
319, 69.737321, 663.270408, 36.396931, 199.197521, 3213, 480881.0
320, 73.959944, 665.097803, 36.610759, 223.830265, 3100, 460634.0
321, 72.121261, 664.983566, 36.592247, 177.600964, 3118, 465767.0
322, 71.036502, 663.057549, 38.029617, 175.137390, 3271, 489781.0
323, 74.828099, 664.171456, 36.544270, 251.209197, 3065, 454125.0
324, 72.468215, 663.126644, 37.337298, 217.779701, 3075, 456481.0
325, 69.688088, 663.994384, 36.791688, 205.331320, 3172, 472072.0
326, 74.222458, 664.302578, 36.227193, 227.157675, 3109, 460946.0
327, 73.976965, 663.126393, 37.038574, 230.936050, 3125, 464002.0
328, 69.391818, 663.838315, 37.862918, 180.705837, 3297, 492525.0
329, 69.728893, 664.024462, 35.562256, 205.109129, 3255, 484307.0
330, 71.090155, 665.897687, 35.139371, 207.800443, 3076, 457352.0
331, 70.796425, 664.562522, 36.599870, 194.983080, 3202, 476490.0
332, 69.117864, 662.627539, 38.103250, 169.405737, 3303, 493153.0
333, 69.916781, 663.897899, 37.476055, 187.247131, 3250, 484882.0
334, 68.287335, 662.210907, 38.034634, 180.197516, 3315, 495062.0
335, 69.204628, 663.109760, 37.949679, 176.495052, 3294, 491748.0
336, 69.424863, 662.692805, 38.493254, 181.076971, 3216, 479422.0
337, 69.370407, 663.654440, 37.979249, 173.362559, 3271, 488192.0
338, 71.056806, 663.954204, 37.879275, 184.048958, 3194, 475169.0
339, 72.160931, 663.422931, 38.095876, 181.757056, 3166, 470276.0
340, 73.175691, 665.087234, 35.653224, 222.000632, 3061, 453392.0
341, 67.308455, 663.107745, 37.707909, 174.463840, 3279, 488881.0
342, 68.909079, 661.830338, 37.861497, 180.845449, 3222, 479687.0
343, 72.013172, 663.704488, 36.422965, 200.939499, 3076, 456899.0
344, 71.064155, 664.184131, 36.366368, 195.660789, 3199, 476728.0
345, 71.338858, 664.434807, 36.354528, 195.228239, 3152, 468333.0
346, 69.650347, 663.454910, 37.861131, 181.093198, 3330, 497636.0
347, 71.432979, 663.179489, 38.155528, 176.474230, 3147, 468945.0
348, 72.248116, 664.297333, 36.682951, 203.726738, 3106, 461336.0
349, 68.367082, 663.035126, 37.973193, 160.994421, 3309, 494165.0
350, 73.413598, 663.487626, 37.286401, 205.453705, 3126, 465479.0
351, 70.819002, 661.878444, 38.613836, 179.096412, 3195, 476511.0
352, 69.204607, 662.710505, 38.186058, 173.989696, 3311, 494489.0
353, 69.969851, 662.509900, 38.732350, 194.963771, 3169, 472309.0
354, 69.056645, 663.468181, 37.899931, 183.618424, 3263, 486462.0
355, 69.566181, 663.465655, 37.823848, 172.916680, 3277, 489394.0
356, 70.491855, 663.105567, 38.498729, 173.883984, 3208, 478382.0
357, 69.576162, 662.300416, 38.334964, 167.414266, 3252, 484982.0
358, 67.106537, 662.692615, 36.944829, 172.225168, 3254, 498351.0
359, 70.952363, 663.549398, 38.186474, 182.088527, 3232, 482868.0
360, 69.535399, 662.276094, 37.164500, 197.251028, 3162, 472008.0
361, 70.370635, 662.852053, 37.879596, 203.291659, 3230, 484843.0
362, 72.529189, 663.997741, 38.658386, 201.179409, 3147, 484430.0
363, 71.550895, 664.101907, 36.474260, 219.951088, 3070, 466384.0
364, 70.051702, 664.438721, 37.151022, 184.894192, 3330, 500632.0
365, 67.737392, 661.921410, 38.008902, 175.736699, 3282, 495123.0
366, 69.130101, 664.134342, 36.376179, 163.007398, 3298, 495639.0
367, 70.046405, 664.248564, 36.408456, 201.302280, 3196, 476604.0
368, 71.503637, 663.168396, 38.049122, 182.561012, 3140, 466433.0
369, 70.115593, 663.147579, 36.747977, 200.715691, 3270, 486794.0
370, 73.183530, 663.504580, 37.290976, 201.193126, 3112, 462911.0
371, 71.414697, 664.446360, 36.830723, 195.569641, 3181, 473443.0
372, 69.918411, 663.792481, 36.677805, 184.889389, 3208, 480491.0
373, 67.828910, 663.217882, 37.167252, 173.837560, 3268, 495305.0
374, 73.544820, 665.273789, 37.586091, 205.983959, 3115, 464050.0
375, 73.787747, 664.139484, 36.744492, 221.332807, 3128, 470533.0
376, 68.886214, 663.844655, 37.221296, 187.552367, 3199, 478196.0
377, 69.679738, 664.557032, 37.735062, 181.180688, 3201, 478688.0
378, 72.389413, 663.858663, 36.926045, 212.273036, 3095, 460756.0
379, 72.155948, 663.750201, 37.249520, 200.054620, 3172, 472413.0
380, 71.024225, 662.923043, 37.980397, 185.025449, 3261, 507338.0
381, 69.269142, 663.173944, 37.908999, 212.969349, 3156, 470644.0
382, 70.949523, 663.561510, 37.979724, 178.412610, 3278, 489109.0
383, 70.487123, 663.116877, 37.583831, 187.251509, 3232, 482391.0
384, 71.630698, 663.295580, 37.176149, 185.980640, 3168, 471242.0
385, 70.960643, 664.167527, 37.512024, 192.006363, 3159, 470419.0
386, 73.137880, 663.897924, 36.673320, 213.465264, 3045, 451874.0
387, 72.893351, 661.903519, 38.038540, 207.598263, 3151, 474877.0
388, 69.471568, 663.124269, 37.225951, 197.653897, 3173, 474039.0
389, 73.187686, 664.377251, 36.400848, 226.056558, 3117, 465660.0
390, 75.011208, 664.759557, 36.803274, 211.163457, 3111, 462486.0
391, 72.969584, 664.462543, 36.510078, 247.386011, 3049, 454250.0
392, 71.275161, 663.096557, 37.422353, 189.006154, 3152, 470193.0
393, 73.729384, 663.306525, 36.879940, 221.571274, 3129, 466228.0
394, 71.698225, 662.620942, 37.081858, 202.500465, 3116, 463677.0
395, 70.240313, 661.891836, 38.095589, 204.620668, 3129, 468973.0
396, 74.600179, 664.598404, 37.574195, 206.497438, 3099, 469856.0
397, 71.371705, 663.009466, 36.934647, 218.438710, 3129, 477847.0
398, 72.317611, 663.198525, 37.296639, 206.205522, 3145, 473934.0
399, 73.630016, 663.827017, 37.586782, 216.876280, 3103, 467304.0
400, 73.163183, 662.467329, 37.476487, 203.711579, 3125, 466944.0
401, 70.301497, 664.135940, 36.472404, 189.023928, 3274, 495171.0
402, 71.139136, 662.909891, 37.603434, 194.580944, 3165, 479657.0
403, 73.983808, 664.923255, 37.682158, 213.652697, 3122, 470041.0
404, 71.191464, 664.384404, 37.855020, 195.965091, 3214, 479359.0
405, 73.185010, 663.116247, 37.524846, 207.746737, 3102, 460307.0
406, 70.697214, 662.301578, 38.319675, 188.354128, 3227, 480721.0
407, 74.255278, 663.762282, 37.554760, 213.078289, 3133, 464110.0
408, 71.285583, 662.611228, 38.096612, 183.325790, 3264, 494753.0
409, 71.482696, 664.324197, 37.514903, 201.600420, 3097, 460930.0
410, 69.880723, 664.168573, 36.566659, 217.805995, 3220, 485380.0
411, 73.864548, 663.285927, 37.950501, 205.969381, 3156, 469303.0
412, 74.208367, 663.346624, 38.141397, 227.834363, 3141, 466551.0
413, 73.656486, 661.516491, 38.575023, 200.891526, 3113, 464223.0
414, 71.096304, 663.817230, 38.022193, 219.892319, 3075, 457056.0
415, 74.531446, 663.558689, 37.257758, 222.106872, 3104, 462199.0
416, 69.656875, 662.164357, 36.552636, 192.020834, 3160, 471726.0
417, 71.439464, 663.107293, 37.144673, 205.659278, 3101, 461829.0
418, 71.661580, 663.895378, 36.127769, 205.082714, 3122, 464943.0
419, 72.762006, 661.119793, 39.156018, 187.501374, 3154, 473775.0
420, 69.830525, 663.878505, 37.540289, 196.269000, 3237, 483908.0
421, 71.329066, 663.382721, 39.385363, 192.206309, 3146, 470567.0
422, 67.497697, 663.159311, 37.171085, 187.319457, 3205, 480386.0
423, 72.188512, 664.049711, 37.228777, 212.735640, 3134, 477535.0
424, 72.380767, 662.702339, 37.693051, 201.422825, 3133, 467847.0
425, 72.153648, 663.967977, 37.930545, 214.996606, 3073, 459413.0
426, 71.375003, 662.911282, 37.086128, 191.271627, 3153, 469718.0
427, 71.615326, 664.278293, 37.611729, 198.995467, 3174, 472343.0
428, 72.409407, 662.747996, 37.392507, 206.511058, 3136, 467056.0
429, 74.318884, 664.865303, 36.126440, 233.890070, 3118, 463189.0
430, 70.199887, 663.470046, 37.188779, 185.519530, 3244, 484861.0
431, 71.317747, 663.450425, 36.762308, 196.812533, 3153, 470908.0
432, 72.162737, 663.723788, 37.838138, 181.266535, 3181, 474800.0
433, 68.623729, 662.360720, 37.506066, 184.625112, 3225, 482039.0
434, 70.791773, 663.040741, 36.986676, 182.936523, 3176, 474738.0
435, 70.515256, 663.084798, 37.934134, 186.164702, 3242, 483914.0
436, 70.958932, 663.330010, 36.711939, 189.273938, 3127, 466701.0
437, 70.732693, 664.266843, 37.624104, 177.403423, 3284, 490619.0
438, 70.182902, 663.949385, 36.984091, 173.776675, 3275, 489286.0
439, 68.850330, 663.279772, 37.270992, 171.795794, 3261, 486683.0
440, 72.048527, 662.866278, 37.746676, 209.466887, 3064, 456438.0
441, 71.534857, 664.057275, 35.854372, 194.038777, 3170, 472340.0
442, 70.970571, 663.321944, 37.403948, 183.054897, 3250, 485533.0
443, 71.264739, 662.661019, 37.429416, 196.809583, 3139, 468404.0
444, 70.159494, 662.387855, 37.664095, 184.055634, 3219, 487745.0
445, 68.411092, 662.385755, 38.411728, 170.979748, 3280, 500106.0
446, 71.589554, 664.190636, 36.883414, 209.781079, 3038, 456488.0
447, 72.703865, 663.478156, 37.524705, 205.521443, 3124, 465718.0
448, 71.175467, 663.285208, 37.700134, 197.673684, 3126, 467090.0
449, 71.268664, 665.535996, 36.658914, 198.380647, 3121, 464850.0
450, 71.551789, 663.181911, 37.401195, 207.593081, 3126, 466681.0
451, 71.490978, 663.191791, 37.430341, 195.010554, 3165, 472786.0
452, 69.908835, 662.262546, 37.735440, 174.166331, 3253, 487103.0
453, 68.260173, 663.066705, 37.105612, 179.401485, 3255, 486482.0
454, 67.574903, 662.338969, 38.453424, 179.197022, 3243, 490039.0
455, 71.496833, 663.625683, 37.697553, 180.081252, 3156, 472352.0
456, 71.884689, 664.074247, 36.264761, 204.466606, 3162, 472037.0
457, 73.625357, 663.617248, 38.128964, 201.758896, 3160, 470501.0
458, 68.278014, 663.305001, 37.738912, 188.694742, 3233, 482985.0
459, 71.359539, 663.319992, 37.675903, 186.196645, 3233, 480525.0
460, 73.576558, 665.350725, 37.683603, 211.892345, 3142, 465922.0
461, 71.737364, 664.184133, 37.305365, 190.969910, 3105, 460207.0
462, 70.243588, 663.076372, 36.542263, 177.469312, 3300, 491034.0
463, 72.868306, 663.983416, 37.058991, 199.683026, 3107, 460787.0
464, 72.929483, 664.880205, 36.327202, 202.375231, 3047, 451331.0
465, 70.515144, 662.646329, 38.052033, 202.114565, 3219, 479196.0
466, 70.944883, 663.036678, 37.661391, 188.756928, 3144, 480402.0
467, 68.901228, 663.569366, 36.980976, 184.233966, 3259, 485261.0
468, 69.715029, 663.242136, 38.232117, 169.879062, 3251, 484797.0
469, 69.765746, 664.247786, 36.054978, 203.774672, 3181, 473181.0
470, 71.777641, 664.771065, 36.116041, 188.085779, 3126, 464076.0
471, 71.546209, 662.697412, 38.297585, 177.546536, 3144, 466346.0
472, 69.776037, 661.729712, 37.562856, 181.785230, 3168, 471983.0
473, 72.814175, 663.425816, 38.254060, 197.936842, 3141, 466213.0
474, 69.981834, 662.965594, 37.383094, 173.757793, 3262, 486109.0
475, 68.654245, 662.636855, 37.053357, 189.535636, 3223, 480584.0
476, 70.555919, 661.692231, 37.444429, 198.157845, 3282, 488925.0
477, 69.526957, 663.194516, 37.855800, 196.464067, 3218, 479660.0
478, 70.348197, 662.802500, 37.045378, 191.018240, 3238, 482546.0
479, 72.366264, 663.560181, 37.540489, 193.285995, 3128, 466012.0
480, 70.200170, 662.868987, 37.375257, 189.583549, 3123, 469740.0
481, 69.837031, 662.553230, 37.388131, 203.308986, 3134, 468825.0
482, 69.751403, 662.907553, 36.499396, 186.988639, 3253, 485328.0
483, 69.766081, 664.437561, 37.111723, 192.102327, 3224, 484856.0
484, 68.396357, 663.325627, 38.513305, 153.546158, 3294, 495024.0
485, 70.438665, 661.463193, 38.401993, 211.901459, 3193, 476160.0
486, 69.265408, 663.932806, 36.999859, 163.869113, 3296, 493847.0
487, 69.758272, 664.543432, 36.625662, 184.013578, 3257, 491374.0
488, 71.143197, 663.956448, 37.027533, 189.826457, 3149, 484900.0
489, 71.225133, 663.666476, 37.568420, 175.378941, 3282, 490039.0
490, 71.177884, 663.245871, 38.014905, 194.002554, 3135, 466954.0
491, 74.125674, 664.452797, 36.752346, 239.562167, 3096, 462544.0
492, 71.605996, 663.754203, 37.029574, 207.771782, 3086, 459365.0
493, 68.603553, 662.438032, 37.743035, 191.701518, 3285, 490688.0
494, 70.818829, 663.860085, 37.297920, 185.727654, 3241, 483212.0
495, 72.176549, 662.657056, 37.652400, 207.776651, 3117, 464911.0
496, 68.396351, 662.366122, 37.619703, 201.533148, 3253, 485897.0
497, 72.212208, 662.551998, 37.581553, 215.795387, 3060, 454929.0
498, 73.614865, 664.529547, 37.243735, 212.289835, 3139, 466901.0
499, 74.216836, 664.344474, 36.510466, 239.713421, 3085, 457981.0
500, 71.893853, 663.259627, 37.521836, 194.171010, 3131, 466593.0
501, 68.701825, 663.113827, 37.587780, 182.864749, 3295, 491772.0
502, 71.439742, 664.642255, 35.880255, 172.772147, 3169, 471720.0
503, 68.839013, 663.437180, 38.146905, 176.573456, 3247, 484450.0
504, 73.853972, 665.437564, 36.582265, 229.315817, 3073, 455117.0
505, 68.874353, 664.242451, 37.832139, 165.526407, 3266, 488435.0
506, 72.578303, 663.885129, 37.421965, 202.843068, 3127, 466388.0
507, 72.407713, 665.989431, 35.086261, 202.935292, 3083, 459215.0
508, 70.841265, 663.915431, 37.757637, 201.061258, 3126, 465092.0
509, 72.395442, 663.152774, 37.757277, 206.958363, 3157, 480791.0
510, 68.395872, 664.706971, 36.835099, 170.292149, 3287, 491735.0
511, 71.744498, 663.598207, 36.911624, 189.721383, 3114, 463994.0
512, 73.284468, 661.904982, 37.976989, 230.180488, 3053, 454645.0
513, 73.550754, 663.349407, 36.809198, 202.477374, 3109, 462788.0
514, 71.829368, 664.491386, 36.470872, 214.511795, 3078, 457701.0
515, 72.334883, 662.930663, 37.625450, 188.300014, 3064, 455337.0
516, 74.309804, 664.039976, 36.942272, 228.299116, 3101, 460945.0
517, 70.890871, 662.468126, 37.476876, 198.405774, 3211, 479456.0
518, 68.807982, 663.342682, 37.177641, 173.827582, 3278, 491859.0
519, 68.874748, 664.597016, 36.135862, 180.097583, 3228, 483164.0
520, 73.604465, 662.445088, 38.284131, 228.791536, 3094, 461179.0
521, 69.635165, 663.540813, 37.834068, 180.907637, 3216, 480306.0
522, 70.159181, 663.316629, 37.138199, 194.807853, 3238, 483615.0
523, 72.665628, 665.495247, 35.301220, 213.846296, 3024, 448376.0
524, 71.575634, 663.656189, 37.800233, 193.060356, 3165, 472258.0
525, 72.076874, 663.071387, 37.746703, 207.144397, 3145, 468388.0
526, 71.529306, 663.503125, 38.362095, 170.011584, 3247, 485407.0
527, 71.979705, 663.939949, 36.985006, 177.671115, 3189, 475770.0
528, 69.844596, 663.275440, 36.585945, 184.617434, 3284, 489817.0
529, 71.985530, 664.058891, 37.096710, 197.870466, 3064, 455680.0
530, 68.676306, 663.528743, 36.566056, 181.867732, 3249, 484350.0
531, 73.171742, 664.558129, 35.754114, 236.405728, 3058, 471360.0
532, 72.371365, 664.546754, 37.274384, 208.770365, 3111, 484860.0
533, 71.927892, 665.512429, 35.168351, 219.666841, 3051, 476342.0
534, 68.058758, 663.933106, 36.517897, 162.513600, 3276, 489531.0
535, 70.374781, 663.344587, 37.230254, 184.926595, 3225, 480450.0
536, 69.822699, 662.378739, 38.540936, 190.976369, 3211, 478451.0
537, 70.899571, 662.270447, 38.241534, 187.802693, 3256, 485594.0
538, 69.007139, 662.656923, 37.353211, 180.305969, 3316, 495449.0
539, 73.106025, 662.898872, 37.661715, 238.059721, 3039, 452100.0
540, 69.302641, 663.470841, 37.469981, 175.792665, 3283, 498136.0
541, 71.680039, 663.257874, 38.136530, 188.732807, 3121, 465345.0
542, 69.637549, 662.661957, 38.623644, 181.360694, 3280, 498672.0
543, 70.961288, 664.194138, 36.471371, 223.618709, 3184, 477979.0
544, 70.555371, 663.631779, 38.119886, 188.264535, 3246, 485072.0
545, 69.057236, 663.306927, 37.239121, 174.594813, 3295, 494276.0
546, 69.619126, 663.115389, 36.368279, 212.924650, 3130, 467730.0
547, 70.960070, 663.714081, 37.864096, 177.102942, 3279, 490559.0
548, 69.692500, 664.668904, 36.687663, 210.627101, 3195, 476361.0
549, 71.288799, 663.828678, 36.991155, 187.018303, 3275, 512934.0
550, 70.391981, 663.368476, 37.665627, 212.091373, 3169, 472320.0
551, 71.000039, 663.829560, 37.135336, 179.770495, 3221, 480079.0
552, 69.346380, 663.139162, 37.249303, 188.320104, 3253, 485994.0
553, 72.223296, 663.809497, 37.403471, 192.118791, 3077, 457200.0
554, 72.211369, 662.758160, 38.071817, 192.295709, 3124, 462352.0
555, 70.653058, 663.516456, 38.811653, 181.142938, 3252, 483835.0
556, 70.989832, 662.779034, 37.236234, 189.440641, 3209, 478002.0
557, 69.911286, 663.759661, 37.498035, 190.006826, 3245, 482906.0
558, 71.615670, 663.951789, 36.416923, 220.191777, 3058, 453428.0
559, 71.199301, 664.431498, 37.254976, 222.468299, 3134, 465180.0
560, 69.272314, 665.069690, 36.587651, 196.553348, 3290, 489896.0
561, 72.909407, 665.328984, 36.553549, 193.544806, 3160, 468794.0
562, 70.237322, 662.488131, 38.916164, 202.250654, 3222, 479876.0
563, 69.865796, 663.587136, 36.499227, 184.010432, 3284, 488892.0
564, 73.939306, 663.989056, 37.771336, 226.557800, 3123, 463623.0
565, 71.571095, 663.771800, 37.731611, 185.118678, 3177, 473039.0
566, 69.977710, 663.141100, 37.533811, 193.917142, 3282, 488696.0
567, 68.096682, 662.472415, 38.289060, 165.316287, 3253, 485545.0
568, 74.642862, 663.059243, 37.116057, 228.885121, 3120, 462178.0
569, 71.424839, 662.088983, 38.353292, 204.179672, 3195, 476245.0
570, 70.625405, 663.620019, 36.582185, 169.154914, 3298, 491088.0
571, 73.649171, 665.160826, 36.254051, 206.561312, 3093, 458011.0
572, 71.250780, 662.893644, 37.565747, 212.012278, 3052, 453581.0
573, 70.305917, 664.084613, 37.587028, 163.984225, 3268, 487535.0
574, 70.390102, 663.268271, 36.262874, 185.297912, 3177, 493354.0
575, 71.695906, 663.081313, 38.364594, 186.621842, 3205, 479932.0
576, 73.944698, 662.075789, 38.977139, 227.888190, 3108, 463018.0
577, 72.545795, 661.620942, 38.642787, 208.507390, 3096, 461981.0
578, 70.411046, 662.163641, 38.126427, 187.489275, 3222, 481755.0
579, 71.354191, 662.716890, 37.555158, 191.087416, 3138, 469764.0
580, 75.161795, 665.690134, 35.439529, 241.191007, 3109, 462314.0
581, 69.224351, 664.105219, 37.020808, 185.929717, 3292, 492433.0
582, 75.274645, 663.401881, 37.234408, 219.898719, 3091, 458724.0
583, 73.720813, 664.391802, 36.826595, 203.465542, 3134, 467132.0
584, 70.558134, 662.745998, 38.508487, 200.749265, 3155, 471125.0
585, 69.659015, 663.676056, 36.759016, 174.437003, 3292, 492940.0
586, 71.919020, 662.941748, 37.947273, 192.829874, 3114, 474162.0
587, 74.239277, 663.653799, 37.564917, 203.018783, 3069, 471280.0
588, 70.857555, 665.039316, 36.932289, 202.740366, 3057, 483218.0
589, 68.243559, 662.680963, 38.165491, 177.907726, 3234, 483620.0
590, 71.168806, 661.641813, 37.999950, 211.271562, 3045, 452493.0
591, 68.896606, 662.860343, 37.665358, 196.925954, 3240, 494207.0
592, 72.398115, 662.879821, 38.149455, 215.446213, 3122, 474727.0
593, 69.938433, 663.616866, 37.894832, 185.331924, 3286, 490105.0
594, 72.261290, 664.128396, 36.290292, 210.140288, 3079, 455841.0
595, 69.387628, 662.693201, 38.103146, 190.147999, 3216, 480291.0
596, 72.485229, 665.073192, 35.265945, 222.711453, 3034, 452556.0
597, 68.719541, 663.143038, 38.261439, 161.968848, 3267, 486991.0
598, 68.908229, 662.819867, 37.778437, 171.460725, 3317, 493540.0
599, 72.815336, 664.083696, 36.345745, 199.628068, 3117, 461696.0
600, 71.711444, 662.727054, 37.879731, 192.916816, 3099, 459475.0
601, 70.234445, 661.586273, 37.773571, 210.914733, 3138, 466538.0
602, 71.068125, 663.437576, 37.025369, 189.394022, 3156, 469701.0
603, 68.872355, 664.489038, 36.303188, 174.525889, 3244, 483332.0
604, 73.231463, 663.318816, 37.442897, 196.934197, 3114, 462158.0
605, 76.108137, 665.509735, 35.805530, 235.554567, 3068, 453500.0
606, 69.388004, 662.675365, 37.326231, 181.878301, 3264, 486018.0
607, 71.244572, 664.039953, 36.059888, 170.506040, 3229, 479959.0
608, 71.657529, 664.026090, 36.516919, 206.393705, 3077, 456709.0
609, 70.807919, 663.513562, 37.913643, 201.303427, 3256, 484675.0
610, 71.802925, 662.900307, 38.564359, 203.442482, 3156, 469334.0
611, 70.556581, 664.078217, 36.028708, 188.183789, 3161, 469686.0
612, 74.572161, 664.041253, 36.699462, 236.635865, 3056, 452341.0
613, 70.946723, 662.863483, 36.989198, 210.041941, 3145, 468531.0
614, 68.386067, 662.852737, 38.206429, 172.237289, 3281, 490320.0
615, 71.799215, 662.705152, 37.372996, 206.493732, 3106, 461475.0
616, 67.989610, 663.722956, 36.518135, 173.156589, 3228, 480298.0
617, 71.047731, 664.270107, 37.073453, 194.116228, 3177, 472468.0
618, 71.279049, 663.631562, 37.728720, 180.949612, 3252, 494885.0
619, 69.433323, 662.027635, 38.392416, 177.891454, 3271, 488997.0
620, 67.206997, 662.889703, 37.443057, 185.934613, 3179, 473520.0
621, 70.864720, 663.562416, 37.936564, 169.800125, 3255, 485137.0
622, 70.356717, 662.800637, 36.489320, 189.678401, 3161, 470155.0
623, 71.337356, 663.381658, 38.088145, 211.559649, 3139, 467482.0
624, 69.361312, 662.815259, 36.917144, 182.009292, 3240, 483046.0
625, 68.599884, 662.717470, 38.347107, 176.248972, 3259, 487276.0
626, 73.071565, 663.353461, 37.852797, 228.577257, 3079, 456901.0
627, 72.713811, 664.468051, 37.094289, 202.450845, 3086, 464594.0
628, 68.545166, 663.836323, 38.332970, 190.568125, 3262, 486395.0
629, 71.744293, 664.243397, 37.017163, 186.855466, 3192, 473514.0
630, 68.459169, 663.061226, 37.955134, 164.865323, 3313, 505247.0
631, 69.898831, 662.553105, 38.351300, 164.118538, 3253, 495332.0
632, 67.273109, 662.669880, 38.085373, 169.870258, 3222, 481721.0
633, 72.011537, 665.002384, 35.947305, 182.381922, 3104, 460585.0
634, 72.068043, 663.938241, 37.727129, 206.244365, 3098, 462708.0
635, 69.511661, 662.712954, 37.025149, 196.898359, 3209, 478444.0
636, 70.780885, 664.168118, 37.031764, 194.675162, 3045, 450430.0
637, 69.868043, 662.532672, 37.387203, 188.431283, 3300, 490929.0
638, 72.155150, 663.945188, 37.575169, 233.052509, 3027, 454505.0
639, 69.800123, 664.335767, 37.016267, 176.114673, 3251, 492693.0
640, 70.970106, 662.994315, 38.343716, 185.366321, 3248, 486499.0
641, 68.658277, 663.718489, 37.489272, 165.254453, 3306, 496204.0
642, 69.467951, 662.905229, 37.396102, 177.001865, 3252, 486270.0
643, 67.842787, 662.858146, 37.873166, 175.470272, 3185, 475293.0
644, 70.823046, 661.879913, 38.571307, 195.429448, 3167, 472349.0
645, 70.839806, 663.017383, 38.345597, 180.353656, 3210, 494504.0
646, 69.202918, 661.697303, 38.667993, 175.139974, 3262, 490173.0
647, 69.770583, 662.737662, 36.659644, 190.908428, 3159, 474169.0
648, 69.067015, 662.256710, 37.689297, 185.518409, 3262, 489396.0
649, 74.527846, 663.816512, 37.354842, 215.697016, 3088, 458880.0
650, 69.732294, 663.818390, 37.074986, 172.962259, 3263, 489117.0
651, 67.178215, 663.436104, 36.897721, 169.741674, 3246, 485431.0
652, 69.921729, 664.285693, 36.619588, 178.863156, 3253, 487009.0
653, 69.025888, 663.111619, 37.379089, 161.689775, 3319, 498578.0
654, 72.238882, 662.783400, 38.515415, 192.708823, 3117, 469776.0
655, 67.698087, 663.058187, 36.690320, 183.875424, 3212, 480783.0
656, 70.749452, 662.918947, 37.672810, 186.874478, 3133, 467090.0
657, 71.966428, 664.461058, 37.352277, 197.424239, 3165, 470121.0
658, 72.664973, 664.215563, 36.814453, 211.752720, 3107, 460645.0
659, 69.944995, 662.388359, 38.106635, 177.086494, 3241, 483089.0
660, 69.009697, 663.333379, 37.347464, 189.542647, 3278, 488755.0
661, 73.956034, 663.833909, 38.552890, 234.934061, 3105, 459539.0
662, 70.375614, 665.291794, 36.558712, 170.525389, 3269, 486487.0
663, 71.505345, 663.862631, 37.546577, 181.847503, 3214, 477820.0
664, 69.680480, 663.292915, 38.720335, 174.712780, 3260, 486062.0
665, 69.007899, 662.467510, 37.832807, 179.574662, 3287, 490120.0
666, 69.656789, 662.996938, 37.432776, 182.766250, 3211, 478289.0
667, 74.232563, 664.189430, 35.785303, 231.667005, 3102, 459556.0
668, 71.281057, 663.133988, 37.844408, 175.701981, 3209, 477221.0
669, 70.089026, 664.249156, 36.908675, 184.376312, 3307, 492002.0
670, 70.359609, 664.540940, 36.821481, 176.183430, 3278, 488178.0
671, 70.932270, 664.372383, 36.746274, 193.861775, 3158, 469519.0
672, 68.891791, 663.206444, 37.647277, 183.715395, 3232, 481488.0
673, 70.381109, 664.736115, 36.699428, 178.475410, 3228, 480358.0
674, 68.167492, 662.667957, 37.383449, 178.438245, 3244, 483032.0
675, 71.194487, 664.605508, 36.994649, 190.275959, 3223, 478339.0
676, 71.642128, 662.865933, 37.119320, 184.474737, 3029, 450868.0
677, 70.835464, 663.849287, 37.497707, 182.379930, 3210, 477569.0
678, 67.560501, 662.748379, 37.467024, 176.986862, 3241, 482177.0
679, 68.750001, 665.201637, 34.857772, 175.826526, 3289, 489783.0
680, 67.571329, 662.740940, 37.749576, 176.085910, 3217, 479423.0
681, 66.682598, 663.029490, 37.783127, 182.499168, 3260, 502788.0
682, 66.658205, 662.687434, 37.153911, 158.780732, 3250, 484767.0
683, 70.105216, 663.907408, 36.801676, 174.437196, 3304, 491086.0
684, 66.667169, 663.527481, 37.441951, 160.651374, 3234, 481861.0
685, 69.978977, 662.685103, 38.660928, 171.692833, 3257, 485797.0
686, 69.183569, 662.462432, 38.470292, 160.058951, 3272, 489326.0
687, 69.734848, 663.334340, 37.678662, 179.933853, 3266, 486793.0
688, 71.612150, 663.456690, 38.256711, 196.500087, 3124, 463902.0
689, 66.630579, 663.759268, 36.790906, 171.679751, 3240, 482635.0
690, 69.304446, 662.505982, 37.672659, 176.915972, 3235, 481975.0
691, 69.354289, 662.939523, 37.133966, 177.605704, 3304, 491266.0
692, 68.824815, 663.469673, 36.934742, 171.297742, 3303, 492108.0
693, 69.579467, 663.486302, 37.061565, 184.226697, 3265, 485733.0
694, 72.063799, 662.913837, 37.984953, 199.748423, 3155, 467912.0
695, 72.229604, 664.214200, 36.926987, 213.477593, 3029, 448179.0
696, 69.373386, 663.977931, 37.491108, 199.080360, 3214, 478564.0
697, 69.001666, 662.791326, 36.855020, 172.367481, 3274, 488423.0
698, 70.109918, 662.953003, 36.754458, 202.479235, 3144, 467835.0
699, 70.898858, 664.546033, 36.766396, 179.102791, 3214, 478300.0
700, 73.264792, 663.364196, 37.391256, 206.656288, 3168, 470029.0
701, 73.863284, 663.561226, 37.953069, 190.631016, 3154, 468071.0
702, 72.372739, 662.194956, 38.455398, 177.647353, 3152, 469565.0
703, 69.007817, 662.737772, 37.650003, 179.878847, 3234, 486361.0
704, 72.793797, 663.698217, 37.397699, 209.740060, 3090, 458209.0
705, 70.592704, 662.092930, 37.610048, 176.243403, 3267, 486195.0
706, 69.541146, 664.625989, 35.928840, 191.462860, 3244, 481085.0
707, 71.207815, 662.772134, 38.184818, 217.811686, 3018, 457638.0
708, 70.406172, 662.956574, 37.459568, 173.325473, 3224, 479847.0
709, 69.507915, 663.951493, 36.567157, 198.178686, 3230, 480261.0
710, 67.675058, 663.632736, 37.448720, 178.958447, 3210, 477696.0
711, 69.676487, 663.603580, 37.366375, 193.886124, 3240, 482542.0
712, 70.406426, 663.927359, 37.349313, 187.816854, 3236, 481849.0
713, 69.551426, 664.124679, 37.025573, 174.706587, 3298, 490720.0
714, 69.792916, 663.283294, 37.492450, 193.323631, 3179, 473560.0
715, 73.255804, 663.574920, 37.483018, 218.346353, 3121, 462295.0
716, 71.040042, 664.434747, 36.865055, 193.040527, 3177, 471898.0
717, 69.698240, 663.211234, 38.957360, 176.674163, 3213, 477826.0
718, 68.600922, 662.959000, 36.641338, 187.235316, 3237, 480817.0
719, 67.700839, 662.378567, 37.491842, 194.262157, 3188, 474458.0
720, 68.664204, 663.947572, 36.761669, 175.422596, 3222, 478975.0
721, 71.564941, 664.246968, 37.103755, 203.009336, 3107, 460506.0
722, 70.472573, 663.326443, 37.634971, 205.983002, 3179, 472332.0
723, 70.778975, 662.659355, 38.253132, 191.348697, 3242, 481715.0
724, 68.446450, 663.974992, 36.705739, 180.301215, 3292, 491619.0
725, 67.111614, 662.120974, 38.481149, 186.469006, 3202, 477397.0
726, 69.188949, 662.712330, 36.897207, 184.685743, 3311, 501702.0
727, 67.221476, 662.598331, 37.755824, 167.911487, 3264, 485896.0
728, 69.587626, 662.830096, 37.906562, 175.804886, 3285, 489118.0
729, 69.373694, 664.666764, 37.725789, 167.759480, 3275, 495804.0
730, 71.510132, 662.957140, 37.001516, 199.266911, 3131, 464936.0
731, 71.019123, 663.379536, 36.942899, 194.243147, 3109, 462768.0
732, 71.891779, 662.853410, 37.872912, 180.301993, 3125, 464645.0
733, 68.830920, 662.911723, 37.058447, 175.670276, 3291, 490111.0
734, 72.720356, 664.662094, 36.247600, 208.589353, 2992, 442180.0
735, 69.002663, 662.958450, 38.124858, 169.576203, 3318, 502334.0
736, 67.647978, 663.419548, 38.184345, 157.528296, 3315, 493520.0
737, 70.095360, 662.937496, 38.048232, 188.569688, 3229, 479961.0
738, 67.714221, 663.690695, 36.534833, 170.304073, 3275, 486703.0
739, 69.754270, 663.638578, 37.047259, 204.886872, 3225, 480586.0
740, 67.336085, 664.066743, 37.518552, 167.516939, 3254, 484547.0
741, 70.052328, 664.511198, 36.687613, 186.864594, 3192, 475520.0
742, 67.436292, 663.264600, 37.793135, 153.380778, 3289, 489093.0
743, 70.213184, 663.817547, 37.390767, 184.049043, 3246, 482817.0
744, 70.449634, 663.537648, 37.062151, 187.128083, 3254, 483619.0
745, 68.921699, 662.294801, 37.649162, 164.307449, 3326, 507945.0
746, 70.189386, 663.598816, 37.751254, 184.292502, 3259, 487496.0
747, 69.620522, 663.937516, 36.845072, 181.716795, 3241, 484555.0
748, 68.393480, 663.014133, 37.934297, 167.897653, 3255, 484864.0
749, 67.956511, 662.941716, 37.891828, 156.308441, 3250, 485950.0
750, 68.629897, 663.487514, 38.091008, 171.276506, 3318, 495735.0
751, 69.108505, 663.281768, 37.835063, 172.664695, 3300, 492189.0
752, 67.626388, 663.101381, 37.112233, 160.112729, 3249, 484180.0
753, 69.057590, 663.905175, 36.551285, 167.189851, 3261, 496748.0
754, 67.153932, 661.919562, 37.627128, 167.780636, 3213, 489618.0
755, 67.139541, 663.084512, 37.328695, 157.624712, 3247, 484161.0
756, 67.796792, 662.495992, 37.337419, 170.130348, 3291, 489750.0
757, 68.427035, 663.169468, 37.707300, 177.733679, 3255, 495311.0
758, 68.487872, 665.296628, 36.026008, 162.937803, 3269, 497545.0
759, 67.427281, 663.966369, 36.072225, 168.769089, 3246, 482004.0
760, 69.128452, 664.388072, 36.544989, 185.304950, 3296, 501743.0
761, 67.974643, 663.291380, 37.227595, 168.453392, 3283, 499660.0
762, 70.319759, 664.263145, 37.100722, 181.587443, 3305, 491626.0
763, 72.344099, 663.694945, 37.076903, 191.580292, 3134, 464002.0
764, 69.018847, 663.166378, 37.994200, 159.554770, 3326, 507348.0
765, 71.513067, 665.491243, 36.848388, 189.520248, 3137, 465099.0
766, 69.837367, 662.521036, 38.464418, 175.039826, 3247, 495218.0
767, 70.336457, 664.167717, 37.255375, 192.265908, 3252, 483793.0
768, 69.189849, 663.332406, 37.526769, 165.389163, 3270, 487700.0
769, 70.537526, 662.520954, 37.039651, 200.595953, 3148, 475658.0
770, 68.609103, 663.140369, 38.118806, 185.410520, 3234, 482609.0
771, 68.429148, 663.939720, 36.841814, 168.120658, 3255, 521152.0
772, 68.738442, 663.506751, 38.287411, 181.153431, 3269, 487944.0
773, 71.828278, 664.385108, 36.093596, 198.649943, 3110, 461652.0
774, 70.290392, 662.893192, 38.076259, 185.460598, 3259, 490471.0
775, 68.201944, 662.467151, 38.483826, 170.685135, 3276, 488782.0
776, 70.034167, 664.594889, 37.230339, 169.939953, 3271, 486821.0
777, 70.389792, 661.676449, 37.643037, 201.469819, 3163, 470305.0
778, 68.735896, 663.060384, 36.964243, 170.744518, 3274, 487381.0
779, 71.826252, 663.191732, 37.394780, 186.252134, 3124, 463419.0
780, 68.870692, 663.048705, 37.401054, 169.047807, 3317, 494644.0
781, 70.993774, 663.537012, 37.230712, 198.647744, 3262, 485467.0
782, 71.437133, 663.806443, 37.264482, 164.174755, 3175, 472905.0
783, 71.518400, 664.372120, 36.813200, 198.624998, 3147, 466603.0
784, 67.551155, 662.967469, 39.098204, 165.519310, 3289, 491402.0
785, 68.188010, 663.115741, 36.614606, 182.585759, 3245, 482459.0
786, 67.710297, 663.097857, 36.807126, 159.571365, 3303, 492108.0
787, 71.176030, 662.558199, 37.368841, 194.842273, 3059, 453202.0
788, 68.279876, 664.357849, 37.495696, 172.949634, 3259, 485691.0
789, 68.735783, 663.318235, 36.821767, 168.067166, 3312, 492771.0
790, 68.544690, 663.791817, 38.282703, 159.964115, 3288, 489883.0
791, 67.488138, 664.132069, 36.361933, 165.663368, 3243, 481314.0
792, 69.462414, 662.509038, 37.171572, 179.459588, 3267, 486646.0
793, 69.177432, 662.126999, 37.365498, 169.069356, 3214, 478153.0
794, 66.535652, 663.364994, 37.437363, 153.177102, 3239, 481736.0
795, 69.576162, 662.300416, 38.334964, 190.353337, 3250, 484254.0
796, 70.888227, 662.768143, 38.201577, 193.405760, 3230, 480191.0
797, 68.568385, 664.014640, 37.675464, 159.731233, 3308, 492370.0
798, 67.288029, 662.985566, 37.858314, 160.312321, 3281, 489178.0
799, 69.887147, 664.308241, 37.243103, 171.759076, 3293, 490935.0
800, 68.421022, 663.588095, 35.970672, 181.866611, 3285, 489303.0
801, 69.478937, 663.156789, 37.956557, 156.457387, 3306, 493529.0
802, 66.350757, 662.457802, 36.632123, 164.637021, 3254, 484295.0
803, 72.565844, 664.050310, 37.247792, 207.985781, 3136, 465855.0
804, 71.026113, 664.661766, 36.422619, 199.356573, 3180, 472276.0
805, 71.286195, 663.269321, 37.190650, 188.970917, 3261, 485777.0
806, 68.535179, 662.925359, 36.960958, 188.054601, 3182, 473890.0
807, 70.097811, 664.077480, 35.935158, 195.613452, 3224, 479155.0
808, 70.121758, 664.007821, 36.814656, 171.501561, 3272, 492007.0
809, 70.296903, 663.886629, 37.395833, 186.310134, 3234, 500302.0
810, 67.415066, 662.392612, 38.120400, 165.304370, 3241, 482919.0
811, 69.142117, 663.850564, 37.878330, 165.682245, 3235, 482159.0
812, 68.606414, 662.783956, 37.883164, 165.635859, 3318, 494560.0
813, 71.095391, 662.750304, 37.472333, 184.777858, 3192, 474724.0
814, 68.767676, 662.773827, 37.274440, 189.203260, 3185, 490176.0
815, 69.394610, 663.363509, 37.438435, 191.282835, 3228, 481099.0
816, 69.313871, 664.336111, 37.172235, 173.217113, 3226, 505140.0
817, 71.577053, 664.375179, 38.180716, 199.967785, 3084, 459804.0
818, 67.422240, 662.676970, 37.159100, 176.158669, 3195, 479121.0
819, 69.830336, 664.229395, 36.703767, 179.183929, 3224, 482016.0
820, 69.250301, 663.631605, 37.435962, 179.497130, 3292, 490488.0
821, 70.328519, 662.381533, 38.172936, 184.759607, 3271, 487555.0
822, 71.033350, 663.098550, 37.213853, 185.655894, 3236, 481995.0
823, 70.984711, 663.489586, 37.958940, 186.652368, 3228, 483352.0
824, 69.692079, 662.047172, 38.707037, 199.758198, 3178, 474086.0
825, 69.884810, 662.338491, 38.063562, 200.111649, 3208, 478120.0
826, 67.735272, 662.444806, 38.627791, 171.052429, 3270, 490090.0
827, 67.555952, 663.563878, 36.659732, 175.003370, 3218, 483211.0
828, 66.627531, 661.122247, 37.896977, 162.927322, 3223, 482628.0
829, 68.371630, 663.108183, 36.935150, 181.297105, 3264, 487515.0
830, 68.847240, 662.447304, 38.941431, 149.113931, 3281, 493165.0
831, 68.281701, 662.080320, 38.510372, 168.195622, 3300, 494017.0
832, 68.999940, 662.560542, 37.195318, 197.823263, 3304, 492563.0
833, 70.541632, 663.453735, 37.800632, 194.013499, 3260, 485228.0
834, 68.533876, 663.744106, 37.312228, 179.911428, 3271, 486968.0
835, 68.071568, 663.225676, 36.364600, 184.555619, 3210, 477008.0
836, 69.580604, 662.880251, 37.902514, 166.536248, 3314, 493417.0
837, 69.720431, 662.278403, 37.799687, 170.146692, 3223, 478698.0
838, 69.201315, 663.748288, 36.996605, 173.328484, 3308, 492933.0
839, 69.634355, 664.253515, 36.063471, 199.569303, 3205, 474725.0
840, 68.807175, 662.725416, 38.089864, 179.148381, 3299, 491586.0
841, 69.793788, 664.699873, 37.735473, 186.889395, 3206, 477158.0
842, 71.748522, 662.985788, 38.464521, 190.665108, 3155, 469424.0
843, 66.855673, 662.272088, 37.613356, 164.013487, 3202, 477376.0
844, 68.426316, 663.291724, 36.482003, 175.024201, 3211, 477894.0
845, 67.339173, 663.271810, 36.837093, 168.111563, 3217, 480261.0
846, 68.246407, 662.463490, 38.190651, 176.003203, 3289, 490982.0
847, 69.364573, 663.247198, 37.115721, 161.810420, 3312, 493446.0
848, 68.378060, 662.953530, 36.950013, 171.747151, 3271, 487032.0
849, 69.105512, 662.530363, 37.338237, 159.630354, 3296, 490647.0
850, 67.605594, 663.027197, 37.078112, 172.496835, 3218, 478715.0
851, 70.751314, 663.313087, 38.192719, 197.918120, 3242, 504955.0
852, 67.398952, 663.813718, 36.500231, 166.380342, 3260, 486586.0
853, 69.656936, 663.531281, 37.835346, 159.811739, 3293, 490376.0
854, 67.750035, 663.372356, 34.012498, 375.529220, 3026, 448661.0
855, 71.795221, 663.948855, 36.720770, 182.459528, 3183, 472943.0
856, 68.055217, 661.162301, 38.245367, 151.235276, 3295, 491814.0
857, 66.760637, 663.072600, 37.432655, 149.446200, 3248, 483275.0
858, 68.031607, 662.980901, 37.785004, 161.157773, 3322, 493788.0
859, 67.639174, 662.883521, 36.500512, 171.652246, 3241, 487108.0
860, 70.789326, 664.626304, 35.215281, 204.852954, 3114, 463840.0
861, 67.210936, 663.961412, 37.212478, 181.172382, 3244, 485409.0
862, 67.474241, 661.742433, 38.831237, 188.706410, 3229, 482170.0
863, 67.631837, 662.445958, 37.440101, 167.044805, 3285, 488133.0
864, 68.600979, 663.703096, 36.824553, 182.181280, 3260, 484961.0
865, 69.776087, 662.727592, 37.579553, 172.383370, 3324, 494511.0
866, 70.098988, 662.935949, 36.979741, 184.234563, 3216, 477505.0
867, 68.945416, 662.840374, 37.287416, 158.615365, 3328, 495205.0
868, 73.026413, 663.970816, 38.155752, 199.485952, 3136, 464425.0
869, 69.481922, 662.967810, 37.291840, 189.375716, 3203, 476003.0
870, 70.491250, 662.132296, 38.620976, 185.486395, 3247, 486394.0
871, 67.555047, 664.189964, 36.898183, 172.193277, 3235, 482040.0
872, 70.323833, 663.412472, 37.081126, 179.058378, 3246, 490725.0
873, 71.464120, 663.511713, 37.278784, 183.639935, 3138, 465254.0
874, 67.622230, 663.603979, 37.526951, 175.810859, 3279, 488386.0
875, 71.734176, 663.155651, 36.909870, 202.190769, 3097, 461658.0
876, 70.940044, 663.989776, 37.272130, 190.876687, 3177, 471227.0
877, 66.854257, 663.682634, 37.431579, 184.229603, 3288, 489691.0
878, 69.844868, 663.231631, 37.535892, 181.992019, 3224, 480302.0
879, 70.419690, 664.599892, 35.999074, 182.777242, 3185, 472468.0
880, 67.518719, 663.456409, 36.738261, 144.241586, 3266, 486745.0
881, 70.054418, 663.717784, 36.143476, 174.040858, 3188, 475824.0
882, 69.107528, 663.917995, 37.813328, 165.431782, 3308, 493755.0
883, 70.180481, 664.190420, 36.994173, 175.446895, 3291, 490217.0
884, 67.722322, 663.924199, 36.066311, 172.843615, 3234, 481980.0
885, 69.955260, 661.389351, 38.129900, 172.196461, 3220, 480633.0
886, 70.335455, 662.998015, 37.260641, 197.296580, 3119, 462955.0
887, 69.417710, 663.639309, 37.932414, 154.058526, 3253, 487209.0
888, 69.440878, 662.640717, 37.660377, 178.519101, 3268, 487178.0
889, 68.183184, 663.316817, 36.888100, 151.209444, 3313, 493767.0
890, 69.610731, 662.718767, 37.900363, 164.031267, 3290, 489920.0
891, 69.632109, 664.362543, 35.967008, 183.897121, 3283, 488828.0
892, 71.158424, 663.445365, 38.266489, 194.656066, 3252, 484916.0
893, 70.134375, 663.864511, 36.928907, 179.921414, 3228, 486126.0
894, 68.506988, 662.047251, 37.585831, 179.839989, 3290, 495063.0
895, 68.871875, 663.157509, 37.744634, 170.014244, 3281, 489029.0
896, 71.174617, 662.775495, 37.315803, 194.768236, 3149, 468086.0
897, 67.422059, 661.952901, 36.938591, 178.591333, 3210, 477463.0
898, 70.962947, 663.802268, 36.648940, 163.144584, 3160, 470385.0
899, 67.734626, 663.158113, 37.466452, 182.998491, 3272, 487428.0
900, 66.360731, 662.560532, 37.008588, 166.066977, 3166, 471025.0
901, 68.907154, 661.408274, 38.635508, 166.803982, 3208, 479003.0
902, 67.580789, 662.835084, 37.801449, 162.219359, 3240, 482342.0
903, 69.514970, 663.749154, 38.264060, 159.773285, 3302, 492243.0
904, 71.434253, 662.435549, 38.727061, 178.061088, 3195, 475372.0
905, 68.146503, 663.355396, 35.904694, 175.968303, 3136, 466173.0
906, 71.940565, 664.496479, 37.242300, 193.281913, 3109, 460408.0
907, 69.970831, 662.755948, 38.583385, 155.955285, 3202, 475958.0
908, 65.424359, 663.398643, 37.601958, 151.460883, 3231, 479948.0
909, 69.004734, 662.215864, 39.137986, 171.186407, 3329, 496165.0
910, 68.332686, 662.993894, 38.476611, 151.232018, 3279, 488112.0
911, 69.911118, 662.672484, 37.280882, 168.782524, 3244, 482605.0
912, 69.083737, 662.502786, 37.445188, 167.973436, 3289, 489631.0
913, 71.672928, 663.861615, 37.234608, 198.897359, 3125, 462465.0
914, 69.899913, 663.049361, 38.314053, 165.714390, 3270, 486358.0
915, 71.573877, 663.140734, 37.655744, 202.067053, 3148, 489654.0
916, 68.608469, 662.515610, 37.793548, 151.813599, 3303, 492460.0
917, 72.461816, 663.887128, 37.362625, 192.580692, 3157, 468311.0
918, 71.035056, 663.207257, 37.676393, 185.769316, 3244, 483101.0
919, 68.261434, 662.302157, 36.933672, 159.984181, 3292, 489925.0
920, 69.401333, 663.610802, 37.582044, 193.496962, 3133, 465727.0
921, 67.453227, 661.560300, 37.979419, 159.761092, 3215, 478904.0
922, 68.523775, 662.817824, 37.420437, 162.103987, 3257, 485618.0
923, 68.891303, 664.116200, 36.719674, 170.442167, 3244, 483363.0
924, 71.355989, 663.201095, 36.972474, 197.381837, 3112, 461978.0
925, 72.307193, 663.029132, 37.305507, 185.886156, 3113, 462382.0
926, 65.380087, 663.602308, 36.458425, 191.948273, 3091, 459451.0
927, 70.222839, 664.178495, 36.847000, 183.711286, 3268, 485469.0
928, 70.099852, 663.779235, 37.384224, 177.425160, 3212, 478064.0
929, 69.029683, 663.202908, 36.584235, 162.861473, 3317, 495039.0
930, 68.921655, 663.392545, 36.830882, 174.719697, 3281, 488846.0
931, 69.935689, 663.746441, 36.515701, 184.190493, 3230, 479115.0
932, 67.034931, 663.230807, 37.441212, 189.741617, 3252, 483387.0
933, 69.361941, 662.564639, 38.188831, 168.518885, 3196, 475513.0
934, 66.488140, 662.778568, 38.212499, 160.205551, 3228, 481273.0
935, 70.364634, 662.560388, 37.894154, 174.936274, 3222, 479358.0
936, 68.794161, 661.822370, 38.080809, 158.727620, 3300, 511245.0
937, 71.759322, 664.770971, 35.398070, 205.113927, 3089, 458906.0
938, 72.845612, 664.074089, 36.246665, 208.354533, 3063, 454416.0
939, 69.471438, 663.269754, 38.191901, 185.809882, 3230, 483552.0
940, 69.419258, 664.207528, 37.058272, 176.196594, 3236, 482278.0
941, 70.032542, 663.381387, 37.327188, 180.384619, 3280, 493625.0
942, 69.466488, 664.366146, 36.024404, 178.376687, 3257, 488600.0
943, 70.800089, 662.535131, 36.384936, 196.001039, 3135, 470320.0
944, 68.060223, 663.352585, 36.836529, 183.178625, 3262, 488110.0
945, 70.102805, 662.453256, 38.882806, 170.803935, 3296, 491771.0
946, 69.865860, 662.731554, 37.499234, 165.535409, 3267, 485548.0
947, 68.936996, 663.699525, 38.214803, 145.888343, 3319, 495895.0
948, 71.235418, 662.095825, 37.379695, 212.034140, 3061, 454638.0
949, 69.847711, 664.705560, 36.026199, 168.948127, 3276, 487751.0
950, 73.798639, 664.271375, 37.137602, 198.812073, 3128, 463682.0
951, 68.424339, 663.447922, 36.830232, 191.349260, 3207, 477878.0
952, 67.170859, 661.709726, 38.259503, 175.952967, 3208, 477222.0
953, 69.648102, 661.705140, 37.642693, 180.176112, 3187, 477183.0
954, 70.108613, 663.157617, 37.542174, 194.293655, 3173, 471861.0
955, 69.372835, 663.409715, 38.364205, 175.967799, 3263, 486441.0
956, 71.597720, 664.219572, 35.899291, 196.235731, 3104, 459555.0
957, 68.931433, 663.386643, 37.025363, 174.386148, 3298, 490671.0
958, 69.130138, 663.232289, 37.566282, 155.080562, 3308, 492822.0
959, 68.842371, 662.780462, 38.991227, 172.257116, 3287, 489768.0
960, 68.271974, 663.917304, 37.007550, 158.729920, 3264, 486220.0
961, 69.044366, 662.488562, 37.656438, 160.298614, 3280, 488685.0
962, 68.145222, 662.383853, 37.765595, 185.051398, 3240, 482848.0
963, 68.670501, 663.390030, 37.202228, 172.142425, 3257, 484578.0
964, 71.072712, 662.485300, 38.067882, 176.023180, 3290, 489889.0
965, 68.203743, 662.049494, 38.084114, 151.996573, 3302, 493297.0
966, 69.098920, 663.679677, 37.751552, 160.276466, 3307, 492508.0
967, 70.317949, 664.021646, 37.202508, 165.150064, 3293, 490931.0
968, 68.642482, 662.922915, 37.684852, 154.467721, 3318, 495478.0
969, 69.161141, 663.605208, 37.708228, 162.388507, 3316, 494076.0
970, 68.584567, 663.656436, 36.689710, 167.764875, 3254, 484224.0
971, 69.891901, 663.938305, 37.042372, 153.776893, 3284, 489638.0
972, 68.196083, 663.296189, 38.139911, 143.888130, 3308, 494044.0
973, 68.989345, 662.194105, 38.490198, 155.689459, 3311, 494818.0
974, 70.502334, 662.968190, 37.984228, 196.649263, 3259, 485502.0
975, 70.621533, 662.903851, 38.058437, 182.310695, 3240, 482216.0
976, 66.425622, 663.240374, 36.971361, 142.693028, 3260, 485940.0
977, 71.451147, 663.237684, 37.975054, 184.508335, 3142, 466322.0
978, 67.693167, 663.584693, 37.982572, 150.896226, 3335, 499217.0
979, 68.978449, 663.320853, 36.817125, 178.793756, 3277, 491257.0
980, 73.494773, 663.543754, 36.724405, 204.710235, 3107, 460397.0
981, 68.483405, 662.765549, 38.194417, 168.559460, 3281, 491478.0
982, 70.435571, 664.434083, 37.029557, 175.316984, 3221, 480076.0
983, 70.002191, 663.357417, 37.894320, 183.094992, 3150, 468791.0
984, 70.686578, 662.022216, 37.494796, 171.836872, 3260, 484707.0
985, 69.573916, 663.389518, 36.258403, 181.298457, 3279, 488220.0
986, 69.022023, 664.295845, 37.201704, 166.347232, 3282, 505804.0
987, 70.177450, 663.681066, 38.007099, 171.756137, 3206, 478558.0
988, 67.518814, 662.973737, 38.243866, 155.772532, 3293, 495699.0
989, 68.148122, 664.281476, 37.197321, 195.513028, 3237, 483908.0
990, 69.332678, 663.076783, 37.564001, 170.741086, 3260, 485611.0
991, 70.999638, 663.443148, 36.696851, 164.261374, 3264, 485892.0
992, 68.073013, 664.299860, 36.420796, 170.410323, 3264, 485382.0
993, 70.122155, 664.071750, 37.183394, 178.126420, 3274, 487679.0
994, 71.299233, 663.054557, 37.724753, 172.785297, 3245, 482797.0
995, 67.368577, 662.852255, 37.468207, 162.154721, 3243, 482815.0
996, 70.910689, 664.087249, 37.277909, 175.562130, 3256, 484603.0
997, 69.408569, 662.729190, 37.977951, 179.558253, 3187, 473905.0
998, 69.275509, 663.704152, 37.396666, 180.078556, 3245, 483636.0
999, 71.013649, 662.146605, 38.630513, 184.780249, 3208, 479065.0
