#idx, x0, x1, x2, y, f_neval, total_time (us), 
0, 70.834197, 664.608242, 36.572213, 176.498934, 5384, 800652.0
1, 72.542643, 663.686308, 37.453680, 205.218140, 5158, 761685.0
2, 72.104514, 663.042724, 37.302116, 199.533522, 5199, 767685.0
3, 70.140100, 663.631495, 37.108487, 204.704699, 5290, 783568.0
4, 72.158358, 663.932345, 36.210170, 219.500684, 5178, 762798.0
5, 70.769462, 663.271868, 36.900802, 210.111751, 5156, 761605.0
6, 71.906154, 663.151686, 38.387323, 197.746296, 5233, 784426.0
7, 73.388172, 662.415761, 37.286805, 210.582734, 5164, 803453.0
8, 72.106422, 664.872947, 36.955426, 204.645193, 5016, 739854.0
9, 72.431749, 663.803826, 36.842591, 220.305941, 5089, 750167.0
10, 75.422804, 663.841168, 37.022819, 232.466758, 5166, 761976.0
11, 72.162084, 664.080483, 36.323900, 197.734438, 5084, 753956.0
12, 71.527970, 662.997870, 38.425761, 185.659613, 5227, 779788.0
13, 72.309799, 664.681999, 36.931663, 234.373898, 4971, 734484.0
14, 71.918952, 662.514737, 37.248456, 214.388170, 5055, 746842.0
15, 70.172966, 664.548962, 37.142616, 177.195939, 5321, 789843.0
16, 70.112447, 663.269626, 37.817341, 175.921475, 5371, 797488.0
17, 71.467238, 664.915634, 35.657185, 194.872223, 5049, 745045.0
18, 68.606933, 663.064854, 37.224262, 204.664868, 5266, 780459.0
19, 74.252707, 663.625336, 37.258985, 231.853155, 5110, 751229.0
20, 72.858044, 663.192319, 38.035016, 205.510332, 5209, 770713.0
21, 72.335461, 663.812247, 37.230990, 185.879212, 5230, 773712.0
22, 69.136391, 663.808697, 36.853518, 186.317717, 5343, 792673.0
23, 73.467875, 661.629516, 38.293503, 218.629209, 5104, 754516.0
24, 72.206044, 663.264563, 37.065809, 217.096277, 5036, 743469.0
25, 70.775687, 663.806464, 38.600851, 197.012059, 5166, 766392.0
26, 74.609981, 664.156386, 36.710310, 223.056876, 5103, 752636.0
27, 70.774546, 664.472366, 36.697476, 185.369419, 5289, 785857.0
28, 71.384112, 662.521279, 37.864028, 187.085134, 5388, 810904.0
29, 72.198293, 664.227070, 36.615069, 198.760931, 5074, 748950.0
30, 69.946647, 663.728027, 37.609195, 176.270609, 5287, 786027.0
31, 69.999198, 663.222719, 37.943803, 200.083920, 5246, 778682.0
32, 69.989427, 663.545829, 37.835606, 183.184151, 5234, 776420.0
33, 70.917508, 662.334085, 38.280385, 176.790254, 5065, 751441.0
34, 70.096364, 662.433926, 37.757513, 182.210096, 5238, 777384.0
35, 73.760674, 662.962980, 37.334694, 212.695924, 5191, 767857.0
36, 71.758068, 662.938717, 38.427906, 191.998398, 5089, 766613.0
37, 68.950131, 662.185016, 37.397245, 179.371748, 5424, 807391.0
38, 70.469219, 663.993817, 36.690891, 203.647604, 5275, 780111.0
39, 68.334490, 661.949899, 37.842745, 166.745836, 5379, 799465.0
40, 71.614097, 663.420160, 37.441131, 191.181777, 5126, 756601.0
41, 71.218000, 664.371175, 36.397631, 181.464448, 5173, 761893.0
42, 68.137950, 662.647064, 38.025245, 185.707993, 5307, 784603.0
43, 72.486618, 663.099764, 37.466861, 206.770361, 5246, 776448.0
44, 71.330977, 662.971713, 38.779181, 169.490614, 5267, 782112.0
45, 69.027670, 663.073073, 38.862286, 190.971515, 5188, 770622.0
46, 69.842012, 664.691785, 36.376534, 198.392819, 5344, 793805.0
47, 71.155910, 664.249981, 36.794791, 193.505222, 5090, 752080.0
48, 69.515172, 662.602237, 37.549953, 187.385786, 5256, 779860.0
49, 71.870361, 663.383450, 36.769965, 186.479264, 5230, 772624.0
50, 72.624794, 663.782751, 36.216213, 183.327630, 5192, 766863.0
51, 72.863600, 664.252663, 37.443087, 199.152847, 5158, 762232.0
52, 66.438228, 663.752635, 36.435684, 165.020920, 5222, 774366.0
53, 70.861980, 663.517535, 36.900698, 222.139626, 4903, 723579.0
54, 71.516528, 662.908983, 38.468091, 203.193278, 5109, 762373.0
55, 69.070460, 663.725721, 37.655234, 168.756899, 5380, 798898.0
56, 70.950439, 664.240377, 37.889448, 192.356984, 5192, 769131.0
57, 68.464506, 662.598059, 37.043775, 173.208963, 5314, 789919.0
58, 70.222236, 663.253072, 37.694267, 186.909463, 5299, 787370.0
59, 69.138512, 663.609293, 37.918651, 174.068678, 5268, 782189.0
60, 71.856720, 664.487636, 37.243959, 190.247785, 5118, 756729.0
61, 68.710787, 663.579349, 37.866270, 153.741359, 5367, 797916.0
62, 68.905129, 662.715254, 37.691883, 162.847074, 5342, 792558.0
63, 68.616146, 663.620530, 36.436684, 179.827688, 5324, 789602.0
64, 70.604272, 664.425183, 37.107825, 189.360033, 5247, 778234.0
65, 67.675370, 663.344542, 36.865242, 180.889511, 5333, 811673.0
66, 68.428980, 662.635261, 37.727663, 171.279329, 5330, 789258.0
67, 72.544380, 663.598596, 36.446260, 214.122707, 5009, 738237.0
68, 66.701115, 662.328020, 37.668722, 183.645286, 5153, 765028.0
69, 69.374785, 662.931238, 37.760633, 207.567794, 5134, 762118.0
70, 68.282807, 663.822311, 36.884562, 165.625614, 5329, 798979.0
71, 69.871771, 664.864767, 37.020704, 191.918680, 5424, 805555.0
72, 71.270817, 663.050212, 37.705014, 199.832919, 5083, 754110.0
73, 65.149793, 662.953337, 37.493896, 183.145261, 5135, 762204.0
74, 69.738478, 663.942112, 36.646061, 175.130225, 5354, 794289.0
75, 69.594236, 663.236081, 38.098229, 185.560024, 5420, 803891.0
76, 67.134040, 663.280923, 36.337258, 185.245444, 5056, 750472.0
77, 67.456546, 662.646783, 37.533295, 163.674729, 5406, 799861.0
78, 69.906556, 663.153087, 37.350734, 181.060904, 5339, 791720.0
79, 70.625617, 662.294088, 38.337173, 204.068723, 5133, 764709.0
80, 67.652237, 663.345892, 37.657189, 168.274714, 5337, 815549.0
81, 68.261607, 663.205803, 37.774805, 161.733568, 5332, 792640.0
82, 68.644515, 663.858372, 36.211041, 159.418787, 5458, 811091.0
83, 71.333052, 664.436798, 36.137257, 190.028400, 5466, 810345.0
84, 68.079194, 662.296397, 37.568721, 177.955091, 5333, 792216.0
85, 70.420621, 665.036669, 36.622055, 204.553773, 5066, 749149.0
86, 67.949140, 663.471105, 37.584438, 173.648603, 5174, 767875.0
87, 67.624722, 663.018769, 36.841291, 170.637478, 5281, 784545.0
88, 67.281119, 663.219200, 36.770063, 174.024984, 5244, 778524.0
89, 68.845791, 664.822805, 36.162727, 156.768643, 5464, 811348.0
90, 72.029475, 663.956559, 35.984165, 214.557922, 5078, 750991.0
91, 68.384801, 661.968839, 38.064058, 176.490301, 5308, 789681.0
92, 67.694468, 662.066531, 38.157648, 187.088996, 5508, 818068.0
93, 67.502999, 662.730953, 37.467529, 193.620651, 5214, 773927.0
94, 70.113367, 664.207575, 36.631366, 171.915453, 5386, 799409.0
95, 69.357136, 663.151163, 38.570283, 166.708911, 5367, 797565.0
96, 68.789484, 664.233014, 35.738734, 172.307175, 5504, 816507.0
97, 69.456904, 664.222551, 36.170856, 175.163714, 5371, 797375.0
98, 69.494164, 663.225140, 37.154154, 164.232881, 5538, 823469.0
99, 68.683302, 664.303431, 36.765733, 180.972665, 5209, 772730.0
100, 66.220347, 662.504962, 37.594089, 170.213452, 5169, 767678.0
101, 69.697699, 663.430344, 36.758681, 202.552335, 5191, 769180.0
102, 67.361344, 662.447364, 38.213702, 162.177813, 5290, 789663.0
103, 68.477728, 662.686058, 38.457246, 173.949202, 5405, 803396.0
104, 69.596510, 664.652856, 35.693969, 180.889162, 5295, 785426.0
105, 68.345098, 663.269659, 36.847847, 188.093688, 5238, 777760.0
106, 71.398268, 664.696549, 36.381513, 195.721242, 5217, 774384.0
107, 70.692612, 662.959336, 38.180857, 181.086599, 5294, 787867.0
108, 68.457968, 663.334131, 37.150174, 187.940832, 5095, 754327.0
109, 69.141851, 663.887247, 37.176577, 177.885108, 5304, 790763.0
110, 69.028712, 664.587671, 36.927215, 177.451077, 5373, 797497.0
111, 69.708317, 663.829938, 37.417570, 183.950704, 5091, 756142.0
112, 69.939471, 662.168268, 37.574644, 189.390083, 5399, 803614.0
113, 69.828788, 662.661666, 38.364408, 161.515833, 5453, 813027.0
114, 71.534466, 664.763271, 36.741782, 198.347643, 5155, 757723.0
115, 67.087087, 662.703424, 38.242807, 168.789244, 5326, 791118.0
116, 72.054811, 664.578634, 36.464904, 223.582044, 5070, 746960.0
117, 70.332706, 664.766996, 36.166243, 216.969099, 5013, 741823.0
118, 68.842465, 663.289628, 37.997185, 193.610906, 5353, 794063.0
119, 66.044851, 663.346372, 37.724139, 150.708012, 5325, 790736.0
120, 66.935781, 663.277374, 38.035314, 158.178739, 5278, 783577.0
121, 67.084421, 663.677846, 35.967010, 178.444163, 5063, 751406.0
122, 71.670279, 662.752000, 37.820364, 204.971893, 5025, 743648.0
123, 69.729938, 663.308738, 37.822607, 177.614825, 5396, 800936.0
124, 70.385884, 662.930872, 37.178312, 162.937246, 5360, 795962.0
125, 68.393526, 662.219629, 37.885681, 184.681231, 5402, 803758.0
126, 68.430950, 662.949913, 38.648329, 180.726359, 5333, 793087.0
127, 66.582886, 662.730005, 37.261946, 171.652149, 5163, 766086.0
128, 70.777660, 663.862571, 36.985726, 191.852866, 5322, 788667.0
129, 70.294537, 662.898067, 37.332472, 184.129196, 5385, 798220.0
130, 69.831950, 665.040780, 36.761697, 175.660027, 5391, 800136.0
131, 70.982850, 663.137089, 38.541163, 199.634939, 5021, 741681.0
132, 71.563256, 662.541533, 38.153018, 193.014409, 5204, 770140.0
133, 68.273011, 664.265868, 36.115602, 159.230688, 5312, 787029.0
134, 69.239502, 664.249640, 36.073864, 198.280361, 5263, 780435.0
135, 71.439172, 664.819750, 36.247623, 215.860194, 5107, 752857.0
136, 71.351756, 662.506295, 37.659726, 202.497829, 5073, 754308.0
137, 70.023364, 663.542376, 37.207353, 178.918229, 5314, 808729.0
138, 68.522672, 662.432033, 37.318217, 165.966386, 5378, 807144.0
139, 71.123286, 662.927680, 37.961512, 199.308481, 5160, 762000.0
140, 69.289449, 664.883789, 36.151553, 184.944596, 5542, 820891.0
141, 70.746086, 663.685336, 35.988822, 183.433511, 5364, 793903.0
142, 71.055002, 663.694539, 37.826574, 183.086036, 5297, 785003.0
143, 69.776562, 662.380561, 37.342551, 178.308558, 5355, 795368.0
144, 73.495451, 663.655333, 37.339556, 203.679523, 5149, 758437.0
145, 69.093453, 664.807172, 36.326923, 188.181764, 5400, 802123.0
146, 68.937032, 664.060661, 36.613387, 170.224146, 5354, 797861.0
147, 73.558192, 664.182354, 36.714667, 217.604199, 5229, 777092.0
148, 69.126361, 663.236908, 37.034497, 179.548665, 5390, 804857.0
149, 73.067389, 662.834812, 37.602440, 206.515157, 5243, 776326.0
150, 66.712207, 662.649876, 37.036598, 191.478975, 4992, 741429.0
151, 71.372987, 662.767156, 37.487077, 211.875957, 5170, 765168.0
152, 73.034142, 662.686990, 38.001833, 203.521185, 5219, 770535.0
153, 70.601539, 663.901511, 37.003522, 189.052290, 5293, 784489.0
154, 69.253755, 663.929227, 37.159835, 162.687623, 5404, 800632.0
155, 70.453968, 663.536887, 37.699307, 175.745007, 5469, 808811.0
156, 67.184471, 662.399914, 37.323529, 180.528534, 5124, 757656.0
157, 68.398531, 661.480088, 38.103654, 187.441792, 5284, 781870.0
158, 72.115399, 663.029242, 37.947768, 210.741937, 5183, 767141.0
159, 69.745769, 662.829316, 36.980416, 171.175115, 5433, 809410.0
160, 72.648794, 662.714129, 37.723777, 194.999334, 4981, 736998.0
161, 72.819439, 664.442753, 36.892211, 214.457236, 5114, 752567.0
162, 71.746385, 662.672457, 36.999483, 187.472131, 5194, 766687.0
163, 71.758746, 663.064399, 37.308099, 201.025977, 5180, 768659.0
164, 69.381965, 663.325558, 37.623238, 182.066156, 5307, 789214.0
165, 71.153238, 663.396461, 37.190976, 177.689521, 5227, 773195.0
166, 69.181180, 663.998724, 37.578383, 172.051321, 5274, 783320.0
167, 71.167579, 663.427764, 36.215423, 198.379573, 4940, 728694.0
168, 70.587472, 662.538729, 38.485450, 181.341867, 5239, 782369.0
169, 67.871237, 663.804950, 35.838734, 185.005758, 5079, 757971.0
170, 70.867974, 664.369874, 36.733880, 190.074771, 5338, 790572.0
171, 67.781878, 662.219859, 38.179171, 166.742488, 5221, 774799.0
172, 69.647965, 663.229690, 37.252417, 193.018937, 5221, 775278.0
173, 71.757625, 662.956885, 37.375845, 175.919221, 5218, 773232.0
174, 68.536673, 662.959886, 37.851357, 182.570293, 5153, 764315.0
175, 70.387734, 661.844654, 38.141366, 192.766928, 5168, 768638.0
176, 71.177774, 662.687819, 37.820480, 196.721624, 5325, 820522.0
177, 73.525764, 663.979718, 37.107644, 197.377423, 5194, 765067.0
178, 67.857452, 663.135499, 36.674957, 175.712890, 5146, 762783.0
179, 69.123095, 664.018759, 37.384377, 184.652979, 5343, 794260.0
180, 69.378372, 664.105648, 36.200556, 197.503722, 5288, 783794.0
181, 68.281004, 662.900102, 36.773734, 153.340388, 5414, 817389.0
182, 68.587199, 662.487420, 37.640765, 183.949807, 5295, 786680.0
183, 68.028354, 662.786836, 37.666770, 168.529055, 5259, 785370.0
184, 72.096467, 664.089148, 37.134407, 210.415520, 5068, 748500.0
185, 70.969630, 662.289220, 37.470223, 166.582253, 5493, 817066.0
186, 68.032524, 662.508304, 37.049014, 179.881203, 5303, 790286.0
187, 69.337569, 661.955536, 37.545552, 183.457584, 5180, 769583.0
188, 70.387697, 663.515991, 37.071145, 192.981374, 5254, 782309.0
189, 68.322267, 664.566220, 35.217959, 192.411206, 5136, 764588.0
190, 69.511003, 662.028077, 37.607580, 173.571202, 5435, 807893.0
191, 69.929260, 664.326903, 37.231588, 174.492268, 5372, 798182.0
192, 72.607666, 662.810625, 37.780045, 193.859262, 5147, 762565.0
193, 70.722215, 662.615520, 38.883636, 199.360236, 5059, 749858.0
194, 71.045129, 663.750199, 37.792698, 182.844986, 5020, 748322.0
195, 72.708191, 662.337851, 37.659679, 195.723003, 5297, 800178.0
196, 72.900050, 661.907392, 38.267848, 183.731548, 5205, 772304.0
197, 70.029879, 664.017065, 37.173842, 166.854710, 5370, 800328.0
198, 69.257296, 663.194648, 38.135361, 154.982432, 5399, 803933.0
199, 70.537644, 664.206276, 36.780221, 187.425605, 5203, 773637.0
200, 71.798332, 663.208297, 38.206695, 178.863542, 5322, 793158.0
201, 70.999163, 662.103411, 37.312169, 182.131537, 5308, 788262.0
202, 69.358903, 663.200281, 37.956781, 175.655293, 5491, 819714.0
203, 71.760653, 662.748057, 38.876917, 179.992037, 5309, 791790.0
204, 70.549893, 662.173965, 38.489325, 197.864506, 5354, 793716.0
205, 70.073098, 664.371057, 37.240684, 184.407785, 5203, 770864.0
206, 71.274629, 663.565468, 36.679642, 198.774888, 5055, 754285.0
207, 70.331252, 664.031525, 35.884447, 192.782258, 5180, 765157.0
208, 70.616376, 663.879222, 36.353729, 195.360528, 5216, 773272.0
209, 73.357157, 664.291875, 36.882754, 204.946532, 5212, 769838.0
210, 74.037708, 663.996052, 37.339886, 236.913968, 5111, 762734.0
211, 72.304674, 664.455201, 36.526517, 190.189330, 5148, 765074.0
212, 72.814746, 664.682853, 37.011921, 218.373882, 5104, 766945.0
213, 72.523839, 663.060982, 37.642087, 241.845964, 4962, 741825.0
214, 73.391846, 663.682825, 38.249858, 215.032858, 5193, 776810.0
215, 72.788073, 664.326851, 36.710413, 199.886000, 5070, 758875.0
216, 69.247255, 662.084076, 37.657032, 185.059896, 5400, 811751.0
217, 70.270256, 663.097501, 37.681837, 177.035450, 5412, 812526.0
218, 69.940655, 663.746804, 36.327156, 189.540903, 5181, 767160.0
219, 74.744483, 664.086436, 36.202501, 251.325142, 5074, 744534.0
220, 72.385051, 663.636760, 38.604940, 196.718140, 5174, 763502.0
221, 72.085878, 663.342978, 37.782031, 212.251573, 5106, 753694.0
222, 70.985321, 663.367906, 37.674426, 199.505372, 5144, 761898.0
223, 71.962312, 664.615209, 36.094635, 192.399742, 5173, 764183.0
224, 69.749380, 662.067791, 38.364697, 180.228768, 5394, 800117.0
225, 71.191873, 662.394194, 38.322231, 177.861535, 5298, 784988.0
226, 69.827289, 662.548892, 38.550887, 160.761087, 5414, 803682.0
227, 70.101450, 664.397932, 35.547491, 202.774447, 5146, 761231.0
228, 71.329375, 664.492151, 37.017457, 188.422639, 5259, 778609.0
229, 72.358281, 663.853167, 36.676010, 195.118325, 5084, 749811.0
230, 69.940476, 663.116714, 36.893981, 199.032576, 5214, 772133.0
231, 76.794181, 664.535588, 36.516548, 238.597508, 5295, 777544.0
232, 71.210943, 663.403614, 38.195317, 181.146100, 5134, 760933.0
233, 71.076539, 662.937019, 37.835749, 165.130039, 5449, 808521.0
234, 69.315611, 663.519197, 36.881689, 186.905941, 5357, 794511.0
235, 72.013958, 663.394126, 37.893348, 184.583457, 5248, 777514.0
236, 69.692991, 663.286492, 38.754264, 177.437325, 5332, 791555.0
237, 69.361348, 664.128738, 37.119904, 187.606076, 5462, 810317.0
238, 69.757619, 662.675031, 37.677822, 183.406253, 5288, 786660.0
239, 72.668106, 664.333717, 37.054237, 177.114277, 5213, 785790.0
240, 68.853349, 662.852255, 37.178641, 188.837909, 5384, 802998.0
241, 69.581361, 663.044894, 37.619829, 179.083999, 5309, 788859.0
242, 68.269196, 662.364377, 38.234161, 163.976394, 5434, 811573.0
243, 71.885778, 663.868593, 37.566327, 199.789840, 5154, 762507.0
244, 69.317848, 664.471190, 36.202600, 178.110353, 5414, 806823.0
245, 67.218986, 661.917273, 37.661235, 170.232572, 5161, 769021.0
246, 68.419249, 662.477430, 37.271948, 169.215112, 5366, 797636.0
247, 70.144733, 664.395245, 36.610900, 176.844485, 5432, 811236.0
248, 71.343130, 663.155695, 36.856841, 225.166324, 5157, 764303.0
249, 70.388353, 664.497693, 37.336495, 177.500296, 5325, 793927.0
250, 70.767592, 663.363094, 36.467786, 172.568721, 5246, 777052.0
251, 69.142549, 662.653573, 37.046881, 223.848834, 5164, 766980.0
252, 72.129898, 664.447163, 36.147564, 208.963774, 4993, 741569.0
253, 69.579860, 664.827058, 36.698322, 186.531621, 5321, 818592.0
254, 69.501108, 663.969394, 37.531314, 183.779173, 5357, 795592.0
255, 69.848852, 662.630612, 37.796530, 197.007853, 5092, 753605.0
256, 72.706562, 663.581892, 35.985738, 216.331955, 4996, 733197.0
257, 73.159075, 662.525448, 38.102906, 193.118639, 5202, 770353.0
258, 69.420083, 663.191343, 36.983227, 172.050038, 5414, 802413.0
259, 69.162930, 662.623218, 38.546180, 181.840218, 5232, 776534.0
260, 69.588166, 663.796690, 37.248182, 185.161719, 5433, 808644.0
261, 73.184831, 664.773003, 37.183469, 233.238000, 5014, 745914.0
262, 71.596785, 663.052662, 37.929246, 167.542073, 5307, 788537.0
263, 69.933881, 664.058927, 36.131736, 181.744034, 5207, 785040.0
264, 70.638629, 662.692225, 37.735479, 161.306456, 5371, 797869.0
265, 66.370144, 663.567248, 37.501422, 184.786949, 5350, 794423.0
266, 69.766134, 663.720809, 37.609754, 193.452630, 5134, 762059.0
267, 69.551026, 662.663679, 37.352798, 203.285357, 5182, 768807.0
268, 73.567246, 663.731795, 36.344984, 255.266508, 5096, 747757.0
269, 68.013987, 662.910191, 37.019222, 172.367090, 5391, 798878.0
270, 71.471500, 662.896767, 37.651039, 210.349266, 5165, 762394.0
271, 73.796649, 664.060545, 37.696670, 217.704196, 5197, 765534.0
272, 70.010970, 663.262405, 37.767238, 179.464442, 5285, 785389.0
273, 69.588646, 663.786721, 37.406053, 188.832122, 5239, 777423.0
274, 68.505800, 662.785548, 38.076253, 174.892385, 5277, 785486.0
275, 70.643236, 665.326393, 36.080961, 198.072900, 5366, 797799.0
276, 69.865986, 663.467725, 37.391459, 189.291417, 5396, 800651.0
277, 70.803703, 664.286430, 36.778750, 185.265790, 5418, 803795.0
278, 70.799666, 663.247404, 37.155105, 190.204265, 5194, 769626.0
279, 67.807845, 662.439093, 37.947288, 164.448092, 5312, 789095.0
280, 73.668468, 663.218731, 36.940608, 228.431957, 5196, 766558.0
281, 72.560344, 662.744531, 38.026747, 188.321265, 5186, 766481.0
282, 70.167408, 662.836137, 37.829510, 166.410531, 5426, 818462.0
283, 73.563790, 665.222725, 36.302516, 217.390607, 4938, 725493.0
284, 72.154301, 663.185999, 37.774938, 201.845413, 5107, 752157.0
285, 71.174385, 662.441955, 37.935185, 194.390565, 5274, 778688.0
286, 69.304806, 663.503354, 37.386401, 191.197717, 5451, 808507.0
287, 69.628583, 662.324753, 38.481610, 183.407631, 5316, 792577.0
288, 70.269418, 663.418606, 37.110035, 189.030518, 5211, 773578.0
289, 69.055419, 661.937269, 38.560486, 164.207181, 5271, 785964.0
290, 71.584973, 663.937697, 37.945546, 191.755027, 5295, 787557.0
291, 70.662682, 662.860450, 37.830811, 175.330848, 5307, 785907.0
292, 71.798203, 663.799338, 36.893503, 188.167539, 5199, 766202.0
293, 69.508142, 664.475658, 37.263011, 181.077579, 5469, 812891.0
294, 70.826132, 663.284894, 37.929854, 188.951114, 5361, 795664.0
295, 67.973138, 663.289600, 37.838729, 171.524215, 5428, 805916.0
296, 69.104313, 663.285693, 38.055091, 168.634790, 5399, 801100.0
297, 70.541841, 663.878109, 36.681247, 221.333766, 5162, 765321.0
298, 69.226720, 663.328619, 36.549361, 194.994428, 5300, 785393.0
299, 72.108150, 664.480435, 36.377320, 207.316776, 5066, 747715.0
300, 70.427025, 662.852772, 37.145130, 165.417052, 5291, 784062.0
301, 70.611575, 664.071511, 37.216205, 163.766166, 5496, 816136.0
302, 69.098042, 662.597077, 37.514825, 167.448903, 5450, 810392.0
303, 69.365110, 663.775151, 37.029676, 191.123300, 5316, 788820.0
304, 69.739607, 663.830398, 36.036104, 211.678930, 5130, 759714.0
305, 69.573945, 663.803174, 36.911828, 159.352919, 5435, 808309.0
306, 69.998113, 663.907528, 37.196155, 178.783044, 5358, 794767.0
307, 71.256343, 663.756201, 36.631268, 196.630145, 5088, 751074.0
308, 70.189368, 664.102485, 36.667902, 181.123395, 5479, 814580.0
309, 69.943985, 664.387974, 36.535314, 171.607290, 5475, 812395.0
310, 70.746707, 663.425762, 37.050841, 176.223908, 5376, 815359.0
311, 70.585136, 663.055107, 38.846307, 203.546522, 5158, 802682.0
312, 70.500014, 662.729629, 37.514622, 205.982586, 5213, 773406.0
313, 67.743817, 663.805325, 36.849233, 194.617507, 5106, 756177.0
314, 71.870958, 663.674217, 37.305372, 197.219306, 5251, 776647.0
315, 71.299588, 663.492262, 38.701808, 182.648485, 5001, 741262.0
316, 74.521770, 664.383400, 36.344745, 220.522613, 5197, 768954.0
317, 72.612417, 663.857423, 37.261158, 219.790509, 5200, 769265.0
318, 71.192744, 664.806168, 36.783043, 219.905800, 5150, 763691.0
319, 69.724042, 663.431495, 36.514458, 199.182031, 5297, 789864.0
320, 74.028603, 665.114112, 36.553191, 223.824292, 5140, 763497.0
321, 72.204018, 664.991733, 36.550135, 177.593946, 5162, 773408.0
322, 71.042939, 662.929241, 38.072747, 175.132534, 5445, 816860.0
323, 74.830619, 664.354852, 36.400914, 251.197739, 5079, 753792.0
324, 72.472446, 662.955771, 37.498476, 217.765469, 5095, 758444.0
325, 69.607971, 664.064165, 36.949325, 205.319612, 5101, 786949.0
326, 74.151643, 664.284769, 36.255557, 227.151768, 5139, 756090.0
327, 73.877848, 663.250903, 36.986353, 230.927669, 5211, 767855.0
328, 69.495165, 663.669673, 37.737856, 180.684436, 5428, 805565.0
329, 69.827067, 664.031254, 35.654795, 205.095123, 5321, 788233.0
330, 71.143482, 665.888844, 35.028191, 207.794502, 5032, 743946.0
331, 70.793042, 664.597166, 36.546672, 194.981933, 5250, 778054.0
332, 69.063520, 662.861206, 38.320256, 169.366965, 5376, 799521.0
333, 69.863724, 664.124365, 37.578631, 187.226034, 5330, 794366.0
334, 68.188315, 662.154578, 37.983364, 180.181176, 5457, 812915.0
335, 69.122938, 663.261367, 37.994917, 176.482190, 5404, 804011.0
336, 69.416273, 662.799884, 38.732706, 181.051324, 5248, 780520.0
337, 69.549158, 663.411042, 38.040963, 173.329610, 5346, 794451.0
338, 71.102431, 663.761965, 38.015768, 184.035704, 5230, 776015.0
339, 72.023155, 663.542015, 38.003831, 181.736706, 5270, 782612.0
340, 73.169391, 665.001362, 35.522688, 221.992498, 5059, 744194.0
341, 67.301825, 662.950469, 37.554844, 174.441712, 5410, 802615.0
342, 68.956739, 661.847321, 37.487640, 180.809906, 5255, 779534.0
343, 72.120598, 663.520082, 36.401751, 200.926995, 5099, 754406.0
344, 71.049413, 664.340560, 36.317316, 195.654681, 5262, 781561.0
345, 71.336821, 664.413116, 36.455318, 195.225861, 5192, 767820.0
346, 69.585957, 663.618041, 37.534126, 181.063699, 5520, 821990.0
347, 71.419996, 663.051307, 38.326352, 176.464456, 5206, 771562.0
348, 72.171966, 664.463027, 36.583156, 203.717929, 5115, 756607.0
349, 68.582266, 662.889289, 37.937901, 160.955934, 5423, 806488.0
350, 73.337918, 663.332595, 37.328322, 205.436992, 5177, 765675.0
351, 70.902601, 661.949480, 38.595248, 179.084372, 5230, 776808.0
352, 69.303690, 662.801281, 38.018796, 173.967511, 5454, 812808.0
353, 69.963168, 662.742583, 38.717534, 194.937264, 5199, 772707.0
354, 69.003994, 663.603129, 37.558645, 183.588982, 5370, 806470.0
355, 69.581393, 663.408462, 38.165451, 172.891577, 5384, 803571.0
356, 70.286359, 663.354788, 38.613238, 173.832364, 5264, 782948.0
357, 69.603548, 662.401778, 38.407112, 167.404156, 5314, 793206.0
358, 67.000008, 662.679651, 36.904980, 172.212108, 5279, 787748.0
359, 70.982918, 663.392151, 38.319297, 182.077201, 5360, 794697.0
360, 69.422658, 662.172842, 37.290089, 197.231442, 5177, 766538.0
361, 70.327629, 662.796115, 37.595497, 203.257556, 5320, 788316.0
362, 72.563877, 664.082042, 38.492078, 201.169535, 5237, 774569.0
363, 71.468856, 664.217496, 36.480680, 219.944408, 5094, 751086.0
364, 70.023898, 664.342289, 36.968488, 184.877728, 5563, 824725.0
365, 67.895207, 661.797586, 38.029244, 175.713335, 5342, 792874.0
366, 69.234445, 664.191794, 36.276156, 162.990259, 5417, 804607.0
367, 70.104177, 664.348056, 36.426244, 201.292020, 5211, 771890.0
368, 71.583014, 662.980752, 38.127467, 182.550188, 5200, 770443.0
369, 69.952847, 663.279633, 36.705748, 200.692460, 5367, 796081.0
370, 73.248916, 663.229319, 37.264105, 201.165441, 5165, 762232.0
371, 71.438458, 664.516572, 37.007869, 195.556292, 5230, 774120.0
372, 69.868994, 663.650413, 36.752062, 184.876952, 5254, 778040.0
373, 67.924583, 663.012224, 36.983674, 173.812541, 5339, 793197.0
374, 73.622410, 665.332908, 37.597798, 205.975112, 5178, 763468.0
375, 73.887670, 664.117068, 36.716987, 221.324840, 5230, 771409.0
376, 68.726465, 664.079891, 37.138292, 187.524302, 5197, 770216.0
377, 69.797427, 664.441353, 37.652519, 181.164556, 5214, 773508.0
378, 72.502607, 663.837876, 36.973211, 212.260700, 5165, 759839.0
379, 72.209188, 663.846782, 37.305272, 200.042228, 5235, 771397.0
380, 70.914673, 663.054178, 37.916507, 185.013208, 5408, 799784.0
381, 69.448565, 662.972746, 37.982960, 212.935137, 5108, 754298.0
382, 70.953501, 663.573800, 37.746872, 178.399676, 5402, 799191.0
383, 70.534909, 663.138833, 37.671357, 187.244189, 5320, 807915.0
384, 71.695205, 663.428911, 37.141268, 185.964721, 5217, 773788.0
385, 70.969667, 663.998841, 37.587653, 191.997305, 5120, 758269.0
386, 73.034474, 664.092582, 36.713390, 213.449471, 5062, 744648.0
387, 72.997572, 661.901009, 38.059583, 207.586408, 5226, 772751.0
388, 69.635534, 662.951247, 36.962230, 197.602920, 5157, 763644.0
389, 73.328401, 664.285564, 36.440314, 226.042354, 5201, 766993.0
390, 75.076685, 664.725503, 36.872937, 211.157163, 5192, 763435.0
391, 72.965034, 664.323684, 36.638820, 247.379790, 5057, 753114.0
392, 71.233221, 663.133389, 37.195157, 188.992425, 5160, 766938.0
393, 73.635815, 663.490621, 36.937819, 221.558215, 5186, 764612.0
394, 71.705534, 662.493666, 37.113868, 202.496044, 5115, 756291.0
395, 70.373915, 661.881992, 38.093402, 204.604924, 5114, 757335.0
396, 74.606304, 664.700585, 37.697427, 206.486017, 5174, 773925.0
397, 71.479420, 662.924006, 37.060651, 218.423326, 5117, 768265.0
398, 72.422011, 663.083600, 37.324398, 206.194300, 5195, 779208.0
399, 73.684611, 663.769333, 37.571490, 216.873114, 5103, 758748.0
400, 73.140475, 662.497517, 37.659609, 203.699555, 5222, 782043.0
401, 70.253900, 664.310316, 36.467068, 189.013987, 5387, 803309.0
402, 71.148778, 663.020767, 37.574202, 194.576674, 5231, 785931.0
403, 73.956508, 664.885418, 37.598181, 213.648148, 5192, 775710.0
404, 71.263118, 664.241131, 38.047016, 195.952644, 5308, 790647.0
405, 73.298508, 663.158882, 37.538491, 207.731490, 5178, 768585.0
406, 70.777616, 662.385960, 38.295762, 188.342112, 5328, 790977.0
407, 74.180474, 663.872150, 37.672387, 213.068752, 5176, 758915.0
408, 71.162548, 662.744415, 38.087925, 183.312648, 5430, 802362.0
409, 71.472991, 664.569469, 37.372398, 201.579182, 5070, 746265.0
410, 69.749033, 664.149212, 36.558218, 217.787822, 5242, 772951.0
411, 73.946025, 663.152776, 37.873356, 205.956831, 5259, 775710.0
412, 74.194168, 663.252285, 38.314131, 227.824780, 5260, 787390.0
413, 73.677593, 661.644425, 38.618234, 200.879069, 5177, 765587.0
414, 71.074858, 663.967459, 37.876363, 219.883966, 5047, 748669.0
415, 74.508554, 663.424890, 37.420219, 222.096731, 5132, 765377.0
416, 69.595560, 662.358087, 36.679176, 192.001089, 5150, 765545.0
417, 71.502607, 663.199039, 37.177166, 205.648449, 5093, 755982.0
418, 71.732882, 663.737459, 36.073857, 205.073430, 5161, 764327.0
419, 72.905732, 661.076680, 39.022506, 187.482877, 5240, 777118.0
420, 69.915918, 663.808623, 37.405795, 196.258196, 5236, 776648.0
421, 71.419626, 663.232851, 39.182215, 192.180485, 5214, 790892.0
422, 67.644024, 663.163424, 37.313794, 187.284033, 5195, 770794.0
423, 72.113254, 664.086709, 37.312304, 212.728166, 5122, 756816.0
424, 72.332930, 662.830491, 37.461408, 201.409910, 5207, 770533.0
425, 72.226812, 663.937523, 37.738827, 214.981577, 5057, 747136.0
426, 71.347216, 663.180909, 37.021079, 191.251243, 5215, 803014.0
427, 71.733650, 664.167341, 37.561406, 198.980143, 5261, 785582.0
428, 72.389230, 662.942675, 37.389611, 206.498630, 5208, 772194.0
429, 74.329738, 664.636483, 36.161822, 233.874759, 5214, 767747.0
430, 70.243350, 663.338329, 37.082816, 185.510124, 5362, 796163.0
431, 71.198600, 663.628867, 36.631205, 196.795491, 5189, 769275.0
432, 72.267601, 663.591433, 37.840700, 181.255386, 5274, 780465.0
433, 68.732800, 662.220188, 37.358623, 184.600458, 5234, 777209.0
434, 70.789086, 662.828396, 36.906678, 182.915957, 5242, 775379.0
435, 70.455095, 663.080824, 37.780602, 186.152324, 5362, 798477.0
436, 70.934416, 663.201887, 36.703956, 189.265323, 5129, 759899.0
437, 70.670892, 664.411308, 37.497792, 177.393368, 5381, 798060.0
438, 70.194416, 664.095885, 36.947104, 173.768400, 5417, 802156.0
439, 68.807394, 663.475790, 37.338112, 171.776606, 5330, 789604.0
440, 72.174009, 662.714368, 37.846109, 209.452017, 5050, 746120.0
441, 71.560673, 663.986787, 35.672325, 194.027712, 5267, 784726.0
442, 70.998430, 663.370117, 37.514748, 183.047308, 5381, 804346.0
443, 71.259849, 662.847456, 37.445383, 196.794423, 5165, 770316.0
444, 70.074415, 662.552060, 37.714087, 184.043156, 5216, 778811.0
445, 68.314163, 662.451486, 38.523354, 170.968178, 5356, 801757.0
446, 71.666134, 664.078266, 36.844579, 209.773028, 4947, 734583.0
447, 72.810192, 663.370236, 37.488857, 205.510569, 5155, 759788.0
448, 71.150642, 663.264096, 37.491099, 197.660901, 5104, 755520.0
449, 71.247778, 665.585733, 36.376715, 198.362889, 5092, 752329.0
450, 71.529966, 663.325273, 37.467882, 207.581805, 5121, 758224.0
451, 71.595434, 663.007134, 37.569886, 194.991087, 5194, 769634.0
452, 69.996489, 662.136025, 37.619412, 174.154273, 5384, 798673.0
453, 68.248594, 662.714368, 37.308793, 179.351143, 5295, 783799.0
454, 67.733084, 662.181159, 38.416014, 179.168384, 5285, 782246.0
455, 71.391104, 663.771667, 37.619389, 180.068701, 5161, 763836.0
456, 71.964417, 664.193133, 36.352675, 204.446897, 5250, 795175.0
457, 73.597016, 663.763985, 38.136449, 201.750411, 5276, 794894.0
458, 68.216619, 663.442106, 37.534516, 188.678616, 5278, 782831.0
459, 71.391237, 663.154987, 37.745696, 186.188789, 5324, 807251.0
460, 73.579565, 665.205835, 37.669742, 211.883333, 5250, 775580.0
461, 71.798968, 664.058761, 37.364606, 190.964590, 5102, 756278.0
462, 70.186192, 663.249291, 36.561675, 177.458644, 5430, 805735.0
463, 72.974694, 663.817374, 37.120150, 199.669411, 5139, 759671.0
464, 72.846283, 664.820018, 36.449034, 202.362402, 5060, 744944.0
465, 70.638662, 662.641136, 37.962768, 202.099477, 5323, 788905.0
466, 70.969775, 662.919767, 37.514110, 188.742693, 5185, 767706.0
467, 68.788971, 663.648533, 36.901767, 184.218704, 5293, 784754.0
468, 69.607424, 663.355408, 38.383203, 169.863581, 5312, 788591.0
469, 69.726220, 664.203352, 36.087537, 203.770666, 5130, 759203.0
470, 71.720324, 664.864377, 36.063406, 188.082079, 5155, 761135.0
471, 71.587117, 662.503191, 38.583347, 177.525574, 5159, 762764.0
472, 69.668150, 661.863884, 37.846632, 181.750758, 5152, 763408.0
473, 72.698077, 663.522563, 38.175983, 197.925164, 5225, 770545.0
474, 69.942751, 663.085617, 37.478184, 173.750178, 5359, 795799.0
475, 68.723496, 662.639670, 36.791485, 189.514466, 5266, 780587.0
476, 70.523387, 661.810372, 37.707712, 198.131296, 5479, 811307.0
477, 69.625860, 663.282143, 37.598709, 196.433217, 5242, 776617.0
478, 70.303965, 662.928643, 37.150668, 191.009012, 5340, 790891.0
479, 72.432047, 663.351609, 37.611413, 193.274466, 5196, 768139.0
480, 70.111228, 663.004855, 37.527146, 189.565965, 5088, 752145.0
481, 69.652427, 662.686205, 37.373552, 203.281625, 5122, 756175.0
482, 69.661437, 663.002265, 36.603077, 186.977023, 5390, 797179.0
483, 69.863601, 664.290203, 37.066898, 192.088889, 5259, 777666.0
484, 68.357916, 663.158559, 38.648903, 153.528851, 5439, 808602.0
485, 70.550981, 661.574431, 38.247952, 211.876335, 5237, 811120.0
486, 69.394916, 663.789574, 36.883492, 163.850114, 5444, 810710.0
487, 69.684503, 664.410635, 36.625076, 183.995081, 5349, 795322.0
488, 71.182160, 663.759344, 37.066463, 189.816454, 5154, 764041.0
489, 71.268165, 663.551694, 37.565365, 175.374036, 5386, 801011.0
490, 71.154794, 663.246874, 37.817092, 193.990134, 5128, 761777.0
491, 74.101264, 664.562824, 36.827609, 239.556518, 5110, 755519.0
492, 71.680764, 663.788543, 36.904107, 207.762307, 5096, 755180.0
493, 68.471103, 662.767626, 37.632712, 191.664226, 5361, 797424.0
494, 70.792801, 663.782392, 37.329760, 185.723839, 5402, 800689.0
495, 72.026130, 662.882471, 37.651972, 207.749975, 5177, 778074.0
496, 68.530617, 662.465748, 37.590964, 201.506519, 5296, 806420.0
497, 72.216135, 662.424186, 37.745766, 215.788459, 5040, 744169.0
498, 73.696928, 664.473998, 37.215351, 212.284280, 5206, 765487.0
499, 74.166848, 664.340868, 36.344607, 239.702105, 5079, 756699.0
500, 71.936169, 663.130905, 37.402610, 194.159963, 5159, 763689.0
501, 68.739076, 663.150794, 37.402302, 182.854799, 5399, 801015.0
502, 71.455939, 664.673791, 35.677065, 172.762024, 5233, 773640.0
503, 68.947104, 663.239301, 37.985254, 176.547616, 5314, 788661.0
504, 73.911253, 665.457075, 36.416816, 229.305617, 5122, 753644.0
505, 68.782072, 664.281138, 37.819675, 165.519952, 5326, 793405.0
506, 72.716859, 663.697222, 37.513386, 202.823285, 5233, 773334.0
507, 72.437038, 666.102442, 34.995717, 202.928583, 5078, 749592.0
508, 70.782832, 664.029619, 37.556190, 201.048240, 5039, 745739.0
509, 72.317303, 663.230529, 37.753521, 206.952449, 5216, 772991.0
510, 68.462136, 664.763513, 36.666835, 170.278684, 5401, 802004.0
511, 71.827839, 663.632749, 36.969727, 189.710891, 5145, 759926.0
512, 73.208869, 662.116510, 37.868518, 230.168843, 5030, 743898.0
513, 73.561602, 663.325737, 37.090998, 202.455281, 5201, 767273.0
514, 71.739118, 664.532916, 36.549026, 214.502204, 5006, 754411.0
515, 72.218609, 663.176234, 37.510156, 188.278392, 5033, 743093.0
516, 74.267197, 663.992578, 36.831651, 228.290006, 5165, 763757.0
517, 70.873853, 662.663061, 37.515111, 198.392912, 5264, 779208.0
518, 68.841571, 663.402609, 37.298806, 173.816809, 5376, 798559.0
519, 68.944896, 664.598716, 36.183200, 180.089827, 5293, 784563.0
520, 73.451769, 662.590684, 38.302546, 228.769489, 5096, 752357.0
521, 69.765276, 663.385279, 37.686758, 180.881317, 5278, 780591.0
522, 70.097443, 663.484748, 37.204967, 194.794891, 5333, 789733.0
523, 72.718555, 665.602506, 35.112367, 213.833990, 4950, 728912.0
524, 71.586241, 663.764541, 37.674201, 193.053556, 5228, 775828.0
525, 71.927709, 663.068511, 37.791864, 207.122935, 5172, 766054.0
526, 71.432411, 663.560034, 38.255900, 169.999904, 5389, 804542.0
527, 71.995131, 663.779899, 36.970074, 177.663967, 5299, 784642.0
528, 69.745735, 663.379256, 36.558907, 184.606057, 5380, 796539.0
529, 72.044265, 663.858915, 37.111251, 197.860577, 5038, 744206.0
530, 68.798636, 663.489842, 36.516910, 181.854265, 5285, 783198.0
531, 73.092168, 664.550878, 35.795356, 236.397774, 5123, 752624.0
532, 72.306624, 664.522880, 37.202073, 208.761719, 5146, 760934.0
533, 71.983336, 665.464486, 35.116547, 219.663796, 5020, 738756.0
534, 68.070820, 663.663913, 36.492800, 162.489350, 5379, 799108.0
535, 70.446691, 663.272330, 37.061962, 184.913837, 5305, 794965.0
536, 69.817196, 662.649139, 38.548320, 190.941924, 5257, 780231.0
537, 70.885144, 662.521276, 38.062873, 187.784327, 5332, 790826.0
538, 69.157409, 662.538962, 37.168166, 180.274888, 5457, 810299.0
539, 73.019133, 662.965020, 37.740342, 238.050487, 4997, 737675.0
540, 69.192390, 663.523609, 37.520182, 175.783158, 5403, 801901.0
541, 71.707601, 663.063777, 38.083883, 188.718476, 5179, 766352.0
542, 69.744930, 662.651929, 38.533523, 181.347800, 5405, 801170.0
543, 71.008403, 663.980663, 36.647466, 223.608021, 5223, 772158.0
544, 70.521271, 663.859087, 37.841529, 188.237081, 5349, 793133.0
545, 68.918147, 663.397641, 37.448334, 174.570351, 5364, 797274.0
546, 69.671316, 662.924327, 36.496306, 212.912639, 5080, 750963.0
547, 70.951780, 663.613524, 37.938953, 177.097316, 5463, 815628.0
548, 69.825006, 664.654057, 36.452302, 210.598436, 5230, 775569.0
549, 71.252474, 663.674990, 37.141725, 187.007169, 5451, 808346.0
550, 70.349785, 663.280033, 37.574141, 212.079734, 5181, 767231.0
551, 70.976713, 663.633489, 37.140532, 179.754273, 5305, 786512.0
552, 69.234811, 663.205194, 37.429414, 188.302538, 5376, 798159.0
553, 72.265146, 663.905953, 37.329232, 192.111846, 5027, 741935.0
554, 72.160290, 663.137611, 37.888426, 192.254773, 5136, 758368.0
555, 70.627491, 663.504681, 38.562285, 181.126483, 5336, 791642.0
556, 70.965056, 662.569418, 37.325452, 189.427347, 5327, 789552.0
557, 70.045948, 663.636913, 37.429133, 189.990943, 5344, 795889.0
558, 71.739611, 663.811986, 36.443156, 220.178268, 5040, 743309.0
559, 71.159835, 664.667888, 37.033885, 222.446477, 5117, 755903.0
560, 69.399223, 665.070259, 36.662531, 196.531215, 5411, 802926.0
561, 72.816272, 665.374212, 36.440028, 193.535624, 5242, 772269.0
562, 70.305922, 662.385008, 38.658222, 202.225439, 5282, 784235.0
563, 69.958361, 663.488858, 36.614262, 183.998712, 5433, 805795.0
564, 73.978060, 663.841714, 37.723475, 226.549205, 5168, 761216.0
565, 71.525746, 663.849289, 37.740595, 185.115599, 5255, 788163.0
566, 69.830134, 663.301129, 37.554882, 193.893493, 5414, 806379.0
567, 67.990048, 662.675662, 38.323550, 165.295687, 5313, 800726.0
568, 74.640766, 663.249308, 36.974495, 228.875294, 5211, 773662.0
569, 71.467228, 662.240698, 38.241309, 204.167736, 5301, 797084.0
570, 70.735727, 663.627079, 36.460174, 169.140079, 5510, 821929.0
571, 73.679445, 665.245260, 36.092048, 206.553276, 5152, 767622.0
572, 71.281967, 662.954019, 37.673787, 212.002292, 4932, 758569.0
573, 70.332689, 663.938335, 37.541362, 163.976568, 5352, 801089.0
574, 70.400369, 663.388408, 36.154602, 185.289579, 5177, 772322.0
575, 71.748472, 663.208230, 38.429484, 186.603712, 5301, 793341.0
576, 74.047102, 662.141090, 38.762910, 227.869348, 5095, 756227.0
577, 72.621954, 661.802854, 38.588959, 208.482584, 5151, 772881.0
578, 70.345171, 662.359777, 38.153734, 187.474632, 5277, 783301.0
579, 71.400381, 662.542842, 37.609627, 191.079908, 5154, 762117.0
580, 75.255693, 665.738387, 35.381346, 241.181936, 5185, 763380.0
581, 69.166836, 664.195368, 37.154133, 185.919685, 5388, 801079.0
582, 75.213058, 663.325346, 37.291610, 219.890335, 5144, 755446.0
583, 73.788520, 664.426450, 36.827495, 203.459453, 5239, 773874.0
584, 70.560419, 662.898239, 38.303551, 200.734635, 5145, 773188.0
585, 69.791088, 663.449510, 36.891048, 174.411654, 5437, 833616.0
586, 72.017634, 662.753260, 37.925993, 192.812864, 5124, 781503.0
587, 74.248743, 663.511413, 37.440576, 203.004189, 5100, 750488.0
588, 70.814435, 664.924487, 37.002569, 202.730929, 4967, 734993.0
589, 68.419834, 662.529218, 38.275262, 177.870600, 5230, 778479.0
590, 71.173158, 661.789250, 38.100845, 211.250240, 4953, 733653.0
591, 68.736938, 662.888410, 38.002472, 196.877409, 5305, 787636.0
592, 72.426282, 663.077752, 37.771456, 215.406948, 5187, 766598.0
593, 69.796162, 663.579922, 37.857174, 185.306984, 5458, 810337.0
594, 72.359920, 663.955864, 36.303218, 210.129148, 5100, 753041.0
595, 69.529583, 662.505157, 38.021406, 190.120494, 5209, 772136.0
596, 72.440260, 665.174146, 35.462899, 222.696222, 4968, 727624.0
597, 68.893325, 663.075701, 38.304297, 161.939834, 5331, 790168.0
598, 68.774746, 662.957513, 37.772908, 171.446485, 5440, 807800.0
599, 72.890463, 663.949448, 36.413102, 199.620578, 5183, 763656.0
600, 71.605013, 662.937198, 37.753944, 192.899771, 5074, 749193.0
601, 70.113708, 661.740639, 37.566597, 210.892430, 5127, 758299.0
602, 71.034007, 663.321605, 37.045873, 189.385183, 5168, 764559.0
603, 68.964788, 664.454319, 36.294354, 174.517767, 5314, 788475.0
604, 73.122616, 663.464664, 37.452495, 196.922996, 5208, 768096.0
605, 76.177773, 665.481094, 35.890984, 235.549409, 5142, 755686.0
606, 69.542487, 662.480478, 37.375900, 181.856128, 5328, 791560.0
607, 71.139582, 663.991927, 36.309675, 170.480895, 5370, 796855.0
608, 71.721159, 663.932321, 36.469956, 206.387562, 5058, 747257.0
609, 70.965250, 663.395017, 37.871568, 201.279398, 5391, 800468.0
610, 71.907726, 662.726124, 38.627353, 203.426858, 5216, 773193.0
611, 70.595639, 664.115171, 36.143271, 188.176689, 5131, 759372.0
612, 74.542502, 664.229399, 36.635005, 236.624833, 4996, 735675.0
613, 70.955506, 662.929243, 36.807535, 210.033762, 5171, 765853.0
614, 68.538897, 662.602341, 38.194230, 172.201792, 5386, 800999.0
615, 71.877823, 662.521601, 37.398339, 206.484420, 5115, 759048.0
616, 67.869679, 663.747730, 36.403705, 173.140011, 5181, 769465.0
617, 71.072715, 664.070925, 37.140363, 194.102666, 5267, 780326.0
618, 71.304539, 663.399884, 37.930276, 180.929885, 5377, 798247.0
619, 69.314329, 662.173741, 38.543757, 177.868603, 5403, 805419.0
620, 67.314117, 662.925580, 37.317888, 185.917655, 5103, 757806.0
621, 70.874014, 663.590455, 38.047541, 169.795064, 5389, 799390.0
622, 70.281333, 662.837154, 36.606791, 189.671018, 5205, 770676.0
623, 71.409141, 663.176079, 38.226377, 211.545204, 5168, 765873.0
624, 69.258579, 662.773802, 36.915105, 181.993408, 5289, 784845.0
625, 68.793013, 662.556687, 38.131729, 176.203744, 5320, 792124.0
626, 72.951083, 663.509630, 37.746918, 228.559280, 5138, 757563.0
627, 72.822869, 664.290933, 37.147139, 202.438374, 5084, 749952.0
628, 68.594509, 663.686648, 38.142869, 190.547782, 5298, 786946.0
629, 71.844458, 664.039316, 37.016568, 186.840440, 5287, 780662.0
630, 68.630256, 663.033233, 37.767096, 164.827732, 5481, 840014.0
631, 69.757017, 662.642632, 38.360314, 164.102713, 5355, 795563.0
632, 67.168162, 662.795655, 38.131760, 169.858949, 5220, 777555.0
633, 72.006075, 665.031467, 35.878552, 182.381141, 5159, 762123.0
634, 72.000161, 663.748578, 37.808304, 206.221061, 5113, 755664.0
635, 69.355851, 662.899298, 37.054667, 196.874433, 5264, 785861.0
636, 70.786587, 663.990639, 36.964716, 194.660637, 4964, 732545.0
637, 69.770269, 662.691356, 37.525339, 188.413764, 5392, 800916.0
638, 72.074620, 664.037754, 37.521694, 233.045268, 5002, 738400.0
639, 69.718918, 664.518010, 37.123809, 176.099464, 5297, 788334.0
640, 70.944949, 662.757605, 38.477541, 185.342042, 5333, 791635.0
641, 68.558782, 663.784540, 37.575032, 165.242217, 5447, 810551.0
642, 69.333739, 663.064729, 37.481949, 176.978886, 5338, 793499.0
643, 67.958488, 662.683062, 37.914324, 175.455946, 5153, 765284.0
644, 70.870007, 661.687286, 38.762590, 195.413047, 5237, 777088.0
645, 70.939404, 662.843203, 38.286936, 180.335799, 5275, 783233.0
646, 69.068270, 661.702256, 38.839559, 175.117323, 5369, 798095.0
647, 69.653736, 662.922883, 36.889673, 190.873463, 5115, 757169.0
648, 69.195447, 662.197491, 37.650178, 185.504555, 5433, 806666.0
649, 74.486297, 663.953316, 37.445458, 215.688243, 5180, 763029.0
650, 69.690343, 663.975064, 37.224342, 172.945501, 5382, 798824.0
651, 67.097803, 663.592780, 36.930559, 169.728746, 5287, 784706.0
652, 69.968557, 664.330060, 36.719898, 178.856527, 5350, 793711.0
653, 68.900764, 663.135175, 37.670536, 161.660815, 5454, 810958.0
654, 72.295242, 662.688499, 38.496750, 192.703156, 5146, 761332.0
655, 67.773112, 663.138559, 36.794931, 183.859510, 5203, 771233.0
656, 70.719048, 662.953200, 37.374585, 186.852237, 5072, 751106.0
657, 71.897918, 664.581677, 37.260663, 197.416271, 5234, 775377.0
658, 72.589969, 664.273168, 36.907222, 211.744879, 5177, 764768.0
659, 69.812979, 662.516858, 38.126994, 177.068424, 5335, 808154.0
660, 68.886723, 663.378860, 37.492558, 189.522994, 5363, 799745.0
661, 73.879904, 663.913772, 38.453110, 234.927532, 5175, 763986.0
662, 70.312139, 665.171450, 36.506882, 170.511858, 5399, 801775.0
663, 71.513322, 663.757546, 37.536587, 181.843011, 5334, 789505.0
664, 69.791091, 663.057264, 38.529427, 174.673763, 5358, 792087.0
665, 69.123306, 662.529515, 38.011825, 179.538569, 5383, 797018.0
666, 69.715875, 663.183065, 37.238406, 182.743416, 5296, 784444.0
667, 74.175376, 664.194945, 35.891859, 231.661140, 5150, 757986.0
668, 71.277165, 662.965443, 37.897080, 175.690460, 5295, 784091.0
669, 70.174933, 664.248499, 37.096114, 184.356780, 5474, 812698.0
670, 70.452499, 664.595885, 36.802728, 176.172132, 5405, 802494.0
671, 70.924618, 664.531317, 36.708004, 193.855036, 5222, 773273.0
672, 68.789882, 663.254422, 37.686889, 183.706565, 5232, 777300.0
673, 70.373210, 664.602154, 36.697983, 178.468499, 5339, 791294.0
674, 68.134074, 662.410128, 37.375398, 178.405318, 5243, 779154.0
675, 71.186111, 664.431116, 37.082287, 190.264261, 5310, 785493.0
676, 71.693050, 662.680195, 37.200862, 184.466289, 4929, 728024.0
677, 70.844061, 663.674251, 37.487268, 182.368709, 5306, 786887.0
678, 67.662334, 662.601005, 37.637346, 176.971487, 5234, 775444.0
679, 68.654801, 665.202353, 34.862497, 175.816719, 5423, 805810.0
680, 67.697793, 662.468490, 37.827991, 176.056356, 5248, 779103.0
681, 66.610006, 663.179768, 37.796709, 182.487326, 5295, 784066.0
682, 66.573484, 662.837214, 37.109210, 158.769176, 5291, 786638.0
683, 70.022394, 664.045498, 36.915163, 174.424007, 5467, 809869.0
684, 66.580066, 663.686745, 37.470844, 160.637820, 5247, 778588.0
685, 69.989257, 662.453685, 38.654606, 171.667348, 5383, 798991.0
686, 69.091603, 662.552992, 38.306343, 160.043192, 5404, 803862.0
687, 69.842810, 663.129801, 37.519727, 179.903009, 5418, 805060.0
688, 71.540721, 663.526757, 38.329121, 196.493086, 5125, 770074.0
689, 66.705710, 663.555338, 36.813075, 171.664439, 5288, 783937.0
690, 69.214647, 662.685790, 37.727096, 176.899687, 5318, 789732.0
691, 69.501819, 663.021234, 36.878647, 177.572506, 5405, 801722.0
692, 68.858080, 663.530502, 36.891354, 171.294465, 5463, 811712.0
693, 69.678879, 663.237755, 37.222313, 184.205367, 5362, 795516.0
694, 71.905047, 663.148006, 38.089465, 199.711241, 5242, 776420.0
695, 72.317342, 664.156735, 36.827756, 213.467276, 4995, 736757.0
696, 69.497476, 663.906788, 37.406462, 199.066739, 5239, 776896.0
697, 69.088943, 662.824649, 37.003790, 172.346635, 5348, 794565.0
698, 70.024075, 663.057761, 36.747214, 202.472696, 5124, 758238.0
699, 70.976039, 664.397410, 36.942419, 179.090977, 5283, 783223.0
700, 73.354374, 663.440994, 37.335429, 206.645509, 5254, 775160.0
701, 73.757086, 663.677762, 37.869684, 190.617297, 5282, 779872.0
702, 72.272005, 662.180594, 38.415708, 177.633857, 5263, 779592.0
703, 68.868542, 662.758069, 37.664702, 179.861857, 5284, 784580.0
704, 72.808157, 663.573724, 37.603074, 209.729889, 5110, 754894.0
705, 70.481632, 662.297326, 37.772141, 176.217386, 5391, 800223.0
706, 69.623035, 664.621238, 35.884910, 191.454644, 5339, 789976.0
707, 71.217800, 662.970530, 38.160712, 217.792946, 4910, 724632.0
708, 70.389495, 663.119242, 37.645972, 173.304213, 5323, 788724.0
709, 69.621193, 663.686559, 36.683881, 198.158021, 5293, 780942.0
710, 67.791406, 663.480520, 37.408477, 178.941429, 5178, 765000.0
711, 69.798723, 663.478246, 37.218914, 193.868696, 5326, 791293.0
712, 70.330053, 663.973980, 37.556423, 187.800302, 5305, 786873.0
713, 69.649883, 664.083669, 36.968977, 174.697965, 5456, 808746.0
714, 69.698991, 663.513076, 37.606787, 193.297506, 5236, 777003.0
715, 73.303940, 663.608097, 37.335520, 218.338218, 5216, 768757.0
716, 71.039235, 664.286723, 36.890463, 193.032890, 5280, 791419.0
717, 69.735437, 662.966204, 39.014450, 176.651753, 5296, 792035.0
718, 68.498414, 663.049344, 36.846838, 187.216147, 5276, 779894.0
719, 67.617675, 662.675667, 37.426099, 194.224978, 5118, 757564.0
720, 68.756467, 663.917594, 36.749600, 175.412709, 5284, 780947.0
721, 71.611760, 664.099959, 37.166487, 203.001004, 5102, 751551.0
722, 70.462116, 663.213496, 37.578132, 205.973293, 5202, 771658.0
723, 70.905445, 662.641061, 38.232063, 191.334588, 5348, 792893.0
724, 68.534942, 663.758867, 36.688015, 180.282792, 5419, 803550.0
725, 67.036203, 662.105264, 38.414324, 186.457549, 5176, 765885.0
726, 69.113666, 662.796804, 37.159013, 184.660860, 5418, 802562.0
727, 67.497436, 662.479984, 37.928348, 167.828826, 5324, 788301.0
728, 69.465630, 662.992827, 37.705789, 175.780241, 5424, 806368.0
729, 69.474902, 664.586801, 37.593750, 167.744935, 5320, 790790.0
730, 71.530902, 663.027822, 37.042532, 199.262156, 5076, 760254.0
731, 71.030633, 663.220013, 36.927241, 194.234077, 5038, 779789.0
732, 71.962139, 662.658898, 38.007072, 180.289705, 5197, 770823.0
733, 68.867260, 662.686050, 36.978197, 175.646399, 5400, 802836.0
734, 72.766962, 664.820962, 36.156931, 208.576287, 4934, 726748.0
735, 69.178668, 662.867579, 37.947370, 169.537014, 5493, 822998.0
736, 67.740456, 663.272829, 38.102395, 157.513307, 5490, 824522.0
737, 70.114622, 663.164416, 37.881845, 188.546598, 5294, 782147.0
738, 67.628094, 663.858617, 36.539803, 170.291528, 5359, 792516.0
739, 69.671689, 663.763232, 37.088453, 204.879366, 5260, 778716.0
740, 67.294099, 664.184168, 37.324290, 167.504731, 5355, 794452.0
741, 70.001742, 664.501961, 36.561023, 186.857580, 5197, 769876.0
742, 67.364943, 663.371892, 37.803674, 153.372790, 5385, 798766.0
743, 70.238225, 663.690949, 37.236370, 184.037086, 5352, 792580.0
744, 70.519185, 663.674496, 37.147958, 187.108896, 5385, 798381.0
745, 68.902859, 662.527756, 37.732261, 164.282572, 5510, 818733.0
746, 70.187469, 663.422986, 37.583302, 184.262245, 5387, 799078.0
747, 69.705512, 663.851796, 36.854834, 181.708528, 5294, 784599.0
748, 68.558868, 663.083740, 37.658015, 167.855825, 5329, 790836.0
749, 68.000281, 663.084871, 37.972613, 156.288346, 5311, 788063.0
750, 68.590303, 663.373083, 37.953187, 171.259231, 5422, 804780.0
751, 69.131107, 663.406900, 38.113959, 172.630335, 5439, 806785.0
752, 67.599752, 663.014062, 37.438985, 160.089741, 5256, 781112.0
753, 69.181201, 663.757331, 36.416369, 167.169542, 5351, 793399.0
754, 67.183176, 661.769612, 37.772185, 167.773228, 5209, 771407.0
755, 67.292005, 662.958633, 37.260381, 157.600900, 5312, 786592.0
756, 67.882641, 662.270522, 37.404425, 170.111786, 5377, 796450.0
757, 68.542678, 662.934895, 37.703748, 177.711775, 5316, 787722.0
758, 68.423519, 665.364853, 35.961398, 162.932923, 5361, 795424.0
759, 67.296091, 664.135746, 36.143520, 168.750160, 5278, 781748.0
760, 69.100674, 664.464017, 36.366651, 185.297304, 5400, 807159.0
761, 68.099089, 663.030485, 37.222828, 168.423454, 5390, 802844.0
762, 70.348978, 664.190541, 36.885613, 181.575413, 5460, 809995.0
763, 72.192460, 663.781548, 37.246233, 191.557218, 5162, 762096.0
764, 69.093040, 663.082909, 38.324643, 159.526141, 5487, 817668.0
765, 71.614503, 665.273802, 36.730415, 189.500428, 5218, 771587.0
766, 69.973082, 662.377502, 38.452810, 175.018974, 5355, 798013.0
767, 70.291971, 664.030372, 37.199446, 192.251118, 5353, 795503.0
768, 69.057364, 663.446170, 37.565455, 165.374139, 5330, 794840.0
769, 70.458988, 662.639890, 37.077263, 200.587691, 5164, 766541.0
770, 68.714115, 663.189173, 37.848327, 185.386186, 5253, 781487.0
771, 68.405771, 663.782098, 36.877455, 168.107018, 5316, 791388.0
772, 68.879247, 663.314438, 38.200504, 181.131472, 5309, 791360.0
773, 71.881141, 664.292874, 36.090857, 198.646796, 5126, 753270.0
774, 70.305931, 662.888080, 37.871449, 185.447937, 5338, 790516.0
775, 68.040292, 662.512608, 38.303930, 170.644837, 5383, 799976.0
776, 70.020800, 664.475955, 37.551628, 169.915052, 5386, 798839.0
777, 70.379619, 661.882415, 37.686907, 201.450291, 5176, 766227.0
778, 68.840541, 663.096764, 37.088774, 170.721368, 5346, 793707.0
779, 71.713762, 663.342463, 37.303620, 186.238144, 5181, 765418.0
780, 69.075013, 662.964605, 37.243738, 169.007483, 5476, 813764.0
781, 71.049539, 663.410319, 37.419271, 198.637692, 5368, 796095.0
782, 71.502922, 663.668113, 37.317573, 164.166931, 5292, 782045.0
783, 71.519472, 664.184828, 36.866167, 198.612080, 5198, 767375.0
784, 67.587396, 662.830308, 38.944118, 165.500067, 5397, 801383.0
785, 68.170787, 663.291559, 36.476024, 182.575492, 5283, 783825.0
786, 67.850188, 663.014046, 36.922256, 159.550107, 5413, 803943.0
787, 71.168362, 662.775020, 37.330421, 194.827223, 5005, 739280.0
788, 68.302087, 664.051800, 37.328179, 172.902425, 5315, 815331.0
789, 68.743633, 663.292087, 36.618106, 168.054419, 5370, 797584.0
790, 68.456306, 663.647260, 38.381846, 159.938188, 5431, 807452.0
791, 67.458560, 663.937676, 36.506145, 165.646121, 5274, 782584.0
792, 69.321139, 662.659297, 37.026399, 179.436936, 5413, 804808.0
793, 69.145336, 662.260318, 37.624822, 169.036914, 5278, 785888.0
794, 66.658152, 663.209151, 37.417211, 153.161575, 5243, 778692.0
795, 69.680862, 662.227696, 38.641966, 190.318296, 5344, 795263.0
796, 70.839208, 662.990368, 38.017403, 193.389456, 5310, 787579.0
797, 68.726307, 663.807284, 37.836908, 159.700433, 5452, 811306.0
798, 67.409783, 662.836374, 37.893805, 160.299472, 5384, 800302.0
799, 69.740532, 664.422970, 37.204831, 171.741960, 5437, 807880.0
800, 68.471016, 663.853062, 35.850809, 181.844353, 5423, 806500.0
801, 69.322521, 663.225831, 38.150865, 156.431024, 5472, 817515.0
802, 66.474437, 662.386370, 36.695683, 164.622544, 5295, 789238.0
803, 72.497463, 664.162835, 37.200124, 207.980948, 5153, 764453.0
804, 71.013839, 664.511241, 36.441198, 199.348266, 5213, 772212.0
805, 71.284131, 663.014919, 37.193051, 188.943407, 5425, 805802.0
806, 68.619897, 662.952339, 36.691171, 188.031542, 5183, 769609.0
807, 70.006499, 664.050339, 35.918624, 195.604034, 5282, 782763.0
808, 70.186450, 663.993273, 36.939015, 171.492551, 5382, 799428.0
809, 70.310877, 663.753523, 37.318153, 186.298553, 5302, 785936.0
810, 67.297693, 662.658476, 38.013357, 165.278868, 5239, 778536.0
811, 69.012716, 664.050024, 37.712470, 165.657279, 5297, 787883.0
812, 68.757927, 662.640259, 37.695418, 165.607737, 5489, 818583.0
813, 70.998644, 662.926549, 37.439032, 184.765347, 5228, 773938.0
814, 68.799936, 662.866011, 37.393169, 189.188225, 5151, 764201.0
815, 69.299029, 663.471428, 37.466675, 191.272376, 5215, 774197.0
816, 69.397628, 664.406034, 37.218494, 173.203318, 5275, 784299.0
817, 71.693611, 664.136024, 38.052843, 199.935115, 5046, 768274.0
818, 67.282110, 662.813652, 37.096664, 176.135981, 5193, 772309.0
819, 69.770263, 664.193848, 36.853217, 179.174608, 5236, 777530.0
820, 69.378541, 663.480799, 37.544435, 179.476840, 5388, 803280.0
821, 70.215263, 662.688398, 38.235743, 184.717297, 5349, 796373.0
822, 71.038491, 663.227159, 37.252202, 185.648661, 5369, 801199.0
823, 71.028157, 663.508902, 38.117891, 186.642021, 5335, 795247.0
824, 69.808993, 661.876303, 38.603249, 199.739538, 5154, 774239.0
825, 69.797481, 662.550177, 38.014846, 200.098134, 5161, 767723.0
826, 67.883327, 662.389735, 38.466213, 171.024341, 5336, 793704.0
827, 67.692664, 663.309612, 36.864417, 174.967268, 5181, 767848.0
828, 66.525454, 661.020631, 37.840851, 162.903142, 5222, 775005.0
829, 68.444833, 662.895696, 36.891525, 181.282974, 5339, 791115.0
830, 68.680864, 662.645566, 38.931712, 149.080633, 5370, 799104.0
831, 68.165486, 662.182281, 38.592501, 168.179076, 5444, 824848.0
832, 68.848916, 662.559896, 37.433771, 197.792031, 5411, 806624.0
833, 70.569334, 663.254775, 37.923024, 194.003920, 5343, 798060.0
834, 68.699398, 663.614435, 37.246057, 179.889400, 5331, 793426.0
835, 68.177270, 663.032077, 36.440315, 184.542984, 5179, 768646.0
836, 69.453292, 663.036227, 38.008747, 166.518097, 5510, 816332.0
837, 69.866120, 662.367106, 37.725579, 170.112488, 5303, 785181.0
838, 69.305583, 663.701166, 36.930272, 173.316469, 5423, 806406.0
839, 69.498688, 664.025262, 36.274213, 199.526380, 5219, 772335.0
840, 68.968668, 662.602484, 38.180539, 179.124275, 5384, 800430.0
841, 69.880849, 664.616594, 37.519171, 186.872090, 5226, 774777.0
842, 71.785617, 663.059525, 38.299481, 190.656426, 5232, 776010.0
843, 66.922482, 662.296926, 37.676685, 164.005598, 5169, 766932.0
844, 68.331340, 663.359018, 36.611954, 175.012275, 5278, 783448.0
845, 67.275994, 663.465870, 36.765012, 168.099363, 5254, 782849.0
846, 68.376053, 662.351918, 38.111415, 175.981052, 5354, 795559.0
847, 69.524881, 663.161696, 37.235787, 161.781815, 5461, 812522.0
848, 68.267913, 663.155491, 37.055190, 171.723816, 5345, 790671.0
849, 69.108660, 662.496522, 37.104030, 159.611448, 5447, 807689.0
850, 67.721386, 662.941303, 37.132829, 172.484674, 5180, 767352.0
851, 70.830221, 663.199288, 38.117024, 197.909567, 5334, 788733.0
852, 67.317641, 663.923266, 36.664217, 166.363994, 5323, 788308.0
853, 69.752982, 663.312741, 37.726401, 159.784767, 5429, 803701.0
854, 67.907960, 663.183253, 34.310375, 375.471643, 4755, 700331.0
855, 71.715695, 664.082426, 36.697744, 182.451957, 5309, 784252.0
856, 68.223019, 661.184129, 38.248486, 151.202884, 5427, 806186.0
857, 66.717735, 662.970967, 37.418284, 149.437080, 5291, 784527.0
858, 68.065080, 662.745124, 37.728344, 161.137553, 5439, 810533.0
859, 67.655106, 662.823571, 36.657025, 171.646377, 5314, 790559.0
860, 70.874771, 664.564026, 35.324102, 204.842633, 5091, 782389.0
861, 67.113379, 663.981664, 37.382238, 181.159659, 5236, 779001.0
862, 67.462302, 661.635894, 38.583138, 188.675185, 5211, 774470.0
863, 67.629541, 662.494979, 37.714765, 167.022825, 5348, 795478.0
864, 68.722183, 663.650570, 36.873174, 182.163727, 5324, 793064.0
865, 69.690469, 662.927482, 37.731573, 172.363569, 5482, 817667.0
866, 70.132818, 662.796497, 36.893477, 184.224031, 5297, 785321.0
867, 69.055381, 663.054482, 37.044378, 158.575169, 5465, 813690.0
868, 72.928808, 664.043621, 38.179887, 199.478722, 5202, 769233.0
869, 69.338112, 663.212684, 37.099352, 189.342750, 5191, 770764.0
870, 70.457163, 662.283630, 38.424002, 185.475421, 5334, 790040.0
871, 67.625313, 664.247111, 36.993203, 172.181524, 5298, 785194.0
872, 70.367330, 663.202052, 37.047672, 179.045859, 5375, 795197.0
873, 71.544740, 663.303464, 37.385152, 183.626022, 5167, 761645.0
874, 67.765924, 663.460210, 37.524979, 175.791234, 5320, 794745.0
875, 71.760945, 662.971266, 36.952926, 202.178069, 5093, 749814.0
876, 70.861377, 663.960795, 37.480251, 190.860287, 5205, 769922.0
877, 66.875152, 663.540989, 37.318131, 184.217862, 5366, 796915.0
878, 69.726830, 663.334661, 37.660054, 181.972016, 5252, 778864.0
879, 70.389704, 664.480381, 36.025743, 182.770308, 5208, 769443.0
880, 67.415915, 663.600033, 36.751404, 144.230563, 5351, 794857.0
881, 70.127180, 663.720291, 36.173232, 174.035514, 5267, 781371.0
882, 68.991051, 663.990871, 37.669515, 165.414589, 5422, 806416.0
883, 70.174060, 664.229273, 36.845786, 175.440760, 5434, 806463.0
884, 67.786803, 663.761812, 36.006049, 172.833057, 5245, 778790.0
885, 69.880008, 661.533347, 38.310888, 172.176644, 5290, 785595.0
886, 70.364522, 662.864581, 37.190066, 197.287675, 5019, 742343.0
887, 69.592902, 663.333351, 37.988801, 154.019733, 5353, 796256.0
888, 69.313285, 662.852531, 37.713800, 178.493576, 5306, 790937.0
889, 68.126093, 663.597757, 36.997274, 151.179428, 5484, 834712.0
890, 69.671353, 662.548661, 37.816778, 164.015195, 5452, 811941.0
891, 69.525634, 664.297323, 35.972097, 183.881687, 5344, 795298.0
892, 71.268955, 663.375291, 38.316984, 194.645436, 5359, 798121.0
893, 70.209092, 663.865184, 37.108682, 179.906856, 5291, 786346.0
894, 68.321275, 662.117558, 37.727372, 179.807223, 5387, 804069.0
895, 68.845155, 663.033267, 38.114220, 169.981538, 5378, 802661.0
896, 71.167610, 662.936444, 37.391972, 194.753018, 5179, 766792.0
897, 67.330486, 661.924749, 36.911450, 178.578914, 5123, 758700.0
898, 71.087231, 663.651243, 36.584259, 163.127972, 5223, 772658.0
899, 67.769190, 663.215906, 37.506632, 182.994133, 5344, 799187.0
900, 66.376894, 662.678745, 37.046718, 166.056024, 5069, 751211.0
901, 69.053285, 661.358287, 38.573334, 166.786415, 5267, 782316.0
902, 67.735416, 662.628061, 37.798228, 162.187759, 5275, 782516.0
903, 69.407630, 663.856117, 38.114217, 159.758591, 5437, 807985.0
904, 71.369774, 662.592981, 38.597221, 178.051689, 5254, 779739.0
905, 68.158026, 663.112518, 36.089671, 175.945183, 5055, 749583.0
906, 71.960436, 664.491330, 37.099989, 193.277077, 5168, 772356.0
907, 69.999031, 662.499757, 38.498109, 155.925872, 5239, 778175.0
908, 65.441976, 663.463017, 37.727566, 151.453839, 5178, 768119.0
909, 69.179358, 662.071804, 38.841339, 171.137024, 5516, 820830.0
910, 68.245359, 663.095806, 38.644804, 151.216736, 5352, 795532.0
911, 69.848757, 662.946953, 37.295054, 168.759528, 5369, 808168.0
912, 68.971461, 662.388707, 37.670012, 167.942055, 5388, 854131.0
913, 71.702259, 664.025912, 37.339223, 198.879186, 5145, 766863.0
914, 69.911042, 662.853504, 38.292857, 165.695132, 5400, 803081.0
915, 71.706023, 662.959386, 37.776077, 202.047761, 5202, 771157.0
916, 68.398975, 662.479333, 38.027431, 151.749192, 5449, 808854.0
917, 72.369362, 664.035358, 37.284883, 192.569376, 5197, 768630.0
918, 71.039352, 663.286000, 37.844998, 185.758267, 5359, 793895.0
919, 68.300139, 662.432732, 37.120437, 159.959445, 5367, 797203.0
920, 69.487009, 663.636931, 37.298279, 193.472799, 5101, 759781.0
921, 67.568801, 661.497248, 38.158572, 159.737240, 5200, 778601.0
922, 68.412189, 663.002528, 37.615336, 162.076190, 5289, 791834.0
923, 68.807174, 664.099094, 36.813091, 170.430608, 5265, 780754.0
924, 71.291386, 663.460830, 37.008576, 197.356115, 5097, 753985.0
925, 72.407607, 663.078316, 37.085834, 185.866762, 5182, 764862.0
926, 65.464584, 663.706595, 36.342812, 191.934461, 4912, 727996.0
927, 70.252910, 664.185751, 36.640707, 183.699365, 5418, 802726.0
928, 70.094492, 663.749107, 37.198577, 177.414528, 5212, 773006.0
929, 68.994375, 663.227305, 36.949004, 162.829331, 5461, 810825.0
930, 68.790172, 663.297535, 37.007623, 174.687771, 5347, 792357.0
931, 69.960714, 663.803011, 36.628270, 184.181120, 5317, 787236.0
932, 66.949524, 663.328368, 37.483893, 189.731451, 5313, 814348.0
933, 69.498243, 662.584398, 37.972139, 168.485825, 5249, 786013.0
934, 66.426106, 662.865502, 38.098249, 160.197734, 5232, 777559.0
935, 70.296600, 662.674846, 38.074046, 174.921010, 5287, 785452.0
936, 68.923324, 661.805048, 38.282286, 158.694250, 5472, 814384.0
937, 71.707961, 664.888099, 35.469167, 205.106803, 5091, 750921.0
938, 72.915555, 663.983633, 36.269476, 208.349557, 5095, 750646.0
939, 69.511704, 663.079819, 37.996099, 185.780904, 5222, 775202.0
940, 69.336487, 664.355817, 36.998234, 176.187347, 5258, 780899.0
941, 70.063315, 663.250045, 37.295686, 180.378776, 5419, 804323.0
942, 69.572133, 664.201099, 36.359813, 178.341445, 5364, 795127.0
943, 70.773492, 662.692866, 36.577453, 195.978570, 5144, 761979.0
944, 68.106934, 663.272202, 37.065410, 183.162792, 5331, 791218.0
945, 69.948996, 662.685085, 38.658649, 170.769453, 5436, 807710.0
946, 69.903676, 662.924958, 37.382054, 165.517425, 5393, 801926.0
947, 69.053158, 663.635519, 37.933366, 145.861912, 5486, 816426.0
948, 71.173228, 662.249842, 37.496087, 212.016829, 5017, 742137.0
949, 69.917732, 664.717706, 36.061481, 168.942138, 5453, 808362.0
950, 73.712442, 664.421266, 37.109235, 198.803763, 5181, 765342.0
951, 68.330241, 663.585799, 36.877764, 191.338677, 5169, 767313.0
952, 67.398680, 661.593556, 38.194014, 175.896881, 5170, 767567.0
953, 69.550790, 662.060618, 37.517112, 180.142761, 5178, 768001.0
954, 70.191199, 662.938204, 37.590882, 194.277769, 5188, 769718.0
955, 69.515750, 663.321366, 38.155758, 175.936892, 5351, 795430.0
956, 71.621348, 664.122358, 35.783914, 196.227083, 5123, 756023.0
957, 69.010004, 663.399131, 36.847262, 174.372541, 5480, 814165.0
958, 69.267301, 663.203714, 37.413576, 155.054006, 5448, 811390.0
959, 68.963795, 662.664015, 38.859359, 172.236573, 5372, 799671.0
960, 68.375807, 663.794218, 36.945443, 158.719111, 5328, 800230.0
961, 68.988225, 662.645275, 37.820195, 160.278750, 5414, 811401.0
962, 68.266472, 662.280766, 37.641019, 185.030631, 5277, 783749.0
963, 68.586489, 663.642449, 37.208392, 172.120065, 5278, 783172.0
964, 71.055461, 662.319678, 38.119190, 176.008330, 5464, 811649.0
965, 68.060423, 662.148889, 38.230003, 151.974755, 5434, 808857.0
966, 69.246638, 663.646264, 37.584313, 160.248600, 5482, 814794.0
967, 70.359643, 663.943484, 37.091506, 165.144787, 5459, 809939.0
968, 68.445424, 663.077528, 37.717105, 154.436579, 5489, 819925.0
969, 68.993945, 663.830089, 37.895242, 162.349192, 5432, 808828.0
970, 68.568258, 663.425019, 36.703746, 167.743337, 5261, 794267.0
971, 69.930286, 663.952606, 37.291867, 153.760703, 5421, 808438.0
972, 68.056908, 663.408851, 38.158019, 143.869624, 5372, 798210.0
973, 68.823802, 662.302777, 38.730692, 155.654947, 5454, 812400.0
974, 70.527332, 662.712457, 38.093080, 196.628803, 5380, 803874.0
975, 70.631616, 663.021544, 37.892770, 182.300129, 5344, 795223.0
976, 66.329138, 663.213016, 37.105413, 142.679115, 5265, 781914.0
977, 71.528186, 663.292291, 37.795628, 184.495853, 5179, 765896.0
978, 67.796998, 663.376110, 38.026156, 150.875365, 5522, 844229.0
979, 69.027351, 663.403158, 36.671181, 178.786701, 5379, 800079.0
980, 73.389331, 663.683754, 36.758153, 204.700151, 5186, 766524.0
981, 68.604691, 662.632588, 38.076090, 168.537191, 5315, 790108.0
982, 70.412465, 664.561451, 36.857836, 175.306357, 5325, 791893.0
983, 69.964758, 663.461188, 38.088703, 183.080722, 5109, 759740.0
984, 70.685685, 662.232705, 37.395157, 171.824577, 5396, 800748.0
985, 69.663303, 663.413977, 36.268753, 181.286989, 5400, 802246.0
986, 69.146141, 664.195927, 36.999066, 166.324774, 5384, 799976.0
987, 70.260791, 663.495292, 37.852555, 171.736541, 5242, 777961.0
988, 67.670106, 662.787308, 38.264683, 155.748506, 5374, 799110.0
989, 68.214110, 664.116661, 37.094352, 195.498233, 5239, 777735.0
990, 69.240844, 663.114494, 37.738566, 170.724521, 5333, 793716.0
991, 70.961443, 663.622630, 36.706459, 164.249225, 5412, 804552.0
992, 68.081090, 664.151149, 36.508068, 170.402256, 5369, 797456.0
993, 70.014632, 664.127931, 37.207791, 178.114998, 5406, 804865.0
994, 71.295392, 662.947290, 37.640065, 172.775106, 5344, 793411.0
995, 67.412828, 662.894545, 37.297922, 162.145761, 5279, 784319.0
996, 70.912210, 663.903749, 37.310791, 175.549933, 5412, 803182.0
997, 69.329513, 662.689792, 37.848339, 179.539571, 5164, 766516.0
998, 69.351440, 663.532129, 37.459817, 180.068424, 5269, 783505.0
999, 70.931056, 662.305473, 38.460125, 184.766472, 5283, 783254.0
