#idx, x0, x1, x2, y, f_neval, total_time (us), 
0, 70.825990, 664.641069, 36.572973, 176.499013, 5143, 766583.0
1, 72.560222, 663.672233, 37.437837, 205.218254, 4917, 729955.0
2, 72.104514, 663.042724, 37.302116, 199.533522, 4964, 746046.0
3, 70.139409, 663.656573, 37.101975, 204.704840, 5051, 751109.0
4, 72.156532, 663.932230, 36.203347, 219.500710, 4945, 733322.0
5, 70.769462, 663.271868, 36.900802, 210.111751, 4926, 733827.0
6, 71.896689, 663.192546, 38.356375, 197.746398, 4998, 779427.0
7, 73.385682, 662.425865, 37.260282, 210.582793, 4934, 732483.0
8, 72.093341, 664.878748, 36.952807, 204.645220, 4790, 708981.0
9, 72.423639, 663.810711, 36.837624, 220.305953, 4861, 719210.0
10, 75.435098, 663.838256, 37.036297, 232.466760, 4938, 729981.0
11, 72.170704, 664.074157, 36.305209, 197.734476, 4846, 717305.0
12, 71.525155, 663.002992, 38.406152, 185.659678, 4992, 746997.0
13, 72.318893, 664.676384, 36.945176, 234.373917, 4760, 703577.0
14, 71.909572, 662.533716, 37.266822, 214.388297, 4836, 715860.0
15, 70.172966, 664.548962, 37.142616, 177.195939, 5085, 756113.0
16, 70.106984, 663.290857, 37.835279, 175.921619, 5136, 778593.0
17, 71.472816, 664.921340, 35.643460, 194.872291, 4821, 713987.0
18, 68.606933, 663.064854, 37.224262, 204.664868, 5033, 758577.0
19, 74.256456, 663.610788, 37.243039, 231.853164, 4877, 718915.0
20, 72.840676, 663.219583, 38.025112, 205.510372, 4973, 737705.0
21, 72.339367, 663.824895, 37.215145, 185.879309, 4996, 740319.0
22, 69.119167, 663.838722, 36.859170, 186.317845, 5112, 760050.0
23, 73.450987, 661.636040, 38.313522, 218.629292, 4872, 720783.0
24, 72.224427, 663.258462, 37.069578, 217.096508, 4813, 710767.0
25, 70.772307, 663.825831, 38.613944, 197.012203, 4936, 734855.0
26, 74.612866, 664.164784, 36.689176, 223.056903, 4877, 722800.0
27, 70.780164, 664.442914, 36.708708, 185.369438, 5045, 750718.0
28, 71.384112, 662.521279, 37.864028, 187.085134, 5142, 763781.0
29, 72.211664, 664.236749, 36.623045, 198.760961, 4837, 714431.0
30, 69.946647, 663.728027, 37.609195, 176.270609, 5053, 751463.0
31, 69.996492, 663.235084, 37.970768, 200.084068, 5018, 745836.0
32, 69.984184, 663.533104, 37.797373, 183.184196, 5009, 746538.0
33, 70.912200, 662.346938, 38.290322, 176.790324, 4843, 719673.0
34, 70.104080, 662.438021, 37.753984, 182.210145, 4999, 743269.0
35, 73.740233, 662.995944, 37.328164, 212.695997, 4956, 734114.0
36, 71.764066, 662.932500, 38.407203, 191.998437, 4863, 720695.0
37, 68.937303, 662.205897, 37.400915, 179.371804, 5186, 793487.0
38, 70.469219, 663.993817, 36.690891, 203.647604, 5043, 749331.0
39, 68.320195, 661.970135, 37.865433, 166.745916, 5142, 766993.0
40, 71.616968, 663.395413, 37.441301, 191.181857, 4895, 727938.0
41, 71.216744, 664.388751, 36.383079, 181.464478, 4941, 734693.0
42, 68.151925, 662.638141, 38.002470, 185.708108, 5069, 758305.0
43, 72.472094, 663.109919, 37.479729, 206.770376, 5009, 743568.0
44, 71.330977, 662.971713, 38.779181, 169.490614, 5022, 749129.0
45, 69.042529, 663.040124, 38.832880, 190.971708, 4958, 736811.0
46, 69.847480, 664.667767, 36.367626, 198.392918, 5111, 759595.0
47, 71.152766, 664.237724, 36.785584, 193.505288, 4869, 723231.0
48, 69.509229, 662.577161, 37.550291, 187.385945, 5017, 752526.0
49, 71.884471, 663.378640, 36.755873, 186.479316, 4990, 740078.0
50, 72.613937, 663.811929, 36.234813, 183.327737, 4950, 737976.0
51, 72.868216, 664.232604, 37.464528, 199.152951, 4922, 729910.0
52, 66.432227, 663.781004, 36.446981, 165.020941, 4995, 742881.0
53, 70.862539, 663.511053, 36.925663, 222.139693, 4687, 693670.0
54, 71.513649, 662.877355, 38.480210, 203.193326, 4884, 725857.0
55, 69.078168, 663.733118, 37.655725, 168.757031, 5138, 766297.0
56, 70.959989, 664.235411, 37.872911, 192.357029, 4961, 738019.0
57, 68.450356, 662.642183, 37.081992, 173.209312, 5073, 756707.0
58, 70.222236, 663.253072, 37.694267, 186.909463, 5059, 753442.0
59, 69.132752, 663.601205, 37.924096, 174.068735, 5041, 750195.0
60, 71.856720, 664.487636, 37.243959, 190.247785, 4887, 724181.0
61, 68.710787, 663.579349, 37.866270, 153.741359, 5127, 767106.0
62, 68.894220, 662.711952, 37.703740, 162.847130, 5105, 759851.0
63, 68.600164, 663.631107, 36.442857, 179.827740, 5086, 757103.0
64, 70.611537, 664.437368, 37.107657, 189.360082, 5018, 746389.0
65, 67.661518, 663.364539, 36.859089, 180.889551, 5100, 758806.0
66, 68.428980, 662.635261, 37.727663, 171.279329, 5097, 757898.0
67, 72.554463, 663.602387, 36.441911, 214.122722, 4782, 732805.0
68, 66.698056, 662.334328, 37.688054, 183.645335, 4927, 732437.0
69, 69.394303, 662.912561, 37.761481, 207.567887, 4905, 729421.0
70, 68.276270, 663.832352, 36.846905, 165.625739, 5095, 763719.0
71, 69.867712, 664.859359, 36.994683, 191.918725, 5181, 777342.0
72, 71.267243, 663.013932, 37.702410, 199.833097, 4855, 723558.0
73, 65.141320, 662.975388, 37.486541, 183.145296, 4909, 731921.0
74, 69.751663, 663.910408, 36.661473, 175.130342, 5112, 763362.0
75, 69.608178, 663.207561, 38.124282, 185.560290, 5174, 780431.0
76, 67.123439, 663.288963, 36.324589, 185.245479, 4834, 717788.0
77, 67.468253, 662.623675, 37.526332, 163.674842, 5164, 770576.0
78, 69.897843, 663.138546, 37.353896, 181.060992, 5105, 762975.0
79, 70.618756, 662.283653, 38.350007, 204.068766, 4909, 732346.0
80, 67.639957, 663.355020, 37.630479, 168.274751, 5097, 761884.0
81, 68.247474, 663.213038, 37.775591, 161.733710, 5099, 769051.0
82, 68.627469, 663.895785, 36.209987, 159.418917, 5218, 787378.0
83, 71.333052, 664.436798, 36.137257, 190.028400, 5215, 784532.0
84, 68.068570, 662.315153, 37.530306, 177.955098, 5099, 786762.0
85, 70.422099, 665.037210, 36.604168, 204.553775, 4838, 727690.0
86, 67.954219, 663.446929, 37.598913, 173.648629, 4950, 740071.0
87, 67.634718, 663.025607, 36.834977, 170.637531, 5053, 750584.0
88, 67.279894, 663.204297, 36.771202, 174.025038, 5016, 745065.0
89, 68.846714, 664.821125, 36.139358, 156.768768, 5221, 776822.0
90, 72.032071, 663.949455, 35.995058, 214.557937, 4855, 716420.0
91, 68.375944, 661.972727, 38.032844, 176.490395, 5069, 753326.0
92, 67.677528, 662.083159, 38.152786, 187.089023, 5261, 781221.0
93, 67.521367, 662.693494, 37.474722, 193.620712, 4988, 739304.0
94, 70.100130, 664.209709, 36.630806, 171.915549, 5154, 764563.0
95, 69.343809, 663.174727, 38.594921, 166.709024, 5122, 765823.0
96, 68.773837, 664.252630, 35.756674, 172.307238, 5251, 787958.0
97, 69.479238, 664.199564, 36.169675, 175.163851, 5135, 763499.0
98, 69.505812, 663.191351, 37.157760, 164.232983, 5288, 787102.0
99, 68.669373, 664.291867, 36.787874, 180.972865, 4977, 739559.0
100, 66.223788, 662.498661, 37.579688, 170.213494, 4946, 736721.0
101, 69.687338, 663.448619, 36.747979, 202.552440, 4969, 739933.0
102, 67.374968, 662.454907, 38.210782, 162.177879, 5060, 753878.0
103, 68.476902, 662.666016, 38.450963, 173.949375, 5167, 768671.0
104, 69.591999, 664.665753, 35.711519, 180.889239, 5064, 753500.0
105, 68.360310, 663.246880, 36.879313, 188.093715, 5005, 744369.0
106, 71.416898, 664.692309, 36.378919, 195.721623, 4984, 740387.0
107, 70.693222, 662.983464, 38.164084, 181.086632, 5055, 753019.0
108, 68.464541, 663.306190, 37.110040, 187.940922, 4878, 725391.0
109, 69.132923, 663.909992, 37.155680, 177.885123, 5074, 755959.0
110, 69.014963, 664.591428, 36.908287, 177.451149, 5132, 763802.0
111, 69.692595, 663.846948, 37.424438, 183.950736, 4877, 724426.0
112, 69.921983, 662.162352, 37.602561, 189.390264, 5151, 783809.0
113, 69.811720, 662.686434, 38.381858, 161.515895, 5209, 776371.0
114, 71.550993, 664.753439, 36.755552, 198.347752, 4919, 729051.0
115, 67.098900, 662.706096, 38.245853, 168.789272, 5093, 765143.0
116, 72.041543, 664.598171, 36.462118, 223.582080, 4834, 713638.0
117, 70.313868, 664.775152, 36.155316, 216.969291, 4796, 717432.0
118, 68.844412, 663.306915, 37.999052, 193.611003, 5111, 769572.0
119, 66.049960, 663.353759, 37.690251, 150.708163, 5095, 761755.0
120, 66.935781, 663.277374, 38.035314, 158.178739, 5047, 755867.0
121, 67.088481, 663.685522, 35.955830, 178.444184, 4845, 717055.0
122, 71.682317, 662.764441, 37.805788, 204.971992, 4808, 713339.0
123, 69.723304, 663.315189, 37.844220, 177.614905, 5149, 766206.0
124, 70.406911, 662.896600, 37.176539, 162.937337, 5119, 759413.0
125, 68.411170, 662.197689, 37.853314, 184.681281, 5162, 770172.0
126, 68.447939, 662.957653, 38.673740, 180.726736, 5102, 790726.0
127, 66.578668, 662.736731, 37.242879, 171.652167, 4948, 757880.0
128, 70.774978, 663.887164, 36.992925, 191.852884, 5088, 767922.0
129, 70.282409, 662.917482, 37.361229, 184.129201, 5136, 766522.0
130, 69.831950, 665.040780, 36.761697, 175.660027, 5141, 776842.0
131, 70.980814, 663.129447, 38.560369, 199.634997, 4801, 716134.0
132, 71.554767, 662.537121, 38.156003, 193.014441, 4970, 742626.0
133, 68.281306, 664.290122, 36.094012, 159.230756, 5075, 760997.0
134, 69.262190, 664.264997, 36.048672, 198.280535, 5035, 751087.0
135, 71.447927, 664.809411, 36.260431, 215.860218, 4867, 723330.0
136, 71.342559, 662.535022, 37.654180, 202.497881, 4853, 725648.0
137, 70.033360, 663.541657, 37.193047, 178.918275, 5078, 756339.0
138, 68.522672, 662.432033, 37.318217, 165.966386, 5142, 766062.0
139, 71.130319, 662.908792, 37.963482, 199.308484, 4934, 731106.0
140, 69.298826, 664.896569, 36.135014, 184.944659, 5291, 786545.0
141, 70.735101, 663.704045, 36.023683, 183.433601, 5125, 762071.0
142, 71.061668, 663.679298, 37.853367, 183.086121, 5064, 779325.0
143, 69.776562, 662.380561, 37.342551, 178.308558, 5107, 765407.0
144, 73.489865, 663.683292, 37.322900, 203.679578, 4921, 736439.0
145, 69.093453, 664.807172, 36.326923, 188.181764, 5170, 778926.0
146, 68.916828, 664.087411, 36.624531, 170.224314, 5118, 762512.0
147, 73.548703, 664.185026, 36.721634, 217.604217, 4997, 741269.0
148, 69.138383, 663.219598, 36.987120, 179.548874, 5154, 773138.0
149, 73.067389, 662.834812, 37.602440, 206.515157, 5002, 745213.0
150, 66.708622, 662.670616, 37.039681, 191.479039, 4785, 711945.0
151, 71.364736, 662.791996, 37.496699, 211.876037, 4939, 732037.0
152, 73.032941, 662.704866, 37.976809, 203.521238, 4985, 741385.0
153, 70.595389, 663.889143, 37.019523, 189.052322, 5061, 753575.0
154, 69.259407, 663.907615, 37.137629, 162.687676, 5158, 772979.0
155, 70.472484, 663.522952, 37.675359, 175.745134, 5220, 777849.0
156, 67.169036, 662.401318, 37.306057, 180.528650, 4897, 732355.0
157, 68.396416, 661.468459, 38.107383, 187.441870, 5050, 754595.0
158, 72.109280, 663.047083, 37.941301, 210.742038, 4950, 732998.0
159, 69.754068, 662.799079, 36.976070, 171.175214, 5188, 776291.0
160, 72.640237, 662.735669, 37.735074, 194.999409, 4762, 721262.0
161, 72.804412, 664.452376, 36.907659, 214.457251, 4883, 726246.0
162, 71.733181, 662.687219, 37.006690, 187.472213, 4955, 739049.0
163, 71.746194, 663.059703, 37.306830, 201.026035, 4947, 737308.0
164, 69.371422, 663.354930, 37.582577, 182.066185, 5071, 755804.0
165, 71.157578, 663.381399, 37.181547, 177.689555, 4993, 752176.0
166, 69.181180, 663.998724, 37.578383, 172.051321, 5045, 755404.0
167, 71.163270, 663.449107, 36.220833, 198.379616, 4717, 699196.0
168, 70.605356, 662.558607, 38.477722, 181.341977, 5006, 751081.0
169, 67.891910, 663.778242, 35.838065, 185.005996, 4863, 727103.0
170, 70.867782, 664.374212, 36.714414, 190.074858, 5100, 759996.0
171, 67.793861, 662.186372, 38.220777, 166.742525, 4997, 748066.0
172, 69.673691, 663.192114, 37.296432, 193.019086, 4990, 763777.0
173, 71.754791, 662.992227, 37.353489, 175.919267, 4982, 740184.0
174, 68.531033, 662.989207, 37.851756, 182.570601, 4928, 761289.0
175, 70.400184, 661.815219, 38.129486, 192.767145, 4942, 739707.0
176, 71.182674, 662.685793, 37.840465, 196.721649, 5089, 759182.0
177, 73.514076, 663.978558, 37.109652, 197.377484, 4954, 735579.0
178, 67.869214, 663.117904, 36.662151, 175.712927, 4922, 735641.0
179, 69.136663, 664.012653, 37.379839, 184.653014, 5107, 765390.0
180, 69.378372, 664.105648, 36.200556, 197.503722, 5056, 754949.0
181, 68.264835, 662.942956, 36.732440, 153.340793, 5180, 775660.0
182, 68.610934, 662.451114, 37.635081, 183.950079, 5061, 757469.0
183, 68.038127, 662.761109, 37.683567, 168.529093, 5032, 753218.0
184, 72.093138, 664.111025, 37.131156, 210.415534, 4844, 725710.0
185, 70.964792, 662.310074, 37.442556, 166.582333, 5241, 782591.0
186, 68.043022, 662.505041, 37.066162, 179.881311, 5073, 754216.0
187, 69.337569, 661.955536, 37.545552, 183.457584, 4961, 738378.0
188, 70.387697, 663.515991, 37.071145, 192.981374, 5013, 744810.0
189, 68.310464, 664.577284, 35.206030, 192.411262, 4911, 729523.0
190, 69.492323, 662.033267, 37.618585, 173.571359, 5188, 771621.0
191, 69.920312, 664.340394, 37.259413, 174.492410, 5133, 763816.0
192, 72.607632, 662.839230, 37.774849, 193.859331, 4911, 729013.0
193, 70.714500, 662.587257, 38.902232, 199.360262, 4837, 717806.0
194, 71.045129, 663.750199, 37.792698, 182.844986, 4803, 711594.0
195, 72.720148, 662.323439, 37.681267, 195.723028, 5054, 749191.0
196, 72.888973, 661.929192, 38.281089, 183.731590, 4966, 736838.0
197, 70.025352, 664.033408, 37.195914, 166.854737, 5137, 764334.0
198, 69.231152, 663.223507, 38.163142, 154.982450, 5151, 768331.0
199, 70.530940, 664.198348, 36.764790, 187.425655, 4977, 738410.0
200, 71.797480, 663.188257, 38.236720, 178.863585, 5080, 754284.0
201, 71.010492, 662.088015, 37.284415, 182.131610, 5062, 752177.0
202, 69.349015, 663.207879, 37.943275, 175.655300, 5236, 803451.0
203, 71.752148, 662.746365, 38.894207, 179.992044, 5069, 755529.0
204, 70.560197, 662.174225, 38.472901, 197.864581, 5111, 759099.0
205, 70.073098, 664.371057, 37.240684, 184.407785, 4973, 738992.0
206, 71.274629, 663.565468, 36.679642, 198.774888, 4821, 712246.0
207, 70.338139, 664.038020, 35.879202, 192.782268, 4952, 734007.0
208, 70.598990, 663.876808, 36.344929, 195.360608, 4994, 739972.0
209, 73.340144, 664.302043, 36.897558, 204.946671, 4964, 733716.0
210, 74.027072, 663.999087, 37.364968, 236.914007, 4884, 721856.0
211, 72.311496, 664.457248, 36.523050, 190.189414, 4911, 727084.0
212, 72.813290, 664.692535, 36.997189, 218.373904, 4873, 721531.0
213, 72.540926, 663.027417, 37.623716, 241.846082, 4751, 706504.0
214, 73.396691, 663.683184, 38.267484, 215.032902, 4966, 734633.0
215, 72.788073, 664.326851, 36.710413, 199.886000, 4839, 736311.0
216, 69.256775, 662.068062, 37.640901, 185.060020, 5155, 767375.0
217, 70.285282, 663.087456, 37.681515, 177.035516, 5174, 785372.0
218, 69.928169, 663.762604, 36.311251, 189.540991, 4955, 740671.0
219, 74.741547, 664.092151, 36.189280, 251.325160, 4846, 716887.0
220, 72.378327, 663.631687, 38.589855, 196.718213, 4937, 735281.0
221, 72.095963, 663.309368, 37.808731, 212.251639, 4881, 724149.0
222, 70.986429, 663.351034, 37.688578, 199.505434, 4918, 732609.0
223, 71.971634, 664.601302, 36.098523, 192.399752, 4936, 730935.0
224, 69.733812, 662.076788, 38.392644, 180.228847, 5140, 767063.0
225, 71.184436, 662.410789, 38.330447, 177.861600, 5053, 751856.0
226, 69.819846, 662.547407, 38.576379, 160.761124, 5169, 770110.0
227, 70.092288, 664.409645, 35.557258, 202.774473, 4928, 732398.0
228, 71.331586, 664.473705, 37.036688, 188.422660, 5020, 750618.0
229, 72.367446, 663.865367, 36.661895, 195.118368, 4859, 719590.0
230, 69.932789, 663.136298, 36.917710, 199.032656, 4985, 740248.0
231, 76.794181, 664.535588, 36.516548, 238.597508, 5052, 744748.0
232, 71.210943, 663.403614, 38.195317, 181.146100, 4908, 728979.0
233, 71.076837, 662.905924, 37.846829, 165.130059, 5202, 774640.0
234, 69.310760, 663.531244, 36.915940, 186.905949, 5119, 762004.0
235, 72.013958, 663.394126, 37.893348, 184.583457, 5008, 743903.0
236, 69.701240, 663.303179, 38.761501, 177.437337, 5089, 757276.0
237, 69.370392, 664.136583, 37.116121, 187.606124, 5211, 775788.0
238, 69.768479, 662.660194, 37.649400, 183.406311, 5052, 752417.0
239, 72.657017, 664.347670, 37.048050, 177.114283, 4976, 736402.0
240, 68.876586, 662.845329, 37.153704, 188.837967, 5152, 767356.0
241, 69.560762, 663.054444, 37.642938, 179.084052, 5070, 754647.0
242, 68.269196, 662.364377, 38.234161, 163.976394, 5191, 775204.0
243, 71.885195, 663.849856, 37.573533, 199.789872, 4920, 732251.0
244, 69.336586, 664.447425, 36.223648, 178.110498, 5174, 773379.0
245, 67.216239, 661.904686, 37.667411, 170.232615, 4931, 737601.0
246, 68.413114, 662.488200, 37.237482, 169.215366, 5126, 767018.0
247, 70.145194, 664.400116, 36.588954, 176.844521, 5192, 788566.0
248, 71.334521, 663.138335, 36.869695, 225.166394, 4931, 743324.0
249, 70.394037, 664.514272, 37.332515, 177.500302, 5094, 757660.0
250, 70.761334, 663.373004, 36.451436, 172.568738, 5000, 746735.0
251, 69.147190, 662.649149, 37.063059, 223.848860, 4936, 743498.0
252, 72.117010, 664.469821, 36.149226, 208.963788, 4768, 720799.0
253, 69.562659, 664.825720, 36.713620, 186.531622, 5090, 765912.0
254, 69.520120, 663.960039, 37.529396, 183.779332, 5116, 770532.0
255, 69.832763, 662.635952, 37.786665, 197.007954, 4862, 733986.0
256, 72.721122, 663.564799, 35.981254, 216.331996, 4768, 704429.0
257, 73.178764, 662.533960, 38.066184, 193.118701, 4964, 739460.0
258, 69.435828, 663.175006, 36.949148, 172.050234, 5169, 770699.0
259, 69.162930, 662.623218, 38.546180, 181.840218, 5004, 745984.0
260, 69.591857, 663.802321, 37.273417, 185.161789, 5184, 769388.0
261, 73.182504, 664.763926, 37.173194, 233.238085, 4791, 705528.0
262, 71.596785, 663.052662, 37.929246, 167.542073, 5062, 755990.0
263, 69.933881, 664.058927, 36.131736, 181.744034, 4980, 741957.0
264, 70.648737, 662.675855, 37.723355, 161.306506, 5130, 763801.0
265, 66.363701, 663.561728, 37.513731, 184.787022, 5106, 762660.0
266, 69.794373, 663.702271, 37.597260, 193.452744, 4905, 728411.0
267, 69.563811, 662.672278, 37.329100, 203.285367, 4953, 735830.0
268, 73.573654, 663.711308, 36.364684, 255.266576, 4872, 719061.0
269, 68.003012, 662.907727, 37.021630, 172.367207, 5148, 765905.0
270, 71.471500, 662.896767, 37.651039, 210.349266, 4933, 732568.0
271, 73.797078, 664.035871, 37.683596, 217.704259, 4956, 733192.0
272, 70.001106, 663.286813, 37.768020, 179.464555, 5046, 751238.0
273, 69.588646, 663.786721, 37.406053, 188.832122, 5007, 745070.0
274, 68.509993, 662.813998, 38.045598, 174.892540, 5039, 750568.0
275, 70.640449, 665.320606, 36.066066, 198.072914, 5123, 760721.0
276, 69.852585, 663.480323, 37.416878, 189.291644, 5160, 766443.0
277, 70.795525, 664.277267, 36.769505, 185.265831, 5180, 775334.0
278, 70.795089, 663.239466, 37.179870, 190.204278, 4959, 740012.0
279, 67.773359, 662.470112, 37.944108, 164.448379, 5076, 752998.0
280, 73.672096, 663.202881, 36.949685, 228.432004, 4955, 732968.0
281, 72.557318, 662.727635, 38.068883, 188.321369, 4954, 731419.0
282, 70.167408, 662.836137, 37.829510, 166.410531, 5189, 771344.0
283, 73.563917, 665.225098, 36.282261, 217.390629, 4713, 692233.0
284, 72.167731, 663.169947, 37.796440, 201.845418, 4883, 721572.0
285, 71.183923, 662.424895, 37.921330, 194.390621, 5040, 746169.0
286, 69.304806, 663.503354, 37.386401, 191.197717, 5211, 774320.0
287, 69.643515, 662.347930, 38.456286, 183.407933, 5077, 755195.0
288, 70.277653, 663.393312, 37.122124, 189.030610, 4983, 738569.0
289, 69.067155, 661.925270, 38.535948, 164.207260, 5038, 750233.0
290, 71.583544, 663.948885, 37.946188, 191.755054, 5058, 750437.0
291, 70.672864, 662.836578, 37.865523, 175.330852, 5074, 754874.0
292, 71.794069, 663.828074, 36.893926, 188.167549, 4957, 733636.0
293, 69.495039, 664.487001, 37.280739, 181.077581, 5225, 778651.0
294, 70.830205, 663.262420, 37.962474, 188.951185, 5125, 761279.0
295, 67.964484, 663.306611, 37.858450, 171.524350, 5188, 771392.0
296, 69.095000, 663.282325, 38.063221, 168.634836, 5163, 766991.0
297, 70.543708, 663.856278, 36.692948, 221.333808, 4926, 731106.0
298, 69.206656, 663.351356, 36.542158, 194.994499, 5064, 750990.0
299, 72.108150, 664.480435, 36.377320, 207.316776, 4835, 713945.0
300, 70.438545, 662.852264, 37.131620, 165.417086, 5054, 750282.0
301, 70.598121, 664.091304, 37.218612, 163.766208, 5241, 779362.0
302, 69.101801, 662.599647, 37.495110, 167.448934, 5201, 775848.0
303, 69.354979, 663.798970, 37.041079, 191.123305, 5084, 755397.0
304, 69.729356, 663.830843, 36.023568, 211.678942, 4907, 727147.0
305, 69.573945, 663.803174, 36.911828, 159.352919, 5194, 773495.0
306, 69.986860, 663.929478, 37.179211, 178.783171, 5123, 761129.0
307, 71.265996, 663.741214, 36.608430, 196.630234, 4855, 718652.0
308, 70.189368, 664.102485, 36.667902, 181.123395, 5227, 778209.0
309, 69.934865, 664.389417, 36.563074, 171.607367, 5225, 783500.0
310, 70.746707, 663.425762, 37.050841, 176.223908, 5142, 762535.0
311, 70.581624, 663.062033, 38.813507, 203.546576, 4928, 731302.0
312, 70.511167, 662.733479, 37.517394, 205.982671, 4982, 739350.0
313, 67.767371, 663.772811, 36.858922, 194.617660, 4886, 725652.0
314, 71.855611, 663.681080, 37.288193, 197.219417, 5013, 743231.0
315, 71.300100, 663.469606, 38.755826, 182.648699, 4781, 717115.0
316, 74.528303, 664.369591, 36.340525, 220.522631, 4964, 733175.0
317, 72.615156, 663.856602, 37.229440, 219.790603, 4959, 734643.0
318, 71.205465, 664.789325, 36.758776, 219.905975, 4924, 731670.0
319, 69.724042, 663.431495, 36.514458, 199.182031, 5060, 751515.0
320, 74.020510, 665.109442, 36.545913, 223.824336, 4903, 723153.0
321, 72.194552, 664.984898, 36.552487, 177.593985, 4929, 728978.0
322, 71.042939, 662.929241, 38.072747, 175.132534, 5192, 781120.0
323, 74.820715, 664.354643, 36.389175, 251.197753, 4852, 733276.0
324, 72.483178, 662.950771, 37.491839, 217.765507, 4860, 720623.0
325, 69.621266, 664.062458, 36.943390, 205.319658, 4888, 725864.0
326, 74.142800, 664.283541, 36.248092, 227.151794, 4907, 723765.0
327, 73.890195, 663.231979, 36.983834, 230.927746, 4968, 734766.0
328, 69.509719, 663.635992, 37.724234, 180.684478, 5188, 779891.0
329, 69.833424, 664.041484, 35.608785, 205.095296, 5083, 753682.0
330, 71.136854, 665.902757, 35.021987, 207.794533, 4810, 711894.0
331, 70.797349, 664.590519, 36.546611, 194.981952, 5017, 744317.0
332, 69.068133, 662.846363, 38.333247, 169.367015, 5143, 763737.0
333, 69.888729, 664.103055, 37.556381, 187.226068, 5093, 756714.0
334, 68.202769, 662.153771, 38.005649, 180.181336, 5211, 775594.0
335, 69.122938, 663.261367, 37.994917, 176.482190, 5167, 768670.0
336, 69.412114, 662.815412, 38.780670, 181.051654, 5016, 744877.0
337, 69.553991, 663.415904, 38.033972, 173.329719, 5112, 759225.0
338, 71.111370, 663.761303, 38.003200, 184.035727, 4996, 740945.0
339, 71.999633, 663.570593, 38.003006, 181.736845, 5028, 744526.0
340, 73.169391, 665.001362, 35.522688, 221.992498, 4834, 711915.0
341, 67.320715, 662.937806, 37.540418, 174.441715, 5164, 766961.0
342, 68.968437, 661.849633, 37.480160, 180.810000, 5024, 747348.0
343, 72.117828, 663.541114, 36.411327, 200.927055, 4868, 721129.0
344, 71.049413, 664.340560, 36.317316, 195.654681, 5029, 745837.0
345, 71.333018, 664.421820, 36.443266, 195.225880, 4967, 733300.0
346, 69.584027, 663.595379, 37.541973, 181.063831, 5269, 782812.0
347, 71.416937, 663.065473, 38.307846, 176.464479, 4979, 739150.0
348, 72.171361, 664.460315, 36.573142, 203.717968, 4889, 722003.0
349, 68.556261, 662.920349, 37.901456, 160.956422, 5179, 770433.0
350, 73.330470, 663.331446, 37.324536, 205.437074, 4943, 729288.0
351, 70.895971, 661.936105, 38.585897, 179.084404, 5000, 741194.0
352, 69.309534, 662.824168, 38.012959, 173.967655, 5206, 776010.0
353, 69.960246, 662.764734, 38.722713, 194.937437, 4962, 755261.0
354, 68.991519, 663.627126, 37.584842, 183.589056, 5129, 770496.0
355, 69.578197, 663.425958, 38.117094, 172.891713, 5147, 781596.0
356, 70.297607, 663.323423, 38.614358, 173.832648, 5027, 754645.0
357, 69.588916, 662.417582, 38.420680, 167.404354, 5082, 760236.0
358, 67.011193, 662.666115, 36.938452, 172.212144, 5050, 765355.0
359, 70.979804, 663.409900, 38.315362, 182.077308, 5121, 765063.0
360, 69.434591, 662.183470, 37.284666, 197.231507, 4944, 752197.0
361, 70.328292, 662.768852, 37.636540, 203.257587, 5076, 758102.0
362, 72.577789, 664.065089, 38.493917, 201.169553, 5000, 755314.0
363, 71.467459, 664.208862, 36.472960, 219.944438, 4861, 735307.0
364, 70.017316, 664.356474, 36.991189, 184.877791, 5304, 801354.0
365, 67.879897, 661.802329, 38.028370, 175.713509, 5111, 782522.0
366, 69.234445, 664.191794, 36.276156, 162.990259, 5174, 770262.0
367, 70.104177, 664.348056, 36.426244, 201.292020, 4977, 762771.0
368, 71.592175, 662.995381, 38.120492, 182.550190, 4966, 749366.0
369, 69.952847, 663.279633, 36.705748, 200.692460, 5129, 762563.0
370, 73.241172, 663.222142, 37.275446, 201.165561, 4929, 734400.0
371, 71.437007, 664.522582, 36.987277, 195.556359, 4994, 743692.0
372, 69.880977, 663.631981, 36.762524, 184.876958, 5021, 755379.0
373, 67.900164, 663.043167, 37.006436, 173.812712, 5103, 762575.0
374, 73.609476, 665.328164, 37.587001, 205.975168, 4940, 733383.0
375, 73.887670, 664.117068, 36.716987, 221.324840, 4989, 744137.0
376, 68.726465, 664.079891, 37.138292, 187.524302, 4967, 735469.0
377, 69.815648, 664.428836, 37.631166, 181.164621, 4982, 738481.0
378, 72.492737, 663.821978, 36.982172, 212.260762, 4935, 727960.0
379, 72.195196, 663.862336, 37.319796, 200.042317, 5000, 739318.0
380, 70.916251, 663.036317, 37.938690, 185.013336, 5159, 765108.0
381, 69.448565, 662.972746, 37.982960, 212.935137, 4884, 722735.0
382, 70.953501, 663.573800, 37.746872, 178.399676, 5162, 768724.0
383, 70.534909, 663.138833, 37.671357, 187.244189, 5077, 775259.0
384, 71.683843, 663.447299, 37.139396, 185.964753, 4976, 737535.0
385, 70.975116, 664.003712, 37.574868, 191.997309, 4895, 727345.0
386, 73.040595, 664.067997, 36.708844, 213.449564, 4829, 712722.0
387, 73.008449, 661.921028, 38.039871, 207.586519, 4991, 741539.0
388, 69.625122, 662.944518, 36.991874, 197.603234, 4929, 733729.0
389, 73.328401, 664.285564, 36.440314, 226.042354, 4965, 733433.0
390, 75.089208, 664.729111, 36.888971, 211.157218, 4957, 730803.0
391, 72.957182, 664.340641, 36.628238, 247.379814, 4832, 713617.0
392, 71.241398, 663.109834, 37.205338, 188.992521, 4929, 728763.0
393, 73.635815, 663.490621, 36.937819, 221.558215, 4954, 732156.0
394, 71.709252, 662.485718, 37.099915, 202.496061, 4889, 723733.0
395, 70.372933, 661.886176, 38.105444, 204.604928, 4887, 724669.0
396, 74.599499, 664.720287, 37.715681, 206.486074, 4939, 756731.0
397, 71.482366, 662.897769, 37.102735, 218.423510, 4896, 726132.0
398, 72.422011, 663.083600, 37.324398, 206.194300, 4955, 759645.0
399, 73.680443, 663.776157, 37.581585, 216.873154, 4876, 722961.0
400, 73.130619, 662.513041, 37.675884, 203.699648, 4985, 738027.0
401, 70.253900, 664.310316, 36.467068, 189.013987, 5150, 765510.0
402, 71.150134, 663.005028, 37.571163, 194.576714, 4993, 741324.0
403, 73.948853, 664.907787, 37.575769, 213.648218, 4949, 731043.0
404, 71.253737, 664.267990, 38.026408, 195.952655, 5072, 754449.0
405, 73.301732, 663.171879, 37.522394, 207.731672, 4945, 732207.0
406, 70.773296, 662.362664, 38.308979, 188.342183, 5091, 756340.0
407, 74.196158, 663.848141, 37.669628, 213.068772, 4948, 731153.0
408, 71.171299, 662.719089, 38.094440, 183.312650, 5191, 772003.0
409, 71.476925, 664.532043, 37.377753, 201.579289, 4845, 716993.0
410, 69.749791, 664.143301, 36.591368, 217.787885, 5013, 744711.0
411, 73.946025, 663.152776, 37.873356, 205.956831, 5019, 742934.0
412, 74.203507, 663.253162, 38.321250, 227.824810, 5013, 741294.0
413, 73.692538, 661.644066, 38.620839, 200.879132, 4943, 764681.0
414, 71.082203, 663.940201, 37.883998, 219.883995, 4813, 712303.0
415, 74.508529, 663.405270, 37.403582, 222.096734, 4898, 723247.0
416, 69.604887, 662.330991, 36.665935, 192.001133, 4922, 730581.0
417, 71.491210, 663.214460, 37.197856, 205.648553, 4870, 735387.0
418, 71.724008, 663.749737, 36.086624, 205.073481, 4928, 730097.0
419, 72.905732, 661.076680, 39.022506, 187.482877, 5001, 741043.0
420, 69.911636, 663.836532, 37.361406, 196.258253, 5008, 742927.0
421, 71.432393, 663.218735, 39.187741, 192.180580, 4964, 735090.0
422, 67.644024, 663.163424, 37.313794, 187.284033, 4968, 734199.0
423, 72.113254, 664.086709, 37.312304, 212.728166, 4897, 722934.0
424, 72.332930, 662.830491, 37.461408, 201.409910, 4967, 733902.0
425, 72.226812, 663.937523, 37.738827, 214.981577, 4829, 712878.0
426, 71.341005, 663.165193, 37.023830, 191.251302, 4980, 737874.0
427, 71.746896, 664.141868, 37.564862, 198.980151, 5019, 743013.0
428, 72.391070, 662.951283, 37.350577, 206.498682, 4963, 737551.0
429, 74.318744, 664.640168, 36.137020, 233.874784, 4975, 750372.0
430, 70.243350, 663.338329, 37.082816, 185.510124, 5121, 780900.0
431, 71.198600, 663.628867, 36.631205, 196.795491, 4958, 746642.0
432, 72.277033, 663.565440, 37.854018, 181.255472, 5037, 752475.0
433, 68.746191, 662.226526, 37.353080, 184.600568, 5014, 756729.0
434, 70.789086, 662.828396, 36.906678, 182.915957, 5007, 753896.0
435, 70.473439, 663.083246, 37.761774, 186.152435, 5122, 773332.0
436, 70.923457, 663.214941, 36.719501, 189.265356, 4906, 733985.0
437, 70.679992, 664.401386, 37.483921, 177.393401, 5137, 766277.0
438, 70.203252, 664.098121, 36.966015, 173.768418, 5170, 765795.0
439, 68.807394, 663.475790, 37.338112, 171.776606, 5091, 755256.0
440, 72.174009, 662.714368, 37.846109, 209.452017, 4827, 713760.0
441, 71.563627, 663.961981, 35.709279, 194.027832, 5025, 743066.0
442, 71.006173, 663.379674, 37.518690, 183.047345, 5136, 762684.0
443, 71.259849, 662.847456, 37.445383, 196.794423, 4940, 741761.0
444, 70.080563, 662.538933, 37.698356, 184.043161, 4994, 740706.0
445, 68.302015, 662.461173, 38.522746, 170.968252, 5118, 761692.0
446, 71.670036, 664.067547, 36.832257, 209.773040, 4726, 698207.0
447, 72.797338, 663.378838, 37.480461, 205.510610, 4919, 727341.0
448, 71.141632, 663.274385, 37.497091, 197.660919, 4877, 723017.0
449, 71.227495, 665.601420, 36.404191, 198.363051, 4870, 720388.0
450, 71.533797, 663.334130, 37.456614, 207.581867, 4897, 726842.0
451, 71.604802, 662.970850, 37.609835, 194.991124, 4967, 737127.0
452, 69.968209, 662.173021, 37.620632, 174.154508, 5149, 765047.0
453, 68.251863, 662.707351, 37.364615, 179.351522, 5057, 752148.0
454, 67.752048, 662.153453, 38.417742, 179.168440, 5052, 750830.0
455, 71.389511, 663.762778, 37.593230, 180.068830, 4932, 731197.0
456, 71.966320, 664.215674, 36.325995, 204.447007, 5013, 741318.0
457, 73.592812, 663.787460, 38.144632, 201.750449, 5034, 743272.0
458, 68.211849, 663.443879, 37.509002, 188.678729, 5043, 748756.0
459, 71.392411, 663.134070, 37.758334, 186.188832, 5083, 753972.0
460, 73.584872, 665.197414, 37.690734, 211.883358, 5014, 739566.0
461, 71.804127, 664.058368, 37.365858, 190.964602, 4873, 720765.0
462, 70.190748, 663.242117, 36.587802, 177.458684, 5191, 778115.0
463, 72.959408, 663.821134, 37.120821, 199.669458, 4908, 727141.0
464, 72.845588, 664.797815, 36.467995, 202.362406, 4824, 711931.0
465, 70.627687, 662.628262, 37.975257, 202.099548, 5076, 754289.0
466, 70.969775, 662.919767, 37.514110, 188.742693, 4957, 736079.0
467, 68.761670, 663.670353, 36.907217, 184.218739, 5056, 753013.0
468, 69.624961, 663.332843, 38.382331, 169.863601, 5081, 757663.0
469, 69.709128, 664.206774, 36.070525, 203.770666, 4906, 728233.0
470, 71.727518, 664.859326, 36.052158, 188.082090, 4919, 727533.0
471, 71.561603, 662.504079, 38.557765, 177.525648, 4938, 731751.0
472, 69.668150, 661.863884, 37.846632, 181.750758, 4927, 732661.0
473, 72.713504, 663.502938, 38.186722, 197.925202, 4989, 738709.0
474, 69.944999, 663.068401, 37.467698, 173.750194, 5120, 761158.0
475, 68.706418, 662.660676, 36.798431, 189.514532, 5031, 749346.0
476, 70.530891, 661.793355, 37.683628, 198.131298, 5230, 777177.0
477, 69.635673, 663.282754, 37.561272, 196.433278, 5013, 747752.0
478, 70.303965, 662.928643, 37.150668, 191.009012, 5098, 758830.0
479, 72.425565, 663.373767, 37.582299, 193.274563, 4960, 737288.0
480, 70.107570, 662.995191, 37.545293, 189.566033, 4868, 723838.0
481, 69.652427, 662.686205, 37.373552, 203.281625, 4891, 726397.0
482, 69.647977, 662.987531, 36.608644, 186.977090, 5142, 766422.0
483, 69.867040, 664.291755, 37.080662, 192.088957, 5032, 749032.0
484, 68.352306, 663.189650, 38.629133, 153.528907, 5186, 773069.0
485, 70.550981, 661.574431, 38.247952, 211.876335, 5009, 745073.0
486, 69.383945, 663.805636, 36.906073, 163.850155, 5197, 775422.0
487, 69.669737, 664.424588, 36.623738, 183.995176, 5111, 762003.0
488, 71.181997, 663.787296, 37.066340, 189.816550, 4921, 734583.0
489, 71.259850, 663.557488, 37.573625, 175.374077, 5134, 773066.0
490, 71.155733, 663.239798, 37.794567, 193.990138, 4901, 728248.0
491, 74.102786, 664.570996, 36.818983, 239.556552, 4884, 722940.0
492, 71.677187, 663.782114, 36.881090, 207.762391, 4864, 720803.0
493, 68.471103, 662.767626, 37.632712, 191.664226, 5122, 762511.0
494, 70.798946, 663.747820, 37.352797, 185.724026, 5158, 767556.0
495, 72.030867, 662.892652, 37.649495, 207.750014, 4952, 735650.0
496, 68.538365, 662.439715, 37.580514, 201.506690, 5058, 754393.0
497, 72.204194, 662.426576, 37.736063, 215.788501, 4814, 713967.0
498, 73.690459, 664.471954, 37.230879, 212.284284, 4970, 737605.0
499, 74.167939, 664.348759, 36.350916, 239.702117, 4848, 715761.0
500, 71.939992, 663.151532, 37.400027, 194.160039, 4926, 731238.0
501, 68.739076, 663.150794, 37.402302, 182.854799, 5160, 771443.0
502, 71.453671, 664.695534, 35.656860, 172.762042, 4995, 741984.0
503, 68.944346, 663.237853, 38.018439, 176.547702, 5081, 755875.0
504, 73.913017, 665.465311, 36.395133, 229.305668, 4887, 737933.0
505, 68.795554, 664.284654, 37.802873, 165.519968, 5095, 762773.0
506, 72.694782, 663.719656, 37.512471, 202.823380, 4994, 738990.0
507, 72.441329, 666.105385, 35.008890, 202.928588, 4848, 715505.0
508, 70.783978, 664.011303, 37.554527, 201.048256, 4818, 715851.0
509, 72.304761, 663.239932, 37.741001, 206.952507, 4974, 739113.0
510, 68.462136, 664.763513, 36.666835, 170.278684, 5161, 768735.0
511, 71.817585, 663.652097, 36.958442, 189.710903, 4913, 728205.0
512, 73.203522, 662.112173, 37.847885, 230.168846, 4806, 712692.0
513, 73.575569, 663.314575, 37.117666, 202.455323, 4966, 737674.0
514, 71.726413, 664.526035, 36.540988, 214.502346, 4776, 707947.0
515, 72.234367, 663.144607, 37.525661, 188.278501, 4813, 720029.0
516, 74.260553, 663.998778, 36.812295, 228.290047, 4929, 735121.0
517, 70.873853, 662.663061, 37.515111, 198.392912, 5028, 779769.0
518, 68.841571, 663.402609, 37.298806, 173.816809, 5138, 767851.0
519, 68.958953, 664.602282, 36.198043, 180.089879, 5066, 771145.0
520, 73.448609, 662.624226, 38.289706, 228.769602, 4874, 725101.0
521, 69.774311, 663.387576, 37.646988, 180.881419, 5045, 752878.0
522, 70.103379, 663.491144, 37.229700, 194.794961, 5089, 760598.0
523, 72.723242, 665.593812, 35.109016, 213.833991, 4729, 704916.0
524, 71.586241, 663.764541, 37.674201, 193.053556, 4997, 744005.0
525, 71.941843, 663.032548, 37.799848, 207.122958, 4943, 736114.0
526, 71.422398, 663.576185, 38.243429, 169.999961, 5142, 767931.0
527, 72.003248, 663.790972, 36.978797, 177.664027, 5062, 752694.0
528, 69.745735, 663.379256, 36.558907, 184.606057, 5139, 765913.0
529, 72.057136, 663.847389, 37.124912, 197.860710, 4815, 716923.0
530, 68.785046, 663.503053, 36.552261, 181.854430, 5050, 758625.0
531, 73.080904, 664.552549, 35.835211, 236.397911, 4887, 720725.0
532, 72.306624, 664.522880, 37.202073, 208.761719, 4920, 730166.0
533, 71.985312, 665.469538, 35.123334, 219.663811, 4792, 707913.0
534, 68.056580, 663.687651, 36.523126, 162.489554, 5140, 766305.0
535, 70.448113, 663.248747, 37.076040, 184.913873, 5071, 753822.0
536, 69.837398, 662.626146, 38.499790, 190.942166, 5016, 751845.0
537, 70.881563, 662.490965, 38.092514, 187.784439, 5094, 758120.0
538, 69.156740, 662.556227, 37.177506, 180.274959, 5213, 783958.0
539, 73.007226, 662.986029, 37.736840, 238.050488, 4777, 707288.0
540, 69.188250, 663.498956, 37.554103, 175.783266, 5159, 763914.0
541, 71.702719, 663.083377, 38.064766, 188.718501, 4936, 728906.0
542, 69.740895, 662.653000, 38.557367, 181.347856, 5156, 764224.0
543, 71.008403, 663.980663, 36.647466, 223.608021, 4985, 736417.0
544, 70.534808, 663.841803, 37.862214, 188.237110, 5101, 755717.0
545, 68.919108, 663.398720, 37.463252, 174.570408, 5122, 761205.0
546, 69.672965, 662.895997, 36.513797, 212.912680, 4857, 719105.0
547, 70.954085, 663.594824, 37.932533, 177.097340, 5211, 774595.0
548, 69.826942, 664.675309, 36.433628, 210.598451, 4996, 739669.0
549, 71.254295, 663.697147, 37.120065, 187.007194, 5202, 796069.0
550, 70.344844, 663.279252, 37.590360, 212.079765, 4952, 735259.0
551, 70.972146, 663.653448, 37.122586, 179.754282, 5067, 752244.0
552, 69.256631, 663.188056, 37.435752, 188.302738, 5129, 762357.0
553, 72.252722, 663.907603, 37.323990, 192.111856, 4812, 710702.0
554, 72.167741, 663.089545, 37.909614, 192.254925, 4906, 729263.0
555, 70.616599, 663.512395, 38.555989, 181.126504, 5097, 755809.0
556, 70.953617, 662.587058, 37.330278, 189.427439, 5087, 754093.0
557, 70.039965, 663.648046, 37.399586, 189.991166, 5105, 756586.0
558, 71.720696, 663.838339, 36.446871, 220.178455, 4811, 710010.0
559, 71.156910, 664.691949, 37.011123, 222.446560, 4889, 722649.0
560, 69.399223, 665.070259, 36.662531, 196.531215, 5171, 774011.0
561, 72.838263, 665.351902, 36.449816, 193.535666, 5002, 738868.0
562, 70.299364, 662.406177, 38.666735, 202.225481, 5053, 750453.0
563, 69.965544, 663.485223, 36.597000, 183.998735, 5196, 771355.0
564, 73.977822, 663.820019, 37.731647, 226.549264, 4932, 752178.0
565, 71.522295, 663.874108, 37.731537, 185.115610, 5015, 745869.0
566, 69.815641, 663.328939, 37.566591, 193.893534, 5172, 766555.0
567, 67.996314, 662.668597, 38.288072, 165.295754, 5086, 757869.0
568, 74.650959, 663.220492, 36.975952, 228.875316, 4972, 738114.0
569, 71.475759, 662.218020, 38.265567, 204.167844, 5058, 752646.0
570, 70.734540, 663.602867, 36.462000, 169.140129, 5264, 782234.0
571, 73.679676, 665.237500, 36.080148, 206.553350, 4914, 724660.0
572, 71.288131, 662.965984, 37.664476, 212.002304, 4713, 698665.0
573, 70.334937, 663.941948, 37.574875, 163.976636, 5114, 761511.0
574, 70.400369, 663.388408, 36.154602, 185.289579, 4942, 738265.0
575, 71.749548, 663.225288, 38.432254, 186.603784, 5058, 755764.0
576, 74.048887, 662.113257, 38.770232, 227.869379, 4867, 722073.0
577, 72.621954, 661.802854, 38.588959, 208.482584, 4912, 734168.0
578, 70.345564, 662.328905, 38.166321, 187.474752, 5042, 749191.0
579, 71.399995, 662.556165, 37.621178, 191.079920, 4930, 731806.0
580, 75.255693, 665.738387, 35.381346, 241.181936, 4950, 732088.0
581, 69.166836, 664.195368, 37.154133, 185.919685, 5153, 770507.0
582, 75.200360, 663.323329, 37.282551, 219.890385, 4904, 724292.0
583, 73.780084, 664.442653, 36.816151, 203.459493, 5005, 744253.0
584, 70.560477, 662.884869, 38.323271, 200.734648, 4916, 729469.0
585, 69.791088, 663.449510, 36.891048, 174.411654, 5180, 770250.0
586, 72.020764, 662.720200, 37.940051, 192.812960, 4899, 724922.0
587, 74.250274, 663.489214, 37.444621, 203.004208, 4868, 716891.0
588, 70.823938, 664.907592, 36.983918, 202.730963, 4748, 701735.0
589, 68.445338, 662.502124, 38.286303, 177.870614, 5002, 745093.0
590, 71.173158, 661.789250, 38.100845, 211.250240, 4734, 701332.0
591, 68.755774, 662.857934, 37.993172, 196.877650, 5067, 752129.0
592, 72.426282, 663.077752, 37.771456, 215.406948, 4948, 732106.0
593, 69.808840, 663.569276, 37.836187, 185.307075, 5210, 774997.0
594, 72.348945, 663.964852, 36.311296, 210.129172, 4875, 731005.0
595, 69.514906, 662.504795, 37.987819, 190.120646, 4983, 749991.0
596, 72.438205, 665.163717, 35.479736, 222.696330, 4744, 702784.0
597, 68.898404, 663.078538, 38.328876, 161.939905, 5100, 758518.0
598, 68.774746, 662.957513, 37.772908, 171.446485, 5202, 773718.0
599, 72.906811, 663.935092, 36.409960, 199.620616, 4953, 730356.0
600, 71.605013, 662.937198, 37.753944, 192.899771, 4846, 717330.0
601, 70.124169, 661.712327, 37.562797, 210.892477, 4900, 725272.0
602, 71.034007, 663.321605, 37.045873, 189.385183, 4937, 731037.0
603, 68.963564, 664.443241, 36.283412, 174.517811, 5072, 751710.0
604, 73.134082, 663.444302, 37.454002, 196.923010, 4965, 733045.0
605, 76.164817, 665.486098, 35.872823, 235.549431, 4908, 722990.0
606, 69.542487, 662.480478, 37.375900, 181.856128, 5091, 761486.0
607, 71.139582, 663.991927, 36.309675, 170.480895, 5124, 762115.0
608, 71.714773, 663.930135, 36.464349, 206.387620, 4828, 713730.0
609, 70.972900, 663.395806, 37.841909, 201.279452, 5147, 764289.0
610, 71.914016, 662.730652, 38.609443, 203.426912, 4981, 737178.0
611, 70.596060, 664.097674, 36.140562, 188.176714, 4911, 727240.0
612, 74.531446, 664.253721, 36.625700, 236.624896, 4779, 703653.0
613, 70.963490, 662.941428, 36.805295, 210.033764, 4939, 731832.0
614, 68.554518, 662.586520, 38.171128, 172.201911, 5148, 765692.0
615, 71.863984, 662.558326, 37.383668, 206.484491, 4883, 722846.0
616, 67.885257, 663.752628, 36.417263, 173.140019, 4961, 735377.0
617, 71.079348, 664.049123, 37.155503, 194.102771, 5023, 743855.0
618, 71.292245, 663.415623, 37.910436, 180.929985, 5136, 761279.0
619, 69.332683, 662.150511, 38.548625, 177.868642, 5149, 766496.0
620, 67.319433, 662.904856, 37.302690, 185.917700, 4882, 726509.0
621, 70.872822, 663.607591, 38.058317, 169.795122, 5146, 765300.0
622, 70.291939, 662.829919, 36.596905, 189.671030, 4971, 738336.0
623, 71.422789, 663.151300, 38.247454, 211.545247, 4937, 733055.0
624, 69.240724, 662.775260, 36.882778, 181.993596, 5053, 751313.0
625, 68.793013, 662.556687, 38.131729, 176.203744, 5086, 773555.0
626, 72.941331, 663.544639, 37.761891, 228.559403, 4899, 733007.0
627, 72.818037, 664.284652, 37.130754, 202.438449, 4853, 726095.0
628, 68.614167, 663.660544, 38.147799, 190.547982, 5068, 757760.0
629, 71.838503, 664.061223, 37.022404, 186.840493, 5049, 754356.0
630, 68.652562, 663.029507, 37.744723, 164.827890, 5235, 785723.0
631, 69.778964, 662.621936, 38.371112, 164.102822, 5120, 766248.0
632, 67.188499, 662.768342, 38.144648, 169.859075, 4991, 747405.0
633, 71.997980, 665.026214, 35.890313, 182.381196, 4923, 732002.0
634, 71.982351, 663.780818, 37.802259, 206.221104, 4881, 720447.0
635, 69.371986, 662.901783, 37.061000, 196.874528, 5025, 747592.0
636, 70.774336, 664.013815, 36.953806, 194.660666, 4747, 700098.0
637, 69.782916, 662.667561, 37.508339, 188.413826, 5154, 765351.0
638, 72.064083, 664.058160, 37.510110, 233.045336, 4775, 706028.0
639, 69.718918, 664.518010, 37.123809, 176.099464, 5067, 751440.0
640, 70.948734, 662.792613, 38.470322, 185.342063, 5096, 756000.0
641, 68.558782, 663.784540, 37.575032, 165.242217, 5202, 773526.0
642, 69.323463, 663.083958, 37.495818, 176.978974, 5089, 755193.0
643, 67.943298, 662.713761, 37.899670, 175.456046, 4931, 731157.0
644, 70.878107, 661.679620, 38.781304, 195.413060, 5000, 742418.0
645, 70.955000, 662.830142, 38.291669, 180.335853, 5039, 748366.0
646, 69.083185, 661.705238, 38.832403, 175.117453, 5127, 762134.0
647, 69.660413, 662.894495, 36.897617, 190.873590, 4892, 723546.0
648, 69.176721, 662.218594, 37.659185, 185.504646, 5195, 770622.0
649, 74.492275, 663.930118, 37.435096, 215.688340, 4944, 728131.0
650, 69.686083, 663.964016, 37.237623, 172.945533, 5135, 763164.0
651, 67.085068, 663.605982, 36.926139, 169.728762, 5059, 755756.0
652, 69.960755, 664.321781, 36.700415, 178.856541, 5111, 760355.0
653, 68.926080, 663.105144, 37.642044, 161.661112, 5211, 774267.0
654, 72.295242, 662.688499, 38.496750, 192.703156, 4910, 725736.0
655, 67.781341, 663.121248, 36.780542, 183.859519, 4979, 751010.0
656, 70.719048, 662.953200, 37.374585, 186.852237, 4847, 720102.0
657, 71.887284, 664.597288, 37.260906, 197.416273, 4992, 741571.0
658, 72.592137, 664.267575, 36.915276, 211.744902, 4943, 732873.0
659, 69.794901, 662.517904, 38.151286, 177.068475, 5092, 760010.0
660, 68.864027, 663.387377, 37.521802, 189.523209, 5129, 763299.0
661, 73.894237, 663.905105, 38.453978, 234.927547, 4931, 729037.0
662, 70.321910, 665.177174, 36.498844, 170.511884, 5153, 767463.0
663, 71.515111, 663.738672, 37.537955, 181.843054, 5091, 758997.0
664, 69.818445, 663.049395, 38.483960, 174.673819, 5122, 763863.0
665, 69.102154, 662.562833, 38.009145, 179.538588, 5148, 766591.0
666, 69.722284, 663.155443, 37.233912, 182.743493, 5062, 750854.0
667, 74.168322, 664.190972, 35.893844, 231.661177, 4920, 724601.0
668, 71.279909, 662.936790, 37.899337, 175.690488, 5062, 750485.0
669, 70.183732, 664.240515, 37.120669, 184.356882, 5221, 774836.0
670, 70.452499, 664.595885, 36.802728, 176.172132, 5164, 767263.0
671, 70.926906, 664.505092, 36.709847, 193.855058, 4986, 738707.0
672, 68.795670, 663.250384, 37.641379, 183.706611, 5006, 752501.0
673, 70.363197, 664.615949, 36.689231, 178.468554, 5094, 755844.0
674, 68.134074, 662.410128, 37.375398, 178.405318, 5018, 745763.0
675, 71.177394, 664.445846, 37.085630, 190.264300, 5072, 752021.0
676, 71.685466, 662.709416, 37.211446, 184.466422, 4710, 696463.0
677, 70.835243, 663.667817, 37.473773, 182.368791, 5068, 752640.0
678, 67.661605, 662.589337, 37.642729, 176.971565, 5012, 745530.0
679, 68.664196, 665.192355, 34.854150, 175.816795, 5178, 768941.0
680, 67.717602, 662.439218, 37.813664, 176.056436, 5009, 746728.0
681, 66.604662, 663.195454, 37.816490, 182.487442, 5066, 752661.0
682, 66.569479, 662.827471, 37.102037, 158.769224, 5061, 754356.0
683, 70.028878, 664.049660, 36.937520, 174.424057, 5216, 778316.0
684, 66.563516, 663.702422, 37.471858, 160.637959, 5018, 744861.0
685, 69.975251, 662.453077, 38.663370, 171.667428, 5134, 787858.0
686, 69.073547, 662.543083, 38.275258, 160.043417, 5163, 771881.0
687, 69.842810, 663.129801, 37.519727, 179.903009, 5175, 768105.0
688, 71.540721, 663.526757, 38.329121, 196.493086, 4895, 724862.0
689, 66.726664, 663.550764, 36.815812, 171.664512, 5053, 752078.0
690, 69.223280, 662.668417, 37.753108, 176.899754, 5081, 757551.0
691, 69.510000, 662.986829, 36.921499, 177.572662, 5165, 766100.0
692, 68.868866, 663.517391, 36.917976, 171.294599, 5218, 775745.0
693, 69.674789, 663.263992, 37.220427, 184.205368, 5126, 761071.0
694, 71.905047, 663.148006, 38.089465, 199.711241, 4999, 739974.0
695, 72.313512, 664.157659, 36.816081, 213.467304, 4773, 704027.0
696, 69.483030, 663.927848, 37.416216, 199.066818, 5007, 742365.0
697, 69.103866, 662.838502, 36.980820, 172.346751, 5115, 760007.0
698, 70.035141, 663.045227, 36.733471, 202.472764, 4895, 724166.0
699, 70.973875, 664.410945, 36.917921, 179.090981, 5052, 748985.0
700, 73.354374, 663.440994, 37.335429, 206.645509, 5019, 743195.0
701, 73.736208, 663.704742, 37.874136, 190.617368, 5041, 744028.0
702, 72.272005, 662.180594, 38.415708, 177.633857, 5025, 744850.0
703, 68.886483, 662.736981, 37.659225, 179.861877, 5055, 750932.0
704, 72.801803, 663.588744, 37.575668, 209.729940, 4880, 720293.0
705, 70.475871, 662.284690, 37.788195, 176.217506, 5151, 764424.0
706, 69.623035, 664.621238, 35.884910, 191.454644, 5097, 754203.0
707, 71.229078, 662.942822, 38.170210, 217.793051, 4698, 693122.0
708, 70.404864, 663.096985, 37.605493, 173.304321, 5077, 752617.0
709, 69.610433, 663.713046, 36.670323, 198.158053, 5057, 749213.0
710, 67.782400, 663.477661, 37.407268, 178.941453, 4949, 733536.0
711, 69.798723, 663.478246, 37.218914, 193.868696, 5090, 753210.0
712, 70.317305, 663.973397, 37.575212, 187.800320, 5067, 751487.0
713, 69.645015, 664.072541, 36.956582, 174.698079, 5218, 776273.0
714, 69.682615, 663.528072, 37.587197, 193.297595, 5000, 810047.0
715, 73.317101, 663.589636, 37.345541, 218.338339, 4972, 787000.0
716, 71.044774, 664.296867, 36.901076, 193.032927, 5035, 746483.0
717, 69.729946, 662.981891, 38.992762, 176.651945, 5056, 750426.0
718, 68.516618, 663.040296, 36.835129, 187.216159, 5037, 749592.0
719, 67.616233, 662.678956, 37.398245, 194.225041, 4893, 725651.0
720, 68.756467, 663.917594, 36.749600, 175.412709, 5050, 754618.0
721, 71.626251, 664.059244, 37.179234, 203.001122, 4873, 719742.0
722, 70.462387, 663.202027, 37.568137, 205.973301, 4975, 737070.0
723, 70.896027, 662.667820, 38.220893, 191.334621, 5105, 757018.0
724, 68.541669, 663.730961, 36.701844, 180.282815, 5178, 795316.0
725, 67.037568, 662.114087, 38.393742, 186.457557, 4942, 733717.0
726, 69.105865, 662.822771, 37.173147, 184.660910, 5179, 770067.0
727, 67.472381, 662.498189, 37.991155, 167.828935, 5096, 756096.0
728, 69.465630, 662.992827, 37.705789, 175.780241, 5185, 772440.0
729, 69.474902, 664.586801, 37.593750, 167.744935, 5084, 754719.0
730, 71.530902, 663.027822, 37.042532, 199.262156, 4858, 750935.0
731, 71.024098, 663.212485, 36.931136, 194.234119, 4810, 713685.0
732, 71.976327, 662.647942, 37.999003, 180.289767, 4956, 735324.0
733, 68.857415, 662.692278, 36.967926, 175.646506, 5162, 765987.0
734, 72.766267, 664.838974, 36.157337, 208.576355, 4716, 693799.0
735, 69.172377, 662.906284, 37.927688, 169.537237, 5243, 779695.0
736, 67.759546, 663.243043, 38.108465, 157.513411, 5239, 778718.0
737, 70.114622, 663.164416, 37.881845, 188.546598, 5062, 749886.0
738, 67.615691, 663.867630, 36.517048, 170.291591, 5115, 758614.0
739, 69.678984, 663.740029, 37.118903, 204.879442, 5022, 744045.0
740, 67.286026, 664.197836, 37.312861, 167.504766, 5121, 760636.0
741, 70.001833, 664.520994, 36.558209, 186.857650, 4963, 739292.0
742, 67.366679, 663.361934, 37.827569, 153.372853, 5141, 768158.0
743, 70.238225, 663.690949, 37.236370, 184.037086, 5111, 756878.0
744, 70.519185, 663.674496, 37.147958, 187.108896, 5137, 761728.0
745, 68.902859, 662.527756, 37.732261, 164.282572, 5270, 813865.0
746, 70.179834, 663.415220, 37.536530, 184.262489, 5143, 764651.0
747, 69.714657, 663.861016, 36.852151, 181.708543, 5061, 756003.0
748, 68.572115, 663.057209, 37.698757, 167.855901, 5089, 756042.0
749, 68.000281, 663.084871, 37.972613, 156.288346, 5072, 753927.0
750, 68.586026, 663.355676, 37.961614, 171.259374, 5188, 773116.0
751, 69.147616, 663.413869, 38.065512, 172.630408, 5195, 771976.0
752, 67.594487, 663.041862, 37.433594, 160.089844, 5031, 760332.0
753, 69.187329, 663.734510, 36.453622, 167.169628, 5106, 758331.0
754, 67.175129, 661.772062, 37.765465, 167.773246, 4982, 740711.0
755, 67.277935, 662.991264, 37.281061, 157.601109, 5075, 754821.0
756, 67.887809, 662.261394, 37.377460, 170.111788, 5138, 762813.0
757, 68.551855, 662.936392, 37.725429, 177.711865, 5087, 755499.0
758, 68.415747, 665.378856, 35.964685, 162.932956, 5124, 761538.0
759, 67.296091, 664.135746, 36.143520, 168.750160, 5042, 748319.0
760, 69.091975, 664.462339, 36.361341, 185.297350, 5165, 790770.0
761, 68.097309, 663.042195, 37.221221, 168.423567, 5152, 768257.0
762, 70.348978, 664.190541, 36.885613, 181.575413, 5219, 775523.0
763, 72.192460, 663.781548, 37.246233, 191.557218, 4930, 731122.0
764, 69.107344, 663.079374, 38.283030, 159.526265, 5233, 778138.0
765, 71.619983, 665.284008, 36.738322, 189.500540, 4980, 734787.0
766, 69.995827, 662.355012, 38.445615, 175.018985, 5115, 759236.0
767, 70.291971, 664.030372, 37.199446, 192.251118, 5110, 755376.0
768, 69.054937, 663.430798, 37.588551, 165.374489, 5103, 758010.0
769, 70.469557, 662.633827, 37.068876, 200.587757, 4941, 731570.0
770, 68.706268, 663.178012, 37.879712, 185.386195, 5021, 744830.0
771, 68.405771, 663.782098, 36.877455, 168.107018, 5078, 754450.0
772, 68.854772, 663.345316, 38.227975, 181.131812, 5075, 753786.0
773, 71.877754, 664.284148, 36.097087, 198.646831, 4896, 723104.0
774, 70.313960, 662.894919, 37.831682, 185.448070, 5105, 757062.0
775, 68.036188, 662.501888, 38.279735, 170.644857, 5143, 764188.0
776, 70.022256, 664.485692, 37.516164, 169.915208, 5146, 772753.0
777, 70.385340, 661.883159, 37.651896, 201.450384, 4953, 733645.0
778, 68.868015, 663.099069, 37.081473, 170.721609, 5105, 758506.0
779, 71.716117, 663.364331, 37.304051, 186.238174, 4948, 731091.0
780, 69.075013, 662.964605, 37.243738, 169.007483, 5235, 777832.0
781, 71.049539, 663.410319, 37.419271, 198.637692, 5126, 760052.0
782, 71.507788, 663.643176, 37.324399, 164.166978, 5047, 746089.0
783, 71.518534, 664.160161, 36.871220, 198.612100, 4973, 732270.0
784, 67.600941, 662.805701, 38.913421, 165.500145, 5157, 764310.0
785, 68.162616, 663.318814, 36.463018, 182.575593, 5044, 748389.0
786, 67.850810, 663.000996, 36.963634, 159.550201, 5174, 769258.0
787, 71.177947, 662.784327, 37.321216, 194.827302, 4783, 707503.0
788, 68.293708, 664.052147, 37.343539, 172.902536, 5076, 754756.0
789, 68.747687, 663.263445, 36.631621, 168.054460, 5128, 762263.0
790, 68.456306, 663.647260, 38.381846, 159.938188, 5185, 773585.0
791, 67.451469, 663.939604, 36.496573, 165.646190, 5040, 747220.0
792, 69.305225, 662.672713, 37.054515, 179.436968, 5167, 768635.0
793, 69.163453, 662.241636, 37.621304, 169.037046, 5041, 749783.0
794, 66.647987, 663.232357, 37.410901, 153.161623, 5014, 744131.0
795, 69.677115, 662.245017, 38.665312, 190.318441, 5100, 758202.0
796, 70.839208, 662.990368, 38.017403, 193.389456, 5077, 752499.0
797, 68.744284, 663.794671, 37.867416, 159.700899, 5201, 773325.0
798, 67.387629, 662.845811, 37.910142, 160.299579, 5144, 764209.0
799, 69.755728, 664.399529, 37.175251, 171.742047, 5194, 771440.0
800, 68.458580, 663.863502, 35.868437, 181.844367, 5180, 768219.0
801, 69.357150, 663.197851, 38.168665, 156.431298, 5224, 777434.0
802, 66.481300, 662.382467, 36.690439, 164.622584, 5068, 751825.0
803, 72.497463, 664.162835, 37.200124, 207.980948, 4918, 726721.0
804, 71.014051, 664.489413, 36.440249, 199.348295, 4981, 736448.0
805, 71.290794, 662.973030, 37.181808, 188.943442, 5182, 767881.0
806, 68.614595, 662.959108, 36.661638, 188.031649, 4955, 735198.0
807, 70.006499, 664.050339, 35.918624, 195.604034, 5044, 746874.0
808, 70.181357, 663.993358, 36.971533, 171.492616, 5142, 762858.0
809, 70.311962, 663.741584, 37.288891, 186.298624, 5071, 751350.0
810, 67.307840, 662.631366, 38.038158, 165.278949, 5011, 744675.0
811, 69.003181, 664.056687, 37.693487, 165.657327, 5069, 753449.0
812, 68.757927, 662.640259, 37.695418, 165.607737, 5245, 779431.0
813, 71.001413, 662.915233, 37.430855, 184.765359, 5000, 739696.0
814, 68.808009, 662.851711, 37.397475, 189.188241, 4924, 730876.0
815, 69.286889, 663.478593, 37.496775, 191.272446, 4990, 739000.0
816, 69.397628, 664.406034, 37.218494, 173.203318, 5045, 746562.0
817, 71.693611, 664.136024, 38.052843, 199.935115, 4812, 719787.0
818, 67.279209, 662.835567, 37.086154, 176.136009, 4961, 737368.0
819, 69.770263, 664.193848, 36.853217, 179.174608, 5004, 749195.0
820, 69.392699, 663.454399, 37.519998, 179.476905, 5148, 789480.0
821, 70.200167, 662.729680, 38.224990, 184.717487, 5115, 760386.0
822, 71.038922, 663.202438, 37.245015, 185.648724, 5128, 761249.0
823, 71.028157, 663.508902, 38.117891, 186.642021, 5096, 776426.0
824, 69.784483, 661.897326, 38.634082, 199.739677, 4929, 731040.0
825, 69.793297, 662.527806, 38.016726, 200.098203, 4939, 731675.0
826, 67.873696, 662.402297, 38.439968, 171.024449, 5103, 757540.0
827, 67.710795, 663.287835, 36.865962, 174.967379, 4965, 735910.0
828, 66.523014, 661.014594, 37.866967, 162.903354, 4989, 741253.0
829, 68.427812, 662.938213, 36.889086, 181.283073, 5102, 761253.0
830, 68.654857, 662.671828, 38.937617, 149.080700, 5137, 767519.0
831, 68.152040, 662.202226, 38.615359, 168.179246, 5199, 776195.0
832, 68.848916, 662.559896, 37.433771, 197.792031, 5169, 772596.0
833, 70.565786, 663.266923, 37.902584, 194.003944, 5106, 760161.0
834, 68.699398, 663.614435, 37.246057, 179.889400, 5092, 758751.0
835, 68.156125, 663.081062, 36.421018, 184.543059, 4956, 733573.0
836, 69.479659, 663.030058, 37.999855, 166.518291, 5261, 782007.0
837, 69.878299, 662.351080, 37.715493, 170.112540, 5066, 751527.0
838, 69.325010, 663.687734, 36.938938, 173.316534, 5184, 769515.0
839, 69.498688, 664.025262, 36.274213, 199.526380, 4991, 743695.0
840, 68.977276, 662.611176, 38.198501, 179.124388, 5141, 765019.0
841, 69.886045, 664.627954, 37.511931, 186.872160, 4999, 742174.0
842, 71.792730, 663.047391, 38.283573, 190.656473, 4996, 740287.0
843, 66.931348, 662.290175, 37.672743, 164.005618, 4945, 734761.0
844, 68.331340, 663.359018, 36.611954, 175.012275, 5041, 747571.0
845, 67.283649, 663.446685, 36.756195, 168.099454, 5023, 744822.0
846, 68.374818, 662.342513, 38.078439, 175.981074, 5119, 761082.0
847, 69.522565, 663.159063, 37.259965, 161.781835, 5217, 775314.0
848, 68.276584, 663.158603, 37.076697, 171.723951, 5108, 758840.0
849, 69.111951, 662.486737, 37.076492, 159.611482, 5202, 772662.0
850, 67.709589, 662.957396, 37.134712, 172.484703, 4950, 738213.0
851, 70.830221, 663.199288, 38.117024, 197.909567, 5094, 764057.0
852, 67.303738, 663.929396, 36.677673, 166.364063, 5088, 767381.0
853, 69.769500, 663.286941, 37.703496, 159.784836, 5182, 780778.0
854, 67.921642, 663.159008, 34.351873, 375.471924, 4561, 673314.0
855, 71.704028, 664.084539, 36.688350, 182.452034, 5065, 761821.0
856, 68.212286, 661.187091, 38.250725, 151.202944, 5182, 776162.0
857, 66.715558, 662.963134, 37.417022, 149.437128, 5059, 756157.0
858, 68.057961, 662.757868, 37.701659, 161.137631, 5196, 785478.0
859, 67.637080, 662.821920, 36.671577, 171.646402, 5082, 753598.0
860, 70.886517, 664.558001, 35.332086, 204.842757, 4861, 716712.0
861, 67.108314, 663.977723, 37.360361, 181.159805, 5004, 741160.0
862, 67.454258, 661.617220, 38.561730, 188.675311, 4993, 739691.0
863, 67.625791, 662.468636, 37.717614, 167.022845, 5114, 758947.0
864, 68.748293, 663.644903, 36.898360, 182.163823, 5088, 762748.0
865, 69.691967, 662.942676, 37.728151, 172.363721, 5237, 787706.0
866, 70.136064, 662.798341, 36.903907, 184.224064, 5063, 751201.0
867, 69.055381, 663.054482, 37.044378, 158.575169, 5225, 776198.0
868, 72.940194, 664.027521, 38.185701, 199.478742, 4964, 733204.0
869, 69.324707, 663.247629, 37.111226, 189.342766, 4966, 736592.0
870, 70.465623, 662.278821, 38.436961, 185.475480, 5095, 760264.0
871, 67.618005, 664.240242, 36.986549, 172.181575, 5060, 752146.0
872, 70.367591, 663.226912, 37.066582, 179.045911, 5129, 761993.0
873, 71.540386, 663.301882, 37.356719, 183.626026, 4929, 731470.0
874, 67.752095, 663.483145, 37.545411, 175.791361, 5084, 756693.0
875, 71.765586, 662.973590, 36.962895, 202.178114, 4869, 724871.0
876, 70.870382, 663.956673, 37.466641, 190.860315, 4972, 741724.0
877, 66.867644, 663.556321, 37.332680, 184.217866, 5126, 769269.0
878, 69.726830, 663.334661, 37.660054, 181.972016, 5019, 750430.0
879, 70.394117, 664.491405, 36.020037, 182.770346, 4981, 738172.0
880, 67.431009, 663.582414, 36.754628, 144.230625, 5120, 776390.0
881, 70.114224, 663.718375, 36.169677, 174.035573, 5030, 753735.0
882, 69.009969, 663.988444, 37.651943, 165.414735, 5182, 771367.0
883, 70.173785, 664.243299, 36.812661, 175.440788, 5191, 771762.0
884, 67.797527, 663.754333, 36.015497, 172.833092, 5018, 744445.0
885, 69.870905, 661.521472, 38.326343, 172.176701, 5052, 748485.0
886, 70.356155, 662.882123, 37.188718, 197.287736, 4803, 709594.0
887, 69.584259, 663.368760, 37.992012, 154.019864, 5118, 760439.0
888, 69.290690, 662.871067, 37.733038, 178.493689, 5075, 753161.0
889, 68.119798, 663.592362, 37.032349, 151.179592, 5240, 778998.0
890, 69.681042, 662.553755, 37.810959, 164.015268, 5205, 772623.0
891, 69.535337, 664.273134, 35.985530, 183.881779, 5118, 758913.0
892, 71.268544, 663.382524, 38.292988, 194.645480, 5122, 760040.0
893, 70.209092, 663.865184, 37.108682, 179.906856, 5058, 749532.0
894, 68.339840, 662.118275, 37.698482, 179.807279, 5149, 769856.0
895, 68.835663, 663.066905, 38.116527, 169.981579, 5141, 777546.0
896, 71.162805, 662.962756, 37.402659, 194.753063, 4949, 734714.0
897, 67.311430, 661.938332, 36.911375, 178.578980, 4909, 727663.0
898, 71.087231, 663.651243, 36.584259, 163.127972, 4985, 738459.0
899, 67.757177, 663.231189, 37.518100, 182.994181, 5112, 762739.0
900, 66.372598, 662.687444, 37.076180, 166.056072, 4849, 719376.0
901, 69.053285, 661.358287, 38.573334, 166.786415, 5033, 748535.0
902, 67.754845, 662.603406, 37.811137, 162.187808, 5039, 748323.0
903, 69.407630, 663.856117, 38.114217, 159.758591, 5199, 773032.0
904, 71.361708, 662.582609, 38.589645, 178.051760, 5018, 747961.0
905, 68.162081, 663.049039, 36.122610, 175.945210, 4832, 718407.0
906, 71.955834, 664.491616, 37.109227, 193.277095, 4931, 731313.0
907, 69.999041, 662.515866, 38.480416, 155.925898, 5006, 745007.0
908, 65.438261, 663.453918, 37.749881, 151.453892, 4959, 737263.0
909, 69.161964, 662.084528, 38.851599, 171.137044, 5262, 785333.0
910, 68.245262, 663.085669, 38.615839, 151.216862, 5115, 762137.0
911, 69.837921, 662.926516, 37.310648, 168.759669, 5130, 761135.0
912, 68.950643, 662.378419, 37.694295, 167.942204, 5151, 765350.0
913, 71.706955, 664.014626, 37.369539, 198.879311, 4907, 725949.0
914, 69.904808, 662.837441, 38.267949, 165.695335, 5161, 767604.0
915, 71.710257, 662.929404, 37.782526, 202.047777, 4967, 735121.0
916, 68.405032, 662.499308, 38.064612, 151.749730, 5203, 773122.0
917, 72.373692, 664.045080, 37.276223, 192.569381, 4964, 734514.0
918, 71.032444, 663.276805, 37.835054, 185.758318, 5119, 758419.0
919, 68.300139, 662.432732, 37.120437, 159.959445, 5130, 761845.0
920, 69.472288, 663.637185, 37.293395, 193.472865, 4875, 723024.0
921, 67.576493, 661.500312, 38.179918, 159.737244, 4979, 740159.0
922, 68.417787, 662.989375, 37.652221, 162.076279, 5054, 751714.0
923, 68.802769, 664.082349, 36.853274, 170.430622, 5040, 747706.0
924, 71.291311, 663.497358, 37.002076, 197.356216, 4874, 724447.0
925, 72.383310, 663.090825, 37.090761, 185.866856, 4945, 733207.0
926, 65.448022, 663.696013, 36.364708, 191.934552, 4710, 698119.0
927, 70.258547, 664.186047, 36.604904, 183.699474, 5172, 766891.0
928, 70.102805, 663.754646, 37.198300, 177.414588, 4976, 737832.0
929, 69.001722, 663.223978, 36.975820, 162.829426, 5211, 779268.0
930, 68.782915, 663.274175, 37.000626, 174.687922, 5115, 760066.0
931, 69.966886, 663.824325, 36.639056, 184.181232, 5085, 753101.0
932, 66.949524, 663.328368, 37.483893, 189.731451, 5078, 753416.0
933, 69.498747, 662.571923, 37.958158, 168.485985, 5014, 743979.0
934, 66.419885, 662.878445, 38.073953, 160.197822, 5001, 743732.0
935, 70.317865, 662.662699, 38.053155, 174.921113, 5044, 748851.0
936, 68.951687, 661.778993, 38.293526, 158.694696, 5227, 777196.0
937, 71.704847, 664.894572, 35.456822, 205.106845, 4861, 716811.0
938, 72.907357, 663.987588, 36.259292, 208.349587, 4867, 716786.0
939, 69.496377, 663.070588, 38.009111, 185.780972, 4994, 741566.0
940, 69.336487, 664.355817, 36.998234, 176.187347, 5026, 755453.0
941, 70.053891, 663.270135, 37.305109, 180.378847, 5175, 767097.0
942, 69.584979, 664.185020, 36.340944, 178.341498, 5123, 758929.0
943, 70.774959, 662.686803, 36.544348, 195.978626, 4913, 727269.0
944, 68.112768, 663.260845, 37.089415, 183.162842, 5092, 758583.0
945, 69.936989, 662.667114, 38.652663, 170.769813, 5191, 771128.0
946, 69.913738, 662.899928, 37.385388, 165.517456, 5162, 765015.0
947, 69.035526, 663.640762, 37.955264, 145.861985, 5240, 780962.0
948, 71.175246, 662.258055, 37.524504, 212.016882, 4792, 709675.0
949, 69.909809, 664.718975, 36.052249, 168.942145, 5209, 773955.0
950, 73.712442, 664.421266, 37.109235, 198.803763, 4945, 730414.0
951, 68.322747, 663.604836, 36.863306, 191.338793, 4947, 733844.0
952, 67.429012, 661.570434, 38.168607, 175.897271, 4946, 735537.0
953, 69.550790, 662.060618, 37.517112, 180.142761, 4947, 733209.0
954, 70.189183, 662.950081, 37.611202, 194.277938, 4955, 732805.0
955, 69.529849, 663.305213, 38.126524, 175.936994, 5111, 758944.0
956, 71.621348, 664.122358, 35.783914, 196.227083, 4897, 720114.0
957, 69.001276, 663.404213, 36.833422, 174.372588, 5228, 774659.0
958, 69.287235, 663.174908, 37.400106, 155.054020, 5203, 773670.0
959, 68.967068, 662.664290, 38.877736, 172.236601, 5137, 762177.0
960, 68.368335, 663.810558, 36.947201, 158.719139, 5094, 756804.0
961, 68.970313, 662.661862, 37.832264, 160.278849, 5177, 770587.0
962, 68.270371, 662.260333, 37.644943, 185.030688, 5041, 748018.0
963, 68.586489, 663.642449, 37.208392, 172.120065, 5048, 747935.0
964, 71.059870, 662.300128, 38.111028, 176.008391, 5218, 774851.0
965, 68.063461, 662.147386, 38.201026, 151.974792, 5187, 771119.0
966, 69.257426, 663.629798, 37.612068, 160.248707, 5233, 778304.0
967, 70.355928, 663.960570, 37.116527, 165.144879, 5213, 774977.0
968, 68.467109, 663.062938, 37.728958, 154.436748, 5238, 779517.0
969, 69.002844, 663.838052, 37.860479, 162.349324, 5194, 773209.0
970, 68.568665, 663.432106, 36.727835, 167.743458, 5033, 755389.0
971, 69.933789, 663.933636, 37.275629, 153.760810, 5178, 772575.0
972, 68.045122, 663.443066, 38.159336, 143.869677, 5143, 766885.0
973, 68.823802, 662.302777, 38.730692, 155.654947, 5209, 775725.0
974, 70.528881, 662.705113, 38.075040, 196.628823, 5133, 762660.0
975, 70.643532, 663.022201, 37.882705, 182.300182, 5103, 758414.0
976, 66.329138, 663.213016, 37.105413, 142.679115, 5038, 748638.0
977, 71.528186, 663.292291, 37.795628, 184.495853, 4943, 731612.0
978, 67.790197, 663.387751, 38.000255, 150.875452, 5271, 781022.0
979, 69.007972, 663.391744, 36.708168, 178.786765, 5138, 762762.0
980, 73.408007, 663.649938, 36.764855, 204.700181, 4946, 728898.0
981, 68.614680, 662.605563, 38.076747, 168.537302, 5092, 756146.0
982, 70.421755, 664.582270, 36.845523, 175.306446, 5086, 753930.0
983, 69.971235, 663.451889, 38.055021, 183.080818, 4883, 724246.0
984, 70.691610, 662.210008, 37.400044, 171.824595, 5149, 763318.0
985, 69.678396, 663.412961, 36.270206, 181.287013, 5158, 764993.0
986, 69.141488, 664.194850, 36.978640, 166.324942, 5146, 764203.0
987, 70.249592, 663.497973, 37.873291, 171.736624, 5008, 742303.0
988, 67.675167, 662.764689, 38.270358, 155.748580, 5134, 762450.0
989, 68.218724, 664.143672, 37.079585, 195.498317, 5013, 743230.0
990, 69.240844, 663.114494, 37.738566, 170.724521, 5099, 757187.0
991, 70.951410, 663.658978, 36.700713, 164.249280, 5160, 765685.0
992, 68.066526, 664.164273, 36.514230, 170.402310, 5129, 760877.0
993, 70.005202, 664.133587, 37.232844, 178.115132, 5161, 766404.0
994, 71.295392, 662.947290, 37.640065, 172.775106, 5099, 757635.0
995, 67.407067, 662.913798, 37.284202, 162.145816, 5051, 748249.0
996, 70.901952, 663.882123, 37.306891, 175.549978, 5168, 766290.0
997, 69.309802, 662.712332, 37.849753, 179.539711, 4930, 731515.0
998, 69.342554, 663.560834, 37.457494, 180.068486, 5043, 748729.0
999, 70.931056, 662.305473, 38.460125, 184.766472, 5049, 749010.0
