#idx, x0, x1, x2, y, f_neval, total_time (us), 
0, 70.925926, 665.547846, 36.804138, 176.914673, 1652, 248154.0
1, 71.811299, 664.865804, 37.004369, 205.814571, 1605, 239081.0
2, 71.448362, 662.546370, 39.029242, 200.651870, 1608, 239303.0
3, 70.210011, 664.247137, 38.063312, 205.251017, 1658, 247390.0
4, 72.642813, 664.669986, 35.849368, 220.080487, 1600, 238171.0
5, 71.600131, 663.383766, 36.715829, 210.893674, 1633, 243302.0
6, 72.401930, 661.785569, 38.725725, 198.443282, 1630, 242989.0
7, 74.607839, 661.641504, 36.783432, 211.859602, 1597, 237876.0
8, 72.397586, 663.979690, 37.414524, 204.911980, 1607, 239497.0
9, 71.811299, 664.865804, 37.004369, 220.813962, 1591, 237117.0
10, 75.829810, 662.643161, 37.005122, 232.889686, 1578, 234954.0
11, 72.481766, 663.467699, 34.869755, 198.506908, 1610, 240152.0
12, 71.331726, 661.798670, 38.048062, 186.676842, 1633, 244743.0
13, 72.739452, 663.510328, 37.727832, 234.793447, 1603, 238691.0
14, 71.557288, 664.005441, 37.499051, 215.162443, 1615, 240754.0
15, 70.609305, 663.052301, 36.469453, 178.167622, 1681, 251517.0
16, 69.607173, 662.629973, 39.005112, 176.735506, 1685, 252616.0
17, 70.925926, 665.547846, 36.804138, 195.503017, 1609, 240152.0
18, 67.451764, 664.871613, 36.706010, 206.314183, 1677, 251253.0
19, 73.447455, 664.548892, 37.170306, 232.479389, 1576, 234797.0
20, 73.122524, 663.820818, 39.187181, 206.352795, 1610, 258771.0
21, 72.851157, 664.647984, 36.012080, 186.670533, 1612, 241210.0
22, 69.789059, 664.709036, 36.116578, 187.305562, 1685, 251919.0
23, 74.129705, 660.691494, 37.609189, 219.357492, 1601, 238846.0
24, 71.448362, 662.546370, 39.029242, 218.745841, 1590, 237023.0
25, 70.560838, 665.161184, 39.636955, 198.200237, 1648, 246236.0
26, 74.404763, 664.743508, 37.787710, 223.548040, 1578, 235232.0
27, 70.925926, 665.547846, 36.804138, 185.899294, 1652, 246920.0
28, 71.362766, 662.010416, 39.838324, 187.990411, 1657, 247779.0
29, 72.851157, 664.647984, 36.012080, 199.386199, 1590, 236920.0
30, 69.072508, 664.859976, 38.874243, 177.596027, 1674, 250665.0
31, 70.629864, 661.834195, 36.899210, 201.354516, 1669, 249519.0
32, 69.072508, 664.859976, 38.874243, 184.594628, 1662, 248425.0
33, 71.120775, 663.543108, 37.912136, 177.607560, 1626, 242810.0
34, 70.674028, 661.044295, 37.192589, 183.147107, 1662, 248423.0
35, 74.709315, 661.969198, 36.928134, 213.614094, 1588, 236951.0
36, 71.436479, 662.041752, 39.541421, 192.677088, 1610, 240362.0
37, 67.910425, 664.028989, 35.922365, 181.003374, 1684, 252927.0
38, 70.482970, 663.767483, 38.299360, 204.268693, 1646, 246312.0
39, 66.754500, 663.780821, 37.835231, 169.240103, 1687, 252927.0
40, 72.533265, 661.923754, 38.433768, 192.302390, 1618, 241922.0
41, 70.925926, 665.547846, 36.804138, 182.004361, 1628, 243355.0
42, 67.080931, 664.236938, 37.709308, 187.121114, 1680, 253627.0
43, 71.643188, 664.590524, 37.340554, 207.617438, 1609, 241145.0
44, 71.736514, 661.695516, 39.960873, 170.237792, 1637, 245840.0
45, 69.291115, 663.864676, 36.719216, 192.259339, 1680, 253041.0
46, 69.243729, 664.192872, 35.937869, 199.149746, 1677, 251810.0
47, 70.925926, 665.547846, 36.804138, 194.042580, 1623, 242146.0
48, 70.649671, 661.685213, 36.675786, 188.796195, 1668, 249177.0
49, 72.626820, 661.359393, 37.510833, 187.811358, 1615, 241481.0
50, 71.924277, 664.875528, 36.716784, 183.995384, 1602, 239179.0
51, 72.101457, 664.873261, 37.174994, 199.657438, 1603, 239451.0
52, 66.542562, 662.405776, 36.287800, 165.688799, 1691, 255187.0
53, 70.069246, 663.749999, 37.393111, 222.783589, 1609, 245175.0
54, 71.331726, 661.798670, 38.048062, 204.064466, 1621, 249243.0
55, 68.852361, 664.850601, 39.113470, 169.946948, 1692, 253413.0
56, 70.925926, 665.547846, 36.804138, 193.101820, 1649, 246357.0
57, 67.440572, 664.667974, 36.804981, 174.913348, 1675, 251247.0
58, 69.607173, 662.629973, 39.005112, 187.906097, 1657, 248289.0
59, 68.534447, 664.049088, 39.199196, 174.785382, 1679, 252659.0
60, 72.475918, 663.590409, 37.288809, 190.676441, 1612, 241009.0
61, 68.483771, 664.057328, 39.234334, 154.289297, 1678, 251869.0
62, 69.109593, 663.861874, 36.373390, 163.732994, 1685, 252259.0
63, 67.376884, 664.695682, 37.225305, 181.396608, 1678, 251943.0
64, 70.925926, 665.547846, 36.804138, 190.127865, 1657, 249435.0
65, 68.402409, 664.303766, 36.321879, 182.206257, 1680, 252258.0
66, 66.789926, 663.885022, 38.580723, 173.884827, 1684, 252189.0
67, 71.927433, 664.522438, 36.228679, 214.517060, 1588, 237865.0
68, 66.338063, 663.688250, 37.645243, 184.306295, 1679, 252138.0
69, 70.570296, 661.824086, 36.941205, 209.152260, 1660, 248193.0
70, 67.409706, 664.610194, 36.076287, 166.429902, 1691, 253459.0
71, 69.496534, 666.431036, 37.074265, 192.697443, 1682, 252927.0
72, 71.335500, 662.062545, 39.864204, 200.966860, 1613, 242102.0
73, 65.621683, 662.429060, 39.474448, 184.357440, 1686, 253980.0
74, 70.629864, 661.834195, 36.899210, 176.567316, 1676, 252048.0
75, 69.004666, 664.848463, 38.922071, 186.939382, 1685, 253666.0
76, 66.622880, 664.209906, 36.423009, 185.636222, 1670, 251173.0
77, 67.456424, 661.155452, 36.658632, 165.069591, 1685, 253641.0
78, 70.629864, 661.834195, 36.899210, 181.949051, 1677, 257827.0
79, 70.414532, 661.307515, 38.062977, 204.782955, 1639, 247091.0
80, 66.974814, 664.574515, 37.377284, 168.960239, 1688, 252902.0
81, 67.333944, 664.467642, 36.171734, 163.154485, 1690, 253264.0
82, 69.629497, 664.405799, 35.494583, 160.917122, 1688, 253184.0
83, 70.925926, 665.547846, 36.804138, 190.587787, 1664, 250029.0
84, 69.237982, 661.263551, 37.728379, 179.302178, 1687, 251082.0
85, 70.925926, 665.547846, 36.804138, 205.091435, 1629, 242989.0
86, 67.127117, 664.651575, 36.372106, 174.726537, 1678, 251063.0
87, 66.885808, 664.211509, 36.403424, 171.335810, 1675, 260921.0
88, 66.835867, 664.510857, 36.927317, 174.620442, 1676, 251810.0
89, 69.826668, 663.416954, 36.772923, 157.911733, 1688, 253600.0
90, 71.622364, 664.860370, 36.450158, 214.920392, 1605, 239391.0
91, 69.664673, 660.843337, 37.613931, 178.077094, 1676, 250852.0
92, 66.575397, 662.158427, 39.497482, 188.283650, 1684, 251938.0
93, 66.564647, 663.872379, 37.323117, 194.619901, 1685, 251996.0
94, 70.207511, 664.333017, 38.019687, 172.464218, 1675, 250305.0
95, 68.150409, 663.271719, 40.142372, 168.578362, 1682, 262539.0
96, 69.906329, 664.270862, 35.152784, 173.713244, 1690, 256089.0
97, 70.629864, 661.834195, 36.899210, 177.265614, 1694, 262732.0
98, 70.570296, 661.824086, 36.941205, 165.403306, 1688, 255069.0
99, 67.564171, 665.002233, 37.120850, 182.138248, 1682, 262640.0
100, 65.757259, 662.289271, 36.467763, 170.957086, 1684, 250494.0
101, 68.872503, 664.396461, 36.785812, 203.203560, 1663, 257649.0
102, 66.575397, 662.158427, 39.497482, 163.219258, 1694, 272657.0
103, 70.060891, 661.197972, 39.648293, 176.839465, 1688, 286160.0
104, 68.953680, 664.763241, 35.617577, 181.311345, 1681, 272829.0
105, 67.409706, 664.610194, 36.076287, 189.128777, 1690, 264011.0
106, 70.925926, 665.547846, 36.804138, 196.072977, 1625, 258690.0
107, 70.673338, 661.674935, 37.725031, 182.054396, 1657, 246736.0
108, 67.409706, 664.610194, 36.076287, 189.355706, 1679, 258149.0
109, 69.789059, 664.709036, 36.116578, 178.979395, 1686, 263509.0
110, 69.789059, 664.709036, 36.116578, 178.188885, 1684, 277140.0
111, 69.072508, 664.859976, 38.874243, 185.137612, 1669, 248485.0
112, 70.717512, 661.696726, 36.627958, 190.171316, 1666, 257761.0
113, 70.570296, 661.824086, 36.941205, 162.656561, 1686, 284074.0
114, 70.925926, 665.547846, 36.804138, 198.738117, 1613, 250148.0
115, 66.575397, 662.158427, 39.497482, 169.574874, 1679, 266550.0
116, 72.530664, 663.476509, 36.695310, 223.998502, 1600, 244519.0
117, 71.009192, 663.697899, 35.243635, 217.830614, 1650, 249466.0
118, 69.833361, 661.930687, 36.550823, 195.483453, 1687, 267776.0
119, 65.920864, 662.253825, 36.652265, 151.803715, 1689, 262840.0
120, 66.919617, 664.212658, 39.580653, 159.410615, 1687, 252835.0
121, 67.715449, 663.484484, 34.796868, 179.125049, 1674, 250533.0
122, 72.501911, 661.617888, 38.178806, 205.748333, 1611, 240360.0
123, 69.072508, 664.859976, 38.874243, 178.973843, 1676, 251014.0
124, 70.919172, 661.634738, 36.500591, 163.765699, 1662, 248901.0
125, 69.664673, 660.843337, 37.613931, 186.229636, 1675, 250859.0
126, 68.111314, 663.956509, 40.399098, 182.216849, 1680, 251770.0
127, 67.293432, 661.949801, 37.654226, 172.201760, 1682, 254216.0
128, 70.722795, 662.940037, 36.828115, 192.268743, 1651, 247022.0
129, 70.919172, 661.634738, 36.500591, 185.094969, 1667, 248282.0
130, 70.385300, 663.575648, 37.320635, 176.443476, 1681, 250551.0
131, 70.962086, 662.769846, 37.108934, 200.366823, 1625, 241554.0
132, 71.414600, 663.661421, 37.414277, 193.465843, 1623, 241520.0
133, 67.254047, 664.530884, 36.656838, 160.279820, 1688, 252441.0
134, 67.922532, 664.828640, 36.762332, 200.002154, 1689, 252500.0
135, 70.925926, 665.547846, 36.804138, 216.246955, 1610, 239958.0
136, 71.072992, 663.891813, 37.214420, 202.930395, 1640, 244723.0
137, 69.245924, 664.117466, 35.976173, 179.817889, 1677, 250805.0
138, 69.646607, 661.520039, 36.461354, 167.318654, 1682, 251722.0
139, 70.447461, 663.119185, 38.349286, 199.776543, 1626, 242462.0
140, 69.571383, 664.219656, 37.689878, 185.570756, 1688, 252420.0
141, 70.477774, 663.970508, 37.914805, 184.442635, 1659, 247984.0
142, 70.110001, 664.367020, 38.535914, 184.015223, 1642, 245438.0
143, 70.649671, 661.685213, 36.675786, 179.124579, 1662, 248380.0
144, 73.675905, 664.338298, 38.544842, 204.522222, 1590, 242459.0
145, 69.278837, 664.170010, 37.896122, 188.796167, 1690, 257760.0
146, 69.789059, 664.709036, 36.116578, 171.418224, 1681, 254543.0
147, 73.588501, 663.432596, 35.301320, 218.509053, 1589, 236869.0
148, 67.762375, 664.655966, 37.058893, 181.379659, 1684, 253041.0
149, 73.225209, 663.567996, 38.868941, 207.494466, 1612, 241168.0
150, 67.477268, 662.035098, 37.722047, 192.160692, 1677, 251292.0
151, 70.870942, 664.245663, 37.386713, 212.548202, 1641, 245166.0
152, 73.565541, 663.907383, 37.079350, 204.491390, 1602, 242791.0
153, 70.288893, 665.036646, 35.854049, 189.565772, 1657, 250726.0
154, 69.004666, 664.848463, 38.922071, 163.933466, 1687, 252804.0
155, 70.571349, 664.356310, 35.807048, 176.718440, 1677, 251269.0
156, 67.956411, 661.924999, 37.901328, 181.225556, 1672, 250351.0
157, 69.664673, 660.843337, 37.613931, 188.966050, 1680, 251490.0
158, 72.533265, 661.923754, 38.433768, 211.141621, 1617, 268207.0
159, 70.717512, 661.696726, 36.627958, 172.136484, 1681, 251811.0
160, 73.248268, 661.275649, 37.581189, 195.833612, 1602, 241397.0
161, 72.189652, 664.782900, 36.978349, 214.797294, 1590, 237533.0
162, 72.655073, 661.495523, 36.983172, 188.332203, 1616, 241455.0
163, 71.775445, 661.757732, 37.032935, 201.801041, 1620, 242190.0
164, 69.004666, 664.848463, 38.922071, 183.586503, 1679, 251417.0
165, 72.057573, 662.478933, 37.403637, 178.476376, 1631, 243817.0
166, 68.852361, 664.850601, 39.113470, 173.006079, 1681, 251989.0
167, 72.058707, 662.533496, 36.544819, 199.178969, 1598, 238612.0
168, 69.698567, 663.021291, 37.177109, 182.521888, 1657, 248115.0
169, 67.185645, 664.777679, 36.364913, 185.664584, 1673, 250617.0
170, 70.925926, 665.547846, 36.804138, 190.587220, 1656, 247905.0
171, 68.709289, 660.454136, 37.973696, 168.239335, 1686, 252906.0
172, 70.629864, 661.834195, 36.899210, 194.121740, 1656, 248173.0
173, 72.527418, 661.696308, 37.958861, 176.649939, 1626, 243326.0
174, 67.451764, 664.871613, 36.706010, 184.503921, 1675, 251423.0
175, 69.445546, 662.372508, 38.671641, 193.643178, 1656, 248730.0
176, 71.373857, 662.272246, 39.079860, 197.122137, 1663, 249310.0
177, 73.870338, 664.592350, 38.172075, 198.124736, 1592, 238544.0
178, 67.131908, 664.632790, 36.435924, 176.565684, 1673, 250485.0
179, 69.789059, 664.709036, 36.116578, 185.687149, 1693, 253604.0
180, 67.922532, 664.828640, 36.762332, 199.562351, 1691, 253287.0
181, 67.229255, 663.554192, 36.130855, 154.447597, 1693, 254045.0
182, 69.894097, 661.266379, 37.462197, 185.605285, 1689, 253371.0
183, 67.131908, 664.632790, 36.435924, 169.962748, 1687, 253383.0
184, 71.483744, 664.067270, 38.495104, 211.170648, 1593, 237861.0
185, 71.049484, 661.642158, 36.520293, 167.087770, 1670, 250303.0
186, 67.428606, 662.154611, 36.060905, 180.921968, 1669, 262794.0
187, 70.649671, 661.685213, 36.675786, 185.151045, 1666, 249243.0
188, 70.210011, 664.247137, 38.063312, 193.533726, 1658, 248104.0
189, 67.511608, 664.638264, 35.653302, 193.119048, 1670, 249910.0
190, 70.549392, 661.349792, 36.757627, 174.753060, 1672, 250271.0
191, 69.070313, 664.935382, 38.835939, 175.727945, 1674, 250963.0
192, 73.248268, 661.275649, 37.581189, 194.813004, 1597, 238348.0
193, 70.662692, 663.783255, 37.724005, 200.051840, 1632, 243796.0
194, 70.856633, 662.862588, 37.131377, 183.501170, 1628, 243393.0
195, 73.248268, 661.275649, 37.581189, 196.166243, 1617, 241668.0
196, 72.584722, 662.894039, 39.376177, 184.575908, 1607, 240297.0
197, 70.571349, 664.356310, 35.807048, 167.624993, 1684, 252087.0
198, 70.533965, 661.569366, 36.772161, 157.315192, 1688, 253023.0
199, 69.781976, 664.297171, 36.939578, 188.018701, 1648, 246436.0
200, 72.453873, 662.500120, 37.142909, 179.566525, 1627, 243277.0
201, 70.867334, 664.070523, 37.123209, 183.322126, 1648, 246376.0
202, 69.004666, 664.848463, 38.922071, 177.095159, 1692, 253645.0
203, 71.465970, 664.089055, 38.074291, 180.596512, 1634, 244620.0
204, 70.533725, 661.049028, 39.917523, 198.625248, 1665, 253535.0
205, 70.609305, 663.052301, 36.469453, 185.278153, 1671, 250626.0
206, 71.322689, 661.990029, 36.306381, 199.784669, 1598, 238492.0
207, 70.812343, 665.304912, 34.636232, 193.894901, 1648, 246792.0
208, 70.532947, 664.109095, 38.591435, 196.718768, 1651, 246660.0
209, 72.383916, 664.999780, 36.954423, 205.734181, 1606, 242493.0
210, 73.331121, 664.440097, 37.353920, 237.342373, 1576, 235381.0
211, 71.762034, 664.785996, 36.933821, 190.471831, 1610, 244208.0
212, 71.854661, 665.070061, 36.521349, 219.285188, 1595, 238087.0
213, 71.678026, 664.653126, 37.233038, 242.963757, 1583, 236299.0
214, 73.523079, 664.307038, 38.635605, 215.347558, 1597, 238392.0
215, 73.141359, 664.971705, 36.033664, 200.285284, 1587, 236668.0
216, 69.603697, 663.339496, 36.343862, 186.125212, 1685, 292275.0
217, 70.919172, 661.634738, 36.500591, 178.481760, 1665, 249391.0
218, 69.241541, 664.055462, 35.729415, 190.080321, 1661, 250391.0
219, 74.914482, 662.210893, 36.604673, 252.246053, 1572, 241970.0
220, 71.822616, 664.376566, 38.130865, 197.092593, 1612, 255839.0
221, 72.716263, 662.440023, 37.452316, 212.726604, 1612, 241058.0
222, 71.005905, 663.135910, 39.185848, 200.044035, 1636, 246011.0
223, 72.138128, 664.237775, 34.990392, 192.823754, 1613, 242638.0
224, 70.649671, 661.685213, 36.675786, 181.653156, 1663, 250383.0
225, 70.914550, 664.139922, 37.675232, 178.903907, 1652, 248251.0
226, 70.570296, 661.824086, 36.941205, 161.967953, 1662, 248121.0
227, 70.603966, 662.993612, 36.182364, 203.386735, 1676, 250231.0
228, 70.925926, 665.547846, 36.804138, 188.774753, 1635, 244343.0
229, 71.793483, 664.617890, 36.368362, 195.440764, 1605, 239351.0
230, 70.071129, 664.280787, 37.964819, 200.235641, 1656, 247706.0
231, 77.589689, 664.848171, 36.430797, 239.335577, 1573, 234531.0
232, 71.718775, 662.407432, 40.110966, 182.247890, 1632, 243954.0
233, 71.335500, 662.062545, 39.864204, 166.145674, 1660, 248509.0
234, 70.570296, 661.824086, 36.941205, 188.646986, 1672, 250317.0
235, 72.533265, 661.923754, 38.433768, 185.272516, 1616, 241612.0
236, 69.802799, 664.727839, 36.368506, 179.455419, 1678, 251121.0
237, 69.004666, 664.848463, 38.922071, 188.742464, 1688, 252558.0
238, 70.717512, 661.696726, 36.627958, 184.605584, 1660, 248692.0
239, 71.880903, 665.014537, 36.815497, 177.672406, 1604, 239331.0
240, 67.986511, 662.569082, 38.363167, 189.985884, 1685, 252075.0
241, 70.629864, 661.834195, 36.899210, 180.427560, 1680, 251347.0
242, 67.245799, 661.764620, 39.272704, 165.831281, 1689, 253072.0
243, 72.327624, 665.108193, 37.087805, 200.725660, 1618, 241314.0
244, 70.094057, 663.299377, 36.717727, 178.828318, 1684, 252106.0
245, 66.436479, 663.703449, 37.536716, 171.386341, 1676, 250765.0
246, 67.168181, 664.371709, 36.343295, 171.100957, 1677, 251082.0
247, 70.207511, 664.333017, 38.019687, 177.323522, 1690, 253025.0
248, 70.836811, 662.646798, 36.982807, 225.611764, 1641, 245422.0
249, 70.359817, 663.643100, 37.017503, 177.868138, 1677, 251173.0
250, 70.950769, 661.937492, 35.793113, 173.532260, 1650, 247537.0
251, 68.372897, 662.672032, 38.809936, 225.127912, 1654, 248180.0
252, 71.919620, 664.850795, 37.555003, 209.631458, 1594, 239037.0
253, 68.836206, 664.547331, 36.788339, 187.229424, 1691, 264840.0
254, 69.072508, 664.859976, 38.874243, 184.693086, 1681, 250780.0
255, 70.717512, 661.696726, 36.627958, 198.190962, 1647, 244876.0
256, 72.012614, 664.670247, 35.979995, 216.912540, 1581, 234622.0
257, 74.034580, 661.442462, 37.845965, 193.916184, 1599, 237606.0
258, 70.570296, 661.824086, 36.941205, 173.378339, 1689, 251545.0
259, 68.650721, 661.652717, 37.172909, 183.787142, 1673, 250263.0
260, 69.072508, 664.859976, 38.874243, 186.426837, 1694, 253570.0
261, 72.355150, 665.142457, 37.050483, 233.832901, 1579, 235479.0
262, 72.501911, 661.617888, 38.178806, 168.528144, 1629, 244428.0
263, 69.241541, 664.055462, 35.729415, 182.305073, 1678, 251877.0
264, 69.721348, 663.171305, 36.956886, 162.203566, 1676, 251772.0
265, 66.295089, 662.399304, 36.354254, 186.016001, 1696, 254595.0
266, 69.072508, 664.859976, 38.874243, 194.656128, 1654, 246817.0
267, 70.649671, 661.685213, 36.675786, 204.499195, 1655, 247372.0
268, 73.910231, 663.253710, 34.732551, 256.244336, 1599, 238455.0
269, 67.119349, 664.564991, 37.131795, 173.574912, 1689, 253599.0
270, 71.221298, 664.076125, 37.471416, 210.731131, 1617, 241997.0
271, 73.930983, 664.814138, 38.345694, 218.212652, 1581, 235394.0
272, 69.607173, 662.629973, 39.005112, 180.167645, 1668, 250567.0
273, 69.072508, 664.859976, 38.874243, 190.088988, 1668, 250155.0
274, 69.810691, 661.357304, 37.814917, 176.586333, 1685, 252438.0
275, 70.925926, 665.547846, 36.804138, 198.398459, 1662, 247706.0
276, 70.629864, 661.834195, 36.899210, 190.489627, 1672, 249766.0
277, 70.925926, 665.547846, 36.804138, 185.884695, 1670, 250425.0
278, 71.036939, 664.274856, 37.076170, 190.783975, 1639, 246163.0
279, 68.709289, 660.454136, 37.973696, 166.173370, 1679, 251460.0
280, 73.831619, 664.209736, 37.953309, 229.441442, 1604, 240395.0
281, 73.248268, 661.275649, 37.581189, 189.337785, 1597, 239224.0
282, 70.919172, 661.634738, 36.500591, 167.758354, 1662, 249908.0
283, 73.996124, 665.647073, 35.184492, 217.930848, 1563, 233764.0
284, 73.093600, 662.224838, 37.804937, 202.632208, 1615, 241720.0
285, 71.362766, 662.010416, 39.838324, 195.291353, 1627, 243082.0
286, 69.004666, 664.848463, 38.922071, 192.740677, 1683, 253982.0
287, 70.570296, 661.824086, 36.941205, 184.717603, 1672, 249979.0
288, 70.210011, 664.247137, 38.063312, 189.693289, 1657, 247509.0
289, 70.080905, 661.047843, 37.574854, 165.440497, 1683, 252864.0
290, 70.925926, 665.547846, 36.804138, 192.773748, 1646, 245831.0
291, 70.968959, 663.982130, 37.546372, 176.058077, 1658, 248564.0
292, 70.925926, 665.547846, 36.804138, 189.282869, 1622, 242022.0
293, 70.094057, 663.299377, 36.717727, 181.761886, 1689, 253102.0
294, 71.039858, 664.175682, 37.450897, 189.376171, 1666, 250053.0
295, 69.068427, 661.664002, 38.138053, 172.951434, 1692, 254408.0
296, 68.852361, 664.850601, 39.113470, 170.053138, 1691, 252807.0
297, 69.991430, 664.860883, 35.650729, 221.880316, 1648, 246890.0
298, 70.570296, 661.824086, 36.941205, 196.786690, 1682, 251683.0
299, 72.530664, 663.476509, 36.695310, 207.634440, 1604, 239177.0
300, 70.382604, 664.139942, 37.486532, 166.087797, 1672, 250064.0
301, 69.945092, 663.879975, 37.630012, 164.291790, 1669, 249770.0
302, 67.730475, 664.432309, 36.910464, 169.400520, 1691, 253009.0
303, 69.004666, 664.848463, 38.922071, 192.688176, 1678, 259523.0
304, 68.908495, 664.408322, 36.689626, 212.449235, 1638, 247031.0
305, 69.072508, 664.859976, 38.874243, 160.911525, 1688, 257024.0
306, 70.571349, 664.356310, 35.807048, 179.630941, 1680, 251925.0
307, 70.925926, 665.547846, 36.804138, 197.707672, 1612, 252772.0
308, 70.207511, 664.333017, 38.019687, 181.669868, 1687, 252259.0
309, 70.207511, 664.333017, 38.019687, 172.270394, 1679, 251710.0
310, 70.902106, 663.148020, 38.419939, 176.687464, 1659, 248934.0
311, 70.460079, 662.052416, 40.261252, 204.365922, 1631, 244743.0
312, 70.516619, 663.999692, 37.371200, 206.540143, 1650, 247729.0
313, 69.051815, 662.259830, 36.613122, 196.422285, 1674, 251886.0
314, 70.925926, 665.547846, 36.804138, 198.389829, 1621, 242218.0
315, 71.373477, 662.478388, 40.708861, 183.747640, 1635, 244221.0
316, 74.404763, 664.743508, 37.787710, 221.192921, 1586, 237618.0
317, 71.811299, 664.865804, 37.004369, 220.414956, 1611, 242044.0
318, 70.925926, 665.547846, 36.804138, 220.075814, 1638, 246035.0
319, 68.872503, 664.396461, 36.785812, 199.914145, 1668, 254564.0
320, 73.473548, 664.961732, 36.961553, 224.200050, 1587, 243106.0
321, 72.403756, 664.034764, 37.189735, 177.892478, 1605, 239337.0
322, 71.335500, 662.062545, 39.864204, 175.966691, 1656, 247291.0
323, 74.940316, 662.687303, 37.231444, 251.937770, 1569, 233478.0
324, 71.678026, 664.653126, 37.233038, 218.868937, 1593, 237074.0
325, 69.072508, 664.859976, 38.874243, 206.812963, 1661, 247774.0
326, 73.524693, 664.593457, 36.788140, 227.576590, 1585, 236287.0
327, 73.238799, 664.098315, 37.292562, 231.371172, 1593, 237877.0
328, 69.004666, 664.848463, 38.922071, 181.701131, 1684, 252380.0
329, 69.241541, 664.055462, 35.729415, 205.458745, 1683, 251169.0
330, 70.925926, 665.547846, 36.804138, 208.593508, 1614, 240810.0
331, 70.925926, 665.547846, 36.804138, 195.426125, 1653, 246757.0
332, 68.650721, 661.652717, 37.172909, 171.201324, 1698, 254151.0
333, 69.072508, 664.859976, 38.874243, 188.261084, 1683, 252102.0
334, 67.158027, 661.629760, 39.163928, 181.862416, 1691, 253506.0
335, 68.852361, 664.850601, 39.113470, 177.997428, 1690, 252942.0
336, 68.150409, 663.271719, 40.142372, 182.928208, 1677, 250819.0
337, 69.802799, 664.727839, 36.368506, 174.747253, 1683, 251983.0
338, 71.990090, 663.039066, 38.296099, 184.778561, 1631, 243796.0
339, 71.655959, 663.291832, 39.963435, 182.704631, 1614, 240888.0
340, 73.519665, 664.996558, 36.756450, 222.558575, 1586, 235906.0
341, 67.993078, 662.013178, 38.022241, 174.996144, 1687, 252294.0
342, 67.910425, 664.028989, 35.922365, 182.725269, 1654, 248736.0
343, 71.529044, 664.229846, 36.550870, 201.270125, 1608, 240210.0
344, 70.982849, 663.453231, 35.932597, 196.070053, 1648, 246565.0
345, 70.968060, 663.732411, 36.269263, 195.693420, 1621, 241735.0
346, 69.072508, 664.859976, 38.874243, 182.305576, 1695, 253324.0
347, 72.385606, 662.407039, 37.962460, 177.339432, 1626, 242554.0
348, 72.530664, 663.476509, 36.695310, 204.006984, 1609, 239820.0
349, 67.451764, 664.871613, 36.706010, 162.940761, 1687, 252592.0
350, 72.864237, 663.012345, 38.957177, 206.226612, 1602, 239346.0
351, 71.155322, 660.744851, 40.190341, 179.871854, 1662, 249260.0
352, 70.570296, 661.824086, 36.941205, 175.636177, 1687, 259841.0
353, 70.629864, 661.834195, 36.899210, 196.463243, 1658, 272285.0
354, 68.534447, 664.049088, 39.199196, 184.414775, 1686, 253312.0
355, 69.004666, 664.848463, 38.922071, 173.934809, 1678, 251237.0
356, 69.639274, 664.676231, 39.095847, 174.696503, 1662, 248996.0
357, 70.570296, 661.824086, 36.941205, 168.788449, 1672, 250329.0
358, 66.404149, 664.114363, 36.987019, 172.950994, 1684, 251666.0
359, 70.962086, 662.769846, 37.108934, 182.785823, 1658, 248062.0
360, 70.621706, 661.685519, 36.633326, 198.572645, 1640, 247645.0
361, 70.717512, 661.696726, 36.627958, 204.178998, 1662, 248453.0
362, 71.695867, 664.744175, 38.057308, 201.881493, 1600, 238780.0
363, 72.036986, 663.534381, 37.177393, 220.354116, 1605, 239347.0
364, 70.609305, 663.052301, 36.469453, 185.626472, 1688, 252795.0
365, 66.904064, 663.267197, 37.465364, 176.912620, 1683, 251985.0
366, 67.762375, 664.655966, 37.058893, 165.073941, 1682, 251828.0
367, 70.207511, 664.333017, 38.019687, 201.949523, 1650, 246540.0
368, 72.501911, 661.617888, 38.178806, 183.496525, 1626, 243326.0
369, 70.717512, 661.696726, 36.627958, 201.615771, 1684, 251931.0
370, 73.360832, 664.787436, 35.826994, 202.150676, 1596, 238497.0
371, 70.925926, 665.547846, 36.804138, 195.951474, 1625, 242422.0
372, 68.872503, 664.396461, 36.785812, 185.773627, 1655, 247588.0
373, 68.322493, 663.093424, 37.979942, 174.314220, 1692, 253295.0
374, 74.234861, 665.460272, 36.581422, 206.575675, 1595, 238433.0
375, 74.376617, 664.782155, 35.935672, 221.867370, 1595, 244792.0
376, 67.564171, 665.002233, 37.120850, 188.831435, 1672, 257472.0
377, 69.188084, 664.907575, 38.876786, 181.842000, 1678, 263583.0
378, 71.811299, 664.865804, 37.004369, 212.800061, 1596, 242623.0
379, 72.768514, 663.089866, 37.456256, 200.356911, 1621, 242016.0
380, 71.192280, 662.193627, 39.829680, 185.945572, 1659, 273657.0
381, 70.570296, 661.824086, 36.941205, 214.521807, 1653, 259983.0
382, 70.962086, 662.769846, 37.108934, 178.876853, 1661, 255020.0
383, 69.785135, 663.591344, 36.340262, 188.206916, 1646, 245190.0
384, 72.420605, 662.404548, 36.985571, 186.564164, 1618, 240782.0
385, 70.925926, 665.547846, 36.804138, 192.740700, 1636, 245184.0
386, 72.286351, 664.919620, 37.084655, 214.042172, 1577, 248381.0
387, 73.074297, 662.806030, 36.319863, 208.334120, 1601, 239089.0
388, 70.717512, 661.696726, 36.627958, 198.842204, 1648, 246715.0
389, 73.700421, 664.159347, 35.173913, 226.566898, 1604, 239209.0
390, 74.070647, 665.206578, 36.529309, 212.153591, 1571, 234220.0
391, 73.414138, 662.901292, 37.990630, 248.128349, 1598, 238330.0
392, 71.000101, 661.628173, 36.843862, 190.252590, 1624, 242108.0
393, 72.525331, 664.682888, 36.847700, 222.653601, 1587, 236264.0
394, 71.431691, 661.575301, 37.018081, 203.032171, 1624, 241827.0
395, 70.134130, 661.322494, 40.151493, 205.630282, 1647, 245550.0
396, 74.610227, 663.583969, 37.057699, 207.211041, 1580, 236782.0
397, 71.558285, 661.295921, 37.316609, 219.355778, 1631, 244165.0
398, 71.678026, 664.653126, 37.233038, 207.116274, 1620, 242309.0
399, 73.748898, 664.243170, 38.544017, 217.283739, 1597, 240661.0
400, 74.019491, 661.378600, 37.732513, 204.451049, 1601, 239410.0
401, 70.207511, 664.333017, 38.019687, 189.558556, 1674, 253523.0
402, 71.204230, 664.149476, 37.267314, 194.992239, 1641, 245562.0
403, 73.274332, 664.964297, 37.225534, 214.147492, 1586, 236978.0
404, 70.925926, 665.547846, 36.804138, 196.631108, 1664, 248919.0
405, 74.340161, 662.543967, 37.596586, 208.609465, 1604, 239702.0
406, 71.120775, 663.543108, 37.912136, 189.232068, 1658, 248316.0
407, 74.563488, 664.941806, 36.407019, 213.892350, 1579, 235542.0
408, 71.335500, 662.062545, 39.864204, 184.090794, 1664, 249346.0
409, 70.925926, 665.547846, 36.804138, 202.038210, 1619, 243174.0
410, 70.629864, 661.834195, 36.899210, 219.482008, 1669, 249658.0
411, 73.748898, 664.243170, 38.544017, 206.613367, 1601, 240921.0
412, 74.952507, 662.355843, 39.228728, 228.505136, 1596, 239478.0
413, 74.281035, 661.237506, 37.665681, 201.431585, 1592, 239276.0
414, 70.963116, 662.884870, 39.077495, 220.546140, 1614, 242000.0
415, 74.694454, 664.825706, 36.373394, 222.866700, 1594, 237870.0
416, 70.717512, 661.696726, 36.627958, 193.105883, 1660, 251551.0
417, 72.309324, 662.286408, 37.194415, 206.305753, 1621, 241528.0
418, 71.978591, 663.480758, 34.818208, 205.623740, 1618, 241616.0
419, 72.897231, 662.506742, 39.127863, 188.491480, 1616, 242112.0
420, 69.072508, 664.859976, 38.874243, 197.671220, 1670, 280948.0
421, 71.415764, 662.636897, 40.772730, 192.775912, 1628, 244526.0
422, 66.964664, 662.679367, 38.884696, 188.416482, 1690, 254040.0
423, 72.768514, 663.089866, 37.456256, 213.223925, 1616, 242477.0
424, 73.248268, 661.275649, 37.581189, 202.435021, 1611, 240424.0
425, 71.483744, 664.067270, 38.495104, 215.639582, 1598, 238562.0
426, 72.395355, 662.186324, 37.422300, 192.214688, 1633, 243960.0
427, 71.429996, 663.552531, 38.734157, 199.486353, 1640, 245580.0
428, 73.248268, 661.275649, 37.581189, 207.559733, 1607, 254579.0
429, 73.536060, 664.626670, 36.175435, 234.476119, 1587, 236970.0
430, 70.210011, 664.247137, 38.063312, 186.244061, 1671, 250130.0
431, 71.686844, 663.504461, 34.645175, 197.947490, 1636, 244767.0
432, 71.647045, 664.752418, 37.303547, 181.789149, 1628, 243382.0
433, 69.894097, 661.266379, 37.462197, 185.818536, 1688, 252898.0
434, 70.940195, 661.709124, 36.760234, 183.389921, 1638, 245224.0
435, 69.639318, 663.333436, 37.005440, 186.982927, 1661, 248628.0
436, 70.902106, 663.148020, 38.419939, 190.029700, 1632, 244400.0
437, 70.925926, 665.547846, 36.804138, 178.166933, 1671, 250528.0
438, 70.423170, 664.851438, 37.102262, 174.132944, 1673, 268474.0
439, 68.483771, 664.057328, 39.234334, 172.873143, 1682, 257332.0
440, 72.533265, 661.923754, 38.433768, 209.702085, 1598, 243526.0
441, 71.177952, 665.931324, 34.825280, 194.996383, 1631, 248741.0
442, 71.005905, 663.135910, 39.185848, 183.696249, 1660, 249478.0
443, 70.870942, 664.245663, 37.386713, 197.383805, 1625, 244380.0
444, 69.892042, 663.481293, 38.960881, 185.059520, 1655, 249329.0
445, 67.080931, 664.236938, 37.709308, 172.761297, 1685, 259409.0
446, 72.193846, 663.086799, 37.061057, 210.170409, 1591, 239228.0
447, 72.073900, 664.726790, 37.137147, 206.223381, 1600, 269969.0
448, 71.942598, 662.826096, 36.944471, 198.286075, 1622, 243801.0
449, 70.925926, 665.547846, 36.804138, 198.501047, 1621, 250576.0
450, 71.577718, 662.367388, 36.873404, 208.155086, 1620, 242385.0
451, 72.501911, 661.617888, 38.178806, 195.915055, 1641, 245798.0
452, 70.432012, 661.082744, 37.275235, 174.667543, 1677, 257106.0
453, 66.969929, 664.523840, 37.094125, 181.177512, 1692, 260820.0
454, 68.709289, 660.454136, 37.973696, 180.774378, 1695, 254663.0
455, 71.503259, 663.516918, 39.145695, 180.636696, 1626, 244296.0
456, 72.434109, 663.805325, 34.883696, 205.148826, 1623, 242400.0
457, 73.744207, 664.591613, 38.758387, 202.278804, 1597, 239868.0
458, 67.333944, 664.467642, 36.171734, 189.846266, 1680, 252112.0
459, 71.237229, 664.149416, 37.295966, 186.448146, 1646, 253389.0
460, 74.241179, 665.473266, 36.433303, 212.703980, 1597, 239382.0
461, 71.910257, 664.301811, 38.530587, 191.441551, 1608, 239528.0
462, 70.919172, 661.634738, 36.500591, 178.398384, 1688, 252932.0
463, 72.175992, 664.779597, 37.061554, 200.306203, 1593, 237646.0
464, 71.863219, 665.043939, 37.147201, 203.347274, 1581, 235535.0
465, 70.523761, 663.996551, 37.424115, 202.737179, 1648, 246604.0
466, 70.183068, 664.046636, 38.829217, 190.054086, 1634, 244408.0
467, 67.564171, 665.002233, 37.120850, 185.653544, 1691, 253034.0
468, 69.802799, 664.727839, 36.368506, 171.468544, 1681, 251942.0
469, 69.239041, 664.141341, 35.685791, 204.097538, 1676, 250442.0
470, 71.332536, 666.269080, 35.178826, 188.662922, 1615, 241285.0
471, 71.108420, 661.661813, 39.936818, 178.371782, 1622, 242258.0
472, 70.649671, 661.685213, 36.675786, 182.940517, 1656, 247716.0
473, 72.015523, 664.802315, 37.384242, 198.690776, 1608, 240142.0
474, 68.923770, 663.728867, 36.671955, 174.872168, 1669, 249291.0
475, 69.932508, 660.935834, 37.310022, 191.026450, 1671, 250319.0
476, 71.111304, 661.025285, 36.616090, 198.908258, 1662, 248646.0
477, 70.570296, 661.824086, 36.941205, 197.683364, 1674, 250561.0
478, 70.919172, 661.634738, 36.500591, 191.833578, 1667, 251626.0
479, 71.612207, 664.689816, 37.411063, 194.059844, 1610, 240154.0
480, 69.245924, 664.117466, 35.976173, 190.861289, 1645, 245977.0
481, 70.649671, 661.685213, 36.675786, 204.380159, 1646, 246134.0
482, 68.908495, 664.408322, 36.689626, 187.717241, 1670, 249687.0
483, 68.836206, 664.547331, 36.788339, 193.170768, 1673, 250536.0
484, 67.080931, 664.236938, 37.709308, 155.158956, 1687, 252881.0
485, 70.669871, 663.465216, 38.003086, 213.329751, 1652, 247013.0
486, 69.004666, 664.848463, 38.922071, 165.519773, 1690, 253093.0
487, 68.836206, 664.547331, 36.788339, 184.691943, 1680, 251247.0
488, 71.204857, 662.452518, 36.747055, 190.551362, 1619, 241663.0
489, 71.355709, 662.574234, 37.325790, 175.779279, 1662, 249655.0
490, 71.056473, 662.694694, 37.098262, 194.387239, 1634, 244338.0
491, 74.166779, 664.821455, 38.130243, 240.101835, 1597, 238301.0
492, 72.093808, 663.876883, 35.301869, 208.507896, 1609, 239970.0
493, 67.149166, 664.433553, 37.628756, 193.588758, 1681, 251722.0
494, 71.572851, 663.370853, 37.581528, 186.306698, 1652, 247370.0
495, 72.533265, 661.923754, 38.433768, 208.202595, 1623, 242742.0
496, 69.894097, 661.266379, 37.462197, 203.242839, 1679, 251318.0
497, 72.814314, 661.672621, 37.793697, 216.150267, 1610, 240209.0
498, 73.930983, 664.814138, 38.345694, 212.793399, 1596, 238263.0
499, 73.536060, 664.626670, 36.175435, 240.069016, 1579, 235475.0
500, 71.748730, 661.744514, 37.280018, 195.213533, 1623, 242468.0
501, 69.109593, 663.861874, 36.373390, 183.481558, 1693, 253391.0
502, 71.812638, 664.326401, 34.410414, 173.285409, 1621, 242210.0
503, 68.483771, 664.057328, 39.234334, 177.303365, 1681, 251438.0
504, 74.458010, 663.936457, 37.258427, 230.039649, 1584, 235737.0
505, 69.619769, 663.263344, 37.397739, 166.255125, 1683, 251989.0
506, 71.811299, 664.865804, 37.004369, 203.691550, 1595, 238061.0
507, 72.714542, 664.663852, 35.684612, 203.425748, 1591, 237134.0
508, 71.129556, 662.665695, 36.854610, 201.978767, 1637, 244638.0
509, 72.240529, 664.259553, 38.647252, 207.742208, 1628, 246847.0
510, 69.036217, 665.325806, 34.983064, 171.319007, 1692, 253300.0
511, 72.381954, 664.547405, 36.273511, 190.419182, 1611, 240428.0
512, 73.251781, 663.232921, 38.393410, 230.950147, 1594, 238207.0
513, 72.508156, 664.672978, 36.932681, 203.531927, 1600, 238621.0
514, 70.925926, 665.547846, 36.804138, 215.184664, 1603, 238996.0
515, 71.448362, 662.546370, 39.029242, 189.618807, 1604, 239179.0
516, 73.533650, 664.650215, 36.941008, 228.748413, 1589, 239497.0
517, 71.021909, 663.772916, 37.612098, 198.942941, 1656, 253053.0
518, 68.483771, 664.057328, 39.234334, 175.089308, 1690, 257599.0
519, 69.278837, 664.170010, 37.896122, 180.902754, 1676, 257380.0
520, 74.231853, 661.305744, 37.967419, 229.701744, 1586, 248146.0
521, 70.629864, 661.834195, 36.899210, 182.276734, 1654, 248037.0
522, 70.210011, 664.247137, 38.063312, 195.403393, 1656, 247636.0
523, 73.426041, 665.923059, 34.617394, 214.471016, 1590, 236780.0
524, 71.038641, 663.057273, 37.036735, 194.006885, 1631, 244191.0
525, 72.533265, 661.923754, 38.433768, 207.620922, 1620, 242661.0
526, 72.280379, 663.240265, 38.187271, 170.630508, 1656, 252075.0
527, 72.447659, 661.867270, 37.346005, 178.747550, 1628, 243769.0
528, 69.062766, 662.522226, 37.693158, 185.811286, 1676, 250882.0
529, 71.876437, 665.201025, 37.860928, 198.704365, 1604, 239450.0
530, 69.774050, 661.858953, 36.532641, 183.084285, 1688, 256794.0
531, 72.212016, 664.786035, 36.112920, 237.079339, 1589, 236948.0
532, 73.016753, 663.411837, 36.866471, 209.444452, 1601, 238854.0
533, 72.522710, 666.242228, 34.882195, 220.278188, 1589, 236431.0
534, 68.322493, 663.093424, 37.979942, 163.057934, 1690, 252737.0
535, 70.210011, 664.247137, 38.063312, 185.652442, 1656, 247249.0
536, 70.570296, 661.824086, 36.941205, 192.167984, 1661, 247948.0
537, 70.803204, 661.418446, 37.995311, 188.355742, 1667, 248901.0
538, 68.493924, 662.670707, 38.993696, 181.473428, 1687, 252156.0
539, 73.854763, 661.714415, 37.992410, 238.808047, 1583, 235809.0
540, 69.004666, 664.848463, 38.922071, 177.199185, 1683, 251964.0
541, 71.665608, 663.902091, 39.095948, 189.383789, 1622, 242229.0
542, 70.570296, 661.824086, 36.941205, 182.703106, 1680, 251313.0
543, 70.967602, 662.854665, 36.500949, 224.113845, 1665, 248892.0
544, 69.606505, 664.672704, 36.317144, 189.516274, 1667, 249620.0
545, 68.098196, 663.200266, 39.185045, 175.899255, 1691, 253268.0
546, 70.717512, 661.696726, 36.627958, 213.990463, 1639, 245203.0
547, 70.999431, 663.234024, 39.297971, 177.515516, 1664, 248987.0
548, 68.836206, 664.547331, 36.788339, 211.663698, 1664, 249116.0
549, 71.890117, 662.778554, 37.259792, 187.424277, 1661, 248142.0
550, 70.885854, 664.230318, 37.525678, 213.027135, 1655, 246728.0
551, 71.047980, 662.670254, 36.626826, 180.240922, 1655, 247680.0
552, 70.570296, 661.824086, 36.941205, 189.945696, 1679, 254375.0
553, 72.768514, 663.089866, 37.456256, 192.424703, 1593, 254558.0
554, 72.533265, 661.923754, 38.433768, 192.705713, 1607, 239992.0
555, 70.148427, 662.487632, 40.574802, 182.533783, 1662, 248961.0
556, 71.046557, 663.859506, 37.429431, 190.072389, 1653, 247433.0
557, 70.629864, 661.834195, 36.899210, 191.301379, 1664, 248939.0
558, 72.003226, 663.597066, 34.800268, 220.944596, 1592, 237583.0
559, 70.925926, 665.547846, 36.804138, 222.656485, 1629, 242953.0
560, 70.094057, 663.299377, 36.717727, 197.608430, 1686, 256312.0
561, 72.810724, 664.150516, 36.240289, 194.087627, 1612, 241958.0
562, 70.717512, 661.696726, 36.627958, 203.792748, 1662, 248766.0
563, 69.241541, 664.055462, 35.729415, 184.663348, 1675, 250461.0
564, 74.388882, 664.957084, 36.447438, 227.573188, 1595, 238877.0
565, 71.708550, 664.595603, 38.767636, 185.850118, 1633, 244413.0
566, 70.629864, 661.834195, 36.899210, 195.062806, 1678, 250921.0
567, 69.034053, 661.475850, 37.955656, 166.503113, 1683, 252184.0
568, 74.820152, 662.000548, 36.848419, 229.369808, 1583, 236166.0
569, 71.406856, 662.272186, 39.108511, 204.380902, 1656, 248359.0
570, 70.902106, 663.148020, 38.419939, 170.038264, 1673, 250429.0
571, 73.783501, 665.594107, 37.815402, 207.380232, 1595, 237700.0
572, 71.857667, 662.199039, 37.236600, 212.444589, 1616, 241295.0
573, 70.572893, 662.872701, 36.622918, 164.709247, 1681, 254305.0
574, 70.919172, 661.634738, 36.500591, 186.273423, 1665, 248996.0
575, 72.401930, 661.785569, 38.725725, 187.346409, 1630, 255177.0
576, 74.684129, 660.738972, 38.372285, 228.780080, 1600, 239232.0
577, 73.231639, 661.222110, 37.606570, 209.134637, 1601, 248825.0
578, 70.794906, 660.886588, 37.386405, 188.642661, 1656, 247616.0
579, 70.870942, 664.245663, 37.386713, 191.925123, 1620, 241769.0
580, 75.576213, 665.828892, 36.319921, 241.572721, 1582, 237405.0
581, 69.789059, 664.709036, 36.116578, 186.689516, 1691, 253170.0
582, 74.353363, 664.313797, 37.288930, 220.574776, 1569, 233666.0
583, 74.314781, 664.946931, 36.345387, 203.946187, 1597, 238293.0
584, 70.623652, 663.965874, 37.482672, 201.326703, 1643, 256907.0
585, 70.629864, 661.834195, 36.899210, 175.521449, 1682, 253029.0
586, 72.621655, 661.370094, 37.590731, 193.662899, 1614, 251592.0
587, 73.331121, 664.440097, 37.353920, 203.806720, 1571, 244771.0
588, 70.925926, 665.547846, 36.804138, 202.917982, 1605, 245856.0
589, 69.810691, 661.357304, 37.814917, 179.753930, 1689, 254454.0
590, 71.149795, 661.467305, 36.851452, 211.891091, 1620, 242130.0
591, 67.451764, 664.871613, 36.706010, 199.184354, 1674, 257238.0
592, 71.647045, 664.752418, 37.303547, 216.342419, 1608, 239697.0
593, 69.072508, 664.859976, 38.874243, 186.458329, 1683, 255311.0
594, 71.703615, 664.859308, 36.223417, 210.562449, 1608, 239722.0
595, 70.570296, 661.824086, 36.941205, 191.445053, 1668, 258915.0
596, 72.925048, 665.417193, 35.102205, 223.009724, 1586, 244976.0
597, 68.483771, 664.057328, 39.234334, 162.648523, 1688, 266592.0
598, 69.168431, 664.354151, 37.203302, 172.525241, 1701, 254604.0
599, 73.521469, 662.610394, 36.600777, 200.177659, 1602, 249881.0
600, 71.362496, 661.984957, 39.400806, 193.753838, 1602, 241270.0
601, 70.769409, 660.674685, 37.213937, 211.525032, 1649, 255120.0
602, 70.902106, 663.148020, 38.419939, 189.842795, 1636, 247577.0
603, 69.160339, 664.160322, 38.084161, 175.345956, 1687, 261433.0
604, 73.418543, 664.858754, 36.352903, 197.841670, 1596, 242888.0
605, 75.582552, 666.290193, 35.234084, 235.974150, 1567, 239520.0
606, 70.649671, 661.685213, 36.675786, 183.096953, 1679, 270198.0
607, 70.925926, 665.547846, 36.804138, 171.374961, 1650, 246881.0
608, 72.440734, 662.681893, 37.085218, 206.974851, 1604, 244854.0
609, 70.962086, 662.769846, 37.108934, 201.711483, 1662, 248775.0
610, 71.578504, 663.941617, 38.015768, 203.930521, 1628, 242917.0
611, 70.975556, 664.581088, 36.740169, 188.687165, 1655, 257754.0
612, 74.404763, 664.743508, 37.787710, 237.134783, 1578, 238257.0
613, 70.571592, 662.284098, 36.577436, 210.540946, 1643, 260477.0
614, 67.516013, 661.972947, 39.239064, 173.964144, 1685, 261207.0
615, 72.664383, 661.683094, 37.731832, 207.050251, 1617, 248307.0
616, 67.161584, 664.646402, 36.269982, 173.684382, 1696, 262092.0
617, 70.925926, 665.547846, 36.804138, 194.793567, 1634, 252745.0
618, 71.170172, 663.077224, 39.502121, 181.518973, 1655, 259867.0
619, 70.195031, 661.124275, 37.797433, 178.869505, 1691, 278105.0
620, 67.956411, 661.924999, 37.901328, 186.468019, 1674, 255937.0
621, 70.999431, 663.234024, 39.297971, 170.160565, 1669, 268895.0
622, 71.087378, 661.440529, 36.316368, 190.560106, 1650, 255410.0
623, 72.342821, 661.541402, 39.450876, 212.772784, 1631, 243631.0
624, 68.493924, 662.670707, 38.993696, 183.525757, 1678, 251448.0
625, 69.894097, 661.266379, 37.462197, 177.700366, 1684, 252419.0
626, 73.632705, 662.780776, 37.976596, 229.025215, 1591, 236938.0
627, 72.175992, 664.779597, 37.061554, 202.796331, 1596, 238354.0
628, 69.482834, 662.877972, 37.263025, 191.499295, 1689, 256360.0
629, 70.925926, 665.547846, 36.804138, 187.815587, 1627, 249052.0
630, 67.451764, 664.871613, 36.706010, 166.605482, 1691, 264163.0
631, 70.570296, 661.824086, 36.941205, 165.241516, 1675, 252028.0
632, 67.113879, 661.429976, 39.792433, 171.123011, 1685, 255967.0
633, 72.963797, 664.951852, 35.242894, 183.325561, 1606, 242953.0
634, 72.533265, 661.923754, 38.433768, 207.308308, 1603, 240980.0
635, 68.493924, 662.670707, 38.993696, 198.414180, 1669, 251361.0
636, 70.722795, 662.940037, 36.828115, 195.152486, 1606, 242664.0
637, 70.649671, 661.685213, 36.675786, 189.421982, 1685, 265043.0
638, 72.636638, 662.596713, 37.848746, 233.747432, 1594, 240238.0
639, 68.836206, 664.547331, 36.788339, 177.006083, 1688, 280750.0
640, 71.111722, 661.428607, 37.703644, 186.362631, 1657, 253074.0
641, 68.483771, 664.057328, 39.234334, 166.010436, 1690, 261938.0
642, 70.570296, 661.824086, 36.941205, 178.573385, 1668, 249821.0
643, 69.034053, 661.475850, 37.955656, 176.670234, 1686, 252578.0
644, 70.789958, 660.804737, 37.831693, 196.332277, 1634, 244338.0
645, 71.227086, 661.363783, 37.698016, 181.416075, 1643, 248920.0
646, 70.080905, 661.047843, 37.574854, 176.423315, 1678, 251531.0
647, 70.717512, 661.696726, 36.627958, 192.094706, 1654, 248932.0
648, 70.649671, 661.685213, 36.675786, 187.550090, 1678, 265294.0
649, 73.500957, 664.705941, 37.086044, 216.593169, 1565, 237584.0
650, 69.072508, 664.859976, 38.874243, 174.098888, 1678, 258427.0
651, 66.835867, 664.510857, 36.927317, 170.002550, 1679, 255320.0
652, 70.207511, 664.333017, 38.019687, 179.380852, 1676, 286726.0
653, 68.483771, 664.057328, 39.234334, 162.794862, 1692, 260349.0
654, 72.211266, 663.635576, 39.437099, 193.484293, 1606, 246259.0
655, 67.069284, 664.701540, 36.887830, 184.893191, 1677, 254491.0
656, 70.984336, 661.649476, 36.821855, 187.684903, 1636, 248354.0
657, 72.475918, 663.590409, 37.288809, 197.833721, 1627, 250353.0
658, 73.024100, 664.687723, 35.669591, 212.317336, 1607, 246636.0
659, 70.649671, 661.685213, 36.675786, 178.350971, 1673, 257639.0
660, 68.098196, 663.200266, 39.185045, 190.706064, 1690, 255237.0
661, 73.013810, 664.528337, 37.849582, 235.683223, 1583, 242782.0
662, 70.925926, 665.547846, 36.804138, 171.098878, 1672, 257249.0
663, 71.708550, 664.595603, 38.767636, 182.750242, 1646, 252910.0
664, 69.004666, 664.848463, 38.922071, 176.013378, 1675, 264882.0
665, 70.570296, 661.824086, 36.941205, 181.646877, 1686, 256391.0
666, 70.629864, 661.834195, 36.899210, 183.790984, 1656, 248290.0
667, 73.498343, 664.353028, 36.126032, 232.070763, 1588, 236990.0
668, 71.335500, 662.062545, 39.864204, 176.605614, 1642, 255430.0
669, 70.609305, 663.052301, 36.469453, 185.003986, 1687, 261584.0
670, 70.472399, 663.293346, 36.516457, 176.858020, 1681, 251887.0
671, 70.925926, 665.547846, 36.804138, 194.243743, 1629, 243525.0
672, 67.856484, 662.914056, 39.530093, 185.381486, 1689, 257277.0
673, 70.472399, 663.293346, 36.516457, 179.089181, 1668, 251206.0
674, 66.980969, 664.083348, 37.585424, 179.984940, 1675, 252991.0
675, 70.925926, 665.547846, 36.804138, 190.617584, 1648, 247670.0
676, 72.473144, 661.273177, 37.731343, 185.233975, 1601, 274127.0
677, 70.896374, 663.085060, 39.032799, 182.943061, 1647, 248748.0
678, 66.564647, 663.872379, 37.323117, 178.147994, 1686, 257257.0
679, 69.334426, 665.585277, 34.303138, 176.470362, 1674, 254910.0
680, 66.564647, 663.872379, 37.323117, 177.389441, 1681, 250898.0
681, 67.269773, 661.809368, 38.528138, 183.423235, 1687, 251788.0
682, 66.297093, 664.190420, 36.560160, 159.356752, 1695, 253136.0
683, 70.210011, 664.247137, 38.063312, 174.878747, 1677, 250703.0
684, 66.835867, 664.510857, 36.927317, 161.084218, 1674, 253364.0
685, 70.629864, 661.834195, 36.899210, 172.885132, 1667, 255994.0
686, 69.266819, 662.806609, 40.171611, 161.160689, 1687, 254347.0
687, 70.629864, 661.834195, 36.899210, 180.869167, 1671, 250817.0
688, 71.079406, 663.247874, 40.026838, 197.368846, 1624, 242843.0
689, 66.835867, 664.510857, 36.927317, 172.127717, 1685, 252210.0
690, 68.916124, 663.408993, 39.002019, 177.755715, 1677, 251355.0
691, 69.893197, 664.569678, 36.066223, 178.814358, 1691, 252832.0
692, 68.534447, 664.049088, 39.199196, 172.861004, 1688, 253192.0
693, 70.629864, 661.834195, 36.899210, 185.323141, 1675, 250915.0
694, 72.533265, 661.923754, 38.433768, 200.312288, 1613, 240837.0
695, 71.793845, 664.922410, 37.039508, 213.795418, 1588, 236697.0
696, 69.072508, 664.859976, 38.874243, 200.186852, 1672, 250122.0
697, 67.730475, 664.432309, 36.910464, 174.266558, 1678, 251295.0
698, 69.241541, 664.055462, 35.729415, 203.295699, 1640, 244661.0
699, 70.925926, 665.547846, 36.804138, 179.465120, 1658, 247598.0
700, 73.430134, 663.430464, 35.359037, 207.661385, 1600, 238918.0
701, 73.196448, 663.156342, 39.417103, 191.593763, 1591, 237330.0
702, 71.488453, 663.646289, 37.329229, 178.642573, 1617, 241387.0
703, 69.109593, 663.861874, 36.373390, 180.740009, 1678, 251695.0
704, 72.175992, 664.779597, 37.061554, 210.298315, 1599, 239996.0
705, 71.074098, 661.559037, 36.598296, 177.007808, 1667, 250472.0
706, 68.953680, 664.763241, 35.617577, 191.955262, 1673, 251270.0
707, 71.335500, 662.062545, 39.864204, 218.624349, 1599, 239451.0
708, 70.571349, 664.356310, 35.807048, 174.386574, 1651, 248354.0
709, 70.629864, 661.834195, 36.899210, 199.549403, 1676, 252551.0
710, 67.069284, 664.701540, 36.887830, 179.706114, 1680, 252778.0
711, 70.629864, 661.834195, 36.899210, 195.026449, 1679, 252676.0
712, 70.571349, 664.356310, 35.807048, 188.576744, 1671, 251263.0
713, 69.072508, 664.859976, 38.874243, 176.053241, 1689, 253984.0
714, 69.072508, 664.859976, 38.874243, 194.698874, 1659, 249442.0
715, 73.430134, 663.430464, 35.359037, 219.400697, 1589, 236816.0
716, 70.925926, 665.547846, 36.804138, 193.564088, 1632, 253420.0
717, 70.570296, 661.824086, 36.941205, 178.674201, 1665, 257642.0
718, 69.363243, 661.784945, 36.736415, 188.094326, 1684, 258810.0
719, 67.456424, 661.155452, 36.658632, 195.942368, 1669, 249796.0
720, 67.527840, 664.747513, 36.951806, 176.812178, 1682, 251704.0
721, 70.925926, 665.547846, 36.804138, 203.772150, 1614, 245328.0
722, 71.000501, 664.161856, 37.409201, 206.902773, 1659, 261585.0
723, 70.789873, 661.664964, 37.883095, 191.975690, 1658, 259307.0
724, 69.489009, 661.951783, 36.433789, 181.706905, 1688, 252082.0
725, 67.835263, 661.752583, 38.045047, 187.104198, 1682, 251187.0
726, 70.533965, 661.569366, 36.772161, 186.586332, 1695, 254375.0
727, 66.565978, 663.618239, 37.482880, 168.805748, 1686, 251492.0
728, 70.570296, 661.824086, 36.941205, 177.126637, 1689, 252380.0
729, 69.070313, 664.935382, 38.835939, 168.265458, 1687, 252339.0
730, 71.281836, 664.354630, 36.804704, 199.705999, 1632, 243120.0
731, 70.902106, 663.148020, 38.419939, 194.782948, 1618, 241559.0
732, 71.479262, 661.515046, 39.930786, 181.584969, 1613, 240710.0
733, 67.986511, 662.569082, 38.363167, 176.834971, 1685, 251784.0
734, 71.900011, 664.906621, 36.223191, 209.310383, 1572, 234390.0
735, 70.533965, 661.569366, 36.772161, 171.714351, 1691, 253037.0
736, 66.981413, 664.633596, 37.596411, 158.341014, 1686, 252482.0
737, 70.629864, 661.834195, 36.899210, 189.680789, 1667, 249266.0
738, 66.990414, 664.818129, 36.198725, 170.771807, 1690, 252792.0
739, 70.629864, 661.834195, 36.899210, 206.344491, 1658, 247861.0
740, 66.835867, 664.510857, 36.927317, 167.738155, 1686, 252160.0
741, 70.207511, 664.333017, 38.019687, 187.415302, 1665, 248779.0
742, 68.017944, 662.711196, 37.754653, 153.812572, 1687, 261217.0
743, 70.210011, 664.247137, 38.063312, 184.403901, 1662, 248245.0
744, 69.402164, 664.180989, 37.221097, 188.194039, 1664, 248982.0
745, 67.986511, 662.569082, 38.363167, 165.228338, 1692, 253290.0
746, 70.571349, 664.356310, 35.807048, 185.295498, 1660, 255609.0
747, 70.629864, 661.834195, 36.899210, 183.205894, 1678, 250909.0
748, 67.451764, 664.871613, 36.706010, 169.444022, 1688, 252391.0
749, 68.074008, 663.653373, 39.653701, 157.319972, 1686, 252346.0
750, 68.824257, 662.544159, 36.074432, 172.590493, 1696, 254015.0
751, 68.852361, 664.850601, 39.113470, 173.885459, 1691, 261549.0
752, 67.479251, 665.298287, 36.091804, 161.494855, 1692, 253272.0
753, 69.998708, 664.183957, 35.195613, 168.373175, 1680, 251674.0
754, 67.897600, 661.496416, 38.146794, 168.345553, 1686, 251994.0
755, 67.960415, 662.173429, 37.341310, 158.084460, 1686, 251961.0
756, 68.709289, 660.454136, 37.973696, 171.487294, 1690, 259618.0
757, 67.959099, 664.076044, 38.486092, 178.558382, 1687, 257804.0
758, 69.014477, 665.899538, 34.419035, 163.866546, 1692, 256309.0
759, 67.847360, 663.848449, 34.764390, 169.477487, 1683, 252013.0
760, 69.278837, 664.170010, 37.896122, 185.911672, 1683, 253019.0
761, 69.020960, 664.485246, 35.040660, 171.119947, 1680, 251883.0
762, 70.207511, 664.333017, 38.019687, 181.898473, 1687, 252482.0
763, 71.876437, 665.201025, 37.860928, 192.372053, 1615, 245531.0
764, 68.598844, 664.673756, 39.639054, 161.260578, 1683, 255361.0
765, 70.925926, 665.547846, 36.804138, 189.938976, 1616, 241732.0
766, 70.717512, 661.696726, 36.627958, 176.433615, 1666, 253112.0
767, 69.379510, 664.230443, 37.561250, 193.042286, 1666, 252372.0
768, 68.098196, 663.200266, 39.185045, 166.854150, 1694, 254356.0
769, 70.523566, 663.832807, 37.291597, 201.220366, 1637, 245123.0
770, 69.733067, 661.872206, 36.591136, 187.138318, 1689, 253952.0
771, 67.622702, 664.689715, 38.692927, 169.596927, 1694, 257429.0
772, 68.598844, 664.673756, 39.639054, 182.642179, 1685, 253034.0
773, 72.518306, 663.526913, 36.562232, 199.070437, 1605, 239368.0
774, 70.717512, 661.696726, 36.627958, 186.664454, 1663, 248826.0
775, 69.134917, 661.158396, 37.947884, 171.992489, 1689, 253150.0
776, 70.609305, 663.052301, 36.469453, 170.985935, 1682, 251485.0
777, 69.939512, 660.903316, 37.510427, 202.435801, 1638, 244596.0
778, 67.527840, 664.747513, 36.951806, 172.457328, 1693, 253204.0
779, 72.284172, 662.276474, 37.239210, 186.714256, 1605, 239712.0
780, 67.762375, 664.655966, 37.058893, 170.793580, 1694, 253610.0
781, 70.352108, 664.174433, 37.330399, 199.072584, 1657, 247779.0
782, 71.311203, 662.562530, 36.680180, 164.998536, 1630, 243195.0
783, 70.925926, 665.547846, 36.804138, 199.243261, 1634, 243900.0
784, 66.710302, 664.303644, 38.349540, 166.669889, 1691, 256024.0
785, 67.033000, 664.763184, 36.182277, 183.927442, 1683, 252768.0
786, 68.322493, 663.093424, 37.979942, 160.198903, 1684, 252006.0
787, 70.865184, 664.237199, 37.319393, 195.504243, 1613, 240500.0
788, 67.409706, 664.610194, 36.076287, 174.093113, 1683, 252144.0
789, 68.707470, 663.814616, 37.755602, 168.645142, 1696, 253684.0
790, 69.482834, 662.877972, 37.263025, 161.223586, 1688, 252833.0
791, 68.530691, 662.681924, 36.944255, 166.831072, 1682, 251261.0
792, 68.493924, 662.670707, 38.993696, 180.891114, 1683, 251985.0
793, 69.603697, 663.339496, 36.343862, 170.031595, 1669, 249672.0
794, 66.550837, 662.374546, 36.354759, 153.924613, 1682, 251846.0
795, 70.570296, 661.824086, 36.941205, 191.628543, 1670, 249956.0
796, 71.075524, 663.892361, 37.677266, 193.835292, 1650, 247806.0
797, 68.598844, 664.673756, 39.639054, 161.022038, 1685, 252454.0
798, 66.802407, 662.030369, 37.167628, 161.574163, 1683, 252113.0
799, 69.072508, 664.859976, 38.874243, 172.746221, 1685, 252106.0
800, 69.216109, 665.233433, 34.976372, 183.203890, 1685, 251911.0
801, 69.802799, 664.727839, 36.368506, 158.212510, 1692, 253281.0
802, 67.293432, 661.949801, 37.654226, 165.522606, 1694, 255535.0
803, 71.811299, 664.865804, 37.004369, 208.428942, 1606, 239490.0
804, 70.925926, 665.547846, 36.804138, 199.772900, 1640, 244664.0
805, 71.000101, 661.628173, 36.843862, 190.102973, 1667, 249167.0
806, 69.646607, 661.520039, 36.461354, 189.315231, 1663, 248906.0
807, 70.517575, 664.531080, 35.463601, 196.073341, 1674, 250374.0
808, 70.210011, 664.247137, 38.063312, 171.876251, 1684, 252064.0
809, 70.210011, 664.247137, 38.063312, 186.605438, 1666, 249282.0
810, 66.557628, 663.875866, 37.392997, 166.052048, 1689, 252848.0
811, 68.852361, 664.850601, 39.113470, 166.498484, 1678, 251672.0
812, 69.894097, 661.266379, 37.462197, 167.012936, 1697, 253785.0
813, 70.912023, 661.781703, 36.553088, 185.739832, 1641, 245285.0
814, 67.991928, 663.201429, 39.023695, 190.427744, 1684, 251725.0
815, 69.004666, 664.848463, 38.922071, 192.758987, 1688, 252528.0
816, 69.004666, 664.848463, 38.922071, 174.037476, 1677, 251142.0
817, 70.925926, 665.547846, 36.804138, 201.045812, 1614, 247326.0
818, 66.589381, 664.168407, 36.490958, 176.893203, 1680, 252647.0
819, 69.072508, 664.859976, 38.874243, 180.698456, 1680, 251856.0
820, 69.004666, 664.848463, 38.922071, 180.894781, 1690, 253018.0
821, 70.717512, 661.696726, 36.627958, 186.110598, 1664, 248921.0
822, 70.218718, 664.281862, 37.239068, 186.324040, 1655, 247943.0
823, 70.184236, 664.158321, 38.118523, 187.260059, 1650, 247123.0
824, 70.418474, 661.026560, 37.352799, 200.766424, 1655, 247597.0
825, 70.649671, 661.685213, 36.675786, 201.359657, 1667, 248288.0
826, 69.034053, 661.475850, 37.955656, 172.360973, 1693, 253511.0
827, 67.067145, 664.521927, 36.427371, 175.588336, 1682, 251467.0
828, 66.028470, 660.852788, 40.233026, 164.507065, 1677, 250910.0
829, 69.363243, 661.784945, 36.736415, 182.195076, 1687, 252255.0
830, 67.599557, 662.328059, 40.166276, 150.762972, 1680, 251721.0
831, 69.134917, 661.158396, 37.947884, 169.264785, 1689, 252959.0
832, 67.986511, 662.569082, 38.363167, 198.742438, 1692, 253336.0
833, 70.876165, 662.604483, 39.417981, 194.602833, 1662, 248930.0
834, 68.098196, 663.200266, 39.185045, 181.078106, 1690, 253189.0
835, 67.168181, 664.371709, 36.343295, 185.669206, 1684, 252152.0
836, 69.004666, 664.848463, 38.922071, 168.057559, 1683, 252421.0
837, 70.717512, 661.696726, 36.627958, 171.092758, 1656, 250390.0
838, 69.004666, 664.848463, 38.922071, 175.132556, 1687, 252569.0
839, 70.629864, 661.834195, 36.899210, 201.289643, 1676, 250768.0
840, 67.986511, 662.569082, 38.363167, 180.187911, 1689, 253160.0
841, 69.188084, 664.907575, 38.876786, 187.714934, 1675, 251031.0
842, 72.652557, 661.798083, 38.305265, 191.493927, 1623, 242489.0
843, 66.408008, 663.848188, 37.495847, 164.797373, 1684, 251656.0
844, 67.301607, 664.666729, 36.068172, 176.134441, 1676, 250701.0
845, 68.219828, 662.149779, 36.903202, 169.149372, 1680, 251523.0
846, 69.664673, 660.843337, 37.613931, 177.854786, 1684, 252370.0
847, 70.570296, 661.824086, 36.941205, 162.986382, 1692, 253426.0
848, 67.333944, 664.467642, 36.171734, 172.857347, 1684, 251583.0
849, 70.533965, 661.569366, 36.772161, 161.530283, 1703, 257623.0
850, 66.885808, 664.211509, 36.403424, 173.312660, 1693, 257374.0
851, 70.847704, 662.480426, 37.210309, 198.449592, 1665, 248988.0
852, 66.835867, 664.510857, 36.927317, 166.619995, 1688, 252315.0
853, 70.629864, 661.834195, 36.899210, 161.098926, 1677, 251434.0
854, 68.665408, 661.863695, 35.532744, 376.727254, 1649, 246058.0
855, 71.543601, 663.283513, 36.246535, 182.910814, 1618, 241494.0
856, 67.449049, 660.824888, 39.696109, 152.280300, 1701, 254875.0
857, 66.443679, 662.143124, 37.208088, 149.996027, 1692, 253482.0
858, 69.034053, 661.475850, 37.955656, 162.194424, 1690, 252864.0
859, 67.230469, 662.103311, 35.961351, 172.450055, 1673, 249963.0
860, 70.296087, 664.613088, 34.492159, 205.435032, 1617, 241176.0
861, 66.835867, 664.510857, 36.927317, 181.317513, 1684, 251903.0
862, 67.514280, 663.115240, 34.851163, 192.181181, 1691, 252994.0
863, 67.456424, 661.155452, 36.658632, 168.527750, 1681, 251370.0
864, 67.564171, 665.002233, 37.120850, 183.538800, 1684, 252427.0
865, 70.570296, 661.824086, 36.941205, 173.346620, 1685, 252161.0
866, 70.930833, 661.530682, 36.253045, 185.179644, 1663, 248660.0
867, 67.730475, 664.432309, 36.910464, 160.284900, 1695, 253952.0
868, 72.175992, 664.779597, 37.061554, 200.255610, 1604, 240213.0
869, 70.570296, 661.824086, 36.941205, 190.897860, 1667, 249420.0
870, 70.533725, 661.049028, 39.917523, 186.251120, 1666, 248685.0
871, 68.633269, 663.617646, 37.103088, 173.134919, 1687, 251716.0
872, 70.210011, 664.247137, 38.063312, 179.824528, 1665, 248561.0
873, 71.362496, 661.984957, 39.400806, 184.909389, 1617, 240793.0
874, 67.596513, 664.579258, 38.862981, 176.859039, 1684, 252539.0
875, 71.659420, 661.929572, 38.661707, 203.034599, 1609, 239136.0
876, 70.997149, 663.045729, 39.070423, 191.602644, 1636, 243543.0
877, 66.835867, 664.510857, 36.927317, 184.556362, 1687, 251605.0
878, 70.629864, 661.834195, 36.899210, 183.332578, 1674, 249306.0
879, 69.774942, 664.258463, 36.713171, 183.325274, 1646, 244700.0
880, 68.284591, 662.260642, 36.911755, 145.147660, 1684, 251268.0
881, 69.241541, 664.055462, 35.729415, 174.804391, 1663, 251042.0
882, 68.852361, 664.850601, 39.113470, 166.414263, 1688, 252522.0
883, 70.207511, 664.333017, 38.019687, 175.825757, 1675, 268460.0
884, 67.038211, 664.805356, 36.018719, 173.424159, 1675, 250867.0
885, 68.645807, 663.338176, 37.619092, 173.959746, 1657, 247697.0
886, 71.074098, 661.559037, 36.598296, 198.200172, 1630, 243254.0
887, 69.004666, 664.848463, 38.922071, 155.194579, 1681, 251584.0
888, 70.533965, 661.569366, 36.772161, 180.237065, 1679, 251044.0
889, 68.151741, 664.668560, 37.009374, 151.652998, 1685, 252100.0
890, 70.649671, 661.685213, 36.675786, 165.233976, 1672, 250269.0
891, 70.429628, 662.844346, 36.277668, 184.891742, 1680, 251147.0
892, 71.323443, 662.466849, 37.734522, 195.195851, 1657, 251828.0
893, 70.210011, 664.247137, 38.063312, 180.293849, 1661, 248451.0
894, 69.664673, 660.843337, 37.613931, 181.535864, 1685, 252237.0
895, 69.875368, 661.464469, 37.736193, 171.414282, 1684, 252608.0
896, 70.870942, 664.245663, 37.386713, 195.276314, 1625, 242585.0
897, 68.297164, 661.898149, 36.910377, 179.625614, 1678, 251050.0
898, 70.902106, 663.148020, 38.419939, 163.942392, 1623, 246182.0
899, 66.703768, 664.066411, 37.451193, 184.023912, 1693, 253762.0
900, 66.297093, 664.190420, 36.560160, 166.832053, 1678, 251298.0
901, 70.067725, 660.811805, 37.483693, 167.995687, 1672, 250505.0
902, 69.034053, 661.475850, 37.955656, 163.868882, 1682, 251736.0
903, 69.802799, 664.727839, 36.368506, 160.967564, 1685, 252485.0
904, 71.315565, 663.772893, 37.771900, 178.597322, 1635, 244732.0
905, 68.549649, 661.059073, 37.844664, 177.337721, 1663, 248093.0
906, 72.475918, 663.590409, 37.288809, 193.609926, 1608, 239006.0
907, 70.629864, 661.834195, 36.899210, 157.014451, 1660, 247832.0
908, 65.151104, 662.644114, 36.422360, 152.522199, 1684, 251888.0
909, 69.985913, 661.151397, 37.976563, 172.054618, 1691, 252881.0
910, 66.981813, 663.361361, 39.991692, 153.106849, 1685, 251988.0
911, 70.717512, 661.696726, 36.627958, 169.768157, 1684, 253131.0
912, 67.910425, 664.028989, 35.922365, 169.690587, 1691, 254627.0
913, 70.925926, 665.547846, 36.804138, 199.777937, 1617, 242982.0
914, 70.570296, 661.824086, 36.941205, 166.774137, 1679, 252457.0
915, 72.501911, 661.617888, 38.178806, 202.814346, 1624, 243932.0
916, 69.291630, 659.886548, 39.752869, 154.599686, 1686, 265801.0
917, 72.967606, 663.265854, 37.049562, 192.946894, 1618, 241558.0
918, 70.962086, 662.769846, 37.108934, 186.107256, 1658, 247441.0
919, 66.933880, 663.605874, 36.688901, 161.750619, 1689, 252598.0
920, 69.004666, 664.848463, 38.922071, 195.056937, 1651, 246669.0
921, 66.428406, 661.479232, 39.276088, 161.293470, 1672, 250374.0
922, 69.363243, 661.784945, 36.736415, 163.322014, 1691, 253114.0
923, 68.534447, 664.049088, 39.199196, 171.778236, 1689, 252082.0
924, 71.392696, 661.903069, 36.364056, 198.573432, 1625, 242060.0
925, 72.385333, 662.942429, 34.540088, 187.516625, 1601, 238665.0
926, 65.100061, 662.672747, 36.193371, 192.711202, 1680, 250850.0
927, 70.207511, 664.333017, 38.019687, 184.209843, 1670, 249575.0
928, 70.571349, 664.356310, 35.807048, 178.187730, 1667, 249041.0
929, 70.291907, 661.724302, 36.757394, 164.509176, 1695, 261532.0
930, 68.483771, 664.057328, 39.234334, 176.421840, 1675, 250580.0
931, 70.071129, 664.280787, 37.964819, 184.975693, 1653, 254588.0
932, 66.582773, 662.249565, 36.938815, 190.889601, 1686, 254095.0
933, 70.570296, 661.824086, 36.941205, 169.823209, 1659, 248122.0
934, 66.214348, 662.157657, 37.202618, 160.926003, 1682, 251701.0
935, 71.074098, 661.559037, 36.598296, 176.310768, 1658, 247979.0
936, 70.080905, 661.047843, 37.574854, 159.973730, 1688, 253606.0
937, 71.970481, 664.565182, 34.343953, 205.507360, 1613, 240433.0
938, 73.450195, 662.408377, 36.460832, 209.035443, 1590, 236809.0
939, 70.570296, 661.824086, 36.941205, 187.327235, 1674, 250254.0
940, 69.004666, 664.848463, 38.922071, 177.292665, 1691, 252520.0
941, 70.210011, 664.247137, 38.063312, 181.169917, 1690, 252862.0
942, 69.072508, 664.859976, 38.874243, 180.292244, 1679, 261261.0
943, 70.662927, 664.423388, 36.465117, 197.083934, 1633, 243912.0
944, 68.192880, 665.053023, 35.739929, 184.262467, 1682, 251503.0
945, 70.629864, 661.834195, 36.899210, 172.140245, 1677, 249995.0
946, 69.748975, 663.892188, 38.660600, 166.521638, 1664, 248140.0
947, 68.534447, 664.049088, 39.199196, 146.455882, 1685, 252402.0
948, 71.082508, 661.598491, 36.561732, 212.674024, 1608, 240481.0
949, 69.243729, 664.192872, 35.937869, 169.717076, 1677, 251253.0
950, 73.930983, 664.814138, 38.345694, 199.441302, 1589, 243079.0
951, 67.409706, 664.610194, 36.076287, 192.281136, 1676, 251149.0
952, 67.514280, 663.115240, 34.851163, 178.684354, 1696, 254095.0
953, 70.649671, 661.685213, 36.675786, 181.407621, 1659, 248724.0
954, 70.717512, 661.696726, 36.627958, 195.332944, 1659, 248142.0
955, 69.004666, 664.848463, 38.922071, 177.132392, 1665, 248912.0
956, 71.934303, 663.847384, 34.492468, 196.767712, 1615, 240190.0
957, 69.843411, 664.294642, 35.515093, 175.893304, 1693, 254241.0
958, 70.570296, 661.824086, 36.941205, 156.796283, 1695, 254000.0
959, 70.193024, 662.758013, 38.427578, 173.950582, 1682, 251694.0
960, 67.106968, 664.848079, 36.775382, 160.174096, 1692, 253034.0
961, 69.109593, 663.861874, 36.373390, 161.225981, 1692, 253285.0
962, 69.720298, 661.656624, 37.906087, 187.132030, 1676, 251077.0
963, 68.483771, 664.057328, 39.234334, 173.291834, 1685, 252100.0
964, 71.149795, 661.467305, 36.851452, 176.918564, 1657, 247861.0
965, 67.228827, 664.288911, 37.447324, 153.553247, 1686, 252813.0
966, 69.802799, 664.727839, 36.368506, 161.466077, 1679, 251374.0
967, 70.210011, 664.247137, 38.063312, 165.423477, 1675, 250530.0
968, 69.810691, 661.357304, 37.814917, 156.272850, 1689, 252791.0
969, 68.534447, 664.049088, 39.199196, 162.917209, 1685, 252152.0
970, 69.363243, 661.784945, 36.736415, 168.815302, 1675, 250562.0
971, 69.245924, 664.117466, 35.976173, 154.676558, 1684, 254140.0
972, 68.322493, 663.093424, 37.979942, 143.954220, 1689, 253104.0
973, 69.810691, 661.357304, 37.814917, 156.806726, 1691, 253314.0
974, 70.523761, 663.996551, 37.424115, 197.210920, 1661, 248328.0
975, 70.652194, 664.232874, 37.402236, 182.849916, 1661, 248801.0
976, 66.163558, 664.257872, 37.168358, 143.082458, 1692, 253137.0
977, 72.309324, 662.286408, 37.194415, 185.282978, 1626, 242841.0
978, 68.322493, 663.093424, 37.979942, 151.135962, 1688, 253127.0
979, 68.655693, 664.116359, 38.922848, 180.449895, 1692, 253566.0
980, 72.383916, 664.999780, 36.954423, 205.765597, 1589, 236864.0
981, 69.894097, 661.266379, 37.462197, 170.363272, 1688, 252575.0
982, 70.472399, 663.293346, 36.516457, 176.040005, 1660, 252563.0
983, 69.072508, 664.859976, 38.874243, 184.425928, 1644, 252659.0
984, 70.593616, 660.978937, 37.369802, 172.460818, 1660, 248139.0
985, 69.062766, 662.522226, 37.693158, 182.356657, 1670, 249895.0
986, 69.789059, 664.709036, 36.116578, 167.100107, 1680, 251862.0
987, 70.571349, 664.356310, 35.807048, 173.009889, 1658, 247364.0
988, 66.958069, 662.458123, 39.675810, 156.753531, 1692, 253255.0
989, 67.010342, 664.278825, 36.284458, 197.448801, 1680, 250757.0
990, 69.004666, 664.848463, 38.922071, 172.547698, 1684, 251629.0
991, 70.902106, 663.148020, 38.419939, 164.925612, 1659, 247867.0
992, 68.608348, 662.422140, 36.925957, 171.355277, 1686, 251775.0
993, 68.836206, 664.547331, 36.788339, 179.464122, 1681, 251147.0
994, 71.335500, 662.062545, 39.864204, 173.927180, 1649, 246277.0
995, 66.835867, 664.510857, 36.927317, 163.072505, 1694, 252674.0
996, 71.204857, 662.452518, 36.747055, 176.387230, 1672, 249632.0
997, 70.570296, 661.824086, 36.941205, 181.136210, 1666, 248674.0
998, 69.004666, 664.848463, 38.922071, 181.504663, 1689, 252393.0
999, 71.120775, 663.543108, 37.912136, 185.483697, 1656, 247407.0
