#idx, x0, x1, x2, y, f_neval, total_time (us), 
0, 70.925926, 665.547846, 36.804138, 176.914673, 1721, 268142.0
1, 72.663944, 664.522940, 37.955573, 205.715688, 1668, 248280.0
2, 71.411371, 663.962872, 37.105066, 200.031314, 1666, 251714.0
3, 70.210011, 664.247137, 38.063312, 205.251017, 1721, 256717.0
4, 72.381818, 663.720390, 34.866376, 220.039656, 1654, 245946.0
5, 71.600131, 663.383766, 36.715829, 210.893674, 1689, 251966.0
6, 72.401930, 661.785569, 38.725725, 198.443282, 1680, 250675.0
7, 73.060268, 662.447231, 38.970706, 211.396707, 1656, 246631.0
8, 72.397586, 663.979690, 37.414524, 204.911980, 1662, 247339.0
9, 71.811299, 664.865804, 37.004369, 220.813962, 1654, 256422.0
10, 75.829810, 662.643161, 37.005122, 232.889686, 1628, 242759.0
11, 72.772195, 662.769770, 36.512255, 198.294217, 1659, 258480.0
12, 72.396316, 661.765710, 38.541729, 186.500185, 1692, 252432.0
13, 72.739452, 663.510328, 37.727832, 234.793447, 1652, 245861.0
14, 71.557288, 664.005441, 37.499051, 215.162443, 1661, 247550.0
15, 70.467717, 664.757364, 35.780691, 177.690234, 1743, 270956.0
16, 69.607173, 662.629973, 39.005112, 176.735506, 1737, 270529.0
17, 70.925926, 665.547846, 36.804138, 195.503017, 1666, 249448.0
18, 67.451764, 664.871613, 36.706010, 206.314183, 1742, 261152.0
19, 73.447455, 664.548892, 37.170306, 232.479389, 1638, 244443.0
20, 73.122524, 663.820818, 39.187181, 206.352795, 1667, 248254.0
21, 71.710621, 664.926940, 36.881403, 186.345176, 1677, 249545.0
22, 69.789059, 664.709036, 36.116578, 187.305562, 1754, 261823.0
23, 74.129705, 660.691494, 37.609189, 219.357492, 1651, 246065.0
24, 71.448362, 662.546370, 39.029242, 218.745841, 1643, 244868.0
25, 70.560838, 665.161184, 39.636955, 198.200237, 1707, 255904.0
26, 74.712220, 664.973397, 35.909967, 223.380915, 1633, 245437.0
27, 70.925926, 665.547846, 36.804138, 185.899294, 1727, 259202.0
28, 71.362766, 662.010416, 39.838324, 187.990411, 1717, 258213.0
29, 71.710621, 664.926940, 36.881403, 199.056509, 1649, 245880.0
30, 68.838705, 664.461452, 36.831963, 177.525157, 1730, 260350.0
31, 70.629864, 661.834195, 36.899210, 201.354516, 1722, 258838.0
32, 69.072508, 664.859976, 38.874243, 184.594628, 1726, 259226.0
33, 71.120775, 663.543108, 37.912136, 177.607560, 1691, 253722.0
34, 70.674028, 661.044295, 37.192589, 183.147107, 1713, 257564.0
35, 74.709315, 661.969198, 36.928134, 213.614094, 1653, 248220.0
36, 71.436479, 662.041752, 39.541421, 192.677088, 1658, 248691.0
37, 68.480614, 662.046704, 38.333639, 179.774298, 1747, 263042.0
38, 69.865251, 664.097626, 37.338696, 204.081880, 1705, 256077.0
39, 67.291120, 663.065642, 39.563870, 168.803555, 1745, 262492.0
40, 72.533265, 661.923754, 38.433768, 192.302390, 1668, 250429.0
41, 70.925926, 665.547846, 36.804138, 182.004361, 1692, 253815.0
42, 67.080931, 664.236938, 37.709308, 187.121114, 1758, 264361.0
43, 72.073749, 662.409850, 36.885982, 207.516396, 1663, 249818.0
44, 71.736514, 661.695516, 39.960873, 170.237792, 1693, 254373.0
45, 69.291115, 663.864676, 36.719216, 192.259339, 1745, 262041.0
46, 69.551858, 666.222984, 36.165543, 199.047684, 1740, 261370.0
47, 71.784127, 663.453641, 37.139422, 193.931474, 1682, 252637.0
48, 70.649671, 661.685213, 36.675786, 188.796195, 1730, 258831.0
49, 71.838902, 662.098944, 36.177399, 187.327241, 1681, 261470.0
50, 71.924277, 664.875528, 36.716784, 183.995384, 1669, 250977.0
51, 72.101457, 664.873261, 37.174994, 199.657438, 1667, 248650.0
52, 66.542562, 662.405776, 36.287800, 165.688799, 1748, 261411.0
53, 70.069246, 663.749999, 37.393111, 222.783589, 1660, 247826.0
54, 72.396316, 661.765710, 38.541729, 203.982239, 1677, 250542.0
55, 68.852361, 664.850601, 39.113470, 169.946948, 1755, 262864.0
56, 70.925926, 665.547846, 36.804138, 193.101820, 1718, 256803.0
57, 67.440572, 664.667974, 36.804981, 174.913348, 1739, 260826.0
58, 69.607173, 662.629973, 39.005112, 187.906097, 1718, 256692.0
59, 68.534447, 664.049088, 39.199196, 174.785382, 1745, 261286.0
60, 72.001687, 664.654815, 38.303017, 190.626328, 1673, 249722.0
61, 68.483771, 664.057328, 39.234334, 154.289297, 1754, 262791.0
62, 69.109593, 663.861874, 36.373390, 163.732994, 1741, 260463.0
63, 67.376884, 664.695682, 37.225305, 181.396608, 1742, 260805.0
64, 70.925926, 665.547846, 36.804138, 190.127865, 1725, 260356.0
65, 66.988065, 664.653056, 36.997709, 181.625341, 1758, 262768.0
66, 69.690726, 662.125057, 38.587340, 173.058357, 1751, 262393.0
67, 71.927433, 664.522438, 36.228679, 214.517060, 1647, 245580.0
68, 66.338063, 663.688250, 37.645243, 184.306295, 1761, 263448.0
69, 68.365492, 662.917674, 39.169072, 209.027593, 1717, 256777.0
70, 67.409706, 664.610194, 36.076287, 166.429902, 1756, 262787.0
71, 70.313165, 665.226633, 35.864692, 192.485308, 1754, 262572.0
72, 72.351640, 662.154482, 37.563700, 200.899811, 1672, 249644.0
73, 64.179999, 663.650254, 37.595081, 184.138554, 1760, 263328.0
74, 68.838705, 664.461452, 36.831963, 175.888324, 1747, 261731.0
75, 69.004666, 664.848463, 38.922071, 186.939382, 1743, 261033.0
76, 66.622880, 664.209906, 36.423009, 185.636222, 1729, 258511.0
77, 67.456424, 661.155452, 36.658632, 165.069591, 1755, 272475.0
78, 70.629864, 661.834195, 36.899210, 181.949051, 1745, 261509.0
79, 70.414532, 661.307515, 38.062977, 204.782955, 1699, 255934.0
80, 66.974814, 664.574515, 37.377284, 168.960239, 1751, 261707.0
81, 68.706946, 663.101261, 38.431767, 162.093681, 1755, 279208.0
82, 69.629497, 664.405799, 35.494583, 160.917122, 1756, 264998.0
83, 70.925926, 665.547846, 36.804138, 190.587787, 1720, 257662.0
84, 69.237982, 661.263551, 37.728379, 179.302178, 1751, 264272.0
85, 69.865286, 664.940079, 37.151444, 204.957180, 1695, 254026.0
86, 67.127117, 664.651575, 36.372106, 174.726537, 1758, 265542.0
87, 66.885808, 664.211509, 36.403424, 171.335810, 1734, 261767.0
88, 66.835867, 664.510857, 36.927317, 174.620442, 1738, 261976.0
89, 69.826668, 663.416954, 36.772923, 157.911733, 1755, 265484.0
90, 71.622364, 664.860370, 36.450158, 214.920392, 1666, 250808.0
91, 69.664673, 660.843337, 37.613931, 178.077094, 1737, 262436.0
92, 67.340210, 661.594471, 37.696336, 187.481036, 1751, 262040.0
93, 66.564647, 663.872379, 37.323117, 194.619901, 1742, 260648.0
94, 70.207511, 664.333017, 38.019687, 172.464218, 1750, 262445.0
95, 68.693204, 664.573996, 39.633415, 168.005506, 1755, 266691.0
96, 69.605167, 662.842650, 36.815258, 173.356628, 1752, 264103.0
97, 70.056100, 664.603386, 36.055323, 175.679446, 1757, 263452.0
98, 69.859400, 664.634669, 36.112374, 165.180805, 1755, 263994.0
99, 67.564171, 665.002233, 37.120850, 182.138248, 1747, 262860.0
100, 66.654033, 662.702112, 37.237122, 170.518397, 1746, 261817.0
101, 68.872503, 664.396461, 36.785812, 203.203560, 1721, 257618.0
102, 68.254028, 662.142499, 38.358011, 162.993467, 1755, 262578.0
103, 70.060891, 661.197972, 39.648293, 176.839465, 1759, 263093.0
104, 68.953680, 664.763241, 35.617577, 181.311345, 1742, 260189.0
105, 67.409706, 664.610194, 36.076287, 189.128777, 1733, 259594.0
106, 70.925926, 665.547846, 36.804138, 196.072977, 1686, 252536.0
107, 70.673338, 661.674935, 37.725031, 182.054396, 1718, 257878.0
108, 67.409706, 664.610194, 36.076287, 189.355706, 1743, 261676.0
109, 69.789059, 664.709036, 36.116578, 178.979395, 1747, 260585.0
110, 69.789059, 664.709036, 36.116578, 178.188885, 1755, 263357.0
111, 68.838705, 664.461452, 36.831963, 184.728136, 1734, 260187.0
112, 70.717512, 661.696726, 36.627958, 190.171316, 1721, 256906.0
113, 70.570296, 661.824086, 36.941205, 162.656561, 1759, 265173.0
114, 70.925926, 665.547846, 36.804138, 198.738117, 1677, 256944.0
115, 66.575397, 662.158427, 39.497482, 169.574874, 1753, 263537.0
116, 72.315887, 665.256898, 35.926869, 223.894964, 1655, 247508.0
117, 69.819999, 665.277353, 35.199240, 217.430468, 1707, 254574.0
118, 69.833361, 661.930687, 36.550823, 195.483453, 1756, 276710.0
119, 66.119034, 664.254629, 37.230126, 151.090775, 1753, 268496.0
120, 66.627245, 662.819640, 39.443972, 158.779853, 1747, 272745.0
121, 67.715449, 663.484484, 34.796868, 179.125049, 1746, 261608.0
122, 72.501911, 661.617888, 38.178806, 205.748333, 1659, 251810.0
123, 70.056100, 664.603386, 36.055323, 178.965975, 1740, 260663.0
124, 70.919172, 661.634738, 36.500591, 163.765699, 1721, 258048.0
125, 69.664673, 660.843337, 37.613931, 186.229636, 1752, 262870.0
126, 68.111314, 663.956509, 40.399098, 182.216849, 1752, 267527.0
127, 67.293432, 661.949801, 37.654226, 172.201760, 1749, 268437.0
128, 70.722795, 662.940037, 36.828115, 192.268743, 1706, 257162.0
129, 70.919172, 661.634738, 36.500591, 185.094969, 1725, 263999.0
130, 70.222017, 665.519471, 35.839426, 176.130490, 1743, 262081.0
131, 70.962086, 662.769846, 37.108934, 200.366823, 1674, 252335.0
132, 71.414600, 663.661421, 37.414277, 193.465843, 1676, 252542.0
133, 67.254047, 664.530884, 36.656838, 160.279820, 1753, 269839.0
134, 70.056100, 664.603386, 36.055323, 199.153902, 1758, 274361.0
135, 70.925926, 665.547846, 36.804138, 216.246955, 1672, 257849.0
136, 71.072992, 663.891813, 37.214420, 202.930395, 1689, 257739.0
137, 69.245924, 664.117466, 35.976173, 179.817889, 1731, 259718.0
138, 69.646607, 661.520039, 36.461354, 167.318654, 1746, 268857.0
139, 70.447461, 663.119185, 38.349286, 199.776543, 1675, 252868.0
140, 69.571383, 664.219656, 37.689878, 185.570756, 1748, 260376.0
141, 70.909533, 664.656869, 36.674075, 184.086970, 1742, 258885.0
142, 70.110001, 664.367020, 38.535914, 184.015223, 1700, 253808.0
143, 70.649671, 661.685213, 36.675786, 179.124579, 1722, 257443.0
144, 73.865395, 662.949557, 37.437744, 203.874737, 1660, 247581.0
145, 69.278837, 664.170010, 37.896122, 188.796167, 1754, 266440.0
146, 69.789059, 664.709036, 36.116578, 171.418224, 1739, 264104.0
147, 74.047688, 663.077817, 36.614487, 218.043075, 1652, 247902.0
148, 69.859400, 664.634669, 36.112374, 181.158990, 1740, 261734.0
149, 73.520879, 663.562680, 37.045246, 207.032443, 1675, 257491.0
150, 67.477268, 662.035098, 37.722047, 192.160692, 1734, 259353.0
151, 70.870942, 664.245663, 37.386713, 212.548202, 1685, 252464.0
152, 73.565541, 663.907383, 37.079350, 204.491390, 1653, 248444.0
153, 70.592158, 664.853374, 36.958768, 189.362405, 1726, 259485.0
154, 69.859400, 664.634669, 36.112374, 163.527069, 1742, 261847.0
155, 70.571349, 664.356310, 35.807048, 176.718440, 1734, 260627.0
156, 67.956411, 661.924999, 37.901328, 181.225556, 1740, 259796.0
157, 69.664673, 660.843337, 37.613931, 188.966050, 1736, 259472.0
158, 72.533265, 661.923754, 38.433768, 211.141621, 1676, 251136.0
159, 70.717512, 661.696726, 36.627958, 172.136484, 1743, 261055.0
160, 72.737916, 663.563995, 38.724312, 195.757569, 1652, 247205.0
161, 72.189652, 664.782900, 36.978349, 214.797294, 1651, 246978.0
162, 72.655073, 661.495523, 36.983172, 188.332203, 1677, 251093.0
163, 71.775445, 661.757732, 37.032935, 201.801041, 1669, 248593.0
164, 69.859400, 664.634669, 36.112374, 183.344102, 1745, 260507.0
165, 72.057573, 662.478933, 37.403637, 178.476376, 1690, 252243.0
166, 68.852361, 664.850601, 39.113470, 173.006079, 1747, 261252.0
167, 71.099529, 664.281057, 36.842134, 198.813841, 1636, 244170.0
168, 69.698567, 663.021291, 37.177109, 182.521888, 1723, 257716.0
169, 67.185645, 664.777679, 36.364913, 185.664584, 1743, 260665.0
170, 70.925926, 665.547846, 36.804138, 190.587220, 1716, 256513.0
171, 66.696173, 663.555527, 37.653526, 168.060466, 1760, 264113.0
172, 70.629864, 661.834195, 36.899210, 194.121740, 1717, 256754.0
173, 72.527418, 661.696308, 37.958861, 176.649939, 1678, 250484.0
174, 67.451764, 664.871613, 36.706010, 184.503921, 1731, 259083.0
175, 69.445546, 662.372508, 38.671641, 193.643178, 1706, 255045.0
176, 71.373857, 662.272246, 39.079860, 197.122137, 1713, 255908.0
177, 74.086832, 663.238893, 37.013203, 197.702553, 1657, 246139.0
178, 67.131908, 664.632790, 36.435924, 176.565684, 1747, 271831.0
179, 69.789059, 664.709036, 36.116578, 185.687149, 1754, 264336.0
180, 70.056100, 664.603386, 36.055323, 198.245141, 1746, 261019.0
181, 67.229255, 663.554192, 36.130855, 154.447597, 1751, 261845.0
182, 69.894097, 661.266379, 37.462197, 185.605285, 1757, 262800.0
183, 67.131908, 664.632790, 36.435924, 169.962748, 1748, 261773.0
184, 71.483744, 664.067270, 38.495104, 211.170648, 1651, 245628.0
185, 71.049484, 661.642158, 36.520293, 167.087770, 1730, 258525.0
186, 67.728504, 662.113122, 38.594510, 180.526065, 1725, 258434.0
187, 70.649671, 661.685213, 36.675786, 185.151045, 1721, 257920.0
188, 70.210011, 664.247137, 38.063312, 193.533726, 1722, 257512.0
189, 67.511608, 664.638264, 35.653302, 193.119048, 1738, 260148.0
190, 70.549392, 661.349792, 36.757627, 174.753060, 1734, 258961.0
191, 69.070313, 664.935382, 38.835939, 175.727945, 1737, 259328.0
192, 73.248268, 661.275649, 37.581189, 194.813004, 1653, 246011.0
193, 70.662692, 663.783255, 37.724005, 200.051840, 1690, 252255.0
194, 70.980768, 663.274685, 39.330998, 183.436882, 1702, 258853.0
195, 73.248268, 661.275649, 37.581189, 196.166243, 1681, 250843.0
196, 72.127500, 662.950950, 38.064698, 184.326955, 1666, 248248.0
197, 70.571349, 664.356310, 35.807048, 167.624993, 1737, 259447.0
198, 68.604789, 663.974722, 39.194993, 155.690187, 1755, 262432.0
199, 69.781976, 664.297171, 36.939578, 188.018701, 1711, 255379.0
200, 71.240927, 664.320893, 37.245805, 179.524315, 1693, 252344.0
201, 71.041347, 661.436974, 36.564608, 182.548869, 1715, 266770.0
202, 68.365492, 662.917674, 39.169072, 177.075653, 1750, 261805.0
203, 71.465970, 664.089055, 38.074291, 180.596512, 1691, 263992.0
204, 70.533725, 661.049028, 39.917523, 198.625248, 1717, 255993.0
205, 70.467717, 664.757364, 35.780691, 185.053213, 1727, 269363.0
206, 71.322689, 661.990029, 36.306381, 199.784669, 1654, 246315.0
207, 70.623864, 662.997550, 36.230316, 193.083668, 1709, 255110.0
208, 69.541527, 664.251738, 36.490859, 196.426587, 1706, 254696.0
209, 74.086832, 663.238893, 37.013203, 205.525442, 1667, 248619.0
210, 73.331121, 664.440097, 37.353920, 237.342373, 1631, 246283.0
211, 71.762034, 664.785996, 36.933821, 190.471831, 1666, 266116.0
212, 71.854661, 665.070061, 36.521349, 219.285188, 1662, 247318.0
213, 72.445432, 663.911942, 38.557518, 242.552946, 1649, 245789.0
214, 73.523079, 664.307038, 38.635605, 215.347558, 1659, 247202.0
215, 73.167810, 663.327479, 36.868268, 200.194343, 1657, 252610.0
216, 69.603697, 663.339496, 36.343862, 186.125212, 1750, 262002.0
217, 69.980445, 663.836104, 38.824755, 177.738707, 1733, 259238.0
218, 69.241541, 664.055462, 35.729415, 190.080321, 1722, 257473.0
219, 74.078380, 664.377901, 36.285481, 251.702963, 1632, 244314.0
220, 71.822616, 664.376566, 38.130865, 197.092593, 1665, 248256.0
221, 72.716263, 662.440023, 37.452316, 212.726604, 1673, 249075.0
222, 71.005905, 663.135910, 39.185848, 200.044035, 1692, 252756.0
223, 72.384189, 663.812856, 36.729570, 192.670986, 1672, 249508.0
224, 70.649671, 661.685213, 36.675786, 181.653156, 1734, 259370.0
225, 70.914550, 664.139922, 37.675232, 178.903907, 1710, 255757.0
226, 70.570296, 661.824086, 36.941205, 161.967953, 1725, 258078.0
227, 70.603966, 662.993612, 36.182364, 203.386735, 1731, 284701.0
228, 70.925926, 665.547846, 36.804138, 188.774753, 1694, 252899.0
229, 71.793483, 664.617890, 36.368362, 195.440764, 1650, 245904.0
230, 69.173817, 663.965892, 35.840098, 199.853863, 1709, 255240.0
231, 76.123225, 665.980078, 35.799861, 239.260027, 1629, 242199.0
232, 71.718775, 662.407432, 40.110966, 182.247890, 1691, 252894.0
233, 70.839889, 664.305033, 37.416188, 165.746658, 1727, 258566.0
234, 69.859400, 664.634669, 36.112374, 187.854002, 1723, 257805.0
235, 72.533265, 661.923754, 38.433768, 185.272516, 1673, 252343.0
236, 68.551696, 664.392537, 37.461566, 179.047865, 1745, 260903.0
237, 69.859400, 664.634669, 36.112374, 188.195153, 1746, 261023.0
238, 70.717512, 661.696726, 36.627958, 184.605584, 1711, 255558.0
239, 73.167810, 663.327479, 36.868268, 177.542913, 1666, 247989.0
240, 67.986511, 662.569082, 38.363167, 189.985884, 1753, 261656.0
241, 70.629864, 661.834195, 36.899210, 180.427560, 1739, 259954.0
242, 68.537857, 663.632288, 39.274520, 165.467472, 1757, 263132.0
243, 72.327624, 665.108193, 37.087805, 200.725660, 1673, 249681.0
244, 70.094057, 663.299377, 36.717727, 178.828318, 1746, 260789.0
245, 67.980818, 661.546347, 37.978363, 170.840235, 1745, 260681.0
246, 68.382399, 664.425390, 35.611804, 170.617338, 1753, 261693.0
247, 70.207511, 664.333017, 38.019687, 177.323522, 1737, 259322.0
248, 70.836811, 662.646798, 36.982807, 225.611764, 1690, 251277.0
249, 70.359817, 663.643100, 37.017503, 177.868138, 1737, 259052.0
250, 71.075766, 664.293683, 36.880659, 173.261872, 1718, 255931.0
251, 68.372897, 662.672032, 38.809936, 225.127912, 1718, 256007.0
252, 72.562898, 663.433468, 36.552757, 209.300216, 1649, 244794.0
253, 68.836206, 664.547331, 36.788339, 187.229424, 1747, 261580.0
254, 70.056100, 664.603386, 36.055323, 184.685699, 1754, 262364.0
255, 70.717512, 661.696726, 36.627958, 198.190962, 1713, 255583.0
256, 72.840602, 663.723276, 34.486236, 216.903607, 1635, 242519.0
257, 74.034580, 661.442462, 37.845965, 193.916184, 1658, 247416.0
258, 69.859400, 664.634669, 36.112374, 173.162355, 1745, 261199.0
259, 68.650721, 661.652717, 37.172909, 183.787142, 1744, 260621.0
260, 70.056100, 664.603386, 36.055323, 186.001984, 1751, 261963.0
261, 72.355150, 665.142457, 37.050483, 233.832901, 1646, 245345.0
262, 71.407065, 662.051647, 39.523351, 168.368434, 1688, 252275.0
263, 70.566357, 664.285694, 35.526018, 182.303724, 1735, 258980.0
264, 69.721348, 663.171305, 36.956886, 162.203566, 1735, 258834.0
265, 66.295089, 662.399304, 36.354254, 186.016001, 1748, 260663.0
266, 68.838705, 664.461452, 36.831963, 194.406611, 1724, 258030.0
267, 70.649671, 661.685213, 36.675786, 204.499195, 1711, 255565.0
268, 73.910231, 663.253710, 34.732551, 256.244336, 1648, 245594.0
269, 68.609654, 664.030709, 36.611352, 173.506094, 1753, 262299.0
270, 71.221298, 664.076125, 37.471416, 210.731131, 1672, 249164.0
271, 73.930983, 664.814138, 38.345694, 218.212652, 1650, 245968.0
272, 69.607173, 662.629973, 39.005112, 180.167645, 1723, 257631.0
273, 70.056100, 664.603386, 36.055323, 189.639139, 1738, 260462.0
274, 68.926172, 664.276846, 37.368486, 176.182677, 1761, 263599.0
275, 70.925926, 665.547846, 36.804138, 198.398459, 1726, 262625.0
276, 68.838705, 664.461452, 36.831963, 190.294870, 1741, 267633.0
277, 70.925926, 665.547846, 36.804138, 185.884695, 1744, 260874.0
278, 71.036939, 664.274856, 37.076170, 190.783975, 1701, 254049.0
279, 66.661657, 664.125853, 37.889914, 166.026058, 1753, 261962.0
280, 73.831619, 664.209736, 37.953309, 229.441442, 1656, 246549.0
281, 72.474179, 663.757963, 38.728363, 188.974939, 1647, 245542.0
282, 69.980445, 663.836104, 38.824755, 167.167840, 1738, 259701.0
283, 73.996124, 665.647073, 35.184492, 217.930848, 1635, 243374.0
284, 71.578594, 664.410188, 37.560194, 202.369508, 1661, 247576.0
285, 71.362766, 662.010416, 39.838324, 195.291353, 1687, 251619.0
286, 69.859400, 664.634669, 36.112374, 192.507623, 1749, 262175.0
287, 70.570296, 661.824086, 36.941205, 184.717603, 1741, 260274.0
288, 70.210011, 664.247137, 38.063312, 189.693289, 1716, 256385.0
289, 70.080905, 661.047843, 37.574854, 165.440497, 1745, 261488.0
290, 72.049933, 664.485078, 38.662194, 192.492477, 1698, 261011.0
291, 70.968959, 663.982130, 37.546372, 176.058077, 1729, 259039.0
292, 70.925926, 665.547846, 36.804138, 189.282869, 1666, 274408.0
293, 70.094057, 663.299377, 36.717727, 181.761886, 1749, 280272.0
294, 71.039858, 664.175682, 37.450897, 189.376171, 1725, 276133.0
295, 67.114726, 664.776060, 37.408569, 172.535326, 1757, 278765.0
296, 68.852361, 664.850601, 39.113470, 170.053138, 1751, 289809.0
297, 69.815573, 664.208133, 37.071006, 221.805028, 1702, 257497.0
298, 68.967726, 661.926347, 36.443832, 196.091904, 1736, 268844.0
299, 72.530664, 663.476509, 36.695310, 207.634440, 1663, 257984.0
300, 70.382604, 664.139942, 37.486532, 166.087797, 1732, 258261.0
301, 69.945092, 663.879975, 37.630012, 164.291790, 1738, 259320.0
302, 68.604789, 663.974722, 39.194993, 169.290837, 1746, 260978.0
303, 69.859400, 664.634669, 36.112374, 191.997179, 1752, 261719.0
304, 68.908495, 664.408322, 36.689626, 212.449235, 1718, 255934.0
305, 70.056100, 664.603386, 36.055323, 160.025452, 1752, 261483.0
306, 70.571349, 664.356310, 35.807048, 179.630941, 1730, 257943.0
307, 70.925926, 665.547846, 36.804138, 197.707672, 1674, 253340.0
308, 70.623864, 662.997550, 36.230316, 181.628119, 1746, 275862.0
309, 70.207511, 664.333017, 38.019687, 172.270394, 1756, 262756.0
310, 70.902106, 663.148020, 38.419939, 176.687464, 1730, 258661.0
311, 70.460079, 662.052416, 40.261252, 204.365922, 1690, 252378.0
312, 70.516619, 663.999692, 37.371200, 206.540143, 1721, 257113.0
313, 69.051815, 662.259830, 36.613122, 196.422285, 1734, 259248.0
314, 72.388237, 662.687452, 37.783159, 197.597442, 1681, 250421.0
315, 72.150011, 662.593154, 37.896271, 183.539652, 1676, 249300.0
316, 74.666694, 663.402903, 36.596160, 220.767155, 1645, 244997.0
317, 72.663944, 664.522940, 37.955573, 220.227763, 1670, 248557.0
318, 70.925926, 665.547846, 36.804138, 220.075814, 1706, 254054.0
319, 68.872503, 664.396461, 36.785812, 199.914145, 1714, 255441.0
320, 73.473548, 664.961732, 36.961553, 224.200050, 1641, 243641.0
321, 72.403756, 664.034764, 37.189735, 177.892478, 1667, 248773.0
322, 70.839889, 664.305033, 37.416188, 175.725595, 1729, 258619.0
323, 74.959042, 664.179177, 37.453004, 251.511308, 1625, 242191.0
324, 72.445432, 663.911942, 38.557518, 218.657633, 1653, 246245.0
325, 68.838705, 664.461452, 36.831963, 205.884578, 1724, 257325.0
326, 73.524693, 664.593457, 36.788140, 227.576590, 1642, 243975.0
327, 73.238799, 664.098315, 37.292562, 231.371172, 1657, 246828.0
328, 69.004666, 664.848463, 38.922071, 181.701131, 1747, 261648.0
329, 69.241541, 664.055462, 35.729415, 205.458745, 1733, 258721.0
330, 70.587043, 665.760573, 34.972450, 208.156814, 1655, 246707.0
331, 70.925926, 665.547846, 36.804138, 195.426125, 1717, 256364.0
332, 68.650721, 661.652717, 37.172909, 171.201324, 1748, 261395.0
333, 69.072508, 664.859976, 38.874243, 188.261084, 1745, 260869.0
334, 67.158027, 661.629760, 39.163928, 181.862416, 1759, 263207.0
335, 68.852361, 664.850601, 39.113470, 177.997428, 1739, 260761.0
336, 68.693204, 664.573996, 39.633415, 182.740444, 1754, 262512.0
337, 68.922702, 664.776235, 39.109267, 174.450839, 1742, 261142.0
338, 71.990090, 663.039066, 38.296099, 184.778561, 1686, 252090.0
339, 71.655959, 663.291832, 39.963435, 182.704631, 1674, 249577.0
340, 73.519665, 664.996558, 36.756450, 222.558575, 1641, 244739.0
341, 67.993078, 662.013178, 38.022241, 174.996144, 1754, 270104.0
342, 68.480614, 662.046704, 38.333639, 181.199305, 1725, 257702.0
343, 71.529044, 664.229846, 36.550870, 201.270125, 1652, 246215.0
344, 70.982849, 663.453231, 35.932597, 196.070053, 1716, 256440.0
345, 70.968060, 663.732411, 36.269263, 195.693420, 1676, 250021.0
346, 70.056100, 664.603386, 36.055323, 182.074770, 1755, 262517.0
347, 72.385606, 662.407039, 37.962460, 177.339432, 1676, 250056.0
348, 72.530664, 663.476509, 36.695310, 204.006984, 1672, 248529.0
349, 67.451764, 664.871613, 36.706010, 162.940761, 1754, 262500.0
350, 72.864237, 663.012345, 38.957177, 206.226612, 1658, 247124.0
351, 71.155322, 660.744851, 40.190341, 179.871854, 1723, 257547.0
352, 68.365492, 662.917674, 39.169072, 175.053916, 1744, 269957.0
353, 70.629864, 661.834195, 36.899210, 196.463243, 1711, 255525.0
354, 68.534447, 664.049088, 39.199196, 184.414775, 1732, 259199.0
355, 69.004666, 664.848463, 38.922071, 173.934809, 1740, 260806.0
356, 69.639274, 664.676231, 39.095847, 174.696503, 1721, 257518.0
357, 70.570296, 661.824086, 36.941205, 168.788449, 1728, 258103.0
358, 66.404149, 664.114363, 36.987019, 172.950994, 1753, 261721.0
359, 70.800519, 664.598228, 37.562539, 182.671158, 1717, 256587.0
360, 70.621706, 661.685519, 36.633326, 198.572645, 1697, 253741.0
361, 70.717512, 661.696726, 36.627958, 204.178998, 1723, 257407.0
362, 73.194684, 664.311810, 37.360980, 201.870343, 1662, 248155.0
363, 71.657814, 664.236269, 35.408746, 220.253548, 1662, 247645.0
364, 70.152314, 664.500613, 38.049688, 185.256814, 1739, 260176.0
365, 66.904064, 663.267197, 37.465364, 176.912620, 1753, 262045.0
366, 69.938226, 663.112982, 36.965934, 163.591063, 1754, 261966.0
367, 70.207511, 664.333017, 38.019687, 201.949523, 1711, 255421.0
368, 71.407065, 662.051647, 39.523351, 183.212526, 1687, 252032.0
369, 70.717512, 661.696726, 36.627958, 201.615771, 1749, 261553.0
370, 73.360832, 664.787436, 35.826994, 202.150676, 1651, 246303.0
371, 70.925926, 665.547846, 36.804138, 195.951474, 1697, 253349.0
372, 68.872503, 664.396461, 36.785812, 185.773627, 1726, 257940.0
373, 68.322493, 663.093424, 37.979942, 174.314220, 1748, 263431.0
374, 74.234861, 665.460272, 36.581422, 206.575675, 1654, 250118.0
375, 73.302798, 664.325782, 36.851160, 221.620615, 1648, 245907.0
376, 67.564171, 665.002233, 37.120850, 188.831435, 1745, 262145.0
377, 69.188084, 664.907575, 38.876786, 181.842000, 1732, 260006.0
378, 71.811299, 664.865804, 37.004369, 212.800061, 1647, 246923.0
379, 72.768514, 663.089866, 37.456256, 200.356911, 1678, 250284.0
380, 70.806865, 664.348699, 37.374748, 185.576929, 1729, 258660.0
381, 68.365492, 662.917674, 39.169072, 214.449229, 1721, 256917.0
382, 70.962086, 662.769846, 37.108934, 178.876853, 1725, 258144.0
383, 69.785135, 663.591344, 36.340262, 188.206916, 1714, 255862.0
384, 71.337048, 663.084875, 38.315882, 186.427854, 1675, 249702.0
385, 70.901362, 662.997045, 37.181675, 192.523629, 1694, 261748.0
386, 72.286351, 664.919620, 37.084655, 214.042172, 1635, 243490.0
387, 73.074297, 662.806030, 36.319863, 208.334120, 1666, 248780.0
388, 70.717512, 661.696726, 36.627958, 198.842204, 1715, 256535.0
389, 73.700421, 664.159347, 35.173913, 226.566898, 1657, 247705.0
390, 75.569638, 665.323733, 37.701750, 211.919615, 1626, 242407.0
391, 72.648882, 664.216175, 35.931796, 247.690677, 1648, 246452.0
392, 72.351640, 662.154482, 37.563700, 190.119595, 1683, 251604.0
393, 73.772510, 664.120730, 38.096187, 222.359819, 1658, 247366.0
394, 71.431691, 661.575301, 37.018081, 203.032171, 1682, 250831.0
395, 70.134130, 661.322494, 40.151493, 205.630282, 1704, 254537.0
396, 74.610227, 663.583969, 37.057699, 207.211041, 1624, 242359.0
397, 72.244107, 661.674494, 37.532231, 219.070007, 1682, 251315.0
398, 72.523480, 663.217988, 35.498043, 207.008110, 1661, 247994.0
399, 73.748898, 664.243170, 38.544017, 217.283739, 1648, 246206.0
400, 74.019491, 661.378600, 37.732513, 204.451049, 1657, 247592.0
401, 70.207511, 664.333017, 38.019687, 189.558556, 1735, 259734.0
402, 71.204230, 664.149476, 37.267314, 194.992239, 1695, 253369.0
403, 73.274332, 664.964297, 37.225534, 214.147492, 1647, 244766.0
404, 70.925926, 665.547846, 36.804138, 196.631108, 1714, 256261.0
405, 73.005651, 663.041615, 39.198890, 208.470015, 1662, 247836.0
406, 71.120775, 663.543108, 37.912136, 189.232068, 1723, 264329.0
407, 73.432499, 664.625212, 37.225260, 213.613333, 1647, 245333.0
408, 71.335500, 662.062545, 39.864204, 184.090794, 1724, 257527.0
409, 70.925926, 665.547846, 36.804138, 202.038210, 1672, 248965.0
410, 68.838705, 664.461452, 36.831963, 218.560464, 1723, 257101.0
411, 73.748898, 664.243170, 38.544017, 206.613367, 1657, 250061.0
412, 74.952507, 662.355843, 39.228728, 228.505136, 1659, 247484.0
413, 74.281035, 661.237506, 37.665681, 201.431585, 1653, 246992.0
414, 70.963116, 662.884870, 39.077495, 220.546140, 1664, 248098.0
415, 74.694454, 664.825706, 36.373394, 222.866700, 1642, 244939.0
416, 70.717512, 661.696726, 36.627958, 193.105883, 1715, 256528.0
417, 72.309324, 662.286408, 37.194415, 206.305753, 1670, 249234.0
418, 71.978591, 663.480758, 34.818208, 205.623740, 1679, 250460.0
419, 72.897231, 662.506742, 39.127863, 188.491480, 1671, 249944.0
420, 68.838705, 664.461452, 36.831963, 197.359996, 1733, 259052.0
421, 71.415764, 662.636897, 40.772730, 192.775912, 1679, 250123.0
422, 66.717007, 664.089310, 37.142799, 188.110086, 1753, 264897.0
423, 72.768514, 663.089866, 37.456256, 213.223925, 1666, 248664.0
424, 71.637607, 664.587906, 36.624912, 202.332388, 1668, 249035.0
425, 71.483744, 664.067270, 38.495104, 215.639582, 1646, 245277.0
426, 72.395355, 662.186324, 37.422300, 192.214688, 1677, 269567.0
427, 72.335065, 663.405292, 37.537837, 199.333302, 1688, 259062.0
428, 71.637607, 664.587906, 36.624912, 207.409243, 1662, 249867.0
429, 74.191214, 664.360667, 34.931843, 234.414975, 1655, 257787.0
430, 70.210011, 664.247137, 38.063312, 186.244061, 1726, 267817.0
431, 70.477936, 664.517613, 35.121367, 197.774200, 1695, 260480.0
432, 72.783924, 662.827107, 37.787156, 181.546267, 1686, 252665.0
433, 69.894097, 661.266379, 37.462197, 185.818536, 1743, 260967.0
434, 70.940195, 661.709124, 36.760234, 183.389921, 1703, 254583.0
435, 69.639318, 663.333436, 37.005440, 186.982927, 1726, 278721.0
436, 71.075766, 664.293683, 36.880659, 189.836953, 1693, 253456.0
437, 70.925926, 665.547846, 36.804138, 178.166933, 1735, 266006.0
438, 70.423170, 664.851438, 37.102262, 174.132944, 1729, 259866.0
439, 68.483771, 664.057328, 39.234334, 172.873143, 1746, 271642.0
440, 72.533265, 661.923754, 38.433768, 209.702085, 1659, 249411.0
441, 72.000514, 663.639985, 34.740811, 194.438111, 1701, 256567.0
442, 71.005905, 663.135910, 39.185848, 183.696249, 1719, 279608.0
443, 70.870942, 664.245663, 37.386713, 197.383805, 1677, 249900.0
444, 69.892042, 663.481293, 38.960881, 185.059520, 1715, 264150.0
445, 68.537857, 663.632288, 39.274520, 172.145940, 1755, 271475.0
446, 72.193846, 663.086799, 37.061057, 210.170409, 1654, 247276.0
447, 72.073900, 664.726790, 37.137147, 206.223381, 1655, 246618.0
448, 71.942598, 662.826096, 36.944471, 198.286075, 1682, 250967.0
449, 70.925926, 665.547846, 36.804138, 198.501047, 1685, 251344.0
450, 72.308885, 662.660588, 37.515340, 208.117480, 1692, 252571.0
451, 71.140358, 662.244652, 37.201883, 195.789780, 1698, 253421.0
452, 70.432012, 661.082744, 37.275235, 174.667543, 1731, 258873.0
453, 66.969929, 664.523840, 37.094125, 181.177512, 1753, 262422.0
454, 66.696173, 663.555527, 37.653526, 180.445078, 1753, 262458.0
455, 71.503259, 663.516918, 39.145695, 180.636696, 1681, 250975.0
456, 72.626756, 664.735165, 35.999700, 205.148293, 1686, 251583.0
457, 73.744207, 664.591613, 38.758387, 202.278804, 1665, 248411.0
458, 67.333944, 664.467642, 36.171734, 189.846266, 1743, 260619.0
459, 71.237229, 664.149416, 37.295966, 186.448146, 1710, 255450.0
460, 74.241179, 665.473266, 36.433303, 212.703980, 1662, 247783.0
461, 72.304490, 663.338526, 37.446583, 191.243458, 1659, 247387.0
462, 70.566357, 664.285694, 35.526018, 178.179174, 1742, 260360.0
463, 72.175992, 664.779597, 37.061554, 200.306203, 1656, 247045.0
464, 73.117002, 663.742640, 36.703533, 202.659172, 1644, 244825.0
465, 71.325371, 661.893512, 38.614077, 202.627724, 1713, 256064.0
466, 70.936965, 664.210717, 37.602137, 189.460437, 1682, 250713.0
467, 67.564171, 665.002233, 37.120850, 185.653544, 1757, 262129.0
468, 68.551696, 664.392537, 37.461566, 171.123095, 1749, 261337.0
469, 69.239041, 664.141341, 35.685791, 204.097538, 1732, 259012.0
470, 72.168352, 665.169641, 35.876797, 188.369096, 1675, 250250.0
471, 71.108420, 661.661813, 39.936818, 178.371782, 1681, 253140.0
472, 70.649671, 661.685213, 36.675786, 182.940517, 1713, 258838.0
473, 73.437205, 662.434025, 38.666178, 198.569641, 1663, 248344.0
474, 68.923770, 663.728867, 36.671955, 174.872168, 1740, 260716.0
475, 68.124010, 664.069292, 36.437051, 190.085302, 1726, 257807.0
476, 71.111304, 661.025285, 36.616090, 198.908258, 1725, 257500.0
477, 69.859400, 664.634669, 36.112374, 197.617325, 1735, 259106.0
478, 70.919172, 661.634738, 36.500591, 191.833578, 1727, 257842.0
479, 72.437200, 664.322509, 38.418752, 193.961368, 1665, 248373.0
480, 69.980445, 663.836104, 38.824755, 190.414278, 1698, 253750.0
481, 70.649671, 661.685213, 36.675786, 204.380159, 1700, 253972.0
482, 68.908495, 664.408322, 36.689626, 187.717241, 1731, 258743.0
483, 68.836206, 664.547331, 36.788339, 193.170768, 1729, 258399.0
484, 67.791951, 662.373434, 38.932166, 154.417397, 1757, 263198.0
485, 69.904244, 660.697157, 38.699255, 212.891358, 1721, 257216.0
486, 69.859400, 664.634669, 36.112374, 164.520663, 1744, 260930.0
487, 68.836206, 664.547331, 36.788339, 184.691943, 1739, 260002.0
488, 71.204857, 662.452518, 36.747055, 190.551362, 1682, 250975.0
489, 71.355709, 662.574234, 37.325790, 175.779279, 1718, 256591.0
490, 71.056473, 662.694694, 37.098262, 194.387239, 1696, 253380.0
491, 73.501372, 664.646106, 36.926089, 239.884392, 1656, 246936.0
492, 72.305406, 663.159637, 36.853793, 208.114782, 1666, 250399.0
493, 68.611857, 664.204769, 39.007402, 193.534002, 1764, 272491.0
494, 71.572851, 663.370853, 37.581528, 186.306698, 1717, 267672.0
495, 72.533265, 661.923754, 38.433768, 208.202595, 1665, 251066.0
496, 69.894097, 661.266379, 37.462197, 203.242839, 1756, 297805.0
497, 72.814314, 661.672621, 37.793697, 216.150267, 1664, 250429.0
498, 73.930983, 664.814138, 38.345694, 212.793399, 1664, 250183.0
499, 73.536060, 664.626670, 36.175435, 240.069016, 1631, 244996.0
500, 71.748730, 661.744514, 37.280018, 195.213533, 1676, 251796.0
501, 69.109593, 663.861874, 36.373390, 183.481558, 1751, 265044.0
502, 71.812638, 664.326401, 34.410414, 173.285409, 1685, 254390.0
503, 68.483771, 664.057328, 39.234334, 177.303365, 1740, 262018.0
504, 73.411450, 665.163535, 36.942304, 229.676211, 1640, 257594.0
505, 69.619769, 663.263344, 37.397739, 166.255125, 1741, 261798.0
506, 73.090575, 663.171126, 37.077372, 203.055097, 1656, 249465.0
507, 72.469175, 665.305311, 34.207660, 203.372440, 1657, 247775.0
508, 71.129556, 662.665695, 36.854610, 201.978767, 1693, 253667.0
509, 71.644165, 664.727509, 37.139627, 207.678970, 1672, 252124.0
510, 69.036217, 665.325806, 34.983064, 171.319007, 1759, 266606.0
511, 72.403934, 662.591242, 37.142628, 190.135497, 1665, 250128.0
512, 72.572019, 662.031007, 39.032987, 230.837730, 1645, 247144.0
513, 73.056849, 662.761323, 38.954999, 203.490502, 1655, 249196.0
514, 70.925926, 665.547846, 36.804138, 215.184664, 1667, 250384.0
515, 72.187534, 664.098697, 39.249480, 189.614302, 1658, 248857.0
516, 73.533650, 664.650215, 36.941008, 228.748413, 1647, 246562.0
517, 70.903901, 661.617384, 37.360404, 198.812977, 1731, 294328.0
518, 68.483771, 664.057328, 39.234334, 175.089308, 1746, 262299.0
519, 69.278837, 664.170010, 37.896122, 180.902754, 1742, 261208.0
520, 74.231853, 661.305744, 37.967419, 229.701744, 1640, 246849.0
521, 70.056100, 664.603386, 36.055323, 181.917571, 1728, 259375.0
522, 70.210011, 664.247137, 38.063312, 195.403393, 1719, 282719.0
523, 72.427426, 665.086807, 35.809326, 214.105362, 1641, 244995.0
524, 71.038641, 663.057273, 37.036735, 194.006885, 1673, 250319.0
525, 72.533265, 661.923754, 38.433768, 207.620922, 1677, 251315.0
526, 71.826406, 663.314872, 39.240991, 170.377950, 1728, 259348.0
527, 72.447659, 661.867270, 37.346005, 178.747550, 1685, 252360.0
528, 68.984189, 663.715096, 36.150009, 185.205613, 1738, 260175.0
529, 71.876437, 665.201025, 37.860928, 198.704365, 1655, 247484.0
530, 69.774050, 661.858953, 36.532641, 183.084285, 1750, 261965.0
531, 72.212016, 664.786035, 36.112920, 237.079339, 1643, 246996.0
532, 71.733437, 665.114377, 36.988807, 209.078476, 1658, 247966.0
533, 71.432443, 665.674759, 35.837321, 220.056099, 1646, 248263.0
534, 68.322493, 663.093424, 37.979942, 163.057934, 1751, 262893.0
535, 70.210011, 664.247137, 38.063312, 185.652442, 1723, 258236.0
536, 70.570296, 661.824086, 36.941205, 192.167984, 1718, 257645.0
537, 70.803204, 661.418446, 37.995311, 188.355742, 1731, 275422.0
538, 68.493924, 662.670707, 38.993696, 181.473428, 1755, 263301.0
539, 73.854763, 661.714415, 37.992410, 238.808047, 1647, 246493.0
540, 69.859400, 664.634669, 36.112374, 177.143837, 1751, 262890.0
541, 71.665608, 663.902091, 39.095948, 189.383789, 1677, 251373.0
542, 70.570296, 661.824086, 36.941205, 182.703106, 1734, 260260.0
543, 70.967602, 662.854665, 36.500949, 224.113845, 1707, 255864.0
544, 69.606505, 664.672704, 36.317144, 189.516274, 1725, 259051.0
545, 68.098196, 663.200266, 39.185045, 175.899255, 1751, 263241.0
546, 70.717512, 661.696726, 36.627958, 213.990463, 1703, 255158.0
547, 70.999431, 663.234024, 39.297971, 177.515516, 1720, 258270.0
548, 68.836206, 664.547331, 36.788339, 211.663698, 1711, 256089.0
549, 71.890117, 662.778554, 37.259792, 187.424277, 1724, 272249.0
550, 70.885854, 664.230318, 37.525678, 213.027135, 1713, 256188.0
551, 70.915608, 663.249793, 38.535732, 180.212538, 1716, 256855.0
552, 69.859400, 664.634669, 36.112374, 189.677403, 1748, 261874.0
553, 72.768514, 663.089866, 37.456256, 192.424703, 1653, 247154.0
554, 72.533265, 661.923754, 38.433768, 192.705713, 1671, 250278.0
555, 70.610711, 662.653594, 37.418989, 181.921899, 1725, 258909.0
556, 70.831275, 661.517063, 37.787274, 189.832636, 1716, 257293.0
557, 70.629864, 661.834195, 36.899210, 191.301379, 1730, 260373.0
558, 72.315372, 663.130292, 36.667133, 220.516339, 1654, 246839.0
559, 70.925926, 665.547846, 36.804138, 222.656485, 1683, 252421.0
560, 70.094057, 663.299377, 36.717727, 197.608430, 1749, 262136.0
561, 72.810724, 664.150516, 36.240289, 194.087627, 1667, 250008.0
562, 70.717512, 661.696726, 36.627958, 203.792748, 1720, 257498.0
563, 69.241541, 664.055462, 35.729415, 184.663348, 1738, 260055.0
564, 74.014188, 664.705702, 38.344753, 227.036756, 1651, 245530.0
565, 71.942239, 663.198244, 37.540720, 185.347780, 1694, 252276.0
566, 68.838705, 664.461452, 36.831963, 194.913211, 1732, 258325.0
567, 69.034053, 661.475850, 37.955656, 166.503113, 1764, 263770.0
568, 74.820152, 662.000548, 36.848419, 229.369808, 1650, 245718.0
569, 71.406856, 662.272186, 39.108511, 204.380902, 1704, 254434.0
570, 71.075766, 664.293683, 36.880659, 169.629676, 1731, 274464.0
571, 73.783501, 665.594107, 37.815402, 207.380232, 1649, 245788.0
572, 71.857667, 662.199039, 37.236600, 212.444589, 1665, 249276.0
573, 70.572893, 662.872701, 36.622918, 164.709247, 1749, 262418.0
574, 70.566357, 664.285694, 35.526018, 185.680587, 1726, 258723.0
575, 72.401930, 661.785569, 38.725725, 187.346409, 1684, 251997.0
576, 74.684129, 660.738972, 38.372285, 228.780080, 1654, 247367.0
577, 73.231639, 661.222110, 37.606570, 209.134637, 1658, 247882.0
578, 70.794906, 660.886588, 37.386405, 188.642661, 1711, 256012.0
579, 70.870942, 664.245663, 37.386713, 191.925123, 1674, 250523.0
580, 75.576213, 665.828892, 36.319921, 241.572721, 1637, 244412.0
581, 69.789059, 664.709036, 36.116578, 186.689516, 1754, 262654.0
582, 74.962498, 662.961499, 38.840199, 220.510919, 1629, 243047.0
583, 73.150990, 664.531814, 37.032822, 203.838011, 1666, 249143.0
584, 70.623652, 663.965874, 37.482672, 201.326703, 1710, 255879.0
585, 70.056100, 664.603386, 36.055323, 175.222519, 1744, 262361.0
586, 72.621655, 661.370094, 37.590731, 193.662899, 1658, 247869.0
587, 73.331121, 664.440097, 37.353920, 203.806720, 1633, 244263.0
588, 70.925926, 665.547846, 36.804138, 202.917982, 1667, 248930.0
589, 67.560008, 662.175650, 39.973803, 179.330622, 1758, 263418.0
590, 71.149795, 661.467305, 36.851452, 211.891091, 1678, 250946.0
591, 67.451764, 664.871613, 36.706010, 199.184354, 1749, 262126.0
592, 72.340685, 664.149077, 38.716614, 216.284569, 1665, 250829.0
593, 70.056100, 664.603386, 36.055323, 186.387327, 1743, 262802.0
594, 71.703615, 664.859308, 36.223417, 210.562449, 1659, 249067.0
595, 70.570296, 661.824086, 36.941205, 191.445053, 1727, 261296.0
596, 72.925048, 665.417193, 35.102205, 223.009724, 1644, 245940.0
597, 68.483771, 664.057328, 39.234334, 162.648523, 1752, 264647.0
598, 69.168431, 664.354151, 37.203302, 172.525241, 1749, 264872.0
599, 73.216621, 664.766468, 35.439382, 200.049172, 1659, 254576.0
600, 71.140358, 662.244652, 37.201883, 193.724362, 1673, 252744.0
601, 70.769409, 660.674685, 37.213937, 211.525032, 1713, 262079.0
602, 71.075766, 664.293683, 36.880659, 189.771025, 1701, 255872.0
603, 69.160339, 664.160322, 38.084161, 175.345956, 1749, 275436.0
604, 73.418543, 664.858754, 36.352903, 197.841670, 1652, 247533.0
605, 75.582552, 666.290193, 35.234084, 235.974150, 1623, 242971.0
606, 70.649671, 661.685213, 36.675786, 183.096953, 1740, 260860.0
607, 70.925926, 665.547846, 36.804138, 171.374961, 1712, 256234.0
608, 72.440734, 662.681893, 37.085218, 206.974851, 1671, 252070.0
609, 70.962086, 662.769846, 37.108934, 201.711483, 1718, 257768.0
610, 71.578504, 663.941617, 38.015768, 203.930521, 1684, 251647.0
611, 70.975556, 664.581088, 36.740169, 188.687165, 1718, 257511.0
612, 74.712220, 664.973397, 35.909967, 236.931684, 1634, 244063.0
613, 70.571592, 662.284098, 36.577436, 210.540946, 1708, 255599.0
614, 68.611857, 664.204769, 39.007402, 173.878451, 1762, 264613.0
615, 72.664383, 661.683094, 37.731832, 207.050251, 1666, 249478.0
616, 67.161584, 664.646402, 36.269982, 173.684382, 1749, 265005.0
617, 70.925926, 665.547846, 36.804138, 194.793567, 1693, 255184.0
618, 71.170172, 663.077224, 39.502121, 181.518973, 1715, 263855.0
619, 70.195031, 661.124275, 37.797433, 178.869505, 1738, 268749.0
620, 67.956411, 661.924999, 37.901328, 186.468019, 1746, 261758.0
621, 70.999431, 663.234024, 39.297971, 170.160565, 1724, 258489.0
622, 70.624035, 664.168779, 35.498746, 190.501003, 1714, 256568.0
623, 71.096955, 662.554889, 39.568644, 212.087606, 1680, 251443.0
624, 68.493924, 662.670707, 38.993696, 183.525757, 1736, 260516.0
625, 69.894097, 661.266379, 37.462197, 177.700366, 1752, 269667.0
626, 73.632705, 662.780776, 37.976596, 229.025215, 1642, 253636.0
627, 72.175992, 664.779597, 37.061554, 202.796331, 1664, 254807.0
628, 69.482834, 662.877972, 37.263025, 191.499295, 1750, 268239.0
629, 72.408186, 662.961333, 37.441358, 187.282493, 1694, 258752.0
630, 67.451764, 664.871613, 36.706010, 166.605482, 1753, 265776.0
631, 70.570296, 661.824086, 36.941205, 165.241516, 1740, 260079.0
632, 67.113879, 661.429976, 39.792433, 171.123011, 1750, 262417.0
633, 72.446026, 664.443826, 34.582749, 183.042017, 1671, 249802.0
634, 72.533265, 661.923754, 38.433768, 207.308308, 1668, 249632.0
635, 68.493924, 662.670707, 38.993696, 198.414180, 1723, 258363.0
636, 70.722795, 662.940037, 36.828115, 195.152486, 1673, 253989.0
637, 70.649671, 661.685213, 36.675786, 189.421982, 1747, 262307.0
638, 72.403192, 664.860982, 36.537458, 233.599909, 1659, 248450.0
639, 68.836206, 664.547331, 36.788339, 177.006083, 1753, 263488.0
640, 71.111722, 661.428607, 37.703644, 186.362631, 1711, 256938.0
641, 68.483771, 664.057328, 39.234334, 166.010436, 1755, 264298.0
642, 68.365492, 662.917674, 39.169072, 178.535527, 1739, 262129.0
643, 69.034053, 661.475850, 37.955656, 176.670234, 1752, 263367.0
644, 70.734088, 660.830367, 40.178545, 196.083436, 1693, 253625.0
645, 71.227086, 661.363783, 37.698016, 181.416075, 1705, 255640.0
646, 70.080905, 661.047843, 37.574854, 176.423315, 1741, 260520.0
647, 70.717512, 661.696726, 36.627958, 192.094706, 1707, 255031.0
648, 70.649671, 661.685213, 36.675786, 187.550090, 1743, 260635.0
649, 74.679498, 664.902025, 36.428348, 216.246926, 1635, 244223.0
650, 68.838705, 664.461452, 36.831963, 173.656078, 1752, 261957.0
651, 66.835867, 664.510857, 36.927317, 170.002550, 1761, 263454.0
652, 70.207511, 664.333017, 38.019687, 179.380852, 1744, 261126.0
653, 68.483771, 664.057328, 39.234334, 162.794862, 1753, 262996.0
654, 71.924577, 662.336385, 39.903720, 193.292953, 1662, 248146.0
655, 67.335895, 662.879658, 38.581216, 184.810237, 1752, 262169.0
656, 70.984336, 661.649476, 36.821855, 187.684903, 1695, 253666.0
657, 72.001687, 664.654815, 38.303017, 197.726862, 1691, 252510.0
658, 73.024100, 664.687723, 35.669591, 212.317336, 1650, 246269.0
659, 70.649671, 661.685213, 36.675786, 178.350971, 1735, 261765.0
660, 68.098196, 663.200266, 39.185045, 190.706064, 1763, 265707.0
661, 73.013810, 664.528337, 37.849582, 235.683223, 1649, 246281.0
662, 70.925926, 665.547846, 36.804138, 171.098878, 1744, 261325.0
663, 71.392235, 663.367246, 38.605806, 182.149158, 1700, 254977.0
664, 69.004666, 664.848463, 38.922071, 176.013378, 1740, 262305.0
665, 70.570296, 661.824086, 36.941205, 181.646877, 1749, 263915.0
666, 70.056100, 664.603386, 36.055323, 183.755675, 1718, 258705.0
667, 74.677123, 664.508687, 35.360132, 232.032550, 1649, 247494.0
668, 71.335500, 662.062545, 39.864204, 176.605614, 1694, 252899.0
669, 70.467717, 664.757364, 35.780691, 184.893404, 1748, 276390.0
670, 69.864657, 664.166572, 37.570028, 176.742668, 1753, 263504.0
671, 70.925926, 665.547846, 36.804138, 194.243743, 1689, 252358.0
672, 67.856484, 662.914056, 39.530093, 185.381486, 1747, 262342.0
673, 70.472399, 663.293346, 36.516457, 179.089181, 1722, 257642.0
674, 66.980969, 664.083348, 37.585424, 179.984940, 1742, 260655.0
675, 70.925926, 665.547846, 36.804138, 190.617584, 1716, 256401.0
676, 71.478282, 662.027916, 38.849720, 185.154765, 1648, 246388.0
677, 70.896374, 663.085060, 39.032799, 182.943061, 1706, 255223.0
678, 68.253032, 662.510522, 35.787918, 178.069400, 1763, 264211.0
679, 69.334426, 665.585277, 34.303138, 176.470362, 1743, 261056.0
680, 66.838985, 662.072222, 39.071763, 177.250020, 1743, 261219.0
681, 67.269773, 661.809368, 38.528138, 183.423235, 1751, 262646.0
682, 66.297093, 664.190420, 36.560160, 159.356752, 1748, 262322.0
683, 70.210011, 664.247137, 38.063312, 174.878747, 1741, 260847.0
684, 66.835867, 664.510857, 36.927317, 161.084218, 1754, 263026.0
685, 70.629864, 661.834195, 36.899210, 172.885132, 1717, 257522.0
686, 69.266819, 662.806609, 40.171611, 161.160689, 1736, 260617.0
687, 70.629864, 661.834195, 36.899210, 180.869167, 1738, 260586.0
688, 71.216675, 664.641699, 37.762502, 196.949484, 1675, 250381.0
689, 66.835867, 664.510857, 36.927317, 172.127717, 1754, 262856.0
690, 70.093858, 662.236189, 37.307869, 177.609527, 1744, 261624.0
691, 69.893197, 664.569678, 36.066223, 178.814358, 1748, 263392.0
692, 68.534447, 664.049088, 39.199196, 172.861004, 1744, 261912.0
693, 70.056100, 664.603386, 36.055323, 185.257774, 1734, 260518.0
694, 72.533265, 661.923754, 38.433768, 200.312288, 1674, 250675.0
695, 71.793845, 664.922410, 37.039508, 213.795418, 1644, 245902.0
696, 70.056100, 664.603386, 36.055323, 199.951338, 1743, 261079.0
697, 67.730475, 664.432309, 36.910464, 174.266558, 1738, 260568.0
698, 69.588204, 662.361631, 37.937198, 203.109955, 1698, 254365.0
699, 70.925926, 665.547846, 36.804138, 179.465120, 1728, 258360.0
700, 73.816338, 664.380223, 36.377352, 207.393739, 1660, 255360.0
701, 73.848572, 664.455599, 38.757207, 191.199081, 1652, 247712.0
702, 72.811151, 661.356250, 38.126291, 178.052430, 1671, 267270.0
703, 69.109593, 663.861874, 36.373390, 180.740009, 1751, 261524.0
704, 72.175992, 664.779597, 37.061554, 210.298315, 1649, 245968.0
705, 71.074098, 661.559037, 36.598296, 177.007808, 1728, 258605.0
706, 68.953680, 664.763241, 35.617577, 191.955262, 1733, 258987.0
707, 70.839889, 664.305033, 37.416188, 218.496643, 1650, 245869.0
708, 70.571349, 664.356310, 35.807048, 174.386574, 1720, 257179.0
709, 68.838705, 664.461452, 36.831963, 198.741674, 1735, 259145.0
710, 67.069284, 664.701540, 36.887830, 179.706114, 1748, 261808.0
711, 68.838705, 664.461452, 36.831963, 194.681694, 1739, 259947.0
712, 70.571349, 664.356310, 35.807048, 188.576744, 1731, 270590.0
713, 68.838705, 664.461452, 36.831963, 175.313403, 1746, 262944.0
714, 70.056100, 664.603386, 36.055323, 194.221451, 1737, 263468.0
715, 73.816338, 664.380223, 36.377352, 219.080275, 1660, 250329.0
716, 70.925926, 665.547846, 36.804138, 193.564088, 1682, 254128.0
717, 70.761794, 663.654937, 38.589053, 178.414974, 1726, 265704.0
718, 69.363243, 661.784945, 36.736415, 188.094326, 1747, 264121.0
719, 67.456424, 661.155452, 36.658632, 195.942368, 1740, 270711.0
720, 67.527840, 664.747513, 36.951806, 176.812178, 1731, 265731.0
721, 70.925926, 665.547846, 36.804138, 203.772150, 1672, 253208.0
722, 71.000501, 664.161856, 37.409201, 206.902773, 1719, 257634.0
723, 71.700666, 662.009313, 38.414481, 191.902013, 1720, 258161.0
724, 67.911417, 664.538476, 37.528725, 180.924927, 1761, 264329.0
725, 67.835263, 661.752583, 38.045047, 187.104198, 1746, 262258.0
726, 68.604789, 663.974722, 39.194993, 186.522531, 1753, 263344.0
727, 66.565978, 663.618239, 37.482880, 168.805748, 1758, 263803.0
728, 70.570296, 661.824086, 36.941205, 177.126637, 1743, 261592.0
729, 69.070313, 664.935382, 38.835939, 168.265458, 1746, 262241.0
730, 71.281836, 664.354630, 36.804704, 199.705999, 1685, 252253.0
731, 71.075766, 664.293683, 36.880659, 194.681343, 1681, 251594.0
732, 71.479262, 661.515046, 39.930786, 181.584969, 1678, 252005.0
733, 67.986511, 662.569082, 38.363167, 176.834971, 1741, 261646.0
734, 73.128256, 663.741367, 36.544682, 208.881068, 1636, 244720.0
735, 68.604789, 663.974722, 39.194993, 170.610071, 1758, 271314.0
736, 66.981413, 664.633596, 37.596411, 158.341014, 1755, 268172.0
737, 70.629864, 661.834195, 36.899210, 189.680789, 1728, 259771.0
738, 66.990414, 664.818129, 36.198725, 170.771807, 1751, 269132.0
739, 68.838705, 664.461452, 36.831963, 205.511873, 1724, 259170.0
740, 66.835867, 664.510857, 36.927317, 167.738155, 1759, 267937.0
741, 70.207511, 664.333017, 38.019687, 187.415302, 1728, 259840.0
742, 68.017944, 662.711196, 37.754653, 153.812572, 1757, 268424.0
743, 70.210011, 664.247137, 38.063312, 184.403901, 1722, 258737.0
744, 70.632057, 664.412506, 37.259833, 187.400566, 1721, 258845.0
745, 67.986511, 662.569082, 38.363167, 165.228338, 1752, 264450.0
746, 70.571349, 664.356310, 35.807048, 185.295498, 1722, 259423.0
747, 68.838705, 664.461452, 36.831963, 182.416438, 1737, 260965.0
748, 67.451764, 664.871613, 36.706010, 169.444022, 1744, 262285.0
749, 68.074008, 663.653373, 39.653701, 157.319972, 1753, 264827.0
750, 68.824257, 662.544159, 36.074432, 172.590493, 1750, 263252.0
751, 68.852361, 664.850601, 39.113470, 173.885459, 1749, 267534.0
752, 67.479251, 665.298287, 36.091804, 161.494855, 1757, 264800.0
753, 69.998708, 664.183957, 35.195613, 168.373175, 1742, 264904.0
754, 67.897600, 661.496416, 38.146794, 168.345553, 1741, 261835.0
755, 67.960415, 662.173429, 37.341310, 158.084460, 1748, 266553.0
756, 68.709289, 660.454136, 37.973696, 171.487294, 1753, 263657.0
757, 67.959099, 664.076044, 38.486092, 178.558382, 1743, 261976.0
758, 69.014477, 665.899538, 34.419035, 163.866546, 1740, 261834.0
759, 67.847360, 663.848449, 34.764390, 169.477487, 1754, 263458.0
760, 69.278837, 664.170010, 37.896122, 185.911672, 1759, 264749.0
761, 68.920950, 662.269956, 36.533753, 169.163343, 1756, 264201.0
762, 70.207511, 664.333017, 38.019687, 181.898473, 1744, 262928.0
763, 71.876437, 665.201025, 37.860928, 192.372053, 1669, 249656.0
764, 68.598844, 664.673756, 39.639054, 161.260578, 1751, 268108.0
765, 70.925926, 665.547846, 36.804138, 189.938976, 1677, 251126.0
766, 70.717512, 661.696726, 36.627958, 176.433615, 1727, 265551.0
767, 70.531045, 664.592688, 37.277934, 192.496310, 1733, 270595.0
768, 68.098196, 663.200266, 39.185045, 166.854150, 1757, 268083.0
769, 70.523566, 663.832807, 37.291597, 201.220366, 1699, 255525.0
770, 69.733067, 661.872206, 36.591136, 187.138318, 1749, 263638.0
771, 67.622702, 664.689715, 38.692927, 169.596927, 1747, 264634.0
772, 68.598844, 664.673756, 39.639054, 182.642179, 1757, 264288.0
773, 71.563546, 664.996390, 36.381536, 198.852066, 1668, 250157.0
774, 70.717512, 661.696726, 36.627958, 186.664454, 1727, 259748.0
775, 69.134917, 661.158396, 37.947884, 171.992489, 1753, 267899.0
776, 70.467717, 664.757364, 35.780691, 170.808207, 1746, 262174.0
777, 69.939512, 660.903316, 37.510427, 202.435801, 1704, 258267.0
778, 67.527840, 664.747513, 36.951806, 172.457328, 1750, 263266.0
779, 72.284172, 662.276474, 37.239210, 186.714256, 1668, 252671.0
780, 68.365492, 662.917674, 39.169072, 170.287677, 1764, 265369.0
781, 70.352108, 664.174433, 37.330399, 199.072584, 1724, 268839.0
782, 71.337048, 663.084875, 38.315882, 164.507389, 1686, 254049.0
783, 71.420310, 663.112123, 36.603719, 199.158340, 1670, 251152.0
784, 66.710302, 664.303644, 38.349540, 166.669889, 1754, 267792.0
785, 67.033000, 664.763184, 36.182277, 183.927442, 1752, 266564.0
786, 68.322493, 663.093424, 37.979942, 160.198903, 1761, 265046.0
787, 70.865184, 664.237199, 37.319393, 195.504243, 1666, 249291.0
788, 67.409706, 664.610194, 36.076287, 174.093113, 1762, 265447.0
789, 69.368253, 662.470683, 36.766048, 168.460868, 1759, 264370.0
790, 69.482834, 662.877972, 37.263025, 161.223586, 1760, 264294.0
791, 67.945958, 663.879076, 34.827309, 166.477718, 1751, 262035.0
792, 68.493924, 662.670707, 38.993696, 180.891114, 1733, 260468.0
793, 69.603697, 663.339496, 36.343862, 170.031595, 1729, 260227.0
794, 66.550837, 662.374546, 36.354759, 153.924613, 1747, 263969.0
795, 70.570296, 661.824086, 36.941205, 191.628543, 1740, 261750.0
796, 71.075524, 663.892361, 37.677266, 193.835292, 1718, 258232.0
797, 68.598844, 664.673756, 39.639054, 161.022038, 1756, 264507.0
798, 66.594294, 663.964045, 37.513909, 161.038330, 1765, 265611.0
799, 68.838705, 664.461452, 36.831963, 172.622333, 1755, 265021.0
800, 69.421548, 662.406664, 36.484165, 182.879179, 1749, 262126.0
801, 68.922702, 664.776235, 39.109267, 157.662573, 1764, 265044.0
802, 67.293432, 661.949801, 37.654226, 165.522606, 1750, 265120.0
803, 73.090575, 663.171126, 37.077372, 208.424189, 1662, 253483.0
804, 70.925926, 665.547846, 36.804138, 199.772900, 1696, 253998.0
805, 72.351640, 662.154482, 37.563700, 189.888271, 1718, 257552.0
806, 69.646607, 661.520039, 36.461354, 189.315231, 1720, 258601.0
807, 70.517575, 664.531080, 35.463601, 196.073341, 1723, 258054.0
808, 70.210011, 664.247137, 38.063312, 171.876251, 1740, 261970.0
809, 70.210011, 664.247137, 38.063312, 186.605438, 1721, 258781.0
810, 68.035574, 661.692780, 37.983114, 165.898615, 1757, 264289.0
811, 68.852361, 664.850601, 39.113470, 166.498484, 1748, 263441.0
812, 69.894097, 661.266379, 37.462197, 167.012936, 1753, 263242.0
813, 70.800307, 664.339060, 37.298078, 185.346875, 1699, 255523.0
814, 67.991928, 663.201429, 39.023695, 190.427744, 1746, 261888.0
815, 69.859400, 664.634669, 36.112374, 192.531707, 1753, 262882.0
816, 68.690261, 664.371595, 37.018239, 173.796667, 1736, 260249.0
817, 70.925926, 665.547846, 36.804138, 201.045812, 1676, 250673.0
818, 66.589381, 664.168407, 36.490958, 176.893203, 1739, 261118.0
819, 68.838705, 664.461452, 36.831963, 179.987160, 1755, 264519.0
820, 69.859400, 664.634669, 36.112374, 180.630423, 1750, 262931.0
821, 70.717512, 661.696726, 36.627958, 186.110598, 1726, 260448.0
822, 70.218718, 664.281862, 37.239068, 186.324040, 1717, 257843.0
823, 70.184236, 664.158321, 38.118523, 187.260059, 1714, 257373.0
824, 70.416202, 660.477889, 39.658993, 200.620077, 1712, 256972.0
825, 70.649671, 661.685213, 36.675786, 201.359657, 1725, 259215.0
826, 69.034053, 661.475850, 37.955656, 172.360973, 1756, 264113.0
827, 67.067145, 664.521927, 36.427371, 175.588336, 1748, 262717.0
828, 65.854113, 660.793861, 37.515554, 163.645550, 1749, 262656.0
829, 69.363243, 661.784945, 36.736415, 182.195076, 1744, 261474.0
830, 67.599557, 662.328059, 40.166276, 150.762972, 1758, 263949.0
831, 69.134917, 661.158396, 37.947884, 169.264785, 1757, 269042.0
832, 67.986511, 662.569082, 38.363167, 198.742438, 1754, 272567.0
833, 70.677388, 664.464082, 37.274358, 194.481839, 1733, 265064.0
834, 68.098196, 663.200266, 39.185045, 181.078106, 1746, 263799.0
835, 67.168181, 664.371709, 36.343295, 185.669206, 1748, 265556.0
836, 68.365492, 662.917674, 39.169072, 167.962164, 1750, 265876.0
837, 70.717512, 661.696726, 36.627958, 171.092758, 1723, 261567.0
838, 69.859400, 664.634669, 36.112374, 174.163742, 1755, 265960.0
839, 69.349805, 664.475379, 37.770591, 200.302304, 1734, 262741.0
840, 67.986511, 662.569082, 38.363167, 180.187911, 1750, 264882.0
841, 69.188084, 664.907575, 38.876786, 187.714934, 1742, 263794.0
842, 71.336355, 664.101331, 37.472359, 191.106191, 1682, 251763.0
843, 67.441561, 661.595834, 38.567382, 164.456549, 1753, 263004.0
844, 67.301607, 664.666729, 36.068172, 176.134441, 1734, 260878.0
845, 68.219828, 662.149779, 36.903202, 169.149372, 1745, 266173.0
846, 68.537857, 663.632288, 39.274520, 177.644562, 1753, 267591.0
847, 69.859400, 664.634669, 36.112374, 162.966640, 1752, 264898.0
848, 67.333944, 664.467642, 36.171734, 172.857347, 1750, 267867.0
849, 70.533965, 661.569366, 36.772161, 161.530283, 1748, 263011.0
850, 67.438690, 661.974078, 38.673208, 173.263735, 1745, 266314.0
851, 70.847704, 662.480426, 37.210309, 198.449592, 1716, 260192.0
852, 66.835867, 664.510857, 36.927317, 166.619995, 1756, 262843.0
853, 70.056100, 664.603386, 36.055323, 160.948601, 1744, 264181.0
854, 68.665408, 661.863695, 35.532744, 376.727254, 1708, 256306.0
855, 72.351340, 663.268345, 36.643524, 182.840138, 1690, 253893.0
856, 67.449049, 660.824888, 39.696109, 152.280300, 1752, 268094.0
857, 66.443679, 662.143124, 37.208088, 149.996027, 1752, 268748.0
858, 69.034053, 661.475850, 37.955656, 162.194424, 1756, 270488.0
859, 68.416416, 662.031726, 36.847017, 172.236796, 1738, 261435.0
860, 70.810073, 663.622879, 35.052717, 205.236026, 1671, 257780.0
861, 66.835867, 664.510857, 36.927317, 181.317513, 1754, 263628.0
862, 68.737805, 660.390554, 36.701089, 191.339981, 1748, 266156.0
863, 67.456424, 661.155452, 36.658632, 168.527750, 1765, 272730.0
864, 67.564171, 665.002233, 37.120850, 183.538800, 1747, 277130.0
865, 70.570296, 661.824086, 36.941205, 173.346620, 1749, 263624.0
866, 69.664646, 662.117099, 37.784992, 184.778760, 1726, 262226.0
867, 68.604789, 663.974722, 39.194993, 160.279875, 1755, 263939.0
868, 72.630037, 663.791477, 39.167735, 199.810578, 1661, 248732.0
869, 69.859400, 664.634669, 36.112374, 190.544533, 1721, 258881.0
870, 70.533725, 661.049028, 39.917523, 186.251120, 1719, 258542.0
871, 68.633269, 663.617646, 37.103088, 173.134919, 1748, 264160.0
872, 70.210011, 664.247137, 38.063312, 179.824528, 1725, 259403.0
873, 71.140358, 662.244652, 37.201883, 184.529591, 1672, 250414.0
874, 66.988065, 664.653056, 36.997709, 176.596551, 1758, 268687.0
875, 71.659420, 661.929572, 38.661707, 203.034599, 1670, 250163.0
876, 70.997149, 663.045729, 39.070423, 191.602644, 1691, 253785.0
877, 66.835867, 664.510857, 36.927317, 184.556362, 1751, 262849.0
878, 70.056100, 664.603386, 36.055323, 183.239039, 1749, 262286.0
879, 70.433331, 663.497101, 35.671552, 183.180723, 1711, 256350.0
880, 68.284591, 662.260642, 36.911755, 145.147660, 1758, 264135.0
881, 70.566357, 664.285694, 35.526018, 174.459882, 1723, 258492.0
882, 68.852361, 664.850601, 39.113470, 166.414263, 1748, 262689.0
883, 70.207511, 664.333017, 38.019687, 175.825757, 1743, 261676.0
884, 67.038211, 664.805356, 36.018719, 173.424159, 1752, 262945.0
885, 68.645807, 663.338176, 37.619092, 173.959746, 1730, 259384.0
886, 71.074098, 661.559037, 36.598296, 198.200172, 1688, 254401.0
887, 69.004666, 664.848463, 38.922071, 155.194579, 1743, 261465.0
888, 68.604789, 663.974722, 39.194993, 179.820732, 1746, 267028.0
889, 68.151741, 664.668560, 37.009374, 151.652998, 1760, 263218.0
890, 70.649671, 661.685213, 36.675786, 165.233976, 1743, 265330.0
891, 70.360092, 664.495957, 35.430836, 184.731913, 1751, 261933.0
892, 71.248252, 664.151949, 37.629170, 194.870867, 1718, 260037.0
893, 70.210011, 664.247137, 38.063312, 180.293849, 1717, 256732.0
894, 69.664673, 660.843337, 37.613931, 181.535864, 1743, 262738.0
895, 69.875368, 661.464469, 37.736193, 171.414282, 1756, 262860.0
896, 70.870942, 664.245663, 37.386713, 195.276314, 1688, 257239.0
897, 66.717876, 661.925054, 38.260474, 179.339561, 1753, 263389.0
898, 71.086807, 662.689081, 36.431315, 163.533148, 1690, 253862.0
899, 66.703768, 664.066411, 37.451193, 184.023912, 1754, 264232.0
900, 66.297093, 664.190420, 36.560160, 166.832053, 1744, 262262.0
901, 70.067725, 660.811805, 37.483693, 167.995687, 1734, 260564.0
902, 66.723820, 664.321419, 37.886461, 163.676315, 1757, 263002.0
903, 68.922702, 664.776235, 39.109267, 160.385529, 1756, 263547.0
904, 71.315565, 663.772893, 37.771900, 178.597322, 1696, 253995.0
905, 67.750102, 661.979761, 36.532952, 176.707940, 1723, 260470.0
906, 72.475918, 663.590409, 37.288809, 193.609926, 1675, 250140.0
907, 70.629864, 661.834195, 36.899210, 157.014451, 1726, 258261.0
908, 65.151104, 662.644114, 36.422360, 152.522199, 1742, 260696.0
909, 69.985913, 661.151397, 37.976563, 172.054618, 1756, 263304.0
910, 66.981813, 663.361361, 39.991692, 153.106849, 1754, 262898.0
911, 70.717512, 661.696726, 36.627958, 169.768157, 1728, 258806.0
912, 68.480614, 662.046704, 38.333639, 168.324846, 1751, 262225.0
913, 70.925926, 665.547846, 36.804138, 199.777937, 1666, 248873.0
914, 70.570296, 661.824086, 36.941205, 166.774137, 1744, 261126.0
915, 72.501911, 661.617888, 38.178806, 202.814346, 1681, 252047.0
916, 67.199825, 662.149625, 39.043237, 153.640824, 1743, 261695.0
917, 72.967606, 663.265854, 37.049562, 192.946894, 1671, 249556.0
918, 70.962086, 662.769846, 37.108934, 186.107256, 1715, 258482.0
919, 67.952325, 664.050620, 38.308121, 161.452992, 1758, 263726.0
920, 69.859400, 664.634669, 36.112374, 194.240196, 1721, 258334.0
921, 66.689902, 661.514062, 37.668325, 160.746093, 1743, 263120.0
922, 69.363243, 661.784945, 36.736415, 163.322014, 1751, 262713.0
923, 68.534447, 664.049088, 39.199196, 171.778236, 1752, 262203.0
924, 71.392696, 661.903069, 36.364056, 198.573432, 1678, 250572.0
925, 71.541506, 664.017880, 36.481573, 186.626111, 1656, 247119.0
926, 65.100061, 662.672747, 36.193371, 192.711202, 1745, 260588.0
927, 70.207511, 664.333017, 38.019687, 184.209843, 1734, 259224.0
928, 70.571349, 664.356310, 35.807048, 178.187730, 1730, 260871.0
929, 70.291907, 661.724302, 36.757394, 164.509176, 1750, 271756.0
930, 68.483771, 664.057328, 39.234334, 176.421840, 1736, 260145.0
931, 70.566357, 664.285694, 35.526018, 184.866308, 1724, 258466.0
932, 66.243377, 662.940282, 38.561823, 190.638262, 1751, 262421.0
933, 70.570296, 661.824086, 36.941205, 169.823209, 1730, 262914.0
934, 66.214348, 662.157657, 37.202618, 160.926003, 1749, 262727.0
935, 70.043047, 663.748497, 38.846059, 175.605445, 1714, 256745.0
936, 70.080905, 661.047843, 37.574854, 159.973730, 1743, 266715.0
937, 72.138385, 665.221952, 35.724473, 205.424052, 1674, 250099.0
938, 73.450195, 662.408377, 36.460832, 209.035443, 1648, 245746.0
939, 70.570296, 661.824086, 36.941205, 187.327235, 1736, 260321.0
940, 69.938226, 663.112982, 36.965934, 176.776584, 1745, 260156.0
941, 70.210011, 664.247137, 38.063312, 181.169917, 1736, 259982.0
942, 68.838705, 664.461452, 36.831963, 178.907337, 1739, 259774.0
943, 70.808550, 661.838848, 35.815114, 196.554745, 1687, 252019.0
944, 68.192880, 665.053023, 35.739929, 184.262467, 1757, 271019.0
945, 70.629864, 661.834195, 36.899210, 172.140245, 1751, 261956.0
946, 69.748975, 663.892188, 38.660600, 166.521638, 1730, 263365.0
947, 68.534447, 664.049088, 39.199196, 146.455882, 1753, 263421.0
948, 71.082508, 661.598491, 36.561732, 212.674024, 1656, 247644.0
949, 69.551858, 666.222984, 36.165543, 169.622472, 1744, 261334.0
950, 73.930983, 664.814138, 38.345694, 199.441302, 1653, 246860.0
951, 67.409706, 664.610194, 36.076287, 192.281136, 1731, 259497.0
952, 68.737805, 660.390554, 36.701089, 178.294254, 1756, 262851.0
953, 70.649671, 661.685213, 36.675786, 181.407621, 1728, 258414.0
954, 70.717512, 661.696726, 36.627958, 195.332944, 1710, 255360.0
955, 69.004666, 664.848463, 38.922071, 177.132392, 1750, 261795.0
956, 71.327685, 664.612065, 36.206216, 196.403745, 1659, 247211.0
957, 69.843411, 664.294642, 35.515093, 175.893304, 1752, 262011.0
958, 69.859400, 664.634669, 36.112374, 156.472026, 1753, 262721.0
959, 68.254635, 663.495935, 39.546707, 172.931717, 1765, 264345.0
960, 68.682087, 664.526228, 35.883820, 159.252663, 1760, 263973.0
961, 69.109593, 663.861874, 36.373390, 161.225981, 1745, 267325.0
962, 68.538607, 664.200426, 36.579689, 186.695988, 1752, 262241.0
963, 68.483771, 664.057328, 39.234334, 173.291834, 1763, 263745.0
964, 71.364973, 661.807630, 39.955715, 176.876956, 1727, 258064.0
965, 69.258077, 661.243833, 37.779397, 153.305885, 1756, 262371.0
966, 68.922702, 664.776235, 39.109267, 161.370274, 1746, 262453.0
967, 70.210011, 664.247137, 38.063312, 165.423477, 1740, 261785.0
968, 68.926172, 664.276846, 37.368486, 155.456565, 1757, 264048.0
969, 68.534447, 664.049088, 39.199196, 162.917209, 1760, 263873.0
970, 68.352865, 664.190498, 38.171197, 168.655344, 1743, 267900.0
971, 69.245924, 664.117466, 35.976173, 154.676558, 1753, 269865.0
972, 68.322493, 663.093424, 37.979942, 143.954220, 1755, 265501.0
973, 69.810691, 661.357304, 37.814917, 156.806726, 1750, 268957.0
974, 70.523761, 663.996551, 37.424115, 197.210920, 1723, 268351.0
975, 70.652194, 664.232874, 37.402236, 182.849916, 1715, 258285.0
976, 66.163558, 664.257872, 37.168358, 143.082458, 1746, 263499.0
977, 72.309324, 662.286408, 37.194415, 185.282978, 1681, 252098.0
978, 68.322493, 663.093424, 37.979942, 151.135962, 1754, 264350.0
979, 68.401791, 664.172019, 36.955228, 179.234455, 1743, 261974.0
980, 72.383916, 664.999780, 36.954423, 205.765597, 1654, 252886.0
981, 68.611857, 664.204769, 39.007402, 170.304186, 1756, 266925.0
982, 69.864657, 664.166572, 37.570028, 175.872760, 1731, 262179.0
983, 69.072508, 664.859976, 38.874243, 184.425928, 1710, 261934.0
984, 70.593616, 660.978937, 37.369802, 172.460818, 1722, 260229.0
985, 68.984189, 663.715096, 36.150009, 181.745147, 1730, 261983.0
986, 69.789059, 664.709036, 36.116578, 167.100107, 1746, 267012.0
987, 70.571349, 664.356310, 35.807048, 173.009889, 1722, 257998.0
988, 66.958069, 662.458123, 39.675810, 156.753531, 1756, 262984.0
989, 67.010342, 664.278825, 36.284458, 197.448801, 1751, 261744.0
990, 68.365492, 662.917674, 39.169072, 171.969169, 1755, 262691.0
991, 71.086807, 662.689081, 36.431315, 164.608731, 1733, 259193.0
992, 68.143983, 664.050158, 34.631400, 171.254248, 1753, 262528.0
993, 68.836206, 664.547331, 36.788339, 179.464122, 1745, 267978.0
994, 72.351640, 662.154482, 37.563700, 173.763803, 1708, 256699.0
995, 67.980469, 662.029488, 37.234828, 162.566878, 1756, 262781.0
996, 71.204857, 662.452518, 36.747055, 176.387230, 1716, 256947.0
997, 68.365492, 662.917674, 39.169072, 180.742470, 1723, 257908.0
998, 69.859400, 664.634669, 36.112374, 181.160227, 1748, 264839.0
999, 71.120775, 663.543108, 37.912136, 185.483697, 1714, 256639.0
