#idx, x0, x1, x2, y, f_neval, total_time (us), 
0, 70.831191, 664.022569, 36.668754, 176.625199, 2216, 336267.0
1, 72.261729, 663.731105, 38.071016, 205.378936, 2125, 316592.0
2, 72.007275, 663.124180, 38.045994, 199.688754, 2138, 318518.0
3, 69.920879, 663.262278, 37.760388, 204.898815, 2208, 329048.0
4, 72.319671, 663.897604, 35.377937, 219.697329, 2113, 314421.0
5, 70.936947, 662.787796, 36.305805, 210.334344, 2146, 319489.0
6, 71.720087, 663.702576, 39.150350, 198.089758, 2146, 319615.0
7, 73.143463, 662.458431, 38.135764, 210.810255, 2134, 317562.0
8, 71.860016, 665.031496, 36.823709, 204.700709, 2125, 315746.0
9, 72.085963, 664.258806, 37.095435, 220.453427, 2108, 313153.0
10, 75.696747, 663.184247, 36.993638, 232.602852, 2106, 313445.0
11, 72.486798, 664.267130, 36.137359, 197.871333, 2120, 315119.0
12, 72.009448, 662.355124, 38.068627, 185.950120, 2171, 324173.0
13, 72.495173, 664.088584, 37.249722, 234.466403, 2096, 311307.0
14, 71.888843, 663.182011, 37.306732, 214.555368, 2135, 317668.0
15, 69.904068, 664.450246, 36.741421, 177.338049, 2242, 334939.0
16, 69.766888, 662.924044, 38.401004, 176.205467, 2245, 335690.0
17, 71.818099, 664.805439, 35.137586, 195.043723, 2126, 317079.0
18, 67.868604, 663.820395, 36.817215, 205.217471, 2229, 355177.0
19, 74.507647, 663.088739, 37.065045, 231.980152, 2104, 322909.0
20, 72.373367, 663.772263, 38.460160, 205.787227, 2146, 320225.0
21, 71.989863, 664.544240, 37.118686, 186.052392, 2141, 323035.0
22, 69.524458, 664.410418, 36.652637, 186.706293, 2254, 336249.0
23, 72.992967, 662.332547, 38.003295, 218.859202, 2116, 315355.0
24, 72.464091, 663.268023, 36.206747, 217.326795, 2092, 310832.0
25, 70.278323, 664.139939, 38.239982, 197.271680, 2181, 324679.0
26, 74.748789, 664.552892, 36.321444, 223.161811, 2093, 311370.0
27, 70.762135, 663.704629, 36.912474, 185.557074, 2203, 328663.0
28, 71.141340, 663.289315, 37.855920, 187.286877, 2216, 331395.0
29, 71.985706, 663.680053, 36.471313, 198.993144, 2110, 314188.0
30, 70.102776, 662.996866, 37.048317, 176.590062, 2209, 330844.0
31, 69.410618, 664.341658, 37.926109, 200.622662, 2212, 331221.0
32, 70.102776, 662.996866, 37.048317, 183.508216, 2203, 333010.0
33, 70.919740, 662.801337, 38.171566, 176.889418, 2156, 322717.0
34, 70.359368, 662.010659, 37.204631, 182.402829, 2200, 330108.0
35, 74.131791, 662.379579, 37.227554, 212.875628, 2130, 342810.0
36, 71.593922, 662.478427, 39.046432, 192.183340, 2131, 316987.0
37, 68.739391, 661.758804, 36.750142, 179.754750, 2252, 336420.0
38, 70.120132, 664.053512, 36.924464, 203.776903, 2181, 328263.0
39, 68.667153, 660.946246, 37.993834, 167.071978, 2243, 335264.0
40, 71.280611, 664.315108, 37.272248, 191.429842, 2133, 318029.0
41, 71.629263, 663.892494, 36.712322, 181.650027, 2155, 321286.0
42, 67.558284, 663.512934, 38.083019, 186.146635, 2252, 336785.0
43, 72.289445, 663.625960, 37.868768, 206.940487, 2139, 318791.0
44, 71.472471, 662.533460, 39.330460, 169.599353, 2170, 324779.0
45, 68.524271, 663.882946, 39.507069, 191.471293, 2216, 331525.0
46, 69.543233, 664.675636, 36.073183, 198.529114, 2240, 335907.0
47, 71.086134, 664.827937, 36.651688, 193.612730, 2149, 326950.0
48, 69.902616, 662.132806, 37.060945, 187.619464, 2204, 329328.0
49, 71.428117, 664.204203, 36.572192, 186.747573, 2153, 321357.0
50, 72.216895, 664.244032, 36.470511, 183.504795, 2131, 317473.0
51, 73.317792, 663.644864, 37.418985, 199.350519, 2130, 317596.0
52, 66.340102, 664.459155, 36.530019, 165.184136, 2250, 336289.0
53, 71.063907, 664.025158, 36.396910, 222.320647, 2103, 313848.0
54, 71.316747, 663.858908, 37.768012, 203.498461, 2136, 319042.0
55, 68.981348, 663.200260, 36.913427, 169.126034, 2261, 339071.0
56, 70.998854, 663.830094, 38.719602, 192.544960, 2201, 329128.0
57, 67.847974, 663.560021, 36.812007, 173.668105, 2219, 332329.0
58, 70.214092, 663.747444, 36.709504, 187.162089, 2202, 329055.0
59, 68.730674, 663.933964, 37.244227, 174.336630, 2243, 335509.0
60, 71.665653, 664.258027, 37.078029, 190.346122, 2143, 321261.0
61, 69.014322, 663.263913, 37.670502, 153.847616, 2235, 337537.0
62, 68.906037, 663.382269, 36.980543, 163.088710, 2246, 336216.0
63, 68.177331, 663.400175, 36.900195, 180.113054, 2231, 334022.0
64, 70.789343, 664.814238, 36.982084, 189.489642, 2202, 328984.0
65, 67.431125, 663.960072, 36.737903, 181.021862, 2241, 334773.0
66, 67.867419, 663.021016, 38.214938, 171.608189, 2252, 337062.0
67, 72.267505, 663.995296, 36.559788, 214.212716, 2104, 313396.0
68, 67.034920, 661.949699, 38.098981, 183.808495, 2241, 335567.0
69, 69.752774, 662.593869, 37.557416, 207.713053, 2187, 327366.0
70, 68.487369, 664.081450, 37.669995, 165.958049, 2249, 334969.0
71, 70.129912, 664.971917, 36.400963, 192.077474, 2250, 335002.0
72, 71.191129, 664.048077, 37.340159, 200.170550, 2132, 318661.0
73, 64.711734, 663.251217, 37.624107, 183.350146, 2230, 337240.0
74, 69.286981, 664.244030, 36.889164, 175.337512, 2230, 345044.0
75, 69.854271, 662.703801, 37.567784, 185.772867, 2233, 334833.0
76, 67.116435, 662.693677, 36.032706, 185.444388, 2203, 330186.0
77, 67.436483, 663.584299, 37.495707, 164.049190, 2254, 337936.0
78, 69.353665, 664.092547, 36.886744, 181.457015, 2241, 336194.0
79, 70.683379, 662.893876, 38.357474, 204.251023, 2176, 326344.0
80, 67.504273, 662.895195, 37.348425, 168.479611, 2244, 336796.0
81, 67.866394, 663.577526, 37.032233, 162.010882, 2252, 337908.0
82, 68.246215, 664.286168, 36.491408, 159.597269, 2263, 337200.0
83, 71.225629, 664.919967, 36.524707, 190.158616, 2218, 331129.0
84, 67.710109, 663.157272, 37.548275, 178.254172, 2244, 335261.0
85, 70.646523, 665.206508, 36.581867, 204.634952, 2162, 322092.0
86, 67.612099, 664.041791, 37.209635, 173.825471, 2232, 333107.0
87, 67.237751, 663.546778, 36.467798, 170.830518, 2224, 332576.0
88, 67.652851, 662.584750, 36.951455, 174.199231, 2222, 332596.0
89, 68.370396, 664.721139, 36.533224, 157.056821, 2267, 340067.0
90, 71.860478, 664.246707, 36.242717, 214.615551, 2132, 318461.0
91, 68.908415, 661.564005, 38.031783, 176.737109, 2222, 333329.0
92, 67.366639, 662.684684, 37.846074, 187.204906, 2250, 336643.0
93, 67.131706, 663.451186, 37.145201, 193.858737, 2230, 333532.0
94, 70.211324, 664.247761, 37.190897, 172.018636, 2232, 335821.0
95, 69.886008, 662.485334, 38.182194, 167.070065, 2239, 335206.0
96, 68.435556, 664.270595, 36.174173, 172.465179, 2264, 338814.0
97, 69.903406, 663.601883, 35.368330, 175.563685, 2259, 338123.0
98, 70.021899, 662.903182, 37.006757, 164.465182, 2260, 338871.0
99, 68.271634, 664.591135, 37.121143, 181.152968, 2221, 331946.0
100, 65.928693, 662.573649, 36.947027, 170.422639, 2228, 333473.0
101, 70.226604, 662.793273, 36.732609, 202.831697, 2195, 329095.0
102, 67.693944, 662.335355, 38.336488, 162.294113, 2247, 337451.0
103, 69.372052, 661.975251, 39.146351, 174.869208, 2262, 339015.0
104, 69.941823, 664.959106, 35.736967, 181.106509, 2242, 336198.0
105, 68.734754, 662.900573, 36.605759, 188.253360, 2217, 331313.0
106, 71.688877, 664.206760, 35.909354, 195.899552, 2164, 323252.0
107, 71.250778, 662.445114, 38.173007, 181.382415, 2210, 329923.0
108, 68.002845, 662.983591, 37.789702, 188.332446, 2222, 332463.0
109, 69.509660, 664.442202, 36.674284, 178.270741, 2236, 334233.0
110, 69.475978, 664.479480, 36.676909, 177.651448, 2242, 336447.0
111, 69.867910, 664.316873, 36.569454, 184.205689, 2206, 330593.0
112, 69.817527, 663.080463, 37.796874, 189.743233, 2205, 338067.0
113, 70.492783, 661.409152, 39.251756, 162.272342, 2252, 338461.0
114, 71.884438, 664.059489, 37.067025, 198.544260, 2150, 321884.0
115, 67.521871, 662.587024, 38.290729, 168.973234, 2250, 373940.0
116, 72.292575, 664.092099, 36.353479, 223.681058, 2104, 319494.0
117, 70.611723, 664.230282, 35.798603, 217.139106, 2164, 335475.0
118, 68.460657, 663.004956, 38.504444, 193.869149, 2250, 349218.0
119, 66.452302, 662.950274, 37.547347, 150.879950, 2243, 345788.0
120, 66.798449, 662.831921, 37.856346, 158.349711, 2250, 341954.0
121, 67.298114, 663.647232, 35.169341, 178.634707, 2208, 329425.0
122, 72.084399, 662.247724, 37.841881, 205.151495, 2116, 315451.0
123, 70.073422, 662.993443, 37.067044, 177.876142, 2241, 335774.0
124, 70.628156, 662.412932, 36.574661, 163.159277, 2206, 330084.0
125, 68.908850, 661.658774, 37.984182, 184.923187, 2237, 334997.0
126, 69.071282, 662.534014, 38.185382, 181.152329, 2244, 336455.0
127, 66.467193, 663.358757, 36.895321, 171.787223, 2241, 335307.0
128, 71.315119, 662.910036, 37.082869, 192.257119, 2206, 329678.0
129, 70.170395, 663.435698, 37.821725, 184.316520, 2218, 336127.0
130, 69.894883, 665.058707, 37.467486, 175.782119, 2248, 338994.0
131, 71.069170, 663.028296, 39.426742, 199.842825, 2151, 320310.0
132, 71.357156, 662.270963, 37.791615, 193.184986, 2155, 321689.0
133, 67.910072, 664.218541, 36.150759, 159.384739, 2257, 336524.0
134, 68.754843, 664.326562, 36.481694, 198.549103, 2247, 335601.0
135, 71.202050, 665.029430, 36.547597, 215.935431, 2135, 317700.0
136, 71.118710, 662.139728, 37.538361, 202.668385, 2145, 320555.0
137, 69.681087, 663.209271, 37.668347, 179.155173, 2226, 332708.0
138, 69.001600, 661.878059, 36.754207, 166.305417, 2240, 339895.0
139, 71.156593, 662.611167, 38.551508, 199.393239, 2155, 325621.0
140, 69.484496, 665.236194, 35.420702, 185.120728, 2252, 341479.0
141, 70.694858, 664.237054, 36.313473, 183.576367, 2225, 332031.0
142, 71.017856, 663.149650, 37.486144, 183.284410, 2192, 332643.0
143, 69.270084, 663.271234, 36.744059, 178.684577, 2215, 336883.0
144, 73.865395, 662.949557, 37.437744, 203.874737, 2128, 322017.0
145, 69.237764, 665.221509, 35.635939, 188.344296, 2263, 342715.0
146, 68.376194, 664.521959, 36.634403, 170.506791, 2239, 341077.0
147, 73.863430, 663.636466, 36.643682, 217.731899, 2122, 320941.0
148, 68.616428, 664.167208, 36.638877, 179.912599, 2240, 350438.0
149, 72.831518, 662.432157, 37.844854, 206.664667, 2152, 326636.0
150, 66.578633, 663.297259, 37.011030, 191.631518, 2201, 334180.0
151, 71.149316, 663.315350, 37.677198, 212.005537, 2165, 328675.0
152, 72.887734, 662.461783, 37.262998, 203.787051, 2134, 321811.0
153, 70.596366, 663.269749, 37.243153, 189.178945, 2218, 335999.0
154, 69.578729, 664.369180, 36.670157, 162.941330, 2236, 338530.0
155, 70.192149, 664.285651, 38.351495, 176.114910, 2232, 338614.0
156, 67.516524, 662.145328, 37.747183, 180.688228, 2214, 333225.0
157, 68.924236, 661.408285, 37.986864, 187.730135, 2224, 339765.0
158, 71.690581, 663.640132, 37.609014, 210.939880, 2141, 319947.0
159, 69.220763, 663.627590, 37.198636, 171.521156, 2239, 334777.0
160, 72.959166, 662.257147, 37.614359, 195.125823, 2102, 313448.0
161, 73.215406, 664.641757, 36.641946, 214.680031, 2112, 314856.0
162, 71.945910, 663.018096, 36.065524, 187.740385, 2145, 321294.0
163, 71.381063, 663.951190, 37.206582, 201.277401, 2146, 319884.0
164, 68.923080, 663.494469, 38.226490, 182.331459, 2233, 334599.0
165, 70.850783, 663.723073, 37.422718, 177.801741, 2167, 323526.0
166, 69.003336, 664.518724, 38.294228, 172.310000, 2234, 334710.0
167, 71.106901, 663.846585, 36.486714, 198.471734, 2086, 311031.0
168, 70.258530, 662.551285, 37.900044, 181.579168, 2205, 329877.0
169, 68.356604, 663.252488, 36.293641, 185.288864, 2205, 328004.0
170, 70.454455, 664.547781, 36.902025, 190.231942, 2195, 327122.0
171, 68.074786, 661.247050, 38.491792, 167.071283, 2255, 342514.0
172, 69.986436, 662.619876, 37.276343, 193.165752, 2185, 328271.0
173, 72.100802, 662.389257, 37.429706, 176.065494, 2165, 323939.0
174, 69.211307, 662.756046, 36.850466, 183.196768, 2205, 338542.0
175, 69.990725, 661.555871, 37.780919, 193.151238, 2187, 327146.0
176, 71.170109, 662.625190, 38.459502, 196.822973, 2200, 329112.0
177, 73.795534, 664.367466, 36.783742, 197.549968, 2124, 318703.0
178, 67.584269, 663.985336, 36.279576, 175.939813, 2235, 333783.0
179, 69.110336, 664.579602, 38.045122, 184.955372, 2251, 338231.0
180, 68.770635, 664.287473, 36.390950, 197.877195, 2232, 334794.0
181, 68.684615, 661.956261, 35.886264, 153.940957, 2253, 337112.0
182, 69.163590, 661.982616, 37.922703, 184.272848, 2255, 336965.0
183, 67.595364, 663.670794, 37.375969, 168.839681, 2246, 336621.0
184, 72.348931, 664.570970, 36.928246, 210.604463, 2087, 310937.0
185, 71.027917, 662.337387, 38.645684, 166.966874, 2227, 343361.0
186, 67.772552, 662.314482, 37.925499, 180.127891, 2233, 339057.0
187, 69.748529, 661.982894, 37.114916, 183.644994, 2214, 335266.0
188, 70.429088, 663.992669, 36.154963, 193.202282, 2200, 333648.0
189, 67.914213, 664.478266, 35.702815, 192.643973, 2217, 335292.0
190, 69.071083, 662.850536, 37.118425, 173.866297, 2228, 336413.0
191, 70.401440, 664.256709, 37.320633, 174.718875, 2242, 340927.0
192, 72.100869, 663.515508, 37.561269, 194.126341, 2117, 318689.0
193, 70.885242, 661.694202, 39.469688, 199.705459, 2157, 324949.0
194, 71.100426, 663.463054, 38.533371, 182.986532, 2168, 326303.0
195, 72.944885, 662.773521, 36.829530, 195.947290, 2154, 321265.0
196, 72.553671, 662.681933, 38.001292, 183.928185, 2130, 318442.0
197, 70.383265, 664.083240, 36.363055, 167.126465, 2239, 335010.0
198, 69.713932, 662.306157, 37.564143, 155.466497, 2261, 338217.0
199, 70.152006, 664.165648, 36.984549, 187.598247, 2184, 326794.0
200, 72.072512, 663.058276, 37.647107, 178.997722, 2174, 325171.0
201, 71.507343, 661.966907, 37.262535, 182.371248, 2187, 327244.0
202, 69.746399, 662.704896, 37.616473, 175.853152, 2248, 336378.0
203, 71.619341, 663.310335, 38.483570, 180.103882, 2170, 324157.0
204, 70.655801, 662.687533, 38.129659, 198.018252, 2197, 328311.0
205, 70.221127, 664.694959, 36.351386, 184.620082, 2207, 330908.0
206, 71.143115, 664.312064, 36.969893, 199.007726, 2111, 314325.0
207, 70.260857, 664.135900, 36.527455, 192.902428, 2181, 324928.0
208, 70.912038, 664.043241, 37.031517, 195.648317, 2191, 326305.0
209, 72.934926, 664.571907, 36.757710, 205.096338, 2141, 320443.0
210, 74.101756, 664.253013, 37.797708, 237.042459, 2093, 312750.0
211, 72.569702, 663.703677, 37.006791, 190.360901, 2127, 318138.0
212, 72.421710, 664.843523, 36.810272, 218.529162, 2123, 318178.0
213, 72.799110, 662.182938, 37.908833, 242.123424, 2079, 329938.0
214, 73.108155, 663.470442, 38.471408, 215.171853, 2128, 317279.0
215, 72.977627, 664.662148, 36.448081, 199.989875, 2110, 314018.0
216, 69.523668, 661.470509, 37.091962, 185.337384, 2252, 336559.0
217, 70.424905, 662.321943, 37.201760, 177.369269, 2226, 332481.0
218, 69.684729, 663.856977, 36.046613, 189.620597, 2202, 328524.0
219, 74.680084, 664.363759, 36.885963, 251.518416, 2091, 310700.0
220, 72.364730, 663.152018, 39.607496, 197.007106, 2130, 317203.0
221, 71.786722, 664.103086, 37.711276, 212.452260, 2117, 315320.0
222, 70.976617, 663.954591, 37.550631, 199.643870, 2154, 327230.0
223, 72.235697, 664.835676, 35.833729, 192.508665, 2146, 320531.0
224, 70.213493, 661.937740, 37.708845, 180.530328, 2229, 333615.0
225, 71.130715, 663.189945, 38.056482, 178.099214, 2192, 329522.0
226, 70.382582, 662.161704, 39.032414, 161.098419, 2220, 332399.0
227, 70.470289, 664.678397, 35.313390, 202.993720, 2226, 336931.0
228, 71.668846, 664.031483, 37.301441, 188.547761, 2187, 326624.0
229, 72.798006, 663.566329, 36.529747, 195.292628, 2116, 317063.0
230, 69.489932, 663.633630, 36.461657, 199.272853, 2193, 331894.0
231, 77.096342, 665.025000, 36.406681, 238.803964, 2105, 316504.0
232, 71.342483, 662.893280, 39.243824, 181.433373, 2164, 323640.0
233, 70.815231, 663.672427, 37.735452, 165.319859, 2214, 342888.0
234, 69.629778, 664.302205, 36.647492, 187.313369, 2224, 340997.0
235, 72.288824, 662.895499, 37.973720, 184.687208, 2148, 324482.0
236, 69.827261, 662.995255, 39.840145, 177.716414, 2228, 333184.0
237, 69.613000, 664.334617, 36.668720, 187.735168, 2250, 336237.0
238, 70.076062, 662.465338, 37.067104, 183.586132, 2186, 327335.0
239, 72.936771, 663.918875, 36.971188, 177.205914, 2144, 319632.0
240, 68.337333, 662.950864, 37.764380, 189.183817, 2252, 337076.0
241, 69.986436, 662.619876, 37.276343, 179.294850, 2232, 333847.0
242, 68.813363, 661.829981, 38.088200, 164.278853, 2256, 346974.0
243, 71.740761, 663.504620, 37.578163, 199.884418, 2147, 320605.0
244, 69.801871, 663.806399, 36.337247, 178.359798, 2251, 340177.0
245, 67.358210, 662.640264, 36.811882, 170.520713, 2232, 333512.0
246, 68.180596, 662.977383, 37.882840, 169.435241, 2242, 342009.0
247, 70.133643, 664.471990, 37.247343, 176.949828, 2240, 334262.0
248, 71.415461, 662.380070, 36.990730, 225.327924, 2163, 323780.0
249, 70.368593, 664.048805, 37.307810, 177.587764, 2236, 334126.0
250, 70.292179, 663.638075, 36.846252, 172.791187, 2181, 326171.0
251, 69.685765, 662.162519, 36.869425, 224.141743, 2188, 326883.0
252, 71.934724, 664.808552, 36.263165, 209.020500, 2095, 312222.0
253, 69.880866, 663.871736, 36.795573, 186.808154, 2245, 335629.0
254, 69.303979, 664.499242, 37.968147, 183.957945, 2254, 337023.0
255, 70.418247, 661.711820, 37.967880, 197.397579, 2165, 323714.0
256, 72.323730, 664.051079, 35.764431, 216.490203, 2080, 309646.0
257, 73.603020, 661.849486, 37.789825, 193.387806, 2126, 317654.0
258, 70.021899, 662.903182, 37.006757, 172.382939, 2242, 335287.0
259, 68.476558, 662.949727, 38.955284, 182.308365, 2233, 333932.0
260, 69.773281, 664.335100, 36.589446, 185.407610, 2248, 336660.0
261, 72.754536, 664.793657, 37.408417, 233.417758, 2091, 312100.0
262, 71.626347, 663.280360, 36.847206, 167.805059, 2164, 323903.0
263, 69.688353, 663.978817, 35.974432, 181.826392, 2225, 333270.0
264, 70.297581, 662.869859, 37.442395, 161.428977, 2228, 334050.0
265, 66.232377, 664.284110, 37.194478, 184.975298, 2245, 336650.0
266, 70.102776, 662.996866, 37.048317, 193.779029, 2188, 327898.0
267, 70.004480, 662.426280, 37.151535, 203.467191, 2176, 326018.0
268, 73.166943, 664.160510, 36.310879, 255.404965, 2112, 319224.0
269, 67.875483, 662.493814, 36.576124, 172.587280, 2257, 346923.0
270, 71.371931, 663.393890, 37.673117, 210.430238, 2130, 318846.0
271, 73.801812, 664.451407, 38.048744, 217.825303, 2113, 315150.0
272, 69.766888, 662.924044, 38.401004, 179.675515, 2197, 327971.0
273, 69.773281, 664.335100, 36.589446, 189.086384, 2216, 331670.0
274, 67.890174, 663.616320, 37.639167, 175.342840, 2246, 335926.0
275, 70.372574, 665.220885, 36.659465, 198.215032, 2218, 331016.0
276, 70.149736, 662.924877, 36.916632, 189.502249, 2230, 333630.0
277, 70.699455, 664.937801, 36.623239, 185.382315, 2235, 335003.0
278, 70.947578, 663.760544, 37.268021, 190.393013, 2168, 323406.0
279, 68.102695, 661.895336, 38.138354, 164.596940, 2238, 334626.0
280, 73.366532, 662.740130, 37.361432, 228.633612, 2113, 314895.0
281, 72.405771, 662.356958, 38.801460, 188.510953, 2110, 318301.0
282, 69.939044, 663.395773, 38.332107, 166.623532, 2229, 347955.0
283, 73.795510, 665.326601, 35.736968, 217.520124, 2073, 308386.0
284, 72.652748, 662.759589, 37.580147, 202.070209, 2116, 315602.0
285, 71.273540, 661.841273, 37.562983, 194.594722, 2174, 323997.0
286, 68.923080, 663.494469, 38.226490, 191.493761, 2260, 337990.0
287, 69.079038, 662.777280, 38.792336, 183.715149, 2221, 331941.0
288, 70.127204, 663.820152, 37.639299, 189.203493, 2204, 328781.0
289, 68.551421, 661.799430, 39.119769, 164.557343, 2237, 334703.0
290, 71.300139, 663.554368, 37.887606, 191.974703, 2194, 327389.0
291, 70.759527, 663.226676, 37.864772, 175.420256, 2221, 333084.0
292, 72.045112, 663.159541, 37.280491, 188.309989, 2134, 318193.0
293, 69.270575, 664.682167, 37.890060, 181.220858, 2253, 337487.0
294, 70.821161, 662.785073, 37.789012, 189.076163, 2214, 331398.0
295, 68.445184, 662.550132, 38.349527, 171.830381, 2262, 339507.0
296, 69.625456, 662.821918, 37.573823, 168.957152, 2253, 339256.0
297, 70.140581, 664.008026, 37.034650, 221.496158, 2169, 327532.0
298, 68.590287, 663.639672, 36.675591, 195.354537, 2233, 336307.0
299, 71.850523, 664.821227, 36.469711, 207.386673, 2111, 313873.0
300, 70.232517, 662.396300, 37.449619, 165.547065, 2225, 331811.0
301, 70.209994, 664.020515, 37.241031, 163.940673, 2237, 334481.0
302, 69.580678, 662.471746, 37.417757, 167.676315, 2256, 336990.0
303, 69.613000, 664.334617, 36.668720, 191.399876, 2235, 333600.0
304, 69.456023, 664.048871, 36.304971, 211.780306, 2167, 323366.0
305, 69.773281, 664.335100, 36.589446, 159.536744, 2252, 336557.0
306, 69.736075, 663.961065, 36.347143, 179.038073, 2233, 333503.0
307, 71.192912, 663.783572, 37.807641, 197.002577, 2138, 319027.0
308, 70.239067, 664.167679, 37.170738, 181.205218, 2253, 336504.0
309, 69.562310, 664.507566, 36.279726, 171.764772, 2262, 337321.0
310, 70.916871, 663.811292, 37.102048, 176.352481, 2212, 332167.0
311, 70.677226, 663.615394, 38.291075, 203.749977, 2149, 321125.0
312, 70.495269, 662.140557, 37.301822, 206.159885, 2190, 325963.0
313, 67.210511, 664.553638, 36.270360, 195.017575, 2198, 327954.0
314, 71.445892, 664.825942, 37.181205, 197.597335, 2162, 322277.0
315, 71.503591, 662.889625, 39.734051, 182.966660, 2137, 320032.0
316, 74.234948, 664.450485, 36.517769, 220.602537, 2115, 315091.0
317, 72.593732, 664.211864, 37.730091, 219.932018, 2125, 318474.0
318, 70.925926, 665.547846, 36.804138, 220.075814, 2183, 327483.0
319, 70.226604, 662.793273, 36.732609, 199.428448, 2196, 328441.0
320, 74.347148, 665.195962, 36.530084, 223.942629, 2107, 314086.0
321, 71.868192, 665.097444, 36.566207, 177.695993, 2140, 319286.0
322, 71.020353, 663.501155, 37.779580, 175.245962, 2214, 331317.0
323, 74.873619, 664.186125, 37.031812, 251.301464, 2088, 311676.0
324, 72.799110, 662.182938, 37.908833, 217.997284, 2088, 316276.0
325, 69.867910, 664.316873, 36.569454, 205.455613, 2203, 338070.0
326, 74.464849, 664.353443, 36.163780, 227.262023, 2105, 314347.0
327, 73.650444, 663.777857, 37.026154, 231.016922, 2127, 317528.0
328, 69.167167, 664.446132, 38.134272, 180.990682, 2248, 338063.0
329, 70.196720, 664.162759, 35.319058, 205.275274, 2235, 350615.0
330, 70.869558, 665.873699, 34.901653, 207.885018, 2129, 318443.0
331, 70.980893, 665.011378, 36.541311, 195.110505, 2197, 330098.0
332, 68.770140, 663.506745, 38.517571, 169.568079, 2254, 339463.0
333, 69.600607, 664.412850, 38.084936, 187.369207, 2227, 350848.0
334, 68.753160, 661.789052, 38.053844, 180.470505, 2264, 341143.0
335, 69.625456, 662.821918, 37.573823, 176.776540, 2245, 337940.0
336, 69.886008, 662.485334, 38.182194, 181.325646, 2227, 335100.0
337, 69.960786, 662.979801, 37.203093, 173.673537, 2236, 335046.0
338, 71.165734, 663.366744, 38.633897, 184.155450, 2169, 326163.0
339, 71.705126, 663.235552, 37.931633, 181.955018, 2154, 323968.0
340, 72.838648, 665.735829, 35.165041, 222.179374, 2096, 313640.0
341, 66.893203, 663.461615, 37.340528, 174.631008, 2249, 339328.0
342, 68.480614, 662.046704, 38.333639, 181.199305, 2210, 331329.0
343, 72.223068, 663.410200, 35.744493, 201.065585, 2118, 320261.0
344, 71.139625, 664.819383, 36.394259, 195.778373, 2196, 330328.0
345, 71.115293, 664.935026, 36.618945, 195.330771, 2155, 322477.0
346, 70.073422, 662.993443, 37.067044, 181.373442, 2273, 340790.0
347, 71.920225, 662.763297, 38.061549, 176.706450, 2147, 321690.0
348, 71.847062, 664.819059, 36.480178, 203.815603, 2130, 319682.0
349, 69.211307, 662.756046, 36.850466, 161.592281, 2254, 340860.0
350, 73.748563, 662.677882, 37.148805, 205.654749, 2130, 319366.0
351, 70.906227, 662.564987, 38.239570, 179.230265, 2186, 329311.0
352, 69.752774, 662.593869, 37.557416, 174.180464, 2254, 342577.0
353, 69.762109, 663.798423, 38.508068, 195.338033, 2182, 330758.0
354, 68.768625, 663.918137, 38.207399, 183.747708, 2236, 334228.0
355, 68.994496, 664.196339, 37.355512, 173.349240, 2233, 336435.0
356, 70.905858, 663.147161, 38.790527, 174.211915, 2195, 330258.0
357, 69.079038, 662.777280, 38.792336, 167.692179, 2212, 331284.0
358, 66.742367, 663.442043, 36.771995, 172.388894, 2255, 337406.0
359, 70.844065, 663.234210, 37.648703, 182.270475, 2203, 329595.0
360, 68.803592, 662.395831, 37.939008, 197.659507, 2172, 325314.0
361, 70.606184, 662.096214, 37.295879, 203.498564, 2206, 330136.0
362, 72.494304, 663.944287, 39.139464, 201.270353, 2126, 318020.0
363, 71.760621, 663.868780, 36.686654, 220.032093, 2105, 314263.0
364, 70.209058, 664.773163, 36.160200, 185.100827, 2253, 338397.0
365, 68.197809, 660.966227, 38.486694, 175.973685, 2261, 339057.0
366, 69.357089, 663.764313, 35.355988, 163.324864, 2255, 338157.0
367, 70.211324, 664.247761, 37.190897, 201.444656, 2190, 327196.0
368, 71.464771, 662.374993, 38.819102, 182.776577, 2156, 321973.0
369, 70.300784, 662.737258, 36.734964, 200.829034, 2243, 336265.0
370, 73.683167, 662.629769, 37.527156, 201.357320, 2119, 316261.0
371, 71.896405, 664.022241, 37.131358, 195.745822, 2168, 324151.0
372, 70.226604, 662.793273, 36.732609, 185.137551, 2197, 328437.0
373, 67.418905, 663.716329, 37.062842, 174.100209, 2256, 337296.0
374, 73.987801, 665.294260, 37.119505, 206.146371, 2123, 315491.0
375, 74.163160, 663.627527, 36.840280, 221.417644, 2123, 316395.0
376, 68.185384, 664.629324, 36.829809, 187.840165, 2225, 332203.0
377, 70.088469, 663.870710, 37.045646, 181.400510, 2219, 331166.0
378, 72.085963, 664.258806, 37.095435, 212.427766, 2112, 314145.0
379, 71.888290, 664.365766, 37.205313, 200.153116, 2154, 321425.0
380, 70.749985, 663.768078, 37.688633, 185.174736, 2209, 332905.0
381, 70.039019, 662.324580, 37.794594, 213.291500, 2181, 338100.0
382, 71.072218, 663.314229, 38.530936, 178.555455, 2230, 334347.0
383, 70.335227, 663.117763, 37.078469, 187.397486, 2199, 330723.0
384, 72.030928, 662.949886, 37.300342, 186.090691, 2160, 323796.0
385, 70.861290, 664.698064, 37.131712, 192.148154, 2172, 325814.0
386, 73.466505, 663.566181, 36.895296, 213.641453, 2074, 313698.0
387, 73.437464, 661.871422, 37.610257, 207.796480, 2143, 326934.0
388, 70.076062, 662.465338, 37.067104, 197.780345, 2187, 341392.0
389, 73.005778, 664.452393, 36.472018, 226.122273, 2126, 320436.0
390, 74.676125, 665.035099, 36.656556, 211.321705, 2096, 316391.0
391, 72.748282, 664.282379, 36.256405, 247.487879, 2090, 318157.0
392, 71.196360, 664.108703, 37.178490, 189.302559, 2159, 324935.0
393, 74.199427, 662.958531, 36.926461, 221.826662, 2125, 323762.0
394, 72.018202, 662.029988, 37.569289, 202.629791, 2146, 320751.0
395, 70.429904, 662.733037, 38.202995, 204.967043, 2157, 322805.0
396, 74.465844, 665.001116, 38.388107, 206.652922, 2101, 319380.0
397, 71.661508, 662.053096, 37.042645, 218.676018, 2148, 323599.0
398, 72.829348, 662.499300, 37.061276, 206.403808, 2147, 325300.0
399, 73.357201, 663.952212, 37.598224, 216.969855, 2116, 319574.0
400, 73.547323, 661.756277, 37.937034, 203.908932, 2124, 322596.0
401, 70.211324, 664.247761, 37.190897, 189.127956, 2239, 337139.0
402, 71.076661, 663.659364, 37.460962, 194.692797, 2170, 360803.0
403, 74.040823, 665.095379, 38.294426, 213.816436, 2115, 322774.0
404, 71.696563, 663.468390, 38.058817, 196.204215, 2200, 333511.0
405, 73.733586, 662.851376, 37.671403, 207.888413, 2116, 325937.0
406, 70.919740, 662.801337, 38.171566, 188.472926, 2202, 331988.0
407, 73.728971, 664.316813, 37.528529, 213.258539, 2113, 316846.0
408, 71.093740, 663.347245, 37.861599, 183.442472, 2213, 334942.0
409, 71.658802, 665.179986, 36.613797, 201.900075, 2133, 325407.0
410, 69.306377, 664.247546, 36.842060, 217.986687, 2206, 332089.0
411, 74.123936, 662.692201, 37.516139, 206.082083, 2143, 321823.0
412, 73.726880, 663.468710, 38.237497, 228.011350, 2136, 321762.0
413, 74.037371, 661.481168, 38.312381, 201.006404, 2124, 319960.0
414, 71.035182, 664.505496, 37.340590, 220.014667, 2129, 321601.0
415, 74.599311, 663.044286, 37.054037, 222.198696, 2109, 314674.0
416, 69.648087, 661.758610, 36.021568, 192.349446, 2189, 328334.0
417, 71.840115, 662.699786, 37.311149, 205.782281, 2129, 320225.0
418, 71.591022, 663.247448, 36.115467, 205.187364, 2152, 321457.0
419, 73.006037, 661.646444, 39.200701, 187.731145, 2144, 321482.0
420, 70.102776, 662.996866, 37.048317, 196.572769, 2216, 330792.0
421, 71.929518, 662.776421, 38.446197, 192.563622, 2155, 320676.0
422, 67.139745, 663.431060, 36.951427, 187.566181, 2225, 331400.0
423, 72.469510, 663.608217, 37.220488, 212.871694, 2143, 318759.0
424, 72.015958, 663.499087, 37.016767, 201.577392, 2136, 318203.0
425, 71.739989, 664.162096, 38.078748, 215.231490, 2112, 313965.0
426, 71.220612, 664.089256, 37.093603, 191.535561, 2156, 321324.0
427, 71.603045, 663.839033, 38.353414, 199.158785, 2168, 322830.0
428, 72.845995, 662.362460, 37.398427, 206.701234, 2118, 319235.0
429, 73.927570, 664.465966, 35.956251, 234.096596, 2116, 314417.0
430, 70.127204, 663.820152, 37.639299, 185.710458, 2230, 336574.0
431, 71.284254, 663.220701, 37.824918, 197.136323, 2165, 322926.0
432, 71.930185, 664.043252, 37.566833, 181.379234, 2163, 322409.0
433, 68.365699, 662.525894, 37.690219, 184.769145, 2236, 335818.0
434, 70.930681, 663.535412, 37.114041, 183.215479, 2178, 324928.0
435, 71.054856, 662.457831, 37.886964, 186.484205, 2214, 335710.0
436, 71.107618, 662.514892, 36.441943, 189.465658, 2158, 327887.0
437, 70.792407, 664.915401, 37.168484, 177.552350, 2228, 342467.0
438, 70.094798, 664.091672, 37.717529, 173.922188, 2231, 334039.0
439, 68.666475, 663.934746, 38.278227, 172.104114, 2243, 339413.0
440, 72.533265, 661.923754, 38.433768, 209.702085, 2108, 314573.0
441, 71.523080, 663.782775, 35.217497, 194.131142, 2176, 329590.0
442, 71.058698, 663.276767, 38.391200, 183.232977, 2209, 330567.0
443, 71.136065, 663.316513, 37.663455, 196.887944, 2148, 319457.0
444, 70.344761, 662.057918, 37.322965, 184.223066, 2204, 328373.0
445, 68.813363, 661.829981, 38.088200, 171.304528, 2255, 336443.0
446, 71.984648, 663.589397, 36.777254, 209.897489, 2096, 311286.0
447, 72.404838, 664.011388, 37.558130, 205.712160, 2116, 314605.0
448, 71.202976, 663.173796, 38.234392, 197.794863, 2153, 320765.0
449, 70.925926, 665.547846, 36.804138, 198.501047, 2154, 320727.0
450, 71.127207, 663.683678, 37.610594, 207.730971, 2138, 318549.0
451, 72.051776, 662.274608, 37.605201, 195.230575, 2167, 323425.0
452, 70.432012, 661.082744, 37.275235, 174.667543, 2224, 335865.0
453, 68.651463, 661.524413, 37.596857, 179.813258, 2246, 335716.0
454, 68.074786, 661.247050, 38.491792, 179.502966, 2240, 334825.0
455, 71.525239, 663.679895, 38.316630, 180.210248, 2159, 322492.0
456, 71.641843, 664.777648, 36.372176, 204.586004, 2166, 324362.0
457, 73.598274, 664.224333, 38.504432, 201.887690, 2143, 320914.0
458, 68.279887, 664.072095, 37.819217, 188.935478, 2228, 333013.0
459, 71.727657, 662.723551, 37.873856, 186.298615, 2201, 328863.0
460, 73.904264, 664.378389, 37.503916, 212.127828, 2131, 317598.0
461, 72.085019, 663.817760, 37.313158, 191.040373, 2136, 319113.0
462, 69.949737, 662.891608, 37.064620, 177.616717, 2248, 337370.0
463, 73.371409, 663.477371, 36.848641, 199.833606, 2120, 327385.0
464, 73.102732, 665.167968, 36.097234, 202.513294, 2090, 312606.0
465, 70.653617, 663.099026, 37.888889, 202.192487, 2196, 363164.0
466, 71.114327, 662.378694, 36.914409, 188.980456, 2152, 321172.0
467, 68.592050, 664.122504, 35.500607, 184.715903, 2255, 337666.0
468, 69.998987, 663.186206, 39.399028, 170.250354, 2238, 335830.0
469, 70.078966, 663.457832, 36.020183, 203.974182, 2201, 328544.0
470, 71.495848, 664.729118, 35.852128, 188.177369, 2144, 320347.0
471, 71.399903, 663.295784, 38.049583, 177.724092, 2151, 321896.0
472, 69.535005, 661.452282, 36.795466, 182.290139, 2190, 327285.0
473, 72.454354, 664.049306, 38.147896, 198.037094, 2120, 315830.0
474, 70.261272, 662.380325, 37.158094, 173.990541, 2225, 334671.0
475, 68.981228, 661.800865, 36.508009, 189.815468, 2218, 331463.0
476, 70.639469, 661.609298, 37.049852, 198.280028, 2221, 333151.0
477, 70.021899, 662.903182, 37.006757, 196.661154, 2221, 333662.0
478, 70.465594, 662.266512, 36.904772, 191.184134, 2210, 331780.0
479, 72.845706, 662.878052, 37.476243, 193.451978, 2135, 318110.0
480, 70.371818, 662.406344, 37.080722, 189.791745, 2165, 323627.0
481, 69.117804, 663.549479, 37.347763, 203.648202, 2169, 324202.0
482, 69.125957, 663.182017, 37.168435, 187.290553, 2219, 331474.0
483, 70.467227, 664.153712, 36.928984, 192.434961, 2221, 332299.0
484, 68.030522, 662.711996, 38.767393, 153.822246, 2260, 340766.0
485, 70.851965, 662.149087, 37.003752, 212.325407, 2185, 328398.0
486, 69.691008, 664.191602, 36.325687, 164.078943, 2245, 335686.0
487, 69.265422, 664.443747, 36.825351, 184.173314, 2233, 333370.0
488, 71.130361, 664.530314, 37.168161, 190.024399, 2156, 321313.0
489, 71.250235, 663.006383, 37.493980, 175.503379, 2225, 332418.0
490, 71.059116, 663.907777, 37.654426, 194.140624, 2152, 321217.0
491, 74.349331, 663.839274, 37.062079, 239.699510, 2131, 317654.0
492, 71.939227, 663.455372, 36.826237, 207.832046, 2103, 320510.0
493, 69.004479, 662.212508, 37.946729, 191.954422, 2251, 343111.0
494, 70.569555, 663.499088, 37.545207, 185.837567, 2213, 330212.0
495, 71.696789, 663.609199, 37.387117, 207.930865, 2130, 316142.0
496, 69.115894, 661.939961, 37.897875, 201.849286, 2243, 334156.0
497, 72.522102, 662.022100, 37.897072, 215.885583, 2104, 313098.0
498, 73.866095, 664.609719, 37.857002, 212.449930, 2125, 316220.0
499, 74.505093, 664.487321, 36.022510, 239.853285, 2097, 311463.0
500, 72.228427, 662.131044, 37.148340, 194.571358, 2145, 319421.0
501, 68.978815, 662.467309, 37.315289, 183.032638, 2249, 335676.0
502, 71.723367, 664.430623, 35.134091, 172.902251, 2168, 323216.0
503, 68.476661, 663.381806, 38.756831, 176.874455, 2233, 333578.0
504, 74.228264, 665.528715, 36.483853, 229.421825, 2090, 310125.0
505, 68.878865, 664.689082, 38.388902, 165.730585, 2239, 334360.0
506, 72.347672, 664.415999, 37.225352, 203.030934, 2118, 315797.0
507, 72.423462, 666.708349, 35.075217, 203.036532, 2114, 314436.0
508, 70.898622, 663.412057, 37.194810, 201.251178, 2166, 323249.0
509, 72.096831, 662.959457, 38.444071, 207.115077, 2155, 320977.0
510, 68.119649, 664.342448, 37.603378, 170.664776, 2252, 335558.0
511, 72.117513, 663.169612, 37.231453, 189.813419, 2137, 319554.0
512, 73.633564, 661.849734, 37.897439, 230.324532, 2109, 314172.0
513, 74.031975, 662.756767, 37.453183, 202.676421, 2117, 317177.0
514, 71.430029, 665.029712, 36.556605, 214.613029, 2120, 315500.0
515, 72.506890, 663.838225, 37.282978, 188.626051, 2114, 314645.0
516, 74.492554, 664.450500, 36.415495, 228.460914, 2112, 315072.0
517, 70.842157, 663.280458, 37.410728, 198.504224, 2212, 330389.0
518, 68.690616, 663.931639, 38.259679, 174.214547, 2246, 335494.0
519, 69.080349, 664.539073, 37.145823, 180.346480, 2225, 337648.0
520, 73.856606, 662.100220, 38.090265, 228.964244, 2104, 314646.0
521, 70.116305, 662.920979, 36.937959, 181.186205, 2205, 337602.0
522, 70.314343, 664.078279, 36.674635, 195.039012, 2203, 329742.0
523, 72.810419, 665.935568, 34.384241, 213.984364, 2094, 313681.0
524, 71.807059, 663.944803, 38.073994, 193.200202, 2151, 323334.0
525, 71.545108, 662.876728, 37.425608, 207.405911, 2147, 320114.0
526, 71.089153, 664.066391, 37.671988, 170.186695, 2212, 330244.0
527, 72.106620, 663.055028, 37.313202, 177.825783, 2167, 323667.0
528, 69.426572, 663.532287, 36.457226, 184.701355, 2230, 333573.0
529, 72.358993, 663.078810, 37.137834, 198.060574, 2111, 314510.0
530, 68.217066, 663.713830, 36.226017, 182.213797, 2247, 335020.0
531, 73.231483, 664.502420, 36.675674, 236.629320, 2085, 309767.0
532, 72.404057, 664.652075, 37.696424, 208.863792, 2127, 317213.0
533, 71.752076, 665.416397, 35.578195, 219.760963, 2104, 312269.0
534, 68.315224, 662.854803, 36.427369, 162.723314, 2248, 337188.0
535, 70.261868, 663.973782, 37.261337, 185.107191, 2200, 328187.0
536, 69.106440, 663.986881, 38.553379, 191.756346, 2196, 329112.0
537, 70.859634, 663.002603, 38.033728, 187.866358, 2227, 332828.0
538, 69.777219, 662.050671, 37.013561, 180.615913, 2272, 341533.0
539, 72.647655, 663.618495, 37.601241, 238.212652, 2092, 311971.0
540, 68.792850, 663.625811, 38.231948, 176.038080, 2253, 336894.0
541, 71.699506, 663.475271, 38.788299, 188.958409, 2147, 321224.0
542, 69.161336, 662.714445, 38.869463, 181.698307, 2228, 333301.0
543, 71.111675, 664.533257, 36.764897, 223.764216, 2186, 326203.0
544, 70.142944, 664.114973, 37.190212, 188.471573, 2213, 331148.0
545, 69.423367, 662.869454, 37.464013, 174.798014, 2261, 338316.0
546, 70.250513, 662.524445, 36.268679, 213.229978, 2165, 323658.0
547, 71.009409, 663.148894, 37.558274, 177.233034, 2224, 333288.0
548, 70.090734, 664.951924, 35.886942, 210.765982, 2192, 327274.0
549, 71.170235, 663.313938, 37.728230, 187.117130, 2221, 331875.0
550, 70.562310, 663.716243, 37.749041, 212.294238, 2189, 326447.0
551, 70.951616, 663.173820, 37.103718, 179.852349, 2201, 328443.0
552, 68.638883, 664.220249, 37.041510, 188.714356, 2225, 333042.0
553, 71.923659, 664.410539, 37.255921, 192.239569, 2115, 314879.0
554, 72.104821, 663.679102, 38.704821, 192.650868, 2127, 316938.0
555, 70.504053, 662.831156, 39.354795, 181.406470, 2215, 330807.0
556, 71.432460, 662.212293, 37.470072, 189.623265, 2200, 328333.0
557, 70.221258, 662.873640, 36.924240, 190.313843, 2221, 332371.0
558, 71.574193, 663.286808, 36.220212, 220.391442, 2102, 312405.0
559, 70.925926, 665.547846, 36.804138, 222.656485, 2144, 319095.0
560, 68.920122, 665.688645, 37.015833, 196.817444, 2243, 334998.0
561, 72.564043, 666.092948, 36.545820, 193.698465, 2164, 322312.0
562, 69.823758, 663.434407, 38.472127, 202.640914, 2211, 330573.0
563, 69.584741, 663.745526, 36.193510, 184.174612, 2232, 333092.0
564, 73.912863, 664.309767, 38.048473, 226.669418, 2121, 315944.0
565, 71.405541, 663.608630, 38.169967, 185.193139, 2164, 323378.0
566, 70.149736, 662.924877, 36.916632, 194.134005, 2230, 333505.0
567, 67.546942, 663.713852, 38.188820, 165.706235, 2252, 336340.0
568, 74.812008, 664.059364, 36.396393, 229.132235, 2123, 314821.0
569, 71.780358, 662.203598, 38.147080, 204.258298, 2186, 325201.0
570, 70.826215, 663.943684, 36.622553, 169.216403, 2220, 330593.0
571, 73.868041, 664.586778, 35.781977, 206.720844, 2116, 313698.0
572, 71.245795, 662.606944, 37.267090, 212.152700, 2111, 313537.0
573, 70.174175, 664.353000, 38.323470, 164.210170, 2233, 335509.0
574, 70.404089, 663.918829, 35.930914, 185.384432, 2188, 326049.0
575, 71.990060, 662.456820, 38.835008, 186.788727, 2170, 323850.0
576, 74.366966, 661.560577, 38.479058, 228.065320, 2122, 320962.0
577, 72.175332, 662.047426, 39.029377, 208.696509, 2108, 321639.0
578, 70.698283, 661.486676, 38.006216, 187.793618, 2202, 327972.0
579, 71.149316, 663.315350, 37.677198, 191.275845, 2148, 319548.0
580, 75.549212, 665.905835, 35.094291, 241.302825, 2103, 312310.0
581, 69.509660, 664.442202, 36.674284, 186.130366, 2248, 335648.0
582, 75.190335, 662.818066, 36.773607, 220.113999, 2103, 312328.0
583, 74.075481, 664.572084, 36.709477, 203.565385, 2138, 318355.0
584, 70.840931, 663.398946, 38.388563, 201.064565, 2173, 323871.0
585, 70.116305, 662.920979, 36.937959, 174.546695, 2237, 335034.0
586, 72.242251, 662.017533, 37.934117, 193.003667, 2124, 316226.0
587, 74.421863, 663.062699, 37.129080, 203.112044, 2092, 311147.0
588, 70.925926, 665.547846, 36.804138, 202.917982, 2116, 315282.0
589, 68.998366, 661.991605, 38.497236, 178.190846, 2244, 335212.0
590, 71.205435, 662.043150, 39.000908, 211.587612, 2120, 315918.0
591, 69.215431, 662.293840, 38.564321, 197.180848, 2233, 333341.0
592, 72.785347, 662.354142, 38.042396, 215.610104, 2124, 316302.0
593, 69.576038, 664.434369, 38.066962, 185.608576, 2244, 334725.0
594, 72.443712, 664.535532, 35.789846, 210.264264, 2114, 313986.0
595, 68.848604, 662.953219, 38.576381, 190.647047, 2218, 330995.0
596, 72.143832, 665.202139, 35.713132, 222.793801, 2096, 310380.0
597, 69.178461, 662.594681, 39.297682, 162.247990, 2251, 336386.0
598, 68.747615, 662.246487, 37.442281, 171.748617, 2263, 338098.0
599, 73.079882, 664.430464, 35.952138, 199.751390, 2134, 317536.0
600, 71.978627, 662.093491, 38.106199, 193.154067, 2134, 317825.0
601, 70.412305, 661.415830, 37.278587, 211.005460, 2177, 324631.0
602, 71.163402, 662.901757, 36.753140, 189.480699, 2188, 326305.0
603, 69.385310, 664.641578, 35.935555, 174.749027, 2240, 334301.0
604, 72.768369, 663.196861, 37.247448, 197.162833, 2119, 321429.0
605, 75.830652, 665.808339, 35.581813, 235.671612, 2087, 316260.0
606, 68.929565, 663.138784, 37.437882, 182.210030, 2243, 335838.0
607, 71.169339, 663.203921, 36.105776, 170.714676, 2192, 327601.0
608, 71.357804, 664.534705, 36.575539, 206.546945, 2132, 318410.0
609, 70.997329, 663.948990, 37.664359, 201.406920, 2216, 331345.0
610, 71.793785, 662.272790, 39.412109, 203.637991, 2154, 321580.0
611, 70.731854, 664.209212, 36.554421, 188.270607, 2189, 327045.0
612, 74.556356, 664.624783, 36.339963, 236.682231, 2085, 311057.0
613, 70.859815, 663.673950, 36.720484, 210.178555, 2163, 324967.0
614, 69.092721, 662.099535, 38.001174, 172.490094, 2253, 337711.0
615, 71.671127, 663.108630, 37.783237, 206.671046, 2134, 338303.0
616, 68.353281, 663.291343, 36.702282, 173.380759, 2243, 336128.0
617, 71.304266, 663.135366, 37.051196, 194.391437, 2179, 325258.0
618, 71.225074, 664.359520, 37.258850, 181.250515, 2215, 330298.0
619, 68.738108, 662.594955, 38.163629, 178.208526, 2226, 342178.0
620, 66.847515, 663.445122, 37.196753, 186.137296, 2226, 332187.0
621, 70.833807, 663.304567, 37.559199, 169.931000, 2219, 331573.0
622, 70.117204, 662.561303, 36.978902, 189.752674, 2184, 330395.0
623, 71.508981, 663.179225, 37.485818, 211.696167, 2151, 321139.0
624, 69.777219, 662.050671, 37.013561, 182.276684, 2221, 332301.0
625, 68.876422, 663.106422, 38.799302, 176.582336, 2240, 335368.0
626, 72.466134, 663.991360, 37.598933, 228.782020, 2093, 311513.0
627, 73.243508, 664.590259, 37.076543, 202.716824, 2125, 317299.0
628, 69.059905, 663.447132, 37.533292, 190.823656, 2263, 340550.0
629, 72.168865, 664.278774, 36.422422, 187.044499, 2174, 324312.0
630, 69.211307, 662.756046, 36.850466, 165.306998, 2255, 336581.0
631, 69.161336, 662.714445, 38.869463, 164.517244, 2226, 332099.0
632, 67.523246, 662.297677, 38.055111, 170.013423, 2241, 354526.0
633, 71.503599, 665.379505, 36.051438, 182.606570, 2139, 317878.0
634, 72.263114, 663.008966, 37.753311, 206.423672, 2122, 326458.0
635, 69.868284, 662.301223, 37.302881, 197.129326, 2214, 330665.0
636, 70.598533, 663.583642, 37.742595, 194.885329, 2126, 316007.0
637, 69.117804, 663.549479, 37.347763, 188.883557, 2255, 337037.0
638, 72.180659, 664.237281, 38.015984, 233.184990, 2091, 310141.0
639, 69.332987, 664.655137, 37.869608, 176.359984, 2250, 333882.0
640, 71.293576, 663.194149, 38.419670, 185.631801, 2206, 329139.0
641, 68.077252, 664.276656, 37.365810, 165.467896, 2257, 337661.0
642, 69.752774, 662.593869, 37.557416, 177.158981, 2230, 333988.0
643, 68.431372, 661.964835, 38.042307, 175.741703, 2225, 333364.0
644, 71.372919, 661.592165, 38.567864, 195.656792, 2171, 323883.0
645, 70.950447, 662.082752, 37.926108, 180.683832, 2194, 326508.0
646, 68.591290, 661.628415, 39.110718, 175.400538, 2235, 333537.0
647, 69.750463, 662.135824, 36.357404, 191.264184, 2172, 323891.0
648, 69.748529, 661.982894, 37.114916, 185.839095, 2233, 332674.0
649, 74.487498, 664.589714, 36.904859, 215.863437, 2105, 312229.0
650, 69.867910, 664.316873, 36.569454, 173.123321, 2245, 335399.0
651, 66.798980, 663.255121, 37.409003, 169.939430, 2255, 336498.0
652, 69.741574, 664.116061, 36.207971, 179.044577, 2234, 333734.0
653, 69.492312, 662.454370, 37.608367, 162.005898, 2260, 338306.0
654, 72.688219, 662.281148, 38.301250, 192.862676, 2124, 316227.0
655, 67.366552, 663.777408, 37.087441, 184.122695, 2225, 331704.0
656, 70.599978, 663.807157, 37.328305, 187.098158, 2176, 324607.0
657, 72.010699, 664.651338, 37.836241, 197.531502, 2166, 322837.0
658, 72.825434, 664.351721, 36.371116, 211.864910, 2122, 315868.0
659, 70.248635, 662.099203, 37.502938, 177.366518, 2221, 331926.0
660, 69.423367, 662.869454, 37.464013, 189.784382, 2254, 346545.0
661, 73.390092, 664.344878, 37.961380, 235.202816, 2110, 313234.0
662, 70.602543, 665.539249, 36.872143, 170.747898, 2230, 332109.0
663, 71.482618, 663.501082, 38.093983, 181.928383, 2183, 325395.0
664, 70.100675, 662.378299, 37.900816, 175.007900, 2233, 333906.0
665, 69.665642, 662.157162, 37.378267, 179.918018, 2238, 334700.0
666, 70.116305, 662.920979, 36.937959, 182.906372, 2197, 328152.0
667, 73.884708, 664.230627, 36.098270, 231.744398, 2112, 314383.0
668, 71.383194, 662.389624, 38.893888, 175.943254, 2188, 328918.0
669, 70.303918, 664.469724, 36.303519, 184.525101, 2250, 336201.0
670, 70.626164, 664.952246, 36.707831, 176.274204, 2245, 335755.0
671, 70.881905, 663.974566, 36.655518, 193.982795, 2161, 322545.0
672, 69.389132, 662.865082, 37.560878, 184.028926, 2230, 333791.0
673, 70.575466, 664.998983, 36.609930, 178.598259, 2217, 331311.0
674, 68.753160, 661.789052, 38.053844, 178.886657, 2239, 359187.0
675, 71.369884, 664.713864, 36.391440, 190.427653, 2202, 328373.0
676, 71.827107, 662.623997, 36.439339, 184.638266, 2085, 310540.0
677, 70.837592, 663.340002, 38.291993, 182.529366, 2181, 327395.0
678, 67.144467, 663.167655, 37.072832, 177.286575, 2246, 339624.0
679, 69.115077, 665.084709, 34.641116, 176.020217, 2235, 334043.0
680, 68.153992, 661.757390, 37.888127, 176.300419, 2221, 333419.0
681, 67.023574, 662.528287, 37.988677, 182.732152, 2251, 336436.0
682, 66.413940, 663.416136, 36.857453, 158.878963, 2238, 335021.0
683, 69.745998, 663.964063, 36.285182, 174.648268, 2250, 337018.0
684, 66.226988, 664.476701, 37.296583, 160.875371, 2240, 334181.0
685, 70.468403, 661.956657, 39.511012, 172.053752, 2218, 331447.0
686, 69.317111, 662.644964, 39.078317, 160.312489, 2224, 334124.0
687, 69.198957, 663.812930, 37.207328, 180.311127, 2225, 333428.0
688, 71.355776, 664.182210, 38.231420, 196.641940, 2153, 337015.0
689, 66.436660, 664.321313, 36.573849, 171.862346, 2231, 339855.0
690, 69.571338, 662.578301, 37.437021, 177.031533, 2222, 331572.0
691, 69.022190, 662.915512, 37.514002, 177.881413, 2252, 335656.0
692, 69.306422, 664.119190, 36.425748, 171.771754, 2249, 336288.0
693, 70.116305, 662.920979, 36.937959, 184.396171, 2223, 331952.0
694, 71.693289, 662.257043, 37.719925, 200.299754, 2139, 318662.0
695, 72.693721, 664.572219, 36.603309, 213.716939, 2087, 310169.0
696, 69.303979, 664.499242, 37.968147, 199.323686, 2216, 330931.0
697, 69.772220, 662.578282, 36.930267, 172.782327, 2236, 334775.0
698, 70.205645, 663.627956, 36.233984, 202.659474, 2166, 322448.0
699, 71.331626, 664.062416, 37.371418, 179.245162, 2200, 328063.0
700, 73.149701, 663.320371, 37.360048, 206.699628, 2146, 319376.0
701, 73.815118, 664.162159, 38.291899, 190.803004, 2120, 315973.0
702, 72.484737, 661.836466, 38.454292, 177.695256, 2136, 318373.0
703, 68.906037, 663.382269, 36.980543, 180.090884, 2222, 332432.0
704, 72.434345, 664.056449, 37.455038, 209.871542, 2119, 315595.0
705, 70.430562, 663.129194, 38.089773, 176.567246, 2230, 332832.0
706, 70.013212, 664.078368, 36.165913, 191.634696, 2223, 331463.0
707, 71.020353, 663.501155, 37.779580, 217.923040, 2104, 312790.0
708, 70.608850, 662.666062, 36.620682, 173.698767, 2206, 329566.0
709, 69.884599, 664.284446, 36.548289, 198.407855, 2234, 333207.0
710, 67.919519, 664.129338, 36.860196, 179.224154, 2234, 333469.0
711, 70.149736, 662.924877, 36.916632, 194.059881, 2235, 333492.0
712, 70.174217, 664.312257, 38.345875, 188.012983, 2217, 331146.0
713, 69.270291, 664.276457, 36.910330, 174.829530, 2250, 335739.0
714, 70.073422, 662.993443, 37.067044, 193.559768, 2203, 328870.0
715, 73.182723, 663.454265, 37.696248, 218.392364, 2123, 318669.0
716, 71.042165, 664.889539, 36.604644, 193.168284, 2160, 332792.0
717, 69.518433, 662.444592, 39.727327, 176.952449, 2196, 328062.0
718, 69.003847, 662.587256, 36.372509, 187.512497, 2240, 332866.0
719, 67.512436, 663.766845, 36.856841, 194.679515, 2212, 329777.0
720, 68.263726, 664.262636, 36.657928, 175.645908, 2224, 331133.0
721, 71.360719, 664.858406, 36.713376, 203.204525, 2133, 316952.0
722, 70.717835, 663.594457, 37.602304, 206.167433, 2199, 327204.0
723, 71.105222, 663.026536, 38.065324, 191.466608, 2209, 329131.0
724, 68.155949, 664.351278, 36.987852, 180.501943, 2259, 338026.0
725, 67.368690, 661.978130, 38.091465, 186.587440, 2231, 333091.0
726, 69.839683, 662.542974, 37.106542, 185.158832, 2260, 338060.0
727, 66.565978, 663.618239, 37.482880, 168.805748, 2247, 334821.0
728, 69.919595, 662.581623, 37.357433, 175.995606, 2251, 335928.0
729, 69.725573, 663.955053, 36.948632, 168.014747, 2249, 335341.0
730, 71.426696, 663.673328, 37.016893, 199.378340, 2154, 320357.0
731, 71.149245, 663.692331, 36.948125, 194.364994, 2145, 318899.0
732, 71.890275, 662.665233, 36.926986, 180.619468, 2141, 318614.0
733, 68.354959, 662.905154, 37.732876, 176.025161, 2245, 337660.0
734, 72.989669, 664.230130, 36.498412, 208.679455, 2066, 310836.0
735, 69.667566, 662.354622, 37.527078, 169.826737, 2260, 343039.0
736, 67.302574, 663.834750, 37.893120, 157.726029, 2261, 344962.0
737, 70.421521, 662.730177, 36.945544, 188.944541, 2217, 369014.0
738, 67.237184, 663.848514, 37.194319, 170.538748, 2256, 339780.0
739, 69.884599, 664.284446, 36.548289, 205.075236, 2211, 331948.0
740, 66.835867, 664.510857, 36.927317, 167.738155, 2242, 337678.0
741, 70.152921, 664.413986, 37.248508, 186.995036, 2200, 330480.0
742, 66.934291, 663.090205, 37.327247, 153.779379, 2249, 339368.0
743, 69.920879, 663.262278, 37.760388, 184.278853, 2213, 336690.0
744, 70.134491, 664.112726, 36.476299, 187.338074, 2211, 337009.0
745, 68.855783, 663.499816, 37.766001, 164.646721, 2263, 343214.0
746, 70.257587, 663.105925, 37.007116, 184.411909, 2218, 334655.0
747, 69.286981, 664.244030, 36.889164, 181.881754, 2235, 335176.0
748, 69.211307, 662.756046, 36.850466, 168.386887, 2246, 336888.0
749, 68.570541, 662.572246, 37.947552, 156.582947, 2244, 338666.0
750, 68.837308, 663.877346, 38.361003, 171.589605, 2258, 341542.0
751, 68.596386, 663.726919, 38.651618, 172.970869, 2249, 339294.0
752, 67.757185, 663.909203, 36.739008, 160.415941, 2256, 340402.0
753, 69.624900, 663.921317, 36.039070, 167.453896, 2235, 335214.0
754, 67.440667, 661.764784, 37.963291, 167.869880, 2235, 343117.0
755, 67.960415, 662.173429, 37.341310, 158.084460, 2247, 336652.0
756, 67.356345, 662.896323, 37.434678, 170.426980, 2254, 337816.0
757, 69.108930, 662.385760, 37.267512, 178.076705, 2249, 340200.0
758, 68.586941, 665.753529, 35.293254, 163.092328, 2236, 340969.0
759, 66.826767, 664.772463, 36.372810, 169.021654, 2247, 337396.0
760, 69.230035, 664.136329, 37.133827, 185.447142, 2253, 336792.0
761, 67.570949, 664.078409, 36.685888, 168.875466, 2246, 336354.0
762, 70.739707, 664.250107, 36.883303, 181.756996, 2262, 339201.0
763, 72.621264, 663.248525, 36.833141, 191.784618, 2147, 329773.0
764, 69.510419, 662.882713, 37.752820, 159.742816, 2257, 345244.0
765, 71.264180, 665.379654, 36.967380, 189.622124, 2151, 327538.0
766, 70.415495, 662.005469, 37.551074, 175.409522, 2218, 336254.0
767, 70.531045, 664.592688, 37.277934, 192.496310, 2215, 340287.0
768, 69.529751, 662.862627, 37.603281, 165.595254, 2252, 338740.0
769, 70.390863, 663.489199, 36.940121, 200.803487, 2169, 329529.0
770, 68.575984, 663.001100, 38.336147, 185.458763, 2236, 339135.0
771, 68.793426, 662.930935, 36.940883, 168.402979, 2247, 364525.0
772, 69.366488, 662.969064, 37.766772, 181.402434, 2246, 345250.0
773, 71.843702, 663.937117, 35.855342, 198.728205, 2132, 327911.0
774, 69.907242, 663.476957, 38.380819, 185.750050, 2224, 344946.0
775, 68.240542, 662.754044, 39.362505, 171.174708, 2257, 341767.0
776, 70.170972, 664.423759, 38.289235, 170.064993, 2244, 336590.0
777, 70.206727, 661.338104, 37.612486, 201.685599, 2171, 331426.0
778, 69.540360, 662.778488, 37.073738, 171.146162, 2258, 347158.0
779, 71.906952, 662.875770, 37.460558, 186.307330, 2128, 324530.0
780, 69.627392, 662.312706, 37.209037, 169.330095, 2272, 351709.0
781, 71.371563, 662.971149, 37.710194, 198.753107, 2223, 340530.0
782, 71.450047, 663.334429, 37.922872, 164.274386, 2166, 330798.0
783, 71.296042, 664.659118, 36.623176, 198.697667, 2154, 322696.0
784, 67.140925, 662.845944, 39.725522, 165.836586, 2267, 345598.0
785, 68.161323, 662.400381, 37.362373, 182.895030, 2240, 337969.0
786, 67.602395, 662.640932, 36.601918, 159.771245, 2260, 340526.0
787, 71.110940, 663.308365, 37.541897, 194.961694, 2114, 320346.0
788, 68.487369, 664.081450, 37.669995, 172.976673, 2250, 341197.0
789, 68.588943, 662.949913, 37.621414, 168.290909, 2264, 342294.0
790, 68.032825, 664.308744, 37.481012, 160.314632, 2244, 334519.0
791, 67.727780, 663.762655, 35.454795, 165.970909, 2246, 333611.0
792, 69.801183, 662.116606, 37.089698, 179.654454, 2236, 372966.0
793, 69.241986, 662.962272, 36.908595, 169.300087, 2213, 332194.0
794, 66.566296, 662.765543, 36.915786, 153.374435, 2239, 336811.0
795, 70.145326, 662.090643, 38.066881, 190.563782, 2214, 336959.0
796, 70.438572, 662.968888, 38.137222, 193.552961, 2213, 333255.0
797, 68.546102, 663.521111, 38.943572, 160.008543, 2254, 339441.0
798, 67.788514, 663.391837, 37.218043, 160.714766, 2258, 341075.0
799, 69.337752, 664.538653, 37.926625, 172.000578, 2260, 341731.0
800, 68.116289, 664.416814, 36.228573, 182.053465, 2246, 337569.0
801, 68.965350, 664.254407, 38.614001, 156.915790, 2251, 339361.0
802, 66.337447, 662.044790, 36.445009, 164.748338, 2244, 338102.0
803, 72.239859, 664.564671, 37.094160, 208.061791, 2142, 331304.0
804, 70.981013, 664.017578, 36.295291, 199.456052, 2175, 327078.0
805, 71.271276, 662.129394, 37.280933, 189.212844, 2215, 333806.0
806, 69.088307, 662.614614, 36.523148, 188.251637, 2202, 329982.0
807, 69.717942, 664.021849, 35.928909, 195.705388, 2214, 331766.0
808, 70.411800, 663.400636, 36.489547, 171.698418, 2228, 333626.0
809, 70.210011, 664.247137, 38.063312, 186.605438, 2208, 331443.0
810, 66.944879, 662.494303, 38.725195, 165.528052, 2251, 337144.0
811, 69.389722, 663.543424, 37.328606, 165.851652, 2228, 335297.0
812, 69.173830, 662.007919, 37.919189, 165.822616, 2262, 340081.0
813, 70.752778, 663.718124, 37.527540, 184.975272, 2195, 328363.0
814, 69.371496, 662.505648, 37.110823, 189.498446, 2218, 331979.0
815, 68.923080, 663.494469, 38.226490, 191.524295, 2238, 335592.0
816, 69.235464, 664.524629, 37.994528, 173.359204, 2219, 332623.0
817, 71.255738, 664.896842, 37.616949, 200.227222, 2123, 316596.0
818, 67.625953, 662.479207, 37.024014, 176.261789, 2222, 333333.0
819, 69.270291, 664.276457, 36.910330, 179.418611, 2229, 335091.0
820, 68.923080, 663.494469, 38.226490, 179.782969, 2259, 340850.0
821, 69.852362, 663.880413, 37.940616, 185.144224, 2224, 333266.0
822, 71.465486, 662.954575, 37.443974, 185.815923, 2196, 328927.0
823, 70.999622, 664.053552, 37.770131, 186.747047, 2200, 330191.0
824, 70.133394, 661.239366, 38.157574, 200.042439, 2190, 328368.0
825, 70.414634, 661.693274, 37.993062, 200.515966, 2204, 334940.0
826, 67.244429, 663.486693, 38.163250, 171.617809, 2243, 352988.0
827, 68.058386, 662.756726, 36.995991, 175.128577, 2244, 337453.0
828, 66.805342, 661.431919, 38.117544, 163.207933, 2239, 335290.0
829, 69.012663, 662.253309, 36.423372, 181.695796, 2237, 334681.0
830, 69.225815, 661.900620, 38.812796, 149.455377, 2254, 340139.0
831, 67.636872, 662.148550, 39.411556, 168.573796, 2258, 338722.0
832, 68.936600, 663.370250, 37.678881, 198.177798, 2258, 341269.0
833, 70.688561, 663.027795, 38.592339, 194.123805, 2235, 335548.0
834, 68.332557, 663.254847, 37.188963, 180.158212, 2242, 337430.0
835, 67.651298, 663.917453, 36.434236, 184.904176, 2223, 334447.0
836, 69.997736, 662.468448, 37.824727, 166.800622, 2251, 340921.0
837, 70.418247, 661.711820, 37.967880, 170.429613, 2214, 332580.0
838, 69.219511, 662.951015, 36.922965, 173.574282, 2263, 339759.0
839, 69.987225, 663.631479, 35.715857, 199.828370, 2211, 333261.0
840, 68.565232, 662.685202, 38.139972, 179.286693, 2261, 339699.0
841, 70.437248, 664.247992, 37.352599, 187.173083, 2213, 333590.0
842, 71.815057, 663.100795, 39.053611, 190.813822, 2149, 321772.0
843, 66.720284, 662.125650, 37.394708, 164.121898, 2236, 333647.0
844, 67.900201, 664.109142, 35.845942, 175.351406, 2217, 330937.0
845, 67.097935, 662.952839, 37.357625, 168.292842, 2230, 333196.0
846, 68.972393, 661.780269, 38.075963, 176.322208, 2247, 335914.0
847, 70.021899, 662.903182, 37.006757, 162.018254, 2263, 338463.0
848, 68.625659, 662.792326, 36.771596, 171.879444, 2251, 336229.0
849, 68.546458, 663.854375, 36.934189, 160.226980, 2251, 336087.0
850, 67.286009, 663.391208, 37.162973, 172.660041, 2235, 333569.0
851, 70.781454, 662.838417, 37.624381, 198.077011, 2206, 328980.0
852, 66.835867, 664.510857, 36.927317, 166.619995, 2247, 335959.0
853, 70.116305, 662.920979, 36.937959, 160.074282, 2243, 339098.0
854, 67.713486, 663.444958, 35.283348, 375.814223, 2145, 323187.0
855, 71.373391, 664.701911, 36.474119, 182.591400, 2174, 352874.0
856, 68.447434, 661.371108, 37.406416, 151.410487, 2253, 339287.0
857, 66.562742, 662.573379, 37.233200, 149.592825, 2246, 335901.0
858, 68.582568, 662.165774, 38.217316, 161.461220, 2260, 338169.0
859, 67.159659, 663.309166, 36.532536, 171.879923, 2236, 334270.0
860, 70.916677, 663.950844, 35.143477, 204.986224, 2155, 320484.0
861, 66.835867, 664.510857, 36.927317, 181.317513, 2241, 335773.0
862, 67.541354, 661.845491, 39.800867, 189.182234, 2237, 335009.0
863, 67.272276, 662.673645, 38.737469, 167.391617, 2256, 336969.0
864, 68.091357, 664.118373, 36.844829, 182.534240, 2234, 333890.0
865, 69.051090, 663.675997, 37.459057, 172.786075, 2251, 337951.0
866, 69.834029, 662.458317, 37.361964, 184.406668, 2212, 330700.0
867, 69.789318, 662.670516, 36.952769, 159.097177, 2271, 340011.0
868, 72.789269, 663.923460, 38.727524, 199.569734, 2124, 317106.0
869, 68.702514, 664.034950, 36.682125, 189.760228, 2215, 331725.0
870, 70.655801, 662.687533, 38.129659, 185.622140, 2213, 331468.0
871, 68.122130, 663.944126, 36.740504, 172.427177, 2230, 338274.0
872, 70.618773, 662.669060, 36.558721, 179.252071, 2209, 330680.0
873, 71.235230, 664.048396, 37.410955, 183.826677, 2143, 320166.0
874, 67.285126, 663.553460, 38.071547, 176.075456, 2247, 337000.0
875, 71.863692, 663.584118, 36.687382, 202.354995, 2131, 317928.0
876, 70.749927, 664.601864, 37.207708, 191.012624, 2172, 325000.0
877, 67.088850, 663.709864, 36.440042, 184.447361, 2263, 338770.0
878, 70.116305, 662.920979, 36.937959, 182.270629, 2231, 334093.0
879, 70.552460, 664.982734, 36.252122, 182.957383, 2192, 327988.0
880, 67.909044, 663.023175, 36.963973, 144.482538, 2244, 337096.0
881, 70.375759, 663.977067, 35.940520, 174.148884, 2195, 336688.0
882, 68.969654, 664.556002, 38.296852, 165.709518, 2250, 337302.0
883, 70.334340, 664.408647, 36.074743, 175.594542, 2249, 337413.0
884, 67.451473, 664.374428, 35.895866, 172.976132, 2236, 335719.0
885, 69.567091, 662.262018, 38.592614, 172.451226, 2214, 331701.0
886, 70.606171, 662.144898, 36.976555, 197.502287, 2153, 321533.0
887, 69.982704, 662.976489, 37.132968, 154.341129, 2233, 335233.0
888, 69.753157, 662.367905, 37.439776, 178.718794, 2245, 336545.0
889, 67.565727, 663.993946, 36.514484, 151.529898, 2261, 339569.0
890, 70.248635, 662.099203, 37.502938, 164.332317, 2228, 334224.0
891, 69.096381, 664.157226, 35.804836, 184.145020, 2253, 336947.0
892, 71.296896, 662.859133, 38.798084, 194.755770, 2205, 330082.0
893, 70.411156, 664.019276, 36.149343, 180.150636, 2216, 331569.0
894, 68.917950, 661.281456, 37.760184, 180.215883, 2254, 338062.0
895, 69.314418, 662.546672, 37.959866, 170.201820, 2237, 335210.0
896, 71.609341, 662.653756, 37.746331, 194.966824, 2154, 321983.0
897, 67.692212, 662.050352, 37.048050, 178.775866, 2240, 336125.0
898, 71.211723, 663.058490, 36.498302, 163.256179, 2162, 321530.0
899, 67.289625, 663.701916, 37.495916, 183.207084, 2256, 337034.0
900, 66.372602, 663.330988, 36.968355, 166.213245, 2223, 331490.0
901, 68.516850, 661.394030, 38.946765, 167.091434, 2212, 331123.0
902, 68.175697, 662.125003, 38.134299, 162.407368, 2233, 333857.0
903, 68.961881, 664.194739, 37.454072, 160.041968, 2255, 337461.0
904, 71.530583, 662.037259, 39.197756, 178.196356, 2172, 325034.0
905, 68.202043, 664.049683, 35.527942, 176.251915, 2192, 327772.0
906, 72.273632, 664.066907, 37.121116, 193.377434, 2138, 322874.0
907, 70.468403, 661.956657, 39.511012, 156.386509, 2198, 329118.0
908, 65.220177, 663.128879, 37.146599, 151.714364, 2232, 334432.0
909, 69.985913, 661.151397, 37.976563, 172.054618, 2265, 344995.0
910, 68.425281, 662.809336, 37.600777, 151.544928, 2249, 337095.0
911, 70.135461, 662.370310, 37.105260, 168.906475, 2217, 331736.0
912, 69.011051, 663.349795, 37.476029, 168.306734, 2253, 337611.0
913, 71.400821, 664.931794, 37.299745, 199.142070, 2140, 319310.0
914, 70.537915, 661.974257, 38.430316, 166.125636, 2225, 332928.0
915, 72.101739, 662.283075, 37.743345, 202.246694, 2149, 320496.0
916, 67.752084, 661.999023, 38.803264, 152.510399, 2252, 337318.0
917, 72.048104, 664.589135, 37.275743, 192.692281, 2155, 322006.0
918, 70.974059, 663.978552, 37.659475, 185.939219, 2209, 330344.0
919, 68.502856, 662.171211, 35.874812, 160.396775, 2258, 337652.0
920, 69.613000, 664.334617, 36.668720, 193.722747, 2185, 326658.0
921, 68.044644, 661.605834, 38.036422, 160.011110, 2228, 333826.0
922, 68.010486, 662.410469, 38.484872, 162.565729, 2241, 336030.0
923, 69.306422, 664.119190, 36.425748, 170.739764, 2259, 337877.0
924, 71.157681, 664.252545, 37.176401, 197.580988, 2144, 320287.0
925, 72.873479, 663.224543, 36.494076, 186.190703, 2117, 315946.0
926, 65.755222, 664.065451, 36.527530, 192.170556, 2181, 326117.0
927, 70.211324, 664.247761, 37.190897, 183.781590, 2235, 334222.0
928, 69.894497, 663.175216, 37.769564, 177.658233, 2226, 332067.0
929, 69.723866, 662.641072, 36.944684, 163.295197, 2259, 337416.0
930, 69.543911, 662.833455, 36.991011, 175.218161, 2242, 336425.0
931, 69.718241, 663.931398, 36.113316, 184.320896, 2211, 333964.0
932, 66.513713, 663.246405, 38.130279, 190.030721, 2245, 336590.0
933, 69.059106, 662.810619, 38.784757, 168.840024, 2202, 329103.0
934, 66.341816, 662.426971, 37.644834, 160.413644, 2242, 335254.0
935, 70.032038, 663.267145, 38.364235, 175.104896, 2205, 330666.0
936, 68.168212, 662.616576, 37.922358, 159.257832, 2245, 339240.0
937, 71.914298, 664.764047, 34.976891, 205.203524, 2134, 348401.0
938, 72.508830, 664.263234, 36.335409, 208.499479, 2094, 319106.0
939, 69.875628, 662.592621, 37.501964, 186.013035, 2227, 337171.0
940, 69.643404, 663.747691, 36.997944, 176.329623, 2230, 342529.0
941, 70.077761, 663.655759, 37.714275, 180.524429, 2245, 341502.0
942, 69.924614, 663.712152, 35.891028, 178.546074, 2230, 333722.0
943, 70.798669, 663.496113, 36.699757, 196.288367, 2162, 324479.0
944, 68.168011, 662.501987, 37.418588, 183.339372, 2251, 338907.0
945, 70.468403, 661.956657, 39.511012, 171.193611, 2239, 335229.0
946, 70.222466, 662.348488, 37.102765, 165.707099, 2231, 333842.0
947, 68.654328, 664.038749, 37.258551, 146.106146, 2259, 338696.0
948, 71.229907, 661.906079, 37.171603, 212.119493, 2114, 315587.0
949, 70.197552, 664.026486, 36.270505, 169.098381, 2237, 334648.0
950, 73.684407, 664.037344, 36.488663, 199.003505, 2122, 316070.0
951, 68.734754, 662.900573, 36.605759, 191.599031, 2211, 330125.0
952, 67.541354, 661.845491, 39.800867, 176.793325, 2246, 335542.0
953, 69.304223, 662.162753, 38.477471, 180.432922, 2201, 328654.0
954, 70.508488, 662.580417, 36.741558, 194.602941, 2190, 327009.0
955, 69.982704, 662.976489, 37.132968, 176.391451, 2233, 333870.0
956, 71.809433, 664.376259, 35.867152, 196.317376, 2124, 315866.0
957, 68.373152, 664.167721, 37.037398, 174.807417, 2251, 336367.0
958, 68.616158, 664.286427, 37.169861, 155.589574, 2257, 337566.0
959, 69.420938, 661.780729, 38.462459, 172.674889, 2260, 337943.0
960, 68.001684, 664.300202, 37.250806, 158.899289, 2249, 335811.0
961, 68.982544, 663.396301, 36.933888, 160.608854, 2245, 335711.0
962, 67.904828, 661.853381, 38.774618, 185.510648, 2225, 332606.0
963, 68.077252, 664.276656, 37.365810, 172.431108, 2251, 336204.0
964, 71.048990, 662.012819, 37.591189, 176.157516, 2219, 335915.0
965, 68.658479, 661.672005, 37.981416, 152.310465, 2257, 360680.0
966, 69.106676, 664.411139, 38.288664, 160.617435, 2245, 336244.0
967, 70.606259, 663.354891, 36.602066, 165.350913, 2233, 341102.0
968, 67.890174, 663.616320, 37.639167, 154.717235, 2265, 339174.0
969, 69.242926, 663.373685, 37.208198, 162.557869, 2264, 339603.0
970, 68.952168, 662.815655, 36.748049, 167.926434, 2238, 335163.0
971, 69.592771, 663.859122, 36.645584, 154.028709, 2242, 335845.0
972, 68.322493, 663.093424, 37.979942, 143.954220, 2261, 338718.0
973, 68.247296, 662.854864, 38.277165, 156.021808, 2257, 339140.0
974, 70.443295, 663.279579, 37.758012, 196.730733, 2214, 331259.0
975, 70.698353, 663.538907, 37.707506, 182.420622, 2206, 331581.0
976, 66.221519, 662.933461, 37.867508, 142.845089, 2240, 336178.0
977, 71.284355, 663.176954, 38.643744, 184.707011, 2161, 324071.0
978, 68.322493, 663.093424, 37.979942, 151.135962, 2258, 339519.0
979, 69.029843, 663.805915, 37.438158, 179.054963, 2248, 336761.0
980, 73.455298, 664.297745, 36.102038, 204.882443, 2118, 322846.0
981, 69.164912, 662.160731, 37.938928, 168.835151, 2247, 337432.0
982, 70.065653, 664.558663, 37.061313, 175.448080, 2208, 334118.0
983, 69.600607, 664.412850, 38.084936, 183.450445, 2173, 324335.0
984, 70.711975, 662.898515, 37.294650, 171.981389, 2215, 331185.0
985, 69.702773, 662.994271, 35.757828, 181.451254, 2234, 333865.0
986, 69.509660, 664.442202, 36.674284, 166.544745, 2240, 335091.0
987, 70.174217, 664.312257, 38.345875, 172.094541, 2203, 329168.0
988, 67.077850, 663.310757, 38.134894, 156.088288, 2247, 336333.0
989, 67.694052, 663.631997, 37.880633, 196.130181, 2237, 334645.0
990, 69.746399, 662.704896, 37.616473, 170.977205, 2238, 335125.0
991, 70.557872, 663.977138, 37.125859, 164.438158, 2213, 330965.0
992, 68.002190, 664.309349, 37.067134, 170.493132, 2262, 343414.0
993, 70.477879, 663.992143, 37.001735, 178.322932, 2239, 339792.0
994, 71.260930, 662.097699, 37.432262, 173.107114, 2201, 330841.0
995, 66.878869, 663.440592, 37.437031, 162.433932, 2239, 335918.0
996, 70.905677, 664.682574, 37.210456, 175.753544, 2215, 332803.0
997, 69.770623, 662.282991, 37.392055, 179.790227, 2197, 331527.0
998, 68.923080, 663.494469, 38.226490, 180.375809, 2231, 335903.0
999, 70.917226, 663.011774, 38.300769, 184.953003, 2192, 328043.0
