#idx, x0, x1, x2, y, f_neval, total_time (us), 
0, 70.925926, 665.547846, 36.804138, 176.914673, 802, 120040.0
1, 70.925926, 665.547846, 36.804138, 207.567704, 784, 117107.0
2, 70.925926, 665.547846, 36.804138, 201.696324, 785, 117214.0
3, 71.546068, 666.491140, 32.885459, 213.358674, 799, 119406.0
4, 70.925926, 665.547846, 36.804138, 221.213255, 783, 117104.0
5, 70.925926, 665.547846, 36.804138, 212.050819, 796, 119173.0
6, 70.925926, 665.547846, 36.804138, 199.851372, 790, 118625.0
7, 70.925926, 665.547846, 36.804138, 215.981927, 783, 117059.0
8, 70.925926, 665.547846, 36.804138, 205.863083, 787, 117450.0
9, 70.925926, 665.547846, 36.804138, 222.490946, 790, 117969.0
10, 73.567482, 665.138304, 36.874140, 235.358516, 778, 116791.0
11, 70.925926, 665.547846, 36.804138, 199.296462, 795, 118066.0
12, 70.925926, 665.547846, 36.804138, 188.133277, 792, 117910.0
13, 70.925926, 665.547846, 36.804138, 235.975424, 787, 117093.0
14, 70.925926, 665.547846, 36.804138, 217.096175, 790, 117727.0
15, 71.546068, 666.491140, 32.885459, 185.086672, 796, 118943.0
16, 71.546068, 666.491140, 32.885459, 187.645943, 797, 118980.0
17, 70.925926, 665.547846, 36.804138, 195.503017, 798, 118996.0
18, 65.987654, 665.547846, 36.804138, 211.115302, 799, 119124.0
19, 75.761317, 666.915501, 33.326468, 240.633650, 783, 116221.0
20, 70.925926, 665.547846, 36.804138, 209.213324, 783, 116399.0
21, 70.925926, 665.547846, 36.804138, 187.710085, 788, 117125.0
22, 65.987654, 665.547846, 36.804138, 195.741527, 798, 118784.0
23, 70.925926, 665.547846, 36.804138, 225.248040, 780, 116292.0
24, 70.925926, 665.547846, 36.804138, 219.309850, 784, 116686.0
25, 70.925926, 665.547846, 36.804138, 198.934757, 790, 117737.0
26, 75.761317, 666.915501, 33.326468, 229.291006, 779, 116101.0
27, 70.925926, 665.547846, 36.804138, 185.899294, 797, 118873.0
28, 70.925926, 665.547846, 36.804138, 189.863134, 794, 118539.0
29, 70.925926, 665.547846, 36.804138, 200.339428, 793, 118076.0
30, 65.987654, 665.547846, 36.804138, 190.539521, 796, 118863.0
31, 65.987654, 665.547846, 36.804138, 215.253464, 791, 118388.0
32, 65.987654, 665.547846, 36.804138, 198.702850, 792, 118407.0
33, 70.925926, 665.547846, 36.804138, 180.989059, 792, 122474.0
34, 71.546068, 666.491140, 32.885459, 194.713122, 800, 129114.0
35, 70.925926, 665.547846, 36.804138, 219.596781, 776, 117067.0
36, 70.925926, 665.547846, 36.804138, 194.281244, 794, 119196.0
37, 65.987654, 665.547846, 36.804138, 187.879465, 793, 118973.0
38, 70.925926, 665.547846, 36.804138, 205.106031, 800, 124439.0
39, 65.987654, 665.547846, 36.804138, 172.969752, 796, 119337.0
40, 70.925926, 665.547846, 36.804138, 192.458462, 788, 121238.0
41, 70.925926, 665.547846, 36.804138, 182.004361, 793, 124037.0
42, 65.987654, 665.547846, 36.804138, 191.189914, 796, 121388.0
43, 70.925926, 665.547846, 36.804138, 209.283452, 782, 117020.0
44, 70.925926, 665.547846, 36.804138, 172.082016, 791, 118690.0
45, 65.987654, 665.547846, 36.804138, 200.683016, 793, 118890.0
46, 71.546068, 666.491140, 32.885459, 205.176900, 803, 120255.0
47, 70.925926, 665.547846, 36.804138, 194.042580, 800, 120102.0
48, 65.987654, 665.547846, 36.804138, 199.147304, 797, 121615.0
49, 70.925926, 665.547846, 36.804138, 188.098621, 793, 119023.0
50, 70.925926, 665.547846, 36.804138, 186.133324, 790, 118535.0
51, 70.925926, 665.547846, 36.804138, 202.359777, 791, 121543.0
52, 65.987654, 665.547846, 36.804138, 166.109988, 807, 123056.0
53, 70.925926, 665.547846, 36.804138, 223.661566, 795, 120357.0
54, 70.925926, 665.547846, 36.804138, 205.297432, 785, 117995.0
55, 65.987654, 665.547846, 36.804138, 177.789748, 798, 120482.0
56, 70.925926, 665.547846, 36.804138, 193.101820, 792, 121444.0
57, 65.987654, 665.547846, 36.804138, 179.497000, 800, 119292.0
58, 71.546068, 666.491140, 32.885459, 197.490081, 794, 118453.0
59, 65.987654, 665.547846, 36.804138, 183.637730, 797, 118913.0
60, 70.925926, 665.547846, 36.804138, 191.085946, 794, 118259.0
61, 65.987654, 665.547846, 36.804138, 160.701572, 802, 119517.0
62, 65.987654, 665.547846, 36.804138, 171.554275, 799, 119157.0
63, 65.987654, 665.547846, 36.804138, 186.090307, 802, 119693.0
64, 70.925926, 665.547846, 36.804138, 190.127865, 796, 118738.0
65, 65.987654, 665.547846, 36.804138, 183.963284, 802, 119458.0
66, 65.987654, 665.547846, 36.804138, 177.498129, 798, 119144.0
67, 70.925926, 665.547846, 36.804138, 216.733772, 787, 117134.0
68, 65.987654, 665.547846, 36.804138, 187.019541, 805, 120070.0
69, 65.987654, 665.547846, 36.804138, 218.271907, 794, 118323.0
70, 65.987654, 665.547846, 36.804138, 170.162595, 798, 119018.0
71, 71.546068, 666.491140, 32.885459, 199.998451, 805, 120168.0
72, 70.925926, 665.547846, 36.804138, 201.726369, 788, 117222.0
73, 65.987654, 665.547846, 36.804138, 188.082330, 801, 119485.0
74, 65.987654, 665.547846, 36.804138, 188.131086, 794, 118463.0
75, 65.987654, 665.547846, 36.804138, 197.774148, 794, 118459.0
76, 65.987654, 665.547846, 36.804138, 187.518938, 798, 119100.0
77, 65.987654, 665.547846, 36.804138, 167.348569, 801, 119528.0
78, 65.987654, 665.547846, 36.804138, 194.811259, 801, 119766.0
79, 70.925926, 665.547846, 36.804138, 207.784423, 790, 117943.0
80, 65.987654, 665.547846, 36.804138, 171.478808, 803, 119852.0
81, 65.987654, 665.547846, 36.804138, 166.995501, 799, 119698.0
82, 65.987654, 665.547846, 36.804138, 166.256405, 808, 123891.0
83, 70.925926, 665.547846, 36.804138, 190.587787, 795, 131217.0
84, 65.987654, 665.547846, 36.804138, 183.450765, 800, 120177.0
85, 70.925926, 665.547846, 36.804138, 205.091435, 797, 119287.0
86, 65.987654, 665.547846, 36.804138, 177.741745, 803, 120316.0
87, 65.987654, 665.547846, 36.804138, 173.970503, 798, 119637.0
88, 65.987654, 665.547846, 36.804138, 176.380889, 808, 121140.0
89, 65.987654, 665.547846, 36.804138, 164.772329, 803, 120405.0
90, 70.925926, 665.547846, 36.804138, 216.074010, 797, 119280.0
91, 65.987654, 665.547846, 36.804138, 183.115667, 793, 118890.0
92, 65.987654, 665.547846, 36.804138, 190.304273, 793, 118801.0
93, 65.987654, 665.547846, 36.804138, 197.118032, 802, 119975.0
94, 71.546068, 666.491140, 32.885459, 178.731233, 795, 119118.0
95, 65.987654, 665.547846, 36.804138, 177.508172, 795, 119201.0
96, 65.987654, 665.547846, 36.804138, 179.841905, 801, 119665.0
97, 65.987654, 665.547846, 36.804138, 186.515352, 802, 119912.0
98, 65.987654, 665.547846, 36.804138, 174.807706, 800, 140541.0
99, 65.987654, 665.547846, 36.804138, 187.745599, 798, 128497.0
100, 65.987654, 665.547846, 36.804138, 173.511283, 804, 121884.0
101, 65.987654, 665.547846, 36.804138, 214.476857, 792, 121461.0
102, 65.987654, 665.547846, 36.804138, 165.594115, 804, 121063.0
103, 65.987654, 665.547846, 36.804138, 181.009489, 798, 120217.0
104, 71.546068, 666.491140, 32.885459, 188.158912, 800, 126156.0
105, 65.987654, 665.547846, 36.804138, 193.306311, 796, 120519.0
106, 70.925926, 665.547846, 36.804138, 196.072977, 794, 119794.0
107, 70.925926, 665.547846, 36.804138, 183.864800, 794, 119771.0
108, 65.987654, 665.547846, 36.804138, 194.197517, 801, 121312.0
109, 65.987654, 665.547846, 36.804138, 187.075713, 798, 119934.0
110, 65.987654, 665.547846, 36.804138, 186.202759, 795, 124923.0
111, 65.987654, 665.547846, 36.804138, 197.050902, 795, 119712.0
112, 65.987654, 665.547846, 36.804138, 202.843465, 796, 123442.0
113, 65.987654, 665.547846, 36.804138, 174.970001, 794, 119113.0
114, 70.925926, 665.547846, 36.804138, 198.738117, 797, 120034.0
115, 65.987654, 665.547846, 36.804138, 171.833511, 804, 120988.0
116, 70.925926, 665.547846, 36.804138, 224.724412, 794, 120880.0
117, 71.546068, 666.491140, 32.885459, 222.295464, 800, 120347.0
118, 65.987654, 665.547846, 36.804138, 201.183210, 796, 122084.0
119, 65.987654, 665.547846, 36.804138, 152.560271, 805, 120894.0
120, 65.987654, 665.547846, 36.804138, 160.317880, 805, 122187.0
121, 65.987654, 665.547846, 36.804138, 180.386918, 806, 121410.0
122, 70.925926, 665.547846, 36.804138, 207.378134, 785, 122076.0
123, 65.987654, 665.547846, 36.804138, 190.370312, 794, 120164.0
124, 71.546068, 666.491140, 32.885459, 172.515476, 800, 126807.0
125, 65.987654, 665.547846, 36.804138, 190.766717, 794, 119798.0
126, 65.987654, 665.547846, 36.804138, 187.084646, 797, 119557.0
127, 65.987654, 665.547846, 36.804138, 174.172803, 806, 120850.0
128, 70.925926, 665.547846, 36.804138, 193.035438, 798, 119865.0
129, 71.546068, 666.491140, 32.885459, 194.284432, 798, 122265.0
130, 71.546068, 666.491140, 32.885459, 183.202465, 804, 120441.0
131, 70.925926, 665.547846, 36.804138, 202.017847, 788, 118495.0
132, 70.925926, 665.547846, 36.804138, 195.845044, 790, 126720.0
133, 65.987654, 665.547846, 36.804138, 164.086146, 807, 122261.0
134, 65.987654, 665.547846, 36.804138, 208.237550, 801, 121116.0
135, 70.925926, 665.547846, 36.804138, 216.246955, 801, 127565.0
136, 70.925926, 665.547846, 36.804138, 204.531658, 788, 122904.0
137, 71.546068, 666.491140, 32.885459, 188.482296, 802, 122005.0
138, 65.987654, 665.547846, 36.804138, 172.486255, 794, 120925.0
139, 70.925926, 665.547846, 36.804138, 201.276703, 794, 120971.0
140, 71.546068, 666.491140, 32.885459, 193.366697, 803, 121689.0
141, 70.925926, 665.547846, 36.804138, 185.200076, 797, 120926.0
142, 70.925926, 665.547846, 36.804138, 184.322131, 799, 120196.0
143, 65.987654, 665.547846, 36.804138, 191.220801, 794, 125920.0
144, 70.925926, 665.547846, 36.804138, 209.417122, 780, 116770.0
145, 65.987654, 665.547846, 36.804138, 197.639771, 801, 126212.0
146, 65.987654, 665.547846, 36.804138, 178.134392, 804, 120820.0
147, 70.925926, 665.547846, 36.804138, 223.659370, 785, 117855.0
148, 65.987654, 665.547846, 36.804138, 188.651739, 793, 119290.0
149, 70.925926, 665.547846, 36.804138, 210.759436, 789, 118669.0
150, 65.987654, 665.547846, 36.804138, 194.371709, 805, 121009.0
151, 70.925926, 665.547846, 36.804138, 213.973551, 787, 118587.0
152, 70.925926, 665.547846, 36.804138, 207.924820, 780, 117046.0
153, 70.925926, 665.547846, 36.804138, 190.288840, 796, 120858.0
154, 65.987654, 665.547846, 36.804138, 172.179756, 812, 121847.0
155, 71.546068, 666.491140, 32.885459, 185.655070, 796, 120039.0
156, 65.987654, 665.547846, 36.804138, 183.944942, 802, 120699.0
157, 65.987654, 665.547846, 36.804138, 194.610269, 797, 120854.0
158, 70.925926, 665.547846, 36.804138, 212.899153, 788, 117980.0
159, 65.987654, 665.547846, 36.804138, 183.510621, 798, 120939.0
160, 70.925926, 665.547846, 36.804138, 198.714253, 786, 119419.0
161, 70.925926, 665.547846, 36.804138, 217.557918, 783, 117766.0
162, 70.925926, 665.547846, 36.804138, 189.938965, 789, 119878.0
163, 70.925926, 665.547846, 36.804138, 202.780122, 793, 119104.0
164, 65.987654, 665.547846, 36.804138, 192.707350, 796, 118889.0
165, 70.925926, 665.547846, 36.804138, 179.193246, 794, 123487.0
166, 65.987654, 665.547846, 36.804138, 181.640275, 802, 120049.0
167, 70.925926, 665.547846, 36.804138, 200.051692, 790, 118161.0
168, 73.417924, 659.737737, 36.753737, 189.450768, 793, 118276.0
169, 65.987654, 665.547846, 36.804138, 188.760107, 799, 119842.0
170, 70.925926, 665.547846, 36.804138, 190.587220, 795, 118677.0
171, 65.987654, 665.547846, 36.804138, 171.601402, 800, 119614.0
172, 65.987654, 665.547846, 36.804138, 204.179574, 794, 118631.0
173, 70.925926, 665.547846, 36.804138, 177.762293, 785, 116940.0
174, 65.987654, 665.547846, 36.804138, 189.259945, 798, 119172.0
175, 70.925926, 665.547846, 36.804138, 198.135396, 794, 118636.0
176, 70.925926, 665.547846, 36.804138, 198.881769, 791, 118150.0
177, 70.925926, 665.547846, 36.804138, 203.117901, 778, 116354.0
178, 65.987654, 665.547846, 36.804138, 179.579113, 800, 119447.0
179, 65.987654, 665.547846, 36.804138, 193.888262, 795, 119290.0
180, 65.987654, 665.547846, 36.804138, 208.422163, 800, 123526.0
181, 65.987654, 665.547846, 36.804138, 158.588871, 804, 120707.0
182, 65.987654, 665.547846, 36.804138, 190.893001, 797, 119492.0
183, 65.987654, 665.547846, 36.804138, 173.074834, 799, 119785.0
184, 70.925926, 665.547846, 36.804138, 211.775916, 787, 117638.0
185, 70.925926, 665.547846, 36.804138, 169.963157, 793, 118781.0
186, 65.987654, 665.547846, 36.804138, 184.781895, 796, 119151.0
187, 65.987654, 665.547846, 36.804138, 193.956236, 792, 118664.0
188, 71.546068, 666.491140, 32.885459, 200.547861, 799, 119653.0
189, 65.987654, 665.547846, 36.804138, 198.123151, 795, 121082.0
190, 65.987654, 665.547846, 36.804138, 185.196476, 794, 119090.0
191, 65.987654, 665.547846, 36.804138, 188.933625, 799, 124885.0
192, 70.925926, 665.547846, 36.804138, 197.199732, 782, 117701.0
193, 70.925926, 665.547846, 36.804138, 203.490292, 786, 122544.0
194, 70.925926, 665.547846, 36.804138, 184.235693, 793, 119047.0
195, 70.925926, 665.547846, 36.804138, 199.443333, 790, 118164.0
196, 70.925926, 665.547846, 36.804138, 188.701270, 786, 117869.0
197, 71.546068, 666.491140, 32.885459, 175.966002, 796, 119876.0
198, 65.987654, 665.547846, 36.804138, 165.057111, 799, 123790.0
199, 70.925926, 665.547846, 36.804138, 188.564439, 798, 123838.0
200, 70.925926, 665.547846, 36.804138, 181.074495, 789, 118099.0
201, 70.925926, 665.547846, 36.804138, 185.674976, 794, 118494.0
202, 65.987654, 665.547846, 36.804138, 186.319517, 799, 121462.0
203, 70.925926, 665.547846, 36.804138, 182.783927, 794, 119031.0
204, 70.925926, 665.547846, 36.804138, 202.761425, 794, 119779.0
205, 71.546068, 666.491140, 32.885459, 192.195506, 802, 123058.0
206, 70.925926, 665.547846, 36.804138, 199.983434, 790, 117940.0
207, 71.546068, 666.491140, 32.885459, 198.253717, 797, 122053.0
208, 70.925926, 665.547846, 36.804138, 196.793650, 796, 121222.0
209, 70.925926, 665.547846, 36.804138, 209.904306, 786, 118863.0
210, 70.925926, 665.547846, 36.804138, 245.491965, 780, 116631.0
211, 70.925926, 665.547846, 36.804138, 191.802880, 792, 124415.0
212, 70.925926, 665.547846, 36.804138, 221.530764, 782, 116732.0
213, 70.925926, 665.547846, 36.804138, 245.047799, 785, 117261.0
214, 70.925926, 665.547846, 36.804138, 220.414749, 787, 117495.0
215, 70.925926, 665.547846, 36.804138, 202.917670, 784, 117084.0
216, 65.987654, 665.547846, 36.804138, 195.370832, 793, 119077.0
217, 71.546068, 666.491140, 32.885459, 186.468684, 796, 119406.0
218, 71.546068, 666.491140, 32.885459, 197.459034, 797, 131946.0
219, 75.761317, 666.915501, 33.326468, 255.817037, 780, 121292.0
220, 70.925926, 665.547846, 36.804138, 199.519016, 785, 117565.0
221, 70.925926, 665.547846, 36.804138, 214.219136, 791, 120617.0
222, 70.925926, 665.547846, 36.804138, 201.262811, 791, 123396.0
223, 70.925926, 665.547846, 36.804138, 193.504633, 795, 119464.0
224, 65.987654, 665.547846, 36.804138, 193.476913, 792, 125909.0
225, 70.925926, 665.547846, 36.804138, 181.344130, 797, 119456.0
226, 65.987654, 665.547846, 36.804138, 174.574056, 792, 119058.0
227, 71.546068, 666.491140, 32.885459, 208.408878, 797, 119341.0
228, 70.925926, 665.547846, 36.804138, 188.774753, 796, 121368.0
229, 70.925926, 665.547846, 36.804138, 197.071699, 792, 119995.0
230, 71.546068, 666.491140, 32.885459, 209.541979, 800, 120449.0
231, 78.333333, 667.642977, 34.082483, 245.087855, 774, 116165.0
232, 70.925926, 665.547846, 36.804138, 182.690570, 797, 126030.0
233, 70.925926, 665.547846, 36.804138, 167.489207, 795, 123317.0
234, 65.987654, 665.547846, 36.804138, 197.075485, 796, 119085.0
235, 70.925926, 665.547846, 36.804138, 186.285823, 788, 118804.0
236, 65.987654, 665.547846, 36.804138, 190.660961, 792, 120574.0
237, 65.987654, 665.547846, 36.804138, 198.523903, 800, 124555.0
238, 65.987654, 665.547846, 36.804138, 195.258124, 794, 118907.0
239, 70.925926, 665.547846, 36.804138, 179.776586, 788, 117733.0
240, 65.987654, 665.547846, 36.804138, 196.947487, 792, 119147.0
241, 65.987654, 665.547846, 36.804138, 191.000897, 793, 119336.0
242, 65.987654, 665.547846, 36.804138, 170.388200, 801, 135719.0
243, 70.925926, 665.547846, 36.804138, 200.970016, 793, 119235.0
244, 65.987654, 665.547846, 36.804138, 188.795717, 800, 120163.0
245, 65.987654, 665.547846, 36.804138, 174.102738, 797, 119547.0
246, 65.987654, 665.547846, 36.804138, 175.342601, 802, 120799.0
247, 71.546068, 666.491140, 32.885459, 183.767356, 798, 120203.0
248, 70.925926, 665.547846, 36.804138, 226.685621, 787, 118238.0
249, 70.925926, 665.547846, 36.804138, 178.426625, 796, 119512.0
250, 70.925926, 665.547846, 36.804138, 174.608165, 796, 119092.0
251, 65.987654, 665.547846, 36.804138, 232.848397, 795, 119233.0
252, 70.925926, 665.547846, 36.804138, 210.402697, 792, 118515.0
253, 65.987654, 665.547846, 36.804138, 199.143141, 803, 120633.0
254, 65.987654, 665.547846, 36.804138, 195.737039, 800, 119674.0
255, 65.987654, 665.547846, 36.804138, 209.825928, 790, 119324.0
256, 70.925926, 665.547846, 36.804138, 219.854538, 782, 117383.0
257, 70.925926, 665.547846, 36.804138, 198.340569, 783, 117228.0
258, 65.987654, 665.547846, 36.804138, 182.806936, 800, 119713.0
259, 65.987654, 665.547846, 36.804138, 191.522032, 801, 119998.0
260, 65.987654, 665.547846, 36.804138, 197.215409, 797, 119783.0
261, 70.925926, 665.547846, 36.804138, 237.801227, 777, 116741.0
262, 70.925926, 665.547846, 36.804138, 169.388020, 789, 118462.0
263, 71.546068, 666.491140, 32.885459, 189.655834, 799, 120079.0
264, 73.417924, 659.737737, 36.753737, 168.943981, 796, 119648.0
265, 65.987654, 665.547846, 36.804138, 186.193528, 802, 120061.0
266, 65.987654, 665.547846, 36.804138, 206.941760, 793, 119119.0
267, 65.987654, 665.547846, 36.804138, 214.313333, 796, 119649.0
268, 70.925926, 665.547846, 36.804138, 261.195811, 781, 116844.0
269, 65.987654, 665.547846, 36.804138, 176.722454, 794, 119220.0
270, 70.925926, 665.547846, 36.804138, 212.073007, 785, 117792.0
271, 70.925926, 665.547846, 36.804138, 225.093963, 783, 117544.0
272, 71.546068, 666.491140, 32.885459, 191.475942, 796, 119731.0
273, 65.987654, 665.547846, 36.804138, 200.424860, 792, 119213.0
274, 65.987654, 665.547846, 36.804138, 181.331985, 800, 120291.0
275, 70.925926, 665.547846, 36.804138, 198.398459, 800, 120547.0
276, 65.987654, 665.547846, 36.804138, 202.524049, 795, 118994.0
277, 70.925926, 665.547846, 36.804138, 185.884695, 800, 120477.0
278, 70.925926, 665.547846, 36.804138, 192.190735, 799, 123186.0
279, 65.987654, 665.547846, 36.804138, 169.084234, 799, 119535.0
280, 70.925926, 665.547846, 36.804138, 234.419830, 784, 118006.0
281, 70.925926, 665.547846, 36.804138, 191.867322, 784, 117305.0
282, 71.546068, 666.491140, 32.885459, 177.401950, 799, 120347.0
283, 73.428784, 664.370143, 31.407029, 224.081137, 782, 117154.0
284, 70.925926, 665.547846, 36.804138, 203.899277, 785, 118792.0
285, 70.925926, 665.547846, 36.804138, 197.361904, 793, 119289.0
286, 65.987654, 665.547846, 36.804138, 201.227087, 789, 118828.0
287, 65.987654, 665.547846, 36.804138, 195.687552, 791, 118529.0
288, 71.546068, 666.491140, 32.885459, 196.668891, 793, 118567.0
289, 65.987654, 665.547846, 36.804138, 173.880991, 796, 119033.0
290, 70.925926, 665.547846, 36.804138, 192.773748, 792, 118891.0
291, 70.925926, 665.547846, 36.804138, 178.158340, 789, 118793.0
292, 70.925926, 665.547846, 36.804138, 189.282869, 788, 117762.0
293, 65.987654, 665.547846, 36.804138, 192.604244, 800, 120017.0
294, 70.925926, 665.547846, 36.804138, 190.844916, 796, 119375.0
295, 65.987654, 665.547846, 36.804138, 175.640099, 800, 120537.0
296, 65.987654, 665.547846, 36.804138, 178.177980, 798, 119787.0
297, 70.925926, 665.547846, 36.804138, 222.740628, 795, 119133.0
298, 65.987654, 665.547846, 36.804138, 204.323952, 799, 119717.0
299, 70.925926, 665.547846, 36.804138, 208.592782, 791, 118192.0
300, 70.925926, 665.547846, 36.804138, 168.296173, 794, 118708.0
301, 70.925926, 665.547846, 36.804138, 164.750621, 798, 119392.0
302, 65.987654, 665.547846, 36.804138, 176.233523, 793, 118710.0
303, 65.987654, 665.547846, 36.804138, 201.876572, 798, 119371.0
304, 65.987654, 665.547846, 36.804138, 224.583296, 787, 117710.0
305, 65.987654, 665.547846, 36.804138, 170.602756, 799, 119724.0
306, 71.546068, 666.491140, 32.885459, 187.762620, 799, 119512.0
307, 70.925926, 665.547846, 36.804138, 197.707672, 790, 118118.0
308, 71.546068, 666.491140, 32.885459, 187.837614, 803, 126365.0
309, 71.546068, 666.491140, 32.885459, 178.498323, 796, 121505.0
310, 70.925926, 665.547846, 36.804138, 177.940370, 799, 118920.0
311, 70.925926, 665.547846, 36.804138, 206.978250, 790, 117416.0
312, 70.925926, 665.547846, 36.804138, 209.075636, 792, 117942.0
313, 65.987654, 665.547846, 36.804138, 197.647770, 802, 119551.0
314, 70.925926, 665.547846, 36.804138, 198.389829, 791, 123210.0
315, 70.925926, 665.547846, 36.804138, 184.643034, 788, 118091.0
316, 75.761317, 666.915501, 33.326468, 225.776095, 779, 116836.0
317, 70.925926, 665.547846, 36.804138, 222.301417, 782, 117309.0
318, 70.925926, 665.547846, 36.804138, 220.075814, 798, 119915.0
319, 65.987654, 665.547846, 36.804138, 211.314018, 797, 122733.0
320, 75.761317, 666.915501, 33.326468, 230.663735, 778, 116224.0
321, 70.925926, 665.547846, 36.804138, 179.049301, 788, 117630.0
322, 70.925926, 665.547846, 36.804138, 177.412642, 794, 118752.0
323, 75.761317, 666.915501, 33.326468, 255.560577, 776, 115656.0
324, 70.925926, 665.547846, 36.804138, 220.819247, 780, 116476.0
325, 65.987654, 665.547846, 36.804138, 217.654502, 791, 118293.0
326, 75.761317, 666.915501, 33.326468, 233.587275, 778, 120582.0
327, 70.925926, 665.547846, 36.804138, 237.866739, 785, 124963.0
328, 65.987654, 665.547846, 36.804138, 191.519048, 798, 120085.0
329, 71.546068, 666.491140, 32.885459, 212.600064, 798, 120303.0
330, 70.925926, 665.547846, 36.804138, 208.593508, 792, 119164.0
331, 70.925926, 665.547846, 36.804138, 195.426125, 792, 118673.0
332, 65.987654, 665.547846, 36.804138, 178.665499, 797, 119459.0
333, 65.987654, 665.547846, 36.804138, 202.088300, 794, 118938.0
334, 65.987654, 665.547846, 36.804138, 186.091267, 795, 119165.0
335, 65.987654, 665.547846, 36.804138, 185.703917, 794, 118958.0
336, 65.987654, 665.547846, 36.804138, 192.616335, 794, 118846.0
337, 65.987654, 665.547846, 36.804138, 185.030513, 793, 118990.0
338, 70.925926, 665.547846, 36.804138, 185.247860, 793, 118517.0
339, 70.925926, 665.547846, 36.804138, 183.602181, 787, 117669.0
340, 73.428784, 664.370143, 31.407029, 226.678289, 786, 117368.0
341, 65.987654, 665.547846, 36.804138, 177.172249, 805, 120491.0
342, 65.987654, 665.547846, 36.804138, 189.948830, 795, 119108.0
343, 70.925926, 665.547846, 36.804138, 202.729845, 793, 118404.0
344, 70.925926, 665.547846, 36.804138, 196.271733, 800, 119713.0
345, 70.925926, 665.547846, 36.804138, 195.696049, 797, 118967.0
346, 65.987654, 665.547846, 36.804138, 192.682243, 794, 118814.0
347, 70.925926, 665.547846, 36.804138, 178.423539, 798, 119041.0
348, 70.925926, 665.547846, 36.804138, 205.058392, 788, 117854.0
349, 65.987654, 665.547846, 36.804138, 167.680013, 801, 119946.0
350, 70.925926, 665.547846, 36.804138, 210.249035, 786, 117283.0
351, 70.925926, 665.547846, 36.804138, 183.428792, 789, 118225.0
352, 65.987654, 665.547846, 36.804138, 183.735403, 796, 119156.0
353, 65.987654, 665.547846, 36.804138, 209.756683, 790, 118321.0
354, 65.987654, 665.547846, 36.804138, 191.717946, 800, 119747.0
355, 65.987654, 665.547846, 36.804138, 185.006345, 796, 119190.0
356, 65.987654, 665.547846, 36.804138, 191.573929, 791, 120269.0
357, 65.987654, 665.547846, 36.804138, 179.660648, 789, 117886.0
358, 65.987654, 665.547846, 36.804138, 174.767545, 802, 120180.0
359, 70.925926, 665.547846, 36.804138, 184.174634, 793, 118624.0
360, 65.987654, 665.547846, 36.804138, 207.588491, 791, 118339.0
361, 65.987654, 665.547846, 36.804138, 218.850242, 786, 117680.0
362, 70.925926, 665.547846, 36.804138, 204.163700, 787, 121675.0
363, 70.925926, 665.547846, 36.804138, 220.593113, 792, 118375.0
364, 71.546068, 666.491140, 32.885459, 192.169095, 797, 119855.0
365, 65.987654, 665.547846, 36.804138, 181.444412, 793, 118950.0
366, 65.987654, 665.547846, 36.804138, 172.433006, 806, 120707.0
367, 71.546068, 666.491140, 32.885459, 208.385774, 800, 119896.0
368, 70.925926, 665.547846, 36.804138, 184.440295, 789, 118070.0
369, 65.987654, 665.547846, 36.804138, 213.425579, 796, 119206.0
370, 70.925926, 665.547846, 36.804138, 205.969204, 784, 116926.0
371, 70.925926, 665.547846, 36.804138, 195.951474, 797, 119099.0
372, 65.987654, 665.547846, 36.804138, 198.359862, 794, 119115.0
373, 65.987654, 665.547846, 36.804138, 177.867441, 797, 119951.0
374, 70.925926, 665.547846, 36.804138, 213.223152, 786, 117904.0
375, 70.925926, 665.547846, 36.804138, 228.787954, 784, 121931.0
376, 65.987654, 665.547846, 36.804138, 194.759787, 795, 134649.0
377, 65.987654, 665.547846, 36.804138, 194.830566, 797, 119515.0
378, 70.925926, 665.547846, 36.804138, 214.612325, 780, 116445.0
379, 70.925926, 665.547846, 36.804138, 201.620138, 786, 117513.0
380, 70.925926, 665.547846, 36.804138, 187.239003, 795, 119154.0
381, 65.987654, 665.547846, 36.804138, 224.070868, 794, 119095.0
382, 70.925926, 665.547846, 36.804138, 179.808640, 797, 119391.0
383, 73.417924, 659.737737, 36.753737, 195.996267, 793, 118844.0
384, 70.925926, 665.547846, 36.804138, 187.339265, 793, 118817.0
385, 70.925926, 665.547846, 36.804138, 192.740700, 799, 119960.0
386, 70.925926, 665.547846, 36.804138, 217.456946, 782, 116513.0
387, 70.925926, 665.547846, 36.804138, 212.826456, 775, 115730.0
388, 65.987654, 665.547846, 36.804138, 210.008455, 795, 118999.0
389, 70.925926, 665.547846, 36.804138, 230.700899, 788, 117679.0
390, 76.950160, 666.204191, 36.014522, 216.711955, 775, 115749.0
391, 70.925926, 665.547846, 36.804138, 250.770246, 782, 116754.0
392, 70.925926, 665.547846, 36.804138, 190.549715, 791, 118409.0
393, 70.925926, 665.547846, 36.804138, 227.749591, 777, 116055.0
394, 70.925926, 665.547846, 36.804138, 204.862022, 788, 117908.0
395, 70.925926, 665.547846, 36.804138, 209.723768, 790, 118329.0
396, 75.761317, 666.915501, 33.326468, 213.603616, 778, 116112.0
397, 70.925926, 665.547846, 36.804138, 220.368889, 783, 117552.0
398, 70.925926, 665.547846, 36.804138, 208.869602, 785, 117139.0
399, 70.925926, 665.547846, 36.804138, 223.597969, 778, 116230.0
400, 70.925926, 665.547846, 36.804138, 208.438869, 779, 116385.0
401, 71.546068, 666.491140, 32.885459, 196.025513, 799, 119494.0
402, 70.925926, 665.547846, 36.804138, 196.219982, 797, 119114.0
403, 70.925926, 665.547846, 36.804138, 222.439806, 776, 116047.0
404, 70.925926, 665.547846, 36.804138, 196.631108, 801, 119650.0
405, 70.925926, 665.547846, 36.804138, 212.341229, 787, 117638.0
406, 70.925926, 665.547846, 36.804138, 192.360416, 795, 118847.0
407, 75.761317, 666.915501, 33.326468, 222.162951, 779, 116798.0
408, 70.925926, 665.547846, 36.804138, 185.948937, 792, 119115.0
409, 70.925926, 665.547846, 36.804138, 202.038210, 794, 119507.0
410, 65.987654, 665.547846, 36.804138, 230.619332, 800, 119985.0
411, 70.925926, 665.547846, 36.804138, 213.661113, 779, 116544.0
412, 70.925926, 665.547846, 36.804138, 236.960360, 781, 116684.0
413, 70.925926, 665.547846, 36.804138, 209.078882, 777, 116024.0
414, 70.925926, 665.547846, 36.804138, 220.760780, 796, 118958.0
415, 75.761317, 666.915501, 33.326468, 230.151127, 780, 116474.0
416, 65.987654, 665.547846, 36.804138, 203.645744, 792, 118941.0
417, 70.925926, 665.547846, 36.804138, 207.282305, 790, 118069.0
418, 70.925926, 665.547846, 36.804138, 206.430498, 792, 118411.0
419, 70.925926, 665.547846, 36.804138, 194.250885, 781, 117044.0
420, 65.987654, 665.547846, 36.804138, 210.095740, 795, 118814.0
421, 70.925926, 665.547846, 36.804138, 194.517567, 795, 118847.0
422, 65.987654, 665.547846, 36.804138, 190.379054, 806, 120621.0
423, 70.925926, 665.547846, 36.804138, 214.081919, 788, 117737.0
424, 70.925926, 665.547846, 36.804138, 203.988692, 785, 119305.0
425, 70.925926, 665.547846, 36.804138, 216.834254, 785, 118348.0
426, 70.925926, 665.547846, 36.804138, 192.870186, 793, 121127.0
427, 70.925926, 665.547846, 36.804138, 199.845831, 795, 118984.0
428, 70.925926, 665.547846, 36.804138, 209.128404, 786, 118103.0
429, 75.761317, 666.915501, 33.326468, 239.353291, 786, 117234.0
430, 71.546068, 666.491140, 32.885459, 193.077869, 799, 119811.0
431, 70.925926, 665.547846, 36.804138, 198.055476, 798, 119995.0
432, 70.925926, 665.547846, 36.804138, 183.242774, 791, 118236.0
433, 65.987654, 665.547846, 36.804138, 192.061317, 795, 119177.0
434, 70.925926, 665.547846, 36.804138, 185.668652, 799, 120408.0
435, 73.417924, 659.737737, 36.753737, 195.133070, 799, 120510.0
436, 70.925926, 665.547846, 36.804138, 191.180544, 794, 119004.0
437, 70.925926, 665.547846, 36.804138, 178.166933, 799, 120022.0
438, 70.925926, 665.547846, 36.804138, 175.437303, 796, 119953.0
439, 65.987654, 665.547846, 36.804138, 178.895951, 800, 120343.0
440, 70.925926, 665.547846, 36.804138, 211.981334, 784, 117671.0
441, 70.925926, 665.547846, 36.804138, 195.378497, 792, 118980.0
442, 70.925926, 665.547846, 36.804138, 184.561871, 800, 119816.0
443, 70.925926, 665.547846, 36.804138, 198.894293, 794, 118539.0
444, 71.546068, 666.491140, 32.885459, 195.467423, 793, 118537.0
445, 65.987654, 665.547846, 36.804138, 177.078566, 804, 120883.0
446, 70.925926, 665.547846, 36.804138, 210.616404, 790, 118231.0
447, 70.925926, 665.547846, 36.804138, 208.858886, 780, 116604.0
448, 70.925926, 665.547846, 36.804138, 199.349500, 796, 118886.0
449, 70.925926, 665.547846, 36.804138, 198.501047, 800, 119502.0
450, 70.925926, 665.547846, 36.804138, 209.040894, 792, 118411.0
451, 70.925926, 665.547846, 36.804138, 196.887309, 789, 118181.0
452, 65.987654, 665.547846, 36.804138, 188.060191, 796, 119109.0
453, 65.987654, 665.547846, 36.804138, 184.617944, 798, 119443.0
454, 65.987654, 665.547846, 36.804138, 184.004104, 801, 119961.0
455, 70.925926, 665.547846, 36.804138, 181.056448, 795, 118971.0
456, 70.925926, 665.547846, 36.804138, 205.597052, 791, 118704.0
457, 70.925926, 665.547846, 36.804138, 208.215515, 778, 116273.0
458, 65.987654, 665.547846, 36.804138, 193.452817, 800, 119857.0
459, 70.925926, 665.547846, 36.804138, 187.609410, 792, 118805.0
460, 70.925926, 665.547846, 36.804138, 218.911704, 782, 117251.0
461, 70.925926, 665.547846, 36.804138, 191.900695, 793, 118900.0
462, 71.546068, 666.491140, 32.885459, 185.392397, 802, 120640.0
463, 70.925926, 665.547846, 36.804138, 203.420544, 783, 118383.0
464, 70.925926, 665.547846, 36.804138, 205.726740, 792, 118866.0
465, 70.925926, 665.547846, 36.804138, 205.623958, 790, 118767.0
466, 70.925926, 665.547846, 36.804138, 191.319316, 797, 119401.0
467, 65.987654, 665.547846, 36.804138, 191.087932, 800, 119884.0
468, 65.987654, 665.547846, 36.804138, 182.336614, 799, 119933.0
469, 71.546068, 666.491140, 32.885459, 211.406317, 799, 119829.0
470, 70.925926, 665.547846, 36.804138, 188.794696, 793, 118530.0
471, 70.925926, 665.547846, 36.804138, 180.219879, 787, 117668.0
472, 65.987654, 665.547846, 36.804138, 194.797238, 788, 121621.0
473, 70.925926, 665.547846, 36.804138, 201.249372, 783, 117043.0
474, 71.546068, 666.491140, 32.885459, 185.401759, 796, 119185.0
475, 65.987654, 665.547846, 36.804138, 196.287924, 796, 123740.0
476, 71.546068, 666.491140, 32.885459, 209.396311, 798, 119607.0
477, 65.987654, 665.547846, 36.804138, 208.183376, 793, 118635.0
478, 71.546068, 666.491140, 32.885459, 199.255418, 796, 119510.0
479, 70.925926, 665.547846, 36.804138, 195.718426, 788, 118094.0
480, 71.546068, 666.491140, 32.885459, 201.210660, 794, 118774.0
481, 65.987654, 665.547846, 36.804138, 215.308404, 794, 119061.0
482, 65.987654, 665.547846, 36.804138, 198.588278, 790, 118544.0
483, 65.987654, 665.547846, 36.804138, 206.287341, 795, 119370.0
484, 65.987654, 665.547846, 36.804138, 159.303742, 794, 123233.0
485, 70.925926, 665.547846, 36.804138, 217.170721, 789, 118013.0
486, 65.987654, 665.547846, 36.804138, 174.346945, 800, 119787.0
487, 65.987654, 665.547846, 36.804138, 196.579388, 801, 123357.0
488, 70.925926, 665.547846, 36.804138, 190.734711, 797, 119860.0
489, 70.925926, 665.547846, 36.804138, 176.431004, 790, 119325.0
490, 70.925926, 665.547846, 36.804138, 195.746338, 794, 118817.0
491, 75.761317, 666.915501, 33.326468, 246.906252, 785, 117416.0
492, 70.925926, 665.547846, 36.804138, 208.790597, 787, 117570.0
493, 65.987654, 665.547846, 36.804138, 198.005088, 799, 119683.0
494, 70.925926, 665.547846, 36.804138, 186.898183, 801, 120978.0
495, 70.925926, 665.547846, 36.804138, 210.020293, 785, 117552.0
496, 65.987654, 665.547846, 36.804138, 207.995707, 793, 119433.0
497, 70.925926, 665.547846, 36.804138, 218.532349, 781, 120400.0
498, 70.925926, 665.547846, 36.804138, 219.174849, 785, 117819.0
499, 75.761317, 666.915501, 33.326468, 246.327908, 781, 116934.0
500, 70.925926, 665.547846, 36.804138, 196.069869, 785, 117598.0
501, 65.987654, 665.547846, 36.804138, 189.977587, 804, 120457.0
502, 70.925926, 665.547846, 36.804138, 173.485815, 790, 118516.0
503, 65.987654, 665.547846, 36.804138, 185.043346, 796, 119375.0
504, 75.761317, 666.915501, 33.326468, 235.692739, 780, 116393.0
505, 65.987654, 665.547846, 36.804138, 172.748602, 803, 120213.0
506, 70.925926, 665.547846, 36.804138, 205.878375, 785, 117430.0
507, 70.925926, 665.547846, 36.804138, 206.001999, 791, 118425.0
508, 70.925926, 665.547846, 36.804138, 202.130349, 796, 119065.0
509, 70.925926, 665.547846, 36.804138, 209.201121, 787, 117585.0
510, 65.987654, 665.547846, 36.804138, 175.964589, 806, 120549.0
511, 70.925926, 665.547846, 36.804138, 190.910112, 783, 117346.0
512, 70.925926, 665.547846, 36.804138, 235.584851, 780, 116932.0
513, 70.925926, 665.547846, 36.804138, 208.456780, 784, 117109.0
514, 70.925926, 665.547846, 36.804138, 215.184664, 787, 117711.0
515, 70.925926, 665.547846, 36.804138, 190.628568, 787, 117479.0
516, 75.761317, 666.915501, 33.326468, 235.951063, 777, 116355.0
517, 70.925926, 665.547846, 36.804138, 200.651207, 793, 122739.0
518, 65.987654, 665.547846, 36.804138, 181.201533, 799, 119556.0
519, 65.987654, 665.547846, 36.804138, 188.599636, 804, 120183.0
520, 70.925926, 665.547846, 36.804138, 235.168613, 777, 116141.0
521, 65.987654, 665.547846, 36.804138, 193.952974, 789, 118528.0
522, 71.546068, 666.491140, 32.885459, 203.774151, 799, 119519.0
523, 70.925926, 665.547846, 36.804138, 217.480413, 791, 119740.0
524, 70.925926, 665.547846, 36.804138, 194.203708, 793, 123464.0
525, 70.925926, 665.547846, 36.804138, 208.978362, 790, 118297.0
526, 70.925926, 665.547846, 36.804138, 171.510472, 793, 118674.0
527, 70.925926, 665.547846, 36.804138, 178.961092, 794, 121608.0
528, 71.546068, 666.491140, 32.885459, 195.844089, 796, 119275.0
529, 70.925926, 665.547846, 36.804138, 199.199498, 792, 118181.0
530, 65.987654, 665.547846, 36.804138, 189.282809, 806, 122553.0
531, 70.925926, 665.547846, 36.804138, 240.533515, 787, 126948.0
532, 70.925926, 665.547846, 36.804138, 210.522377, 789, 118583.0
533, 70.925926, 665.547846, 36.804138, 221.345364, 789, 117739.0
534, 65.987654, 665.547846, 36.804138, 166.444300, 799, 121440.0
535, 71.546068, 666.491140, 32.885459, 192.557336, 796, 119192.0
536, 65.987654, 665.547846, 36.804138, 204.723176, 789, 126252.0
537, 70.925926, 665.547846, 36.804138, 190.496309, 797, 140033.0
538, 65.987654, 665.547846, 36.804138, 189.213644, 790, 118538.0
539, 70.925926, 665.547846, 36.804138, 242.087913, 779, 116483.0
540, 65.987654, 665.547846, 36.804138, 185.068784, 798, 122602.0
541, 70.925926, 665.547846, 36.804138, 190.696907, 791, 118443.0
542, 65.987654, 665.547846, 36.804138, 194.157838, 797, 119509.0
543, 70.925926, 665.547846, 36.804138, 224.376187, 791, 118536.0
544, 73.417924, 659.737737, 36.753737, 198.197032, 794, 118819.0
545, 65.987654, 665.547846, 36.804138, 182.236943, 795, 119369.0
546, 65.987654, 665.547846, 36.804138, 225.154633, 792, 118515.0
547, 70.925926, 665.547846, 36.804138, 178.578689, 797, 119228.0
548, 65.987654, 665.547846, 36.804138, 224.559692, 794, 118880.0
549, 70.925926, 665.547846, 36.804138, 187.928208, 794, 119219.0
550, 70.925926, 665.547846, 36.804138, 214.777261, 791, 121624.0
551, 70.925926, 665.547846, 36.804138, 181.015261, 798, 128198.0
552, 65.987654, 665.547846, 36.804138, 197.010695, 795, 121833.0
553, 70.925926, 665.547846, 36.804138, 193.895213, 787, 119791.0
554, 70.925926, 665.547846, 36.804138, 194.410650, 785, 117639.0
555, 70.925926, 665.547846, 36.804138, 183.135726, 799, 122554.0
556, 70.925926, 665.547846, 36.804138, 191.831160, 794, 126106.0
557, 65.987654, 665.547846, 36.804138, 205.097443, 804, 120400.0
558, 70.925926, 665.547846, 36.804138, 221.357665, 785, 117233.0
559, 70.925926, 665.547846, 36.804138, 222.656485, 795, 118796.0
560, 65.987654, 665.547846, 36.804138, 208.362146, 802, 120827.0
561, 70.925926, 665.547846, 36.804138, 196.869126, 787, 117945.0
562, 65.987654, 665.547846, 36.804138, 218.787475, 791, 118240.0
563, 71.546068, 666.491140, 32.885459, 192.243409, 794, 118776.0
564, 70.925926, 665.547846, 36.804138, 234.406755, 780, 116557.0
565, 70.925926, 665.547846, 36.804138, 186.066207, 793, 118493.0
566, 65.987654, 665.547846, 36.804138, 207.191413, 793, 118644.0
567, 65.987654, 665.547846, 36.804138, 170.223782, 801, 120637.0
568, 75.761317, 666.915501, 33.326468, 235.454228, 778, 118685.0
569, 70.925926, 665.547846, 36.804138, 206.794318, 792, 121637.0
570, 70.925926, 665.547846, 36.804138, 170.803554, 798, 119985.0
571, 70.925926, 665.547846, 36.804138, 213.910955, 787, 118402.0
572, 70.925926, 665.547846, 36.804138, 213.658018, 787, 117383.0
573, 71.546068, 666.491140, 32.885459, 172.408250, 796, 119308.0
574, 71.546068, 666.491140, 32.885459, 192.476732, 799, 119976.0
575, 70.925926, 665.547846, 36.804138, 188.477680, 787, 118017.0
576, 70.925926, 665.547846, 36.804138, 236.773707, 779, 116424.0
577, 70.925926, 665.547846, 36.804138, 213.320402, 782, 116907.0
578, 71.546068, 666.491140, 32.885459, 199.350645, 795, 119213.0
579, 70.925926, 665.547846, 36.804138, 193.537537, 790, 118232.0
580, 72.400549, 667.536281, 35.544113, 247.518802, 773, 115509.0
581, 65.987654, 665.547846, 36.804138, 195.180175, 801, 120085.0
582, 77.098765, 660.222721, 37.257747, 224.281708, 779, 116192.0
583, 70.925926, 665.547846, 36.804138, 210.510704, 785, 117403.0
584, 70.925926, 665.547846, 36.804138, 204.397601, 788, 117992.0
585, 65.987654, 665.547846, 36.804138, 186.828468, 800, 119928.0
586, 70.925926, 665.547846, 36.804138, 195.455228, 783, 117070.0
587, 70.925926, 665.547846, 36.804138, 212.992935, 779, 116527.0
588, 70.925926, 665.547846, 36.804138, 202.917982, 799, 119427.0
589, 65.987654, 665.547846, 36.804138, 184.421459, 798, 119501.0
590, 70.925926, 665.547846, 36.804138, 215.674695, 790, 118220.0
591, 65.987654, 665.547846, 36.804138, 204.488187, 795, 118697.0
592, 70.925926, 665.547846, 36.804138, 217.982359, 784, 116847.0
593, 65.987654, 665.547846, 36.804138, 198.474579, 798, 119323.0
594, 70.925926, 665.547846, 36.804138, 212.164960, 789, 118955.0
595, 65.987654, 665.547846, 36.804138, 202.471231, 792, 118408.0
596, 70.925926, 665.547846, 36.804138, 225.188095, 788, 117412.0
597, 65.987654, 665.547846, 36.804138, 170.183271, 802, 120071.0
598, 65.987654, 665.547846, 36.804138, 178.703327, 796, 138840.0
599, 70.925926, 665.547846, 36.804138, 202.999694, 791, 117769.0
600, 70.925926, 665.547846, 36.804138, 194.870306, 786, 117472.0
601, 71.546068, 666.491140, 32.885459, 221.870018, 787, 117305.0
602, 70.925926, 665.547846, 36.804138, 191.143842, 797, 118866.0
603, 65.987654, 665.547846, 36.804138, 182.353207, 800, 119431.0
604, 70.925926, 665.547846, 36.804138, 201.230070, 782, 116590.0
605, 78.333333, 667.642977, 34.082483, 243.717004, 775, 115523.0
606, 65.987654, 665.547846, 36.804138, 193.138685, 796, 119147.0
607, 70.925926, 665.547846, 36.804138, 171.374961, 794, 118860.0
608, 70.925926, 665.547846, 36.804138, 207.340772, 787, 117783.0
609, 70.925926, 665.547846, 36.804138, 202.973772, 798, 119097.0
610, 70.925926, 665.547846, 36.804138, 206.276855, 795, 118457.0
611, 70.925926, 665.547846, 36.804138, 189.570418, 800, 119319.0
612, 75.761317, 666.915501, 33.326468, 242.832463, 780, 116047.0
613, 70.925926, 665.547846, 36.804138, 212.157032, 791, 117960.0
614, 65.987654, 665.547846, 36.804138, 178.918717, 802, 119745.0
615, 70.925926, 665.547846, 36.804138, 208.976034, 790, 117713.0
616, 65.987654, 665.547846, 36.804138, 176.659621, 800, 119646.0
617, 70.925926, 665.547846, 36.804138, 194.793567, 803, 119824.0
618, 70.925926, 665.547846, 36.804138, 182.327142, 795, 118576.0
619, 65.987654, 665.547846, 36.804138, 188.369576, 792, 118427.0
620, 65.987654, 665.547846, 36.804138, 188.610085, 802, 120008.0
621, 70.925926, 665.547846, 36.804138, 171.289085, 797, 118927.0
622, 71.546068, 666.491140, 32.885459, 197.383509, 798, 126357.0
623, 70.925926, 665.547846, 36.804138, 213.007381, 787, 118596.0
624, 65.987654, 665.547846, 36.804138, 191.452831, 796, 119423.0
625, 65.987654, 665.547846, 36.804138, 184.251901, 794, 119341.0
626, 70.925926, 665.547846, 36.804138, 232.557162, 779, 119028.0
627, 70.925926, 665.547846, 36.804138, 205.568740, 790, 118732.0
628, 65.987654, 665.547846, 36.804138, 197.392932, 794, 119718.0
629, 70.925926, 665.547846, 36.804138, 187.815587, 790, 118972.0
630, 65.987654, 665.547846, 36.804138, 171.423375, 796, 119267.0
631, 65.987654, 665.547846, 36.804138, 177.525842, 796, 119682.0
632, 65.987654, 665.547846, 36.804138, 173.056383, 799, 120611.0
633, 70.925926, 665.547846, 36.804138, 183.579996, 794, 119675.0
634, 70.925926, 665.547846, 36.804138, 207.721578, 789, 118976.0
635, 65.987654, 665.547846, 36.804138, 206.736045, 798, 126074.0
636, 70.925926, 665.547846, 36.804138, 195.654978, 799, 123615.0
637, 65.987654, 665.547846, 36.804138, 201.404750, 793, 119536.0
638, 70.925926, 665.547846, 36.804138, 234.417932, 792, 123244.0
639, 65.987654, 665.547846, 36.804138, 189.715393, 803, 121262.0
640, 70.925926, 665.547846, 36.804138, 188.495587, 795, 128186.0
641, 65.987654, 665.547846, 36.804138, 171.399343, 800, 122070.0
642, 65.987654, 665.547846, 36.804138, 187.277639, 795, 120185.0
643, 65.987654, 665.547846, 36.804138, 180.034893, 801, 120524.0
644, 70.925926, 665.547846, 36.804138, 201.198061, 789, 119175.0
645, 70.925926, 665.547846, 36.804138, 182.933299, 797, 121144.0
646, 65.987654, 665.547846, 36.804138, 185.395290, 793, 120610.0
647, 65.987654, 665.547846, 36.804138, 203.679370, 791, 119526.0
648, 65.987654, 665.547846, 36.804138, 194.637170, 794, 122748.0
649, 75.761317, 666.915501, 33.326468, 224.118900, 777, 116406.0
650, 65.987654, 665.547846, 36.804138, 185.832652, 796, 119385.0
651, 65.987654, 665.547846, 36.804138, 171.440892, 802, 120783.0
652, 71.546068, 666.491140, 32.885459, 186.685379, 798, 120520.0
653, 65.987654, 665.547846, 36.804138, 169.447003, 801, 120260.0
654, 70.925926, 665.547846, 36.804138, 195.864051, 785, 117862.0
655, 65.987654, 665.547846, 36.804138, 187.651155, 801, 120632.0
656, 70.925926, 665.547846, 36.804138, 189.589353, 792, 118831.0
657, 70.925926, 665.547846, 36.804138, 198.274438, 795, 119271.0
658, 70.925926, 665.547846, 36.804138, 214.101844, 787, 121397.0
659, 65.987654, 665.547846, 36.804138, 189.653766, 793, 118377.0
660, 65.987654, 665.547846, 36.804138, 196.842021, 793, 118508.0
661, 70.925926, 665.547846, 36.804138, 243.304607, 783, 116707.0
662, 70.925926, 665.547846, 36.804138, 171.098878, 796, 118977.0
663, 70.925926, 665.547846, 36.804138, 182.866009, 796, 118740.0
664, 65.987654, 665.547846, 36.804138, 187.774254, 789, 117823.0
665, 65.987654, 665.547846, 36.804138, 188.484251, 795, 118804.0
666, 65.987654, 665.547846, 36.804138, 195.784074, 797, 118950.0
667, 75.761317, 666.915501, 33.326468, 238.589172, 781, 116239.0
668, 70.925926, 665.547846, 36.804138, 177.565552, 792, 118298.0
669, 71.546068, 666.491140, 32.885459, 191.729499, 799, 119339.0
670, 70.925926, 665.547846, 36.804138, 176.936665, 797, 119290.0
671, 70.925926, 665.547846, 36.804138, 194.243743, 799, 124676.0
672, 65.987654, 665.547846, 36.804138, 190.988387, 795, 119029.0
673, 70.925926, 665.547846, 36.804138, 179.371914, 794, 118858.0
674, 65.987654, 665.547846, 36.804138, 183.530897, 794, 120810.0
675, 70.925926, 665.547846, 36.804138, 190.617584, 798, 119521.0
676, 70.925926, 665.547846, 36.804138, 186.637546, 786, 117499.0
677, 70.925926, 665.547846, 36.804138, 183.618711, 795, 119170.0
678, 65.987654, 665.547846, 36.804138, 180.583674, 798, 119861.0
679, 65.987654, 665.547846, 36.804138, 183.182250, 799, 120480.0
680, 65.987654, 665.547846, 36.804138, 179.971124, 800, 120199.0
681, 65.987654, 665.547846, 36.804138, 184.676346, 803, 120407.0
682, 65.987654, 665.547846, 36.804138, 161.074527, 806, 120699.0
683, 71.546068, 666.491140, 32.885459, 181.882584, 799, 119551.0
684, 65.987654, 665.547846, 36.804138, 161.789855, 802, 120370.0
685, 65.987654, 665.547846, 36.804138, 186.787288, 797, 119353.0
686, 65.987654, 665.547846, 36.804138, 168.907915, 791, 118586.0
687, 65.987654, 665.547846, 36.804138, 192.857180, 795, 119363.0
688, 70.925926, 665.547846, 36.804138, 198.183961, 790, 118217.0
689, 65.987654, 665.547846, 36.804138, 173.041889, 806, 121225.0
690, 65.987654, 665.547846, 36.804138, 185.947867, 796, 119222.0
691, 65.987654, 665.547846, 36.804138, 188.680387, 799, 119992.0
692, 65.987654, 665.547846, 36.804138, 178.907420, 804, 120210.0
693, 65.987654, 665.547846, 36.804138, 196.525385, 797, 119356.0
694, 70.925926, 665.547846, 36.804138, 201.625463, 783, 116973.0
695, 70.925926, 665.547846, 36.804138, 215.207886, 787, 117507.0
696, 65.987654, 665.547846, 36.804138, 210.469091, 793, 118630.0
697, 65.987654, 665.547846, 36.804138, 181.384640, 801, 119896.0
698, 71.546068, 666.491140, 32.885459, 211.150632, 799, 119487.0
699, 70.925926, 665.547846, 36.804138, 179.465120, 799, 119156.0
700, 70.925926, 665.547846, 36.804138, 211.472187, 786, 117181.0
701, 70.925926, 665.547846, 36.804138, 197.911121, 778, 115927.0
702, 70.925926, 665.547846, 36.804138, 181.570894, 784, 117456.0
703, 65.987654, 665.547846, 36.804138, 187.497140, 794, 119568.0
704, 70.925926, 665.547846, 36.804138, 213.097183, 779, 116787.0
705, 71.546068, 666.491140, 32.885459, 186.241731, 795, 119673.0
706, 71.546068, 666.491140, 32.885459, 199.179632, 804, 120694.0
707, 70.925926, 665.547846, 36.804138, 220.368231, 786, 129381.0
708, 71.546068, 666.491140, 32.885459, 182.579629, 798, 119494.0
709, 65.987654, 665.547846, 36.804138, 210.348360, 804, 120677.0
710, 65.987654, 665.547846, 36.804138, 182.347150, 804, 121189.0
711, 65.987654, 665.547846, 36.804138, 206.079371, 796, 121971.0
712, 71.546068, 666.491140, 32.885459, 196.357130, 801, 126023.0
713, 65.987654, 665.547846, 36.804138, 187.249794, 800, 120185.0
714, 65.987654, 665.547846, 36.804138, 205.309978, 791, 119397.0
715, 70.925926, 665.547846, 36.804138, 223.471693, 780, 117276.0
716, 70.925926, 665.547846, 36.804138, 193.564088, 793, 119340.0
717, 65.987654, 665.547846, 36.804138, 190.441673, 794, 120431.0
718, 65.987654, 665.547846, 36.804138, 193.326642, 799, 129459.0
719, 65.987654, 665.547846, 36.804138, 198.024556, 797, 161925.0
720, 65.987654, 665.547846, 36.804138, 182.421849, 801, 120843.0
721, 70.925926, 665.547846, 36.804138, 203.772150, 796, 119025.0
722, 70.925926, 665.547846, 36.804138, 208.660453, 792, 121397.0
723, 70.925926, 665.547846, 36.804138, 194.037131, 794, 120016.0
724, 65.987654, 665.547846, 36.804138, 186.291958, 803, 120602.0
725, 65.987654, 665.547846, 36.804138, 190.446102, 804, 120854.0
726, 65.987654, 665.547846, 36.804138, 193.642511, 795, 119612.0
727, 64.341564, 662.754338, 36.804138, 179.505645, 798, 120479.0
728, 65.987654, 665.547846, 36.804138, 186.563666, 795, 119154.0
729, 65.987654, 665.547846, 36.804138, 179.398181, 799, 119738.0
730, 70.925926, 665.547846, 36.804138, 200.887214, 787, 118115.0
731, 70.925926, 665.547846, 36.804138, 196.036530, 795, 118989.0
732, 70.925926, 665.547846, 36.804138, 182.617367, 788, 118153.0
733, 65.987654, 665.547846, 36.804138, 183.338895, 799, 119853.0
734, 70.925926, 665.547846, 36.804138, 211.629957, 788, 117577.0
735, 65.987654, 665.547846, 36.804138, 179.589316, 793, 132974.0
736, 65.987654, 665.547846, 36.804138, 160.985077, 803, 120134.0
737, 65.987654, 665.547846, 36.804138, 204.352973, 793, 120852.0
738, 65.987654, 665.547846, 36.804138, 173.019209, 800, 121140.0
739, 65.987654, 665.547846, 36.804138, 216.875046, 793, 119566.0
740, 65.987654, 665.547846, 36.804138, 169.221334, 808, 123373.0
741, 71.546068, 666.491140, 32.885459, 193.846297, 797, 119450.0
742, 65.987654, 665.547846, 36.804138, 155.952416, 807, 130732.0
743, 71.546068, 666.491140, 32.885459, 191.779587, 794, 121772.0
744, 70.925926, 665.547846, 36.804138, 188.850861, 797, 119946.0
745, 65.987654, 665.547846, 36.804138, 172.618112, 795, 124759.0
746, 71.546068, 666.491140, 32.885459, 193.422987, 798, 140702.0
747, 65.987654, 665.547846, 36.804138, 194.664542, 799, 120300.0
748, 65.987654, 665.547846, 36.804138, 174.013644, 805, 121924.0
749, 65.987654, 665.547846, 36.804138, 160.709597, 801, 121206.0
750, 65.987654, 665.547846, 36.804138, 177.716293, 801, 121584.0
751, 65.987654, 665.547846, 36.804138, 182.193651, 795, 119592.0
752, 65.987654, 665.547846, 36.804138, 163.014052, 797, 119573.0
753, 65.987654, 665.547846, 36.804138, 176.915342, 800, 119726.0
754, 65.987654, 665.547846, 36.804138, 171.948164, 798, 119447.0
755, 65.987654, 665.547846, 36.804138, 160.451483, 800, 119737.0
756, 65.987654, 665.547846, 36.804138, 175.267297, 794, 118814.0
757, 65.987654, 665.547846, 36.804138, 183.843251, 800, 119723.0
758, 65.987654, 665.547846, 36.804138, 168.758568, 803, 120280.0
759, 65.987654, 665.547846, 36.804138, 170.624269, 805, 120472.0
760, 65.987654, 665.547846, 36.804138, 194.014740, 799, 119626.0
761, 65.987654, 665.547846, 36.804138, 172.737042, 796, 118916.0
762, 71.546068, 666.491140, 32.885459, 188.307184, 802, 119995.0
763, 70.925926, 665.547846, 36.804138, 193.157648, 793, 118384.0
764, 65.987654, 665.547846, 36.804138, 168.524914, 797, 119191.0
765, 70.925926, 665.547846, 36.804138, 189.938976, 797, 118902.0
766, 65.987654, 665.547846, 36.804138, 189.713600, 796, 118963.0
767, 70.925926, 665.547846, 36.804138, 193.741139, 796, 118798.0
768, 65.987654, 665.547846, 36.804138, 173.974477, 800, 119643.0
769, 70.925926, 665.547846, 36.804138, 204.168285, 794, 118683.0
770, 65.987654, 665.547846, 36.804138, 192.462493, 802, 119783.0
771, 65.987654, 665.547846, 36.804138, 173.539384, 801, 119781.0
772, 65.987654, 665.547846, 36.804138, 189.116950, 794, 118886.0
773, 70.925926, 665.547846, 36.804138, 199.750614, 798, 119167.0
774, 65.987654, 665.547846, 36.804138, 202.012129, 790, 118360.0
775, 65.987654, 665.547846, 36.804138, 175.524862, 796, 120338.0
776, 71.546068, 666.491140, 32.885459, 179.131817, 794, 118588.0
777, 70.925926, 665.547846, 36.804138, 207.013527, 790, 117931.0
778, 65.987654, 665.547846, 36.804138, 177.976855, 796, 119058.0
779, 70.925926, 665.547846, 36.804138, 187.577513, 792, 118177.0
780, 65.987654, 665.547846, 36.804138, 177.796518, 798, 119375.0
781, 70.925926, 665.547846, 36.804138, 199.845851, 793, 123773.0
782, 70.925926, 665.547846, 36.804138, 165.261155, 794, 118486.0
783, 70.925926, 665.547846, 36.804138, 199.243261, 794, 118055.0
784, 65.987654, 665.547846, 36.804138, 169.893543, 798, 118934.0
785, 65.987654, 665.547846, 36.804138, 187.298840, 797, 120067.0
786, 65.987654, 665.547846, 36.804138, 163.271867, 801, 120919.0
787, 70.925926, 665.547846, 36.804138, 197.103614, 792, 121942.0
788, 65.987654, 665.547846, 36.804138, 178.053281, 804, 122585.0
789, 65.987654, 665.547846, 36.804138, 175.185609, 792, 137717.0
790, 65.987654, 665.547846, 36.804138, 166.166630, 799, 120850.0
791, 65.987654, 665.547846, 36.804138, 167.852841, 809, 121746.0
792, 65.987654, 665.547846, 36.804138, 188.806010, 796, 119361.0
793, 65.987654, 665.547846, 36.804138, 178.684730, 794, 120666.0
794, 65.987654, 665.547846, 36.804138, 154.991112, 810, 121729.0
795, 65.987654, 665.547846, 36.804138, 202.306621, 791, 119093.0
796, 70.925926, 665.547846, 36.804138, 195.597963, 791, 119092.0
797, 65.987654, 665.547846, 36.804138, 166.690021, 801, 124110.0
798, 65.987654, 665.547846, 36.804138, 163.335391, 801, 134815.0
799, 65.987654, 665.547846, 36.804138, 184.424957, 804, 123047.0
800, 65.987654, 665.547846, 36.804138, 187.842325, 800, 123704.0
801, 65.987654, 665.547846, 36.804138, 166.499195, 797, 121668.0
802, 65.987654, 665.547846, 36.804138, 167.912336, 805, 121224.0
803, 70.925926, 665.547846, 36.804138, 210.228357, 781, 117502.0
804, 70.925926, 665.547846, 36.804138, 199.772900, 792, 120446.0
805, 70.925926, 665.547846, 36.804138, 190.681417, 795, 118740.0
806, 65.987654, 665.547846, 36.804138, 194.821397, 794, 118832.0
807, 71.546068, 666.491140, 32.885459, 202.596590, 798, 119660.0
808, 71.546068, 666.491140, 32.885459, 179.185843, 795, 127405.0
809, 71.546068, 666.491140, 32.885459, 194.118444, 796, 119910.0
810, 65.987654, 665.547846, 36.804138, 168.541324, 803, 121802.0
811, 65.987654, 665.547846, 36.804138, 173.972756, 800, 126024.0
812, 65.987654, 665.547846, 36.804138, 172.873693, 797, 119046.0
813, 70.925926, 665.547846, 36.804138, 186.794571, 794, 119175.0
814, 65.987654, 665.547846, 36.804138, 196.578904, 793, 118646.0
815, 65.987654, 665.547846, 36.804138, 201.566747, 799, 119556.0
816, 65.987654, 665.547846, 36.804138, 184.560929, 793, 120968.0
817, 70.925926, 665.547846, 36.804138, 201.045812, 793, 132679.0
818, 65.987654, 665.547846, 36.804138, 179.012782, 801, 120701.0
819, 65.987654, 665.547846, 36.804138, 192.060881, 798, 128594.0
820, 65.987654, 665.547846, 36.804138, 190.421267, 800, 119248.0
821, 65.987654, 665.547846, 36.804138, 201.737183, 796, 121895.0
822, 70.925926, 665.547846, 36.804138, 187.390851, 792, 119006.0
823, 70.925926, 665.547846, 36.804138, 188.101332, 793, 118114.0
824, 65.987654, 665.547846, 36.804138, 213.094425, 786, 120674.0
825, 65.987654, 665.547846, 36.804138, 213.023902, 788, 117913.0
826, 65.987654, 665.547846, 36.804138, 176.210006, 804, 126393.0
827, 65.987654, 665.547846, 36.804138, 178.284158, 800, 122990.0
828, 65.987654, 665.547846, 36.804138, 169.007159, 796, 119287.0
829, 65.987654, 665.547846, 36.804138, 187.159123, 803, 120082.0
830, 65.987654, 665.547846, 36.804138, 156.924771, 798, 119476.0
831, 65.987654, 665.547846, 36.804138, 173.805400, 798, 119383.0
832, 65.987654, 665.547846, 36.804138, 205.641720, 796, 119109.0
833, 70.925926, 665.547846, 36.804138, 195.886869, 791, 118465.0
834, 65.987654, 665.547846, 36.804138, 186.396814, 797, 119399.0
835, 65.987654, 665.547846, 36.804138, 189.700369, 799, 119751.0
836, 65.987654, 665.547846, 36.804138, 177.299502, 799, 120164.0
837, 65.987654, 665.547846, 36.804138, 184.129171, 796, 119155.0
838, 65.987654, 665.547846, 36.804138, 183.198319, 800, 119811.0
839, 65.987654, 665.547846, 36.804138, 211.056236, 801, 121131.0
840, 65.987654, 665.547846, 36.804138, 187.692616, 795, 121194.0
841, 65.987654, 665.547846, 36.804138, 202.589861, 793, 123513.0
842, 70.925926, 665.547846, 36.804138, 192.698268, 787, 117566.0
843, 65.987654, 665.547846, 36.804138, 167.157123, 797, 119313.0
844, 65.987654, 665.547846, 36.804138, 180.129130, 798, 122258.0
845, 65.987654, 665.547846, 36.804138, 170.283616, 804, 120441.0
846, 65.987654, 665.547846, 36.804138, 182.559175, 803, 120147.0
847, 65.987654, 665.547846, 36.804138, 173.164798, 802, 125659.0
848, 65.987654, 665.547846, 36.804138, 177.105051, 800, 131631.0
849, 65.987654, 665.547846, 36.804138, 168.927450, 794, 122954.0
850, 65.987654, 665.547846, 36.804138, 175.782230, 800, 122912.0
851, 70.925926, 665.547846, 36.804138, 200.035851, 797, 120148.0
852, 65.987654, 665.547846, 36.804138, 168.131495, 807, 125964.0
853, 65.987654, 665.547846, 36.804138, 172.787201, 794, 121905.0
854, 65.987654, 665.547846, 36.804138, 382.828308, 796, 122611.0
855, 70.925926, 665.547846, 36.804138, 183.257360, 794, 118740.0
856, 65.987654, 665.547846, 36.804138, 158.236147, 795, 119024.0
857, 65.987654, 665.547846, 36.804138, 151.574246, 800, 119574.0
858, 65.987654, 665.547846, 36.804138, 165.838052, 806, 120532.0
859, 65.987654, 665.547846, 36.804138, 175.197324, 804, 120424.0
860, 70.925926, 665.547846, 36.804138, 205.979132, 792, 120443.0
861, 65.987654, 665.547846, 36.804138, 182.704015, 803, 123172.0
862, 64.341564, 662.754338, 36.804138, 199.777085, 800, 122408.0
863, 65.987654, 665.547846, 36.804138, 170.953457, 801, 124789.0
864, 65.987654, 665.547846, 36.804138, 188.910291, 796, 121548.0
865, 65.987654, 665.547846, 36.804138, 184.726502, 798, 123216.0
866, 71.546068, 666.491140, 32.885459, 193.155901, 799, 120034.0
867, 65.987654, 665.547846, 36.804138, 167.348030, 804, 123749.0
868, 70.925926, 665.547846, 36.804138, 203.285620, 783, 118406.0
869, 65.987654, 665.547846, 36.804138, 199.453071, 796, 122308.0
870, 70.925926, 665.547846, 36.804138, 189.972772, 793, 118521.0
871, 65.987654, 665.547846, 36.804138, 174.622915, 809, 120830.0
872, 71.546068, 666.491140, 32.885459, 186.842318, 799, 120252.0
873, 70.925926, 665.547846, 36.804138, 185.066714, 790, 117812.0
874, 65.987654, 665.547846, 36.804138, 179.179282, 802, 120259.0
875, 70.925926, 665.547846, 36.804138, 204.271780, 789, 120542.0
876, 70.925926, 665.547846, 36.804138, 191.952308, 792, 118465.0
877, 65.987654, 665.547846, 36.804138, 185.668756, 803, 120468.0
878, 65.987654, 665.547846, 36.804138, 195.284358, 795, 121916.0
879, 70.925926, 665.547846, 36.804138, 184.057112, 797, 119405.0
880, 65.987654, 665.547846, 36.804138, 146.536841, 808, 121186.0
881, 71.546068, 666.491140, 32.885459, 180.808968, 798, 119643.0
882, 65.987654, 665.547846, 36.804138, 173.737495, 796, 119954.0
883, 71.546068, 666.491140, 32.885459, 182.184889, 799, 119783.0
884, 65.987654, 665.547846, 36.804138, 176.048964, 802, 120391.0
885, 65.987654, 665.547846, 36.804138, 186.922287, 791, 119250.0
886, 71.546068, 666.491140, 32.885459, 206.902946, 798, 119091.0
887, 65.987654, 665.547846, 36.804138, 165.632638, 798, 119511.0
888, 65.987654, 665.547846, 36.804138, 188.573198, 797, 126400.0
889, 65.987654, 665.547846, 36.804138, 155.521937, 803, 119886.0
890, 65.987654, 665.547846, 36.804138, 176.311350, 795, 118705.0
891, 71.546068, 666.491140, 32.885459, 192.712363, 801, 120161.0
892, 70.925926, 665.547846, 36.804138, 196.076317, 793, 118817.0
893, 71.546068, 666.491140, 32.885459, 187.113538, 794, 118496.0
894, 65.987654, 665.547846, 36.804138, 186.087456, 796, 118941.0
895, 65.987654, 665.547846, 36.804138, 177.503839, 794, 118607.0
896, 70.925926, 665.547846, 36.804138, 196.712851, 792, 117999.0
897, 65.987654, 665.547846, 36.804138, 182.944311, 797, 124501.0
898, 70.925926, 665.547846, 36.804138, 164.418803, 795, 118640.0
899, 65.987654, 665.547846, 36.804138, 186.276339, 798, 119474.0
900, 65.987654, 665.547846, 36.804138, 168.752493, 803, 120376.0
901, 65.987654, 665.547846, 36.804138, 177.355211, 792, 118662.0
902, 65.987654, 665.547846, 36.804138, 166.419179, 801, 119837.0
903, 65.987654, 665.547846, 36.804138, 170.866730, 795, 118950.0
904, 70.925926, 665.547846, 36.804138, 180.954972, 793, 118459.0
905, 65.987654, 665.547846, 36.804138, 181.087948, 799, 119503.0
906, 70.925926, 665.547846, 36.804138, 194.239642, 794, 118635.0
907, 65.987654, 665.547846, 36.804138, 171.279270, 794, 120323.0
908, 65.987654, 665.547846, 36.804138, 154.565480, 809, 120926.0
909, 65.987654, 665.547846, 36.804138, 181.232604, 792, 118404.0
910, 65.987654, 665.547846, 36.804138, 156.912022, 798, 119373.0
911, 65.987654, 665.547846, 36.804138, 181.601865, 798, 119331.0
912, 65.987654, 665.547846, 36.804138, 176.106591, 795, 118891.0
913, 70.925926, 665.547846, 36.804138, 199.777937, 791, 122443.0
914, 65.987654, 665.547846, 36.804138, 179.547144, 794, 118612.0
915, 70.925926, 665.547846, 36.804138, 203.944404, 784, 117289.0
916, 65.987654, 665.547846, 36.804138, 157.975707, 801, 122633.0
917, 70.925926, 665.547846, 36.804138, 194.420539, 789, 130653.0
918, 70.925926, 665.547846, 36.804138, 187.689035, 801, 119740.0
919, 65.987654, 665.547846, 36.804138, 165.960358, 802, 120049.0
920, 65.987654, 665.547846, 36.804138, 204.491575, 792, 118651.0
921, 65.987654, 665.547846, 36.804138, 165.058035, 793, 118383.0
922, 65.987654, 665.547846, 36.804138, 167.874847, 801, 119822.0
923, 65.987654, 665.547846, 36.804138, 178.011797, 802, 119666.0
924, 70.925926, 665.547846, 36.804138, 198.594982, 789, 123029.0
925, 70.925926, 665.547846, 36.804138, 188.536110, 784, 116291.0
926, 65.987654, 665.547846, 36.804138, 194.206025, 803, 120142.0
927, 71.546068, 666.491140, 32.885459, 190.301503, 800, 119275.0
928, 71.546068, 666.491140, 32.885459, 186.080931, 801, 119593.0
929, 65.987654, 665.547846, 36.804138, 170.980688, 801, 119681.0
930, 65.987654, 665.547846, 36.804138, 181.931569, 798, 119276.0
931, 71.546068, 666.491140, 32.885459, 191.362797, 794, 118460.0
932, 65.987654, 665.547846, 36.804138, 191.583098, 801, 123465.0
933, 65.987654, 665.547846, 36.804138, 180.321083, 791, 118099.0
934, 65.987654, 665.547846, 36.804138, 162.673325, 802, 119742.0
935, 71.546068, 666.491140, 32.885459, 186.229798, 801, 119591.0
936, 65.987654, 665.547846, 36.804138, 167.561112, 795, 118824.0
937, 70.925926, 665.547846, 36.804138, 206.074336, 792, 117648.0
938, 70.925926, 665.547846, 36.804138, 212.012380, 787, 117360.0
939, 65.987654, 665.547846, 36.804138, 197.625999, 793, 118540.0
940, 65.987654, 665.547846, 36.804138, 186.604773, 801, 119693.0
941, 71.546068, 666.491140, 32.885459, 189.911847, 794, 121459.0
942, 65.987654, 665.547846, 36.804138, 190.820497, 797, 118790.0
943, 70.925926, 665.547846, 36.804138, 199.629611, 787, 122448.0
944, 65.987654, 665.547846, 36.804138, 187.546008, 801, 122619.0
945, 65.987654, 665.547846, 36.804138, 185.275720, 791, 132669.0
946, 71.546068, 666.491140, 32.885459, 177.023868, 794, 118974.0
947, 65.987654, 665.547846, 36.804138, 154.542132, 801, 120277.0
948, 70.925926, 665.547846, 36.804138, 215.294267, 784, 116595.0
949, 71.546068, 666.491140, 32.885459, 175.057199, 799, 119564.0
950, 70.925926, 665.547846, 36.804138, 205.809465, 777, 115803.0
951, 65.987654, 665.547846, 36.804138, 196.361382, 796, 119077.0
952, 64.341564, 662.754338, 36.804138, 186.018858, 795, 118793.0
953, 65.987654, 665.547846, 36.804138, 192.103007, 790, 117967.0
954, 65.987654, 665.547846, 36.804138, 209.925677, 791, 118171.0
955, 65.987654, 665.547846, 36.804138, 187.531911, 793, 118498.0
956, 70.925926, 665.547846, 36.804138, 197.413412, 791, 118151.0
957, 65.987654, 665.547846, 36.804138, 182.642425, 803, 119931.0
958, 65.987654, 665.547846, 36.804138, 165.014281, 800, 119492.0
959, 65.987654, 665.547846, 36.804138, 181.533847, 790, 118084.0
960, 65.987654, 665.547846, 36.804138, 163.825870, 803, 119846.0
961, 65.987654, 665.547846, 36.804138, 168.578405, 796, 118833.0
962, 65.987654, 665.547846, 36.804138, 191.057314, 794, 137653.0
963, 65.987654, 665.547846, 36.804138, 178.808648, 801, 138817.0
964, 70.925926, 665.547846, 36.804138, 179.740124, 792, 119200.0
965, 65.987654, 665.547846, 36.804138, 157.376183, 793, 119864.0
966, 65.987654, 665.547846, 36.804138, 170.104736, 807, 120814.0
967, 71.546068, 666.491140, 32.885459, 172.442450, 801, 120798.0
968, 65.987654, 665.547846, 36.804138, 159.928185, 800, 119705.0
969, 65.987654, 665.547846, 36.804138, 171.136847, 802, 121778.0
970, 65.987654, 665.547846, 36.804138, 173.734324, 800, 128962.0
971, 71.546068, 666.491140, 32.885459, 163.220279, 796, 119974.0
972, 65.987654, 665.547846, 36.804138, 148.332735, 803, 121011.0
973, 65.987654, 665.547846, 36.804138, 164.283621, 797, 118523.0
974, 70.925926, 665.547846, 36.804138, 199.991157, 790, 118635.0
975, 70.925926, 665.547846, 36.804138, 185.004130, 796, 118759.0
976, 65.987654, 665.547846, 36.804138, 144.594139, 810, 121258.0
977, 70.925926, 665.547846, 36.804138, 186.018200, 793, 118205.0
978, 65.987654, 665.547846, 36.804138, 154.684174, 797, 119024.0
979, 65.987654, 665.547846, 36.804138, 187.405951, 803, 120056.0
980, 70.925926, 665.547846, 36.804138, 210.044115, 779, 116008.0
981, 65.987654, 665.547846, 36.804138, 175.709744, 799, 119613.0
982, 70.925926, 665.547846, 36.804138, 176.246166, 797, 118828.0
983, 65.987654, 665.547846, 36.804138, 198.945172, 795, 118688.0
984, 70.925926, 665.547846, 36.804138, 175.495985, 794, 118511.0
985, 71.546068, 666.491140, 32.885459, 190.666588, 797, 119115.0
986, 65.987654, 665.547846, 36.804138, 175.540122, 800, 119503.0
987, 71.546068, 666.491140, 32.885459, 182.601834, 796, 118902.0
988, 65.987654, 665.547846, 36.804138, 159.662333, 803, 119915.0
989, 65.987654, 665.547846, 36.804138, 200.627033, 799, 119179.0
990, 65.987654, 665.547846, 36.804138, 180.719111, 792, 118383.0
991, 70.925926, 665.547846, 36.804138, 165.548904, 800, 122196.0
992, 65.987654, 665.547846, 36.804138, 174.422706, 805, 125000.0
993, 65.987654, 665.547846, 36.804138, 193.016327, 800, 133341.0
994, 70.925926, 665.547846, 36.804138, 174.670975, 788, 118452.0
995, 65.987654, 665.547846, 36.804138, 165.219313, 805, 120805.0
996, 70.925926, 665.547846, 36.804138, 176.419533, 796, 119040.0
997, 65.987654, 665.547846, 36.804138, 189.641890, 794, 118948.0
998, 65.987654, 665.547846, 36.804138, 190.750619, 795, 118868.0
999, 70.925926, 665.547846, 36.804138, 188.485391, 797, 119029.0
