#idx, x0, x1, x2, y, f_neval, total_time (us), 
0, 70.849350, 664.573129, 36.599852, 176.499928, 4351, 647185.0
1, 72.556206, 663.652377, 37.401536, 205.218955, 4152, 621292.0
2, 72.099448, 663.064137, 37.347400, 199.534074, 4184, 620951.0
3, 70.117102, 663.674625, 37.147438, 204.705782, 4277, 635006.0
4, 72.157828, 663.960870, 36.218277, 219.501251, 4184, 619437.0
5, 70.779623, 663.252572, 36.863871, 210.112702, 4179, 619346.0
6, 71.870889, 663.236057, 38.323410, 197.747947, 4233, 628157.0
7, 73.347451, 662.478463, 37.264257, 210.583677, 4176, 619265.0
8, 72.085592, 664.885569, 36.951432, 204.645374, 4066, 602017.0
9, 72.415260, 663.808385, 36.867314, 220.306223, 4113, 610072.0
10, 75.414043, 663.841658, 36.993393, 232.467335, 4160, 615470.0
11, 72.189719, 664.039506, 36.333196, 197.734938, 4106, 607410.0
12, 71.524431, 662.945238, 38.389261, 185.660933, 4246, 630893.0
13, 72.298592, 664.676272, 36.925079, 234.374226, 4033, 595845.0
14, 71.920084, 662.565267, 37.270657, 214.389224, 4104, 608381.0
15, 70.172194, 664.554760, 37.165850, 177.196209, 4319, 640868.0
16, 70.106461, 663.312513, 37.853679, 175.922344, 4360, 684112.0
17, 71.470065, 664.973294, 35.627946, 194.873134, 4084, 605197.0
18, 68.544054, 663.134920, 37.238440, 204.669008, 4278, 635431.0
19, 74.266276, 663.597529, 37.231770, 231.853453, 4125, 608151.0
20, 72.875274, 663.210103, 38.017951, 205.510962, 4202, 622800.0
21, 72.352075, 663.813290, 37.199326, 185.879790, 4222, 626229.0
22, 69.145569, 663.768294, 36.865837, 186.318527, 4343, 645124.0
23, 73.442610, 661.683050, 38.329811, 218.630698, 4125, 611312.0
24, 72.163379, 663.282914, 37.038287, 217.098463, 4085, 603663.0
25, 70.770165, 663.841448, 38.555848, 197.012862, 4188, 621641.0
26, 74.631231, 664.142161, 36.662977, 223.057474, 4125, 609345.0
27, 70.800599, 664.440322, 36.681604, 185.370084, 4277, 635323.0
28, 71.347352, 662.550091, 37.877113, 187.086206, 4363, 649383.0
29, 72.225966, 664.233875, 36.626651, 198.761457, 4094, 605847.0
30, 69.931994, 663.731884, 37.623692, 176.271093, 4290, 639018.0
31, 69.947957, 663.242966, 38.027036, 200.086731, 4267, 634851.0
32, 69.990026, 663.517770, 37.754751, 183.185589, 4255, 633355.0
33, 70.899843, 662.295159, 38.287072, 176.791150, 4133, 620655.0
34, 70.116192, 662.380577, 37.762357, 182.210940, 4251, 641111.0
35, 73.769141, 662.951792, 37.327045, 212.696208, 4189, 620445.0
36, 71.735316, 662.965013, 38.424097, 191.999192, 4117, 649616.0
37, 68.918220, 662.223775, 37.435210, 179.372962, 4399, 665413.0
38, 70.460052, 663.981065, 36.687802, 203.648011, 4285, 657660.0
39, 68.293775, 662.017315, 37.848013, 166.747739, 4366, 651615.0
40, 71.643799, 663.372896, 37.469965, 191.182640, 4147, 624287.0
41, 71.192083, 664.400629, 36.405224, 181.465076, 4181, 621207.0
42, 68.136840, 662.613186, 38.025081, 185.708574, 4317, 645695.0
43, 72.497636, 663.111492, 37.429565, 206.771017, 4235, 635773.0
44, 71.329147, 663.010338, 38.753717, 169.491509, 4253, 639583.0
45, 69.014874, 663.091289, 38.938531, 190.973977, 4217, 643139.0
46, 69.811022, 664.718121, 36.380667, 198.393676, 4328, 643984.0
47, 71.176784, 664.215466, 36.772921, 193.505582, 4128, 611613.0
48, 69.535360, 662.611094, 37.599139, 187.387754, 4260, 634416.0
49, 71.848729, 663.404893, 36.791421, 186.480085, 4212, 632592.0
50, 72.586364, 663.843928, 36.210083, 183.328479, 4186, 635199.0
51, 72.898221, 664.236638, 37.454922, 199.153587, 4169, 625026.0
52, 66.412909, 663.800309, 36.407897, 165.021678, 4251, 632120.0
53, 70.851261, 663.501961, 36.885350, 222.140311, 3993, 590702.0
54, 71.479328, 662.908224, 38.504857, 203.194583, 4139, 615028.0
55, 69.104478, 663.728426, 37.653595, 168.758558, 4363, 648986.0
56, 70.945470, 664.223323, 37.930765, 192.357746, 4219, 626393.0
57, 68.495839, 662.656576, 36.941141, 173.213841, 4311, 641432.0
58, 70.232186, 663.217067, 37.637824, 186.910149, 4291, 637945.0
59, 69.133343, 663.635629, 37.845698, 174.070079, 4290, 637111.0
60, 71.835180, 664.515973, 37.236325, 190.248035, 4142, 613000.0
61, 68.673323, 663.623390, 37.854406, 153.742120, 4359, 656596.0
62, 68.881228, 662.716457, 37.764883, 162.848144, 4348, 646315.0
63, 68.633383, 663.605154, 36.449390, 179.828190, 4323, 642027.0
64, 70.610238, 664.383690, 37.108266, 189.360744, 4259, 632266.0
65, 67.689926, 663.325591, 36.852923, 180.890007, 4328, 653947.0
66, 68.391216, 662.693666, 37.723943, 171.280347, 4327, 655248.0
67, 72.555811, 663.619092, 36.469660, 214.123145, 4058, 604334.0
68, 66.701769, 662.305290, 37.661437, 183.645720, 4213, 643954.0
69, 69.367819, 662.892665, 37.764165, 207.568591, 4180, 644767.0
70, 68.313238, 663.776907, 36.882423, 165.626754, 4334, 648368.0
71, 69.847026, 664.873274, 37.035308, 191.919326, 4387, 653423.0
72, 71.308588, 663.049277, 37.704809, 199.834459, 4113, 610274.0
73, 65.130162, 662.993962, 37.480552, 183.145721, 4188, 632582.0
74, 69.719626, 663.964853, 36.679392, 175.131273, 4335, 654824.0
75, 69.620602, 663.178131, 38.044369, 185.561355, 4372, 652458.0
76, 67.115804, 663.262469, 36.312753, 185.246157, 4132, 625359.0
77, 67.424799, 662.678905, 37.535066, 163.676028, 4374, 653837.0
78, 69.898266, 663.108942, 37.355996, 181.061852, 4337, 645396.0
79, 70.625966, 662.328216, 38.312706, 204.069175, 4168, 618888.0
80, 67.640535, 663.318400, 37.608386, 168.275735, 4340, 645771.0
81, 68.241838, 663.197868, 37.725456, 161.734497, 4340, 650257.0
82, 68.667460, 663.806828, 36.211991, 159.420352, 4431, 664301.0
83, 71.350718, 664.415160, 36.145484, 190.028659, 4387, 654399.0
84, 68.078629, 662.268018, 37.596506, 177.955640, 4344, 652425.0
85, 70.415669, 665.021351, 36.604390, 204.554126, 4118, 646247.0
86, 67.927811, 663.501728, 37.578143, 173.649154, 4219, 645650.0
87, 67.602077, 663.070768, 36.824695, 170.638929, 4282, 645951.0
88, 67.308325, 663.191028, 36.779926, 174.025422, 4266, 635909.0
89, 68.854050, 664.768872, 36.203822, 156.769877, 4432, 660310.0
90, 72.029874, 663.929122, 35.988442, 214.558139, 4120, 616191.0
91, 68.361535, 661.988781, 38.015406, 176.491087, 4300, 640668.0
92, 67.659995, 662.076822, 38.177961, 187.089503, 4442, 664741.0
93, 67.510532, 662.652684, 37.456544, 193.622581, 4233, 631229.0
94, 70.105277, 664.164850, 36.643601, 171.916093, 4368, 659845.0
95, 69.382288, 663.132798, 38.531774, 166.710245, 4351, 647183.0
96, 68.751875, 664.263883, 35.742498, 172.307808, 4445, 659988.0
97, 69.458212, 664.155266, 36.150785, 175.165522, 4355, 645861.0
98, 69.542132, 663.207320, 37.121440, 164.234142, 4472, 665782.0
99, 68.648828, 664.298428, 36.760344, 180.974346, 4237, 650165.0
100, 66.235019, 662.496743, 37.574092, 170.213830, 4225, 639249.0
101, 69.720770, 663.413229, 36.742478, 202.553092, 4215, 631912.0
102, 67.397771, 662.431139, 38.187503, 162.178619, 4300, 644593.0
103, 68.429310, 662.721079, 38.505710, 173.951134, 4384, 661296.0
104, 69.576284, 664.670460, 35.669398, 180.889488, 4306, 639525.0
105, 68.298735, 663.282745, 36.882531, 188.096227, 4251, 632237.0
106, 71.425101, 664.671859, 36.329331, 195.723003, 4217, 625854.0
107, 70.696532, 662.939577, 38.211221, 181.087063, 4304, 650457.0
108, 68.458093, 663.382653, 37.171891, 187.942858, 4158, 628692.0
109, 69.141209, 663.895853, 37.089458, 177.886107, 4314, 652097.0
110, 69.026525, 664.562742, 36.864780, 177.452012, 4352, 657282.0
111, 69.679446, 663.867739, 37.425413, 183.951225, 4164, 622754.0
112, 69.964274, 662.182702, 37.535131, 189.391492, 4355, 657836.0
113, 69.874111, 662.647109, 38.351373, 161.517784, 4411, 656612.0
114, 71.572265, 664.729900, 36.758907, 198.348727, 4170, 616633.0
115, 67.072994, 662.712789, 38.220249, 168.789756, 4325, 644186.0
116, 72.031030, 664.616590, 36.470043, 223.582439, 4093, 604312.0
117, 70.320933, 664.820191, 36.160969, 216.970035, 4098, 608143.0
118, 68.883877, 663.235104, 37.970659, 193.612364, 4328, 660925.0
119, 66.027151, 663.382504, 37.663815, 150.709052, 4344, 670836.0
120, 66.947575, 663.258937, 37.987469, 158.179306, 4295, 643834.0
121, 67.100449, 663.682210, 35.930828, 178.444710, 4142, 617542.0
122, 71.702411, 662.709907, 37.835486, 204.973136, 4078, 605862.0
123, 69.721475, 663.333468, 37.878839, 177.615932, 4375, 654308.0
124, 70.409093, 662.871708, 37.241606, 162.938438, 4336, 644743.0
125, 68.362663, 662.250258, 37.903277, 184.682814, 4373, 652701.0
126, 68.400332, 663.026899, 38.710768, 180.729147, 4326, 647298.0
127, 66.584961, 662.737054, 37.282477, 171.652423, 4229, 631165.0
128, 70.776209, 663.909387, 36.969555, 191.853450, 4318, 642845.0
129, 70.309278, 662.866730, 37.321541, 184.130028, 4338, 644576.0
130, 69.821181, 665.022315, 36.757356, 175.660610, 4373, 650422.0
131, 70.952692, 663.173563, 38.498188, 199.635813, 4085, 604970.0
132, 71.559748, 662.521807, 38.151420, 193.014693, 4216, 630096.0
133, 68.258440, 664.299033, 36.147813, 159.231403, 4312, 643514.0
134, 69.209001, 664.227096, 36.079828, 198.282425, 4294, 642508.0
135, 71.458490, 664.776568, 36.226358, 215.860743, 4122, 611737.0
136, 71.369533, 662.482638, 37.658329, 202.498351, 4121, 631413.0
137, 70.022395, 663.571163, 37.233021, 178.919201, 4312, 643812.0
138, 68.558571, 662.491235, 37.325229, 165.968945, 4359, 651278.0
139, 71.149663, 662.902231, 37.956471, 199.308859, 4178, 619857.0
140, 69.298633, 664.905613, 36.110939, 184.944976, 4474, 669672.0
141, 70.739934, 663.758951, 35.980052, 183.434460, 4348, 643561.0
142, 71.062166, 663.675105, 37.876367, 183.086482, 4291, 635120.0
143, 69.789096, 662.327794, 37.380658, 178.309074, 4337, 645577.0
144, 73.500795, 663.614654, 37.330256, 203.680444, 4173, 616192.0
145, 69.127610, 664.769072, 36.350015, 188.182640, 4388, 651211.0
146, 68.882500, 664.118400, 36.681731, 170.227525, 4340, 643848.0
147, 73.540294, 664.155571, 36.715322, 217.604835, 4206, 621147.0
148, 69.162331, 663.225286, 36.944518, 179.550431, 4365, 653936.0
149, 73.073628, 662.839906, 37.572769, 206.515562, 4223, 630623.0
150, 66.694007, 662.683353, 36.996738, 191.479744, 4094, 611652.0
151, 71.342232, 662.818919, 37.482366, 211.876450, 4188, 625001.0
152, 73.019324, 662.677080, 38.037133, 203.522038, 4204, 622227.0
153, 70.603757, 663.932981, 37.011450, 189.052890, 4289, 662582.0
154, 69.222677, 663.971903, 37.122949, 162.689000, 4386, 653282.0
155, 70.416403, 663.545522, 37.658788, 175.746953, 4407, 661858.0
156, 67.193187, 662.392301, 37.337173, 180.528789, 4178, 625946.0
157, 68.355710, 661.536064, 38.087476, 187.442895, 4279, 635626.0
158, 72.116037, 663.049583, 37.988049, 210.742455, 4187, 620142.0
159, 69.735231, 662.869751, 37.007782, 171.176230, 4400, 653799.0
160, 72.625661, 662.768159, 37.716586, 195.000012, 4047, 599109.0
161, 72.834168, 664.448027, 36.875579, 214.457761, 4136, 611663.0
162, 71.769710, 662.696037, 36.957832, 187.473930, 4197, 620879.0
163, 71.783350, 663.042108, 37.309674, 201.026905, 4195, 622926.0
164, 69.371422, 663.354930, 37.582577, 182.066185, 4314, 640753.0
165, 71.165291, 663.396347, 37.124890, 177.690408, 4232, 626883.0
166, 69.207787, 663.981240, 37.625857, 172.052423, 4286, 636826.0
167, 71.175467, 663.429396, 36.177977, 198.379941, 4012, 592422.0
168, 70.612198, 662.550359, 38.543675, 181.342956, 4248, 631199.0
169, 67.890291, 663.742236, 35.837906, 185.006866, 4149, 615534.0
170, 70.851981, 664.337254, 36.731391, 190.075412, 4325, 641386.0
171, 67.769202, 662.294015, 38.191388, 166.744534, 4277, 635722.0
172, 69.661254, 663.165042, 37.273979, 193.019615, 4224, 635707.0
173, 71.746571, 663.022797, 37.345193, 175.919864, 4226, 626675.0
174, 68.509169, 663.010869, 37.876105, 182.572125, 4207, 632238.0
175, 70.403172, 661.772618, 38.181666, 192.767855, 4209, 625077.0
176, 71.183666, 662.701171, 37.838741, 196.721854, 4304, 638727.0
177, 73.539274, 663.967597, 37.085784, 197.377890, 4185, 618503.0
178, 67.843851, 663.169659, 36.634744, 175.713519, 4208, 624152.0
179, 69.124668, 664.032126, 37.421201, 184.653605, 4345, 647435.0
180, 69.341173, 664.112784, 36.186384, 197.505957, 4301, 659775.0
181, 68.271629, 662.843623, 36.884370, 153.344394, 4385, 654271.0
182, 68.615842, 662.428436, 37.589576, 183.951689, 4304, 640565.0
183, 68.043054, 662.719848, 37.695957, 168.529997, 4286, 638583.0
184, 72.088567, 664.129055, 37.125435, 210.415757, 4088, 605720.0
185, 70.960898, 662.351418, 37.490051, 166.583337, 4417, 657615.0
186, 68.072338, 662.470208, 37.043688, 179.882200, 4307, 642477.0
187, 69.329272, 661.900203, 37.505613, 183.460131, 4221, 650341.0
188, 70.413640, 663.474328, 37.022862, 192.982881, 4262, 636101.0
189, 68.347089, 664.582610, 35.177196, 192.411994, 4185, 628463.0
190, 69.475404, 662.056215, 37.624195, 173.572035, 4387, 658827.0
191, 69.952706, 664.305702, 37.197326, 174.493269, 4353, 649956.0
192, 72.587851, 662.872462, 37.806082, 193.860199, 4152, 617880.0
193, 70.743815, 662.561911, 38.955745, 199.361877, 4112, 612153.0
194, 71.037093, 663.795984, 37.783257, 182.845302, 4109, 612498.0
195, 72.715383, 662.288072, 37.700258, 195.723418, 4254, 633407.0
196, 72.875726, 661.940266, 38.286685, 183.731954, 4200, 623373.0
197, 70.029553, 664.046389, 37.216156, 166.855234, 4353, 650771.0
198, 69.191910, 663.284286, 38.161543, 154.985598, 4377, 651851.0
199, 70.526949, 664.174665, 36.734276, 187.426668, 4232, 629856.0
200, 71.811490, 663.142423, 38.207960, 178.864699, 4297, 639731.0
201, 71.017682, 662.088743, 37.255667, 182.132153, 4280, 638215.0
202, 69.327067, 663.226037, 37.961264, 175.656354, 4433, 661598.0
203, 71.739454, 662.801060, 38.856307, 179.992654, 4274, 638722.0
204, 70.555091, 662.107785, 38.487077, 197.865502, 4321, 655425.0
205, 70.081101, 664.320416, 37.203323, 184.408403, 4232, 635541.0
206, 71.255661, 663.585828, 36.723491, 198.776209, 4085, 608597.0
207, 70.341949, 664.002212, 35.899660, 192.782508, 4207, 623784.0
208, 70.645158, 663.879459, 36.347795, 195.361797, 4251, 630396.0
209, 73.321043, 664.318874, 36.912471, 204.947505, 4192, 621046.0
210, 74.016348, 664.016963, 37.380364, 236.914520, 4142, 612250.0
211, 72.284441, 664.478237, 36.565673, 190.189939, 4154, 615128.0
212, 72.834798, 664.681580, 37.043812, 218.374436, 4130, 610712.0
213, 72.541360, 663.047032, 37.706335, 241.847460, 4044, 598276.0
214, 73.390894, 663.716280, 38.267481, 215.033178, 4204, 621345.0
215, 72.815426, 664.289447, 36.730504, 199.886500, 4099, 605804.0
216, 69.229721, 662.119368, 37.643407, 185.060670, 4390, 652641.0
217, 70.227005, 663.090304, 37.718326, 177.037721, 4384, 651301.0
218, 69.913408, 663.756458, 36.283258, 189.541711, 4206, 624216.0
219, 74.767661, 664.090243, 36.203270, 251.325571, 4104, 604678.0
220, 72.397370, 663.580288, 38.623767, 196.718873, 4182, 619390.0
221, 72.108432, 663.284804, 37.827235, 212.252268, 4117, 613883.0
222, 70.965218, 663.406305, 37.639459, 199.505988, 4169, 631035.0
223, 71.975516, 664.585803, 36.070729, 192.400086, 4177, 616426.0
224, 69.707079, 662.061390, 38.429243, 180.230563, 4353, 647068.0
225, 71.195971, 662.368981, 38.299343, 177.862184, 4300, 637958.0
226, 69.841932, 662.530930, 38.518395, 160.761895, 4369, 650052.0
227, 70.094262, 664.376273, 35.516141, 202.774923, 4204, 623186.0
228, 71.342209, 664.432689, 37.020845, 188.423280, 4263, 632479.0
229, 72.329518, 663.920649, 36.636873, 195.119238, 4126, 610135.0
230, 69.948465, 663.088677, 36.888835, 199.033073, 4240, 629374.0
231, 76.821273, 664.517991, 36.563675, 238.598360, 4243, 624425.0
232, 71.181993, 663.451682, 38.127757, 181.147423, 4166, 618770.0
233, 71.087423, 662.873725, 37.844291, 165.130760, 4387, 652466.0
234, 69.331361, 663.481111, 36.868922, 186.906992, 4341, 645848.0
235, 71.999674, 663.442797, 37.924169, 184.584223, 4225, 626761.0
236, 69.673605, 663.291416, 38.707080, 177.438927, 4322, 642758.0
237, 69.379907, 664.156693, 37.085505, 187.606865, 4410, 655831.0
238, 69.776692, 662.660400, 37.620720, 183.406869, 4288, 637706.0
239, 72.637106, 664.369302, 37.054690, 177.114911, 4201, 621726.0
240, 68.849439, 662.933412, 37.184575, 188.840140, 4367, 648674.0
241, 69.597756, 663.010488, 37.602180, 179.085016, 4311, 642184.0
242, 68.326777, 662.308685, 38.217107, 163.979146, 4393, 654171.0
243, 71.890610, 663.890223, 37.546707, 199.790213, 4175, 619524.0
244, 69.364808, 664.446781, 36.168597, 178.111935, 4379, 651737.0
245, 67.220817, 661.960307, 37.671566, 170.233483, 4208, 627793.0
246, 68.390483, 662.579887, 37.278971, 169.217405, 4354, 646926.0
247, 70.150813, 664.390618, 36.641081, 176.844840, 4390, 652629.0
248, 71.360167, 663.164157, 36.853541, 225.166861, 4196, 621990.0
249, 70.381062, 664.475251, 37.347229, 177.500832, 4319, 642439.0
250, 70.764581, 663.331092, 36.436287, 172.569326, 4239, 629165.0
251, 69.108306, 662.646189, 37.050395, 223.849852, 4195, 623103.0
252, 72.110134, 664.431760, 36.176151, 208.964254, 4044, 597489.0
253, 69.600132, 664.823085, 36.752363, 186.532962, 4345, 645225.0
254, 69.486834, 663.993708, 37.573272, 183.780369, 4338, 646133.0
255, 69.871021, 662.650082, 37.789331, 197.008961, 4130, 613611.0
256, 72.712203, 663.592910, 36.013238, 216.332442, 4038, 622181.0
257, 73.148954, 662.497093, 38.090883, 193.119398, 4184, 621060.0
258, 69.405135, 663.199075, 36.996126, 172.050492, 4387, 681975.0
259, 69.211489, 662.550974, 38.577553, 181.842654, 4255, 633407.0
260, 69.609079, 663.755025, 37.306378, 185.162651, 4404, 656406.0
261, 73.154374, 664.822225, 37.141015, 233.238705, 4054, 598634.0
262, 71.598879, 663.074629, 37.971795, 167.542786, 4268, 633323.0
263, 69.908524, 664.053475, 36.135069, 181.744404, 4239, 628750.0
264, 70.657767, 662.660284, 37.742462, 161.306904, 4344, 645213.0
265, 66.351547, 663.637971, 37.505872, 184.788226, 4330, 643622.0
266, 69.738639, 663.709075, 37.626303, 193.454324, 4181, 620856.0
267, 69.555043, 662.715706, 37.339830, 203.286181, 4212, 625178.0
268, 73.525459, 663.758193, 36.363337, 255.267370, 4119, 608348.0
269, 68.017778, 662.857060, 37.013223, 172.367779, 4361, 648271.0
270, 71.467996, 662.910663, 37.656471, 210.349462, 4181, 619599.0
271, 73.791690, 664.085606, 37.715222, 217.704839, 4184, 618841.0
272, 70.001904, 663.296261, 37.794943, 179.465118, 4296, 638256.0
273, 69.617811, 663.733571, 37.426262, 188.832721, 4255, 632930.0
274, 68.573378, 662.759071, 38.019404, 174.894864, 4284, 636716.0
275, 70.629280, 665.296933, 36.119660, 198.073416, 4335, 642569.0
276, 69.898388, 663.437462, 37.371208, 189.292869, 4377, 649554.0
277, 70.807133, 664.313597, 36.763879, 185.266259, 4379, 649821.0
278, 70.789425, 663.250971, 37.197983, 190.204687, 4201, 623275.0
279, 67.751033, 662.492122, 37.957659, 164.449943, 4313, 641400.0
280, 73.680407, 663.239978, 36.917933, 228.432621, 4191, 619392.0
281, 72.573975, 662.691031, 38.098808, 188.322462, 4168, 618510.0
282, 70.146623, 662.901809, 37.855159, 166.411952, 4390, 652114.0
283, 73.541742, 665.225598, 36.285511, 217.391021, 3996, 588185.0
284, 72.166035, 663.229798, 37.766104, 201.846396, 4143, 612033.0
285, 71.157499, 662.461327, 37.963458, 194.391314, 4258, 630553.0
286, 69.310459, 663.458108, 37.357832, 191.198499, 4422, 656896.0
287, 69.686568, 662.293946, 38.500769, 183.409338, 4298, 638682.0
288, 70.281124, 663.372921, 37.046856, 189.031811, 4243, 628772.0
289, 69.024455, 661.916339, 38.587698, 164.208599, 4282, 637372.0
290, 71.602561, 663.942945, 37.914332, 191.755364, 4279, 642754.0
291, 70.672230, 662.891920, 37.791239, 175.331944, 4309, 641047.0
292, 71.813987, 663.856116, 36.905174, 188.168885, 4190, 619967.0
293, 69.474942, 664.490516, 37.282033, 181.078282, 4420, 657806.0
294, 70.836325, 663.240350, 37.981647, 188.951621, 4349, 646461.0
295, 67.976485, 663.346507, 37.871154, 171.525987, 4416, 656691.0
296, 69.119215, 663.243087, 38.075173, 168.634916, 4383, 651653.0
297, 70.545658, 663.839627, 36.677990, 221.334206, 4172, 619294.0
298, 69.182646, 663.365383, 36.532227, 194.995613, 4299, 638267.0
299, 72.111747, 664.500515, 36.408341, 207.317151, 4102, 607362.0
300, 70.452760, 662.831824, 37.172675, 165.417601, 4281, 635817.0
301, 70.602005, 664.052167, 37.250746, 163.766849, 4419, 656784.0
302, 69.125782, 662.586047, 37.481366, 167.450012, 4409, 656776.0
303, 69.385856, 663.752302, 37.030144, 191.124250, 4318, 643221.0
304, 69.726390, 663.755542, 36.030096, 211.680522, 4184, 620062.0
305, 69.576257, 663.784636, 36.982244, 159.353633, 4399, 660790.0
306, 70.021364, 663.890485, 37.238836, 178.784366, 4344, 648328.0
307, 71.263891, 663.676725, 36.631716, 196.631550, 4116, 618716.0
308, 70.162238, 664.125588, 36.610007, 181.124389, 4431, 664041.0
309, 69.931932, 664.439056, 36.479061, 171.608576, 4423, 659730.0
310, 70.750049, 663.445869, 37.064308, 176.224374, 4354, 647376.0
311, 70.591459, 663.063098, 38.872365, 203.547099, 4176, 621299.0
312, 70.503054, 662.757721, 37.529967, 205.983072, 4229, 628096.0
313, 67.718515, 663.846436, 36.833590, 194.618944, 4177, 620578.0
314, 71.825672, 663.755860, 37.289038, 197.220859, 4236, 628833.0
315, 71.280395, 663.498655, 38.803773, 182.650331, 4073, 604797.0
316, 74.529343, 664.405383, 36.330195, 220.522829, 4178, 618346.0
317, 72.639798, 663.832674, 37.246636, 219.790995, 4203, 624418.0
318, 71.176914, 664.846570, 36.816703, 219.907009, 4184, 622741.0
319, 69.731154, 663.364974, 36.518456, 199.182930, 4284, 636773.0
320, 74.042601, 665.116191, 36.522942, 223.824511, 4154, 613481.0
321, 72.180284, 664.982884, 36.559140, 177.594464, 4173, 618307.0
322, 71.043309, 662.912986, 38.077826, 175.132769, 4382, 652484.0
323, 74.808284, 664.340191, 36.396974, 251.198289, 4103, 606658.0
324, 72.507084, 662.937888, 37.484302, 217.766369, 4113, 623448.0
325, 69.590055, 664.064222, 36.961637, 205.320154, 4182, 622690.0
326, 74.163726, 664.296061, 36.227100, 227.152064, 4150, 613595.0
327, 73.856262, 663.266141, 37.005833, 230.928311, 4187, 621678.0
328, 69.515152, 663.610469, 37.719889, 180.685081, 4399, 655925.0
329, 69.799935, 664.029464, 35.612156, 205.096386, 4314, 642925.0
330, 71.160845, 665.894118, 34.999781, 207.794800, 4085, 606315.0
331, 70.791791, 664.661482, 36.516491, 194.982909, 4250, 632488.0
332, 69.103683, 662.858018, 38.263307, 169.368236, 4375, 657409.0
333, 69.841540, 664.123688, 37.600208, 187.227178, 4314, 648266.0
334, 68.164240, 662.182443, 37.948528, 180.182344, 4417, 663036.0
335, 69.083783, 663.293312, 37.997418, 176.482992, 4379, 656214.0
336, 69.378507, 662.802515, 38.819707, 181.053358, 4260, 637948.0
337, 69.565489, 663.366186, 38.043762, 173.330850, 4344, 647534.0
338, 71.094999, 663.749439, 38.043897, 184.036182, 4239, 629013.0
339, 72.047243, 663.513889, 38.023548, 181.737654, 4247, 631414.0
340, 73.144882, 665.021681, 35.545548, 221.992894, 4092, 606710.0
341, 67.318764, 662.888234, 37.536821, 174.443021, 4372, 652075.0
342, 68.957094, 661.798722, 37.482742, 180.811481, 4276, 636682.0
343, 72.079867, 663.562492, 36.407186, 200.927920, 4123, 616502.0
344, 71.062632, 664.277709, 36.335085, 195.655311, 4256, 632029.0
345, 71.333541, 664.425654, 36.424666, 195.226061, 4204, 624029.0
346, 69.578449, 663.648428, 37.588435, 181.065540, 4453, 664318.0
347, 71.427830, 663.038529, 38.356735, 176.464856, 4215, 626531.0
348, 72.203675, 664.419551, 36.598411, 203.718576, 4139, 613323.0
349, 68.529356, 662.941033, 37.907768, 160.957759, 4394, 654884.0
350, 73.362451, 663.305085, 37.302711, 205.438163, 4183, 619614.0
351, 70.908960, 661.899048, 38.583197, 179.084953, 4243, 630625.0
352, 69.331818, 662.783203, 37.976535, 173.968208, 4404, 657326.0
353, 69.981048, 662.792271, 38.680357, 194.938391, 4206, 625617.0
354, 68.989368, 663.641119, 37.605946, 183.589554, 4348, 646766.0
355, 69.583927, 663.436227, 38.077546, 172.892658, 4370, 652207.0
356, 70.319103, 663.287084, 38.590417, 173.835018, 4263, 635234.0
357, 69.563675, 662.404403, 38.417620, 167.405360, 4312, 641967.0
358, 66.995233, 662.675361, 36.979333, 172.213063, 4298, 644468.0
359, 70.995238, 663.376556, 38.353744, 182.077541, 4323, 650492.0
360, 69.397775, 662.188992, 37.331118, 197.232069, 4206, 625922.0
361, 70.317642, 662.720414, 37.649530, 203.259048, 4301, 640135.0
362, 72.557165, 664.089915, 38.486002, 201.169662, 4213, 624965.0
363, 71.457913, 664.237045, 36.475217, 219.944631, 4111, 609251.0
364, 70.036391, 664.292374, 37.022679, 184.878678, 4486, 668987.0
365, 67.893038, 661.834301, 37.970679, 175.714998, 4352, 649152.0
366, 69.267756, 664.216518, 36.257146, 162.991228, 4396, 656145.0
367, 70.099560, 664.351828, 36.475316, 201.292492, 4226, 629347.0
368, 71.551611, 663.047116, 38.080014, 182.551596, 4199, 625751.0
369, 70.001347, 663.322555, 36.685650, 200.695466, 4351, 648588.0
370, 73.244325, 663.260404, 37.284982, 201.166321, 4169, 618180.0
371, 71.438149, 664.540656, 37.022034, 195.556854, 4232, 630057.0
372, 69.884988, 663.666857, 36.713837, 184.877699, 4264, 634537.0
373, 67.890105, 663.075561, 37.005521, 173.813577, 4349, 647814.0
374, 73.632639, 665.301565, 37.560798, 205.975903, 4174, 618642.0
375, 73.880286, 664.091784, 36.699006, 221.325270, 4199, 626924.0
376, 68.709367, 664.093370, 37.152356, 187.524963, 4228, 632059.0
377, 69.779044, 664.437682, 37.667664, 181.165282, 4240, 636069.0
378, 72.477854, 663.842342, 36.941102, 212.261251, 4173, 619060.0
379, 72.180576, 663.869262, 37.316565, 200.042763, 4231, 626815.0
380, 70.910699, 663.097639, 37.891068, 185.014091, 4362, 649141.0
381, 69.436543, 662.987608, 38.034447, 212.936667, 4157, 619234.0
382, 70.952819, 663.563888, 37.801003, 178.400407, 4373, 653242.0
383, 70.526263, 663.123660, 37.617528, 187.245823, 4304, 639513.0
384, 71.708777, 663.391579, 37.133173, 185.965531, 4217, 624936.0
385, 70.978127, 664.022334, 37.565792, 191.997625, 4162, 617834.0
386, 73.040044, 664.103544, 36.736224, 213.450035, 4092, 603529.0
387, 72.977262, 661.926716, 38.108821, 207.587645, 4215, 624722.0
388, 69.700304, 662.851125, 36.956653, 197.606309, 4197, 622874.0
389, 73.358494, 664.226220, 36.502969, 226.044567, 4189, 618847.0
390, 75.111231, 664.710653, 36.902708, 211.158020, 4189, 617846.0
391, 72.971632, 664.289046, 36.655580, 247.380199, 4093, 606120.0
392, 71.236126, 663.091280, 37.199237, 188.993072, 4176, 622051.0
393, 73.636657, 663.517363, 36.843416, 221.559578, 4195, 647421.0
394, 71.725658, 662.493280, 37.070166, 202.496536, 4145, 616677.0
395, 70.347588, 661.827268, 38.116937, 204.606739, 4148, 618098.0
396, 74.608913, 664.682299, 37.676882, 206.486482, 4168, 617793.0
397, 71.510479, 662.889028, 37.111740, 218.424156, 4152, 618660.0
398, 72.429238, 663.093838, 37.355614, 206.194962, 4195, 624281.0
399, 73.678848, 663.747133, 37.574873, 216.873480, 4136, 614658.0
400, 73.149285, 662.496111, 37.628085, 203.700064, 4199, 625800.0
401, 70.266128, 664.338612, 36.514539, 189.015018, 4366, 651559.0
402, 71.144136, 663.049394, 37.570074, 194.576978, 4226, 630349.0
403, 73.969602, 664.884793, 37.627426, 213.648786, 4182, 621768.0
404, 71.244758, 664.287545, 38.008186, 195.953079, 4298, 641794.0
405, 73.253432, 663.203086, 37.539012, 207.733002, 4174, 619714.0
406, 70.756793, 662.350297, 38.324400, 188.342944, 4322, 645731.0
407, 74.163240, 663.898923, 37.680019, 213.069405, 4197, 623559.0
408, 71.173751, 662.686887, 38.117584, 183.313328, 4384, 660008.0
409, 71.485774, 664.503680, 37.387519, 201.579955, 4111, 611757.0
410, 69.748658, 664.136433, 36.622219, 217.788446, 4265, 633952.0
411, 73.936308, 663.163185, 37.886782, 205.957159, 4254, 628582.0
412, 74.204727, 663.255269, 38.375857, 227.825622, 4236, 631883.0
413, 73.656456, 661.640788, 38.655183, 200.880270, 4176, 619117.0
414, 71.102067, 663.920477, 37.886261, 219.884571, 4091, 605616.0
415, 74.520174, 663.445961, 37.369426, 222.097400, 4143, 610597.0
416, 69.617146, 662.373027, 36.607776, 192.002133, 4178, 619722.0
417, 71.526502, 663.205558, 37.155358, 205.649593, 4125, 611087.0
418, 71.720874, 663.762387, 36.092280, 205.073647, 4172, 617605.0
419, 72.877304, 661.075385, 39.064322, 187.483289, 4225, 627330.0
420, 69.875720, 663.856068, 37.377456, 196.258998, 4273, 634740.0
421, 71.431369, 663.253032, 39.120157, 192.181289, 4214, 625285.0
422, 67.701150, 663.158397, 37.305401, 187.286346, 4230, 628670.0
423, 72.081903, 664.100249, 37.347670, 212.728846, 4157, 615106.0
424, 72.339467, 662.780474, 37.520424, 201.410525, 4203, 623043.0
425, 72.218535, 663.947027, 37.727914, 214.981781, 4089, 604929.0
426, 71.377473, 663.138354, 36.997362, 191.251995, 4217, 626105.0
427, 71.758804, 664.117422, 37.558038, 198.980674, 4254, 647235.0
428, 72.400704, 662.991182, 37.366514, 206.499753, 4193, 622214.0
429, 74.346740, 664.633023, 36.176944, 233.875294, 4191, 619240.0
430, 70.250044, 663.293093, 37.089534, 185.510867, 4335, 645459.0
431, 71.190774, 663.673791, 36.621876, 196.796445, 4195, 623944.0
432, 72.284273, 663.539439, 37.866051, 181.255956, 4250, 631690.0
433, 68.707964, 662.229320, 37.389001, 184.601768, 4266, 636796.0
434, 70.814408, 662.802403, 36.945884, 182.916853, 4231, 629094.0
435, 70.478638, 663.113878, 37.798947, 186.153994, 4343, 645617.0
436, 70.922564, 663.260230, 36.696225, 189.266239, 4165, 618948.0
437, 70.653660, 664.414448, 37.519790, 177.393916, 4354, 647886.0
438, 70.211960, 664.093681, 36.978104, 173.768699, 4380, 652146.0
439, 68.829039, 663.436261, 37.334496, 171.777968, 4327, 643996.0
440, 72.150257, 662.759273, 37.804104, 209.452666, 4091, 607463.0
441, 71.561987, 663.977216, 35.629015, 194.028698, 4250, 630381.0
442, 70.992135, 663.419089, 37.558356, 183.048280, 4353, 647908.0
443, 71.217999, 662.887830, 37.470331, 196.795748, 4184, 621071.0
444, 70.082585, 662.568488, 37.664062, 184.043734, 4256, 637544.0
445, 68.293193, 662.524108, 38.491156, 170.969818, 4347, 649015.0
446, 71.685024, 664.044077, 36.817381, 209.773607, 4021, 600012.0
447, 72.844940, 663.310402, 37.507221, 205.512174, 4170, 618292.0
448, 71.123553, 663.291744, 37.494304, 197.661440, 4136, 613596.0
449, 71.282084, 665.554783, 36.363113, 198.364440, 4134, 611991.0
450, 71.529138, 663.362394, 37.490325, 207.582321, 4144, 615249.0
451, 71.633598, 662.976241, 37.637798, 194.992307, 4208, 625467.0
452, 70.021773, 662.065056, 37.626024, 174.156759, 4358, 648463.0
453, 68.233316, 662.632292, 37.430062, 179.354168, 4309, 642317.0
454, 67.736866, 662.233502, 38.382034, 179.169709, 4299, 640885.0
455, 71.396444, 663.772802, 37.648428, 180.069099, 4183, 622268.0
456, 71.969391, 664.146124, 36.355073, 204.447527, 4231, 628046.0
457, 73.599863, 663.800561, 38.101513, 201.750941, 4243, 627980.0
458, 68.240926, 663.450645, 37.535773, 188.679501, 4291, 638361.0
459, 71.390632, 663.174610, 37.721791, 186.189044, 4303, 640568.0
460, 73.580122, 665.171344, 37.664041, 211.883648, 4227, 626474.0
461, 71.788549, 664.092878, 37.382170, 190.964899, 4135, 616615.0
462, 70.195639, 663.233480, 36.538271, 177.459123, 4400, 678321.0
463, 72.993443, 663.789795, 37.138360, 199.669993, 4153, 616398.0
464, 72.850105, 664.834087, 36.418994, 202.362802, 4084, 602900.0
465, 70.632284, 662.605327, 38.002672, 202.099937, 4300, 639205.0
466, 70.953659, 662.900552, 37.518499, 188.742990, 4190, 623166.0
467, 68.818448, 663.611824, 36.934277, 184.220391, 4307, 648914.0
468, 69.589896, 663.343931, 38.440248, 169.864590, 4309, 647730.0
469, 69.697943, 664.203228, 36.064320, 203.771067, 4189, 625905.0
470, 71.716433, 664.873252, 36.074115, 188.082193, 4167, 619517.0
471, 71.569749, 662.532004, 38.484282, 177.527182, 4185, 622938.0
472, 69.619368, 661.876030, 37.768386, 181.754708, 4188, 622434.0
473, 72.679710, 663.550637, 38.144756, 197.925996, 4220, 624115.0
474, 69.915419, 663.101021, 37.471609, 173.750891, 4355, 648952.0
475, 68.703306, 662.704435, 36.812816, 189.515842, 4278, 637428.0
476, 70.499789, 661.831547, 37.672956, 198.131976, 4405, 656253.0
477, 69.647137, 663.273110, 37.528816, 196.434052, 4264, 636137.0
478, 70.309155, 662.946228, 37.161706, 191.009553, 4310, 641979.0
479, 72.417958, 663.388457, 37.558504, 193.275053, 4191, 622973.0
480, 70.110501, 663.017050, 37.585611, 189.566651, 4131, 614710.0
481, 69.702057, 662.632007, 37.373658, 203.283168, 4153, 616743.0
482, 69.670195, 663.030031, 36.613647, 186.977868, 4358, 648107.0
483, 69.849071, 664.330360, 37.068179, 192.089648, 4274, 635909.0
484, 68.386272, 663.154063, 38.670981, 153.530199, 4405, 656866.0
485, 70.573718, 661.618660, 38.169142, 211.877734, 4245, 631299.0
486, 69.401791, 663.789185, 36.837020, 163.850974, 4406, 656099.0
487, 69.663754, 664.463787, 36.587492, 183.995973, 4331, 643964.0
488, 71.193066, 663.718055, 37.067442, 189.817239, 4171, 618832.0
489, 71.279879, 663.531266, 37.535252, 175.374530, 4368, 650576.0
490, 71.174745, 663.254816, 37.835357, 193.990944, 4147, 616617.0
491, 74.086534, 664.571133, 36.839920, 239.556842, 4143, 613788.0
492, 71.652346, 663.811918, 36.917644, 207.763009, 4128, 612289.0
493, 68.515867, 662.711837, 37.692349, 191.666143, 4353, 648150.0
494, 70.806664, 663.813089, 37.333150, 185.724598, 4343, 647630.0
495, 72.044759, 662.894557, 37.667273, 207.750750, 4183, 622386.0
496, 68.556354, 662.417716, 37.586361, 201.507507, 4307, 653382.0
497, 72.191646, 662.435091, 37.733676, 215.788796, 4067, 602059.0
498, 73.681535, 664.482223, 37.255964, 212.284711, 4196, 621388.0
499, 74.152435, 664.352087, 36.380441, 239.702419, 4103, 604753.0
500, 71.912164, 663.171509, 37.387455, 194.160613, 4175, 619948.0
501, 68.723806, 663.196270, 37.343491, 182.855938, 4364, 648552.0
502, 71.449889, 664.713059, 35.634495, 172.762375, 4230, 627464.0
503, 68.915894, 663.283202, 37.941179, 176.548933, 4309, 643448.0
504, 73.936890, 665.460040, 36.394282, 229.306092, 4127, 609986.0
505, 68.766039, 664.273622, 37.847082, 165.520734, 4322, 649704.0
506, 72.681776, 663.738520, 37.512788, 202.823949, 4221, 623366.0
507, 72.425302, 666.085290, 35.000407, 202.929084, 4116, 604986.0
508, 70.779812, 664.063621, 37.542368, 201.048893, 4111, 608983.0
509, 72.293522, 663.249954, 37.729869, 206.952860, 4219, 628245.0
510, 68.482519, 664.696504, 36.665593, 170.279906, 4374, 652689.0
511, 71.811218, 663.665982, 36.947538, 189.711077, 4161, 615902.0
512, 73.179780, 662.155917, 37.852836, 230.169900, 4070, 602830.0
513, 73.548558, 663.317340, 37.078262, 202.455836, 4179, 628643.0
514, 71.714808, 664.546346, 36.587684, 214.502751, 4063, 601399.0
515, 72.240866, 663.121691, 37.524085, 188.278985, 4077, 603428.0
516, 74.247608, 663.973862, 36.846107, 228.290431, 4172, 617557.0
517, 70.866913, 662.622429, 37.507333, 198.393424, 4270, 633155.0
518, 68.868056, 663.408056, 37.317840, 173.817562, 4359, 649466.0
519, 68.964808, 664.622974, 36.227040, 180.090848, 4298, 639793.0
520, 73.473937, 662.599775, 38.253422, 228.770205, 4129, 611227.0
521, 69.750135, 663.380760, 37.737372, 180.882514, 4280, 636701.0
522, 70.111214, 663.506592, 37.241517, 194.795625, 4316, 641817.0
523, 72.712431, 665.578328, 35.161708, 213.834351, 4015, 597226.0
524, 71.578301, 663.782303, 37.677973, 193.053831, 4227, 630040.0
525, 71.901283, 663.105106, 37.776847, 207.124088, 4184, 623847.0
526, 71.428216, 663.573680, 38.175835, 170.000723, 4347, 648886.0
527, 71.990691, 663.850250, 36.959306, 177.664824, 4269, 634820.0
528, 69.693537, 663.398413, 36.594856, 184.607609, 4359, 649974.0
529, 72.070087, 663.827177, 37.082957, 197.861821, 4075, 606756.0
530, 68.819360, 663.496040, 36.479345, 181.855402, 4302, 642389.0
531, 73.047869, 664.615794, 35.836807, 236.399336, 4124, 611258.0
532, 72.325531, 664.520011, 37.207861, 208.762286, 4167, 618972.0
533, 71.997614, 665.477019, 35.110494, 219.664176, 4059, 601619.0
534, 68.072395, 663.736483, 36.492695, 162.490488, 4361, 674819.0
535, 70.440112, 663.311278, 37.026197, 184.914642, 4309, 641594.0
536, 69.758329, 662.680656, 38.536573, 190.945811, 4252, 632168.0
537, 70.875932, 662.463587, 38.107790, 187.785227, 4333, 644361.0
538, 69.195860, 662.553970, 37.172529, 180.276234, 4416, 657204.0
539, 73.042177, 662.945273, 37.748682, 238.051215, 4043, 597059.0
540, 69.231012, 663.494699, 37.497759, 175.783919, 4375, 651835.0
541, 71.718663, 663.026896, 38.084283, 188.719176, 4185, 643896.0
542, 69.749093, 662.692180, 38.560847, 181.348734, 4363, 652458.0
543, 71.019638, 663.937023, 36.647621, 223.608797, 4231, 639750.0
544, 70.537266, 663.790975, 37.882046, 188.238137, 4321, 645300.0
545, 68.970435, 663.360711, 37.404010, 174.572042, 4363, 651183.0
546, 69.676410, 662.960204, 36.450165, 212.913665, 4129, 613703.0
547, 70.949289, 663.638835, 37.927226, 177.097711, 4416, 657833.0
548, 69.839561, 664.704763, 36.411328, 210.599527, 4247, 630143.0
549, 71.252676, 663.715256, 37.088146, 187.007656, 4393, 660999.0
550, 70.357759, 663.230051, 37.593036, 212.080433, 4196, 620944.0
551, 71.004363, 663.662090, 37.135781, 179.755449, 4284, 635675.0
552, 69.203729, 663.219229, 37.446769, 188.303639, 4350, 646779.0
553, 72.259574, 663.948946, 37.340840, 192.112707, 4088, 608294.0
554, 72.146227, 663.216487, 37.864337, 192.257550, 4158, 616438.0
555, 70.610855, 663.532708, 38.526516, 181.127099, 4331, 644748.0
556, 70.973506, 662.518034, 37.338592, 189.428336, 4298, 639748.0
557, 70.018877, 663.713454, 37.420700, 189.992070, 4336, 644994.0
558, 71.706036, 663.861818, 36.429555, 220.179128, 4074, 603044.0
559, 71.154684, 664.628770, 37.072144, 222.447515, 4158, 615162.0
560, 69.378654, 665.083328, 36.674076, 196.532067, 4391, 651604.0
561, 72.795968, 665.389618, 36.462171, 193.536236, 4224, 623473.0
562, 70.325642, 662.406524, 38.635189, 202.226325, 4279, 636716.0
563, 69.982384, 663.456685, 36.595139, 183.999100, 4388, 652545.0
564, 73.955565, 663.857909, 37.754439, 226.549731, 4170, 617577.0
565, 71.516262, 663.847771, 37.779021, 185.116099, 4241, 644165.0
566, 69.825637, 663.354894, 37.487623, 193.895268, 4389, 652426.0
567, 67.972955, 662.766864, 38.287333, 165.297817, 4325, 645555.0
568, 74.625533, 663.284790, 36.967637, 228.875924, 4197, 619823.0
569, 71.468067, 662.237569, 38.297556, 204.168279, 4272, 635246.0
570, 70.746738, 663.650639, 36.463665, 169.140748, 4447, 662599.0
571, 73.681273, 665.201931, 36.152791, 206.554093, 4151, 611773.0
572, 71.268252, 662.985305, 37.689543, 212.002595, 4022, 595890.0
573, 70.345999, 663.976407, 37.561707, 163.977529, 4345, 652202.0
574, 70.435376, 663.373386, 36.148475, 185.290748, 4200, 623514.0
575, 71.776027, 663.173454, 38.494176, 186.604823, 4281, 636618.0
576, 74.056201, 662.092139, 38.758531, 227.869928, 4127, 611881.0
577, 72.627277, 661.789939, 38.662837, 208.483769, 4141, 618669.0
578, 70.334075, 662.382714, 38.190963, 187.475206, 4278, 641011.0
579, 71.380762, 662.600245, 37.598696, 191.080429, 4172, 622669.0
580, 75.218715, 665.731418, 35.419630, 241.182854, 4182, 622873.0
581, 69.137654, 664.191911, 37.181196, 185.920309, 4367, 654092.0
582, 75.221299, 663.342284, 37.253618, 219.890786, 4139, 610049.0
583, 73.808616, 664.431327, 36.797845, 203.459811, 4215, 625004.0
584, 70.554844, 662.918227, 38.249242, 200.735492, 4171, 628588.0
585, 69.777107, 663.409075, 36.971138, 174.413033, 4389, 654827.0
586, 72.037048, 662.675440, 37.950006, 192.814248, 4153, 627095.0
587, 74.277021, 663.494720, 37.457530, 203.004872, 4113, 618751.0
588, 70.823433, 664.931945, 36.942142, 202.731562, 4041, 602917.0
589, 68.447879, 662.460932, 38.236702, 177.872600, 4256, 636083.0
590, 71.171771, 661.770528, 38.103537, 211.250656, 4034, 599710.0
591, 68.792561, 662.835535, 38.025222, 196.879900, 4304, 640529.0
592, 72.377819, 663.157824, 37.788499, 215.408862, 4179, 626065.0
593, 69.814717, 663.543099, 37.823537, 185.307921, 4405, 662648.0
594, 72.340790, 663.974803, 36.323501, 210.129412, 4122, 617775.0
595, 69.486669, 662.559336, 37.980380, 190.122251, 4246, 638740.0
596, 72.459586, 665.133826, 35.462718, 222.696724, 4020, 595266.0
597, 68.915634, 663.044901, 38.270783, 161.941324, 4327, 645624.0
598, 68.805502, 662.906463, 37.786810, 171.447040, 4417, 658381.0
599, 72.874713, 663.980047, 36.412868, 199.621059, 4185, 624895.0
600, 71.579808, 662.970172, 37.767512, 192.900865, 4112, 616316.0
601, 70.157011, 661.694825, 37.574457, 210.893519, 4165, 624634.0
602, 71.059329, 663.308117, 37.022221, 189.385673, 4196, 626817.0
603, 68.953278, 664.425261, 36.270121, 174.518591, 4307, 646832.0
604, 73.151228, 663.419805, 37.435623, 196.923807, 4179, 621187.0
605, 76.151045, 665.479923, 35.919341, 235.550057, 4122, 607687.0
606, 69.555376, 662.442779, 37.314643, 181.858272, 4326, 643516.0
607, 71.138171, 663.893870, 36.290235, 170.483280, 4327, 641391.0
608, 71.738979, 663.901297, 36.442756, 206.387870, 4093, 608848.0
609, 70.998289, 663.390947, 37.867705, 201.280023, 4357, 647981.0
610, 71.942012, 662.677037, 38.675570, 203.427962, 4215, 624700.0
611, 70.584414, 664.122450, 36.110050, 188.176951, 4173, 619293.0
612, 74.563265, 664.204729, 36.612129, 236.625525, 4056, 599421.0
613, 70.961920, 662.982257, 36.766400, 210.034319, 4184, 621315.0
614, 68.507820, 662.625845, 38.189031, 172.203239, 4371, 651306.0
615, 71.888060, 662.484578, 37.405555, 206.485087, 4126, 612058.0
616, 67.905167, 663.741770, 36.422879, 173.140802, 4225, 627250.0
617, 71.073089, 664.108209, 37.134093, 194.103414, 4252, 629889.0
618, 71.318772, 663.369245, 37.977417, 180.930877, 4339, 645080.0
619, 69.332839, 662.125741, 38.548893, 177.869323, 4356, 648913.0
620, 67.286823, 662.900302, 37.301083, 185.918951, 4171, 621611.0
621, 70.890001, 663.601911, 38.028251, 169.795672, 4352, 648048.0
622, 70.299822, 662.824178, 36.594037, 189.671177, 4217, 625798.0
623, 71.420799, 663.117891, 38.267618, 211.545965, 4185, 625291.0
624, 69.235940, 662.760781, 36.874724, 181.994158, 4297, 643326.0
625, 68.766182, 662.644891, 38.114583, 176.205276, 4322, 648599.0
626, 72.975548, 663.456515, 37.766515, 228.560772, 4138, 616237.0
627, 72.836421, 664.295257, 37.099469, 202.439181, 4118, 614004.0
628, 68.563687, 663.746523, 38.186438, 190.550227, 4305, 640797.0
629, 71.828595, 664.045165, 37.072384, 186.841185, 4253, 630577.0
630, 68.684613, 663.007064, 37.717838, 164.829993, 4432, 660419.0
631, 69.724947, 662.669463, 38.366498, 164.104247, 4336, 649795.0
632, 67.161185, 662.759110, 38.195663, 169.860120, 4250, 636603.0
633, 72.015121, 665.046785, 35.843714, 182.381721, 4159, 637123.0
634, 72.016262, 663.713197, 37.837848, 206.221956, 4129, 616385.0
635, 69.331672, 662.957954, 37.080146, 196.875917, 4266, 641379.0
636, 70.761778, 663.986125, 37.016677, 194.661481, 4022, 596146.0
637, 69.806920, 662.641112, 37.488139, 188.415094, 4374, 652355.0
638, 72.071860, 664.006892, 37.504975, 233.046013, 4045, 600378.0
639, 69.695858, 664.559682, 37.109304, 176.100424, 4296, 645301.0
640, 70.969776, 662.806012, 38.408151, 185.343679, 4319, 646846.0
641, 68.538867, 663.779860, 37.649781, 165.243307, 4404, 662260.0
642, 69.314878, 663.044824, 37.514875, 176.979701, 4330, 650291.0
643, 67.977556, 662.654377, 37.927334, 175.456736, 4193, 629444.0
644, 70.895598, 661.693981, 38.737753, 195.413646, 4236, 631389.0
645, 70.947652, 662.798563, 38.263730, 180.336546, 4278, 638664.0
646, 69.068209, 661.668378, 38.798678, 175.118383, 4348, 649042.0
647, 69.699223, 662.913661, 36.846228, 190.875008, 4166, 623088.0
648, 69.212805, 662.202649, 37.612068, 185.505360, 4388, 658556.0
649, 74.467943, 663.993105, 37.442778, 215.689048, 4170, 617046.0
650, 69.682460, 663.936030, 37.246489, 172.946202, 4355, 651795.0
651, 67.102925, 663.579294, 36.930321, 169.728939, 4294, 644463.0
652, 69.984152, 664.345408, 36.729465, 178.857384, 4332, 644067.0
653, 68.859110, 663.195806, 37.685572, 161.663840, 4415, 658129.0
654, 72.322270, 662.651206, 38.455593, 192.704036, 4152, 620438.0
655, 67.773916, 663.139768, 36.833626, 183.860200, 4240, 634758.0
656, 70.755351, 662.941316, 37.380024, 186.853503, 4130, 618456.0
657, 71.875060, 664.607952, 37.266238, 197.416529, 4237, 633030.0
658, 72.571098, 664.286216, 36.924812, 211.745089, 4170, 621406.0
659, 69.823627, 662.462807, 38.159046, 177.069533, 4322, 648534.0
660, 68.896655, 663.400223, 37.441487, 189.524211, 4357, 649542.0
661, 73.906124, 663.894450, 38.465171, 234.927848, 4171, 618093.0
662, 70.337109, 665.178562, 36.460704, 170.512684, 4364, 649514.0
663, 71.532878, 663.745829, 37.508687, 181.843442, 4312, 644543.0
664, 69.839746, 662.987744, 38.504696, 174.675951, 4345, 650208.0
665, 69.092699, 662.531323, 37.951056, 179.540836, 4372, 655589.0
666, 69.755247, 663.128819, 37.205488, 182.744715, 4292, 637822.0
667, 74.181016, 664.203084, 35.870727, 231.661366, 4162, 627713.0
668, 71.286010, 662.908258, 37.908914, 175.690998, 4280, 640215.0
669, 70.196416, 664.226571, 37.161260, 184.357916, 4415, 655896.0
670, 70.472083, 664.605978, 36.756034, 176.172917, 4378, 652495.0
671, 70.923589, 664.553013, 36.717564, 193.855406, 4218, 627710.0
672, 68.796655, 663.234391, 37.612294, 183.707465, 4268, 634726.0
673, 70.378575, 664.629700, 36.680135, 178.468789, 4306, 640163.0
674, 68.079526, 662.455197, 37.382181, 178.407165, 4274, 640976.0
675, 71.179058, 664.387608, 37.078247, 190.264992, 4296, 648798.0
676, 71.710453, 662.614857, 37.206341, 184.467919, 4006, 602727.0
677, 70.839376, 663.710363, 37.500582, 182.369280, 4287, 636906.0
678, 67.677567, 662.568309, 37.632372, 176.972003, 4259, 633479.0
679, 68.671731, 665.203431, 34.852626, 175.817119, 4376, 650499.0
680, 67.664801, 662.485282, 37.829612, 176.057871, 4261, 656600.0
681, 66.583784, 663.243416, 37.807928, 182.488641, 4309, 652154.0
682, 66.548014, 662.869061, 37.095788, 158.769614, 4297, 649885.0
683, 70.035756, 664.069176, 36.959007, 174.424872, 4416, 663532.0
684, 66.550001, 663.681399, 37.539608, 160.639158, 4278, 644290.0
685, 69.983745, 662.387968, 38.667147, 171.668602, 4354, 658992.0
686, 69.051931, 662.528129, 38.274872, 160.045371, 4374, 651842.0
687, 69.802358, 663.146769, 37.503897, 179.904922, 4371, 650054.0
688, 71.549324, 663.515011, 38.319398, 196.493297, 4147, 615915.0
689, 66.681001, 663.582674, 36.810968, 171.665466, 4296, 649605.0
690, 69.189155, 662.682202, 37.711111, 176.900607, 4310, 645439.0
691, 69.544744, 662.924761, 36.948634, 177.575640, 4381, 661749.0
692, 68.849091, 663.483966, 36.920892, 171.295305, 4420, 668362.0
693, 69.668964, 663.214403, 37.274946, 184.206531, 4357, 657870.0
694, 71.921538, 663.123620, 38.077406, 199.711976, 4222, 635770.0
695, 72.294542, 664.159964, 36.813423, 213.467960, 4032, 595552.0
696, 69.514419, 663.905048, 37.365217, 199.067607, 4258, 632706.0
697, 69.063034, 662.819946, 36.994803, 172.348014, 4345, 646202.0
698, 70.013437, 663.065124, 36.751177, 202.472914, 4166, 622603.0
699, 70.957843, 664.447941, 36.918808, 179.091560, 4273, 646682.0
700, 73.332530, 663.481084, 37.288589, 206.646415, 4247, 631672.0
701, 73.776393, 663.654284, 37.891545, 190.618047, 4245, 655772.0
702, 72.244645, 662.226570, 38.401745, 177.634459, 4236, 635236.0
703, 68.859851, 662.780811, 37.702986, 179.862723, 4298, 639356.0
704, 72.812206, 663.552097, 37.639073, 209.730467, 4135, 613251.0
705, 70.482652, 662.327434, 37.800343, 176.218643, 4364, 652247.0
706, 69.612274, 664.656542, 35.848285, 191.455243, 4319, 641718.0
707, 71.237039, 662.907764, 38.182573, 217.794001, 4003, 593681.0
708, 70.391970, 663.152540, 37.683109, 173.305875, 4303, 640361.0
709, 69.640175, 663.701660, 36.656513, 198.158979, 4295, 643708.0
710, 67.810692, 663.495008, 37.373480, 178.942665, 4215, 632761.0
711, 69.759838, 663.542049, 37.271697, 193.870631, 4320, 646088.0
712, 70.346435, 663.953635, 37.504229, 187.801600, 4287, 638246.0
713, 69.613159, 664.082885, 36.992835, 174.699105, 4408, 655621.0
714, 69.708466, 663.522426, 37.578315, 193.297950, 4233, 634471.0
715, 73.315075, 663.619465, 37.282602, 218.338833, 4192, 623607.0
716, 71.034387, 664.332462, 36.906968, 193.033587, 4260, 636978.0
717, 69.750229, 663.017456, 39.008616, 176.653024, 4284, 638171.0
718, 68.527836, 663.040812, 36.817648, 187.216594, 4288, 638010.0
719, 67.627918, 662.637338, 37.398753, 194.226373, 4188, 622840.0
720, 68.744466, 663.878334, 36.748228, 175.414009, 4274, 635402.0
721, 71.599527, 664.048604, 37.213458, 203.002194, 4140, 613266.0
722, 70.453988, 663.206080, 37.636901, 205.973973, 4221, 627635.0
723, 70.895059, 662.693890, 38.208846, 191.335130, 4321, 642638.0
724, 68.546448, 663.700358, 36.714376, 180.283391, 4390, 656893.0
725, 67.052442, 662.119975, 38.361774, 186.458389, 4215, 632023.0
726, 69.094963, 662.821066, 37.227176, 184.662306, 4394, 656408.0
727, 67.487059, 662.412663, 37.922406, 167.831519, 4335, 645492.0
728, 69.449488, 663.010244, 37.719673, 175.780878, 4392, 654785.0
729, 69.512107, 664.563410, 37.589447, 167.745843, 4324, 646869.0
730, 71.527688, 663.022682, 37.029758, 199.262341, 4130, 612940.0
731, 71.027021, 663.195330, 36.921387, 194.234437, 4094, 607380.0
732, 71.981225, 662.625416, 38.011473, 180.290093, 4188, 621466.0
733, 68.881574, 662.657644, 36.936574, 175.646787, 4390, 654736.0
734, 72.795595, 664.824010, 36.138485, 208.576772, 3997, 589571.0
735, 69.155255, 662.837302, 37.953338, 169.539054, 4437, 683784.0
736, 67.776610, 663.274162, 38.106108, 157.514497, 4432, 664694.0
737, 70.125567, 663.122964, 37.890317, 188.547638, 4293, 672496.0
738, 67.655873, 663.881245, 36.541281, 170.292976, 4349, 648991.0
739, 69.704158, 663.702611, 37.086270, 204.880293, 4285, 637970.0
740, 67.270078, 664.182897, 37.350796, 167.505198, 4334, 646480.0
741, 70.018127, 664.509805, 36.592132, 186.858034, 4217, 625780.0
742, 67.385629, 663.343037, 37.830161, 153.373624, 4367, 649903.0
743, 70.243977, 663.750184, 37.175008, 184.038719, 4340, 646147.0
744, 70.505772, 663.634138, 37.145429, 187.109375, 4342, 645417.0
745, 68.866148, 662.540294, 37.740645, 164.284674, 4450, 662468.0
746, 70.206097, 663.379103, 37.530954, 184.263408, 4363, 647603.0
747, 69.732310, 663.802327, 36.861880, 181.709105, 4305, 639475.0
748, 68.592666, 663.031618, 37.687092, 167.856998, 4324, 643961.0
749, 68.043595, 663.023422, 37.971954, 156.289777, 4306, 640820.0
750, 68.558592, 663.399560, 37.986314, 171.259969, 4403, 655185.0
751, 69.115297, 663.476434, 38.121541, 172.632223, 4403, 654276.0
752, 67.575393, 663.025510, 37.469623, 160.090569, 4278, 659317.0
753, 69.159845, 663.722658, 36.455201, 167.170662, 4331, 644555.0
754, 67.162249, 661.762065, 37.774437, 167.773773, 4238, 635154.0
755, 67.266737, 663.011740, 37.263157, 157.601863, 4308, 645865.0
756, 67.902697, 662.288925, 37.319417, 170.112968, 4370, 650377.0
757, 68.565554, 662.890903, 37.788631, 177.713309, 4322, 642049.0
758, 68.402269, 665.376513, 35.979897, 162.933471, 4342, 645730.0
759, 67.324205, 664.098287, 36.135904, 168.750705, 4291, 636957.0
760, 69.081968, 664.502340, 36.374909, 185.297796, 4372, 650773.0
761, 68.142153, 662.971471, 37.234423, 168.424532, 4369, 652206.0
762, 70.341810, 664.222124, 36.946317, 181.576107, 4421, 659578.0
763, 72.244291, 663.723855, 37.223507, 191.558695, 4175, 619060.0
764, 69.070329, 663.063846, 38.327927, 159.527247, 4431, 661223.0
765, 71.618768, 665.331157, 36.697555, 189.501733, 4211, 623836.0
766, 70.015736, 662.332629, 38.442536, 175.019844, 4332, 645506.0
767, 70.263007, 664.015170, 37.190684, 192.251972, 4344, 650909.0
768, 69.049904, 663.375198, 37.561420, 165.376331, 4327, 645394.0
769, 70.441418, 662.635642, 37.096671, 200.588271, 4192, 650808.0
770, 68.700363, 663.156430, 37.931644, 185.387279, 4272, 635188.0
771, 68.373348, 663.810678, 36.929724, 168.108155, 4316, 641880.0
772, 68.835268, 663.311458, 38.267274, 181.133569, 4314, 641144.0
773, 71.882092, 664.309013, 36.136974, 198.647318, 4136, 612941.0
774, 70.300623, 662.894468, 37.940998, 185.449758, 4329, 645821.0
775, 68.011220, 662.561684, 38.261901, 170.645859, 4362, 657004.0
776, 70.025097, 664.469665, 37.608692, 169.916031, 4371, 651865.0
777, 70.384555, 661.884734, 37.722932, 201.451054, 4198, 625755.0
778, 68.894590, 663.043486, 37.113874, 170.723048, 4338, 649467.0
779, 71.704521, 663.313364, 37.309757, 186.238887, 4175, 623162.0
780, 69.040614, 662.962060, 37.336401, 169.009852, 4425, 660744.0
781, 71.034421, 663.427915, 37.435882, 198.637979, 4344, 646718.0
782, 71.513348, 663.630197, 37.320443, 164.167164, 4261, 633739.0
783, 71.513914, 664.230554, 36.843866, 198.612988, 4209, 626063.0
784, 67.566664, 662.813937, 38.983180, 165.501343, 4370, 654276.0
785, 68.135692, 663.335110, 36.442243, 182.576520, 4293, 638174.0
786, 67.827439, 663.025486, 36.889182, 159.550858, 4388, 652203.0
787, 71.183508, 662.717730, 37.320608, 194.827939, 4061, 599980.0
788, 68.287519, 664.042766, 37.289606, 172.903943, 4327, 643771.0
789, 68.749950, 663.293611, 36.571717, 168.055036, 4368, 649525.0
790, 68.429760, 663.623195, 38.424795, 159.939413, 4391, 654025.0
791, 67.438720, 663.922547, 36.518386, 165.646822, 4294, 637819.0
792, 69.293692, 662.671025, 37.087059, 179.437692, 4369, 650796.0
793, 69.158229, 662.306865, 37.569371, 169.038762, 4278, 635740.0
794, 66.672193, 663.174561, 37.449274, 153.162423, 4277, 634868.0
795, 69.704142, 662.263614, 38.554760, 190.320325, 4326, 643255.0
796, 70.842970, 663.002918, 38.008578, 193.389675, 4311, 640040.0
797, 68.692542, 663.836836, 37.847792, 159.701434, 4408, 661380.0
798, 67.436955, 662.797544, 37.882009, 160.301009, 4365, 649646.0
799, 69.770531, 664.428124, 37.111484, 171.743559, 4402, 654944.0
800, 68.479674, 663.833371, 35.830344, 181.844855, 4380, 650874.0
801, 69.383688, 663.207285, 38.157321, 156.433311, 4418, 657800.0
802, 66.463099, 662.382723, 36.647675, 164.623057, 4307, 639209.0
803, 72.503976, 664.147344, 37.152484, 207.981458, 4174, 627020.0
804, 71.014910, 664.504621, 36.479935, 199.348654, 4226, 629343.0
805, 71.294757, 663.036528, 37.217984, 188.944647, 4369, 651031.0
806, 68.594221, 662.934417, 36.692355, 188.032196, 4214, 628824.0
807, 70.032886, 664.059544, 35.920685, 195.604481, 4282, 638692.0
808, 70.160527, 664.000902, 36.905966, 171.493593, 4360, 651345.0
809, 70.300041, 663.740099, 37.257765, 186.299508, 4302, 640476.0
810, 67.313813, 662.632152, 38.065608, 165.279673, 4278, 638662.0
811, 69.027457, 663.988940, 37.722014, 165.658238, 4301, 641576.0
812, 68.711082, 662.757822, 37.670270, 165.610787, 4434, 663059.0
813, 70.974899, 662.954229, 37.420800, 184.765863, 4244, 631949.0
814, 68.780515, 662.875416, 37.361441, 189.189268, 4195, 625277.0
815, 69.253369, 663.479943, 37.476172, 191.274213, 4249, 631835.0
816, 69.391700, 664.441001, 37.253220, 173.203926, 4279, 636386.0
817, 71.739745, 664.078870, 38.033158, 199.936554, 4079, 603216.0
818, 67.253173, 662.807992, 37.062346, 176.137132, 4217, 628208.0
819, 69.774765, 664.149140, 36.897397, 179.175018, 4259, 634037.0
820, 69.425739, 663.423142, 37.549615, 179.478524, 4377, 672352.0
821, 70.236797, 662.639157, 38.222664, 184.718846, 4348, 646641.0
822, 71.015073, 663.238184, 37.280941, 185.649375, 4345, 649546.0
823, 71.014261, 663.528877, 38.066003, 186.642642, 4316, 645531.0
824, 69.808725, 661.853136, 38.682638, 199.740929, 4197, 627340.0
825, 69.785958, 662.590058, 38.016884, 200.099172, 4213, 626741.0
826, 67.843844, 662.406788, 38.465189, 171.025957, 4335, 645101.0
827, 67.724621, 663.235398, 36.926191, 174.969073, 4250, 631093.0
828, 66.525760, 660.960022, 37.872450, 162.904746, 4252, 632772.0
829, 68.457237, 662.864750, 36.870084, 181.284004, 4331, 643521.0
830, 68.720701, 662.628495, 38.880134, 149.083631, 4361, 650678.0
831, 68.120405, 662.256812, 38.622248, 168.181679, 4407, 656300.0
832, 68.878368, 662.493448, 37.468088, 197.793928, 4392, 653258.0
833, 70.568787, 663.255908, 37.888804, 194.004196, 4340, 645299.0
834, 68.725541, 663.647862, 37.221394, 179.891189, 4329, 643893.0
835, 68.197284, 662.982098, 36.484396, 184.544957, 4225, 627205.0
836, 69.514457, 662.988606, 38.007406, 166.520506, 4442, 662146.0
837, 69.864035, 662.418994, 37.691123, 170.113202, 4290, 664870.0
838, 69.353540, 663.663194, 36.920447, 173.317918, 4393, 658099.0
839, 69.484189, 664.029518, 36.264564, 199.526955, 4251, 632453.0
840, 68.915590, 662.668141, 38.157517, 179.126376, 4387, 671278.0
841, 69.866225, 664.637488, 37.578463, 186.872851, 4248, 635154.0
842, 71.796426, 663.064444, 38.335780, 190.656976, 4216, 626290.0
843, 66.940823, 662.279740, 37.689680, 164.005949, 4214, 629875.0
844, 68.322134, 663.340459, 36.675419, 175.013257, 4278, 636852.0
845, 67.240845, 663.508830, 36.743718, 168.100429, 4260, 644861.0
846, 68.355992, 662.336443, 38.112100, 175.982090, 4340, 646965.0
847, 69.541955, 663.096786, 37.265633, 161.782661, 4422, 660480.0
848, 68.261759, 663.160311, 37.039732, 171.724039, 4340, 647400.0
849, 69.105959, 662.518802, 37.135759, 159.612402, 4412, 656667.0
850, 67.696080, 662.949619, 37.120682, 172.485226, 4230, 629073.0
851, 70.836242, 663.191002, 38.104602, 197.909758, 4319, 641568.0
852, 67.280998, 663.959622, 36.640273, 166.365084, 4315, 641618.0
853, 69.783847, 663.247058, 37.672592, 159.786619, 4397, 656825.0
854, 67.874424, 663.230181, 34.343278, 375.473150, 3924, 583416.0
855, 71.740596, 664.060639, 36.716105, 182.452730, 4268, 632910.0
856, 68.233849, 661.222112, 38.257608, 151.203674, 4396, 655140.0
857, 66.736515, 662.934848, 37.439593, 149.437432, 4298, 639486.0
858, 68.057083, 662.796933, 37.791309, 161.139159, 4416, 656839.0
859, 67.620852, 662.827910, 36.682579, 171.647022, 4309, 640539.0
860, 70.907475, 664.517039, 35.372175, 204.844094, 4129, 610222.0
861, 67.143973, 664.021157, 37.355945, 181.161317, 4267, 633837.0
862, 67.418679, 661.656316, 38.537189, 188.677163, 4254, 630470.0
863, 67.622940, 662.530013, 37.696864, 167.023581, 4339, 644277.0
864, 68.763688, 663.660131, 36.906372, 182.164962, 4321, 642314.0
865, 69.740365, 662.874663, 37.782378, 172.366135, 4438, 659813.0
866, 70.129914, 662.761012, 36.934426, 184.224561, 4293, 635687.0
867, 69.016064, 663.051687, 37.142248, 158.576936, 4424, 657133.0
868, 72.912661, 664.068204, 38.180150, 199.479208, 4195, 619995.0
869, 69.296146, 663.223068, 37.143258, 189.344079, 4219, 626596.0
870, 70.446422, 662.247464, 38.480801, 185.476130, 4322, 642131.0
871, 67.649940, 664.242794, 36.968673, 172.182646, 4296, 650239.0
872, 70.371363, 663.238765, 37.089378, 179.046599, 4340, 648828.0
873, 71.552751, 663.265715, 37.423967, 183.626871, 4172, 621129.0
874, 67.749717, 663.507573, 37.575947, 175.792386, 4335, 648697.0
875, 71.782459, 662.890068, 36.983562, 202.179024, 4117, 615284.0
876, 70.849707, 663.993783, 37.472723, 190.861025, 4218, 631656.0
877, 66.893494, 663.518760, 37.321183, 184.218502, 4353, 659058.0
878, 69.745969, 663.312782, 37.645224, 181.972899, 4266, 635213.0
879, 70.387130, 664.501720, 35.978193, 182.770929, 4220, 626478.0
880, 67.438502, 663.565499, 36.760315, 144.230892, 4344, 647796.0
881, 70.098050, 663.700504, 36.173999, 174.036415, 4263, 635074.0
882, 69.009969, 663.988444, 37.651943, 165.414735, 4414, 658769.0
883, 70.173029, 664.255561, 36.758903, 175.441877, 4393, 654127.0
884, 67.772830, 663.799427, 36.027758, 172.833620, 4278, 637628.0
885, 69.907096, 661.468620, 38.274285, 172.178189, 4294, 638846.0
886, 70.354456, 662.889228, 37.210400, 197.288116, 4099, 607888.0
887, 69.624622, 663.272666, 37.984104, 154.021812, 4335, 647631.0
888, 69.326664, 662.819837, 37.668550, 178.494853, 4321, 647243.0
889, 68.153358, 663.521552, 36.995895, 151.180698, 4430, 668745.0
890, 69.705297, 662.483097, 37.822138, 164.016208, 4412, 659104.0
891, 69.535502, 664.250041, 36.011522, 183.882423, 4335, 644548.0
892, 71.247806, 663.396330, 38.300105, 194.645815, 4333, 644583.0
893, 70.207193, 663.810732, 37.083808, 179.907710, 4298, 639191.0
894, 68.354207, 662.118923, 37.697911, 179.807827, 4367, 650743.0
895, 68.824007, 663.085885, 38.103851, 169.982077, 4365, 651256.0
896, 71.168286, 662.902209, 37.391854, 194.753725, 4194, 623208.0
897, 67.343997, 661.949528, 36.919422, 178.579519, 4197, 623265.0
898, 71.089583, 663.635946, 36.565246, 163.128379, 4215, 624208.0
899, 67.764921, 663.234480, 37.431953, 182.995312, 4336, 644083.0
900, 66.379931, 662.715301, 37.096314, 166.056792, 4151, 615460.0
901, 69.071642, 661.359139, 38.575560, 166.787210, 4271, 635998.0
902, 67.777653, 662.563074, 37.859183, 162.189709, 4285, 636981.0
903, 69.394743, 663.870778, 38.121875, 159.758951, 4399, 655465.0
904, 71.368750, 662.618123, 38.546610, 178.052411, 4253, 632800.0
905, 68.158744, 663.138890, 36.058613, 175.945973, 4117, 628318.0
906, 71.955552, 664.494435, 37.133620, 193.277294, 4154, 615352.0
907, 70.019675, 662.458327, 38.500776, 155.927181, 4258, 633361.0
908, 65.442966, 663.443876, 37.695226, 151.454196, 4233, 630642.0
909, 69.201511, 662.053878, 38.862972, 171.138013, 4451, 664222.0
910, 68.257621, 663.100149, 38.580951, 151.217595, 4343, 647092.0
911, 69.831361, 662.965265, 37.341334, 168.760664, 4338, 645956.0
912, 68.967480, 662.331637, 37.764843, 167.943437, 4377, 651148.0
913, 71.710887, 664.071055, 37.333592, 198.880434, 4165, 617534.0
914, 69.965968, 662.788338, 38.286362, 165.697162, 4366, 650713.0
915, 71.716660, 662.907617, 37.785271, 202.048154, 4201, 625070.0
916, 68.340047, 662.503211, 38.148740, 151.753378, 4421, 657795.0
917, 72.374943, 664.050498, 37.316547, 192.569830, 4216, 626646.0
918, 71.042788, 663.266840, 37.797808, 185.758721, 4327, 643569.0
919, 68.283063, 662.469471, 37.177900, 159.960437, 4372, 650027.0
920, 69.451441, 663.680078, 37.291396, 193.473605, 4150, 616885.0
921, 67.590040, 661.501937, 38.189352, 159.737785, 4240, 632094.0
922, 68.385459, 663.037919, 37.678152, 162.078679, 4299, 641252.0
923, 68.800038, 664.064324, 36.879631, 170.431185, 4292, 637661.0
924, 71.284416, 663.528648, 36.992403, 197.356856, 4127, 613595.0
925, 72.428228, 663.074299, 37.072295, 185.867608, 4180, 619030.0
926, 65.472504, 663.702255, 36.297268, 191.935223, 4022, 598040.0
927, 70.268293, 664.180115, 36.582742, 183.700017, 4370, 649259.0
928, 70.111134, 663.771705, 37.228245, 177.415568, 4236, 628991.0
929, 69.020431, 663.215427, 36.896971, 162.829864, 4424, 658566.0
930, 68.814007, 663.320008, 36.998191, 174.689217, 4353, 647896.0
931, 69.982565, 663.814608, 36.670672, 184.182102, 4306, 640865.0
932, 66.932755, 663.371787, 37.447100, 189.732049, 4310, 640648.0
933, 69.542289, 662.568719, 37.950612, 168.486844, 4261, 633082.0
934, 66.404586, 662.870530, 38.080828, 160.198105, 4258, 633645.0
935, 70.327032, 662.661799, 38.027762, 174.921676, 4296, 638974.0
936, 68.916058, 661.777318, 38.246665, 158.695831, 4420, 659024.0
937, 71.730782, 664.883737, 35.461765, 205.107378, 4117, 608920.0
938, 72.914977, 663.986501, 36.223098, 208.349894, 4110, 607012.0
939, 69.484955, 663.054705, 38.068497, 185.782310, 4262, 662986.0
940, 69.339531, 664.396915, 36.963673, 176.187886, 4273, 635827.0
941, 70.042808, 663.296955, 37.319650, 180.379580, 4387, 653029.0
942, 69.550040, 664.232807, 36.357716, 178.342161, 4339, 644368.0
943, 70.816687, 662.666571, 36.591270, 195.980128, 4167, 619140.0
944, 68.144042, 663.282321, 37.062776, 183.163942, 4326, 643948.0
945, 69.965546, 662.623641, 38.601200, 170.771238, 4391, 657251.0
946, 69.909358, 662.891848, 37.351472, 165.517897, 4367, 649382.0
947, 69.040706, 663.645810, 38.018424, 145.863167, 4436, 662053.0
948, 71.191969, 662.198453, 37.472473, 212.018484, 4078, 605489.0
949, 69.932400, 664.737628, 36.030244, 168.942531, 4402, 654550.0
950, 73.702505, 664.428462, 37.111524, 198.803966, 4178, 618276.0
951, 68.305205, 663.612277, 36.863631, 191.339455, 4214, 625810.0
952, 67.359861, 661.620510, 38.229026, 175.899523, 4218, 628021.0
953, 69.569834, 661.920982, 37.656084, 180.148122, 4206, 625625.0
954, 70.179181, 663.019362, 37.563408, 194.279808, 4216, 627038.0
955, 69.548558, 663.289119, 38.104481, 175.937995, 4336, 646699.0
956, 71.623273, 664.123168, 35.731981, 196.227502, 4148, 613875.0
957, 69.003535, 663.373796, 36.798465, 174.373326, 4424, 657741.0
958, 69.323378, 663.175290, 37.350497, 155.056195, 4407, 664561.0
959, 68.953232, 662.665711, 38.899592, 172.237206, 4365, 650932.0
960, 68.385940, 663.749752, 36.934346, 158.719905, 4329, 645154.0
961, 68.951637, 662.652957, 37.798632, 160.279634, 4383, 654185.0
962, 68.294153, 662.311813, 37.595126, 185.032041, 4291, 636695.0
963, 68.575681, 663.648527, 37.140212, 172.121207, 4305, 639010.0
964, 71.065664, 662.298146, 38.086580, 176.008821, 4414, 656760.0
965, 68.056082, 662.160907, 38.157673, 151.975642, 4397, 654590.0
966, 69.224516, 663.614407, 37.636774, 160.250255, 4432, 658820.0
967, 70.380998, 663.953661, 37.103919, 165.145282, 4411, 654724.0
968, 68.410594, 663.088604, 37.715932, 154.438145, 4439, 660072.0
969, 68.968222, 663.827442, 37.822182, 162.350860, 4410, 655994.0
970, 68.564774, 663.474274, 36.692074, 167.743857, 4289, 638043.0
971, 69.913084, 663.930287, 37.245766, 153.761740, 4383, 652863.0
972, 68.089536, 663.384811, 38.155785, 143.870703, 4375, 651223.0
973, 68.856093, 662.235374, 38.773646, 155.656272, 4417, 680925.0
974, 70.525261, 662.693975, 38.063363, 196.629195, 4350, 647018.0
975, 70.642173, 662.982245, 37.869749, 182.300949, 4323, 643459.0
976, 66.324715, 663.198980, 37.079702, 142.679623, 4306, 641387.0
977, 71.498493, 663.332697, 37.807728, 184.496525, 4184, 621643.0
978, 67.767589, 663.418225, 38.018222, 150.876791, 4460, 665152.0
979, 68.984637, 663.409966, 36.670935, 178.787931, 4354, 649473.0
980, 73.409779, 663.712285, 36.708541, 204.701338, 4175, 617164.0
981, 68.626600, 662.651433, 38.022426, 168.538072, 4323, 644058.0
982, 70.419278, 664.533428, 36.817679, 175.307253, 4305, 640896.0
983, 69.976832, 663.431363, 38.058966, 183.081026, 4157, 619134.0
984, 70.670427, 662.199375, 37.452197, 171.825427, 4356, 648204.0
985, 69.640951, 663.419926, 36.286546, 181.287876, 4386, 652536.0
986, 69.157842, 664.186502, 36.937400, 166.326319, 4369, 650113.0
987, 70.267117, 663.535762, 37.816304, 171.737420, 4255, 632525.0
988, 67.682544, 662.747118, 38.282173, 155.748956, 4362, 649253.0
989, 68.211429, 664.153610, 37.006513, 195.499980, 4272, 635203.0
990, 69.216755, 663.172926, 37.789646, 170.726151, 4334, 645505.0
991, 70.988647, 663.651205, 36.675394, 164.250227, 4365, 650437.0
992, 68.055303, 664.186392, 36.522828, 170.402814, 4355, 647813.0
993, 70.036349, 664.116943, 37.196186, 178.115663, 4361, 650020.0
994, 71.258496, 662.933255, 37.637022, 172.776049, 4329, 644245.0
995, 67.400100, 662.933006, 37.326684, 162.146264, 4298, 640757.0
996, 70.911564, 663.940188, 37.290521, 175.550543, 4349, 647246.0
997, 69.289391, 662.751713, 37.849773, 179.541078, 4205, 625613.0
998, 69.384727, 663.526433, 37.463207, 180.069211, 4282, 637572.0
999, 70.963489, 662.341177, 38.469182, 184.768531, 4277, 635939.0
