#idx, x0, x1, x2, y, f_neval, total_time (us), 
0, 78.333333, 667.642977, 34.082483, 246.753206, 256, 36581.0
1, 78.333333, 667.642977, 34.082483, 250.594442, 256, 36557.0
2, 78.333333, 667.642977, 34.082483, 254.179706, 256, 36448.0
3, 78.333333, 667.642977, 34.082483, 292.432542, 256, 36878.0
4, 78.333333, 667.642977, 34.082483, 270.857547, 256, 40006.0
5, 78.333333, 667.642977, 34.082483, 286.625323, 256, 36261.0
6, 78.333333, 667.642977, 34.082483, 257.079263, 256, 38793.0
7, 78.333333, 667.642977, 34.082483, 247.354503, 256, 36313.0
8, 78.333333, 667.642977, 34.082483, 253.654814, 256, 36366.0
9, 78.333333, 667.642977, 34.082483, 269.214213, 256, 36600.0
10, 78.333333, 667.642977, 34.082483, 247.798140, 256, 37035.0
11, 78.333333, 667.642977, 34.082483, 246.215167, 256, 36585.0
12, 78.333333, 667.642977, 34.082483, 254.148737, 256, 36465.0
13, 78.333333, 667.642977, 34.082483, 276.705133, 256, 36642.0
14, 78.333333, 667.642977, 34.082483, 274.807139, 256, 36609.0
15, 78.333333, 667.642977, 34.082483, 262.419241, 256, 36216.0
16, 78.333333, 667.642977, 34.082483, 267.642034, 256, 38216.0
17, 78.333333, 667.642977, 34.082483, 254.030876, 256, 36358.0
18, 78.333333, 667.642977, 34.082483, 326.636340, 256, 37732.0
19, 78.333333, 667.642977, 34.082483, 259.318101, 256, 36727.0
20, 78.333333, 667.642977, 34.082483, 254.480670, 256, 36551.0
21, 78.333333, 667.642977, 34.082483, 232.677230, 256, 37108.0
22, 78.333333, 667.642977, 34.082483, 292.480544, 256, 36438.0
23, 78.333333, 667.642977, 34.082483, 257.691473, 256, 36394.0
24, 78.333333, 667.642977, 34.082483, 272.408424, 256, 36395.0
25, 78.333333, 667.642977, 34.082483, 279.587885, 256, 36444.0
26, 78.333333, 667.642977, 34.082483, 245.377045, 256, 36468.0
27, 78.333333, 667.642977, 34.082483, 255.064484, 256, 36457.0
28, 78.333333, 667.642977, 34.082483, 255.979228, 256, 36341.0
29, 78.333333, 667.642977, 34.082483, 248.446315, 256, 36427.0
30, 78.333333, 667.642977, 34.082483, 265.186266, 256, 36430.0
31, 78.333333, 667.642977, 34.082483, 294.352328, 256, 36462.0
32, 78.333333, 667.642977, 34.082483, 278.399719, 256, 36537.0
33, 78.333333, 667.642977, 34.082483, 262.576018, 256, 36565.0
34, 78.333333, 667.642977, 34.082483, 276.708948, 256, 36529.0
35, 78.333333, 667.642977, 34.082483, 245.488101, 256, 36528.0
36, 78.333333, 667.642977, 34.082483, 254.965788, 256, 36504.0
37, 78.333333, 667.642977, 34.082483, 292.448535, 256, 36517.0
38, 78.333333, 667.642977, 34.082483, 281.785128, 256, 36687.0
39, 78.333333, 667.642977, 34.082483, 293.337296, 256, 36373.0
40, 78.333333, 667.642977, 34.082483, 252.365847, 256, 36678.0
41, 78.333333, 667.642977, 34.082483, 247.004734, 256, 36576.0
42, 78.333333, 667.642977, 34.082483, 323.636106, 256, 36461.0
43, 78.333333, 667.642977, 34.082483, 253.953873, 256, 36405.0
44, 78.333333, 667.642977, 34.082483, 241.295011, 256, 36452.0
45, 78.333333, 667.642977, 34.082483, 308.271173, 256, 36656.0
46, 78.333333, 667.642977, 34.082483, 285.841877, 256, 36611.0
47, 78.333333, 667.642977, 34.082483, 261.608924, 256, 36572.0
48, 78.333333, 667.642977, 34.082483, 291.760911, 256, 36478.0
49, 78.333333, 667.642977, 34.082483, 244.738363, 256, 36468.0
50, 78.333333, 667.642977, 34.082483, 227.625458, 256, 36616.0
51, 78.333333, 667.642977, 34.082483, 239.350327, 256, 36556.0
52, 78.333333, 667.642977, 34.082483, 332.302079, 256, 36498.0
53, 78.333333, 667.642977, 34.082483, 294.647840, 256, 36450.0
54, 78.333333, 667.642977, 34.082483, 267.424042, 256, 36510.0
55, 78.333333, 667.642977, 34.082483, 279.676199, 256, 36553.0
56, 78.333333, 667.642977, 34.082483, 264.136505, 256, 37911.0
57, 78.333333, 667.642977, 34.082483, 303.730212, 256, 36569.0
58, 78.333333, 667.642977, 34.082483, 275.843543, 256, 36540.0
59, 78.333333, 667.642977, 34.082483, 285.932447, 256, 36404.0
60, 78.333333, 667.642977, 34.082483, 244.129173, 256, 36654.0
61, 78.333333, 667.642977, 34.082483, 278.391662, 256, 36359.0
62, 78.333333, 667.642977, 34.082483, 286.419130, 256, 36356.0
63, 78.333333, 667.642977, 34.082483, 297.123968, 256, 36361.0
64, 78.333333, 667.642977, 34.082483, 266.869093, 256, 38465.0
65, 78.333333, 667.642977, 34.082483, 325.126453, 256, 37705.0
66, 78.333333, 667.642977, 34.082483, 307.016017, 256, 38225.0
67, 78.333333, 667.642977, 34.082483, 258.003898, 256, 36838.0
68, 78.333333, 667.642977, 34.082483, 365.233866, 256, 36807.0
69, 78.333333, 667.642977, 34.082483, 312.274646, 256, 36907.0
70, 78.333333, 667.642977, 34.082483, 282.846773, 256, 37055.0
71, 78.333333, 667.642977, 34.082483, 281.927834, 256, 36633.0
72, 78.333333, 667.642977, 34.082483, 269.172880, 256, 36753.0
73, 78.333333, 667.642977, 34.082483, 415.364728, 256, 36887.0
74, 78.333333, 667.642977, 34.082483, 265.798221, 256, 36981.0
75, 78.333333, 667.642977, 34.082483, 290.746430, 256, 36669.0
76, 78.333333, 667.642977, 34.082483, 341.051398, 256, 36425.0
77, 78.333333, 667.642977, 34.082483, 325.378646, 256, 36780.0
78, 78.333333, 667.642977, 34.082483, 275.533829, 256, 36745.0
79, 78.333333, 667.642977, 34.082483, 284.768401, 256, 36730.0
80, 78.333333, 667.642977, 34.082483, 314.821913, 256, 37447.0
81, 78.333333, 667.642977, 34.082483, 290.281434, 256, 36547.0
82, 78.333333, 667.642977, 34.082483, 282.220293, 256, 36502.0
83, 78.333333, 667.642977, 34.082483, 247.639814, 256, 37002.0
84, 78.333333, 667.642977, 34.082483, 319.623502, 256, 36670.0
85, 78.333333, 667.642977, 34.082483, 280.797450, 256, 36540.0
86, 78.333333, 667.642977, 34.082483, 312.719813, 256, 36895.0
87, 78.333333, 667.642977, 34.082483, 314.153704, 256, 36731.0
88, 78.333333, 667.642977, 34.082483, 320.927330, 256, 36339.0
89, 78.333333, 667.642977, 34.082483, 263.318667, 256, 36484.0
90, 78.333333, 667.642977, 34.082483, 262.834711, 256, 36376.0
91, 78.333333, 667.642977, 34.082483, 306.754900, 256, 36538.0
92, 78.333333, 667.642977, 34.082483, 284.443492, 256, 36640.0
93, 78.333333, 667.642977, 34.082483, 347.280626, 256, 36379.0
94, 78.333333, 667.642977, 34.082483, 254.906876, 256, 36403.0
95, 78.333333, 667.642977, 34.082483, 269.643494, 256, 36393.0
96, 78.333333, 667.642977, 34.082483, 284.608298, 256, 36451.0
97, 78.333333, 667.642977, 34.082483, 270.584999, 256, 36371.0
98, 78.333333, 667.642977, 34.082483, 257.433057, 256, 36397.0
99, 78.333333, 667.642977, 34.082483, 293.968439, 256, 36407.0
100, 78.333333, 667.642977, 34.082483, 369.022833, 256, 36385.0
101, 78.333333, 667.642977, 34.082483, 292.206688, 256, 36301.0
102, 78.333333, 667.642977, 34.082483, 312.870873, 256, 36364.0
103, 78.333333, 667.642977, 34.082483, 312.040881, 256, 36591.0
104, 78.333333, 667.642977, 34.082483, 273.507774, 256, 36552.0
105, 78.333333, 667.642977, 34.082483, 310.075730, 256, 36310.0
106, 78.333333, 667.642977, 34.082483, 254.874296, 256, 36501.0
107, 78.333333, 667.642977, 34.082483, 262.493581, 256, 36268.0
108, 78.333333, 667.642977, 34.082483, 315.560139, 256, 36623.0
109, 78.333333, 667.642977, 34.082483, 286.085394, 256, 36658.0
110, 78.333333, 667.642977, 34.082483, 278.800098, 256, 36614.0
111, 78.333333, 667.642977, 34.082483, 279.890184, 256, 36202.0
112, 78.333333, 667.642977, 34.082483, 280.363258, 256, 36358.0
113, 78.333333, 667.642977, 34.082483, 257.965667, 256, 36242.0
114, 78.333333, 667.642977, 34.082483, 256.823699, 256, 36294.0
115, 78.333333, 667.642977, 34.082483, 326.525764, 256, 36661.0
116, 78.333333, 667.642977, 34.082483, 272.556064, 256, 36813.0
117, 78.333333, 667.642977, 34.082483, 300.125449, 256, 36503.0
118, 78.333333, 667.642977, 34.082483, 300.840582, 256, 36663.0
119, 78.333333, 667.642977, 34.082483, 334.749230, 256, 36625.0
120, 78.333333, 667.642977, 34.082483, 326.998976, 256, 36319.0
121, 78.333333, 667.642977, 34.082483, 333.300480, 256, 36449.0
122, 78.333333, 667.642977, 34.082483, 270.618900, 256, 36600.0
123, 78.333333, 667.642977, 34.082483, 274.337446, 256, 36510.0
124, 78.333333, 667.642977, 34.082483, 247.821591, 256, 36650.0
125, 78.333333, 667.642977, 34.082483, 306.847381, 256, 36652.0
126, 78.333333, 667.642977, 34.082483, 307.297255, 256, 36663.0
127, 78.333333, 667.642977, 34.082483, 346.557830, 256, 36744.0
128, 78.333333, 667.642977, 34.082483, 269.311629, 256, 36643.0
129, 78.333333, 667.642977, 34.082483, 273.224574, 256, 36598.0
130, 78.333333, 667.642977, 34.082483, 263.877376, 256, 36767.0
131, 78.333333, 667.642977, 34.082483, 278.732346, 256, 36634.0
132, 78.333333, 667.642977, 34.082483, 262.043889, 256, 36623.0
133, 78.333333, 667.642977, 34.082483, 280.353406, 256, 36822.0
134, 78.333333, 667.642977, 34.082483, 296.900808, 256, 36516.0
135, 78.333333, 667.642977, 34.082483, 272.765913, 256, 36454.0
136, 78.333333, 667.642977, 34.082483, 264.285215, 256, 36441.0
137, 78.333333, 667.642977, 34.082483, 267.139008, 256, 36673.0
138, 78.333333, 667.642977, 34.082483, 285.773710, 256, 37024.0
139, 78.333333, 667.642977, 34.082483, 270.051026, 256, 36840.0
140, 78.333333, 667.642977, 34.082483, 277.448820, 256, 36576.0
141, 78.333333, 667.642977, 34.082483, 258.904653, 256, 36595.0
142, 78.333333, 667.642977, 34.082483, 254.653428, 256, 37006.0
143, 78.333333, 667.642977, 34.082483, 277.057512, 256, 36349.0
144, 78.333333, 667.642977, 34.082483, 238.863512, 256, 36711.0
145, 78.333333, 667.642977, 34.082483, 287.697181, 256, 56403.0
146, 78.333333, 667.642977, 34.082483, 279.108688, 256, 36614.0
147, 78.333333, 667.642977, 34.082483, 250.007363, 256, 38455.0
148, 78.333333, 667.642977, 34.082483, 285.688044, 256, 36665.0
149, 78.333333, 667.642977, 34.082483, 247.750700, 256, 36604.0
150, 78.333333, 667.642977, 34.082483, 367.942302, 256, 36660.0
151, 78.333333, 667.642977, 34.082483, 276.303354, 256, 36683.0
152, 78.333333, 667.642977, 34.082483, 244.876217, 256, 36746.0
153, 78.333333, 667.642977, 34.082483, 262.480737, 256, 36986.0
154, 78.333333, 667.642977, 34.082483, 261.408648, 256, 36631.0
155, 78.333333, 667.642977, 34.082483, 264.788848, 256, 36674.0
156, 78.333333, 667.642977, 34.082483, 345.564744, 256, 36641.0
157, 78.333333, 667.642977, 34.082483, 318.668222, 256, 36632.0
158, 78.333333, 667.642977, 34.082483, 263.663723, 256, 36718.0
159, 78.333333, 667.642977, 34.082483, 266.201940, 256, 36737.0
160, 78.333333, 667.642977, 34.082483, 247.547149, 256, 36840.0
161, 78.333333, 667.642977, 34.082483, 256.485639, 256, 36966.0
162, 78.333333, 667.642977, 34.082483, 250.396869, 256, 36836.0
163, 78.333333, 667.642977, 34.082483, 260.349668, 256, 36616.0
164, 78.333333, 667.642977, 34.082483, 283.847874, 256, 36587.0
165, 78.333333, 667.642977, 34.082483, 250.236454, 256, 36810.0
166, 78.333333, 667.642977, 34.082483, 277.518245, 256, 36740.0
167, 78.333333, 667.642977, 34.082483, 268.833668, 256, 36768.0
168, 78.333333, 667.642977, 34.082483, 264.057642, 256, 36545.0
169, 78.333333, 667.642977, 34.082483, 321.903838, 256, 36754.0
170, 78.333333, 667.642977, 34.082483, 257.012237, 256, 36616.0
171, 78.333333, 667.642977, 34.082483, 313.839610, 256, 36767.0
172, 78.333333, 667.642977, 34.082483, 282.107459, 256, 36661.0
173, 78.333333, 667.642977, 34.082483, 235.674478, 256, 36584.0
174, 78.333333, 667.642977, 34.082483, 312.751898, 256, 36576.0
175, 78.333333, 667.642977, 34.082483, 278.674421, 256, 36647.0
176, 78.333333, 667.642977, 34.082483, 262.531453, 256, 36623.0
177, 78.333333, 667.642977, 34.082483, 231.370455, 256, 36468.0
178, 78.333333, 667.642977, 34.082483, 314.256377, 256, 36515.0
179, 78.333333, 667.642977, 34.082483, 287.660838, 256, 36713.0
180, 78.333333, 667.642977, 34.082483, 297.479234, 256, 36532.0
181, 78.333333, 667.642977, 34.082483, 284.466436, 256, 36813.0
182, 78.333333, 667.642977, 34.082483, 312.016823, 256, 36597.0
183, 78.333333, 667.642977, 34.082483, 303.613963, 256, 36585.0
184, 78.333333, 667.642977, 34.082483, 261.287561, 256, 36582.0
185, 78.333333, 667.642977, 34.082483, 242.238318, 256, 36824.0
186, 78.333333, 667.642977, 34.082483, 316.624417, 256, 36530.0
187, 78.333333, 667.642977, 34.082483, 287.222954, 256, 36555.0
188, 78.333333, 667.642977, 34.082483, 273.562081, 256, 36716.0
189, 78.333333, 667.642977, 34.082483, 312.333221, 256, 36707.0
190, 78.333333, 667.642977, 34.082483, 282.409647, 256, 36820.0
191, 78.333333, 667.642977, 34.082483, 259.261456, 256, 36557.0
192, 78.333333, 667.642977, 34.082483, 244.593275, 256, 36620.0
193, 78.333333, 667.642977, 34.082483, 286.877245, 256, 36577.0
194, 78.333333, 667.642977, 34.082483, 262.432830, 256, 36443.0
195, 78.333333, 667.642977, 34.082483, 240.253302, 256, 36575.0
196, 78.333333, 667.642977, 34.082483, 232.183535, 256, 36383.0
197, 78.333333, 667.642977, 34.082483, 257.903273, 256, 36827.0
198, 78.333333, 667.642977, 34.082483, 268.426707, 256, 36633.0
199, 78.333333, 667.642977, 34.082483, 266.703832, 256, 36860.0
200, 78.333333, 667.642977, 34.082483, 244.369161, 256, 36330.0
201, 78.333333, 667.642977, 34.082483, 256.908504, 256, 36630.0
202, 78.333333, 667.642977, 34.082483, 279.731446, 256, 36407.0
203, 78.333333, 667.642977, 34.082483, 242.336722, 256, 40022.0
204, 78.333333, 667.642977, 34.082483, 285.106550, 256, 36542.0
205, 78.333333, 667.642977, 34.082483, 269.073868, 256, 36731.0
206, 78.333333, 667.642977, 34.082483, 265.822473, 256, 36593.0
207, 78.333333, 667.642977, 34.082483, 272.896623, 256, 36647.0
208, 78.333333, 667.642977, 34.082483, 271.117717, 256, 36716.0
209, 78.333333, 667.642977, 34.082483, 241.163803, 256, 36649.0
210, 78.333333, 667.642977, 34.082483, 264.773590, 256, 36612.0
211, 78.333333, 667.642977, 34.082483, 234.613670, 256, 36626.0
212, 78.333333, 667.642977, 34.082483, 258.193638, 256, 36782.0
213, 78.333333, 667.642977, 34.082483, 296.484370, 256, 36627.0
214, 78.333333, 667.642977, 34.082483, 254.197121, 256, 36608.0
215, 78.333333, 667.642977, 34.082483, 241.405320, 256, 36712.0
216, 78.333333, 667.642977, 34.082483, 296.608903, 256, 36515.0
217, 78.333333, 667.642977, 34.082483, 262.417041, 256, 36388.0
218, 78.333333, 667.642977, 34.082483, 275.767415, 256, 36497.0
219, 78.333333, 667.642977, 34.082483, 270.537370, 256, 36465.0
220, 78.333333, 667.642977, 34.082483, 250.560583, 256, 36393.0
221, 78.333333, 667.642977, 34.082483, 267.949971, 256, 36532.0
222, 78.333333, 667.642977, 34.082483, 274.521481, 256, 36518.0
223, 78.333333, 667.642977, 34.082483, 240.515651, 256, 36537.0
224, 78.333333, 667.642977, 34.082483, 281.677062, 256, 36315.0
225, 78.333333, 667.642977, 34.082483, 253.639391, 256, 36326.0
226, 78.333333, 667.642977, 34.082483, 264.505158, 256, 36530.0
227, 78.333333, 667.642977, 34.082483, 286.028868, 256, 36372.0
228, 78.333333, 667.642977, 34.082483, 249.568452, 256, 36580.0
229, 78.333333, 667.642977, 34.082483, 242.948955, 256, 36528.0
230, 78.333333, 667.642977, 34.082483, 295.691547, 256, 36542.0
231, 78.333333, 667.642977, 34.082483, 245.087855, 256, 36356.0
232, 78.333333, 667.642977, 34.082483, 249.741227, 256, 36364.0
233, 78.333333, 667.642977, 34.082483, 239.407245, 256, 36375.0
234, 78.333333, 667.642977, 34.082483, 287.647022, 256, 36378.0
235, 78.333333, 667.642977, 34.082483, 238.808248, 256, 36534.0
236, 78.333333, 667.642977, 34.082483, 282.438615, 256, 36502.0
237, 78.333333, 667.642977, 34.082483, 286.917379, 256, 36491.0
238, 78.333333, 667.642977, 34.082483, 272.049457, 256, 36525.0
239, 78.333333, 667.642977, 34.082483, 223.073592, 256, 36548.0
240, 78.333333, 667.642977, 34.082483, 304.080610, 256, 36422.0
241, 78.333333, 667.642977, 34.082483, 274.868949, 256, 36396.0
242, 78.333333, 667.642977, 34.082483, 306.402719, 256, 36389.0
243, 78.333333, 667.642977, 34.082483, 254.018157, 256, 36428.0
244, 78.333333, 667.642977, 34.082483, 277.359779, 256, 36366.0
245, 78.333333, 667.642977, 34.082483, 324.935172, 256, 36402.0
246, 78.333333, 667.642977, 34.082483, 295.336830, 256, 36387.0
247, 78.333333, 667.642977, 34.082483, 260.467485, 256, 36393.0
248, 78.333333, 667.642977, 34.082483, 285.079230, 256, 36448.0
249, 78.333333, 667.642977, 34.082483, 252.873415, 256, 36179.0
250, 78.333333, 667.642977, 34.082483, 246.212910, 256, 36587.0
251, 78.333333, 667.642977, 34.082483, 329.985622, 256, 36411.0
252, 78.333333, 667.642977, 34.082483, 257.443551, 256, 36416.0
253, 78.333333, 667.642977, 34.082483, 276.329619, 256, 36623.0
254, 78.333333, 667.642977, 34.082483, 280.741435, 256, 41166.0
255, 78.333333, 667.642977, 34.082483, 287.463823, 256, 36406.0
256, 78.333333, 667.642977, 34.082483, 259.266090, 256, 36388.0
257, 78.333333, 667.642977, 34.082483, 237.406210, 256, 36405.0
258, 78.333333, 667.642977, 34.082483, 272.518717, 256, 36450.0
259, 78.333333, 667.642977, 34.082483, 294.085836, 256, 36559.0
260, 78.333333, 667.642977, 34.082483, 283.964993, 256, 36392.0
261, 78.333333, 667.642977, 34.082483, 266.906929, 256, 36726.0
262, 78.333333, 667.642977, 34.082483, 231.220368, 256, 36379.0
263, 78.333333, 667.642977, 34.082483, 270.704971, 256, 36703.0
264, 78.333333, 667.642977, 34.082483, 244.263958, 256, 36450.0
265, 78.333333, 667.642977, 34.082483, 362.427341, 256, 36498.0
266, 78.333333, 667.642977, 34.082483, 288.891814, 256, 36588.0
267, 78.333333, 667.642977, 34.082483, 299.494426, 256, 36382.0
268, 78.333333, 667.642977, 34.082483, 288.323849, 256, 40127.0
269, 78.333333, 667.642977, 34.082483, 305.981100, 256, 37879.0
270, 78.333333, 667.642977, 34.082483, 272.672995, 256, 36760.0
271, 78.333333, 667.642977, 34.082483, 251.407604, 256, 36390.0
272, 78.333333, 667.642977, 34.082483, 275.737600, 256, 36731.0
273, 78.333333, 667.642977, 34.082483, 279.756084, 256, 40601.0
274, 78.333333, 667.642977, 34.082483, 295.919701, 256, 37147.0
275, 78.333333, 667.642977, 34.082483, 264.098691, 256, 36559.0
276, 78.333333, 667.642977, 34.082483, 277.607007, 256, 36614.0
277, 78.333333, 667.642977, 34.082483, 251.863370, 256, 37215.0
278, 78.333333, 667.642977, 34.082483, 264.520263, 256, 36424.0
279, 78.333333, 667.642977, 34.082483, 314.417198, 256, 36368.0
280, 78.333333, 667.642977, 34.082483, 259.475999, 256, 36798.0
281, 78.333333, 667.642977, 34.082483, 241.445774, 256, 36596.0
282, 78.333333, 667.642977, 34.082483, 255.563279, 256, 40121.0
283, 78.333333, 667.642977, 34.082483, 248.132776, 256, 37579.0
284, 78.333333, 667.642977, 34.082483, 253.441245, 256, 36799.0
285, 78.333333, 667.642977, 34.082483, 269.012130, 256, 36660.0
286, 78.333333, 667.642977, 34.082483, 296.468785, 256, 38324.0
287, 78.333333, 667.642977, 34.082483, 284.067779, 256, 36603.0
288, 78.333333, 667.642977, 34.082483, 269.937419, 256, 38836.0
289, 78.333333, 667.642977, 34.082483, 280.557576, 256, 36408.0
290, 78.333333, 667.642977, 34.082483, 253.193898, 256, 36588.0
291, 78.333333, 667.642977, 34.082483, 253.310084, 256, 37842.0
292, 78.333333, 667.642977, 34.082483, 244.960730, 256, 36506.0
293, 78.333333, 667.642977, 34.082483, 272.382328, 256, 36359.0
294, 78.333333, 667.642977, 34.082483, 262.946529, 256, 39083.0
295, 78.333333, 667.642977, 34.082483, 304.010299, 256, 36330.0
296, 78.333333, 667.642977, 34.082483, 283.058457, 256, 39714.0
297, 78.333333, 667.642977, 34.082483, 291.181951, 256, 36494.0
298, 78.333333, 667.642977, 34.082483, 299.694487, 256, 36690.0
299, 78.333333, 667.642977, 34.082483, 256.178737, 256, 36810.0
300, 78.333333, 667.642977, 34.082483, 242.617022, 256, 36727.0
301, 78.333333, 667.642977, 34.082483, 236.175356, 256, 37004.0
302, 78.333333, 667.642977, 34.082483, 276.612181, 256, 36516.0
303, 78.333333, 667.642977, 34.082483, 299.411838, 256, 36785.0
304, 78.333333, 667.642977, 34.082483, 297.826608, 256, 36516.0
305, 78.333333, 667.642977, 34.082483, 252.063427, 256, 36765.0
306, 78.333333, 667.642977, 34.082483, 266.973717, 256, 36799.0
307, 78.333333, 667.642977, 34.082483, 264.229752, 256, 36694.0
308, 78.333333, 667.642977, 34.082483, 261.356622, 256, 36677.0
309, 78.333333, 667.642977, 34.082483, 254.124033, 256, 36593.0
310, 78.333333, 667.642977, 34.082483, 252.744907, 256, 36656.0
311, 78.333333, 667.642977, 34.082483, 289.314791, 256, 36706.0
312, 78.333333, 667.642977, 34.082483, 284.548687, 256, 36524.0
313, 78.333333, 667.642977, 34.082483, 337.839776, 256, 36838.0
314, 78.333333, 667.642977, 34.082483, 250.286902, 256, 36740.0
315, 78.333333, 667.642977, 34.082483, 255.812068, 256, 36656.0
316, 78.333333, 667.642977, 34.082483, 241.717227, 256, 36771.0
317, 78.333333, 667.642977, 34.082483, 265.978376, 256, 36548.0
318, 78.333333, 667.642977, 34.082483, 278.744838, 256, 36517.0
319, 78.333333, 667.642977, 34.082483, 290.149749, 256, 36679.0
320, 78.333333, 667.642977, 34.082483, 249.160099, 256, 36566.0
321, 78.333333, 667.642977, 34.082483, 224.628540, 256, 36614.0
322, 78.333333, 667.642977, 34.082483, 245.819870, 256, 36514.0
323, 78.333333, 667.642977, 34.082483, 269.903487, 256, 36791.0
324, 78.333333, 667.642977, 34.082483, 271.607670, 256, 36448.0
325, 78.333333, 667.642977, 34.082483, 299.831776, 256, 36406.0
326, 78.333333, 667.642977, 34.082483, 252.103781, 256, 36369.0
327, 78.333333, 667.642977, 34.082483, 257.991659, 256, 36477.0
328, 78.333333, 667.642977, 34.082483, 278.143996, 256, 36346.0
329, 78.333333, 667.642977, 34.082483, 296.523772, 256, 36999.0
330, 78.333333, 667.642977, 34.082483, 264.728724, 256, 36568.0
331, 78.333333, 667.642977, 34.082483, 262.448940, 256, 36839.0
332, 78.333333, 667.642977, 34.082483, 281.285049, 256, 36518.0
333, 78.333333, 667.642977, 34.082483, 281.272215, 256, 37104.0
334, 78.333333, 667.642977, 34.082483, 314.797652, 256, 36898.0
335, 78.333333, 667.642977, 34.082483, 284.499827, 256, 36865.0
336, 78.333333, 667.642977, 34.082483, 288.977992, 256, 36971.0
337, 78.333333, 667.642977, 34.082483, 278.992770, 256, 37093.0
338, 78.333333, 667.642977, 34.082483, 256.445891, 256, 40719.0
339, 78.333333, 667.642977, 34.082483, 240.688758, 256, 36447.0
340, 78.333333, 667.642977, 34.082483, 256.980192, 256, 36718.0
341, 78.333333, 667.642977, 34.082483, 325.665257, 256, 38098.0
342, 78.333333, 667.642977, 34.082483, 299.082236, 256, 36535.0
343, 78.333333, 667.642977, 34.082483, 250.718638, 256, 36653.0
344, 78.333333, 667.642977, 34.082483, 261.179597, 256, 36559.0
345, 78.333333, 667.642977, 34.082483, 255.749398, 256, 36213.0
346, 78.333333, 667.642977, 34.082483, 274.105754, 256, 36393.0
347, 78.333333, 667.642977, 34.082483, 244.555198, 256, 36492.0
348, 78.333333, 667.642977, 34.082483, 251.542979, 256, 36369.0
349, 78.333333, 667.642977, 34.082483, 289.144735, 256, 36302.0
350, 78.333333, 667.642977, 34.082483, 240.045489, 256, 36345.0
351, 78.333333, 667.642977, 34.082483, 256.023421, 256, 36690.0
352, 78.333333, 667.642977, 34.082483, 275.551467, 256, 36312.0
353, 78.333333, 667.642977, 34.082483, 288.852802, 256, 36379.0
354, 78.333333, 667.642977, 34.082483, 294.380854, 256, 36555.0
355, 78.333333, 667.642977, 34.082483, 269.853058, 256, 36409.0
356, 78.333333, 667.642977, 34.082483, 262.164397, 256, 36485.0
357, 78.333333, 667.642977, 34.082483, 270.332034, 256, 36496.0
358, 78.333333, 667.642977, 34.082483, 327.747845, 256, 36667.0
359, 78.333333, 667.642977, 34.082483, 257.634700, 256, 36554.0
360, 78.333333, 667.642977, 34.082483, 294.418632, 256, 36484.0
361, 78.333333, 667.642977, 34.082483, 281.835984, 256, 36438.0
362, 78.333333, 667.642977, 34.082483, 248.966777, 256, 36523.0
363, 78.333333, 667.642977, 34.082483, 279.289212, 256, 36425.0
364, 78.333333, 667.642977, 34.082483, 267.263380, 256, 36552.0
365, 78.333333, 667.642977, 34.082483, 320.033581, 256, 36801.0
366, 78.333333, 667.642977, 34.082483, 259.121737, 256, 36627.0
367, 78.333333, 667.642977, 34.082483, 288.399748, 256, 36565.0
368, 78.333333, 667.642977, 34.082483, 243.101363, 256, 36556.0
369, 78.333333, 667.642977, 34.082483, 283.355404, 256, 36585.0
370, 78.333333, 667.642977, 34.082483, 240.437539, 256, 36735.0
371, 78.333333, 667.642977, 34.082483, 253.999541, 256, 36496.0
372, 78.333333, 667.642977, 34.082483, 274.144435, 256, 36607.0
373, 78.333333, 667.642977, 34.082483, 313.830799, 256, 36603.0
374, 78.333333, 667.642977, 34.082483, 235.536247, 256, 36653.0
375, 78.333333, 667.642977, 34.082483, 249.525388, 256, 36547.0
376, 78.333333, 667.642977, 34.082483, 302.741312, 256, 36738.0
377, 78.333333, 667.642977, 34.082483, 268.890870, 256, 36733.0
378, 78.333333, 667.642977, 34.082483, 258.207899, 256, 36646.0
379, 78.333333, 667.642977, 34.082483, 249.597959, 256, 36617.0
380, 78.333333, 667.642977, 34.082483, 259.414227, 256, 36423.0
381, 78.333333, 667.642977, 34.082483, 317.388557, 256, 36298.0
382, 78.333333, 667.642977, 34.082483, 250.699002, 256, 36314.0
383, 78.333333, 667.642977, 34.082483, 271.470699, 256, 36368.0
384, 78.333333, 667.642977, 34.082483, 246.614521, 256, 36360.0
385, 78.333333, 667.642977, 34.082483, 260.347664, 256, 36431.0
386, 78.333333, 667.642977, 34.082483, 252.342718, 256, 36355.0
387, 78.333333, 667.642977, 34.082483, 253.474216, 256, 36571.0
388, 78.333333, 667.642977, 34.082483, 295.871396, 256, 36338.0
389, 78.333333, 667.642977, 34.082483, 259.237809, 256, 36408.0
390, 78.333333, 667.642977, 34.082483, 229.320325, 256, 36510.0
391, 78.333333, 667.642977, 34.082483, 282.873662, 256, 36411.0
392, 78.333333, 667.642977, 34.082483, 254.792995, 256, 36385.0
393, 78.333333, 667.642977, 34.082483, 253.171710, 256, 36355.0
394, 78.333333, 667.642977, 34.082483, 261.271827, 256, 36448.0
395, 78.333333, 667.642977, 34.082483, 288.830837, 256, 36414.0
396, 78.333333, 667.642977, 34.082483, 229.665468, 256, 36386.0
397, 78.333333, 667.642977, 34.082483, 279.820890, 256, 36521.0
398, 78.333333, 667.642977, 34.082483, 258.122403, 256, 36390.0
399, 78.333333, 667.642977, 34.082483, 251.484999, 256, 36501.0
400, 78.333333, 667.642977, 34.082483, 244.354995, 256, 36518.0
401, 78.333333, 667.642977, 34.082483, 273.801156, 256, 36438.0
402, 78.333333, 667.642977, 34.082483, 260.578615, 256, 36506.0
403, 78.333333, 667.642977, 34.082483, 241.932192, 256, 36356.0
404, 78.333333, 667.642977, 34.082483, 257.739490, 256, 36419.0
405, 78.333333, 667.642977, 34.082483, 242.361401, 256, 36534.0
406, 78.333333, 667.642977, 34.082483, 270.309679, 256, 37049.0
407, 78.333333, 667.642977, 34.082483, 239.909452, 256, 36774.0
408, 78.333333, 667.642977, 34.082483, 254.596366, 256, 36310.0
409, 78.333333, 667.642977, 34.082483, 262.473512, 256, 36452.0
410, 78.333333, 667.642977, 34.082483, 304.388407, 256, 36303.0
411, 78.333333, 667.642977, 34.082483, 237.246897, 256, 40585.0
412, 78.333333, 667.642977, 34.082483, 258.104514, 256, 36432.0
413, 78.333333, 667.642977, 34.082483, 241.878146, 256, 36452.0
414, 78.333333, 667.642977, 34.082483, 289.047062, 256, 36452.0
415, 78.333333, 667.642977, 34.082483, 247.146582, 256, 36809.0
416, 78.333333, 667.642977, 34.082483, 287.693184, 256, 36736.0
417, 78.333333, 667.642977, 34.082483, 271.575519, 256, 36176.0
418, 78.333333, 667.642977, 34.082483, 256.814620, 256, 36769.0
419, 78.333333, 667.642977, 34.082483, 240.499522, 256, 36512.0
420, 78.333333, 667.642977, 34.082483, 282.181293, 256, 36300.0
421, 78.333333, 667.642977, 34.082483, 260.047529, 256, 36393.0
422, 78.333333, 667.642977, 34.082483, 325.395705, 256, 36682.0
423, 78.333333, 667.642977, 34.082483, 264.064382, 256, 36469.0
424, 78.333333, 667.642977, 34.082483, 251.228239, 256, 36431.0
425, 78.333333, 667.642977, 34.082483, 266.574333, 256, 36485.0
426, 78.333333, 667.642977, 34.082483, 256.027538, 256, 36596.0
427, 78.333333, 667.642977, 34.082483, 254.697689, 256, 36569.0
428, 78.333333, 667.642977, 34.082483, 257.034724, 256, 36346.0
429, 78.333333, 667.642977, 34.082483, 255.828543, 256, 36564.0
430, 78.333333, 667.642977, 34.082483, 264.496555, 256, 36444.0
431, 78.333333, 667.642977, 34.082483, 263.389838, 256, 36554.0
432, 78.333333, 667.642977, 34.082483, 231.846991, 256, 36443.0
433, 78.333333, 667.642977, 34.082483, 301.420311, 256, 36796.0
434, 78.333333, 667.642977, 34.082483, 260.807235, 256, 37166.0
435, 78.333333, 667.642977, 34.082483, 268.102866, 256, 36464.0
436, 78.333333, 667.642977, 34.082483, 258.909154, 256, 36467.0
437, 78.333333, 667.642977, 34.082483, 254.831164, 256, 36437.0
438, 78.333333, 667.642977, 34.082483, 251.189783, 256, 36647.0
439, 78.333333, 667.642977, 34.082483, 288.042743, 256, 36453.0
440, 78.333333, 667.642977, 34.082483, 262.991701, 256, 36602.0
441, 78.333333, 667.642977, 34.082483, 251.092954, 256, 36528.0
442, 78.333333, 667.642977, 34.082483, 254.708714, 256, 36490.0
443, 78.333333, 667.642977, 34.082483, 266.205361, 256, 36825.0
444, 78.333333, 667.642977, 34.082483, 279.154310, 256, 36472.0
445, 78.333333, 667.642977, 34.082483, 302.871770, 256, 36443.0
446, 78.333333, 667.642977, 34.082483, 269.773618, 256, 36549.0
447, 78.333333, 667.642977, 34.082483, 249.784712, 256, 36680.0
448, 78.333333, 667.642977, 34.082483, 269.450170, 256, 36518.0
449, 78.333333, 667.642977, 34.082483, 256.529823, 256, 36554.0
450, 78.333333, 667.642977, 34.082483, 270.865237, 256, 36628.0
451, 78.333333, 667.642977, 34.082483, 255.198828, 256, 36448.0
452, 78.333333, 667.642977, 34.082483, 266.001632, 256, 36448.0
453, 78.333333, 667.642977, 34.082483, 306.746658, 256, 36637.0
454, 78.333333, 667.642977, 34.082483, 324.934017, 256, 36531.0
455, 78.333333, 667.642977, 34.082483, 244.050513, 256, 36572.0
456, 78.333333, 667.642977, 34.082483, 257.353935, 256, 36445.0
457, 78.333333, 667.642977, 34.082483, 238.027308, 256, 36708.0
458, 78.333333, 667.642977, 34.082483, 316.067535, 256, 36511.0
459, 78.333333, 667.642977, 34.082483, 248.428891, 256, 36366.0
460, 78.333333, 667.642977, 34.082483, 243.234867, 256, 36347.0
461, 78.333333, 667.642977, 34.082483, 246.620761, 256, 36577.0
462, 78.333333, 667.642977, 34.082483, 260.834383, 256, 36742.0
463, 78.333333, 667.642977, 34.082483, 245.192532, 256, 36735.0
464, 78.333333, 667.642977, 34.082483, 240.752697, 256, 36653.0
465, 78.333333, 667.642977, 34.082483, 282.942223, 256, 36554.0
466, 78.333333, 667.642977, 34.082483, 268.597829, 256, 36462.0
467, 78.333333, 667.642977, 34.082483, 293.436177, 256, 36325.0
468, 78.333333, 667.642977, 34.082483, 272.566421, 256, 36414.0
469, 78.333333, 667.642977, 34.082483, 291.542394, 256, 36339.0
470, 78.333333, 667.642977, 34.082483, 241.082605, 256, 36817.0
471, 78.333333, 667.642977, 34.082483, 242.483605, 256, 36361.0
472, 78.333333, 667.642977, 34.082483, 282.679563, 256, 36425.0
473, 78.333333, 667.642977, 34.082483, 247.442023, 256, 36555.0
474, 78.333333, 667.642977, 34.082483, 269.049641, 256, 36473.0
475, 78.333333, 667.642977, 34.082483, 297.306006, 256, 36355.0
476, 78.333333, 667.642977, 34.082483, 282.069506, 256, 36362.0
477, 78.333333, 667.642977, 34.082483, 295.113318, 256, 36370.0
478, 78.333333, 667.642977, 34.082483, 268.682839, 256, 36397.0
479, 78.333333, 667.642977, 34.082483, 242.404425, 256, 36412.0
480, 78.333333, 667.642977, 34.082483, 284.632409, 256, 36383.0
481, 78.333333, 667.642977, 34.082483, 300.430215, 256, 36514.0
482, 78.333333, 667.642977, 34.082483, 272.645844, 256, 36349.0
483, 78.333333, 667.642977, 34.082483, 278.759998, 256, 41274.0
484, 78.333333, 667.642977, 34.082483, 280.499102, 256, 36673.0
485, 78.333333, 667.642977, 34.082483, 292.486594, 256, 36446.0
486, 78.333333, 667.642977, 34.082483, 262.878543, 256, 36473.0
487, 78.333333, 667.642977, 34.082483, 275.022600, 256, 36363.0
488, 78.333333, 667.642977, 34.082483, 256.702741, 256, 36406.0
489, 78.333333, 667.642977, 34.082483, 236.526729, 256, 36843.0
490, 78.333333, 667.642977, 34.082483, 263.121074, 256, 36423.0
491, 78.333333, 667.642977, 34.082483, 264.223140, 256, 36419.0
492, 78.333333, 667.642977, 34.082483, 266.639411, 256, 36471.0
493, 78.333333, 667.642977, 34.082483, 318.587334, 256, 36569.0
494, 78.333333, 667.642977, 34.082483, 261.093401, 256, 36326.0
495, 78.333333, 667.642977, 34.082483, 265.073759, 256, 36430.0
496, 78.333333, 667.642977, 34.082483, 323.486409, 256, 36337.0
497, 78.333333, 667.642977, 34.082483, 266.785827, 256, 36672.0
498, 78.333333, 667.642977, 34.082483, 244.283874, 256, 36565.0
499, 78.333333, 667.642977, 34.082483, 264.886284, 256, 36597.0
500, 78.333333, 667.642977, 34.082483, 251.728810, 256, 36413.0
501, 78.333333, 667.642977, 34.082483, 304.636923, 256, 36769.0
502, 78.333333, 667.642977, 34.082483, 231.185565, 256, 36349.0
503, 78.333333, 667.642977, 34.082483, 301.080745, 256, 36467.0
504, 78.333333, 667.642977, 34.082483, 253.936052, 256, 36455.0
505, 78.333333, 667.642977, 34.082483, 274.111096, 256, 36506.0
506, 78.333333, 667.642977, 34.082483, 250.876865, 256, 36502.0
507, 78.333333, 667.642977, 34.082483, 241.256690, 256, 36470.0
508, 78.333333, 667.642977, 34.082483, 279.334968, 256, 36469.0
509, 78.333333, 667.642977, 34.082483, 255.880917, 256, 36367.0
510, 78.333333, 667.642977, 34.082483, 280.164105, 256, 36937.0
511, 78.333333, 667.642977, 34.082483, 243.549950, 256, 36832.0
512, 78.333333, 667.642977, 34.082483, 269.636824, 256, 40454.0
513, 78.333333, 667.642977, 34.082483, 236.128199, 256, 36566.0
514, 78.333333, 667.642977, 34.082483, 269.378337, 256, 36434.0
515, 78.333333, 667.642977, 34.082483, 244.573808, 256, 36349.0
516, 78.333333, 667.642977, 34.082483, 253.880683, 256, 36472.0
517, 78.333333, 667.642977, 34.082483, 267.946124, 256, 36375.0
518, 78.333333, 667.642977, 34.082483, 288.140244, 256, 36556.0
519, 78.333333, 667.642977, 34.082483, 286.543011, 256, 36835.0
520, 78.333333, 667.642977, 34.082483, 271.733609, 256, 36521.0
521, 78.333333, 667.642977, 34.082483, 274.055825, 256, 37106.0
522, 78.333333, 667.642977, 34.082483, 280.980516, 256, 36585.0
523, 78.333333, 667.642977, 34.082483, 250.594828, 256, 36517.0
524, 78.333333, 667.642977, 34.082483, 257.132724, 256, 36303.0
525, 78.333333, 667.642977, 34.082483, 262.171045, 256, 36343.0
526, 78.333333, 667.642977, 34.082483, 236.031234, 256, 41117.0
527, 78.333333, 667.642977, 34.082483, 230.832264, 256, 36332.0
528, 78.333333, 667.642977, 34.082483, 286.299734, 256, 36582.0
529, 78.333333, 667.642977, 34.082483, 249.460172, 256, 36641.0
530, 78.333333, 667.642977, 34.082483, 293.265355, 256, 36607.0
531, 78.333333, 667.642977, 34.082483, 271.913450, 256, 36382.0
532, 78.333333, 667.642977, 34.082483, 259.273043, 256, 36602.0
533, 78.333333, 667.642977, 34.082483, 266.822375, 256, 36377.0
534, 78.333333, 667.642977, 34.082483, 288.552228, 256, 36393.0
535, 78.333333, 667.642977, 34.082483, 264.591583, 256, 36374.0
536, 78.333333, 667.642977, 34.082483, 292.280399, 256, 36426.0
537, 78.333333, 667.642977, 34.082483, 260.262379, 256, 36618.0
538, 78.333333, 667.642977, 34.082483, 283.717300, 256, 36420.0
539, 78.333333, 667.642977, 34.082483, 277.952373, 256, 36736.0
540, 78.333333, 667.642977, 34.082483, 276.257349, 256, 40407.0
541, 78.333333, 667.642977, 34.082483, 250.650013, 256, 36401.0
542, 78.333333, 667.642977, 34.082483, 279.389856, 256, 36385.0
543, 78.333333, 667.642977, 34.082483, 284.092289, 256, 36545.0
544, 78.333333, 667.642977, 34.082483, 267.464084, 256, 36433.0
545, 78.333333, 667.642977, 34.082483, 283.325493, 256, 36465.0
546, 78.333333, 667.642977, 34.082483, 307.674727, 256, 36337.0
547, 78.333333, 667.642977, 34.082483, 251.377578, 256, 36559.0
548, 78.333333, 667.642977, 34.082483, 294.583900, 256, 36387.0
549, 78.333333, 667.642977, 34.082483, 248.969565, 256, 36569.0
550, 78.333333, 667.642977, 34.082483, 293.688819, 256, 36967.0
551, 78.333333, 667.642977, 34.082483, 253.477160, 256, 36376.0
552, 78.333333, 667.642977, 34.082483, 281.354725, 256, 36672.0
553, 78.333333, 667.642977, 34.082483, 243.397347, 256, 36602.0
554, 78.333333, 667.642977, 34.082483, 246.014185, 256, 40847.0
555, 78.333333, 667.642977, 34.082483, 257.227894, 256, 36919.0
556, 78.333333, 667.642977, 34.082483, 259.070130, 256, 36678.0
557, 78.333333, 667.642977, 34.082483, 275.738400, 256, 36812.0
558, 78.333333, 667.642977, 34.082483, 279.154796, 256, 36305.0
559, 78.333333, 667.642977, 34.082483, 284.512933, 256, 36684.0
560, 78.333333, 667.642977, 34.082483, 291.560460, 256, 36300.0
561, 78.333333, 667.642977, 34.082483, 228.304066, 256, 36303.0
562, 78.333333, 667.642977, 34.082483, 288.392952, 256, 36262.0
563, 78.333333, 667.642977, 34.082483, 271.843745, 256, 36308.0
564, 78.333333, 667.642977, 34.082483, 257.041064, 256, 36304.0
565, 78.333333, 667.642977, 34.082483, 247.116070, 256, 36313.0
566, 78.333333, 667.642977, 34.082483, 283.621246, 256, 36400.0
567, 78.333333, 667.642977, 34.082483, 304.681530, 256, 36360.0
568, 78.333333, 667.642977, 34.082483, 251.239794, 256, 36366.0
569, 78.333333, 667.642977, 34.082483, 266.173090, 256, 36612.0
570, 78.333333, 667.642977, 34.082483, 244.965965, 256, 36361.0
571, 78.333333, 667.642977, 34.082483, 235.356960, 256, 36357.0
572, 78.333333, 667.642977, 34.082483, 275.163406, 256, 36616.0
573, 78.333333, 667.642977, 34.082483, 245.866090, 256, 36352.0
574, 78.333333, 667.642977, 34.082483, 267.322864, 256, 36364.0
575, 78.333333, 667.642977, 34.082483, 246.686435, 256, 36360.0
576, 78.333333, 667.642977, 34.082483, 259.194151, 256, 36353.0
577, 78.333333, 667.642977, 34.082483, 261.353677, 256, 36356.0
578, 78.333333, 667.642977, 34.082483, 275.905523, 256, 36365.0
579, 78.333333, 667.642977, 34.082483, 257.419500, 256, 36338.0
580, 78.333333, 667.642977, 34.082483, 253.316864, 256, 36636.0
581, 78.333333, 667.642977, 34.082483, 285.712559, 256, 36659.0
582, 78.333333, 667.642977, 34.082483, 239.904796, 256, 36376.0
583, 78.333333, 667.642977, 34.082483, 232.677553, 256, 36533.0
584, 78.333333, 667.642977, 34.082483, 288.468442, 256, 36454.0
585, 78.333333, 667.642977, 34.082483, 268.759707, 256, 36657.0
586, 78.333333, 667.642977, 34.082483, 253.563910, 256, 36379.0
587, 78.333333, 667.642977, 34.082483, 234.393430, 256, 36366.0
588, 78.333333, 667.642977, 34.082483, 273.693411, 256, 36627.0
589, 78.333333, 667.642977, 34.082483, 305.861791, 256, 36530.0
590, 78.333333, 667.642977, 34.082483, 285.927622, 256, 47108.0
591, 78.333333, 667.642977, 34.082483, 316.406927, 256, 36363.0
592, 78.333333, 667.642977, 34.082483, 264.715102, 256, 36411.0
593, 78.333333, 667.642977, 34.082483, 278.971745, 256, 36463.0
594, 78.333333, 667.642977, 34.082483, 255.819719, 256, 36695.0
595, 78.333333, 667.642977, 34.082483, 296.261752, 256, 36393.0
596, 78.333333, 667.642977, 34.082483, 265.614773, 256, 36515.0
597, 78.333333, 667.642977, 34.082483, 278.946360, 256, 36444.0
598, 78.333333, 667.642977, 34.082483, 284.160457, 256, 36574.0
599, 78.333333, 667.642977, 34.082483, 237.625180, 256, 36419.0
600, 78.333333, 667.642977, 34.082483, 256.335621, 256, 36582.0
601, 78.333333, 667.642977, 34.082483, 299.062642, 256, 36586.0
602, 78.333333, 667.642977, 34.082483, 263.440869, 256, 36551.0
603, 78.333333, 667.642977, 34.082483, 274.377100, 256, 36631.0
604, 78.333333, 667.642977, 34.082483, 236.124393, 256, 36449.0
605, 78.333333, 667.642977, 34.082483, 243.717004, 256, 43564.0
606, 78.333333, 667.642977, 34.082483, 281.112049, 256, 36252.0
607, 78.333333, 667.642977, 34.082483, 235.919774, 256, 36250.0
608, 78.333333, 667.642977, 34.082483, 257.435871, 256, 36241.0
609, 78.333333, 667.642977, 34.082483, 274.486122, 256, 36244.0
610, 78.333333, 667.642977, 34.082483, 265.433549, 256, 36239.0
611, 78.333333, 667.642977, 34.082483, 262.564797, 256, 35882.0
612, 78.333333, 667.642977, 34.082483, 259.199982, 256, 36642.0
613, 78.333333, 667.642977, 34.082483, 277.925814, 256, 36346.0
614, 78.333333, 667.642977, 34.082483, 298.787473, 256, 36575.0
615, 78.333333, 667.642977, 34.082483, 264.749688, 256, 36398.0
616, 78.333333, 667.642977, 34.082483, 310.002199, 256, 36391.0
617, 78.333333, 667.642977, 34.082483, 262.587919, 256, 36503.0
618, 78.333333, 667.642977, 34.082483, 247.766462, 256, 36350.0
619, 78.333333, 667.642977, 34.082483, 286.932745, 256, 36455.0
620, 78.333333, 667.642977, 34.082483, 338.060024, 256, 37719.0
621, 78.333333, 667.642977, 34.082483, 243.546977, 256, 36358.0
622, 78.333333, 667.642977, 34.082483, 271.641468, 256, 36566.0
623, 78.333333, 667.642977, 34.082483, 271.129873, 256, 37001.0
624, 78.333333, 667.642977, 34.082483, 284.543679, 256, 36477.0
625, 78.333333, 667.642977, 34.082483, 299.833850, 256, 36400.0
626, 78.333333, 667.642977, 34.082483, 275.602792, 256, 36924.0
627, 78.333333, 667.642977, 34.082483, 244.468859, 256, 36663.0
628, 78.333333, 667.642977, 34.082483, 312.987277, 256, 36902.0
629, 78.333333, 667.642977, 34.082483, 241.612444, 256, 36499.0
630, 78.333333, 667.642977, 34.082483, 282.726452, 256, 36627.0
631, 78.333333, 667.642977, 34.082483, 268.584878, 256, 36693.0
632, 78.333333, 667.642977, 34.082483, 335.648348, 256, 36608.0
633, 78.333333, 667.642977, 34.082483, 230.756362, 256, 36806.0
634, 78.333333, 667.642977, 34.082483, 261.953835, 256, 36594.0
635, 78.333333, 667.642977, 34.082483, 297.174428, 256, 37429.0
636, 78.333333, 667.642977, 34.082483, 272.209771, 256, 36769.0
637, 78.333333, 667.642977, 34.082483, 288.133934, 256, 36637.0
638, 78.333333, 667.642977, 34.082483, 284.805531, 256, 36693.0
639, 78.333333, 667.642977, 34.082483, 268.236122, 256, 36646.0
640, 78.333333, 667.642977, 34.082483, 264.428229, 256, 36676.0
641, 78.333333, 667.642977, 34.082483, 284.396902, 256, 36668.0
642, 78.333333, 667.642977, 34.082483, 284.531649, 256, 36901.0
643, 78.333333, 667.642977, 34.082483, 314.582628, 256, 36736.0
644, 78.333333, 667.642977, 34.082483, 279.913699, 256, 36492.0
645, 78.333333, 667.642977, 34.082483, 255.683822, 256, 36605.0
646, 78.333333, 667.642977, 34.082483, 296.763626, 256, 36531.0
647, 78.333333, 667.642977, 34.082483, 293.333420, 256, 36640.0
648, 78.333333, 667.642977, 34.082483, 288.295734, 256, 36362.0
649, 78.333333, 667.642977, 34.082483, 241.866165, 256, 36670.0
650, 78.333333, 667.642977, 34.082483, 269.642289, 256, 36018.0
651, 78.333333, 667.642977, 34.082483, 326.749003, 256, 36480.0
652, 78.333333, 667.642977, 34.082483, 267.332383, 256, 40519.0
653, 78.333333, 667.642977, 34.082483, 276.064932, 256, 36458.0
654, 78.333333, 667.642977, 34.082483, 248.108493, 256, 36511.0
655, 78.333333, 667.642977, 34.082483, 334.547960, 256, 36351.0
656, 78.333333, 667.642977, 34.082483, 269.380812, 256, 36773.0
657, 78.333333, 667.642977, 34.082483, 249.020240, 256, 36407.0
658, 78.333333, 667.642977, 34.082483, 254.679689, 256, 36405.0
659, 78.333333, 667.642977, 34.082483, 270.489163, 256, 36360.0
660, 78.333333, 667.642977, 34.082483, 295.869264, 256, 36506.0
661, 78.333333, 667.642977, 34.082483, 269.102087, 256, 36293.0
662, 78.333333, 667.642977, 34.082483, 243.861552, 256, 36365.0
663, 78.333333, 667.642977, 34.082483, 243.302013, 256, 36367.0
664, 78.333333, 667.642977, 34.082483, 267.255770, 256, 36085.0
665, 78.333333, 667.642977, 34.082483, 284.326471, 256, 36606.0
666, 78.333333, 667.642977, 34.082483, 277.986706, 256, 42927.0
667, 78.333333, 667.642977, 34.082483, 257.129595, 256, 36565.0
668, 78.333333, 667.642977, 34.082483, 243.775442, 256, 36377.0
669, 78.333333, 667.642977, 34.082483, 265.968266, 256, 36366.0
670, 78.333333, 667.642977, 34.082483, 247.349008, 256, 36363.0
671, 78.333333, 667.642977, 34.082483, 261.503870, 256, 36359.0
672, 78.333333, 667.642977, 34.082483, 296.991356, 256, 36361.0
673, 78.333333, 667.642977, 34.082483, 252.977927, 256, 36343.0
674, 78.333333, 667.642977, 34.082483, 311.105698, 256, 36419.0
675, 78.333333, 667.642977, 34.082483, 254.103011, 256, 36359.0
676, 78.333333, 667.642977, 34.082483, 244.330802, 256, 36510.0
677, 78.333333, 667.642977, 34.082483, 255.657480, 256, 36300.0
678, 78.333333, 667.642977, 34.082483, 316.238082, 256, 36571.0
679, 78.333333, 667.642977, 34.082483, 280.037692, 256, 36298.0
680, 78.333333, 667.642977, 34.082483, 314.989385, 256, 40211.0
681, 78.333333, 667.642977, 34.082483, 362.608821, 256, 36381.0
682, 78.333333, 667.642977, 34.082483, 336.732262, 256, 36364.0
683, 78.333333, 667.642977, 34.082483, 255.035537, 256, 36359.0
684, 78.333333, 667.642977, 34.082483, 331.540506, 256, 36362.0
685, 78.333333, 667.642977, 34.082483, 268.271222, 256, 36300.0
686, 78.333333, 667.642977, 34.082483, 275.114978, 256, 36357.0
687, 78.333333, 667.642977, 34.082483, 270.554924, 256, 36553.0
688, 78.333333, 667.642977, 34.082483, 264.395680, 256, 36413.0
689, 78.333333, 667.642977, 34.082483, 334.391136, 256, 36765.0
690, 78.333333, 667.642977, 34.082483, 274.090452, 256, 36358.0
691, 78.333333, 667.642977, 34.082483, 278.453148, 256, 36335.0
692, 78.333333, 667.642977, 34.082483, 285.953372, 256, 40538.0
693, 78.333333, 667.642977, 34.082483, 279.714281, 256, 36458.0
694, 78.333333, 667.642977, 34.082483, 257.592926, 256, 36419.0
695, 78.333333, 667.642977, 34.082483, 258.865068, 256, 36377.0
696, 78.333333, 667.642977, 34.082483, 293.823353, 256, 36485.0
697, 78.333333, 667.642977, 34.082483, 286.155599, 256, 36468.0
698, 78.333333, 667.642977, 34.082483, 291.271331, 256, 36485.0
699, 78.333333, 667.642977, 34.082483, 242.557941, 256, 36448.0
700, 78.333333, 667.642977, 34.082483, 242.933282, 256, 36429.0
701, 78.333333, 667.642977, 34.082483, 226.919661, 256, 36389.0
702, 78.333333, 667.642977, 34.082483, 237.987276, 256, 36501.0
703, 78.333333, 667.642977, 34.082483, 295.322002, 256, 36439.0
704, 78.333333, 667.642977, 34.082483, 254.324498, 256, 36649.0
705, 78.333333, 667.642977, 34.082483, 258.341191, 256, 36490.0
706, 78.333333, 667.642977, 34.082483, 285.900602, 256, 36396.0
707, 78.333333, 667.642977, 34.082483, 294.374633, 256, 36725.0
708, 78.333333, 667.642977, 34.082483, 257.381082, 256, 36417.0
709, 78.333333, 667.642977, 34.082483, 291.012717, 256, 36379.0
710, 78.333333, 667.642977, 34.082483, 320.904575, 256, 36522.0
711, 78.333333, 667.642977, 34.082483, 282.055403, 256, 36462.0
712, 78.333333, 667.642977, 34.082483, 269.636238, 256, 36347.0
713, 78.333333, 667.642977, 34.082483, 269.499301, 256, 37059.0
714, 78.333333, 667.642977, 34.082483, 281.515463, 256, 36540.0
715, 78.333333, 667.642977, 34.082483, 257.751136, 256, 36344.0
716, 78.333333, 667.642977, 34.082483, 261.622683, 256, 36554.0
717, 78.333333, 667.642977, 34.082483, 277.476010, 256, 36470.0
718, 78.333333, 667.642977, 34.082483, 311.390342, 256, 36333.0
719, 78.333333, 667.642977, 34.082483, 350.257950, 256, 36485.0
720, 78.333333, 667.642977, 34.082483, 288.553857, 256, 36512.0
721, 78.333333, 667.642977, 34.082483, 262.460357, 256, 36471.0
722, 78.333333, 667.642977, 34.082483, 285.851600, 256, 36301.0
723, 78.333333, 667.642977, 34.082483, 263.959934, 256, 36495.0
724, 78.333333, 667.642977, 34.082483, 298.089186, 256, 36528.0
725, 78.333333, 667.642977, 34.082483, 352.029827, 256, 36469.0
726, 78.333333, 667.642977, 34.082483, 297.185488, 256, 36388.0
727, 78.333333, 667.642977, 34.082483, 329.616128, 256, 36533.0
728, 78.333333, 667.642977, 34.082483, 275.472303, 256, 36475.0
729, 78.333333, 667.642977, 34.082483, 262.006803, 256, 36373.0
730, 78.333333, 667.642977, 34.082483, 258.314438, 256, 36558.0
731, 78.333333, 667.642977, 34.082483, 268.408564, 256, 36510.0
732, 78.333333, 667.642977, 34.082483, 235.480219, 256, 36325.0
733, 78.333333, 667.642977, 34.082483, 289.275202, 256, 36695.0
734, 78.333333, 667.642977, 34.082483, 246.229375, 256, 36358.0
735, 78.333333, 667.642977, 34.082483, 282.400710, 256, 36017.0
736, 78.333333, 667.642977, 34.082483, 294.840464, 256, 36123.0
737, 78.333333, 667.642977, 34.082483, 272.715043, 256, 36583.0
738, 78.333333, 667.642977, 34.082483, 310.317515, 256, 36449.0
739, 78.333333, 667.642977, 34.082483, 293.566822, 256, 36385.0
740, 78.333333, 667.642977, 34.082483, 314.528859, 256, 36481.0
741, 78.333333, 667.642977, 34.082483, 271.898270, 256, 36408.0
742, 78.333333, 667.642977, 34.082483, 309.138890, 256, 36571.0
743, 78.333333, 667.642977, 34.082483, 266.559114, 256, 36366.0
744, 78.333333, 667.642977, 34.082483, 263.746898, 256, 36846.0
745, 78.333333, 667.642977, 34.082483, 279.147794, 256, 36525.0
746, 78.333333, 667.642977, 34.082483, 270.275778, 256, 36585.0
747, 78.333333, 667.642977, 34.082483, 274.294007, 256, 36419.0
748, 78.333333, 667.642977, 34.082483, 286.367518, 256, 36564.0
749, 78.333333, 667.642977, 34.082483, 292.408328, 256, 36505.0
750, 78.333333, 667.642977, 34.082483, 288.074904, 256, 36474.0
751, 78.333333, 667.642977, 34.082483, 282.847736, 256, 42826.0
752, 78.333333, 667.642977, 34.082483, 296.007549, 256, 36422.0
753, 78.333333, 667.642977, 34.082483, 278.332429, 256, 36916.0
754, 78.333333, 667.642977, 34.082483, 327.201538, 256, 36434.0
755, 78.333333, 667.642977, 34.082483, 318.131098, 256, 36462.0
756, 78.333333, 667.642977, 34.082483, 321.513079, 256, 36687.0
757, 78.333333, 667.642977, 34.082483, 291.442170, 256, 36358.0
758, 78.333333, 667.642977, 34.082483, 267.686833, 256, 37699.0
759, 78.333333, 667.642977, 34.082483, 312.286933, 256, 36626.0
760, 78.333333, 667.642977, 34.082483, 280.364343, 256, 37235.0
761, 78.333333, 667.642977, 34.082483, 294.169604, 256, 36778.0
762, 78.333333, 667.642977, 34.082483, 262.630856, 256, 36960.0
763, 78.333333, 667.642977, 34.082483, 240.170524, 256, 36485.0
764, 78.333333, 667.642977, 34.082483, 269.809566, 256, 36480.0
765, 78.333333, 667.642977, 34.082483, 245.069305, 256, 36540.0
766, 78.333333, 667.642977, 34.082483, 267.623474, 256, 36440.0
767, 78.333333, 667.642977, 34.082483, 269.478741, 256, 36568.0
768, 78.333333, 667.642977, 34.082483, 269.129622, 256, 36479.0
769, 78.333333, 667.642977, 34.082483, 283.260199, 256, 36679.0
770, 78.333333, 667.642977, 34.082483, 298.584583, 256, 36515.0
771, 78.333333, 667.642977, 34.082483, 295.007508, 256, 36298.0
772, 78.333333, 667.642977, 34.082483, 292.244439, 256, 36565.0
773, 78.333333, 667.642977, 34.082483, 251.191281, 256, 36472.0
774, 78.333333, 667.642977, 34.082483, 268.344312, 256, 36666.0
775, 78.333333, 667.642977, 34.082483, 301.461566, 256, 37637.0
776, 78.333333, 667.642977, 34.082483, 259.216621, 256, 36326.0
777, 78.333333, 667.642977, 34.082483, 292.643207, 256, 36909.0
778, 78.333333, 667.642977, 34.082483, 280.054977, 256, 36894.0
779, 78.333333, 667.642977, 34.082483, 244.632778, 256, 36750.0
780, 78.333333, 667.642977, 34.082483, 278.303182, 256, 37047.0
781, 78.333333, 667.642977, 34.082483, 263.592772, 256, 36629.0
782, 78.333333, 667.642977, 34.082483, 228.746881, 256, 36743.0
783, 78.333333, 667.642977, 34.082483, 258.393776, 256, 36656.0
784, 78.333333, 667.642977, 34.082483, 320.357822, 256, 36402.0
785, 78.333333, 667.642977, 34.082483, 309.563757, 256, 38112.0
786, 78.333333, 667.642977, 34.082483, 292.608306, 256, 36586.0
787, 78.333333, 667.642977, 34.082483, 265.879692, 256, 36521.0
788, 78.333333, 667.642977, 34.082483, 296.584141, 256, 36582.0
789, 78.333333, 667.642977, 34.082483, 279.583945, 256, 36356.0
790, 78.333333, 667.642977, 34.082483, 285.174380, 256, 36448.0
791, 78.333333, 667.642977, 34.082483, 305.493223, 256, 36595.0
792, 78.333333, 667.642977, 34.082483, 278.860655, 256, 36590.0
793, 78.333333, 667.642977, 34.082483, 282.108119, 256, 38848.0
794, 78.333333, 667.642977, 34.082483, 324.746943, 256, 36542.0
795, 78.333333, 667.642977, 34.082483, 284.421191, 256, 36550.0
796, 78.333333, 667.642977, 34.082483, 266.023127, 256, 36376.0
797, 78.333333, 667.642977, 34.082483, 271.443198, 256, 36421.0
798, 78.333333, 667.642977, 34.082483, 310.332494, 256, 36528.0
799, 78.333333, 667.642977, 34.082483, 259.880104, 256, 36585.0
800, 78.333333, 667.642977, 34.082483, 296.174912, 256, 36453.0
801, 78.333333, 667.642977, 34.082483, 258.342763, 256, 36473.0
802, 78.333333, 667.642977, 34.082483, 337.616000, 256, 36506.0
803, 78.333333, 667.642977, 34.082483, 255.120067, 256, 36419.0
804, 78.333333, 667.642977, 34.082483, 261.764195, 256, 36458.0
805, 78.333333, 667.642977, 34.082483, 251.164667, 256, 36511.0
806, 78.333333, 667.642977, 34.082483, 309.262373, 256, 36564.0
807, 78.333333, 667.642977, 34.082483, 285.230378, 256, 36578.0
808, 78.333333, 667.642977, 34.082483, 255.799128, 256, 36551.0
809, 78.333333, 667.642977, 34.082483, 269.976176, 256, 35958.0
810, 78.333333, 667.642977, 34.082483, 321.663004, 256, 36298.0
811, 78.333333, 667.642977, 34.082483, 272.625823, 256, 36311.0
812, 78.333333, 667.642977, 34.082483, 280.590232, 256, 36358.0
813, 78.333333, 667.642977, 34.082483, 256.075422, 256, 36358.0
814, 78.333333, 667.642977, 34.082483, 299.069103, 256, 36361.0
815, 78.333333, 667.642977, 34.082483, 294.491333, 256, 36360.0
816, 78.333333, 667.642977, 34.082483, 274.680276, 256, 36011.0
817, 78.333333, 667.642977, 34.082483, 259.543486, 256, 36496.0
818, 78.333333, 667.642977, 34.082483, 333.049638, 256, 36380.0
819, 78.333333, 667.642977, 34.082483, 269.212336, 256, 36361.0
820, 78.333333, 667.642977, 34.082483, 282.256571, 256, 36331.0
821, 78.333333, 667.642977, 34.082483, 274.386879, 256, 36469.0
822, 78.333333, 667.642977, 34.082483, 255.312701, 256, 36321.0
823, 78.333333, 667.642977, 34.082483, 257.188697, 256, 36377.0
824, 78.333333, 667.642977, 34.082483, 298.495010, 256, 36422.0
825, 78.333333, 667.642977, 34.082483, 295.108794, 256, 36344.0
826, 78.333333, 667.642977, 34.082483, 319.081927, 256, 36314.0
827, 78.333333, 667.642977, 34.082483, 320.446151, 256, 36362.0
828, 78.333333, 667.642977, 34.082483, 339.464927, 256, 36475.0
829, 78.333333, 667.642977, 34.082483, 305.470664, 256, 39170.0
830, 78.333333, 667.642977, 34.082483, 275.162482, 256, 36360.0
831, 78.333333, 667.642977, 34.082483, 296.809196, 256, 44799.0
832, 78.333333, 667.642977, 34.082483, 317.426073, 256, 36673.0
833, 78.333333, 667.642977, 34.082483, 267.450799, 256, 36498.0
834, 78.333333, 667.642977, 34.082483, 290.213868, 256, 36510.0
835, 78.333333, 667.642977, 34.082483, 321.313879, 256, 36496.0
836, 78.333333, 667.642977, 34.082483, 261.665670, 256, 36432.0
837, 78.333333, 667.642977, 34.082483, 268.819290, 256, 36361.0
838, 78.333333, 667.642977, 34.082483, 272.663475, 256, 36409.0
839, 78.333333, 667.642977, 34.082483, 292.683756, 256, 36467.0
840, 78.333333, 667.642977, 34.082483, 295.583392, 256, 36443.0
841, 78.333333, 667.642977, 34.082483, 279.223032, 256, 36657.0
842, 78.333333, 667.642977, 34.082483, 251.704284, 256, 36353.0
843, 78.333333, 667.642977, 34.082483, 327.008409, 256, 36719.0
844, 78.333333, 667.642977, 34.082483, 298.931200, 256, 36521.0
845, 78.333333, 667.642977, 34.082483, 321.529169, 256, 36311.0
846, 78.333333, 667.642977, 34.082483, 309.827254, 256, 36590.0
847, 78.333333, 667.642977, 34.082483, 263.000463, 256, 36580.0
848, 78.333333, 667.642977, 34.082483, 302.875434, 256, 36446.0
849, 78.333333, 667.642977, 34.082483, 269.477315, 256, 36298.0
850, 78.333333, 667.642977, 34.082483, 304.754609, 256, 36557.0
851, 78.333333, 667.642977, 34.082483, 275.202251, 256, 36519.0
852, 78.333333, 667.642977, 34.082483, 306.253161, 256, 36692.0
853, 78.333333, 667.642977, 34.082483, 255.527328, 256, 36564.0
854, 78.333333, 667.642977, 34.082483, 557.531821, 256, 36421.0
855, 78.333333, 667.642977, 34.082483, 235.730897, 256, 36490.0
856, 78.333333, 667.642977, 34.082483, 283.387918, 256, 36302.0
857, 78.333333, 667.642977, 34.082483, 318.802479, 256, 36456.0
858, 78.333333, 667.642977, 34.082483, 297.479950, 256, 36475.0
859, 78.333333, 667.642977, 34.082483, 314.142311, 256, 36618.0
860, 78.333333, 667.642977, 34.082483, 273.295320, 256, 36388.0
861, 78.333333, 667.642977, 34.082483, 337.599641, 256, 36624.0
862, 78.333333, 667.642977, 34.082483, 353.409874, 256, 36559.0
863, 78.333333, 667.642977, 34.082483, 314.842047, 256, 36394.0
864, 78.333333, 667.642977, 34.082483, 293.493624, 256, 36400.0
865, 78.333333, 667.642977, 34.082483, 272.460956, 256, 36394.0
866, 78.333333, 667.642977, 34.082483, 268.784571, 256, 36385.0
867, 78.333333, 667.642977, 34.082483, 271.146368, 256, 36547.0
868, 78.333333, 667.642977, 34.082483, 242.784814, 256, 36670.0
869, 78.333333, 667.642977, 34.082483, 289.776148, 256, 36377.0
870, 78.333333, 667.642977, 34.082483, 272.921796, 256, 36423.0
871, 78.333333, 667.642977, 34.082483, 312.279946, 256, 36413.0
872, 78.333333, 667.642977, 34.082483, 257.716015, 256, 36570.0
873, 78.333333, 667.642977, 34.082483, 247.682717, 256, 36508.0
874, 78.333333, 667.642977, 34.082483, 322.529983, 256, 36496.0
875, 78.333333, 667.642977, 34.082483, 263.247973, 256, 36766.0
876, 78.333333, 667.642977, 34.082483, 268.612165, 256, 36392.0
877, 78.333333, 667.642977, 34.082483, 343.199883, 256, 36395.0
878, 78.333333, 667.642977, 34.082483, 282.462399, 256, 36541.0
879, 78.333333, 667.642977, 34.082483, 264.051264, 256, 36695.0
880, 78.333333, 667.642977, 34.082483, 290.533461, 256, 36472.0
881, 78.333333, 667.642977, 34.082483, 256.219672, 256, 36884.0
882, 78.333333, 667.642977, 34.082483, 270.774705, 256, 36483.0
883, 78.333333, 667.642977, 34.082483, 253.788300, 256, 36702.0
884, 78.333333, 667.642977, 34.082483, 302.101054, 256, 36454.0
885, 78.333333, 667.642977, 34.082483, 271.709843, 256, 36672.0
886, 78.333333, 667.642977, 34.082483, 284.654895, 256, 36519.0
887, 78.333333, 667.642977, 34.082483, 252.384582, 256, 36492.0
888, 78.333333, 667.642977, 34.082483, 286.624165, 256, 36534.0
889, 78.333333, 667.642977, 34.082483, 282.805168, 256, 36429.0
890, 78.333333, 667.642977, 34.082483, 267.035466, 256, 36407.0
891, 78.333333, 667.642977, 34.082483, 281.090709, 256, 37000.0
892, 78.333333, 667.642977, 34.082483, 255.710002, 256, 36821.0
893, 78.333333, 667.642977, 34.082483, 260.434072, 256, 36972.0
894, 78.333333, 667.642977, 34.082483, 311.155328, 256, 36512.0
895, 78.333333, 667.642977, 34.082483, 284.076484, 256, 36796.0
896, 78.333333, 667.642977, 34.082483, 266.412848, 256, 36995.0
897, 78.333333, 667.642977, 34.082483, 334.394875, 256, 36750.0
898, 78.333333, 667.642977, 34.082483, 235.373326, 256, 37463.0
899, 78.333333, 667.642977, 34.082483, 314.192100, 256, 38038.0
900, 78.333333, 667.642977, 34.082483, 343.029041, 256, 39730.0
901, 78.333333, 667.642977, 34.082483, 289.834989, 256, 36547.0
902, 78.333333, 667.642977, 34.082483, 312.925855, 256, 36355.0
903, 78.333333, 667.642977, 34.082483, 265.892888, 256, 36682.0
904, 78.333333, 667.642977, 34.082483, 249.348010, 256, 36517.0
905, 78.333333, 667.642977, 34.082483, 307.110762, 256, 36517.0
906, 78.333333, 667.642977, 34.082483, 244.447335, 256, 36525.0
907, 78.333333, 667.642977, 34.082483, 253.862564, 256, 36896.0
908, 78.333333, 667.642977, 34.082483, 367.968508, 256, 36500.0
909, 78.333333, 667.642977, 34.082483, 283.175815, 256, 36374.0
910, 78.333333, 667.642977, 34.082483, 279.937546, 256, 36538.0
911, 78.333333, 667.642977, 34.082483, 262.885254, 256, 36798.0
912, 78.333333, 667.642977, 34.082483, 277.346218, 256, 36513.0
913, 78.333333, 667.642977, 34.082483, 256.447003, 256, 37056.0
914, 78.333333, 667.642977, 34.082483, 262.041056, 256, 36842.0
915, 78.333333, 667.642977, 34.082483, 261.408885, 256, 37130.0
916, 78.333333, 667.642977, 34.082483, 283.415225, 256, 36712.0
917, 78.333333, 667.642977, 34.082483, 239.957546, 256, 36489.0
918, 78.333333, 667.642977, 34.082483, 259.993519, 256, 36728.0
919, 78.333333, 667.642977, 34.082483, 297.191193, 256, 36426.0
920, 78.333333, 667.642977, 34.082483, 289.330462, 256, 36487.0
921, 78.333333, 667.642977, 34.082483, 309.014310, 256, 36869.0
922, 78.333333, 667.642977, 34.082483, 287.521698, 256, 36847.0
923, 78.333333, 667.642977, 34.082483, 286.513633, 256, 37248.0
924, 78.333333, 667.642977, 34.082483, 262.240258, 256, 36716.0
925, 78.333333, 667.642977, 34.082483, 239.310617, 256, 36839.0
926, 78.333333, 667.642977, 34.082483, 392.650008, 256, 36848.0
927, 78.333333, 667.642977, 34.082483, 267.085064, 256, 36790.0
928, 78.333333, 667.642977, 34.082483, 266.376001, 256, 36551.0
929, 78.333333, 667.642977, 34.082483, 275.260454, 256, 36352.0
930, 78.333333, 667.642977, 34.082483, 288.983182, 256, 36297.0
931, 78.333333, 667.642977, 34.082483, 271.641256, 256, 36365.0
932, 78.333333, 667.642977, 34.082483, 357.029837, 256, 36242.0
933, 78.333333, 667.642977, 34.082483, 274.607292, 256, 36299.0
934, 78.333333, 667.642977, 34.082483, 336.964141, 256, 36308.0
935, 78.333333, 667.642977, 34.082483, 263.561977, 256, 36308.0
936, 78.333333, 667.642977, 34.082483, 274.906841, 256, 36300.0
937, 78.333333, 667.642977, 34.082483, 257.528787, 256, 36405.0
938, 78.333333, 667.642977, 34.082483, 247.813983, 256, 36350.0
939, 78.333333, 667.642977, 34.082483, 291.764143, 256, 36396.0
940, 78.333333, 667.642977, 34.082483, 272.200947, 256, 36461.0
941, 78.333333, 667.642977, 34.082483, 266.373072, 256, 36572.0
942, 78.333333, 667.642977, 34.082483, 276.447000, 256, 36409.0
943, 78.333333, 667.642977, 34.082483, 278.428554, 256, 36681.0
944, 78.333333, 667.642977, 34.082483, 309.415464, 256, 36498.0
945, 78.333333, 667.642977, 34.082483, 264.177677, 256, 36412.0
946, 78.333333, 667.642977, 34.082483, 264.578924, 256, 36403.0
947, 78.333333, 667.642977, 34.082483, 260.327255, 256, 36770.0
948, 78.333333, 667.642977, 34.082483, 285.556267, 256, 36357.0
949, 78.333333, 667.642977, 34.082483, 253.822665, 256, 36409.0
950, 78.333333, 667.642977, 34.082483, 229.494063, 256, 36401.0
951, 78.333333, 667.642977, 34.082483, 314.101666, 256, 36347.0
952, 78.333333, 667.642977, 34.082483, 336.467217, 256, 36534.0
953, 78.333333, 667.642977, 34.082483, 280.283694, 256, 36391.0
954, 78.333333, 667.642977, 34.082483, 280.129041, 256, 36809.0
955, 78.333333, 667.642977, 34.082483, 272.562054, 256, 36420.0
956, 78.333333, 667.642977, 34.082483, 253.851566, 256, 36555.0
957, 78.333333, 667.642977, 34.082483, 284.679379, 256, 36458.0
958, 78.333333, 667.642977, 34.082483, 258.970900, 256, 36460.0
959, 78.333333, 667.642977, 34.082483, 289.190849, 256, 36624.0
960, 78.333333, 667.642977, 34.082483, 278.673676, 256, 36506.0
961, 78.333333, 667.642977, 34.082483, 276.195952, 256, 36427.0
962, 78.333333, 667.642977, 34.082483, 319.132484, 256, 36669.0
963, 78.333333, 667.642977, 34.082483, 301.049607, 256, 36418.0
964, 78.333333, 667.642977, 34.082483, 253.403699, 256, 36431.0
965, 78.333333, 667.642977, 34.082483, 285.398240, 256, 36664.0
966, 78.333333, 667.642977, 34.082483, 265.710201, 256, 36640.0
967, 78.333333, 667.642977, 34.082483, 244.850468, 256, 36506.0
968, 78.333333, 667.642977, 34.082483, 270.628523, 256, 38495.0
969, 78.333333, 667.642977, 34.082483, 280.344229, 256, 39341.0
970, 78.333333, 667.642977, 34.082483, 286.450132, 256, 40532.0
971, 78.333333, 667.642977, 34.082483, 244.674936, 256, 37857.0
972, 78.333333, 667.642977, 34.082483, 280.235521, 256, 36475.0
973, 78.333333, 667.642977, 34.082483, 279.734044, 256, 36682.0
974, 78.333333, 667.642977, 34.082483, 277.790060, 256, 36797.0
975, 78.333333, 667.642977, 34.082483, 263.924107, 256, 37183.0
976, 78.333333, 667.642977, 34.082483, 328.525784, 256, 36669.0
977, 78.333333, 667.642977, 34.082483, 249.008717, 256, 36719.0
978, 78.333333, 667.642977, 34.082483, 300.025840, 256, 36585.0
979, 78.333333, 667.642977, 34.082483, 292.134869, 256, 36591.0
980, 78.333333, 667.642977, 34.082483, 240.555805, 256, 36758.0
981, 78.333333, 667.642977, 34.082483, 295.429119, 256, 36419.0
982, 78.333333, 667.642977, 34.082483, 256.766685, 256, 36495.0
983, 78.333333, 667.642977, 34.082483, 282.692489, 256, 36416.0
984, 78.333333, 667.642977, 34.082483, 252.900574, 256, 36310.0
985, 78.333333, 667.642977, 34.082483, 277.313712, 256, 36624.0
986, 78.333333, 667.642977, 34.082483, 269.958678, 256, 36406.0
987, 78.333333, 667.642977, 34.082483, 262.646548, 256, 36598.0
988, 78.333333, 667.642977, 34.082483, 302.758894, 256, 36407.0
989, 78.333333, 667.642977, 34.082483, 332.073480, 256, 36398.0
990, 78.333333, 667.642977, 34.082483, 281.227391, 256, 36350.0
991, 78.333333, 667.642977, 34.082483, 234.470379, 256, 36360.0
992, 78.333333, 667.642977, 34.082483, 297.598623, 256, 36305.0
993, 78.333333, 667.642977, 34.082483, 262.194919, 256, 36369.0
994, 78.333333, 667.642977, 34.082483, 241.013563, 256, 36307.0
995, 78.333333, 667.642977, 34.082483, 316.952978, 256, 36305.0
996, 78.333333, 667.642977, 34.082483, 243.549146, 256, 36402.0
997, 78.333333, 667.642977, 34.082483, 282.609833, 256, 35951.0
998, 78.333333, 667.642977, 34.082483, 282.417524, 256, 36398.0
999, 78.333333, 667.642977, 34.082483, 264.375797, 256, 36305.0
