#idx, x0, x1, x2, y, f_neval, total_time (us), 
0, 70.824805, 664.614051, 36.534415, 176.499063, 4655, 690801.0
1, 72.534064, 663.702533, 37.461692, 205.218394, 4456, 658183.0
2, 72.108572, 663.028098, 37.299534, 199.533693, 4485, 663291.0
3, 70.124508, 663.637613, 37.083452, 204.705051, 4590, 683616.0
4, 72.156622, 663.898425, 36.219855, 219.500828, 4469, 660275.0
5, 70.777000, 663.281910, 36.935044, 210.111971, 4464, 660092.0
6, 71.911888, 663.135164, 38.386025, 197.746652, 4532, 671855.0
7, 73.394439, 662.427178, 37.249633, 210.583043, 4465, 661077.0
8, 72.085592, 664.885569, 36.951432, 204.645374, 4348, 642204.0
9, 72.436694, 663.804443, 36.842845, 220.306011, 4407, 651368.0
10, 75.443652, 663.831985, 37.043567, 232.466940, 4462, 673208.0
11, 72.167878, 664.080154, 36.359300, 197.734844, 4389, 648898.0
12, 71.535353, 662.944633, 38.437146, 185.660130, 4523, 674275.0
13, 72.323690, 664.680436, 36.920555, 234.374026, 4319, 635574.0
14, 71.923071, 662.498495, 37.244681, 214.388355, 4386, 646716.0
15, 70.172194, 664.554760, 37.165850, 177.196209, 4609, 682527.0
16, 70.102414, 663.280251, 37.792543, 175.921820, 4655, 691394.0
17, 71.445124, 664.939204, 35.645301, 194.872524, 4368, 647469.0
18, 68.628225, 663.003590, 37.185054, 204.666520, 4565, 678961.0
19, 74.243682, 663.613661, 37.269569, 231.853337, 4417, 649392.0
20, 72.858191, 663.179043, 38.075128, 205.510831, 4507, 667612.0
21, 72.335783, 663.846359, 37.234402, 185.879515, 4515, 667742.0
22, 69.156159, 663.811014, 36.865202, 186.318274, 4637, 688383.0
23, 73.457731, 661.648142, 38.253432, 218.629654, 4412, 652868.0
24, 72.192621, 663.305192, 37.054456, 217.097199, 4357, 643462.0
25, 70.760436, 663.803238, 38.643478, 197.012352, 4480, 664844.0
26, 74.614840, 664.130460, 36.708913, 223.056986, 4422, 652723.0
27, 70.778863, 664.493880, 36.719904, 185.369813, 4568, 679138.0
28, 71.372410, 662.545908, 37.883971, 187.085545, 4664, 693506.0
29, 72.225966, 664.233875, 36.626651, 198.761457, 4379, 660767.0
30, 69.973283, 663.705039, 37.604320, 176.270938, 4583, 683943.0
31, 70.008164, 663.229076, 37.882752, 200.085410, 4541, 685966.0
32, 69.951139, 663.583565, 37.849899, 183.185305, 4545, 675850.0
33, 70.914143, 662.356793, 38.296236, 176.790609, 4403, 654812.0
34, 70.098531, 662.436756, 37.784877, 182.210306, 4541, 675649.0
35, 73.769141, 662.951792, 37.327045, 212.696208, 4481, 664440.0
36, 71.768437, 662.936722, 38.391744, 191.998664, 4407, 653571.0
37, 68.954260, 662.211905, 37.372146, 179.372067, 4706, 700253.0
38, 70.485443, 664.007009, 36.710875, 203.647927, 4574, 678726.0
39, 68.340241, 661.893047, 37.894619, 166.746186, 4666, 694662.0
40, 71.608906, 663.433547, 37.441507, 191.181902, 4431, 657487.0
41, 71.223292, 664.358290, 36.373682, 181.464520, 4472, 664310.0
42, 68.129538, 662.659677, 38.032583, 185.708197, 4603, 685352.0
43, 72.461242, 663.121476, 37.496298, 206.770790, 4539, 701323.0
44, 71.338508, 662.941100, 38.811975, 169.490778, 4550, 675255.0
45, 69.063280, 663.020867, 38.816785, 190.972949, 4515, 674343.0
46, 69.843388, 664.696483, 36.410692, 198.393339, 4634, 692030.0
47, 71.148538, 664.230728, 36.785979, 193.505481, 4414, 657972.0
48, 69.508885, 662.627852, 37.555331, 187.386280, 4546, 675572.0
49, 71.858385, 663.376721, 36.781244, 186.479613, 4513, 667647.0
50, 72.632368, 663.760054, 36.215546, 183.327997, 4475, 662112.0
51, 72.871986, 664.212933, 37.478494, 199.153312, 4464, 660598.0
52, 66.429328, 663.795724, 36.460068, 165.021288, 4540, 674481.0
53, 70.876971, 663.508452, 36.919243, 222.139715, 4262, 630065.0
54, 71.519791, 662.915805, 38.469772, 203.193446, 4418, 655732.0
55, 69.048648, 663.762150, 37.669256, 168.757066, 4657, 693015.0
56, 70.968760, 664.229083, 37.869742, 192.357255, 4504, 668640.0
57, 68.472893, 662.583808, 37.015418, 173.209795, 4604, 685315.0
58, 70.232186, 663.217067, 37.637824, 186.910149, 4585, 682265.0
59, 69.168062, 663.578145, 37.915330, 174.069017, 4589, 682237.0
60, 71.861554, 664.475460, 37.245737, 190.247900, 4434, 656471.0
61, 68.673323, 663.623390, 37.854406, 153.742120, 4655, 692660.0
62, 68.886448, 662.714404, 37.706569, 162.847350, 4635, 688219.0
63, 68.608050, 663.629988, 36.405516, 179.827920, 4617, 685950.0
64, 70.617628, 664.438130, 37.110124, 189.360226, 4553, 676341.0
65, 67.652622, 663.380986, 36.849397, 180.889891, 4626, 687212.0
66, 68.444116, 662.621217, 37.719506, 171.279860, 4622, 688111.0
67, 72.549973, 663.629638, 36.427963, 214.122843, 4343, 642082.0
68, 66.697818, 662.358429, 37.667873, 183.645443, 4487, 666783.0
69, 69.354833, 662.947619, 37.765545, 207.568446, 4460, 662422.0
70, 68.274802, 663.788802, 36.908936, 165.626188, 4624, 689354.0
71, 69.861189, 664.859586, 36.984645, 191.918942, 4695, 698459.0
72, 71.267243, 663.013932, 37.702410, 199.833097, 4398, 652787.0
73, 65.159434, 662.960104, 37.514958, 183.145574, 4471, 664298.0
74, 69.768118, 663.925033, 36.624748, 175.130664, 4643, 689083.0
75, 69.580618, 663.252430, 38.106471, 185.560529, 4676, 695185.0
76, 67.143620, 663.256746, 36.335931, 185.245635, 4398, 667938.0
77, 67.461384, 662.602112, 37.547885, 163.675255, 4673, 695822.0
78, 69.877446, 663.190564, 37.383543, 181.061774, 4621, 687004.0
79, 70.621993, 662.266141, 38.359899, 204.069003, 4458, 662836.0
80, 67.628436, 663.373387, 37.636720, 168.275207, 4627, 688514.0
81, 68.239210, 663.210211, 37.785471, 161.734022, 4633, 689935.0
82, 68.613625, 663.908447, 36.210901, 159.419447, 4725, 704259.0
83, 71.326323, 664.443738, 36.143886, 190.028507, 4704, 699010.0
84, 68.078629, 662.268018, 37.596506, 177.955640, 4629, 687906.0
85, 70.415669, 665.021351, 36.604390, 204.554126, 4387, 650667.0
86, 67.927811, 663.501728, 37.578143, 173.649154, 4500, 671076.0
87, 67.624023, 662.972219, 36.832806, 170.638236, 4583, 685511.0
88, 67.280809, 663.193226, 36.802642, 174.025183, 4556, 681407.0
89, 68.843708, 664.824921, 36.116136, 156.769163, 4739, 708980.0
90, 72.022014, 663.975190, 35.997119, 214.557992, 4398, 651237.0
91, 68.378582, 661.979055, 38.080780, 176.490693, 4591, 684397.0
92, 67.702816, 662.059819, 38.166504, 187.089132, 4747, 705705.0
93, 67.493492, 662.740057, 37.461139, 193.620949, 4524, 671471.0
94, 70.119675, 664.212082, 36.636486, 171.915603, 4673, 714105.0
95, 69.326547, 663.190929, 38.558183, 166.709685, 4649, 697263.0
96, 68.751875, 664.263883, 35.742498, 172.307808, 4749, 755642.0
97, 69.443622, 664.224797, 36.169327, 175.164108, 4662, 692990.0
98, 69.486093, 663.245034, 37.130299, 164.233287, 4789, 713012.0
99, 68.700399, 664.258997, 36.837127, 180.973355, 4523, 673133.0
100, 66.202989, 662.490552, 37.580773, 170.213826, 4500, 672673.0
101, 69.684769, 663.449732, 36.793409, 202.552780, 4518, 675825.0
102, 67.380282, 662.465692, 38.207983, 162.178210, 4588, 690169.0
103, 68.481011, 662.646704, 38.426187, 173.950408, 4685, 701372.0
104, 69.576284, 664.670460, 35.669398, 180.889488, 4599, 683873.0
105, 68.363598, 663.197006, 36.865024, 188.094818, 4544, 678323.0
106, 71.370588, 664.750771, 36.394652, 195.722141, 4510, 670404.0
107, 70.696532, 662.939577, 38.211221, 181.087063, 4599, 684709.0
108, 68.476248, 663.285042, 37.086000, 187.941909, 4442, 681701.0
109, 69.151365, 663.857899, 37.147378, 177.885524, 4607, 690299.0
110, 69.039708, 664.606288, 36.892976, 177.451405, 4651, 696484.0
111, 69.723167, 663.829562, 37.419501, 183.951193, 4440, 670324.0
112, 69.912208, 662.170499, 37.614233, 189.390653, 4667, 698489.0
113, 69.832988, 662.636940, 38.429578, 161.516617, 4713, 707475.0
114, 71.527419, 664.788030, 36.733542, 198.347879, 4452, 663095.0
115, 67.098152, 662.680561, 38.259792, 168.789399, 4622, 697896.0
116, 72.058954, 664.581090, 36.433401, 223.582314, 4374, 647227.0
117, 70.301839, 664.771906, 36.156166, 216.969875, 4367, 649064.0
118, 68.825059, 663.302145, 37.959948, 193.611644, 4638, 689729.0
119, 66.051121, 663.313394, 37.744817, 150.708336, 4633, 689243.0
120, 66.954203, 663.243603, 38.038787, 158.178955, 4588, 682586.0
121, 67.075905, 663.694696, 35.978135, 178.444209, 4413, 655735.0
122, 71.668297, 662.730475, 37.818275, 204.972397, 4357, 645313.0
123, 69.736170, 663.308837, 37.812171, 177.614978, 4672, 694555.0
124, 70.388163, 662.941303, 37.188523, 162.937364, 4639, 689629.0
125, 68.420091, 662.184959, 37.827223, 184.682055, 4671, 695459.0
126, 68.431407, 662.926589, 38.633608, 180.727182, 4634, 689441.0
127, 66.574465, 662.747826, 37.229413, 171.652334, 4509, 670251.0
128, 70.784641, 663.830939, 37.029958, 191.853245, 4603, 691288.0
129, 70.269171, 662.932836, 37.385928, 184.129959, 4648, 692968.0
130, 69.840555, 665.042289, 36.792730, 175.660259, 4654, 712189.0
131, 70.983236, 663.138987, 38.498728, 199.635333, 4357, 646627.0
132, 71.559748, 662.521807, 38.151420, 193.014693, 4501, 666461.0
133, 68.258440, 664.299033, 36.147813, 159.231403, 4605, 682072.0
134, 69.278921, 664.262604, 36.030228, 198.281400, 4580, 678524.0
135, 71.454565, 664.805400, 36.269420, 215.860389, 4413, 662616.0
136, 71.336199, 662.509948, 37.688940, 202.498198, 4397, 656085.0
137, 70.010362, 663.537209, 37.172252, 178.918556, 4611, 695671.0
138, 68.524309, 662.450405, 37.387843, 165.967931, 4663, 704692.0
139, 71.132347, 662.935861, 37.969258, 199.308618, 4465, 665006.0
140, 69.309733, 664.870057, 36.162071, 184.944832, 4791, 734775.0
141, 70.737210, 663.739963, 36.020650, 183.434176, 4640, 699287.0
142, 71.062166, 663.675105, 37.876367, 183.086482, 4587, 681683.0
143, 69.789096, 662.327794, 37.380658, 178.309074, 4628, 686993.0
144, 73.510236, 663.653486, 37.363329, 203.679837, 4461, 659022.0
145, 69.102682, 664.771910, 36.369019, 188.182184, 4695, 697032.0
146, 68.946266, 664.043324, 36.622730, 170.224460, 4643, 688699.0
147, 73.565130, 664.151646, 36.730747, 217.604375, 4510, 667577.0
148, 69.122572, 663.234677, 37.061055, 179.549140, 4672, 695955.0
149, 73.051395, 662.832746, 37.609492, 206.515308, 4523, 669963.0
150, 66.720018, 662.662164, 37.001492, 191.479308, 4353, 646272.0
151, 71.382648, 662.752983, 37.479736, 211.876273, 4476, 665361.0
152, 73.051244, 662.671572, 38.029089, 203.521556, 4500, 666966.0
153, 70.589698, 663.918260, 36.983361, 189.052516, 4587, 681670.0
154, 69.271858, 663.923711, 37.138104, 162.687700, 4675, 695137.0
155, 70.443612, 663.552293, 37.710595, 175.745434, 4716, 700997.0
156, 67.193187, 662.392301, 37.337173, 180.528789, 4452, 661383.0
157, 68.408054, 661.479798, 38.103993, 187.442042, 4573, 679590.0
158, 72.102475, 663.053407, 37.932191, 210.742259, 4481, 663439.0
159, 69.757143, 662.781154, 36.980867, 171.175518, 4700, 698341.0
160, 72.658721, 662.701624, 37.718081, 194.999580, 4319, 642914.0
161, 72.828392, 664.424632, 36.905794, 214.457463, 4420, 652095.0
162, 71.727287, 662.710128, 36.999189, 187.472679, 4493, 664152.0
163, 71.742691, 663.046162, 37.299546, 201.026464, 4478, 662746.0
164, 69.371422, 663.354930, 37.582577, 182.066185, 4599, 684151.0
165, 71.159304, 663.413606, 37.184869, 177.689692, 4520, 669672.0
166, 69.201087, 663.995423, 37.555513, 172.051484, 4580, 681139.0
167, 71.183142, 663.421387, 36.229449, 198.379836, 4276, 632241.0
168, 70.568895, 662.544745, 38.477443, 181.342714, 4535, 673403.0
169, 67.892154, 663.776580, 35.794061, 185.006383, 4424, 656354.0
170, 70.875071, 664.377348, 36.751743, 190.075108, 4619, 684835.0
171, 67.773329, 662.245974, 38.134394, 166.743686, 4552, 676404.0
172, 69.661254, 663.165042, 37.273979, 193.019615, 4527, 674361.0
173, 71.746571, 663.022797, 37.345193, 175.919864, 4510, 670130.0
174, 68.578216, 662.971463, 37.809763, 182.571676, 4479, 666659.0
175, 70.410342, 661.847310, 38.135255, 192.767483, 4490, 667951.0
176, 71.169142, 662.673452, 37.830329, 196.721772, 4607, 684271.0
177, 73.511989, 663.980963, 37.132512, 197.377570, 4481, 663942.0
178, 67.851952, 663.120494, 36.686777, 175.713089, 4481, 666595.0
179, 69.114204, 664.025192, 37.382625, 184.653159, 4640, 690674.0
180, 69.411725, 664.091919, 36.182184, 197.504223, 4592, 681552.0
181, 68.266526, 662.967053, 36.756394, 153.341020, 4693, 697516.0
182, 68.575915, 662.519841, 37.625625, 183.950496, 4591, 681914.0
183, 68.020424, 662.797023, 37.657502, 168.529231, 4570, 679326.0
184, 72.088567, 664.129055, 37.125435, 210.415757, 4376, 648239.0
185, 70.944375, 662.330518, 37.496827, 166.582764, 4734, 704418.0
186, 68.018543, 662.513865, 37.050317, 179.881569, 4604, 702047.0
187, 69.368636, 661.957998, 37.506412, 183.457787, 4506, 679527.0
188, 70.425105, 663.499177, 37.074087, 192.982141, 4546, 683820.0
189, 68.313014, 664.612578, 35.166099, 192.411639, 4462, 679457.0
190, 69.516696, 661.985437, 37.634257, 173.571991, 4695, 697915.0
191, 69.918607, 664.348412, 37.273481, 174.492707, 4648, 691697.0
192, 72.609728, 662.781277, 37.800848, 193.859755, 4442, 657944.0
193, 70.719946, 662.638329, 38.873867, 199.360740, 4396, 652521.0
194, 71.037093, 663.795984, 37.783257, 182.845302, 4382, 656341.0
195, 72.703454, 662.330132, 37.695900, 195.723211, 4572, 681785.0
196, 72.909545, 661.931570, 38.249681, 183.731844, 4492, 685047.0
197, 70.015007, 664.011728, 37.195517, 166.854971, 4667, 694308.0
198, 69.245166, 663.183419, 38.218824, 154.983377, 4669, 694548.0
199, 70.534525, 664.231151, 36.758537, 187.425910, 4521, 671016.0
200, 71.822441, 663.191006, 38.194911, 178.863882, 4596, 682586.0
201, 70.997615, 662.059319, 37.323029, 182.132129, 4584, 698669.0
202, 69.376451, 663.213587, 37.923271, 175.655761, 4748, 705634.0
203, 71.748555, 662.733951, 38.905486, 179.992326, 4581, 680255.0
204, 70.533179, 662.149518, 38.485260, 197.865074, 4629, 686252.0
205, 70.081101, 664.320416, 37.203323, 184.408403, 4515, 670385.0
206, 71.289517, 663.529276, 36.655218, 198.775113, 4369, 645469.0
207, 70.335365, 664.024790, 35.869858, 192.782321, 4489, 666483.0
208, 70.594393, 663.877401, 36.385525, 195.360997, 4536, 672558.0
209, 73.352698, 664.273190, 36.854538, 204.946992, 4480, 662627.0
210, 74.050549, 663.976849, 37.349460, 236.914182, 4417, 652068.0
211, 72.311496, 664.457248, 36.523050, 190.189414, 4446, 657538.0
212, 72.839952, 664.672984, 37.015961, 218.374197, 4416, 652569.0
213, 72.516672, 663.077372, 37.662171, 241.846563, 4317, 638543.0
214, 73.402058, 663.680092, 38.275589, 215.033050, 4500, 665218.0
215, 72.809107, 664.320858, 36.701025, 199.886269, 4381, 646578.0
216, 69.259635, 662.075720, 37.703268, 185.060461, 4684, 695174.0
217, 70.274957, 663.060086, 37.659617, 177.035666, 4700, 697242.0
218, 69.954174, 663.743687, 36.317638, 189.541132, 4493, 666271.0
219, 74.742710, 664.077899, 36.210176, 251.325239, 4387, 645468.0
220, 72.389896, 663.652199, 38.570833, 196.718428, 4470, 662458.0
221, 72.074659, 663.361233, 37.800915, 212.252003, 4422, 672786.0
222, 70.967429, 663.374540, 37.650700, 199.505472, 4463, 664395.0
223, 71.957665, 664.624851, 36.097546, 192.399831, 4469, 662203.0
224, 69.755121, 662.071976, 38.355812, 180.228954, 4661, 693474.0
225, 71.197096, 662.392052, 38.356121, 177.861736, 4573, 678724.0
226, 69.832478, 662.560229, 38.568896, 160.761197, 4684, 696408.0
227, 70.086028, 664.425505, 35.563316, 202.774721, 4492, 669222.0
228, 71.330794, 664.504587, 37.010118, 188.422785, 4554, 677232.0
229, 72.379587, 663.848112, 36.654817, 195.118749, 4398, 649915.0
230, 69.940507, 663.137025, 36.868421, 199.032872, 4531, 673708.0
231, 76.786010, 664.560958, 36.506227, 238.597649, 4554, 670848.0
232, 71.209907, 663.466482, 38.136429, 181.147142, 4454, 662075.0
233, 71.070306, 662.963702, 37.844751, 165.130563, 4690, 697919.0
234, 69.307445, 663.553495, 36.894011, 186.906056, 4637, 689556.0
235, 72.021359, 663.365002, 37.900648, 184.583958, 4527, 671483.0
236, 69.720749, 663.251497, 38.771542, 177.437785, 4613, 684989.0
237, 69.354623, 664.130950, 37.123562, 187.606183, 4721, 701500.0
238, 69.776692, 662.660400, 37.620720, 183.406869, 4577, 680413.0
239, 72.672974, 664.329382, 37.061767, 177.114373, 4499, 664449.0
240, 68.838071, 662.860488, 37.183885, 188.838465, 4662, 692293.0
241, 69.548776, 663.066895, 37.652490, 179.084541, 4605, 685005.0
242, 68.258176, 662.384104, 38.293546, 163.977701, 4697, 699771.0
243, 71.889033, 663.835493, 37.574997, 199.790025, 4454, 659862.0
244, 69.308857, 664.485959, 36.201036, 178.110608, 4687, 699312.0
245, 67.199147, 661.924609, 37.678781, 170.232733, 4492, 668277.0
246, 68.440429, 662.521956, 37.272622, 169.216332, 4642, 691112.0
247, 70.130467, 664.417179, 36.617624, 176.844728, 4702, 698007.0
248, 71.325335, 663.172333, 36.844079, 225.166557, 4471, 661826.0
249, 70.395693, 664.527339, 37.338073, 177.500520, 4622, 686100.0
250, 70.757685, 663.392236, 36.444861, 172.568978, 4533, 671880.0
251, 69.158818, 662.644424, 37.069668, 223.849249, 4479, 664322.0
252, 72.138834, 664.444584, 36.143519, 208.963954, 4319, 635756.0
253, 69.547553, 664.829936, 36.716980, 186.532113, 4615, 683431.0
254, 69.491477, 663.968203, 37.487198, 183.779686, 4641, 708424.0
255, 69.851979, 662.623571, 37.763239, 197.008286, 4415, 654434.0
256, 72.699298, 663.595051, 35.992840, 216.332179, 4321, 636358.0
257, 73.148954, 662.497093, 38.090883, 193.119398, 4499, 666139.0
258, 69.405135, 663.199075, 36.996126, 172.050492, 4692, 695599.0
259, 69.149908, 662.639659, 38.565405, 181.840923, 4544, 674360.0
260, 69.608130, 663.766706, 37.242326, 185.162034, 4701, 710570.0
261, 73.186408, 664.754443, 37.163679, 233.238326, 4344, 655506.0
262, 71.581274, 663.085786, 37.923789, 167.542280, 4583, 692324.0
263, 69.908524, 664.053475, 36.135069, 181.744404, 4523, 681047.0
264, 70.657767, 662.660284, 37.742462, 161.306904, 4636, 700317.0
265, 66.364781, 663.545411, 37.520772, 184.787373, 4625, 697159.0
266, 69.777662, 663.750321, 37.635908, 193.453639, 4455, 671110.0
267, 69.547764, 662.648344, 37.366331, 203.285623, 4497, 678573.0
268, 73.557990, 663.713851, 36.412231, 255.267107, 4409, 662820.0
269, 68.015257, 662.923042, 37.015801, 172.367253, 4662, 701144.0
270, 71.468593, 662.869409, 37.644907, 210.349393, 4456, 659847.0
271, 73.782416, 664.062866, 37.677557, 217.704407, 4477, 662177.0
272, 70.012121, 663.242988, 37.725137, 179.465028, 4590, 683245.0
273, 69.579669, 663.810586, 37.403727, 188.832509, 4534, 673644.0
274, 68.494961, 662.781663, 38.098092, 174.893048, 4578, 684010.0
275, 70.639778, 665.322412, 36.051129, 198.073071, 4648, 699483.0
276, 69.839714, 663.491823, 37.387093, 189.291671, 4676, 699315.0
277, 70.793446, 664.272970, 36.792850, 185.265832, 4696, 708613.0
278, 70.815314, 663.192811, 37.164962, 190.204672, 4493, 666532.0
279, 67.751033, 662.492122, 37.957659, 164.449943, 4607, 685009.0
280, 73.641514, 663.246839, 36.947253, 228.432244, 4479, 664220.0
281, 72.552028, 662.762452, 38.019103, 188.321423, 4476, 661916.0
282, 70.175656, 662.827494, 37.803497, 166.411011, 4704, 698254.0
283, 73.565188, 665.226228, 36.313880, 217.390712, 4264, 627715.0
284, 72.175938, 663.165669, 37.808090, 201.845678, 4428, 653344.0
285, 71.180565, 662.409338, 37.939193, 194.390665, 4555, 673329.0
286, 69.297649, 663.524404, 37.380857, 191.198016, 4716, 719372.0
287, 69.619707, 662.319293, 38.485039, 183.407987, 4603, 684093.0
288, 70.261850, 663.434384, 37.118401, 189.030838, 4528, 675624.0
289, 69.080007, 661.921050, 38.524403, 164.207748, 4575, 684438.0
290, 71.578162, 663.959972, 37.945324, 191.755182, 4579, 690209.0
291, 70.656053, 662.823090, 37.851235, 175.331242, 4605, 688903.0
292, 71.806092, 663.804859, 36.861911, 188.167771, 4483, 666611.0
293, 69.514041, 664.467313, 37.260421, 181.077723, 4737, 711291.0
294, 70.826230, 663.295717, 37.921088, 188.951234, 4633, 693046.0
295, 67.954721, 663.319626, 37.863709, 171.524786, 4698, 730478.0
296, 69.119215, 663.243087, 38.075173, 168.634916, 4676, 709415.0
297, 70.548763, 663.854101, 36.729584, 221.334069, 4466, 671799.0
298, 69.242338, 663.335856, 36.577822, 194.995123, 4589, 685154.0
299, 72.125939, 664.473233, 36.387002, 207.317015, 4378, 655801.0
300, 70.428249, 662.816523, 37.175540, 165.417373, 4581, 685593.0
301, 70.605543, 664.111256, 37.204530, 163.766269, 4746, 726523.0
302, 69.084541, 662.620911, 37.530484, 167.449269, 4708, 713739.0
303, 69.332229, 663.803471, 36.995540, 191.123717, 4609, 689664.0
304, 69.759198, 663.768785, 36.037512, 211.679409, 4465, 669150.0
305, 69.557879, 663.827828, 36.930508, 159.353127, 4705, 705835.0
306, 69.975355, 663.949550, 37.172699, 178.783637, 4640, 693722.0
307, 71.251451, 663.779897, 36.628434, 196.630510, 4399, 657045.0
308, 70.197639, 664.094345, 36.679765, 181.123596, 4735, 727660.0
309, 69.946382, 664.383712, 36.517945, 171.607478, 4740, 709270.0
310, 70.737543, 663.403201, 37.053372, 176.224003, 4663, 698683.0
311, 70.579495, 663.033606, 38.849648, 203.546790, 4462, 666392.0
312, 70.502589, 662.705435, 37.555251, 205.982899, 4511, 668775.0
313, 67.741576, 663.837124, 36.891475, 194.618777, 4445, 670390.0
314, 71.886939, 663.660111, 37.306813, 197.219776, 4530, 690065.0
315, 71.303723, 663.503592, 38.685350, 182.648839, 4352, 658485.0
316, 74.528559, 664.380361, 36.318797, 220.522720, 4482, 688094.0
317, 72.606631, 663.888373, 37.246716, 219.790732, 4491, 686136.0
318, 71.214442, 664.781600, 36.746336, 219.906368, 4478, 691990.0
319, 69.715959, 663.451131, 36.518902, 199.182334, 4589, 697076.0
320, 74.042601, 665.116191, 36.522942, 223.824511, 4438, 658131.0
321, 72.209341, 664.991285, 36.551698, 177.594012, 4463, 666071.0
322, 71.042294, 662.962875, 38.080092, 175.132722, 4694, 705534.0
323, 74.840676, 664.365966, 36.383286, 251.197923, 4385, 651281.0
324, 72.466959, 662.962408, 37.506509, 217.765622, 4405, 651079.0
325, 69.626660, 664.066282, 36.943797, 205.319832, 4456, 660000.0
326, 74.133681, 664.285734, 36.247171, 227.152003, 4445, 654727.0
327, 73.896152, 663.218624, 36.987284, 230.927925, 4495, 663072.0
328, 69.515152, 663.610469, 37.719889, 180.685081, 4694, 698186.0
329, 69.830498, 664.022412, 35.673412, 205.095350, 4608, 682417.0
330, 71.136112, 665.915634, 35.034751, 207.794648, 4355, 643643.0
331, 70.791496, 664.591041, 36.557746, 194.982049, 4547, 674351.0
332, 69.066603, 662.841720, 38.356710, 169.367388, 4672, 698109.0
333, 69.861936, 664.133025, 37.603154, 187.226397, 4615, 688987.0
334, 68.216531, 662.155256, 38.010736, 180.181978, 4717, 705697.0
335, 69.137529, 663.249457, 37.983742, 176.482670, 4684, 700323.0
336, 69.440786, 662.767734, 38.736259, 181.051800, 4552, 676021.0
337, 69.564787, 663.404649, 38.025380, 173.330167, 4643, 689804.0
338, 71.118054, 663.753638, 37.999079, 184.035877, 4531, 671220.0
339, 72.019304, 663.552616, 37.965385, 181.737162, 4555, 673767.0
340, 73.172606, 664.992751, 35.517829, 221.992584, 4373, 644325.0
341, 67.294480, 662.962006, 37.566781, 174.441989, 4679, 695432.0
342, 68.947605, 661.897871, 37.449168, 180.810465, 4562, 677451.0
343, 72.127804, 663.500842, 36.404387, 200.927252, 4413, 651994.0
344, 71.049413, 664.340560, 36.317316, 195.654681, 4566, 680294.0
345, 71.339145, 664.405982, 36.460198, 195.225900, 4505, 667039.0
346, 69.606790, 663.576913, 37.501758, 181.064186, 4768, 709470.0
347, 71.414737, 663.078634, 38.299568, 176.464629, 4507, 668379.0
348, 72.171361, 664.460315, 36.573142, 203.717968, 4431, 655370.0
349, 68.529356, 662.941033, 37.907768, 160.957759, 4699, 699121.0
350, 73.329811, 663.321865, 37.314861, 205.437374, 4475, 666335.0
351, 70.918173, 661.960535, 38.568855, 179.084700, 4534, 675598.0
352, 69.313291, 662.837373, 38.017350, 173.968091, 4720, 703621.0
353, 69.956360, 662.727008, 38.683135, 194.937932, 4505, 669648.0
354, 68.987776, 663.588002, 37.570805, 183.589514, 4651, 718260.0
355, 69.561375, 663.391846, 38.196771, 172.892563, 4663, 699943.0
356, 70.319103, 663.287084, 38.590417, 173.835018, 4559, 694103.0
357, 69.614263, 662.391826, 38.409838, 167.404383, 4618, 687579.0
358, 66.990856, 662.669603, 36.893699, 172.212552, 4589, 683522.0
359, 70.970457, 663.410025, 38.310453, 182.077391, 4635, 689740.0
360, 69.397775, 662.188992, 37.331118, 197.232069, 4480, 666398.0
361, 70.301424, 662.817298, 37.594134, 203.258200, 4593, 686877.0
362, 72.557165, 664.089915, 38.486002, 201.169662, 4525, 668460.0
363, 71.476100, 664.210852, 36.502255, 219.944568, 4391, 648166.0
364, 70.025401, 664.331586, 36.956263, 184.877938, 4796, 712963.0
365, 67.906708, 661.731437, 38.053434, 175.714193, 4646, 690702.0
366, 69.229421, 664.177963, 36.293235, 162.990554, 4694, 699243.0
367, 70.107355, 664.357123, 36.416216, 201.292173, 4517, 669308.0
368, 71.601933, 662.996686, 38.124547, 182.550483, 4494, 666117.0
369, 69.945579, 663.359925, 36.694138, 200.693135, 4649, 689986.0
370, 73.268247, 663.216867, 37.220119, 201.165988, 4460, 658890.0
371, 71.438970, 664.481514, 37.039550, 195.556686, 4534, 671981.0
372, 69.861947, 663.635865, 36.747986, 184.877216, 4560, 676558.0
373, 67.893985, 663.016104, 37.020033, 173.813090, 4631, 687935.0
374, 73.600468, 665.344986, 37.567880, 205.975408, 4464, 659580.0
375, 73.867508, 664.115353, 36.730517, 221.325014, 4504, 665337.0
376, 68.709367, 664.093370, 37.152356, 187.524963, 4503, 667034.0
377, 69.829278, 664.412642, 37.611917, 181.165278, 4521, 670416.0
378, 72.509545, 663.845651, 36.975048, 212.260946, 4462, 659236.0
379, 72.222500, 663.827688, 37.316070, 200.042554, 4525, 669062.0
380, 70.912061, 663.034338, 37.955968, 185.013603, 4672, 693723.0
381, 69.469394, 662.949653, 37.942601, 212.935552, 4444, 658423.0
382, 70.954549, 663.611106, 37.741251, 178.399883, 4674, 692093.0
383, 70.555553, 663.141646, 37.699585, 187.244459, 4602, 694371.0
384, 71.693332, 663.455302, 37.164057, 185.964949, 4508, 668172.0
385, 70.975517, 663.970565, 37.606057, 191.997515, 4452, 660306.0
386, 73.047549, 664.054647, 36.707170, 213.449833, 4371, 643954.0
387, 72.964937, 661.945176, 38.025535, 207.587296, 4519, 668804.0
388, 69.623269, 662.907406, 36.998807, 197.604177, 4472, 662990.0
389, 73.302789, 664.277837, 36.437066, 226.042614, 4485, 661350.0
390, 75.072622, 664.726256, 36.859676, 211.157310, 4478, 658833.0
391, 72.951115, 664.346051, 36.624722, 247.379917, 4374, 645706.0
392, 71.244560, 663.163802, 37.197872, 188.992817, 4480, 663297.0
393, 73.651288, 663.447079, 36.911843, 221.558730, 4479, 661622.0
394, 71.714326, 662.510659, 37.104703, 202.496170, 4425, 655009.0
395, 70.350701, 661.894733, 38.077475, 204.605085, 4428, 656160.0
396, 74.594620, 664.695645, 37.718006, 206.486221, 4462, 664606.0
397, 71.510479, 662.889028, 37.111740, 218.424156, 4440, 655664.0
398, 72.415726, 663.103521, 37.318809, 206.194591, 4493, 663105.0
399, 73.673591, 663.782130, 37.583028, 216.873303, 4417, 653185.0
400, 73.144267, 662.466118, 37.690649, 203.699797, 4509, 668522.0
401, 70.250727, 664.309145, 36.521212, 189.014298, 4669, 694243.0
402, 71.149156, 662.998959, 37.567948, 194.576807, 4523, 671583.0
403, 73.946506, 664.885749, 37.563934, 213.648304, 4477, 665664.0
404, 71.244758, 664.287545, 38.008186, 195.953079, 4596, 683242.0
405, 73.295643, 663.179966, 37.576158, 207.732056, 4469, 662604.0
406, 70.781719, 662.387713, 38.313377, 188.342299, 4616, 684664.0
407, 74.196158, 663.848141, 37.669628, 213.068772, 4478, 659317.0
408, 71.161205, 662.750992, 38.054162, 183.312786, 4685, 694985.0
409, 71.485774, 664.503680, 37.387519, 201.579955, 4389, 648450.0
410, 69.735255, 664.152639, 36.543078, 217.788342, 4555, 674759.0
411, 73.936308, 663.163185, 37.886782, 205.957159, 4539, 668705.0
412, 74.192101, 663.248652, 38.302872, 227.824938, 4530, 667192.0
413, 73.696792, 661.640434, 38.575817, 200.879347, 4467, 659666.0
414, 71.074042, 663.978147, 37.867557, 219.884094, 4369, 672774.0
415, 74.505329, 663.429137, 37.433116, 222.096904, 4433, 657812.0
416, 69.586470, 662.368194, 36.690630, 192.001415, 4467, 681495.0
417, 71.516742, 663.169333, 37.181865, 205.648792, 4413, 653915.0
418, 71.717441, 663.749227, 36.075671, 205.073590, 4464, 661302.0
419, 72.877304, 661.075385, 39.064322, 187.483289, 4525, 673626.0
420, 69.912220, 663.821473, 37.332181, 196.258995, 4558, 678044.0
421, 71.431369, 663.253032, 39.120157, 192.181289, 4498, 669041.0
422, 67.637999, 663.148679, 37.292049, 187.284849, 4513, 670249.0
423, 72.098756, 664.127924, 37.339149, 212.728790, 4431, 655081.0
424, 72.325313, 662.848284, 37.438415, 201.410266, 4486, 664816.0
425, 72.248732, 663.909784, 37.742823, 214.981774, 4375, 647105.0
426, 71.341421, 663.176480, 37.058420, 191.251694, 4502, 667739.0
427, 71.718980, 664.175589, 37.565481, 198.980571, 4544, 673852.0
428, 72.384052, 662.955372, 37.404316, 206.498957, 4499, 666299.0
429, 74.318744, 664.640168, 36.137020, 233.874784, 4490, 666887.0
430, 70.250044, 663.293093, 37.089534, 185.510867, 4638, 693149.0
431, 71.203620, 663.589977, 36.629782, 196.795693, 4487, 667435.0
432, 72.273814, 663.583161, 37.878531, 181.255764, 4558, 676222.0
433, 68.754313, 662.183653, 37.316844, 184.601053, 4553, 679446.0
434, 70.781566, 662.868087, 36.920552, 182.916195, 4532, 672625.0
435, 70.437284, 663.111000, 37.757782, 186.152735, 4640, 689596.0
436, 70.945740, 663.207157, 36.689694, 189.265673, 4446, 660271.0
437, 70.684710, 664.390239, 37.482358, 177.393530, 4657, 691920.0
438, 70.190464, 664.129578, 36.950425, 173.768599, 4678, 701938.0
439, 68.790608, 663.542764, 37.353974, 171.777442, 4623, 695182.0
440, 72.151952, 662.724695, 37.855331, 209.452239, 4376, 659757.0
441, 71.556624, 663.992320, 35.722970, 194.028040, 4547, 677414.0
442, 70.988580, 663.376567, 37.494066, 183.047532, 4649, 695002.0
443, 71.240241, 662.845762, 37.489684, 196.795019, 4467, 666578.0
444, 70.070295, 662.561746, 37.716307, 184.043284, 4525, 676749.0
445, 68.326079, 662.462609, 38.484418, 170.968571, 4641, 697721.0
446, 71.665341, 664.079365, 36.854365, 209.773101, 4291, 635280.0
447, 72.784736, 663.386840, 37.490363, 205.511012, 4454, 657732.0
448, 71.152457, 663.255553, 37.482334, 197.661019, 4432, 674498.0
449, 71.220375, 665.612196, 36.416544, 198.363414, 4403, 651791.0
450, 71.540277, 663.333939, 37.449316, 207.582033, 4437, 658424.0
451, 71.594784, 663.022703, 37.554938, 194.991358, 4504, 676339.0
452, 69.949132, 662.189888, 37.616861, 174.155467, 4652, 698238.0
453, 68.251662, 662.718260, 37.390445, 179.352590, 4594, 696194.0
454, 67.738670, 662.196412, 38.453198, 179.169032, 4590, 687885.0
455, 71.389511, 663.762778, 37.593230, 180.068830, 4476, 675814.0
456, 71.959319, 664.198057, 36.286578, 204.447506, 4527, 671786.0
457, 73.602843, 663.750376, 38.130054, 201.750601, 4544, 681264.0
458, 68.216033, 663.430522, 37.505184, 188.678984, 4584, 687280.0
459, 71.390904, 663.159699, 37.767686, 186.188965, 4603, 683735.0
460, 73.590053, 665.214690, 37.667162, 211.883490, 4524, 669011.0
461, 71.808687, 664.054602, 37.357465, 190.964696, 4411, 652597.0
462, 70.175105, 663.229934, 36.586785, 177.459058, 4693, 697725.0
463, 72.973420, 663.807864, 37.084018, 199.669788, 4447, 662210.0
464, 72.847168, 664.779645, 36.478244, 202.362623, 4369, 649493.0
465, 70.643521, 662.654140, 37.952354, 202.099742, 4598, 687376.0
466, 70.953659, 662.900552, 37.518499, 188.742990, 4488, 669984.0
467, 68.743395, 663.681919, 36.920307, 184.219540, 4591, 684696.0
468, 69.637076, 663.312401, 38.377387, 169.864119, 4612, 697131.0
469, 69.738722, 664.202119, 36.062080, 203.771057, 4462, 672534.0
470, 71.715502, 664.870167, 36.054593, 188.082135, 4456, 669912.0
471, 71.585046, 662.538708, 38.560803, 177.526045, 4477, 663880.0
472, 69.685048, 661.859966, 37.769719, 181.751660, 4477, 666445.0
473, 72.722187, 663.490483, 38.187324, 197.925433, 4515, 667513.0
474, 69.950144, 663.051716, 37.467175, 173.750427, 4644, 690926.0
475, 68.732612, 662.619573, 36.801351, 189.514789, 4568, 688234.0
476, 70.541189, 661.780636, 37.669257, 198.131717, 4724, 709792.0
477, 69.614152, 663.321574, 37.589806, 196.433943, 4549, 680409.0
478, 70.284090, 662.916342, 37.120452, 191.009482, 4625, 691105.0
479, 72.438425, 663.329645, 37.625256, 193.274766, 4491, 670100.0
480, 70.137553, 663.008248, 37.509285, 189.566626, 4415, 661886.0
481, 69.686628, 662.690669, 37.357406, 203.282230, 4437, 667749.0
482, 69.670350, 662.979155, 36.568916, 186.977572, 4650, 701136.0
483, 69.881481, 664.298319, 37.052217, 192.089170, 4571, 686977.0
484, 68.361361, 663.198352, 38.629611, 153.529338, 4704, 704566.0
485, 70.549648, 661.544418, 38.273433, 211.877027, 4541, 679601.0
486, 69.373573, 663.821136, 36.913868, 163.850545, 4705, 701321.0
487, 69.687980, 664.418787, 36.587232, 183.995299, 4633, 688730.0
488, 71.169752, 663.770960, 37.101745, 189.816923, 4470, 666618.0
489, 71.259850, 663.557488, 37.573625, 175.374077, 4655, 694888.0
490, 71.151888, 663.229141, 37.791300, 193.990344, 4447, 670078.0
491, 74.110508, 664.533669, 36.831635, 239.556652, 4425, 664519.0
492, 71.674987, 663.787981, 36.867965, 207.762549, 4402, 653886.0
493, 68.454787, 662.772593, 37.629660, 191.664854, 4644, 701699.0
494, 70.795268, 663.789969, 37.369811, 185.724246, 4668, 703200.0
495, 72.015698, 662.922812, 37.611328, 207.750225, 4476, 665665.0
496, 68.501000, 662.454872, 37.598250, 201.507010, 4598, 689705.0
497, 72.222390, 662.421387, 37.715187, 215.788766, 4366, 664865.0
498, 73.695291, 664.446993, 37.224081, 212.284385, 4503, 665767.0
499, 74.151286, 664.344562, 36.344641, 239.702281, 4399, 650594.0
500, 71.936831, 663.121003, 37.400132, 194.160075, 4464, 662777.0
501, 68.744867, 663.188195, 37.373696, 182.855283, 4680, 695611.0
502, 71.472443, 664.672823, 35.677590, 172.762314, 4523, 670868.0
503, 68.926470, 663.243573, 38.015729, 176.547752, 4608, 685964.0
504, 73.925347, 665.436050, 36.432028, 229.305766, 4425, 652428.0
505, 68.806441, 664.280345, 37.799627, 165.520216, 4622, 687860.0
506, 72.681776, 663.738520, 37.512788, 202.823949, 4514, 668060.0
507, 72.442193, 666.108981, 35.019505, 202.928706, 4390, 650430.0
508, 70.782347, 664.003854, 37.549571, 201.048392, 4389, 649848.0
509, 72.328990, 663.234778, 37.754487, 206.952780, 4509, 668691.0
510, 68.449080, 664.769319, 36.685415, 170.279153, 4680, 696198.0
511, 71.811218, 663.665982, 36.947538, 189.711077, 4454, 661433.0
512, 73.190400, 662.115678, 37.855975, 230.169153, 4355, 644187.0
513, 73.549113, 663.357251, 37.098450, 202.455711, 4490, 681613.0
514, 71.714808, 664.546346, 36.587684, 214.502751, 4340, 643864.0
515, 72.240866, 663.121691, 37.524085, 188.278985, 4366, 645165.0
516, 74.260392, 664.000815, 36.797723, 228.290217, 4458, 658486.0
517, 70.871727, 662.681063, 37.504874, 198.393104, 4567, 677412.0
518, 68.839037, 663.391971, 37.288764, 173.817105, 4652, 693680.0
519, 68.942034, 664.599417, 36.174358, 180.089928, 4595, 701822.0
520, 73.433005, 662.622139, 38.287623, 228.769792, 4409, 705885.0
521, 69.778637, 663.394362, 37.628202, 180.881768, 4567, 687103.0
522, 70.105342, 663.458369, 37.206781, 194.795131, 4617, 685219.0
523, 72.720274, 665.611740, 35.134807, 213.834153, 4294, 633281.0
524, 71.605666, 663.726045, 37.684907, 193.053819, 4520, 671065.0
525, 71.948193, 663.011019, 37.810803, 207.123309, 4477, 662813.0
526, 71.455204, 663.552076, 38.245052, 170.000279, 4648, 692943.0
527, 71.996573, 663.760504, 36.966891, 177.664282, 4580, 684136.0
528, 69.745735, 663.379256, 36.558907, 184.606057, 4656, 692708.0
529, 72.030941, 663.904759, 37.107829, 197.860853, 4358, 667810.0
530, 68.773510, 663.480030, 36.540904, 181.854768, 4592, 684193.0
531, 73.100454, 664.556695, 35.779001, 236.398090, 4413, 650300.0
532, 72.296499, 664.519839, 37.184506, 208.761790, 4448, 657967.0
533, 71.975070, 665.470124, 35.136709, 219.663850, 4350, 643100.0
534, 68.071721, 663.647579, 36.483175, 162.489757, 4654, 692782.0
535, 70.446605, 663.237817, 37.081082, 184.914026, 4593, 682252.0
536, 69.837398, 662.626146, 38.499790, 190.942166, 4551, 676404.0
537, 70.895936, 662.497724, 38.102649, 187.784665, 4615, 686563.0
538, 69.145439, 662.566166, 37.187171, 180.275326, 4725, 703481.0
539, 73.000903, 662.999427, 37.738903, 238.050674, 4328, 645274.0
540, 69.231012, 663.494699, 37.497759, 175.783919, 4677, 696110.0
541, 71.700544, 663.092423, 38.046348, 188.718734, 4465, 663191.0
542, 69.762167, 662.660531, 38.523082, 181.348078, 4671, 694507.0
543, 70.988604, 664.015101, 36.641801, 223.608159, 4520, 670202.0
544, 70.517952, 663.837242, 37.825736, 188.237341, 4619, 686796.0
545, 68.937260, 663.338548, 37.468959, 174.570923, 4657, 693062.0
546, 69.674857, 662.876838, 36.515937, 212.912971, 4412, 653594.0
547, 70.965197, 663.595098, 37.938862, 177.097442, 4721, 701128.0
548, 69.827798, 664.672386, 36.403515, 210.598662, 4526, 671902.0
549, 71.243058, 663.699546, 37.160338, 187.007566, 4709, 698414.0
550, 70.372257, 663.262629, 37.562034, 212.080157, 4490, 665349.0
551, 70.966955, 663.664237, 37.107136, 179.754510, 4594, 681635.0
552, 69.260281, 663.199049, 37.385880, 188.303313, 4647, 690201.0
553, 72.272099, 663.909113, 37.296660, 192.112041, 4362, 644793.0
554, 72.171197, 663.061606, 37.911783, 192.255719, 4445, 657487.0
555, 70.610855, 663.532708, 38.526516, 181.127099, 4622, 685923.0
556, 70.945675, 662.589871, 37.339960, 189.427712, 4604, 682649.0
557, 70.057121, 663.619868, 37.431056, 189.991297, 4630, 685431.0
558, 71.744016, 663.837150, 36.477434, 220.179011, 4352, 641872.0
559, 71.180988, 664.652219, 37.019822, 222.446804, 4445, 656137.0
560, 69.425560, 665.050340, 36.616957, 196.531679, 4683, 695135.0
561, 72.795968, 665.389618, 36.462171, 193.536236, 4525, 670170.0
562, 70.305128, 662.362542, 38.704488, 202.225768, 4577, 688659.0
563, 69.958526, 663.460155, 36.592847, 183.998969, 4697, 698103.0
564, 73.977285, 663.863365, 37.732720, 226.549475, 4459, 657842.0
565, 71.514105, 663.876785, 37.736065, 185.115717, 4540, 672618.0
566, 69.843908, 663.301876, 37.551011, 193.893900, 4692, 696034.0
567, 67.994434, 662.641388, 38.353164, 165.296666, 4614, 687163.0
568, 74.660788, 663.206778, 36.981863, 228.875526, 4495, 663589.0
569, 71.462812, 662.275227, 38.227698, 204.168067, 4585, 680798.0
570, 70.720266, 663.624483, 36.476896, 169.140331, 4754, 705760.0
571, 73.679588, 665.255829, 36.092376, 206.553361, 4446, 654695.0
572, 71.264447, 662.992755, 37.644800, 212.002583, 4282, 633403.0
573, 70.328821, 663.937561, 37.526255, 163.976752, 4638, 689460.0
574, 70.399618, 663.435331, 36.130002, 185.289860, 4487, 665005.0
575, 71.744667, 663.244004, 38.436031, 186.604129, 4588, 680641.0
576, 74.034462, 662.156887, 38.769108, 227.869587, 4411, 653197.0
577, 72.597074, 661.789626, 38.603165, 208.483045, 4436, 656608.0
578, 70.326715, 662.334252, 38.193508, 187.475174, 4571, 677849.0
579, 71.394485, 662.567365, 37.575135, 191.080173, 4464, 660598.0
580, 75.265092, 665.737514, 35.367717, 241.182218, 4469, 658673.0
581, 69.177882, 664.190586, 37.139193, 185.919980, 4675, 694589.0
582, 75.195573, 663.323012, 37.273508, 219.890559, 4436, 652427.0
583, 73.776492, 664.417979, 36.815330, 203.459631, 4513, 667499.0
584, 70.567638, 662.875896, 38.284228, 200.734862, 4451, 660385.0
585, 69.800206, 663.444133, 36.854751, 174.412454, 4695, 698282.0
586, 72.016565, 662.732953, 37.879872, 192.813743, 4438, 657133.0
587, 74.240981, 663.525776, 37.461431, 203.004493, 4407, 649485.0
588, 70.809336, 664.927658, 37.010107, 202.731034, 4308, 636846.0
589, 68.414249, 662.515918, 38.320148, 177.871155, 4545, 675447.0
590, 71.171771, 661.770528, 38.103537, 211.250656, 4296, 636648.0
591, 68.775289, 662.841112, 37.972363, 196.878882, 4599, 682346.0
592, 72.445073, 663.065053, 37.765244, 215.407549, 4470, 673973.0
593, 69.782579, 663.617381, 37.883408, 185.307779, 4717, 700786.0
594, 72.355308, 663.938243, 36.296682, 210.129382, 4410, 661384.0
595, 69.536657, 662.501597, 38.046992, 190.121048, 4529, 671410.0
596, 72.459208, 665.167808, 35.447422, 222.696520, 4290, 632759.0
597, 68.890117, 663.112338, 38.320627, 161.940092, 4625, 687538.0
598, 68.805502, 662.906463, 37.786810, 171.447040, 4714, 700016.0
599, 72.916672, 663.927266, 36.414706, 199.620844, 4486, 678339.0
600, 71.621026, 662.902182, 37.766543, 192.900002, 4399, 689746.0
601, 70.127137, 661.698314, 37.555942, 210.892788, 4456, 726093.0
602, 71.038018, 663.314122, 37.009325, 189.385354, 4470, 777532.0
603, 68.986701, 664.419636, 36.285444, 174.518110, 4599, 709290.0
604, 73.124800, 663.430643, 37.484352, 196.923169, 4486, 685277.0
605, 76.179775, 665.485853, 35.896711, 235.549500, 4426, 651847.0
606, 69.510149, 662.427038, 37.421307, 181.857832, 4621, 688603.0
607, 71.147335, 664.011759, 36.328597, 170.481744, 4636, 689329.0
608, 71.740126, 663.888449, 36.483441, 206.387837, 4378, 647230.0
609, 70.975393, 663.396393, 37.910761, 201.279967, 4656, 689558.0
610, 71.905683, 662.748899, 38.638115, 203.427074, 4500, 665550.0
611, 70.596060, 664.097674, 36.140562, 188.176714, 4457, 659348.0
612, 74.536348, 664.268435, 36.614030, 236.625052, 4342, 639626.0
613, 70.950690, 662.922959, 36.814278, 210.033894, 4476, 663780.0
614, 68.565563, 662.559082, 38.209444, 172.201990, 4667, 694373.0
615, 71.862838, 662.550125, 37.341956, 206.484877, 4423, 654652.0
616, 67.852069, 663.754957, 36.427578, 173.140461, 4513, 668771.0
617, 71.078999, 664.028319, 37.116468, 194.103048, 4549, 673662.0
618, 71.283639, 663.419102, 37.896420, 180.930325, 4646, 696936.0
619, 69.316154, 662.213402, 38.541768, 177.869151, 4670, 700106.0
620, 67.293797, 662.952411, 37.288263, 185.918062, 4435, 663354.0
621, 70.870267, 663.600373, 38.082020, 169.795199, 4655, 696941.0
622, 70.299822, 662.824178, 36.594037, 189.671177, 4507, 667798.0
623, 71.425627, 663.204375, 38.192765, 211.545809, 4479, 664555.0
624, 69.235940, 662.760781, 36.874724, 181.994158, 4587, 680885.0
625, 68.808594, 662.534144, 38.129662, 176.204439, 4621, 686784.0
626, 72.917975, 663.544545, 37.749332, 228.559992, 4426, 667382.0
627, 72.806789, 664.319216, 37.147785, 202.438461, 4391, 659662.0
628, 68.621473, 663.673632, 38.122529, 190.548119, 4602, 687012.0
629, 71.829905, 664.078845, 37.030995, 186.840871, 4565, 676066.0
630, 68.614297, 663.032516, 37.774945, 164.828313, 4734, 704291.0
631, 69.790070, 662.604667, 38.380086, 164.103346, 4637, 693084.0
632, 67.157013, 662.804049, 38.134855, 169.859228, 4539, 675372.0
633, 72.005241, 665.018944, 35.917129, 182.381294, 4454, 660576.0
634, 71.971834, 663.807521, 37.803974, 206.221676, 4418, 653383.0
635, 69.351086, 662.891715, 37.056194, 196.874584, 4567, 678547.0
636, 70.772857, 664.034288, 36.941103, 194.661065, 4307, 635926.0
637, 69.749689, 662.717141, 37.498698, 188.414535, 4673, 694080.0
638, 72.066604, 664.019476, 37.550652, 233.045611, 4324, 638173.0
639, 69.739587, 664.525135, 37.071138, 176.099869, 4587, 681004.0
640, 70.948734, 662.792613, 38.470322, 185.342063, 4623, 691943.0
641, 68.536462, 663.777025, 37.575308, 165.242504, 4711, 704654.0
642, 69.323228, 663.096315, 37.500687, 176.979205, 4622, 690098.0
643, 67.966689, 662.691728, 37.870124, 175.456611, 4481, 670980.0
644, 70.856507, 661.707268, 38.788795, 195.413323, 4535, 678015.0
645, 70.963726, 662.829157, 38.296186, 180.336126, 4570, 683886.0
646, 69.099433, 661.701551, 38.830596, 175.118066, 4649, 695646.0
647, 69.662159, 662.870584, 36.903884, 190.874177, 4453, 659626.0
648, 69.191206, 662.260258, 37.654225, 185.505359, 4695, 697925.0
649, 74.494215, 663.967224, 37.464608, 215.688651, 4459, 656962.0
650, 69.697050, 663.971945, 37.214216, 172.945659, 4655, 738236.0
651, 67.102925, 663.579294, 36.930321, 169.728939, 4593, 685727.0
652, 69.957147, 664.320989, 36.683069, 178.856795, 4632, 706895.0
653, 68.934020, 663.091340, 37.703232, 161.661813, 4729, 717303.0
654, 72.277735, 662.673710, 38.508639, 192.703636, 4450, 655309.0
655, 67.756297, 663.155626, 36.779911, 183.859760, 4525, 672390.0
656, 70.723170, 663.001278, 37.377987, 186.852693, 4412, 653672.0
657, 71.903968, 664.595874, 37.255467, 197.416439, 4536, 671901.0
658, 72.593016, 664.262602, 36.899824, 211.744958, 4466, 660010.0
659, 69.817862, 662.526204, 38.128846, 177.068531, 4617, 704940.0
660, 68.881642, 663.330040, 37.496423, 189.524180, 4651, 691271.0
661, 73.906124, 663.894450, 38.465171, 234.927848, 4466, 658930.0
662, 70.315532, 665.153551, 36.483734, 170.512120, 4678, 694058.0
663, 71.520187, 663.722938, 37.539391, 181.843266, 4601, 682270.0
664, 69.759386, 663.081360, 38.521594, 174.675259, 4646, 689937.0
665, 69.141461, 662.544462, 37.964197, 179.539591, 4664, 691907.0
666, 69.728773, 663.217727, 37.209753, 182.744044, 4585, 679552.0
667, 74.187893, 664.177981, 35.902020, 231.661291, 4447, 654577.0
668, 71.266912, 662.963219, 37.914208, 175.690640, 4581, 678636.0
669, 70.172606, 664.248043, 37.070282, 184.357150, 4722, 700354.0
670, 70.452499, 664.595885, 36.802728, 176.172132, 4674, 693889.0
671, 70.936792, 664.521294, 36.691381, 193.855224, 4514, 668771.0
672, 68.780261, 663.298164, 37.672355, 183.707348, 4549, 675385.0
673, 70.378575, 664.629700, 36.680135, 178.468789, 4615, 683599.0
674, 68.144854, 662.400956, 37.394072, 178.405755, 4550, 675268.0
675, 71.165705, 664.424646, 37.099064, 190.264559, 4586, 678991.0
676, 71.681728, 662.733504, 37.216357, 184.466960, 4284, 632814.0
677, 70.839295, 663.649285, 37.470427, 182.369066, 4586, 679965.0
678, 67.670899, 662.597664, 37.654539, 176.971778, 4543, 673564.0
679, 68.671731, 665.203431, 34.852626, 175.817119, 4689, 695347.0
680, 67.725585, 662.456084, 37.840546, 176.056802, 4546, 674812.0
681, 66.599663, 663.167666, 37.777602, 182.487715, 4604, 682809.0
682, 66.554778, 662.862435, 37.128636, 158.769553, 4596, 681763.0
683, 70.013750, 664.039863, 36.895180, 174.424423, 4724, 699897.0
684, 66.595422, 663.651299, 37.503054, 160.638410, 4571, 688788.0
685, 69.987419, 662.445493, 38.704579, 171.668004, 4651, 702459.0
686, 69.081036, 662.572911, 38.335377, 160.044055, 4684, 709787.0
687, 69.859650, 663.092122, 37.492402, 179.903407, 4683, 695538.0
688, 71.523054, 663.553483, 38.333817, 196.493272, 4440, 658846.0
689, 66.739915, 663.554318, 36.816790, 171.665117, 4595, 682199.0
690, 69.190859, 662.678525, 37.767894, 176.900110, 4603, 684249.0
691, 69.471782, 662.966842, 36.953234, 177.573735, 4681, 723663.0
692, 68.853013, 663.551259, 36.875829, 171.294771, 4729, 706364.0
693, 69.703676, 663.234306, 37.208783, 184.205710, 4657, 695731.0
694, 71.921538, 663.123620, 38.077406, 199.711976, 4516, 670434.0
695, 72.314729, 664.178556, 36.810377, 213.467409, 4323, 638417.0
696, 69.474427, 663.913966, 37.430587, 199.067034, 4544, 676553.0
697, 69.111134, 662.837322, 37.031539, 172.347300, 4644, 690367.0
698, 70.013437, 663.065124, 36.751177, 202.472914, 4448, 659205.0
699, 70.980115, 664.389538, 36.951826, 179.091069, 4580, 679299.0
700, 73.365274, 663.441509, 37.334379, 206.645803, 4542, 670362.0
701, 73.762351, 663.713178, 37.848034, 190.617832, 4550, 670934.0
702, 72.262392, 662.205278, 38.438852, 177.634022, 4541, 673005.0
703, 68.886483, 662.736981, 37.659225, 179.861877, 4590, 680170.0
704, 72.810322, 663.543832, 37.596450, 209.730288, 4424, 653322.0
705, 70.500894, 662.255855, 37.737386, 176.217886, 4662, 692263.0
706, 69.638714, 664.632185, 35.884669, 191.454800, 4617, 683901.0
707, 71.222434, 662.992093, 38.134980, 217.793504, 4275, 631824.0
708, 70.370938, 663.106430, 37.665840, 173.305079, 4605, 684054.0
709, 69.619915, 663.633761, 36.707182, 198.158838, 4594, 681730.0
710, 67.812411, 663.434704, 37.402970, 178.941842, 4499, 668024.0
711, 69.813957, 663.459480, 37.206301, 193.869271, 4616, 685592.0
712, 70.317305, 663.973397, 37.575212, 187.800320, 4589, 681598.0
713, 69.641247, 664.061752, 36.955457, 174.698339, 4716, 699953.0
714, 69.708466, 663.522426, 37.578315, 193.297950, 4527, 673312.0
715, 73.323822, 663.570825, 37.359610, 218.338763, 4497, 664072.0
716, 71.044282, 664.271644, 36.900501, 193.032979, 4549, 677503.0
717, 69.718637, 662.988142, 38.982778, 176.652474, 4575, 680222.0
718, 68.507218, 663.014081, 36.853434, 187.216495, 4584, 679415.0
719, 67.610246, 662.749509, 37.392088, 194.226348, 4460, 671794.0
720, 68.785439, 663.873948, 36.768963, 175.413250, 4576, 679045.0
721, 71.613808, 664.130234, 37.200756, 203.001977, 4421, 653707.0
722, 70.458699, 663.201007, 37.554483, 205.973505, 4515, 669465.0
723, 70.913152, 662.637171, 38.233215, 191.334730, 4631, 688409.0
724, 68.532233, 663.781888, 36.700634, 180.283132, 4700, 717913.0
725, 67.019631, 662.122883, 38.384190, 186.457669, 4500, 678028.0
726, 69.130199, 662.801324, 37.180533, 184.661256, 4700, 699230.0
727, 67.531747, 662.435040, 37.975213, 167.830659, 4621, 684911.0
728, 69.449488, 663.010244, 37.719673, 175.780878, 4690, 696630.0
729, 69.462975, 664.595683, 37.614260, 167.745363, 4615, 684305.0
730, 71.534692, 663.032364, 37.072992, 199.262333, 4417, 653551.0
731, 71.025974, 663.245820, 36.937197, 194.234262, 4365, 645615.0
732, 71.954250, 662.696885, 37.983479, 180.290015, 4488, 665009.0
733, 68.881574, 662.657644, 36.936574, 175.646787, 4676, 694057.0
734, 72.763407, 664.847681, 36.168254, 208.576561, 4280, 630252.0
735, 69.209803, 662.827518, 37.898195, 169.538353, 4743, 705282.0
736, 67.760675, 663.263757, 38.062914, 157.513891, 4743, 704978.0
737, 70.125567, 663.122964, 37.890317, 188.547638, 4602, 683121.0
738, 67.606441, 663.869183, 36.519535, 170.291852, 4643, 689472.0
739, 69.676756, 663.789401, 37.063892, 204.879792, 4564, 676941.0
740, 67.285226, 664.204110, 37.298640, 167.504924, 4636, 691268.0
741, 70.017034, 664.476406, 36.566655, 186.857851, 4508, 670692.0
742, 67.385629, 663.343037, 37.830161, 153.373624, 4668, 693878.0
743, 70.236048, 663.734090, 37.269058, 184.037544, 4637, 688947.0
744, 70.505772, 663.634138, 37.145429, 187.109375, 4648, 690481.0
745, 68.892840, 662.547223, 37.746219, 164.283157, 4769, 709552.0
746, 70.206097, 663.379103, 37.530954, 184.263408, 4662, 694858.0
747, 69.701755, 663.862923, 36.893824, 181.709050, 4598, 684620.0
748, 68.592666, 663.031618, 37.687092, 167.856998, 4613, 685693.0
749, 68.032186, 663.058957, 37.931796, 156.288948, 4604, 684561.0
750, 68.602645, 663.362759, 37.968932, 171.259470, 4702, 698828.0
751, 69.143699, 663.416272, 38.143762, 172.631007, 4702, 698883.0
752, 67.600997, 662.994219, 37.456026, 160.089996, 4573, 680171.0
753, 69.194657, 663.708697, 36.477605, 167.170357, 4629, 687173.0
754, 67.177063, 661.799745, 37.737025, 167.773394, 4528, 673587.0
755, 67.266737, 663.011740, 37.263157, 157.601863, 4605, 691296.0
756, 67.905676, 662.253648, 37.401583, 170.112153, 4662, 711129.0
757, 68.523509, 662.939504, 37.701953, 177.712267, 4616, 686027.0
758, 68.440810, 665.349497, 35.972193, 162.933231, 4641, 692854.0
759, 67.302499, 664.147284, 36.159373, 168.750456, 4577, 676701.0
760, 69.107056, 664.472424, 36.352458, 185.297507, 4681, 692516.0
761, 68.133573, 662.999523, 37.276050, 168.424344, 4671, 691692.0
762, 70.347305, 664.183048, 36.863154, 181.575798, 4723, 698184.0
763, 72.172865, 663.789244, 37.254936, 191.557907, 4470, 659948.0
764, 69.088424, 663.086423, 38.351132, 159.526591, 4743, 716672.0
765, 71.596174, 665.285176, 36.764630, 189.500650, 4509, 677138.0
766, 69.968222, 662.402790, 38.471182, 175.019506, 4631, 699187.0
767, 70.280380, 664.065427, 37.199267, 192.251299, 4631, 697441.0
768, 69.092963, 663.394107, 37.572519, 165.375284, 4626, 699171.0
769, 70.469657, 662.661525, 37.060934, 200.587838, 4478, 668239.0
770, 68.714610, 663.199804, 37.833437, 185.386393, 4550, 676756.0
771, 68.422359, 663.777000, 36.862173, 168.107644, 4614, 690020.0
772, 68.891852, 663.280651, 38.211744, 181.132348, 4612, 690568.0
773, 71.892102, 664.281205, 36.103890, 198.646926, 4437, 656233.0
774, 70.293939, 662.868365, 37.898319, 185.448630, 4637, 690284.0
775, 68.048622, 662.510954, 38.316138, 170.645130, 4651, 697291.0
776, 70.027785, 664.486086, 37.496733, 169.915563, 4674, 693120.0
777, 70.365035, 661.904760, 37.679574, 201.450560, 4485, 665896.0
778, 68.827234, 663.067620, 37.079175, 170.722425, 4640, 690278.0
779, 71.704208, 663.363162, 37.276114, 186.238363, 4472, 662160.0
780, 69.060684, 662.992876, 37.281664, 169.008182, 4748, 707367.0
781, 71.049773, 663.445325, 37.407027, 198.637854, 4648, 690709.0
782, 71.513348, 663.630197, 37.320443, 164.167164, 4563, 675681.0
783, 71.519214, 664.143961, 36.864284, 198.612365, 4497, 665154.0
784, 67.572545, 662.848287, 38.912333, 165.500563, 4676, 697036.0
785, 68.151827, 663.278118, 36.514518, 182.576060, 4584, 682407.0
786, 67.822880, 663.010422, 36.970992, 159.550669, 4689, 697332.0
787, 71.181969, 662.793230, 37.326996, 194.827582, 4338, 643629.0
788, 68.329033, 664.039958, 37.344691, 172.902605, 4610, 686128.0
789, 68.723017, 663.294833, 36.624871, 168.054716, 4663, 695051.0
790, 68.464721, 663.649208, 38.354086, 159.938638, 4696, 702909.0
791, 67.474584, 663.899340, 36.527155, 165.646439, 4577, 679870.0
792, 69.313156, 662.694759, 36.989171, 179.437575, 4680, 695750.0
793, 69.173661, 662.263672, 37.645241, 169.037668, 4575, 676919.0
794, 66.643671, 663.248783, 37.414609, 153.161896, 4560, 674689.0
795, 69.681166, 662.190361, 38.652800, 190.319251, 4622, 687437.0
796, 70.842970, 663.002918, 38.008578, 193.389675, 4609, 685078.0
797, 68.692542, 663.836836, 37.847792, 159.701434, 4722, 702908.0
798, 67.374083, 662.878121, 37.870555, 160.299997, 4664, 693933.0
799, 69.733689, 664.427176, 37.232146, 171.742454, 4708, 700208.0
800, 68.452081, 663.863606, 35.883139, 181.844585, 4693, 697384.0
801, 69.348036, 663.154757, 38.205655, 156.431979, 4730, 705134.0
802, 66.489303, 662.373384, 36.695403, 164.622775, 4606, 685305.0
803, 72.486022, 664.170413, 37.199375, 207.981209, 4460, 664208.0
804, 71.016021, 664.532104, 36.436380, 199.348532, 4512, 677417.0
805, 71.256638, 663.044246, 37.213963, 188.944584, 4689, 698286.0
806, 68.616098, 662.961531, 36.639885, 188.032030, 4493, 666415.0
807, 70.030396, 664.030960, 35.924344, 195.604265, 4572, 677850.0
808, 70.176008, 664.001226, 36.992214, 171.493005, 4659, 691288.0
809, 70.301646, 663.750505, 37.328906, 186.298671, 4596, 681258.0
810, 67.313813, 662.632152, 38.065608, 165.279673, 4546, 675101.0
811, 68.998116, 664.039019, 37.734340, 165.657541, 4592, 682682.0
812, 68.719520, 662.654976, 37.737551, 165.608378, 4741, 705215.0
813, 71.005629, 662.901791, 37.431687, 184.765509, 4539, 672110.0
814, 68.810846, 662.847053, 37.378017, 189.188512, 4482, 664866.0
815, 69.313592, 663.437213, 37.472303, 191.272879, 4536, 673135.0
816, 69.406245, 664.398866, 37.242408, 173.203521, 4567, 678086.0
817, 71.680370, 664.140163, 38.063865, 199.935495, 4365, 644057.0
818, 67.289032, 662.799397, 37.094715, 176.136224, 4502, 669070.0
819, 69.774765, 664.149140, 36.897397, 179.175018, 4555, 676695.0
820, 69.369093, 663.498170, 37.544972, 179.477193, 4669, 716488.0
821, 70.227089, 662.659693, 38.266735, 184.717986, 4637, 691587.0
822, 71.039603, 663.186694, 37.247971, 185.648982, 4644, 692748.0
823, 71.021564, 663.528685, 38.134478, 186.642133, 4605, 684921.0
824, 69.802699, 661.864719, 38.593983, 199.739681, 4480, 666016.0
825, 69.785229, 662.515654, 38.022395, 200.098696, 4494, 668630.0
826, 67.897493, 662.357179, 38.493391, 171.024907, 4627, 689796.0
827, 67.679742, 663.322850, 36.850524, 174.967712, 4521, 673303.0
828, 66.509594, 661.020586, 37.815637, 162.904059, 4531, 675253.0
829, 68.423222, 662.948595, 36.900761, 181.283351, 4622, 687792.0
830, 68.640332, 662.691874, 38.930458, 149.081404, 4657, 694995.0
831, 68.175299, 662.174897, 38.576306, 168.179435, 4712, 702828.0
832, 68.880471, 662.551528, 37.405142, 197.792559, 4697, 700449.0
833, 70.563474, 663.274355, 37.940843, 194.004127, 4637, 691063.0
834, 68.667850, 663.664824, 37.242358, 179.889783, 4626, 690105.0
835, 68.171809, 663.085234, 36.381669, 184.543787, 4506, 669733.0
836, 69.437048, 663.045512, 38.018946, 166.518654, 4761, 724228.0
837, 69.853072, 662.362678, 37.708353, 170.112875, 4592, 692714.0
838, 69.297237, 663.707568, 36.916038, 173.316734, 4711, 713289.0
839, 69.484189, 664.029518, 36.264564, 199.526955, 4536, 687882.0
840, 68.990617, 662.613853, 38.202398, 179.125069, 4669, 703538.0
841, 69.886808, 664.634846, 37.497161, 186.872353, 4544, 678948.0
842, 71.778426, 663.066996, 38.301076, 190.656559, 4512, 671625.0
843, 66.912715, 662.293420, 37.652487, 164.005788, 4506, 670908.0
844, 68.325740, 663.381515, 36.601646, 175.012633, 4577, 680314.0
845, 67.277204, 663.498102, 36.750630, 168.099731, 4557, 679488.0
846, 68.355992, 662.336443, 38.112100, 175.982090, 4645, 693807.0
847, 69.506629, 663.152409, 37.253379, 161.782135, 4728, 715099.0
848, 68.261759, 663.160311, 37.039732, 171.724039, 4633, 700765.0
849, 69.115715, 662.489649, 37.055350, 159.611765, 4722, 701781.0
850, 67.718979, 662.917413, 37.168974, 172.484979, 4506, 668249.0
851, 70.829524, 663.222931, 38.124798, 197.909750, 4619, 693756.0
852, 67.308850, 663.944293, 36.687359, 166.364235, 4616, 696830.0
853, 69.739628, 663.329217, 37.730006, 159.785211, 4691, 708880.0
854, 67.874424, 663.230181, 34.343278, 375.473150, 4163, 619437.0
855, 71.699187, 664.078866, 36.688739, 182.452204, 4572, 680375.0
856, 68.235531, 661.170427, 38.260957, 151.203157, 4701, 700807.0
857, 66.710118, 662.961142, 37.419678, 149.437267, 4591, 683428.0
858, 68.065216, 662.736837, 37.697272, 161.138080, 4710, 699245.0
859, 67.665708, 662.822493, 36.662512, 171.646721, 4607, 683311.0
860, 70.886517, 664.558001, 35.332086, 204.842757, 4404, 650172.0
861, 67.105819, 663.976504, 37.405214, 181.160135, 4558, 675853.0
862, 67.444655, 661.608028, 38.556277, 188.675945, 4539, 673353.0
863, 67.619176, 662.453682, 37.718118, 167.023325, 4641, 689033.0
864, 68.714435, 663.616719, 36.908168, 182.164672, 4609, 685046.0
865, 69.716645, 662.909377, 37.673708, 172.363725, 4741, 714831.0
866, 70.143695, 662.768611, 36.895012, 184.224147, 4593, 690147.0
867, 69.025730, 663.033478, 37.055367, 158.576026, 4734, 703729.0
868, 72.947414, 664.014162, 38.190378, 199.478933, 4496, 682099.0
869, 69.346917, 663.200708, 37.082704, 189.343213, 4514, 669789.0
870, 70.458226, 662.285111, 38.410100, 185.475547, 4622, 686133.0
871, 67.596997, 664.286770, 36.997316, 172.181884, 4590, 680776.0
872, 70.349475, 663.208647, 37.033630, 179.046303, 4640, 693786.0
873, 71.538871, 663.334928, 37.345401, 183.626254, 4461, 658687.0
874, 67.780869, 663.453177, 37.511147, 175.791725, 4618, 686284.0
875, 71.762243, 662.989038, 36.970726, 202.178479, 4403, 652292.0
876, 70.871122, 663.972524, 37.458129, 190.860609, 4507, 667412.0
877, 66.879579, 663.539093, 37.293532, 184.218111, 4651, 691708.0
878, 69.695865, 663.353307, 37.689960, 181.972421, 4567, 678206.0
879, 70.379107, 664.489841, 36.022104, 182.770521, 4511, 666222.0
880, 67.438502, 663.565499, 36.760315, 144.230892, 4644, 689202.0
881, 70.135292, 663.718315, 36.181569, 174.035677, 4556, 679114.0
882, 69.009969, 663.988444, 37.651943, 165.414735, 4697, 702036.0
883, 70.171853, 664.229459, 36.859682, 175.440909, 4708, 700766.0
884, 67.806204, 663.744195, 36.027094, 172.833341, 4561, 692999.0
885, 69.860978, 661.524462, 38.282704, 172.177095, 4589, 682669.0
886, 70.366197, 662.847130, 37.171533, 197.287881, 4382, 650042.0
887, 69.585592, 663.308891, 37.985199, 154.020427, 4640, 690410.0
888, 69.317528, 662.805044, 37.733675, 178.494342, 4612, 683665.0
889, 68.117336, 663.544100, 37.022885, 151.180078, 4746, 741827.0
890, 69.673377, 662.565587, 37.840829, 164.015569, 4714, 748843.0
891, 69.547821, 664.288688, 35.954904, 183.881885, 4648, 748786.0
892, 71.272764, 663.363697, 38.330826, 194.645579, 4645, 755249.0
893, 70.216405, 663.883605, 37.121224, 179.907547, 4588, 692631.0
894, 68.302810, 662.139854, 37.701781, 179.807720, 4676, 715576.0
895, 68.871906, 663.025424, 38.113422, 169.981985, 4663, 705097.0
896, 71.161032, 662.974575, 37.417476, 194.753413, 4483, 711423.0
897, 67.343997, 661.949528, 36.919422, 178.579519, 4472, 731798.0
898, 71.092507, 663.680277, 36.603826, 163.128274, 4524, 709433.0
899, 67.752133, 663.217037, 37.475492, 182.994502, 4633, 690486.0
900, 66.392297, 662.663411, 37.018968, 166.056656, 4421, 663024.0
901, 69.047957, 661.333539, 38.548044, 166.786997, 4575, 681238.0
902, 67.726246, 662.646582, 37.801101, 162.188148, 4576, 680425.0
903, 69.433417, 663.844842, 38.092293, 159.758923, 4717, 702957.0
904, 71.383543, 662.554790, 38.611434, 178.051795, 4551, 676844.0
905, 68.158744, 663.138890, 36.058613, 175.945973, 4387, 651996.0
906, 71.964352, 664.501957, 37.089123, 193.277150, 4451, 659847.0
907, 69.970780, 662.514297, 38.492263, 155.925954, 4546, 675873.0
908, 65.422795, 663.472419, 37.730482, 151.454120, 4515, 671298.0
909, 69.149890, 662.096673, 38.867942, 171.137596, 4766, 713577.0
910, 68.227087, 663.113674, 38.652246, 151.217078, 4638, 691055.0
911, 69.851548, 662.959824, 37.294000, 168.759783, 4651, 692022.0
912, 68.978105, 662.407272, 37.693295, 167.942842, 4672, 695002.0
913, 71.714492, 663.986046, 37.363556, 198.879345, 4449, 658903.0
914, 69.904950, 662.894210, 38.271604, 165.696010, 4667, 695475.0
915, 71.716660, 662.907617, 37.785271, 202.048154, 4501, 672055.0
916, 68.401766, 662.410358, 38.026977, 151.751299, 4714, 701944.0
917, 72.355794, 664.049592, 37.291941, 192.569483, 4499, 666697.0
918, 71.045334, 663.304458, 37.837895, 185.758605, 4635, 689150.0
919, 68.267291, 662.431760, 37.151300, 159.960107, 4653, 692224.0
920, 69.500426, 663.629745, 37.295173, 193.473130, 4424, 657420.0
921, 67.590040, 661.501937, 38.189352, 159.737785, 4525, 674964.0
922, 68.445311, 662.950274, 37.622114, 162.076716, 4590, 684166.0
923, 68.809303, 664.099974, 36.797725, 170.430787, 4579, 680444.0
924, 71.284416, 663.528648, 36.992403, 197.356856, 4414, 654918.0
925, 72.383310, 663.090825, 37.090761, 185.866856, 4475, 662093.0
926, 65.441434, 663.686346, 36.382574, 191.934959, 4294, 637295.0
927, 70.239843, 664.217082, 36.650243, 183.699669, 4679, 694385.0
928, 70.091896, 663.764639, 37.162879, 177.414616, 4525, 671663.0
929, 69.020431, 663.215427, 36.896971, 162.829864, 4720, 703141.0
930, 68.782250, 663.259260, 36.989345, 174.688424, 4641, 689342.0
931, 69.952381, 663.793028, 36.622090, 184.181497, 4609, 682396.0
932, 66.955070, 663.317162, 37.478431, 189.731625, 4608, 706579.0
933, 69.487740, 662.573589, 37.947898, 168.486504, 4540, 674555.0
934, 66.417155, 662.890599, 38.063242, 160.198029, 4541, 676275.0
935, 70.327032, 662.661799, 38.027762, 174.921676, 4575, 680117.0
936, 68.907788, 661.809095, 38.320166, 158.695243, 4727, 703977.0
937, 71.701217, 664.893999, 35.446452, 205.106993, 4405, 650317.0
938, 72.900133, 664.001036, 36.262748, 208.349786, 4407, 650351.0
939, 69.484311, 663.070174, 38.009726, 185.781452, 4544, 675265.0
940, 69.330848, 664.365228, 37.006536, 176.187500, 4570, 679936.0
941, 70.062037, 663.289289, 37.284027, 180.379157, 4687, 697183.0
942, 69.550040, 664.232807, 36.357716, 178.342161, 4635, 688603.0
943, 70.780726, 662.669649, 36.531089, 195.979068, 4457, 660889.0
944, 68.099955, 663.267866, 37.056839, 183.163063, 4618, 686237.0
945, 69.948018, 662.709474, 38.665861, 170.770032, 4699, 699994.0
946, 69.896642, 662.937631, 37.388638, 165.517641, 4673, 694031.0
947, 69.033234, 663.683335, 37.953260, 145.862808, 4742, 706901.0
948, 71.191759, 662.250015, 37.523384, 212.017128, 4352, 651664.0
949, 69.900803, 664.722589, 36.052858, 168.942341, 4715, 700449.0
950, 73.702505, 664.428462, 37.111524, 198.803966, 4475, 662973.0
951, 68.340587, 663.601741, 36.888426, 191.339044, 4502, 669301.0
952, 67.453603, 661.549109, 38.173918, 175.898750, 4501, 670273.0
953, 69.569834, 661.920982, 37.656084, 180.148122, 4493, 667492.0
954, 70.216838, 662.917778, 37.564036, 194.278573, 4497, 667683.0
955, 69.503474, 663.339058, 38.179294, 175.937600, 4638, 691386.0
956, 71.607590, 664.153577, 35.783171, 196.227300, 4437, 656480.0
957, 68.995043, 663.413249, 36.824523, 174.372786, 4723, 701170.0
958, 69.256554, 663.216059, 37.416266, 155.054366, 4710, 700391.0
959, 68.984973, 662.687563, 38.828958, 172.237042, 4665, 693077.0
960, 68.358042, 663.802059, 36.965675, 158.719194, 4621, 687989.0
961, 68.966145, 662.669826, 37.853158, 160.279269, 4688, 699979.0
962, 68.256441, 662.294409, 37.645064, 185.030924, 4578, 681152.0
963, 68.575336, 663.653284, 37.217630, 172.120391, 4595, 682676.0
964, 71.050059, 662.280017, 38.151778, 176.008755, 4728, 726753.0
965, 68.058654, 662.153311, 38.240162, 151.974863, 4700, 700764.0
966, 69.276724, 663.597385, 37.574199, 160.249221, 4737, 704911.0
967, 70.358296, 663.935746, 37.075947, 165.145014, 4714, 700569.0
968, 68.480401, 663.051410, 37.744914, 154.437392, 4737, 705603.0
969, 69.012723, 663.841584, 37.847592, 162.349814, 4707, 699788.0
970, 68.572928, 663.427754, 36.745342, 167.743781, 4573, 679733.0
971, 69.918360, 663.993384, 37.275494, 153.761141, 4692, 697682.0
972, 68.056051, 663.439875, 38.204762, 143.870063, 4661, 693659.0
973, 68.842255, 662.266249, 38.701481, 155.655266, 4723, 703949.0
974, 70.525547, 662.749491, 38.076043, 196.629079, 4647, 690233.0
975, 70.638499, 663.037184, 37.872926, 182.300190, 4624, 686548.0
976, 66.324630, 663.201191, 37.115102, 142.679367, 4581, 681351.0
977, 71.536549, 663.283327, 37.789711, 184.496047, 4474, 662945.0
978, 67.816132, 663.368187, 38.020226, 150.875461, 4765, 709016.0
979, 69.033932, 663.406188, 36.643654, 178.787232, 4663, 692702.0
980, 73.376469, 663.700136, 36.744710, 204.700601, 4469, 658847.0
981, 68.594912, 662.643468, 38.081860, 168.537473, 4628, 687791.0
982, 70.408080, 664.545234, 36.857477, 175.306705, 4604, 683005.0
983, 69.976832, 663.431363, 38.058966, 183.081026, 4427, 656052.0
984, 70.661549, 662.251181, 37.396397, 171.825069, 4667, 700267.0
985, 69.685524, 663.418403, 36.275486, 181.287294, 4671, 692166.0
986, 69.120361, 664.207000, 37.019502, 166.325004, 4663, 692871.0
987, 70.264904, 663.490256, 37.834800, 171.736767, 4539, 673540.0
988, 67.682544, 662.747118, 38.282173, 155.748956, 4661, 691670.0
989, 68.220650, 664.162338, 37.079883, 195.498780, 4551, 673087.0
990, 69.250264, 663.108043, 37.717583, 170.724942, 4630, 686230.0
991, 70.956027, 663.670015, 36.678894, 164.249493, 4672, 694656.0
992, 68.077417, 664.137440, 36.476159, 170.402600, 4650, 690802.0
993, 70.015046, 664.102211, 37.189186, 178.115431, 4677, 695452.0
994, 71.286549, 662.922955, 37.605306, 172.775396, 4617, 685862.0
995, 67.400598, 662.922789, 37.275234, 162.146018, 4590, 681330.0
996, 70.903039, 663.863654, 37.297397, 175.550406, 4672, 720303.0
997, 69.298953, 662.695499, 37.843827, 179.540048, 4480, 670157.0
998, 69.330707, 663.577376, 37.460813, 180.068965, 4580, 681118.0
999, 70.931056, 662.305473, 38.460125, 184.766472, 4565, 679287.0
