#idx, x0, x1, x2, y, f_neval, total_time (us), 
0, 70.819728, 664.594174, 36.497694, 176.500524, 4111, 609754.0
1, 72.556206, 663.652377, 37.401536, 205.218955, 3924, 580383.0
2, 72.118806, 663.004775, 37.288628, 199.534412, 3945, 584202.0
3, 70.121125, 663.621316, 37.039162, 204.706861, 4046, 600500.0
4, 72.180439, 663.880854, 36.181502, 219.501585, 3943, 583005.0
5, 70.776755, 663.311774, 36.965279, 210.113577, 3939, 616833.0
6, 71.921429, 663.085513, 38.421968, 197.748668, 3985, 591901.0
7, 73.419016, 662.404220, 37.256017, 210.584051, 3940, 582865.0
8, 72.122360, 664.837101, 36.976162, 204.645837, 3845, 567656.0
9, 72.433855, 663.763302, 36.803410, 220.307024, 3881, 575704.0
10, 75.415502, 663.778960, 37.065451, 232.468053, 3931, 579857.0
11, 72.132393, 664.097945, 36.327401, 197.735476, 3883, 574190.0
12, 71.477118, 663.004998, 38.449753, 185.662096, 4012, 595815.0
13, 72.339682, 664.633398, 36.933172, 234.374738, 3816, 564404.0
14, 71.933300, 662.459293, 37.238851, 214.389564, 3882, 574609.0
15, 70.177501, 664.573922, 37.064243, 177.197085, 4087, 609178.0
16, 70.128330, 663.231887, 37.766364, 175.923053, 4122, 613350.0
17, 71.486139, 664.937452, 35.692657, 194.873323, 3866, 572001.0
18, 68.544054, 663.134920, 37.238440, 204.669008, 4042, 600277.0
19, 74.266276, 663.597529, 37.231770, 231.853453, 3894, 574687.0
20, 72.861329, 663.160119, 38.110779, 205.512098, 3977, 589652.0
21, 72.344853, 663.855215, 37.242030, 185.880153, 3984, 590404.0
22, 69.070280, 663.888088, 36.895766, 186.322111, 4102, 609752.0
23, 73.447500, 661.649688, 38.224002, 218.630795, 3894, 579384.0
24, 72.165771, 663.300488, 37.119008, 217.099201, 3852, 568503.0
25, 70.750446, 663.794955, 38.707075, 197.014574, 3962, 587083.0
26, 74.612354, 664.204535, 36.656562, 223.057890, 3894, 573993.0
27, 70.777606, 664.523146, 36.739845, 185.371256, 4041, 599784.0
28, 71.390916, 662.471409, 37.854730, 187.086232, 4119, 611290.0
29, 72.156855, 664.242582, 36.687253, 198.763631, 3866, 571189.0
30, 69.931994, 663.731884, 37.623692, 176.271093, 4047, 601667.0
31, 69.947957, 663.242966, 38.027036, 200.086731, 4031, 598860.0
32, 69.942488, 663.624538, 37.851983, 183.187389, 4025, 599129.0
33, 70.918795, 662.288844, 38.381316, 176.792180, 3918, 582247.0
34, 70.113861, 662.462696, 37.725185, 182.211005, 4020, 597411.0
35, 73.743125, 663.080242, 37.315531, 212.698522, 3951, 585728.0
36, 71.735316, 662.965013, 38.424097, 191.999192, 3889, 575523.0
37, 68.982070, 662.181694, 37.435046, 179.373664, 4153, 616862.0
38, 70.502079, 664.004467, 36.651472, 203.648952, 4051, 600553.0
39, 68.326574, 661.869650, 37.805950, 166.749946, 4114, 612370.0
40, 71.616157, 663.434086, 37.505244, 191.183164, 3911, 580583.0
41, 71.207952, 664.410764, 36.327575, 181.465275, 3955, 586613.0
42, 68.109689, 662.684293, 38.053744, 185.709528, 4083, 624713.0
43, 72.445363, 663.127617, 37.508831, 206.771606, 4004, 593399.0
44, 71.346210, 662.917365, 38.840868, 169.491605, 4014, 596756.0
45, 69.070517, 662.979535, 38.780011, 190.976014, 3995, 593420.0
46, 69.811976, 664.692160, 36.314381, 198.394653, 4089, 606775.0
47, 71.150012, 664.288543, 36.735766, 193.506329, 3911, 579146.0
48, 69.480628, 662.665369, 37.550001, 187.387998, 4017, 597725.0
49, 71.905941, 663.312445, 36.810586, 186.481136, 3979, 588439.0
50, 72.586364, 663.843928, 36.210083, 183.328479, 3942, 583470.0
51, 72.908427, 664.260362, 37.381501, 199.155212, 3939, 583197.0
52, 66.423556, 663.826658, 36.486237, 165.022904, 4029, 598268.0
53, 70.889249, 663.489203, 36.945215, 222.140394, 3775, 558941.0
54, 71.525320, 662.955186, 38.447480, 203.194951, 3905, 580112.0
55, 69.021872, 663.801470, 37.671138, 168.758895, 4127, 614189.0
56, 70.983152, 664.208928, 37.854149, 192.358145, 3992, 593095.0
57, 68.351743, 662.722598, 37.048212, 173.219499, 4075, 606659.0
58, 70.211392, 663.294757, 37.740671, 186.911797, 4060, 603837.0
59, 69.092085, 663.630815, 37.956337, 174.071617, 4063, 603812.0
60, 71.871018, 664.451053, 37.248377, 190.248420, 3917, 580740.0
61, 68.751399, 663.537961, 37.861720, 153.743733, 4110, 611143.0
62, 68.881228, 662.716457, 37.764883, 162.848144, 4110, 611103.0
63, 68.612677, 663.638932, 36.373433, 179.828628, 4084, 606765.0
64, 70.631510, 664.455241, 37.125374, 189.361505, 4030, 598554.0
65, 67.690471, 663.367834, 36.917371, 180.891145, 4096, 607725.0
66, 68.480471, 662.592930, 37.709654, 171.282768, 4091, 609266.0
67, 72.569719, 663.560783, 36.440855, 214.123447, 3831, 566344.0
68, 66.688502, 662.388895, 37.672552, 183.646304, 3992, 594649.0
69, 69.367819, 662.892665, 37.764165, 207.568591, 3952, 587381.0
70, 68.261111, 663.860050, 36.810760, 165.626782, 4099, 610985.0
71, 69.860052, 664.862789, 36.944124, 191.919823, 4148, 616114.0
72, 71.252129, 662.980730, 37.684441, 199.835582, 3889, 577338.0
73, 65.165795, 662.966275, 37.540381, 183.146511, 3973, 591323.0
74, 69.702242, 663.980656, 36.632479, 175.132032, 4097, 609821.0
75, 69.561077, 663.313808, 38.106325, 185.563653, 4130, 614764.0
76, 67.102212, 663.322434, 36.322054, 185.246412, 3913, 581168.0
77, 67.476707, 662.555495, 37.570764, 163.677290, 4135, 614560.0
78, 69.898266, 663.108942, 37.355996, 181.061852, 4097, 634656.0
79, 70.625966, 662.328216, 38.312706, 204.069175, 3948, 587643.0
80, 67.694951, 663.295011, 37.648087, 168.276557, 4102, 610121.0
81, 68.222904, 663.202942, 37.806632, 161.735259, 4106, 611398.0
82, 68.580330, 663.939992, 36.229017, 159.422377, 4180, 621735.0
83, 71.314053, 664.464619, 36.154429, 190.029061, 4140, 615429.0
84, 68.082656, 662.265442, 37.501387, 177.956467, 4118, 616272.0
85, 70.456473, 665.055933, 36.605047, 204.555066, 3896, 577543.0
86, 67.989454, 663.417086, 37.620963, 173.650655, 3997, 594461.0
87, 67.620586, 662.951237, 36.807096, 170.640062, 4044, 603067.0
88, 67.285421, 663.249693, 36.690307, 174.026703, 4042, 602445.0
89, 68.872874, 664.870524, 36.149176, 156.770186, 4189, 623500.0
90, 72.019487, 663.991069, 36.017431, 214.558500, 3895, 577363.0
91, 68.363399, 662.007699, 38.113177, 176.492700, 4062, 605851.0
92, 67.723119, 662.061849, 38.169244, 187.089886, 4184, 626451.0
93, 67.495509, 662.749632, 37.363600, 193.623985, 4005, 597557.0
94, 70.090599, 664.216417, 36.573577, 171.916520, 4129, 614227.0
95, 69.382288, 663.132798, 38.531774, 166.710245, 4108, 612006.0
96, 68.789728, 664.235787, 35.830235, 172.309441, 4197, 624323.0
97, 69.418058, 664.259453, 36.190035, 175.165944, 4114, 612508.0
98, 69.465797, 663.303580, 37.112804, 164.235330, 4224, 629529.0
99, 68.637684, 664.367341, 36.768968, 180.975235, 4005, 595256.0
100, 66.192365, 662.503456, 37.657012, 170.214917, 3999, 595857.0
101, 69.653286, 663.521644, 36.711002, 202.555185, 3995, 593384.0
102, 67.391947, 662.486577, 38.202922, 162.179553, 4070, 605535.0
103, 68.535322, 662.663562, 38.398678, 173.954387, 4144, 616275.0
104, 69.623080, 664.689871, 35.657149, 180.890887, 4074, 605146.0
105, 68.311936, 663.199798, 36.968986, 188.098705, 4019, 597501.0
106, 71.425101, 664.671859, 36.329331, 195.723003, 3977, 589617.0
107, 70.682909, 662.930993, 38.126011, 181.088557, 4072, 604352.0
108, 68.424654, 663.279693, 37.223407, 187.944712, 3934, 583891.0
109, 69.171742, 663.857764, 37.183606, 177.886128, 4078, 605671.0
110, 68.988459, 664.589493, 36.947836, 177.452697, 4110, 610882.0
111, 69.720230, 663.859442, 37.307999, 183.953775, 3947, 586145.0
112, 69.883511, 662.187889, 37.636737, 189.392813, 4109, 610551.0
113, 69.874111, 662.647109, 38.351373, 161.517784, 4168, 623803.0
114, 71.499949, 664.810329, 36.712056, 198.349419, 3936, 588268.0
115, 67.114018, 662.693354, 38.195411, 168.790222, 4086, 611008.0
116, 72.032613, 664.565759, 36.520370, 223.583187, 3861, 575538.0
117, 70.344881, 664.810226, 36.066649, 216.971596, 3879, 579448.0
118, 68.798860, 663.311389, 37.951983, 193.613793, 4096, 612006.0
119, 66.046194, 663.413672, 37.657497, 150.710427, 4108, 612234.0
120, 66.956035, 663.296623, 38.039401, 158.179934, 4067, 608015.0
121, 67.058830, 663.701760, 35.993231, 178.444836, 3920, 583252.0
122, 71.647235, 662.720204, 37.836245, 204.973763, 3853, 571209.0
123, 69.691054, 663.364073, 37.838893, 177.616136, 4133, 616824.0
124, 70.365125, 662.983373, 37.198018, 162.939008, 4094, 608864.0
125, 68.355845, 662.241531, 37.791344, 184.684313, 4125, 615162.0
126, 68.443948, 662.911798, 38.582523, 180.729500, 4091, 612528.0
127, 66.602062, 662.680659, 37.247635, 171.653178, 4004, 597968.0
128, 70.790824, 663.786173, 37.034992, 191.854877, 4068, 604667.0
129, 70.236620, 662.961732, 37.294217, 184.132397, 4095, 610271.0
130, 69.821181, 665.022315, 36.757356, 175.660610, 4128, 614561.0
131, 70.952692, 663.173563, 38.498188, 199.635813, 3863, 576214.0
132, 71.559607, 662.610265, 38.146133, 193.015928, 3988, 597061.0
133, 68.311734, 664.311082, 36.018365, 159.234086, 4072, 607910.0
134, 69.213721, 664.386540, 36.053039, 198.285435, 4065, 603603.0
135, 71.436619, 664.754752, 36.243191, 215.861524, 3890, 574244.0
136, 71.318221, 662.591543, 37.656031, 202.499604, 3898, 578220.0
137, 70.053265, 663.561772, 37.218781, 178.920009, 4078, 605978.0
138, 68.506948, 662.434920, 37.453845, 165.971555, 4117, 613098.0
139, 71.127219, 662.965818, 37.964002, 199.309252, 3946, 584812.0
140, 69.287786, 664.872785, 36.230499, 184.946044, 4219, 627052.0
141, 70.690103, 663.762451, 36.010985, 183.435797, 4108, 609662.0
142, 71.062166, 663.675105, 37.876367, 183.086482, 4056, 604078.0
143, 69.814114, 662.411993, 37.363867, 178.311719, 4090, 608497.0
144, 73.525049, 663.654759, 37.386541, 203.680990, 3944, 583505.0
145, 69.103624, 664.822593, 36.243068, 188.183299, 4150, 616688.0
146, 68.869534, 664.159768, 36.568070, 170.228531, 4102, 610075.0
147, 73.581005, 664.138096, 36.730941, 217.604891, 3971, 586607.0
148, 69.182081, 663.132492, 37.058670, 179.552421, 4127, 613420.0
149, 73.095913, 662.817543, 37.592160, 206.516071, 3986, 592933.0
150, 66.716032, 662.596175, 37.043692, 191.480454, 3880, 581445.0
151, 71.361771, 662.688458, 37.489120, 211.879160, 3961, 587011.0
152, 73.019324, 662.677080, 38.037133, 203.522038, 3973, 587112.0
153, 70.588223, 663.928201, 36.956194, 189.053036, 4055, 609708.0
154, 69.301909, 663.916000, 37.133507, 162.689258, 4145, 616606.0
155, 70.439830, 663.569615, 37.758869, 175.747103, 4157, 625592.0
156, 67.139515, 662.414854, 37.281678, 180.530543, 3951, 585379.0
157, 68.354614, 661.481159, 38.064183, 187.443920, 4046, 600207.0
158, 72.078577, 663.006340, 37.943001, 210.744486, 3956, 584431.0
159, 69.762181, 662.745037, 36.991135, 171.176701, 4152, 616866.0
160, 72.625661, 662.768159, 37.716586, 195.000012, 3824, 566548.0
161, 72.827841, 664.439159, 36.966608, 214.458574, 3905, 577461.0
162, 71.735615, 662.575632, 37.049065, 187.475086, 3965, 586699.0
163, 71.724061, 663.152463, 37.333068, 201.028316, 3955, 587624.0
164, 69.371422, 663.354930, 37.582577, 182.066185, 4079, 606030.0
165, 71.153203, 663.441021, 37.202011, 177.690564, 3997, 592704.0
166, 69.151749, 664.014541, 37.592542, 172.052550, 4055, 603059.0
167, 71.196772, 663.409845, 36.244998, 198.380595, 3788, 559848.0
168, 70.554320, 662.557390, 38.427930, 181.344759, 4019, 597266.0
169, 67.847145, 663.860564, 35.874962, 185.007869, 3926, 583435.0
170, 70.851981, 664.337254, 36.731391, 190.075412, 4081, 605463.0
171, 67.786970, 662.206583, 38.358878, 166.747987, 4045, 601754.0
172, 69.596593, 663.270973, 37.200311, 193.023271, 4001, 595022.0
173, 71.765294, 663.002545, 37.268812, 175.921342, 3991, 591802.0
174, 68.586738, 662.986533, 37.758113, 182.574254, 3985, 592125.0
175, 70.403172, 661.772618, 38.181666, 192.767855, 3979, 590693.0
176, 71.161320, 662.668193, 37.813407, 196.722357, 4068, 604106.0
177, 73.539274, 663.967597, 37.085784, 197.377890, 3948, 584162.0
178, 67.852792, 663.163509, 36.709015, 175.713909, 3985, 592711.0
179, 69.094243, 664.037838, 37.380962, 184.654079, 4106, 611232.0
180, 69.441516, 664.068393, 36.148158, 197.506858, 4070, 604979.0
181, 68.238597, 663.050319, 36.713274, 153.346171, 4143, 616618.0
182, 68.537155, 662.495410, 37.632294, 183.952996, 4071, 605380.0
183, 68.022220, 662.718074, 37.730156, 168.530800, 4057, 603510.0
184, 72.092891, 664.059827, 37.104667, 210.416618, 3859, 570388.0
185, 70.974295, 662.237195, 37.471587, 166.583619, 4165, 620931.0
186, 67.991081, 662.523986, 37.046218, 179.883419, 4066, 613432.0
187, 69.316889, 661.926191, 37.613116, 183.460151, 3990, 594355.0
188, 70.380583, 663.549772, 37.135651, 192.983088, 4031, 599568.0
189, 68.347089, 664.582610, 35.177196, 192.411994, 3958, 589152.0
190, 69.563688, 661.980175, 37.602780, 173.574466, 4139, 617372.0
191, 69.937981, 664.321883, 37.323490, 174.493933, 4111, 614056.0
192, 72.605699, 662.772757, 37.766915, 193.860397, 3918, 582450.0
193, 70.752037, 662.516836, 38.860448, 199.364037, 3897, 579194.0
194, 71.037105, 663.719520, 37.800899, 182.845987, 3892, 578752.0
195, 72.693378, 662.357641, 37.626327, 195.723716, 4017, 596908.0
196, 72.919045, 661.942273, 38.224033, 183.732673, 3962, 589214.0
197, 70.005917, 664.026945, 37.117228, 166.856211, 4109, 613004.0
198, 69.210411, 663.266679, 38.036990, 154.986734, 4140, 617323.0
199, 70.519563, 664.204250, 36.697509, 187.427438, 4005, 595618.0
200, 71.833914, 663.203635, 38.159343, 178.865180, 4058, 603101.0
201, 71.017682, 662.088743, 37.255667, 182.132153, 4042, 600391.0
202, 69.392111, 663.133355, 37.949967, 175.656749, 4186, 623443.0
203, 71.757812, 662.707102, 38.934687, 179.993159, 4032, 603449.0
204, 70.555091, 662.107785, 38.487077, 197.865502, 4080, 613531.0
205, 70.057580, 664.412682, 37.287546, 184.409978, 4002, 595173.0
206, 71.300983, 663.495725, 36.639931, 198.776360, 3858, 572221.0
207, 70.348377, 664.064097, 35.856323, 192.782956, 3969, 589261.0
208, 70.579107, 663.846114, 36.310008, 195.362901, 4027, 598564.0
209, 73.321043, 664.318874, 36.912471, 204.947505, 3954, 584307.0
210, 74.063120, 663.968552, 37.351396, 236.914677, 3903, 576549.0
211, 72.341926, 664.455430, 36.528123, 190.190831, 3922, 579421.0
212, 72.786900, 664.679986, 37.040311, 218.375208, 3899, 575871.0
213, 72.569458, 662.980953, 37.581410, 241.849211, 3828, 565975.0
214, 73.360960, 663.699934, 38.208069, 215.034188, 3968, 586421.0
215, 72.815426, 664.289447, 36.730504, 199.886500, 3868, 571368.0
216, 69.257101, 662.050427, 37.580624, 185.062121, 4147, 616136.0
217, 70.225556, 663.104662, 37.597650, 177.039639, 4147, 616228.0
218, 69.975034, 663.756899, 36.331584, 189.542823, 3978, 590609.0
219, 74.742530, 664.146869, 36.174837, 251.325707, 3872, 571263.0
220, 72.398229, 663.672867, 38.534942, 196.719804, 3949, 585350.0
221, 72.053073, 663.295963, 37.815123, 212.254188, 3891, 575951.0
222, 71.026392, 663.358342, 37.680304, 199.507725, 3941, 599560.0
223, 71.946157, 664.632375, 36.112739, 192.400259, 3946, 583122.0
224, 69.787283, 662.068023, 38.339854, 180.231012, 4111, 611160.0
225, 71.205859, 662.376968, 38.384366, 177.862424, 4062, 603254.0
226, 69.783277, 662.550820, 38.552346, 160.763126, 4127, 613963.0
227, 70.089249, 664.478669, 35.494838, 202.776425, 3984, 589645.0
228, 71.342209, 664.432689, 37.020845, 188.423280, 4026, 597805.0
229, 72.320524, 663.863059, 36.731165, 195.120474, 3895, 576101.0
230, 69.911391, 663.103260, 36.965895, 199.034194, 4009, 595038.0
231, 76.821273, 664.517991, 36.563675, 238.598360, 3999, 588879.0
232, 71.219025, 663.309740, 38.161188, 181.150646, 3937, 583817.0
233, 71.071775, 663.003435, 37.821004, 165.132328, 4148, 617048.0
234, 69.331361, 663.481111, 36.868922, 186.906992, 4099, 609931.0
235, 72.021430, 663.326442, 37.890567, 184.585612, 3990, 591942.0
236, 69.701304, 663.369978, 38.738480, 177.440792, 4082, 607345.0
237, 69.335824, 664.133298, 37.145124, 187.607068, 4170, 621352.0
238, 69.717219, 662.641528, 37.731688, 183.409336, 4045, 605146.0
239, 72.689059, 664.321763, 37.074312, 177.114986, 3959, 586291.0
240, 68.807320, 662.857396, 37.198319, 188.841250, 4123, 613543.0
241, 69.517445, 663.125839, 37.608777, 179.087173, 4074, 606217.0
242, 68.326777, 662.308685, 38.217107, 163.979146, 4147, 618364.0
243, 71.896668, 663.806784, 37.576503, 199.790698, 3939, 584363.0
244, 69.342984, 664.425832, 36.103965, 178.113745, 4140, 615680.0
245, 67.176621, 661.998375, 37.632043, 170.234750, 3989, 594145.0
246, 68.390483, 662.579887, 37.278971, 169.217405, 4114, 612066.0
247, 70.165857, 664.394756, 36.539607, 176.845820, 4137, 615525.0
248, 71.366699, 663.076422, 36.890547, 225.167672, 3960, 589047.0
249, 70.406730, 664.482024, 37.295236, 177.500980, 4084, 610105.0
250, 70.762731, 663.424524, 36.425493, 172.570084, 4004, 595100.0
251, 69.184520, 662.651732, 37.055748, 223.851211, 3962, 603172.0
252, 72.156537, 664.424963, 36.133706, 208.964824, 3819, 584560.0
253, 69.605098, 664.791004, 36.647587, 186.533752, 4107, 614058.0
254, 69.533030, 663.923990, 37.474789, 183.780727, 4098, 611161.0
255, 69.827341, 662.704333, 37.816338, 197.009829, 3911, 581146.0
256, 72.741797, 663.531120, 35.976491, 216.332959, 3812, 563033.0
257, 73.148954, 662.497093, 38.090883, 193.119398, 3950, 587896.0
258, 69.483594, 663.135435, 37.001993, 172.053167, 4137, 641941.0
259, 69.151178, 662.620979, 38.426058, 181.843230, 4026, 611298.0
260, 69.620871, 663.754652, 37.204917, 185.163221, 4156, 620369.0
261, 73.231867, 664.757669, 37.219209, 233.241060, 3830, 566970.0
262, 71.567550, 663.098643, 37.911914, 167.542820, 4029, 599534.0
263, 69.955552, 664.075304, 36.116228, 181.745222, 4010, 594292.0
264, 70.588825, 662.737503, 37.680332, 161.308786, 4103, 609617.0
265, 66.351547, 663.637971, 37.505872, 184.788226, 4085, 606782.0
266, 69.814684, 663.651854, 37.713569, 193.457051, 3951, 586721.0
267, 69.514833, 662.723964, 37.332647, 203.287137, 3985, 591983.0
268, 73.597787, 663.701812, 36.354317, 255.267687, 3896, 576034.0
269, 68.013499, 662.942738, 37.032725, 172.367945, 4123, 615512.0
270, 71.475051, 662.844251, 37.644216, 210.349895, 3940, 583635.0
271, 73.791690, 664.085606, 37.715222, 217.704839, 3946, 583452.0
272, 70.006226, 663.325302, 37.690771, 179.466508, 4063, 603829.0
273, 69.574491, 663.847225, 37.381037, 188.833595, 4020, 597464.0
274, 68.573378, 662.759071, 38.019404, 174.894864, 4056, 603166.0
275, 70.629280, 665.296933, 36.119660, 198.073416, 4096, 608840.0
276, 69.818169, 663.522929, 37.374012, 189.292949, 4133, 632134.0
277, 70.784892, 664.249398, 36.796692, 185.266468, 4137, 618900.0
278, 70.826368, 663.180595, 37.135414, 190.205649, 3974, 592517.0
279, 67.885404, 662.454999, 37.955341, 164.457346, 4077, 606822.0
280, 73.616057, 663.264030, 36.967899, 228.433705, 3952, 584296.0
281, 72.550393, 662.790234, 37.973452, 188.322702, 3934, 585990.0
282, 70.191367, 662.811217, 37.749147, 166.413527, 4149, 618182.0
283, 73.567811, 665.230859, 36.340872, 217.391270, 3776, 556743.0
284, 72.127676, 663.212475, 37.790216, 201.846414, 3915, 578931.0
285, 71.194713, 662.363238, 37.946848, 194.391984, 4017, 595492.0
286, 69.277756, 663.558342, 37.398013, 191.199516, 4176, 621711.0
287, 69.686568, 662.293946, 38.500769, 183.409338, 4060, 606136.0
288, 70.242095, 663.386682, 37.154386, 189.031966, 4015, 596448.0
289, 69.092525, 661.942631, 38.491245, 164.209353, 4051, 603468.0
290, 71.611472, 663.895084, 37.989517, 191.756226, 4040, 601597.0
291, 70.638151, 662.780761, 37.858142, 175.334344, 4076, 608951.0
292, 71.767200, 663.882583, 36.898149, 188.169295, 3950, 585873.0
293, 69.481405, 664.496737, 37.316326, 181.078368, 4172, 623229.0
294, 70.836325, 663.240350, 37.981647, 188.951621, 4107, 612245.0
295, 68.004852, 663.208254, 37.893414, 171.526096, 4172, 621973.0
296, 69.150734, 663.198758, 38.157841, 168.638886, 4137, 615629.0
297, 70.552920, 663.929051, 36.688309, 221.335088, 3933, 584393.0
298, 69.211244, 663.340366, 36.457514, 194.997025, 4067, 604085.0
299, 72.137211, 664.445114, 36.393316, 207.317582, 3876, 574035.0
300, 70.411607, 662.807281, 37.204483, 165.418486, 4048, 601672.0
301, 70.648891, 664.047089, 37.217189, 163.767581, 4170, 620417.0
302, 69.042771, 662.661571, 37.489215, 167.451103, 4161, 620408.0
303, 69.365973, 663.828083, 37.068799, 191.125103, 4089, 608739.0
304, 69.691845, 663.895307, 36.025827, 211.681608, 3961, 587691.0
305, 69.536856, 663.868047, 36.919589, 159.354467, 4152, 618622.0
306, 69.967406, 663.902379, 37.102415, 178.785926, 4109, 613423.0
307, 71.288717, 663.700367, 36.541967, 196.633507, 3889, 602174.0
308, 70.162238, 664.125588, 36.610007, 181.124389, 4181, 622978.0
309, 69.956284, 664.403541, 36.617787, 171.609390, 4176, 620421.0
310, 70.725581, 663.386663, 37.052991, 176.224793, 4120, 612559.0
311, 70.591459, 663.063098, 38.872365, 203.547099, 3942, 590490.0
312, 70.508750, 662.693116, 37.573455, 205.983321, 3996, 623527.0
313, 67.718515, 663.846436, 36.833590, 194.618944, 3955, 586707.0
314, 71.914306, 663.616945, 37.338756, 197.222029, 4001, 596297.0
315, 71.262272, 663.464875, 38.767834, 182.650686, 3860, 572672.0
316, 74.536149, 664.334686, 36.353521, 220.523126, 3938, 581414.0
317, 72.589885, 663.906961, 37.259271, 219.791472, 3967, 588245.0
318, 71.238674, 664.733357, 36.823487, 219.907928, 3958, 587966.0
319, 69.764781, 663.368179, 36.551227, 199.183660, 4052, 601639.0
320, 74.003926, 665.091143, 36.579584, 223.825494, 3919, 578439.0
321, 72.219823, 665.007893, 36.546348, 177.594609, 3937, 584870.0
322, 71.033590, 662.998199, 38.068190, 175.133626, 4133, 613669.0
323, 74.858524, 664.368421, 36.395724, 251.198905, 3876, 572338.0
324, 72.452607, 662.967599, 37.541413, 217.766645, 3882, 574584.0
325, 69.590055, 664.064222, 36.961637, 205.320154, 3958, 587641.0
326, 74.163328, 664.244223, 36.210207, 227.152766, 3917, 578421.0
327, 73.856262, 663.266141, 37.005833, 230.928311, 3950, 584931.0
328, 69.508574, 663.723132, 37.657429, 180.687506, 4150, 621461.0
329, 69.844375, 663.992416, 35.729062, 205.097260, 4076, 610223.0
330, 71.123000, 665.912717, 35.060354, 207.795309, 3866, 589744.0
331, 70.796425, 664.562522, 36.599870, 194.983080, 4019, 600642.0
332, 69.103683, 662.858018, 38.263307, 169.368236, 4144, 620174.0
333, 69.867419, 664.220329, 37.510289, 187.230449, 4085, 607629.0
334, 68.205667, 662.066879, 38.030296, 180.183735, 4177, 622409.0
335, 69.131857, 663.331126, 37.960293, 176.484524, 4140, 618370.0
336, 69.427259, 662.728548, 38.691457, 181.054429, 4027, 602341.0
337, 69.587726, 663.379021, 38.006707, 173.332033, 4106, 611870.0
338, 71.135177, 663.743709, 37.997428, 184.036578, 4007, 595040.0
339, 71.994706, 663.530638, 38.103188, 181.738910, 4007, 595621.0
340, 73.193063, 664.951521, 35.536525, 221.993472, 3859, 569993.0
341, 67.355432, 662.939121, 37.533035, 174.443611, 4130, 614427.0
342, 68.934354, 661.952666, 37.409264, 180.812931, 4046, 602176.0
343, 72.150688, 663.476508, 36.422642, 200.928440, 3889, 576544.0
344, 71.062632, 664.277709, 36.335085, 195.655311, 4019, 597451.0
345, 71.343462, 664.388177, 36.473882, 195.226137, 3977, 589099.0
346, 69.578449, 663.648428, 37.588435, 181.065540, 4203, 626148.0
347, 71.383720, 663.073543, 38.320835, 176.465533, 3978, 593166.0
348, 72.157758, 664.487000, 36.548064, 203.718617, 3909, 587895.0
349, 68.639244, 662.815606, 37.895457, 160.961374, 4154, 620167.0
350, 73.313456, 663.415383, 37.333271, 205.438379, 3951, 585557.0
351, 70.908960, 661.899048, 38.583197, 179.084953, 4017, 597488.0
352, 69.307289, 662.877775, 38.012388, 173.969718, 4158, 620940.0
353, 69.981048, 662.792271, 38.680357, 194.938391, 3976, 591857.0
354, 68.970338, 663.583085, 37.564855, 183.590800, 4106, 611247.0
355, 69.581696, 663.315307, 38.231973, 172.895814, 4127, 615593.0
356, 70.226471, 663.436443, 38.789624, 173.841109, 4036, 601275.0
357, 69.649924, 662.359484, 38.319233, 167.408577, 4080, 606851.0
358, 67.036862, 662.659504, 36.956454, 172.213419, 4063, 605072.0
359, 70.983132, 663.431876, 38.272062, 182.078241, 4084, 610631.0
360, 69.466205, 662.223336, 37.221380, 197.234821, 3975, 591434.0
361, 70.326801, 662.756231, 37.707095, 203.259564, 4064, 604354.0
362, 72.596158, 664.032327, 38.504981, 201.170334, 3973, 589783.0
363, 71.475357, 664.210894, 36.520757, 219.944880, 3880, 573691.0
364, 70.046683, 664.339144, 37.019328, 184.878686, 4231, 629970.0
365, 67.872454, 661.840454, 38.133528, 175.717368, 4113, 615335.0
366, 69.267756, 664.216518, 36.257146, 162.991228, 4153, 617576.0
367, 70.091624, 664.408424, 36.426558, 201.293390, 4001, 594799.0
368, 71.531335, 663.065223, 38.124391, 182.553096, 3968, 589883.0
369, 70.005462, 663.195479, 36.761069, 200.696454, 4106, 611076.0
370, 73.270978, 663.157634, 37.275497, 201.166372, 3928, 581570.0
371, 71.455983, 664.497818, 36.950070, 195.557117, 4001, 594879.0
372, 69.852713, 663.618689, 36.749083, 184.878011, 4032, 600193.0
373, 67.926683, 662.944668, 37.085996, 173.815796, 4104, 610327.0
374, 73.636195, 665.370271, 37.633868, 205.976887, 3942, 583850.0
375, 73.847082, 664.124682, 36.741871, 221.325943, 3959, 587037.0
376, 68.781471, 663.980454, 37.186421, 187.527806, 3994, 594007.0
377, 69.849314, 664.406380, 37.606123, 181.166444, 4004, 596312.0
378, 72.530346, 663.829338, 36.986475, 212.261884, 3933, 586178.0
379, 72.234425, 663.800632, 37.256702, 200.044465, 3996, 593174.0
380, 70.910699, 663.097639, 37.891068, 185.014091, 4122, 613222.0
381, 69.501487, 662.926525, 37.902934, 212.938638, 3939, 584683.0
382, 70.938869, 663.551552, 37.742076, 178.400660, 4127, 614117.0
383, 70.526263, 663.123660, 37.617528, 187.245823, 4067, 604718.0
384, 71.691320, 663.492334, 37.164104, 185.966014, 3986, 615649.0
385, 71.007839, 663.967061, 37.596528, 191.998416, 3947, 586926.0
386, 73.003477, 664.138749, 36.664854, 213.450580, 3861, 570636.0
387, 73.051171, 661.895007, 37.997974, 207.589421, 3978, 590400.0
388, 69.701672, 662.851426, 36.887753, 197.609817, 3965, 589714.0
389, 73.297661, 664.277572, 36.529090, 226.044659, 3956, 586633.0
390, 75.064350, 664.744953, 36.935722, 211.158343, 3944, 587639.0
391, 72.971632, 664.289046, 36.655580, 247.380199, 3868, 572517.0
392, 71.252261, 663.196686, 37.171260, 188.994168, 3944, 585686.0
393, 73.600735, 663.553156, 36.902877, 221.559861, 3964, 587386.0
394, 71.709897, 662.535546, 37.107504, 202.496649, 3915, 581102.0
395, 70.347588, 661.827268, 38.116937, 204.606739, 3923, 583105.0
396, 74.608913, 664.682299, 37.676882, 206.486482, 3932, 582472.0
397, 71.424334, 662.992563, 37.000882, 218.427564, 3926, 583220.0
398, 72.400796, 663.120215, 37.316953, 206.195203, 3961, 588366.0
399, 73.720589, 663.728569, 37.602848, 216.874167, 3904, 579119.0
400, 73.109703, 662.539539, 37.710450, 203.701165, 3964, 587595.0
401, 70.250682, 664.293040, 36.552769, 189.015101, 4130, 617897.0
402, 71.144136, 663.049394, 37.570074, 194.576978, 3991, 594170.0
403, 73.969602, 664.884793, 37.627426, 213.648786, 3948, 587403.0
404, 71.259291, 664.312659, 38.048552, 195.953959, 4063, 605098.0
405, 73.253432, 663.203086, 37.539012, 207.733002, 3939, 584355.0
406, 70.800233, 662.388758, 38.327132, 188.343438, 4079, 606832.0
407, 74.198798, 663.887498, 37.702624, 213.069575, 3957, 587641.0
408, 71.151928, 662.791292, 38.034143, 183.313940, 4139, 619158.0
409, 71.506939, 664.539913, 37.310899, 201.581061, 3887, 580697.0
410, 69.785374, 664.149770, 36.587492, 217.789006, 4035, 599392.0
411, 73.995617, 663.134447, 37.858669, 205.958661, 4007, 593881.0
412, 74.190241, 663.300611, 38.352341, 227.826122, 3993, 599299.0
413, 73.656456, 661.640788, 38.655183, 200.880270, 3946, 592667.0
414, 71.082279, 663.996286, 37.892776, 219.884895, 3867, 573463.0
415, 74.491657, 663.440777, 37.458602, 222.097758, 3917, 579633.0
416, 69.561401, 662.402795, 36.710671, 192.003482, 3951, 586704.0
417, 71.528408, 663.135988, 37.174555, 205.649944, 3895, 577656.0
418, 71.762418, 663.690782, 36.094214, 205.074403, 3934, 583414.0
419, 72.930167, 661.073559, 38.975697, 187.484538, 3985, 592515.0
420, 69.875720, 663.856068, 37.377456, 196.258998, 4041, 627018.0
421, 71.399000, 663.197152, 39.267720, 192.183309, 3982, 591191.0
422, 67.602533, 663.163004, 37.265545, 187.287858, 4011, 596660.0
423, 72.148782, 664.044479, 37.261224, 212.730793, 3931, 581438.0
424, 72.324404, 662.888578, 37.409276, 201.411488, 3962, 587553.0
425, 72.249638, 663.945137, 37.779561, 214.982607, 3863, 571835.0
426, 71.337461, 663.198106, 37.083087, 191.252866, 3979, 590954.0
427, 71.729907, 664.236413, 37.541327, 198.981903, 4008, 594774.0
428, 72.400704, 662.991182, 37.366514, 206.499753, 3962, 587264.0
429, 74.297067, 664.653692, 36.122805, 233.875630, 3945, 583025.0
430, 70.190293, 663.336862, 37.136987, 185.512614, 4089, 608443.0
431, 71.197885, 663.560929, 36.633907, 196.796679, 3959, 587738.0
432, 72.304881, 663.543677, 37.818101, 181.256722, 4011, 596087.0
433, 68.692048, 662.183092, 37.332249, 184.604182, 4036, 600455.0
434, 70.765180, 662.913341, 36.929611, 182.917877, 3994, 596586.0
435, 70.414602, 663.128631, 37.737750, 186.154214, 4102, 612301.0
436, 70.916775, 663.195080, 36.664633, 189.266339, 3939, 588927.0
437, 70.692505, 664.447575, 37.478718, 177.394673, 4115, 615681.0
438, 70.238381, 664.061129, 36.938740, 173.769893, 4136, 621384.0
439, 68.776235, 663.574986, 37.390557, 171.779884, 4089, 615811.0
440, 72.170808, 662.757442, 37.884906, 209.453417, 3862, 577483.0
441, 71.518098, 664.050724, 35.670133, 194.029484, 4010, 600074.0
442, 70.975484, 663.374668, 37.469893, 183.048554, 4107, 615691.0
443, 71.225324, 662.914939, 37.370156, 196.796831, 3951, 590968.0
444, 70.064655, 662.572582, 37.743104, 184.043949, 4033, 597809.0
445, 68.351803, 662.450328, 38.470077, 170.970114, 4112, 611851.0
446, 71.685024, 664.044077, 36.817381, 209.773607, 3803, 573355.0
447, 72.761933, 663.436615, 37.471794, 205.512827, 3937, 593163.0
448, 71.150521, 663.312404, 37.511103, 197.661871, 3916, 592228.0
449, 71.282084, 665.554783, 36.363113, 198.364440, 3913, 583587.0
450, 71.527643, 663.295872, 37.468647, 207.582383, 3918, 581169.0
451, 71.612692, 662.897844, 37.678796, 194.994550, 3978, 589333.0
452, 70.021773, 662.065056, 37.626024, 174.156759, 4106, 611170.0
453, 68.313568, 662.615366, 37.288270, 179.356948, 4068, 604488.0
454, 67.767788, 662.108913, 38.420830, 179.169877, 4067, 604822.0
455, 71.395388, 663.740822, 37.573223, 180.069534, 3956, 590430.0
456, 71.971346, 664.239755, 36.324974, 204.447689, 3993, 595798.0
457, 73.592558, 663.810373, 38.167575, 201.751186, 4006, 603141.0
458, 68.208995, 663.505010, 37.566925, 188.680407, 4058, 610605.0
459, 71.390632, 663.174610, 37.721791, 186.189044, 4061, 602570.0
460, 73.590022, 665.234420, 37.685362, 211.884078, 3986, 589960.0
461, 71.817404, 664.047649, 37.340105, 190.965101, 3896, 575854.0
462, 70.191945, 663.309302, 36.521986, 177.459873, 4152, 618020.0
463, 72.993443, 663.789795, 37.138360, 199.669993, 3916, 579436.0
464, 72.846035, 664.853193, 36.476969, 202.363267, 3850, 589017.0
465, 70.636205, 662.574187, 37.966547, 202.101088, 4061, 606507.0
466, 70.996023, 662.788428, 37.565201, 188.747497, 3961, 597673.0
467, 68.818448, 663.611824, 36.934277, 184.220391, 4069, 603655.0
468, 69.564939, 663.406543, 38.376762, 169.866251, 4079, 606656.0
469, 69.748925, 664.219427, 36.066503, 203.771945, 3963, 597960.0
470, 71.740125, 664.862644, 36.019303, 188.082666, 3935, 593137.0
471, 71.540333, 662.454424, 38.591116, 177.528456, 3957, 597132.0
472, 69.611148, 661.967238, 37.833118, 181.756368, 3965, 600316.0
473, 72.666645, 663.495428, 38.160846, 197.927499, 3989, 589642.0
474, 69.960505, 663.127415, 37.431802, 173.751765, 4115, 612000.0
475, 68.763935, 662.652802, 36.714037, 189.517505, 4050, 604785.0
476, 70.553914, 661.749634, 37.651744, 198.133216, 4149, 615615.0
477, 69.593654, 663.277924, 37.653377, 196.435550, 4031, 599424.0
478, 70.288403, 662.853372, 37.195530, 191.010968, 4077, 605927.0
479, 72.398091, 663.429046, 37.596769, 193.276006, 3949, 584400.0
480, 70.126805, 662.946408, 37.628795, 189.568277, 3912, 581388.0
481, 69.661109, 662.648390, 37.278061, 203.285076, 3929, 582819.0
482, 69.693898, 662.958788, 36.542524, 186.979473, 4106, 609698.0
483, 69.856792, 664.275871, 37.139003, 192.090239, 4041, 599471.0
484, 68.329620, 663.141508, 38.621380, 153.530252, 4155, 617967.0
485, 70.573718, 661.618660, 38.169142, 211.877734, 4009, 594251.0
486, 69.347173, 663.828495, 36.937973, 163.852380, 4159, 620959.0
487, 69.710045, 664.404104, 36.567746, 183.996324, 4097, 609780.0
488, 71.229130, 663.729164, 37.059582, 189.818532, 3950, 584595.0
489, 71.247186, 663.586866, 37.584885, 175.374840, 4129, 612908.0
490, 71.161051, 663.236207, 37.881285, 193.991457, 3923, 582267.0
491, 74.110683, 664.522366, 36.781904, 239.557640, 3905, 577865.0
492, 71.659458, 663.782510, 36.965756, 207.763632, 3890, 577940.0
493, 68.420395, 662.785151, 37.624864, 191.667902, 4115, 617577.0
494, 70.806664, 663.813089, 37.333150, 185.724598, 4102, 618184.0
495, 71.998707, 662.963237, 37.574727, 207.751897, 3935, 616649.0
496, 68.481991, 662.453223, 37.702912, 201.510670, 4075, 616866.0
497, 72.231803, 662.405232, 37.707544, 215.789312, 3848, 569981.0
498, 73.707174, 664.493340, 37.188632, 212.284945, 3965, 588288.0
499, 74.196208, 664.288635, 36.395604, 239.703509, 3880, 573471.0
500, 71.943304, 663.087097, 37.399255, 194.160916, 3943, 585813.0
501, 68.765299, 663.188558, 37.366396, 182.856312, 4131, 621555.0
502, 71.423877, 664.752591, 35.660891, 172.763475, 3993, 593572.0
503, 68.975707, 663.222350, 37.966760, 176.548985, 4074, 606971.0
504, 73.932932, 665.406278, 36.458751, 229.306560, 3891, 577757.0
505, 68.827927, 664.266182, 37.784418, 165.521359, 4090, 610649.0
506, 72.745926, 663.632492, 37.455572, 202.826780, 3988, 590962.0
507, 72.463989, 666.116435, 34.951692, 202.929420, 3891, 575272.0
508, 70.785707, 663.982737, 37.540323, 201.048990, 3890, 577232.0
509, 72.345796, 663.192620, 37.739804, 206.953466, 3982, 591102.0
510, 68.418635, 664.778655, 36.726097, 170.281945, 4136, 619180.0
511, 71.805144, 663.604100, 37.003651, 189.711872, 3924, 582652.0
512, 73.248217, 662.092220, 37.856274, 230.169967, 3853, 573829.0
513, 73.579365, 663.238261, 37.159736, 202.457003, 3942, 586020.0
514, 71.781248, 664.537529, 36.508345, 214.504864, 3844, 567804.0
515, 72.192050, 663.200611, 37.524069, 188.279404, 3853, 568823.0
516, 74.233809, 664.070342, 36.829317, 228.291788, 3938, 581384.0
517, 70.861597, 662.719181, 37.506925, 198.394128, 4028, 598041.0
518, 68.830654, 663.420630, 37.401519, 173.819410, 4124, 613979.0
519, 68.921573, 664.600522, 36.159835, 180.091025, 4063, 606577.0
520, 73.440758, 662.570397, 38.343233, 228.770474, 3903, 581546.0
521, 69.784879, 663.397361, 37.566811, 180.883950, 4040, 600571.0
522, 70.069817, 663.501612, 37.175673, 194.796134, 4077, 605967.0
523, 72.712431, 665.578328, 35.161708, 213.834351, 3793, 559894.0
524, 71.571776, 663.728649, 37.726026, 193.054770, 3987, 591188.0
525, 71.970151, 662.964513, 37.805080, 207.125341, 3953, 589373.0
526, 71.433850, 663.544468, 38.310924, 170.001012, 4102, 613501.0
527, 71.990691, 663.850250, 36.959306, 177.664824, 4033, 600595.0
528, 69.776945, 663.368756, 36.558550, 184.607751, 4124, 615440.0
529, 72.020088, 663.941004, 37.125509, 197.862113, 3845, 587597.0
530, 68.746355, 663.487170, 36.552522, 181.856692, 4069, 603678.0
531, 73.136465, 664.530606, 35.771010, 236.400453, 3888, 572879.0
532, 72.276828, 664.542059, 37.217172, 208.762404, 3932, 581103.0
533, 71.963190, 665.474727, 35.151128, 219.664230, 3837, 565472.0
534, 68.121959, 663.629924, 36.448494, 162.492301, 4123, 613405.0
535, 70.440112, 663.311278, 37.026197, 184.914642, 4066, 603939.0
536, 69.876800, 662.576872, 38.457983, 190.946242, 4022, 597375.0
537, 70.856139, 662.580086, 38.017017, 187.785770, 4090, 608066.0
538, 69.121030, 662.595233, 37.107562, 180.277267, 4176, 621006.0
539, 72.991574, 663.032832, 37.726833, 238.051484, 3826, 566126.0
540, 69.231012, 663.494699, 37.497759, 175.783919, 4132, 614801.0
541, 71.748006, 663.036112, 38.019493, 188.720847, 3947, 585488.0
542, 69.778280, 662.646962, 38.502106, 181.348925, 4120, 613001.0
543, 70.972451, 664.064117, 36.623822, 223.609286, 4001, 593307.0
544, 70.485137, 663.872097, 37.891462, 188.238991, 4083, 607843.0
545, 68.895256, 663.442223, 37.500318, 174.572809, 4126, 614490.0
546, 69.684284, 662.841487, 36.525487, 212.913979, 3910, 580084.0
547, 70.955559, 663.562501, 37.902643, 177.098519, 4165, 619661.0
548, 69.810023, 664.651884, 36.524296, 210.600256, 4014, 596565.0
549, 71.245138, 663.633166, 37.197902, 187.008698, 4149, 616990.0
550, 70.356788, 663.248509, 37.662369, 212.081147, 3977, 590585.0
551, 71.004363, 663.662090, 37.135781, 179.755449, 4049, 601211.0
552, 69.202189, 663.292409, 37.442996, 188.305753, 4100, 610036.0
553, 72.240919, 663.872228, 37.355844, 192.113051, 3861, 571011.0
554, 72.146227, 663.216487, 37.864337, 192.257550, 3932, 582004.0
555, 70.662546, 663.430004, 38.582830, 181.128817, 4093, 607531.0
556, 70.921194, 662.615192, 37.331612, 189.429074, 4056, 602174.0
557, 69.982825, 663.668774, 37.463008, 189.993815, 4092, 607074.0
558, 71.751709, 663.859103, 36.495762, 220.180679, 3848, 568464.0
559, 71.202736, 664.621562, 37.020070, 222.448177, 3926, 580663.0
560, 69.454449, 665.096431, 36.679693, 196.534616, 4143, 615587.0
561, 72.853584, 665.254949, 36.468703, 193.538372, 3992, 587764.0
562, 70.290386, 662.419184, 38.746995, 202.227764, 4048, 599344.0
563, 69.935502, 663.519925, 36.569488, 183.999866, 4141, 614942.0
564, 73.981466, 663.772028, 37.697062, 226.551291, 3936, 582423.0
565, 71.508154, 663.902662, 37.727443, 185.116177, 4006, 612268.0
566, 69.873000, 663.255844, 37.548949, 193.895968, 4147, 616606.0
567, 68.046100, 662.610129, 38.301389, 165.299441, 4089, 620358.0
568, 74.625533, 663.284790, 36.967637, 228.875924, 3957, 595330.0
569, 71.492418, 662.181182, 38.280983, 204.168765, 4038, 601117.0
570, 70.746738, 663.650639, 36.463665, 169.140748, 4190, 625003.0
571, 73.713499, 665.205193, 36.131939, 206.554399, 3913, 586959.0
572, 71.293114, 662.945299, 37.630685, 212.002993, 3805, 592574.0
573, 70.319540, 663.938107, 37.489115, 163.977830, 4107, 626595.0
574, 70.391927, 663.474462, 36.127023, 185.291055, 3972, 598079.0
575, 71.734034, 663.282386, 38.444438, 186.605695, 4047, 613809.0
576, 74.056201, 662.092139, 38.758531, 227.869928, 3895, 582426.0
577, 72.581705, 661.779803, 38.585960, 208.484539, 3915, 587040.0
578, 70.311395, 662.334342, 38.193665, 187.476125, 4040, 600640.0
579, 71.380762, 662.600245, 37.598696, 191.080429, 3940, 584694.0
580, 75.210165, 665.779347, 35.346268, 241.183465, 3941, 582891.0
581, 69.200845, 664.176553, 37.130854, 185.921214, 4126, 614186.0
582, 75.182478, 663.298003, 37.269210, 219.891858, 3904, 576319.0
583, 73.759121, 664.421314, 36.831746, 203.460406, 3971, 588432.0
584, 70.582856, 662.917543, 38.295377, 200.736050, 3940, 586322.0
585, 69.777107, 663.409075, 36.971138, 174.413033, 4145, 622749.0
586, 71.991087, 662.791820, 37.960808, 192.814270, 3922, 588778.0
587, 74.227494, 663.568413, 37.411577, 203.005741, 3881, 585026.0
588, 70.798394, 664.946770, 37.038475, 202.731901, 3824, 571640.0
589, 68.498704, 662.471327, 38.292733, 177.874568, 4030, 600428.0
590, 71.194721, 661.842454, 38.120997, 211.252177, 3816, 566308.0
591, 68.717904, 662.986648, 37.964424, 196.881721, 4064, 604599.0
592, 72.416502, 663.110174, 37.674548, 215.409319, 3946, 585704.0
593, 69.762717, 663.544774, 37.859083, 185.310220, 4158, 617919.0
594, 72.355500, 663.917111, 36.295115, 210.129915, 3888, 575560.0
595, 69.589252, 662.452942, 37.946209, 190.125181, 4016, 597345.0
596, 72.408770, 665.169596, 35.492726, 222.697551, 3808, 561196.0
597, 68.915634, 663.044901, 38.270783, 161.941324, 4086, 609564.0
598, 68.759595, 662.903981, 37.841867, 171.448735, 4173, 621446.0
599, 72.935961, 663.902908, 36.398651, 199.621991, 3952, 584868.0
600, 71.579808, 662.970172, 37.767512, 192.900865, 3885, 576983.0
601, 70.133575, 661.668581, 37.542889, 210.894117, 3931, 600623.0
602, 71.024436, 663.335618, 37.086495, 189.386015, 3969, 605608.0
603, 68.931381, 664.468575, 36.282233, 174.518983, 4064, 624416.0
604, 73.120447, 663.403600, 37.512174, 196.924104, 3942, 626450.0
605, 76.146659, 665.481694, 35.850189, 235.550328, 3877, 574242.0
606, 69.532864, 662.501144, 37.235394, 181.861420, 4088, 628987.0
607, 71.132991, 664.063946, 36.346814, 170.484342, 4087, 608560.0
608, 71.700531, 663.960768, 36.487478, 206.388433, 3863, 599260.0
609, 70.970728, 663.410307, 37.946338, 201.281451, 4112, 635550.0
610, 71.942012, 662.677037, 38.675570, 203.427962, 3984, 595642.0
611, 70.568256, 664.154014, 36.161700, 188.177808, 3946, 611197.0
612, 74.530479, 664.304325, 36.612558, 236.625951, 3841, 582650.0
613, 70.939512, 662.906807, 36.826866, 210.034585, 3945, 598504.0
614, 68.507820, 662.625845, 38.189031, 172.203239, 4130, 638933.0
615, 71.837244, 662.597928, 37.392728, 206.485848, 3896, 576387.0
616, 67.837497, 663.761629, 36.348909, 173.142714, 4010, 595285.0
617, 71.087825, 663.995265, 37.086084, 194.104801, 4017, 595427.0
618, 71.318772, 663.369245, 37.977417, 180.930877, 4097, 609001.0
619, 69.286466, 662.223711, 38.648926, 177.872571, 4112, 612337.0
620, 67.355597, 662.863461, 37.328248, 185.919668, 3949, 586804.0
621, 70.871864, 663.591768, 37.983971, 169.796416, 4106, 610727.0
622, 70.261568, 662.885036, 36.573898, 189.671780, 3983, 590096.0
623, 71.417519, 663.242266, 38.155130, 211.547273, 3957, 586963.0
624, 69.235940, 662.760781, 36.874724, 181.994158, 4070, 604068.0
625, 68.731632, 662.587678, 38.108884, 176.206738, 4090, 607610.0
626, 72.975548, 663.456515, 37.766515, 228.560772, 3890, 574503.0
627, 72.788248, 664.355555, 37.162988, 202.439643, 3886, 574017.0
628, 68.626812, 663.753207, 38.055613, 190.551979, 4078, 605540.0
629, 71.878728, 664.007834, 37.033218, 186.841225, 4020, 595341.0
630, 68.669495, 663.086229, 37.754806, 164.830613, 4184, 622544.0
631, 69.724947, 662.669463, 38.366498, 164.104247, 4094, 608300.0
632, 67.140268, 662.834014, 38.102949, 169.860560, 4026, 598224.0
633, 72.011537, 665.002384, 35.947305, 182.381922, 3918, 579001.0
634, 72.016262, 663.713197, 37.837848, 206.221956, 3892, 575475.0
635, 69.414946, 662.874969, 37.054320, 196.877008, 4033, 598888.0
636, 70.805321, 663.950701, 37.023414, 194.662237, 3812, 562819.0
637, 69.726095, 662.733044, 37.497112, 188.416194, 4137, 635682.0
638, 72.042298, 664.109031, 37.493405, 233.046715, 3823, 566153.0
639, 69.703055, 664.506235, 37.180660, 176.101061, 4073, 605709.0
640, 70.964250, 662.698372, 38.425238, 185.344905, 4086, 608818.0
641, 68.598329, 663.771609, 37.569529, 165.244331, 4163, 620435.0
642, 69.321518, 663.123227, 37.510778, 176.980256, 4094, 609400.0
643, 67.981747, 662.695899, 37.838135, 175.458178, 3969, 598279.0
644, 70.844875, 661.698492, 38.818776, 195.414246, 3996, 593906.0
645, 70.983693, 662.808375, 38.315815, 180.337328, 4039, 600754.0
646, 69.041610, 661.719864, 38.896620, 175.119228, 4110, 611907.0
647, 69.636066, 662.980385, 36.947070, 190.876447, 3943, 585208.0
648, 69.205088, 662.287038, 37.665678, 185.507756, 4133, 615057.0
649, 74.492733, 663.893492, 37.401351, 215.689982, 3931, 587312.0
650, 69.716675, 663.962906, 37.190346, 172.946734, 4112, 611783.0
651, 67.080692, 663.674111, 36.922123, 169.730192, 4060, 604709.0
652, 69.951953, 664.315924, 36.645026, 178.857992, 4092, 608227.0
653, 68.859110, 663.195806, 37.685572, 161.663840, 4180, 622586.0
654, 72.262299, 662.727681, 38.504356, 192.704772, 3931, 584805.0
655, 67.738709, 663.168230, 36.772690, 183.860646, 4017, 619015.0
656, 70.740970, 662.945337, 37.281737, 186.854999, 3913, 581839.0
657, 71.914780, 664.599223, 37.240834, 197.416926, 4003, 612896.0
658, 72.611811, 664.247235, 36.922349, 211.745507, 3938, 583184.0
659, 69.789251, 662.530733, 38.237341, 177.071063, 4081, 608762.0
660, 68.845474, 663.465454, 37.464096, 189.525512, 4120, 613826.0
661, 73.845641, 663.923628, 38.452316, 234.929010, 3936, 592564.0
662, 70.308846, 665.130223, 36.491357, 170.512767, 4127, 623108.0
663, 71.513177, 663.797038, 37.550854, 181.843967, 4068, 616004.0
664, 69.726556, 663.137052, 38.522955, 174.678798, 4106, 611089.0
665, 69.061831, 662.596192, 38.062981, 179.541849, 4134, 614841.0
666, 69.755247, 663.128819, 37.205488, 182.744715, 4059, 612776.0
667, 74.154775, 664.243236, 35.891962, 231.661856, 3922, 585978.0
668, 71.257009, 663.011627, 37.838761, 175.691839, 4039, 605178.0
669, 70.179450, 664.182124, 37.096628, 184.358513, 4167, 626384.0
670, 70.472083, 664.605978, 36.756034, 176.172917, 4133, 615587.0
671, 70.923342, 664.467608, 36.704515, 193.856086, 3984, 591363.0
672, 68.796655, 663.234391, 37.612294, 183.707465, 4039, 601073.0
673, 70.366251, 664.548514, 36.685775, 178.469902, 4065, 635038.0
674, 68.079526, 662.455197, 37.382181, 178.407165, 4044, 611157.0
675, 71.179058, 664.387608, 37.078247, 190.264992, 4055, 611961.0
676, 71.710453, 662.614857, 37.206341, 184.467919, 3787, 561236.0
677, 70.849967, 663.611185, 37.458398, 182.370447, 4040, 600530.0
678, 67.675815, 662.591386, 37.687222, 176.972627, 4034, 601454.0
679, 68.677562, 665.123516, 34.899332, 175.818100, 4137, 619080.0
680, 67.655867, 662.549208, 37.774182, 176.059742, 4022, 610399.0
681, 66.583784, 663.243416, 37.807928, 182.488641, 4084, 610844.0
682, 66.565976, 662.794729, 37.098689, 158.770151, 4065, 604622.0
683, 70.014378, 664.028608, 36.854795, 174.425784, 4169, 619237.0
684, 66.563330, 663.758549, 37.530668, 160.640351, 4048, 618046.0
685, 70.037766, 662.393371, 38.690160, 171.670027, 4112, 616888.0
686, 69.051931, 662.528129, 38.274872, 160.045371, 4134, 622884.0
687, 69.878238, 663.054174, 37.485996, 179.904928, 4127, 621042.0
688, 71.513502, 663.568871, 38.326694, 196.493686, 3920, 592321.0
689, 66.681001, 663.582674, 36.810968, 171.665466, 4069, 604674.0
690, 69.169181, 662.696310, 37.793584, 176.901676, 4067, 606032.0
691, 69.544744, 662.924761, 36.948634, 177.575640, 4145, 621928.0
692, 68.851071, 663.570236, 36.843291, 171.295586, 4170, 621412.0
693, 69.654213, 663.320910, 37.194560, 184.206924, 4117, 613139.0
694, 71.849038, 663.267276, 38.049392, 199.714821, 3990, 593140.0
695, 72.337428, 664.088759, 36.786235, 213.469117, 3813, 563819.0
696, 69.450666, 663.933639, 37.465291, 199.068866, 4026, 598654.0
697, 69.133903, 662.857118, 37.025108, 172.349570, 4109, 611851.0
698, 70.051249, 663.080168, 36.745653, 202.473771, 3942, 585105.0
699, 70.994348, 664.361076, 36.983224, 179.091934, 4037, 599685.0
700, 73.398545, 663.413609, 37.284764, 206.647997, 4007, 593567.0
701, 73.772738, 663.723056, 37.810201, 190.619209, 4003, 593038.0
702, 72.244645, 662.226570, 38.401745, 177.634459, 3988, 592693.0
703, 68.926215, 662.736538, 37.664857, 179.863983, 4062, 603889.0
704, 72.776185, 663.622081, 37.617348, 209.731154, 3901, 578912.0
705, 70.482652, 662.327434, 37.800343, 176.218643, 4116, 612643.0
706, 69.632176, 664.591189, 35.841628, 191.455696, 4084, 605930.0
707, 71.237039, 662.907764, 38.182573, 217.794001, 3784, 560061.0
708, 70.391970, 663.152540, 37.683109, 173.305875, 4066, 606035.0
709, 69.640175, 663.701660, 36.656513, 198.158979, 4064, 603760.0
710, 67.832202, 663.387077, 37.399491, 178.944049, 3991, 593509.0
711, 69.759838, 663.542049, 37.271697, 193.870631, 4078, 606644.0
712, 70.307486, 663.993059, 37.493620, 187.801787, 4046, 601881.0
713, 69.613159, 664.082885, 36.992835, 174.699105, 4167, 619568.0
714, 69.639916, 663.604540, 37.586131, 193.301004, 4002, 595900.0
715, 73.273779, 663.625583, 37.289039, 218.339955, 3958, 589232.0
716, 71.049583, 664.237716, 36.912559, 193.033757, 4019, 601667.0
717, 69.717062, 662.929725, 39.052026, 176.653789, 4049, 607925.0
718, 68.509199, 662.989002, 36.874700, 187.217324, 4057, 602855.0
719, 67.694877, 662.632396, 37.470044, 194.233713, 3966, 589857.0
720, 68.807705, 663.852379, 36.793858, 175.414951, 4041, 610427.0
721, 71.601333, 664.144181, 37.120986, 203.002363, 3912, 579347.0
722, 70.451471, 663.190027, 37.525584, 205.974655, 3992, 593055.0
723, 70.879940, 662.605412, 38.303346, 191.336463, 4077, 603710.0
724, 68.503656, 663.795159, 36.682328, 180.284154, 4148, 614527.0
725, 66.999059, 662.136437, 38.387512, 186.458484, 3986, 590899.0
726, 69.152349, 662.793696, 37.175047, 184.662430, 4151, 621328.0
727, 67.584287, 662.417593, 37.949804, 167.837821, 4102, 613856.0
728, 69.524985, 662.942443, 37.621465, 175.783639, 4151, 617222.0
729, 69.435019, 664.625329, 37.628139, 167.747227, 4096, 608734.0
730, 71.541065, 663.024801, 37.096016, 199.262831, 3913, 581226.0
731, 71.023994, 663.235289, 36.994314, 194.235199, 3873, 573247.0
732, 71.990473, 662.712033, 37.980588, 180.291264, 3954, 585769.0
733, 68.935008, 662.657889, 36.932267, 175.650135, 4146, 615970.0
734, 72.754131, 664.874814, 36.166113, 208.577208, 3772, 556318.0
735, 69.209719, 662.878996, 37.739174, 169.545798, 4191, 624071.0
736, 67.706933, 663.310521, 38.116219, 157.514956, 4186, 622921.0
737, 70.151570, 663.261716, 37.772582, 188.551046, 4065, 604391.0
738, 67.580125, 663.888211, 36.520665, 170.293406, 4111, 611317.0
739, 69.704158, 663.702611, 37.086270, 204.880293, 4050, 601729.0
740, 67.322423, 664.190394, 37.341750, 167.506263, 4094, 609133.0
741, 70.027626, 664.462485, 36.560107, 186.858362, 3996, 593689.0
742, 67.385629, 663.343037, 37.830161, 153.373624, 4122, 612739.0
743, 70.238749, 663.648406, 37.180651, 184.040033, 4104, 609427.0
744, 70.538120, 663.717526, 37.140108, 187.111049, 4104, 610200.0
745, 68.866148, 662.540294, 37.740645, 164.284674, 4203, 625950.0
746, 70.188610, 663.362227, 37.682213, 184.265463, 4113, 611981.0
747, 69.683838, 663.874389, 36.918641, 181.710386, 4075, 621777.0
748, 68.494494, 663.067358, 37.763829, 167.860553, 4087, 610844.0
749, 67.997411, 663.021677, 37.948209, 156.290811, 4076, 667415.0
750, 68.554218, 663.368982, 38.013140, 171.260717, 4163, 622048.0
751, 69.166622, 663.396684, 38.016661, 172.632225, 4158, 622703.0
752, 67.594227, 662.949425, 37.442412, 160.091657, 4058, 608403.0
753, 69.168537, 663.762133, 36.307784, 167.173374, 4094, 609164.0
754, 67.172364, 661.834962, 37.705443, 167.774433, 4011, 600262.0
755, 67.329404, 663.021657, 37.294902, 157.604938, 4074, 608104.0
756, 67.896603, 662.218898, 37.362764, 170.113178, 4134, 615549.0
757, 68.565554, 662.890903, 37.788631, 177.713309, 4087, 606485.0
758, 68.453608, 665.318496, 35.997245, 162.934348, 4098, 608134.0
759, 67.298385, 664.182692, 36.160112, 168.751477, 4057, 600998.0
760, 69.070141, 664.460539, 36.333496, 185.298673, 4133, 614036.0
761, 68.126766, 663.006818, 37.140001, 168.425857, 4126, 613676.0
762, 70.349351, 664.152244, 36.839460, 181.577253, 4167, 644603.0
763, 72.244291, 663.723855, 37.223507, 191.558695, 3946, 583477.0
764, 69.089608, 663.101446, 38.395390, 159.528420, 4184, 623541.0
765, 71.659559, 665.260596, 36.688156, 189.503307, 3971, 590772.0
766, 70.033898, 662.370392, 38.479765, 175.021873, 4091, 612140.0
767, 70.317842, 664.038541, 37.123732, 192.253213, 4103, 609434.0
768, 69.114942, 663.387063, 37.580531, 165.376930, 4092, 608935.0
769, 70.441418, 662.635642, 37.096671, 200.588271, 3959, 586757.0
770, 68.728910, 663.205522, 37.795391, 185.387525, 4039, 599659.0
771, 68.373348, 663.810678, 36.929724, 168.108155, 4084, 607090.0
772, 68.812615, 663.377760, 38.236590, 181.134429, 4079, 606210.0
773, 71.901041, 664.256754, 36.103930, 198.647360, 3904, 577375.0
774, 70.300623, 662.894468, 37.940998, 185.449758, 4097, 609267.0
775, 68.036537, 662.460125, 38.261749, 170.646556, 4117, 613425.0
776, 70.025097, 664.469665, 37.608692, 169.916031, 4121, 613135.0
777, 70.384555, 661.884734, 37.722932, 201.451054, 3968, 591918.0
778, 68.894590, 663.043486, 37.113874, 170.723048, 4100, 612009.0
779, 71.704521, 663.313364, 37.309757, 186.238887, 3943, 584271.0
780, 69.056095, 662.969290, 37.384345, 169.012396, 4182, 622285.0
781, 71.054740, 663.460550, 37.403117, 198.638290, 4108, 609453.0
782, 71.468066, 663.710618, 37.296487, 164.168283, 4013, 594011.0
783, 71.511569, 664.123864, 36.869222, 198.613138, 3972, 587605.0
784, 67.588556, 662.792371, 38.856466, 165.502221, 4129, 614390.0
785, 68.169201, 663.229813, 36.524501, 182.576883, 4060, 604433.0
786, 67.873353, 663.037944, 36.873400, 159.552040, 4150, 618037.0
787, 71.182606, 662.814830, 37.348157, 194.828692, 3835, 568310.0
788, 68.360646, 664.048881, 37.353275, 172.905239, 4093, 609040.0
789, 68.706143, 663.319282, 36.629291, 168.055661, 4134, 614125.0
790, 68.405518, 663.704823, 38.447850, 159.941258, 4146, 617413.0
791, 67.443605, 663.966798, 36.524151, 165.646973, 4064, 604030.0
792, 69.293692, 662.671025, 37.087059, 179.437692, 4126, 614502.0
793, 69.123481, 662.291559, 37.732289, 169.040546, 4040, 601157.0
794, 66.672193, 663.174561, 37.449274, 153.162423, 4048, 602203.0
795, 69.662945, 662.278243, 38.735064, 190.321793, 4081, 607546.0
796, 70.814935, 662.969401, 38.038231, 193.390041, 4079, 605677.0
797, 68.715053, 663.755106, 37.961479, 159.704208, 4166, 620608.0
798, 67.437488, 662.872119, 37.843499, 160.301807, 4123, 635482.0
799, 69.770531, 664.428124, 37.111484, 171.743559, 4159, 619744.0
800, 68.489780, 663.884630, 35.845978, 181.845460, 4136, 619683.0
801, 69.291271, 663.211839, 38.244439, 156.433872, 4171, 625893.0
802, 66.463099, 662.382723, 36.647675, 164.623057, 4074, 609759.0
803, 72.539580, 664.103377, 37.202969, 207.982202, 3947, 589808.0
804, 71.017952, 664.467567, 36.428137, 199.348743, 3997, 593442.0
805, 71.300882, 662.889820, 37.184757, 188.946768, 4128, 614027.0
806, 68.618032, 662.967624, 36.595159, 188.033539, 3986, 596422.0
807, 69.988872, 664.096958, 35.940314, 195.605074, 4041, 603289.0
808, 70.190080, 663.985796, 37.030680, 171.494078, 4115, 614374.0
809, 70.300041, 663.740099, 37.257765, 186.299508, 4064, 607154.0
810, 67.238505, 662.682789, 37.942324, 165.283184, 4045, 601853.0
811, 69.051321, 664.038709, 37.671691, 165.659060, 4067, 605548.0
812, 68.798553, 662.571268, 37.676681, 165.611388, 4184, 630447.0
813, 70.988621, 662.888419, 37.486739, 184.766478, 4012, 601190.0
814, 68.825662, 662.831132, 37.360114, 189.189387, 3973, 595500.0
815, 69.338107, 663.400318, 37.460391, 191.275004, 4028, 607735.0
816, 69.370662, 664.387775, 37.304505, 173.205165, 4047, 607209.0
817, 71.665481, 664.172220, 38.083180, 199.936848, 3855, 571057.0
818, 67.312719, 662.782524, 37.100060, 176.137483, 3986, 592822.0
819, 69.824148, 664.110919, 36.864659, 179.176960, 4034, 599659.0
820, 69.342891, 663.528454, 37.567145, 179.479193, 4139, 614709.0
821, 70.136551, 662.727399, 38.293612, 184.723396, 4102, 609616.0
822, 71.049355, 663.145524, 37.247069, 185.650398, 4098, 610379.0
823, 71.028607, 663.518106, 38.165707, 186.642665, 4078, 627844.0
824, 69.846267, 661.871744, 38.588520, 199.741813, 3972, 629538.0
825, 69.822936, 662.541862, 38.095902, 200.100871, 3993, 597697.0
826, 67.843844, 662.406788, 38.465189, 171.025957, 4099, 612441.0
827, 67.749283, 663.323881, 36.872081, 174.970768, 4021, 599128.0
828, 66.566813, 661.049995, 37.852655, 162.905449, 4022, 598421.0
829, 68.413494, 662.971794, 36.924232, 181.284555, 4099, 608856.0
830, 68.726391, 662.724047, 38.930428, 149.089701, 4118, 613402.0
831, 68.098635, 662.228786, 38.627655, 168.182257, 4165, 619903.0
832, 68.840064, 662.559098, 37.328852, 197.794489, 4155, 617287.0
833, 70.567614, 663.264260, 37.966573, 194.004581, 4105, 613159.0
834, 68.634955, 663.685361, 37.234739, 179.891831, 4091, 617860.0
835, 68.113160, 663.151134, 36.420995, 184.546843, 4002, 594206.0
836, 69.402380, 663.045666, 38.041046, 166.521649, 4188, 625656.0
837, 69.911648, 662.300070, 37.738694, 170.114667, 4055, 604417.0
838, 69.356921, 663.704073, 36.887160, 173.318865, 4158, 620952.0
839, 69.484189, 664.029518, 36.264564, 199.526955, 4018, 598705.0
840, 69.014423, 662.599560, 38.259467, 179.128295, 4147, 617769.0
841, 69.879182, 664.569043, 37.487674, 186.874049, 4024, 598774.0
842, 71.764032, 663.089807, 38.284557, 190.657225, 3982, 591527.0
843, 66.940823, 662.279740, 37.689680, 164.005949, 3992, 594268.0
844, 68.314699, 663.428654, 36.580427, 175.014406, 4032, 599333.0
845, 67.298679, 663.407654, 36.775894, 168.100579, 4031, 600531.0
846, 68.421599, 662.293167, 38.019414, 175.983950, 4104, 612463.0
847, 69.541955, 663.096786, 37.265633, 161.782661, 4180, 623241.0
848, 68.261759, 663.160311, 37.039732, 171.724039, 4105, 611056.0
849, 69.116035, 662.500208, 37.006662, 159.613152, 4166, 620025.0
850, 67.715888, 662.909870, 37.201199, 172.485653, 4005, 595477.0
851, 70.816446, 663.186006, 38.185325, 197.910434, 4083, 606572.0
852, 67.338736, 663.917084, 36.584501, 166.366215, 4080, 607195.0
853, 69.783847, 663.247058, 37.672592, 159.786619, 4145, 617540.0
854, 67.874424, 663.230181, 34.343278, 375.473150, 3726, 552459.0
855, 71.685214, 664.152678, 36.661586, 182.453272, 4023, 597025.0
856, 68.210997, 661.216770, 38.304254, 151.204027, 4155, 620599.0
857, 66.736515, 662.934848, 37.439593, 149.437432, 4067, 612547.0
858, 68.082895, 662.685853, 37.659841, 161.141729, 4165, 625223.0
859, 67.653986, 662.828993, 36.573045, 171.648115, 4068, 609924.0
860, 70.861198, 664.619735, 35.394506, 204.844372, 3901, 576943.0
861, 67.079395, 663.977066, 37.420914, 181.162081, 4043, 601309.0
862, 67.466762, 661.710303, 38.544671, 188.678818, 4019, 602474.0
863, 67.604265, 662.422077, 37.710751, 167.025879, 4101, 625775.0
864, 68.689510, 663.658745, 36.838935, 182.166218, 4087, 612569.0
865, 69.666398, 663.003314, 37.724158, 172.366304, 4189, 629005.0
866, 70.138106, 662.814510, 36.926172, 184.224660, 4059, 603101.0
867, 69.079181, 663.158979, 37.072955, 158.581922, 4176, 622052.0
868, 72.912661, 664.068204, 38.180150, 199.479208, 3962, 592665.0
869, 69.297687, 663.186241, 37.088196, 189.345510, 3994, 622689.0
870, 70.479944, 662.302823, 38.440023, 185.476687, 4085, 612550.0
871, 67.649940, 664.242794, 36.968673, 172.182646, 4064, 604487.0
872, 70.390610, 663.128864, 37.039326, 179.048296, 4104, 609285.0
873, 71.552751, 663.265715, 37.423967, 183.626871, 3940, 582862.0
874, 67.794897, 663.423868, 37.497517, 175.792808, 4100, 608816.0
875, 71.809133, 662.876937, 36.983082, 202.180269, 3883, 574703.0
876, 70.877881, 663.990121, 37.439669, 190.861534, 3990, 591155.0
877, 66.855943, 663.519301, 37.310156, 184.218679, 4117, 611805.0
878, 69.745969, 663.312782, 37.645224, 181.972899, 4036, 599413.0
879, 70.402359, 664.520236, 36.018122, 182.771093, 3986, 589526.0
880, 67.392802, 663.570078, 36.715066, 144.232519, 4108, 610416.0
881, 70.098050, 663.700504, 36.173999, 174.036415, 4028, 598295.0
882, 68.957712, 664.057396, 37.632231, 165.416513, 4168, 619538.0
883, 70.175589, 664.202359, 36.902503, 175.441950, 4146, 615417.0
884, 67.774523, 663.742622, 35.977269, 172.834187, 4045, 601346.0
885, 69.900198, 661.558906, 38.216860, 172.178992, 4062, 602624.0
886, 70.328794, 662.884634, 37.152748, 197.288984, 3886, 574319.0
887, 69.624622, 663.272666, 37.984104, 154.021812, 4088, 628152.0
888, 69.269061, 662.922988, 37.763963, 178.496223, 4091, 607292.0
889, 68.173768, 663.573805, 37.057807, 151.182524, 4180, 620863.0
890, 69.705297, 662.483097, 37.822138, 164.016208, 4170, 619429.0
891, 69.502164, 664.299258, 35.990488, 183.882674, 4100, 608158.0
892, 71.281125, 663.341713, 38.367209, 194.646426, 4090, 606894.0
893, 70.207193, 663.810732, 37.083808, 179.907710, 4056, 601977.0
894, 68.293142, 662.135533, 37.790931, 179.809688, 4134, 614033.0
895, 68.849467, 663.100432, 38.150364, 169.983582, 4121, 612518.0
896, 71.200528, 662.912764, 37.416745, 194.754195, 3962, 587555.0
897, 67.282908, 661.920526, 36.888374, 178.581647, 3980, 591224.0
898, 71.051045, 663.711147, 36.619951, 163.129765, 3989, 592187.0
899, 67.799896, 663.231238, 37.537904, 182.996606, 4099, 609854.0
900, 66.397938, 662.652075, 36.976859, 166.058419, 3934, 583775.0
901, 69.080252, 661.369124, 38.472843, 166.789784, 4027, 600550.0
902, 67.777653, 662.563074, 37.859183, 162.189709, 4053, 601339.0
903, 69.431722, 663.815795, 38.021625, 159.760856, 4157, 617850.0
904, 71.404029, 662.509062, 38.634277, 178.053413, 4016, 603473.0
905, 68.157822, 662.963157, 36.179033, 175.949437, 3895, 590793.0
906, 71.942869, 664.522184, 37.082070, 193.277448, 3918, 582630.0
907, 69.958505, 662.463923, 38.559633, 155.928659, 4027, 600209.0
908, 65.478224, 663.431899, 37.724050, 151.455285, 4010, 597297.0
909, 69.189036, 662.006830, 38.812545, 171.139004, 4204, 626732.0
910, 68.275920, 663.043350, 38.592933, 151.218733, 4104, 613051.0
911, 69.825264, 662.873434, 37.356863, 168.762393, 4103, 635614.0
912, 69.006628, 662.432693, 37.661529, 167.945888, 4137, 621054.0
913, 71.722046, 663.937934, 37.405936, 198.881089, 3934, 593980.0
914, 69.896362, 662.933436, 38.259893, 165.698041, 4122, 621838.0
915, 71.659337, 662.991118, 37.760992, 202.049347, 3967, 588788.0
916, 68.323404, 662.612441, 38.036655, 151.756652, 4175, 622717.0
917, 72.394422, 664.034447, 37.265517, 192.570012, 3988, 592261.0
918, 71.072603, 663.216807, 37.845025, 185.759775, 4087, 614422.0
919, 68.297899, 662.503188, 37.065258, 159.961790, 4134, 623069.0
920, 69.512969, 663.607970, 37.316429, 193.473857, 3923, 587334.0
921, 67.531898, 661.512546, 38.166228, 159.738666, 4018, 599642.0
922, 68.453879, 662.901266, 37.698099, 162.078945, 4069, 608451.0
923, 68.763098, 664.068091, 36.833728, 170.432922, 4060, 605130.0
924, 71.288678, 663.438116, 37.093152, 197.358192, 3901, 578325.0
925, 72.358130, 663.115820, 37.105160, 185.868196, 3941, 583063.0
926, 65.427866, 663.665598, 36.417792, 191.936717, 3819, 567164.0
927, 70.293993, 664.145671, 36.646902, 183.701058, 4121, 612667.0
928, 70.088470, 663.747797, 37.118376, 177.415960, 4005, 594747.0
929, 68.976914, 663.211877, 37.064606, 162.833309, 4175, 621766.0
930, 68.765882, 663.256317, 36.952100, 174.690484, 4112, 611943.0
931, 69.946511, 663.789449, 36.585688, 184.182717, 4072, 604989.0
932, 66.937347, 663.296943, 37.451045, 189.732957, 4082, 607127.0
933, 69.501420, 662.658602, 37.993566, 168.488535, 4016, 596600.0
934, 66.443313, 662.850058, 38.133490, 160.198541, 4033, 600807.0
935, 70.266727, 662.692474, 38.095476, 174.922480, 4048, 601508.0
936, 68.996886, 661.698461, 38.326927, 158.700276, 4176, 621816.0
937, 71.726961, 664.843569, 35.454156, 205.107835, 3884, 573714.0
938, 72.886281, 664.032990, 36.267071, 208.350723, 3881, 572919.0
939, 69.543603, 663.020373, 37.989823, 185.782544, 4032, 599229.0
940, 69.313387, 664.361451, 37.032634, 176.188439, 4047, 609814.0
941, 70.042808, 663.296955, 37.319650, 180.379580, 4148, 623815.0
942, 69.606295, 664.230564, 36.265476, 178.344586, 4104, 610246.0
943, 70.774469, 662.649226, 36.493143, 195.981261, 3935, 584180.0
944, 68.104163, 663.215281, 37.137113, 183.164517, 4093, 608964.0
945, 69.962078, 662.763018, 38.605369, 170.772746, 4146, 617227.0
946, 69.866934, 662.920185, 37.351847, 165.519374, 4126, 612136.0
947, 69.040706, 663.645810, 38.018424, 145.863167, 4180, 632669.0
948, 71.143803, 662.258784, 37.582215, 212.019001, 3849, 581536.0
949, 69.879214, 664.732160, 36.046090, 168.943428, 4146, 627129.0
950, 73.731512, 664.435574, 37.160288, 198.804896, 3948, 587045.0
951, 68.371400, 663.623341, 36.838907, 191.341149, 3994, 594255.0
952, 67.427136, 661.680917, 38.229031, 175.903708, 3995, 594459.0
953, 69.569834, 661.920982, 37.656084, 180.148122, 3974, 597402.0
954, 70.229549, 662.862069, 37.566524, 194.280654, 3981, 590749.0
955, 69.563157, 663.224079, 38.184455, 175.939464, 4105, 620804.0
956, 71.604694, 664.157210, 35.815207, 196.227980, 3910, 580211.0
957, 69.032329, 663.316294, 36.845521, 174.374246, 4171, 619719.0
958, 69.323378, 663.175290, 37.350497, 155.056195, 4163, 620057.0
959, 69.000655, 662.607104, 38.812343, 172.238935, 4122, 614168.0
960, 68.334405, 663.820271, 36.996391, 158.720585, 4090, 607949.0
961, 68.957377, 662.687918, 37.895667, 160.281158, 4131, 630272.0
962, 68.301766, 662.254392, 37.564591, 185.032730, 4057, 604198.0
963, 68.626347, 663.654577, 37.157767, 172.122047, 4082, 614246.0
964, 71.065664, 662.298146, 38.086580, 176.008821, 4169, 619684.0
965, 68.096247, 662.145803, 38.160323, 151.976219, 4153, 619147.0
966, 69.304182, 663.571290, 37.539141, 160.251747, 4178, 621665.0
967, 70.356583, 663.917143, 37.035955, 165.146465, 4167, 619254.0
968, 68.512930, 663.073109, 37.723597, 154.440340, 4188, 623613.0
969, 68.977933, 663.765416, 37.910512, 162.351986, 4171, 619346.0
970, 68.618643, 663.393539, 36.727262, 167.746000, 4065, 603662.0
971, 69.913084, 663.930287, 37.245766, 153.761740, 4145, 619348.0
972, 68.010917, 663.514728, 38.115135, 143.873288, 4131, 615319.0
973, 68.856043, 662.259121, 38.662920, 155.656511, 4177, 622704.0
974, 70.530511, 662.785067, 38.059771, 196.630476, 4109, 610609.0
975, 70.600530, 663.031371, 37.890525, 182.301221, 4078, 605602.0
976, 66.350972, 663.245925, 37.041813, 142.680623, 4071, 620589.0
977, 71.550338, 663.255420, 37.772729, 184.497072, 3950, 586750.0
978, 67.774307, 663.382016, 38.097566, 150.877755, 4207, 625704.0
979, 69.011173, 663.346655, 36.627838, 178.789051, 4116, 611499.0
980, 73.434393, 663.598857, 36.774239, 204.701813, 3933, 580553.0
981, 68.570571, 662.682236, 38.026444, 168.539364, 4093, 608718.0
982, 70.425130, 664.625780, 36.824975, 175.307936, 4065, 603337.0
983, 69.951086, 663.511276, 38.108225, 183.082395, 3938, 584654.0
984, 70.708474, 662.222736, 37.472547, 171.826838, 4115, 610650.0
985, 69.710637, 663.401128, 36.283359, 181.288651, 4141, 614672.0
986, 69.181389, 664.172281, 36.987060, 166.326430, 4134, 615201.0
987, 70.241174, 663.543661, 37.906111, 171.737682, 4026, 598325.0
988, 67.618024, 662.848255, 38.277191, 155.751141, 4123, 613866.0
989, 68.187699, 664.084663, 37.126059, 195.500706, 4042, 600365.0
990, 69.273585, 663.086898, 37.693657, 170.726728, 4103, 610070.0
991, 70.972441, 663.570929, 36.717281, 164.250487, 4124, 612682.0
992, 68.043867, 664.196947, 36.480822, 170.403436, 4112, 622647.0
993, 70.012617, 664.169476, 37.114767, 178.117080, 4126, 624870.0
994, 71.275222, 663.018387, 37.669170, 172.777974, 4093, 619027.0
995, 67.404207, 662.874310, 37.362129, 162.146839, 4067, 604269.0
996, 70.910852, 663.831371, 37.301443, 175.551389, 4111, 610804.0
997, 69.281521, 662.687594, 37.820788, 179.541807, 3981, 602754.0
998, 69.308895, 663.604583, 37.439112, 180.070632, 4051, 613707.0
999, 70.963489, 662.341177, 38.469182, 184.768531, 4043, 611439.0
