#idx, x0, x1, x2, y, f_neval, total_time (us), 
0, 70.925926, 665.547846, 36.804138, 176.914673, 1103, 165444.0
1, 70.925926, 665.547846, 36.804138, 207.567704, 1082, 162226.0
2, 70.925926, 665.547846, 36.804138, 201.696324, 1076, 160052.0
3, 68.245975, 664.359747, 35.267024, 209.179996, 1106, 179271.0
4, 70.925926, 665.547846, 36.804138, 221.213255, 1080, 161865.0
5, 70.925926, 665.547846, 36.804138, 212.050819, 1100, 164427.0
6, 70.925926, 665.547846, 36.804138, 199.851372, 1099, 164568.0
7, 75.384088, 659.737737, 36.753737, 214.771864, 1081, 161883.0
8, 70.925926, 665.547846, 36.804138, 205.863083, 1086, 162333.0
9, 70.925926, 665.547846, 36.804138, 222.490946, 1078, 162438.0
10, 75.730570, 662.602413, 34.867119, 234.725171, 1059, 158280.0
11, 70.925926, 665.547846, 36.804138, 199.296462, 1085, 162644.0
12, 70.925926, 665.547846, 36.804138, 188.133277, 1095, 164225.0
13, 70.925926, 665.547846, 36.804138, 235.975424, 1076, 161233.0
14, 70.925926, 665.547846, 36.804138, 217.096175, 1086, 162282.0
15, 70.102687, 664.727220, 39.741476, 178.751758, 1113, 167156.0
16, 68.245975, 664.359747, 35.267024, 180.564346, 1114, 167666.0
17, 70.925926, 665.547846, 36.804138, 195.503017, 1086, 162590.0
18, 65.987654, 665.547846, 36.804138, 211.115302, 1119, 167946.0
19, 72.665689, 664.992360, 36.932474, 234.131513, 1073, 178605.0
20, 72.392153, 662.345547, 41.040845, 207.995882, 1082, 182589.0
21, 70.925926, 665.547846, 36.804138, 187.710085, 1078, 164750.0
22, 68.597140, 665.519286, 40.766219, 192.282041, 1116, 167382.0
23, 75.384088, 659.737737, 36.753737, 222.876527, 1074, 160589.0
24, 70.925926, 665.547846, 36.804138, 219.309850, 1080, 162012.0
25, 70.925926, 665.547846, 36.804138, 198.934757, 1100, 164830.0
26, 74.344095, 665.112077, 38.929005, 224.888812, 1063, 158599.0
27, 70.925926, 665.547846, 36.804138, 185.899294, 1103, 165083.0
28, 70.925926, 665.547846, 36.804138, 189.863134, 1109, 166150.0
29, 70.925926, 665.547846, 36.804138, 200.339428, 1079, 161103.0
30, 68.597140, 665.519286, 40.766219, 181.202956, 1117, 167402.0
31, 68.597140, 665.519286, 40.766219, 205.540580, 1115, 167039.0
32, 68.597140, 665.519286, 40.766219, 188.210209, 1112, 167061.0
33, 70.958060, 660.004837, 41.587569, 180.701402, 1100, 164546.0
34, 68.245975, 664.359747, 35.267024, 186.729736, 1106, 165733.0
35, 74.814751, 665.600207, 35.386843, 216.751978, 1069, 160307.0
36, 70.925926, 665.547846, 36.804138, 194.281244, 1087, 162740.0
37, 71.750876, 659.454830, 36.459731, 187.298613, 1119, 167981.0
38, 70.925926, 665.547846, 36.804138, 205.106031, 1103, 165123.0
39, 65.987654, 665.547846, 36.804138, 172.969752, 1113, 167294.0
40, 70.925926, 665.547846, 36.804138, 192.458462, 1089, 163407.0
41, 70.925926, 665.547846, 36.804138, 182.004361, 1100, 164820.0
42, 65.987654, 665.547846, 36.804138, 191.189914, 1117, 167442.0
43, 70.925926, 665.547846, 36.804138, 209.283452, 1087, 162411.0
44, 70.925926, 665.547846, 36.804138, 172.082016, 1101, 164826.0
45, 65.987654, 665.547846, 36.804138, 200.683016, 1116, 167762.0
46, 70.102687, 664.727220, 39.741476, 201.641623, 1111, 167273.0
47, 70.925926, 665.547846, 36.804138, 194.042580, 1096, 164318.0
48, 71.750876, 659.454830, 36.459731, 193.865661, 1110, 166273.0
49, 70.925926, 665.547846, 36.804138, 188.098621, 1090, 163102.0
50, 72.782715, 664.815947, 38.523256, 185.653695, 1077, 160520.0
51, 73.602885, 664.495044, 39.998601, 201.730526, 1082, 161720.0
52, 65.987654, 665.547846, 36.804138, 166.109988, 1114, 167244.0
53, 70.925926, 665.547846, 36.804138, 223.661566, 1095, 163707.0
54, 70.925926, 665.547846, 36.804138, 205.297432, 1099, 164403.0
55, 68.597140, 665.519286, 40.766219, 172.995665, 1117, 167516.0
56, 70.925926, 665.547846, 36.804138, 193.101820, 1104, 165322.0
57, 65.987654, 665.547846, 36.804138, 179.497000, 1118, 168197.0
58, 68.245975, 664.359747, 35.267024, 191.900662, 1105, 165649.0
59, 70.716381, 664.778989, 33.525388, 181.585506, 1118, 167973.0
60, 70.925926, 665.547846, 36.804138, 191.085946, 1084, 162185.0
61, 65.987654, 665.547846, 36.804138, 160.701572, 1118, 169826.0
62, 68.393257, 659.984967, 35.317191, 169.618586, 1113, 181830.0
63, 65.987654, 665.547846, 36.804138, 186.090307, 1114, 167527.0
64, 70.925926, 665.547846, 36.804138, 190.127865, 1110, 166976.0
65, 65.987654, 665.547846, 36.804138, 183.963284, 1115, 167462.0
66, 65.987654, 665.547846, 36.804138, 177.498129, 1116, 168442.0
67, 73.938202, 660.900127, 37.356916, 216.670334, 1074, 161116.0
68, 65.987654, 665.547846, 36.804138, 187.019541, 1112, 167588.0
69, 68.597140, 665.519286, 40.766219, 214.206374, 1111, 167416.0
70, 65.987654, 665.547846, 36.804138, 170.162595, 1112, 167091.0
71, 70.102687, 664.727220, 39.741476, 193.741645, 1116, 167535.0
72, 70.925926, 665.547846, 36.804138, 201.726369, 1098, 164476.0
73, 65.987654, 665.547846, 36.804138, 188.082330, 1112, 168205.0
74, 68.597140, 665.519286, 40.766219, 181.548806, 1116, 166942.0
75, 68.597140, 665.519286, 40.766219, 190.290838, 1118, 167345.0
76, 65.987654, 665.547846, 36.804138, 187.518938, 1117, 167097.0
77, 65.987654, 665.547846, 36.804138, 167.348569, 1119, 167568.0
78, 68.597140, 665.519286, 40.766219, 187.264164, 1116, 166941.0
79, 70.458165, 660.468706, 42.038274, 207.419854, 1103, 164866.0
80, 69.134917, 661.158396, 37.947884, 171.045691, 1112, 166442.0
81, 65.987654, 665.547846, 36.804138, 166.995501, 1117, 167477.0
82, 65.987654, 665.547846, 36.804138, 166.256405, 1110, 166352.0
83, 70.925926, 665.547846, 36.804138, 190.587787, 1107, 165588.0
84, 65.987654, 665.547846, 36.804138, 183.450765, 1116, 167477.0
85, 70.925926, 665.547846, 36.804138, 205.091435, 1096, 163950.0
86, 69.432445, 661.680293, 37.764480, 176.093905, 1115, 167100.0
87, 69.134917, 661.158396, 37.947884, 173.228482, 1114, 187255.0
88, 65.987654, 665.547846, 36.804138, 176.380889, 1121, 169516.0
89, 68.597140, 665.519286, 40.766219, 161.940667, 1111, 167446.0
90, 70.925926, 665.547846, 36.804138, 216.074010, 1085, 186867.0
91, 66.569842, 660.408819, 40.071999, 182.897822, 1112, 167313.0
92, 69.134917, 661.158396, 37.947884, 188.353042, 1119, 171958.0
93, 69.134917, 661.158396, 37.947884, 196.389319, 1114, 168846.0
94, 70.102687, 664.727220, 39.741476, 174.673785, 1113, 167624.0
95, 68.597140, 665.519286, 40.766219, 170.791419, 1123, 168326.0
96, 70.716381, 664.778989, 33.525388, 177.501110, 1113, 167888.0
97, 68.597140, 665.519286, 40.766219, 181.686291, 1117, 167624.0
98, 68.597140, 665.519286, 40.766219, 170.478321, 1114, 167207.0
99, 68.597140, 665.519286, 40.766219, 186.195355, 1113, 166965.0
100, 65.987654, 665.547846, 36.804138, 173.511283, 1116, 167529.0
101, 71.750876, 659.454830, 36.459731, 209.185266, 1104, 165383.0
102, 69.134917, 661.158396, 37.947884, 165.212705, 1119, 167933.0
103, 65.987654, 665.547846, 36.804138, 181.009489, 1122, 174224.0
104, 68.245975, 664.359747, 35.267024, 183.231499, 1107, 173484.0
105, 65.987654, 665.547846, 36.804138, 193.306311, 1121, 170527.0
106, 70.925926, 665.547846, 36.804138, 196.072977, 1095, 164926.0
107, 70.925926, 665.547846, 36.804138, 183.864800, 1105, 167162.0
108, 65.987654, 665.547846, 36.804138, 194.197517, 1115, 167263.0
109, 68.597140, 665.519286, 40.766219, 182.667408, 1116, 168029.0
110, 68.597140, 665.519286, 40.766219, 181.533003, 1117, 172443.0
111, 68.597140, 665.519286, 40.766219, 188.776107, 1113, 168145.0
112, 71.750876, 659.454830, 36.459731, 194.084540, 1105, 166876.0
113, 68.597140, 665.519286, 40.766219, 166.950606, 1123, 168975.0
114, 70.925926, 665.547846, 36.804138, 198.738117, 1086, 164755.0
115, 65.987654, 665.547846, 36.804138, 171.833511, 1113, 170639.0
116, 70.925926, 665.547846, 36.804138, 224.724412, 1089, 162790.0
117, 70.407518, 665.826517, 38.061441, 218.744453, 1111, 166185.0
118, 71.008114, 660.900127, 37.356916, 198.360998, 1116, 167944.0
119, 65.987654, 665.547846, 36.804138, 152.560271, 1111, 167074.0
120, 65.987654, 665.547846, 36.804138, 160.317880, 1118, 167632.0
121, 65.987654, 665.547846, 36.804138, 180.386918, 1113, 167146.0
122, 70.925926, 665.547846, 36.804138, 207.378134, 1086, 162419.0
123, 68.597140, 665.519286, 40.766219, 182.490772, 1116, 167283.0
124, 68.245975, 664.359747, 35.267024, 167.833550, 1111, 166257.0
125, 65.987654, 665.547846, 36.804138, 190.766717, 1117, 167637.0
126, 65.987654, 665.547846, 36.804138, 187.084646, 1115, 167309.0
127, 65.987654, 665.547846, 36.804138, 174.172803, 1117, 167461.0
128, 70.925926, 665.547846, 36.804138, 193.035438, 1104, 165391.0
129, 68.245975, 664.359747, 35.267024, 188.960301, 1112, 166569.0
130, 70.102687, 664.727220, 39.741476, 177.750090, 1115, 167284.0
131, 70.925926, 665.547846, 36.804138, 202.017847, 1086, 162510.0
132, 70.925926, 665.547846, 36.804138, 195.845044, 1091, 163412.0
133, 65.987654, 665.547846, 36.804138, 164.086146, 1116, 167901.0
134, 68.597140, 665.519286, 40.766219, 205.624603, 1114, 167398.0
135, 70.925926, 665.547846, 36.804138, 216.246955, 1089, 163051.0
136, 70.925926, 665.547846, 36.804138, 204.531658, 1099, 164688.0
137, 68.245975, 664.359747, 35.267024, 182.797638, 1111, 166751.0
138, 70.778432, 659.289800, 36.288228, 172.405687, 1120, 168060.0
139, 70.925926, 665.547846, 36.804138, 201.276703, 1096, 164157.0
140, 71.008114, 660.900127, 37.356916, 190.042470, 1113, 167161.0
141, 70.925926, 665.547846, 36.804138, 185.200076, 1103, 165428.0
142, 70.925926, 665.547846, 36.804138, 184.322131, 1102, 165229.0
143, 71.750876, 659.454830, 36.459731, 183.415587, 1108, 166201.0
144, 73.970994, 665.006548, 39.197344, 206.420122, 1074, 160309.0
145, 71.008114, 660.900127, 37.356916, 193.854129, 1114, 167230.0
146, 68.597140, 665.519286, 40.766219, 175.677635, 1113, 173147.0
147, 73.970994, 665.006548, 39.197344, 220.300800, 1079, 161384.0
148, 68.597140, 665.519286, 40.766219, 186.471134, 1115, 170989.0
149, 73.583110, 664.213010, 39.173492, 209.173094, 1081, 162180.0
150, 65.987654, 665.547846, 36.804138, 194.371709, 1111, 166816.0
151, 70.925926, 665.547846, 36.804138, 213.973551, 1095, 164121.0
152, 73.471418, 664.312364, 40.284764, 207.587203, 1075, 160846.0
153, 70.925926, 665.547846, 36.804138, 190.288840, 1108, 166163.0
154, 68.597140, 665.519286, 40.766219, 167.373494, 1114, 167718.0
155, 68.245975, 664.359747, 35.267024, 181.930423, 1106, 166578.0
156, 65.987654, 665.547846, 36.804138, 183.944942, 1116, 167723.0
157, 66.569842, 660.408819, 40.071999, 192.781819, 1118, 168194.0
158, 70.925926, 665.547846, 36.804138, 212.899153, 1090, 163240.0
159, 71.750876, 659.454830, 36.459731, 176.527351, 1110, 167095.0
160, 70.925926, 665.547846, 36.804138, 198.714253, 1077, 161355.0
161, 74.419308, 661.981923, 37.025122, 217.445836, 1081, 161502.0
162, 70.925926, 665.547846, 36.804138, 189.938965, 1091, 162504.0
163, 70.925926, 665.547846, 36.804138, 202.780122, 1090, 162971.0
164, 68.597140, 665.519286, 40.766219, 187.341446, 1120, 167905.0
165, 70.925926, 665.547846, 36.804138, 179.193246, 1094, 163716.0
166, 68.597140, 665.519286, 40.766219, 175.775637, 1113, 166768.0
167, 70.925926, 665.547846, 36.804138, 200.051692, 1085, 162321.0
168, 68.597025, 664.201080, 35.438138, 186.967807, 1114, 166892.0
169, 69.432445, 661.680293, 37.764480, 188.479581, 1116, 167328.0
170, 70.925926, 665.547846, 36.804138, 190.587220, 1103, 165193.0
171, 65.987654, 665.547846, 36.804138, 171.601402, 1115, 167776.0
172, 68.597140, 665.519286, 40.766219, 199.663831, 1107, 166155.0
173, 70.925926, 665.547846, 36.804138, 177.762293, 1087, 162578.0
174, 65.987654, 665.547846, 36.804138, 189.259945, 1117, 167643.0
175, 70.925926, 665.547846, 36.804138, 198.135396, 1108, 166306.0
176, 70.925926, 665.547846, 36.804138, 198.881769, 1102, 165167.0
177, 73.970994, 665.006548, 39.197344, 199.591715, 1074, 166082.0
178, 69.134917, 661.158396, 37.947884, 177.916054, 1114, 168326.0
179, 68.597140, 665.519286, 40.766219, 188.991228, 1120, 168690.0
180, 68.597140, 665.519286, 40.766219, 204.459780, 1112, 168302.0
181, 65.987654, 665.547846, 36.804138, 158.588871, 1121, 173760.0
182, 66.980430, 660.478498, 40.144412, 190.804492, 1119, 168592.0
183, 69.134917, 661.158396, 37.947884, 169.976081, 1118, 168658.0
184, 70.925926, 665.547846, 36.804138, 211.775916, 1087, 162794.0
185, 70.925926, 665.547846, 36.804138, 169.963157, 1111, 166699.0
186, 69.432445, 661.680293, 37.764480, 181.918854, 1111, 166744.0
187, 71.750876, 659.454830, 36.459731, 189.483380, 1108, 167695.0
188, 68.245975, 664.359747, 35.267024, 198.307319, 1106, 170916.0
189, 69.609190, 664.276823, 31.310047, 197.520496, 1116, 167320.0
190, 71.750876, 659.454830, 36.459731, 179.340445, 1112, 167011.0
191, 68.597140, 665.519286, 40.766219, 179.109227, 1110, 166468.0
192, 70.925926, 665.547846, 36.804138, 197.199732, 1071, 160300.0
193, 70.958060, 660.004837, 41.587569, 203.061099, 1095, 164652.0
194, 70.925926, 665.547846, 36.804138, 184.235693, 1099, 165011.0
195, 71.631839, 661.766759, 40.999362, 199.170282, 1082, 162321.0
196, 72.287241, 660.849281, 36.663422, 186.118802, 1079, 166604.0
197, 68.245975, 664.359747, 35.267024, 171.139604, 1117, 168038.0
198, 70.716381, 664.778989, 33.525388, 163.096058, 1121, 168179.0
199, 70.925926, 665.547846, 36.804138, 188.564439, 1108, 166169.0
200, 70.925926, 665.547846, 36.804138, 181.074495, 1090, 163642.0
201, 71.335764, 660.084024, 35.447575, 185.228791, 1103, 165426.0
202, 68.597140, 665.519286, 40.766219, 180.524512, 1119, 168319.0
203, 70.925926, 665.547846, 36.804138, 182.783927, 1095, 164219.0
204, 70.958060, 660.004837, 41.587569, 200.916933, 1107, 166145.0
205, 70.102687, 664.727220, 39.741476, 186.209128, 1103, 166434.0
206, 70.925926, 665.547846, 36.804138, 199.983434, 1087, 162878.0
207, 70.102687, 664.727220, 39.741476, 197.188047, 1110, 166541.0
208, 70.925926, 665.547846, 36.804138, 196.793650, 1105, 165918.0
209, 73.970994, 665.006548, 39.197344, 207.342574, 1082, 162256.0
210, 74.814751, 665.600207, 35.386843, 239.155928, 1067, 159357.0
211, 70.925926, 665.547846, 36.804138, 191.802880, 1085, 162566.0
212, 70.925926, 665.547846, 36.804138, 221.530764, 1082, 161682.0
213, 70.925926, 665.547846, 36.804138, 245.047799, 1082, 161602.0
214, 73.970994, 665.006548, 39.197344, 217.078089, 1084, 162046.0
215, 73.623712, 662.120633, 36.609262, 201.513364, 1079, 165102.0
216, 68.393257, 659.984967, 35.317191, 191.440618, 1116, 167958.0
217, 68.245975, 664.359747, 35.267024, 182.292868, 1103, 165697.0
218, 68.245975, 664.359747, 35.267024, 192.506968, 1107, 166128.0
219, 74.344095, 665.112077, 38.929005, 254.258848, 1062, 159760.0
220, 70.925926, 665.547846, 36.804138, 199.519016, 1086, 162824.0
221, 70.925926, 665.547846, 36.804138, 214.219136, 1089, 162842.0
222, 70.925926, 665.547846, 36.804138, 201.262811, 1098, 164366.0
223, 70.925926, 665.547846, 36.804138, 193.504633, 1085, 162714.0
224, 71.750876, 659.454830, 36.459731, 186.169639, 1113, 167082.0
225, 70.925926, 665.547846, 36.804138, 181.344130, 1110, 166716.0
226, 68.597140, 665.519286, 40.766219, 166.387057, 1115, 167292.0
227, 68.245975, 664.359747, 35.267024, 206.493165, 1114, 167964.0
228, 70.925926, 665.547846, 36.804138, 188.774753, 1098, 165116.0
229, 70.925926, 665.547846, 36.804138, 197.071699, 1085, 162349.0
230, 68.245975, 664.359747, 35.267024, 202.389738, 1109, 173801.0
231, 77.589689, 664.848171, 36.430797, 239.335577, 1048, 156516.0
232, 70.925926, 665.547846, 36.804138, 182.690570, 1094, 164976.0
233, 70.925926, 665.547846, 36.804138, 167.489207, 1108, 166688.0
234, 68.597140, 665.519286, 40.766219, 193.636473, 1116, 167632.0
235, 70.925926, 665.547846, 36.804138, 186.285823, 1086, 162788.0
236, 68.597140, 665.519286, 40.766219, 181.139679, 1113, 167265.0
237, 68.597140, 665.519286, 40.766219, 192.183066, 1117, 170664.0
238, 71.750876, 659.454830, 36.459731, 189.289265, 1108, 166590.0
239, 73.623712, 662.120633, 36.609262, 179.073162, 1084, 162552.0
240, 69.887637, 661.705163, 32.669582, 195.616987, 1118, 167757.0
241, 68.597140, 665.519286, 40.766219, 185.112347, 1106, 166134.0
242, 65.987654, 665.547846, 36.804138, 170.388200, 1123, 169324.0
243, 70.925926, 665.547846, 36.804138, 200.970016, 1093, 164077.0
244, 68.597140, 665.519286, 40.766219, 184.421795, 1109, 166455.0
245, 69.134917, 661.158396, 37.947884, 173.904622, 1115, 167286.0
246, 65.987654, 665.547846, 36.804138, 175.342601, 1112, 166799.0
247, 70.102687, 664.727220, 39.741476, 179.339539, 1116, 167578.0
248, 70.925926, 665.547846, 36.804138, 226.685621, 1100, 164640.0
249, 70.925926, 665.547846, 36.804138, 178.426625, 1112, 167057.0
250, 70.925926, 665.547846, 36.804138, 174.608165, 1109, 170698.0
251, 71.750876, 659.454830, 36.459731, 231.166277, 1115, 169911.0
252, 70.925926, 665.547846, 36.804138, 210.402697, 1088, 162748.0
253, 68.597140, 665.519286, 40.766219, 191.597291, 1119, 168203.0
254, 68.597140, 665.519286, 40.766219, 188.057515, 1120, 171871.0
255, 71.750876, 659.454830, 36.459731, 202.870051, 1103, 165578.0
256, 73.938202, 660.900127, 37.356916, 218.773632, 1074, 160560.0
257, 70.925926, 665.547846, 36.804138, 198.340569, 1072, 164134.0
258, 68.597140, 665.519286, 40.766219, 178.465089, 1111, 166690.0
259, 68.597140, 665.519286, 40.766219, 187.860791, 1125, 168720.0
260, 68.597140, 665.519286, 40.766219, 190.068159, 1117, 167476.0
261, 73.822439, 665.582400, 39.316044, 235.877409, 1071, 161098.0
262, 70.925926, 665.547846, 36.804138, 169.388020, 1098, 164691.0
263, 68.245975, 664.359747, 35.267024, 184.776963, 1122, 168748.0
264, 68.597025, 664.201080, 35.438138, 166.114256, 1114, 167455.0
265, 65.987654, 665.547846, 36.804138, 186.193528, 1111, 170663.0
266, 68.597140, 665.519286, 40.766219, 198.281575, 1113, 166816.0
267, 71.750876, 659.454830, 36.459731, 209.248716, 1111, 166452.0
268, 74.806945, 665.488877, 35.061142, 258.595495, 1075, 160754.0
269, 65.987654, 665.547846, 36.804138, 176.722454, 1120, 168260.0
270, 70.925926, 665.547846, 36.804138, 212.073007, 1090, 163387.0
271, 74.814751, 665.600207, 35.386843, 221.164243, 1077, 162595.0
272, 68.245975, 664.359747, 35.267024, 183.874796, 1111, 175324.0
273, 68.597140, 665.519286, 40.766219, 193.938166, 1116, 167288.0
274, 65.987654, 665.547846, 36.804138, 181.331985, 1115, 167328.0
275, 70.925926, 665.547846, 36.804138, 198.398459, 1105, 165582.0
276, 68.597140, 665.519286, 40.766219, 194.927848, 1114, 167076.0
277, 70.925926, 665.547846, 36.804138, 185.884695, 1117, 167553.0
278, 70.925926, 665.547846, 36.804138, 192.190735, 1104, 165386.0
279, 65.987654, 665.547846, 36.804138, 169.084234, 1120, 167499.0
280, 74.806945, 665.488877, 35.061142, 231.933050, 1075, 160149.0
281, 71.631839, 661.766759, 40.999362, 191.408300, 1076, 160193.0
282, 68.245975, 664.359747, 35.267024, 171.297380, 1107, 165904.0
283, 74.670777, 665.581309, 34.149179, 219.719936, 1065, 159096.0
284, 70.925926, 665.547846, 36.804138, 203.899277, 1085, 162343.0
285, 70.925926, 665.547846, 36.804138, 197.361904, 1096, 163354.0
286, 68.597140, 665.519286, 40.766219, 196.426657, 1123, 168073.0
287, 68.597140, 665.519286, 40.766219, 189.820456, 1110, 165895.0
288, 68.245975, 664.359747, 35.267024, 193.768847, 1105, 165447.0
289, 71.750876, 659.454830, 36.459731, 172.247014, 1111, 166509.0
290, 70.925926, 665.547846, 36.804138, 192.773748, 1099, 164535.0
291, 70.925926, 665.547846, 36.804138, 178.158340, 1112, 166457.0
292, 70.925926, 665.547846, 36.804138, 189.282869, 1087, 162850.0
293, 68.597140, 665.519286, 40.766219, 185.067395, 1121, 167979.0
294, 70.925926, 665.547846, 36.804138, 190.844916, 1108, 166677.0
295, 65.987654, 665.547846, 36.804138, 175.640099, 1117, 167488.0
296, 68.597140, 665.519286, 40.766219, 173.060365, 1122, 169058.0
297, 70.925926, 665.547846, 36.804138, 222.740628, 1109, 166450.0
298, 68.597140, 665.519286, 40.766219, 202.591016, 1119, 167988.0
299, 70.925926, 665.547846, 36.804138, 208.592782, 1088, 162644.0
300, 70.925926, 665.547846, 36.804138, 168.296173, 1099, 165630.0
301, 70.925926, 665.547846, 36.804138, 164.750621, 1108, 166053.0
302, 70.716381, 664.778989, 33.525388, 174.951258, 1115, 167914.0
303, 68.597140, 665.519286, 40.766219, 196.561157, 1117, 168248.0
304, 71.750876, 659.454830, 36.459731, 218.026719, 1106, 166448.0
305, 68.597140, 665.519286, 40.766219, 164.808397, 1116, 167274.0
306, 68.245975, 664.359747, 35.267024, 182.830804, 1116, 168171.0
307, 70.925926, 665.547846, 36.804138, 197.707672, 1088, 163335.0
308, 70.102687, 664.727220, 39.741476, 183.925002, 1114, 167645.0
309, 70.102687, 664.727220, 39.741476, 174.577679, 1122, 168969.0
310, 70.925926, 665.547846, 36.804138, 177.940370, 1108, 165989.0
311, 70.925926, 665.547846, 36.804138, 206.978250, 1102, 164376.0
312, 70.925926, 665.547846, 36.804138, 209.075636, 1105, 164947.0
313, 65.987654, 665.547846, 36.804138, 197.647770, 1121, 167635.0
314, 70.925926, 665.547846, 36.804138, 198.389829, 1094, 167908.0
315, 70.925926, 665.547846, 36.804138, 184.643034, 1089, 162737.0
316, 74.344095, 665.112077, 38.929005, 222.737506, 1069, 159495.0
317, 70.925926, 665.547846, 36.804138, 222.301417, 1084, 161861.0
318, 70.925926, 665.547846, 36.804138, 220.075814, 1101, 164763.0
319, 71.750876, 659.454830, 36.459731, 205.529219, 1103, 165596.0
320, 74.850590, 662.660670, 37.380116, 225.651809, 1072, 159958.0
321, 70.925926, 665.547846, 36.804138, 179.049301, 1079, 161318.0
322, 70.925926, 665.547846, 36.804138, 177.412642, 1106, 165672.0
323, 75.077351, 661.222327, 37.691756, 253.830845, 1060, 158206.0
324, 70.925926, 665.547846, 36.804138, 220.819247, 1080, 161207.0
325, 68.597140, 665.519286, 40.766219, 210.965400, 1112, 166537.0
326, 72.665689, 664.992360, 36.932474, 229.254728, 1067, 159371.0
327, 75.077351, 661.222327, 37.691756, 232.452782, 1072, 160152.0
328, 68.597140, 665.519286, 40.766219, 184.825808, 1124, 168538.0
329, 68.245975, 664.359747, 35.267024, 207.664994, 1113, 166778.0
330, 70.925926, 665.547846, 36.804138, 208.593508, 1092, 163284.0
331, 70.925926, 665.547846, 36.804138, 195.426125, 1103, 164950.0
332, 68.597140, 665.519286, 40.766219, 174.643871, 1118, 167412.0
333, 68.597140, 665.519286, 40.766219, 191.454421, 1121, 167876.0
334, 65.987654, 665.547846, 36.804138, 186.091267, 1117, 167414.0
335, 68.597140, 665.519286, 40.766219, 181.260882, 1113, 166864.0
336, 68.597140, 665.519286, 40.766219, 185.756917, 1123, 168232.0
337, 68.597140, 665.519286, 40.766219, 177.288677, 1128, 169103.0
338, 70.925926, 665.547846, 36.804138, 185.247860, 1094, 163959.0
339, 70.925926, 665.547846, 36.804138, 183.602181, 1088, 162584.0
340, 74.215328, 662.865704, 36.203572, 223.630234, 1076, 160619.0
341, 65.987654, 665.547846, 36.804138, 177.172249, 1116, 167115.0
342, 71.750876, 659.454830, 36.459731, 188.722972, 1109, 186226.0
343, 70.925926, 665.547846, 36.804138, 202.729845, 1078, 161686.0
344, 70.925926, 665.547846, 36.804138, 196.271733, 1106, 165953.0
345, 70.925926, 665.547846, 36.804138, 195.696049, 1096, 164123.0
346, 68.597140, 665.519286, 40.766219, 185.943008, 1120, 168241.0
347, 70.925926, 665.547846, 36.804138, 178.423539, 1098, 164340.0
348, 70.925926, 665.547846, 36.804138, 205.058392, 1089, 162782.0
349, 65.987654, 665.547846, 36.804138, 167.680013, 1121, 168269.0
350, 73.970994, 665.006548, 39.197344, 209.033842, 1080, 161144.0
351, 70.958060, 660.004837, 41.587569, 181.628321, 1106, 165212.0
352, 68.597140, 665.519286, 40.766219, 179.545623, 1110, 165853.0
353, 68.597140, 665.519286, 40.766219, 200.341189, 1111, 165943.0
354, 70.716381, 664.778989, 33.525388, 191.038667, 1114, 166536.0
355, 68.597140, 665.519286, 40.766219, 177.146650, 1119, 168936.0
356, 68.597140, 665.519286, 40.766219, 178.420863, 1111, 181903.0
357, 68.597140, 665.519286, 40.766219, 174.021059, 1108, 166066.0
358, 65.987654, 665.547846, 36.804138, 174.767545, 1114, 166674.0
359, 70.925926, 665.547846, 36.804138, 184.174634, 1104, 165291.0
360, 71.750876, 659.454830, 36.459731, 203.051028, 1108, 165786.0
361, 71.750876, 659.454830, 36.459731, 208.531420, 1103, 165070.0
362, 70.925926, 665.547846, 36.804138, 204.163700, 1078, 161192.0
363, 70.925926, 665.547846, 36.804138, 220.593113, 1087, 162464.0
364, 70.102687, 664.727220, 39.741476, 187.122057, 1112, 166894.0
365, 65.987654, 665.547846, 36.804138, 181.444412, 1116, 167525.0
366, 68.597140, 665.519286, 40.766219, 169.460721, 1116, 167214.0
367, 70.102687, 664.727220, 39.741476, 204.283807, 1102, 164929.0
368, 70.925926, 665.547846, 36.804138, 184.440295, 1104, 165361.0
369, 71.750876, 659.454830, 36.459731, 206.099281, 1107, 165598.0
370, 73.602885, 664.495044, 39.998601, 205.161602, 1081, 161280.0
371, 70.925926, 665.547846, 36.804138, 195.951474, 1093, 166815.0
372, 71.750876, 659.454830, 36.459731, 191.778976, 1110, 165942.0
373, 65.987654, 665.547846, 36.804138, 177.867441, 1117, 167321.0
374, 74.780669, 665.765161, 35.491067, 208.371874, 1075, 160638.0
375, 74.806945, 665.488877, 35.061142, 223.412016, 1072, 160012.0
376, 68.597140, 665.519286, 40.766219, 192.641756, 1105, 165498.0
377, 68.597140, 665.519286, 40.766219, 184.780027, 1115, 167098.0
378, 70.925926, 665.547846, 36.804138, 214.612325, 1070, 160057.0
379, 70.925926, 665.547846, 36.804138, 201.620138, 1086, 162326.0
380, 70.925926, 665.547846, 36.804138, 187.239003, 1108, 166038.0
381, 68.597140, 665.519286, 40.766219, 219.197197, 1111, 166398.0
382, 70.925926, 665.547846, 36.804138, 179.808640, 1106, 165244.0
383, 68.597025, 664.201080, 35.438138, 191.908994, 1110, 165496.0
384, 70.925926, 665.547846, 36.804138, 187.339265, 1094, 162932.0
385, 70.925926, 665.547846, 36.804138, 192.740700, 1095, 163226.0
386, 73.970994, 665.006548, 39.197344, 217.423423, 1069, 159327.0
387, 73.583110, 664.213010, 39.173492, 212.024001, 1073, 159913.0
388, 71.750876, 659.454830, 36.459731, 203.817278, 1108, 165614.0
389, 74.670777, 665.581309, 34.149179, 229.594760, 1075, 160203.0
390, 73.465872, 665.073190, 37.492485, 213.775816, 1059, 157948.0
391, 70.925926, 665.547846, 36.804138, 250.770246, 1077, 160809.0
392, 70.925926, 665.547846, 36.804138, 190.549715, 1092, 163828.0
393, 74.806945, 665.488877, 35.061142, 224.867155, 1064, 159424.0
394, 70.925926, 665.547846, 36.804138, 204.862022, 1089, 163648.0
395, 70.458165, 660.468706, 42.038274, 208.230744, 1102, 165623.0
396, 72.665689, 664.992360, 36.932474, 210.518761, 1065, 160266.0
397, 70.925926, 665.547846, 36.804138, 220.368889, 1090, 163738.0
398, 70.925926, 665.547846, 36.804138, 208.869602, 1081, 162475.0
399, 74.814751, 665.600207, 35.386843, 220.768844, 1074, 165704.0
400, 73.583110, 664.213010, 39.173492, 206.921173, 1072, 160988.0
401, 70.102687, 664.727220, 39.741476, 191.609108, 1112, 167107.0
402, 70.925926, 665.547846, 36.804138, 196.219982, 1105, 165402.0
403, 74.647094, 662.410089, 36.910074, 215.867964, 1073, 160650.0
404, 70.925926, 665.547846, 36.804138, 196.631108, 1108, 166833.0
405, 75.077351, 661.222327, 37.691756, 210.422072, 1083, 162516.0
406, 70.958060, 660.004837, 41.587569, 192.033647, 1110, 166849.0
407, 72.665689, 664.992360, 36.932474, 215.186657, 1069, 160460.0
408, 70.925926, 665.547846, 36.804138, 185.948937, 1109, 166311.0
409, 70.925926, 665.547846, 36.804138, 202.038210, 1094, 163504.0
410, 68.597140, 665.519286, 40.766219, 224.390520, 1116, 167392.0
411, 74.814751, 665.600207, 35.386843, 209.824949, 1071, 160384.0
412, 74.814751, 665.600207, 35.386843, 231.696123, 1069, 160040.0
413, 73.583110, 664.213010, 39.173492, 204.063542, 1076, 161045.0
414, 70.925926, 665.547846, 36.804138, 220.760780, 1092, 163967.0
415, 72.665689, 664.992360, 36.932474, 225.112903, 1071, 160199.0
416, 71.750876, 659.454830, 36.459731, 196.996304, 1101, 165022.0
417, 70.925926, 665.547846, 36.804138, 207.282305, 1093, 164081.0
418, 70.925926, 665.547846, 36.804138, 206.430498, 1089, 163515.0
419, 71.622106, 659.599038, 36.999364, 193.869175, 1085, 163185.0
420, 68.597140, 665.519286, 40.766219, 201.595915, 1105, 166308.0
421, 70.925926, 665.547846, 36.804138, 194.517567, 1093, 163541.0
422, 69.134917, 661.158396, 37.947884, 189.766154, 1114, 167366.0
423, 70.925926, 665.547846, 36.804138, 214.081919, 1098, 164177.0
424, 70.925926, 665.547846, 36.804138, 203.988692, 1084, 161958.0
425, 70.925926, 665.547846, 36.804138, 216.834254, 1078, 161130.0
426, 70.925926, 665.547846, 36.804138, 192.870186, 1103, 165582.0
427, 70.925926, 665.547846, 36.804138, 199.845831, 1099, 165587.0
428, 70.925926, 665.547846, 36.804138, 209.128404, 1082, 162078.0
429, 72.521714, 664.973462, 35.694810, 236.875113, 1072, 160910.0
430, 68.245975, 664.359747, 35.267024, 189.920446, 1101, 166760.0
431, 70.925926, 665.547846, 36.804138, 198.055476, 1101, 164877.0
432, 70.925926, 665.547846, 36.804138, 183.242774, 1101, 165074.0
433, 66.980430, 660.478498, 40.144412, 190.842290, 1113, 167143.0
434, 70.925926, 665.547846, 36.804138, 185.668652, 1103, 165209.0
435, 68.597025, 664.201080, 35.438138, 190.644836, 1105, 165862.0
436, 70.925926, 665.547846, 36.804138, 191.180544, 1105, 170789.0
437, 70.925926, 665.547846, 36.804138, 178.166933, 1103, 177190.0
438, 70.925926, 665.547846, 36.804138, 175.437303, 1106, 173288.0
439, 65.987654, 665.547846, 36.804138, 178.895951, 1123, 184950.0
440, 70.925926, 665.547846, 36.804138, 211.981334, 1082, 170039.0
441, 70.925926, 665.547846, 36.804138, 195.378497, 1099, 165011.0
442, 70.925926, 665.547846, 36.804138, 184.561871, 1107, 166884.0
443, 70.925926, 665.547846, 36.804138, 198.894293, 1095, 164851.0
444, 68.245975, 664.359747, 35.267024, 188.574957, 1108, 166203.0
445, 65.987654, 665.547846, 36.804138, 177.078566, 1117, 167882.0
446, 70.925926, 665.547846, 36.804138, 210.616404, 1088, 163406.0
447, 73.583110, 664.213010, 39.173492, 208.026473, 1072, 160552.0
448, 70.925926, 665.547846, 36.804138, 199.349500, 1092, 163887.0
449, 70.925926, 665.547846, 36.804138, 198.501047, 1094, 164635.0
450, 70.925926, 665.547846, 36.804138, 209.040894, 1099, 164620.0
451, 70.925926, 665.547846, 36.804138, 196.887309, 1098, 164529.0
452, 71.750876, 659.454830, 36.459731, 178.616775, 1108, 177185.0
453, 65.987654, 665.547846, 36.804138, 184.617944, 1117, 168129.0
454, 65.987654, 665.547846, 36.804138, 184.004104, 1113, 176542.0
455, 70.925926, 665.547846, 36.804138, 181.056448, 1087, 162719.0
456, 70.925926, 665.547846, 36.804138, 205.597052, 1091, 162969.0
457, 74.814751, 665.600207, 35.386843, 206.487854, 1077, 160854.0
458, 65.987654, 665.547846, 36.804138, 193.452817, 1119, 167560.0
459, 70.925926, 665.547846, 36.804138, 187.609410, 1104, 165046.0
460, 74.647094, 662.410089, 36.910074, 214.856421, 1076, 160617.0
461, 70.925926, 665.547846, 36.804138, 191.900695, 1088, 163123.0
462, 68.245975, 664.359747, 35.267024, 181.225935, 1115, 167107.0
463, 74.419308, 661.981923, 37.025122, 201.890938, 1077, 161246.0
464, 72.676227, 664.625783, 40.201670, 205.710241, 1081, 161775.0
465, 70.925926, 665.547846, 36.804138, 205.623958, 1109, 165456.0
466, 70.925926, 665.547846, 36.804138, 191.319316, 1094, 163084.0
467, 68.597140, 665.519286, 40.766219, 190.250082, 1119, 167428.0
468, 68.597140, 665.519286, 40.766219, 173.397282, 1118, 167118.0
469, 68.245975, 664.359747, 35.267024, 206.242476, 1109, 169823.0
470, 70.925926, 665.547846, 36.804138, 188.794696, 1086, 162138.0
471, 70.925926, 665.547846, 36.804138, 180.219879, 1099, 163990.0
472, 71.750876, 659.454830, 36.459731, 187.037856, 1108, 165770.0
473, 70.925926, 665.547846, 36.804138, 201.249372, 1082, 161433.0
474, 68.245975, 664.359747, 35.267024, 177.531178, 1113, 166531.0
475, 65.987654, 665.547846, 36.804138, 196.287924, 1113, 166564.0
476, 71.750876, 659.454830, 36.459731, 201.277161, 1103, 164711.0
477, 68.597140, 665.519286, 40.766219, 201.774941, 1118, 167148.0
478, 68.245975, 664.359747, 35.267024, 195.344879, 1105, 164969.0
479, 70.925926, 665.547846, 36.804138, 195.718426, 1076, 160493.0
480, 68.245975, 664.359747, 35.267024, 194.030548, 1108, 165606.0
481, 71.750876, 659.454830, 36.459731, 209.269581, 1112, 169415.0
482, 71.750876, 659.454830, 36.459731, 192.338405, 1107, 167451.0
483, 68.597140, 665.519286, 40.766219, 197.404825, 1113, 166637.0
484, 65.987654, 665.547846, 36.804138, 159.303742, 1124, 168901.0
485, 69.283282, 659.970534, 37.995848, 216.338310, 1107, 165654.0
486, 68.597140, 665.519286, 40.766219, 169.439082, 1118, 167541.0
487, 68.597140, 665.519286, 40.766219, 189.315349, 1114, 166364.0
488, 70.925926, 665.547846, 36.804138, 190.734711, 1095, 163354.0
489, 70.925926, 665.547846, 36.804138, 176.431004, 1107, 165767.0
490, 70.925926, 665.547846, 36.804138, 195.746338, 1096, 163886.0
491, 72.665689, 664.992360, 36.932474, 241.322206, 1080, 160850.0
492, 70.925926, 665.547846, 36.804138, 208.790597, 1094, 163086.0
493, 65.987654, 665.547846, 36.804138, 198.005088, 1122, 168013.0
494, 70.925926, 665.547846, 36.804138, 186.898183, 1102, 164461.0
495, 70.925926, 665.547846, 36.804138, 210.020293, 1082, 161418.0
496, 66.980430, 660.478498, 40.144412, 207.671695, 1119, 167535.0
497, 70.925926, 665.547846, 36.804138, 218.532349, 1078, 160848.0
498, 74.814751, 665.600207, 35.386843, 215.044788, 1079, 160556.0
499, 72.521714, 664.973462, 35.694810, 242.326119, 1065, 158139.0
500, 70.925926, 665.547846, 36.804138, 196.069869, 1091, 162472.0
501, 68.393257, 659.984967, 35.317191, 189.800621, 1119, 166831.0
502, 70.925926, 665.547846, 36.804138, 173.485815, 1092, 162687.0
503, 65.987654, 665.547846, 36.804138, 185.043346, 1118, 167413.0
504, 72.631607, 665.157314, 37.036698, 231.162135, 1068, 159198.0
505, 68.597140, 665.519286, 40.766219, 168.488214, 1118, 167417.0
506, 70.925926, 665.547846, 36.804138, 205.878375, 1083, 161531.0
507, 72.909694, 663.905900, 36.490060, 204.237972, 1077, 160415.0
508, 70.925926, 665.547846, 36.804138, 202.130349, 1103, 164761.0
509, 70.925926, 665.547846, 36.804138, 209.201121, 1083, 161968.0
510, 65.987654, 665.547846, 36.804138, 175.964589, 1114, 167136.0
511, 70.925926, 665.547846, 36.804138, 190.910112, 1081, 161273.0
512, 72.134705, 661.494330, 39.918229, 232.237465, 1068, 158924.0
513, 74.814751, 665.600207, 35.386843, 206.487773, 1073, 159760.0
514, 70.925926, 665.547846, 36.804138, 215.184664, 1084, 161662.0
515, 70.925926, 665.547846, 36.804138, 190.628568, 1092, 162678.0
516, 72.665689, 664.992360, 36.932474, 230.422059, 1065, 158702.0
517, 70.403846, 660.804956, 37.413881, 200.359078, 1099, 164197.0
518, 65.987654, 665.547846, 36.804138, 181.201533, 1120, 167647.0
519, 71.008114, 660.900127, 37.356916, 186.069939, 1112, 166476.0
520, 72.164368, 661.917381, 41.155893, 232.523889, 1071, 159688.0
521, 68.597140, 665.519286, 40.766219, 186.264741, 1103, 165037.0
522, 68.245975, 664.359747, 35.267024, 199.019613, 1104, 166973.0
523, 73.541217, 662.990277, 35.959691, 215.635514, 1079, 176293.0
524, 70.925926, 665.547846, 36.804138, 194.203708, 1098, 168815.0
525, 70.925926, 665.547846, 36.804138, 208.978362, 1097, 165136.0
526, 70.925926, 665.547846, 36.804138, 171.510472, 1105, 165481.0
527, 70.925926, 665.547846, 36.804138, 178.961092, 1089, 164273.0
528, 68.245975, 664.359747, 35.267024, 187.120815, 1110, 167604.0
529, 70.925926, 665.547846, 36.804138, 199.199498, 1081, 165107.0
530, 71.008114, 660.900127, 37.356916, 186.929161, 1111, 167078.0
531, 74.806945, 665.488877, 35.061142, 240.206049, 1078, 160809.0
532, 70.925926, 665.547846, 36.804138, 210.522377, 1089, 161926.0
533, 70.925926, 665.547846, 36.804138, 221.345364, 1087, 162169.0
534, 65.987654, 665.547846, 36.804138, 166.444300, 1112, 166442.0
535, 68.245975, 664.359747, 35.267024, 190.201150, 1108, 165011.0
536, 68.597140, 665.519286, 40.766219, 196.300130, 1116, 166787.0
537, 70.403846, 660.804956, 37.413881, 190.184017, 1103, 165271.0
538, 71.750876, 659.454830, 36.459731, 187.209867, 1116, 167242.0
539, 75.077351, 661.222327, 37.691756, 241.641716, 1074, 160321.0
540, 68.597140, 665.519286, 40.766219, 180.760925, 1120, 167373.0
541, 70.925926, 665.547846, 36.804138, 190.696907, 1091, 162589.0
542, 68.597140, 665.519286, 40.766219, 186.922486, 1118, 167421.0
543, 70.925926, 665.547846, 36.804138, 224.376187, 1107, 165407.0
544, 68.597025, 664.201080, 35.438138, 193.572658, 1103, 164971.0
545, 68.597140, 665.519286, 40.766219, 180.350756, 1119, 167319.0
546, 71.750876, 659.454830, 36.459731, 218.543763, 1105, 165033.0
547, 70.925926, 665.547846, 36.804138, 178.578689, 1105, 165061.0
548, 68.597140, 665.519286, 40.766219, 216.828149, 1103, 164820.0
549, 70.925926, 665.547846, 36.804138, 187.928208, 1112, 166104.0
550, 70.925926, 665.547846, 36.804138, 214.777261, 1108, 165425.0
551, 70.925926, 665.547846, 36.804138, 181.015261, 1105, 165114.0
552, 68.597140, 665.519286, 40.766219, 194.706710, 1111, 166097.0
553, 70.925926, 665.547846, 36.804138, 193.895213, 1079, 163516.0
554, 70.925926, 665.547846, 36.804138, 194.410650, 1089, 162365.0
555, 70.925926, 665.547846, 36.804138, 183.135726, 1112, 169506.0
556, 70.403846, 660.804956, 37.413881, 191.367198, 1101, 164498.0
557, 68.597140, 665.519286, 40.766219, 195.581103, 1110, 165804.0
558, 70.925926, 665.547846, 36.804138, 221.357665, 1084, 161566.0
559, 70.925926, 665.547846, 36.804138, 222.656485, 1092, 166853.0
560, 68.597140, 665.519286, 40.766219, 200.964901, 1122, 167822.0
561, 73.493976, 666.357011, 38.409510, 196.039884, 1086, 162079.0
562, 71.750876, 659.454830, 36.459731, 208.298616, 1106, 165386.0
563, 68.245975, 664.359747, 35.267024, 187.237875, 1109, 165784.0
564, 74.814751, 665.600207, 35.386843, 229.692678, 1072, 159962.0
565, 70.925926, 665.547846, 36.804138, 186.066207, 1097, 168277.0
566, 68.597140, 665.519286, 40.766219, 199.629123, 1110, 167318.0
567, 65.987654, 665.547846, 36.804138, 170.223782, 1119, 167604.0
568, 72.665689, 664.992360, 36.932474, 232.179243, 1069, 159411.0
569, 70.925926, 665.547846, 36.804138, 206.794318, 1109, 165729.0
570, 70.925926, 665.547846, 36.804138, 170.803554, 1110, 166003.0
571, 74.647094, 662.410089, 36.910074, 209.090248, 1078, 160693.0
572, 70.925926, 665.547846, 36.804138, 213.658018, 1088, 162625.0
573, 68.245975, 664.359747, 35.267024, 169.746814, 1109, 166159.0
574, 68.245975, 664.359747, 35.267024, 189.650927, 1114, 166697.0
575, 70.925926, 665.547846, 36.804138, 188.477680, 1092, 163226.0
576, 72.164368, 661.917381, 41.155893, 232.247639, 1077, 160722.0
577, 70.925926, 665.547846, 36.804138, 213.320402, 1074, 160278.0
578, 71.750876, 659.454830, 36.459731, 192.518313, 1106, 165274.0
579, 70.925926, 665.547846, 36.804138, 193.537537, 1092, 163043.0
580, 76.396162, 667.327451, 33.577630, 244.186987, 1070, 159584.0
581, 68.597140, 665.519286, 40.766219, 190.409050, 1113, 166284.0
582, 73.237248, 664.790283, 37.282481, 223.225939, 1055, 157223.0
583, 73.970994, 665.006548, 39.197344, 205.366074, 1075, 160710.0
584, 70.925926, 665.547846, 36.804138, 204.397601, 1106, 165517.0
585, 68.597140, 665.519286, 40.766219, 180.528760, 1115, 167120.0
586, 70.925926, 665.547846, 36.804138, 195.455228, 1086, 162331.0
587, 74.814751, 665.600207, 35.386843, 205.932031, 1065, 158917.0
588, 70.925926, 665.547846, 36.804138, 202.917982, 1092, 163051.0
589, 65.987654, 665.547846, 36.804138, 184.421459, 1112, 166838.0
590, 70.925926, 665.547846, 36.804138, 215.674695, 1083, 161756.0
591, 65.987654, 665.547846, 36.804138, 204.488187, 1116, 167233.0
592, 70.925926, 665.547846, 36.804138, 217.982359, 1085, 162188.0
593, 68.597140, 665.519286, 40.766219, 189.901949, 1123, 169157.0
594, 70.925926, 665.547846, 36.804138, 212.164960, 1089, 162713.0
595, 68.597140, 665.519286, 40.766219, 197.151969, 1107, 166202.0
596, 73.608420, 665.280829, 33.836911, 224.586372, 1082, 161079.0
597, 65.987654, 665.547846, 36.804138, 170.183271, 1122, 168041.0
598, 68.597140, 665.519286, 40.766219, 177.736225, 1105, 165699.0
599, 74.034520, 661.145613, 37.528031, 201.814279, 1076, 160967.0
600, 70.925926, 665.547846, 36.804138, 194.870306, 1092, 163646.0
601, 71.750876, 659.454830, 36.459731, 214.565700, 1105, 165831.0
602, 70.925926, 665.547846, 36.804138, 191.143842, 1102, 164947.0
603, 71.008114, 660.900127, 37.356916, 179.726532, 1111, 166784.0
604, 73.602885, 664.495044, 39.998601, 200.335533, 1077, 161390.0
605, 77.782123, 664.162506, 35.896414, 237.780976, 1053, 157136.0
606, 71.750876, 659.454830, 36.459731, 187.785806, 1105, 165191.0
607, 70.925926, 665.547846, 36.804138, 171.374961, 1105, 170684.0
608, 70.925926, 665.547846, 36.804138, 207.340772, 1094, 163428.0
609, 70.925926, 665.547846, 36.804138, 202.973772, 1108, 172580.0
610, 70.925926, 665.547846, 36.804138, 206.276855, 1094, 163460.0
611, 70.925926, 665.547846, 36.804138, 189.570418, 1105, 166275.0
612, 74.344095, 665.112077, 38.929005, 238.538912, 1063, 158925.0
613, 70.712553, 661.333607, 35.777360, 212.074022, 1098, 168699.0
614, 65.987654, 665.547846, 36.804138, 178.918717, 1114, 167742.0
615, 70.925926, 665.547846, 36.804138, 208.976034, 1091, 162991.0
616, 69.134917, 661.158396, 37.947884, 176.075267, 1114, 166887.0
617, 70.925926, 665.547846, 36.804138, 194.793567, 1094, 163829.0
618, 70.925926, 665.547846, 36.804138, 182.327142, 1105, 175283.0
619, 71.750876, 659.454830, 36.459731, 185.210422, 1120, 173088.0
620, 65.987654, 665.547846, 36.804138, 188.610085, 1112, 166768.0
621, 70.925926, 665.547846, 36.804138, 171.289085, 1106, 165804.0
622, 71.750876, 659.454830, 36.459731, 193.705933, 1108, 165870.0
623, 70.925926, 665.547846, 36.804138, 213.007381, 1105, 165359.0
624, 71.750876, 659.454830, 36.459731, 188.767547, 1117, 168054.0
625, 65.987654, 665.547846, 36.804138, 184.251901, 1114, 167287.0
626, 74.149617, 664.349963, 35.722785, 231.482149, 1079, 164769.0
627, 74.419308, 661.981923, 37.025122, 205.275701, 1080, 161423.0
628, 65.987654, 665.547846, 36.804138, 197.392932, 1120, 168041.0
629, 70.925926, 665.547846, 36.804138, 187.815587, 1088, 162946.0
630, 65.987654, 665.547846, 36.804138, 171.423375, 1120, 168556.0
631, 68.597140, 665.519286, 40.766219, 169.612160, 1117, 167187.0
632, 65.987654, 665.547846, 36.804138, 173.056383, 1122, 168086.0
633, 70.925926, 665.547846, 36.804138, 183.579996, 1084, 161961.0
634, 70.925926, 665.547846, 36.804138, 207.721578, 1090, 163584.0
635, 71.750876, 659.454830, 36.459731, 203.644242, 1112, 166375.0
636, 70.925926, 665.547846, 36.804138, 195.654978, 1088, 162609.0
637, 71.750876, 659.454830, 36.459731, 194.304689, 1113, 166798.0
638, 70.925926, 665.547846, 36.804138, 234.417932, 1084, 161728.0
639, 68.597140, 665.519286, 40.766219, 180.343281, 1118, 167581.0
640, 70.925926, 665.547846, 36.804138, 188.495587, 1110, 165951.0
641, 65.987654, 665.547846, 36.804138, 171.399343, 1122, 168172.0
642, 68.597140, 665.519286, 40.766219, 183.132071, 1115, 167359.0
643, 65.987654, 665.547846, 36.804138, 180.034893, 1115, 167239.0
644, 70.958060, 660.004837, 41.587569, 197.743557, 1104, 165036.0
645, 70.925926, 665.547846, 36.804138, 182.933299, 1105, 165365.0
646, 71.750876, 659.454830, 36.459731, 183.265852, 1116, 167057.0
647, 71.750876, 659.454830, 36.459731, 197.189293, 1103, 168554.0
648, 71.750876, 659.454830, 36.459731, 192.374854, 1112, 173983.0
649, 72.665689, 664.992360, 36.932474, 218.741952, 1060, 158860.0
650, 68.597140, 665.519286, 40.766219, 177.557240, 1121, 168563.0
651, 65.987654, 665.547846, 36.804138, 171.440892, 1114, 167538.0
652, 70.102687, 664.727220, 39.741476, 181.457233, 1117, 168779.0
653, 65.987654, 665.547846, 36.804138, 169.447003, 1115, 167144.0
654, 71.631839, 661.766759, 40.999362, 194.703743, 1082, 162202.0
655, 65.987654, 665.547846, 36.804138, 187.651155, 1115, 166812.0
656, 70.925926, 665.547846, 36.804138, 189.589353, 1093, 163243.0
657, 70.925926, 665.547846, 36.804138, 198.274438, 1095, 163888.0
658, 70.925926, 665.547846, 36.804138, 214.101844, 1080, 161077.0
659, 71.750876, 659.454830, 36.459731, 183.078680, 1112, 166881.0
660, 68.597140, 665.519286, 40.766219, 195.515729, 1116, 169760.0
661, 74.814751, 665.600207, 35.386843, 239.113591, 1067, 159415.0
662, 70.925926, 665.547846, 36.804138, 171.098878, 1113, 166773.0
663, 70.925926, 665.547846, 36.804138, 182.866009, 1101, 164918.0
664, 68.597140, 665.519286, 40.766219, 179.131446, 1119, 167493.0
665, 68.597140, 665.519286, 40.766219, 186.661588, 1117, 167660.0
666, 68.597140, 665.519286, 40.766219, 189.242880, 1108, 165790.0
667, 72.657883, 664.881031, 36.606773, 233.688142, 1074, 160662.0
668, 70.925926, 665.547846, 36.804138, 177.565552, 1103, 165371.0
669, 70.102687, 664.727220, 39.741476, 186.256959, 1116, 167905.0
670, 70.925926, 665.547846, 36.804138, 176.936665, 1119, 167720.0
671, 70.925926, 665.547846, 36.804138, 194.243743, 1093, 163895.0
672, 68.597140, 665.519286, 40.766219, 189.658037, 1118, 167961.0
673, 70.925926, 665.547846, 36.804138, 179.371914, 1110, 166621.0
674, 65.987654, 665.547846, 36.804138, 183.530897, 1118, 167759.0
675, 70.925926, 665.547846, 36.804138, 190.617584, 1100, 164928.0
676, 70.925926, 665.547846, 36.804138, 186.637546, 1086, 162582.0
677, 70.925926, 665.547846, 36.804138, 183.618711, 1104, 166311.0
678, 69.134917, 661.158396, 37.947884, 179.020893, 1113, 166705.0
679, 69.932659, 666.544700, 32.815117, 179.247043, 1115, 168686.0
680, 69.134917, 661.158396, 37.947884, 177.941706, 1112, 167590.0
681, 65.987654, 665.547846, 36.804138, 184.676346, 1116, 167710.0
682, 65.987654, 665.547846, 36.804138, 161.074527, 1114, 166975.0
683, 68.245975, 664.359747, 35.267024, 178.354742, 1108, 166299.0
684, 65.987654, 665.547846, 36.804138, 161.789855, 1114, 167137.0
685, 68.597140, 665.519286, 40.766219, 177.561023, 1109, 166196.0
686, 71.750876, 659.454830, 36.459731, 168.224314, 1121, 168209.0
687, 68.597140, 665.519286, 40.766219, 186.055234, 1115, 167488.0
688, 70.925926, 665.547846, 36.804138, 198.183961, 1092, 162754.0
689, 65.987654, 665.547846, 36.804138, 173.041889, 1113, 167059.0
690, 71.008114, 660.900127, 37.356916, 179.902983, 1116, 173496.0
691, 71.750876, 659.454830, 36.459731, 184.068271, 1116, 166913.0
692, 70.716381, 664.778989, 33.525388, 178.141437, 1117, 167591.0
693, 68.597140, 665.519286, 40.766219, 190.387197, 1114, 166716.0
694, 70.925926, 665.547846, 36.804138, 201.625463, 1088, 162489.0
695, 70.925926, 665.547846, 36.804138, 215.207886, 1087, 162186.0
696, 68.597140, 665.519286, 40.766219, 203.922409, 1120, 167678.0
697, 70.716381, 664.778989, 33.525388, 179.370150, 1117, 167255.0
698, 68.245975, 664.359747, 35.267024, 205.968231, 1100, 164331.0
699, 70.925926, 665.547846, 36.804138, 179.465120, 1104, 165111.0
700, 73.970994, 665.006548, 39.197344, 210.174370, 1083, 161494.0
701, 74.814751, 665.600207, 35.386843, 194.905444, 1066, 158912.0
702, 70.925926, 665.547846, 36.804138, 181.570894, 1085, 166895.0
703, 68.393257, 659.984967, 35.317191, 187.172904, 1116, 167684.0
704, 74.419308, 661.981923, 37.025122, 212.259139, 1077, 160611.0
705, 71.750876, 659.454830, 36.459731, 180.345903, 1103, 165209.0
706, 68.245975, 664.359747, 35.267024, 193.998042, 1117, 167102.0
707, 70.925926, 665.547846, 36.804138, 220.368231, 1084, 166374.0
708, 68.245975, 664.359747, 35.267024, 178.899568, 1106, 166869.0
709, 68.597140, 665.519286, 40.766219, 204.910533, 1108, 166578.0
710, 65.987654, 665.547846, 36.804138, 182.347150, 1117, 167858.0
711, 68.597140, 665.519286, 40.766219, 199.782384, 1119, 167846.0
712, 68.245975, 664.359747, 35.267024, 193.625320, 1106, 165618.0
713, 68.597140, 665.519286, 40.766219, 179.845073, 1117, 167556.0
714, 68.597140, 665.519286, 40.766219, 198.714412, 1117, 169243.0
715, 73.970994, 665.006548, 39.197344, 221.740887, 1072, 160741.0
716, 70.925926, 665.547846, 36.804138, 193.564088, 1096, 164035.0
717, 68.597140, 665.519286, 40.766219, 180.749217, 1112, 166568.0
718, 65.987654, 665.547846, 36.804138, 193.326642, 1118, 168512.0
719, 65.987654, 665.547846, 36.804138, 198.024556, 1118, 168040.0
720, 70.716381, 664.778989, 33.525388, 181.993989, 1115, 170396.0
721, 70.925926, 665.547846, 36.804138, 203.772150, 1087, 164661.0
722, 70.925926, 665.547846, 36.804138, 208.660453, 1104, 165100.0
723, 70.925926, 665.547846, 36.804138, 194.037131, 1104, 166743.0
724, 65.987654, 665.547846, 36.804138, 186.291958, 1111, 166781.0
725, 65.987654, 665.547846, 36.804138, 190.446102, 1110, 167089.0
726, 70.716381, 664.778989, 33.525388, 192.038640, 1117, 168087.0
727, 68.051337, 660.796124, 31.532691, 178.961240, 1118, 167870.0
728, 68.597140, 665.519286, 40.766219, 181.582949, 1123, 168253.0
729, 68.597140, 665.519286, 40.766219, 170.952285, 1118, 167974.0
730, 70.925926, 665.547846, 36.804138, 200.887214, 1097, 164060.0
731, 70.925926, 665.547846, 36.804138, 196.036530, 1095, 166590.0
732, 70.925926, 665.547846, 36.804138, 182.617367, 1092, 171537.0
733, 69.887637, 661.705163, 32.669582, 181.564370, 1118, 168333.0
734, 70.925926, 665.547846, 36.804138, 211.629957, 1076, 162485.0
735, 70.716381, 664.778989, 33.525388, 177.528476, 1120, 168509.0
736, 69.134917, 661.158396, 37.947884, 159.898604, 1120, 168575.0
737, 68.597140, 665.519286, 40.766219, 194.503805, 1111, 167066.0
738, 65.987654, 665.547846, 36.804138, 173.019209, 1115, 167590.0
739, 68.597140, 665.519286, 40.766219, 210.878519, 1117, 167848.0
740, 65.987654, 665.547846, 36.804138, 169.221334, 1124, 168450.0
741, 70.102687, 664.727220, 39.741476, 189.523366, 1118, 168713.0
742, 65.987654, 665.547846, 36.804138, 155.952416, 1118, 167747.0
743, 68.245975, 664.359747, 35.267024, 189.104539, 1105, 165532.0
744, 70.925926, 665.547846, 36.804138, 188.850861, 1109, 166228.0
745, 69.887637, 661.705163, 32.669582, 171.805778, 1117, 167541.0
746, 68.245975, 664.359747, 35.267024, 189.251426, 1107, 165752.0
747, 68.597140, 665.519286, 40.766219, 187.630938, 1113, 166970.0
748, 65.987654, 665.547846, 36.804138, 174.013644, 1121, 167976.0
749, 65.987654, 665.547846, 36.804138, 160.709597, 1122, 168560.0
750, 68.597140, 665.519286, 40.766219, 176.168653, 1116, 167236.0
751, 68.597140, 665.519286, 40.766219, 176.908255, 1119, 167716.0
752, 65.987654, 665.547846, 36.804138, 163.014052, 1114, 166936.0
753, 70.716381, 664.778989, 33.525388, 172.203271, 1117, 167112.0
754, 69.134917, 661.158396, 37.947884, 171.658039, 1114, 166878.0
755, 65.987654, 665.547846, 36.804138, 160.451483, 1119, 167428.0
756, 65.987654, 665.547846, 36.804138, 175.267297, 1123, 168290.0
757, 65.987654, 665.547846, 36.804138, 183.843251, 1115, 167223.0
758, 69.499381, 667.387790, 33.338475, 167.018272, 1114, 166951.0
759, 65.987654, 665.547846, 36.804138, 170.624269, 1119, 167526.0
760, 71.008114, 660.900127, 37.356916, 190.032122, 1116, 167210.0
761, 65.987654, 665.547846, 36.804138, 172.737042, 1113, 166773.0
762, 70.102687, 664.727220, 39.741476, 183.753459, 1117, 167509.0
763, 70.925926, 665.547846, 36.804138, 193.157648, 1088, 167844.0
764, 68.597140, 665.519286, 40.766219, 164.364720, 1120, 168045.0
765, 70.925926, 665.547846, 36.804138, 189.938976, 1087, 162369.0
766, 71.750876, 659.454830, 36.459731, 180.889463, 1107, 165831.0
767, 70.925926, 665.547846, 36.804138, 193.741139, 1104, 165412.0
768, 68.597140, 665.519286, 40.766219, 170.427134, 1109, 166162.0
769, 70.291698, 660.297951, 36.649915, 203.345876, 1104, 165089.0
770, 71.008114, 660.900127, 37.356916, 190.613066, 1111, 170724.0
771, 65.987654, 665.547846, 36.804138, 173.539384, 1113, 166837.0
772, 68.597140, 665.519286, 40.766219, 185.627124, 1120, 167937.0
773, 70.925926, 665.547846, 36.804138, 199.750614, 1079, 166595.0
774, 71.750876, 659.454830, 36.459731, 191.363369, 1110, 169950.0
775, 69.134917, 661.158396, 37.947884, 171.992489, 1112, 166568.0
776, 70.102687, 664.727220, 39.741476, 171.072551, 1115, 169294.0
777, 70.925926, 665.547846, 36.804138, 207.013527, 1101, 165293.0
778, 70.716381, 664.778989, 33.525388, 177.907907, 1115, 166865.0
779, 70.925926, 665.547846, 36.804138, 187.577513, 1083, 161712.0
780, 68.597140, 665.519286, 40.766219, 175.851616, 1114, 166557.0
781, 70.925926, 665.547846, 36.804138, 199.845851, 1108, 165828.0
782, 70.925926, 665.547846, 36.804138, 165.261155, 1089, 162900.0
783, 70.925926, 665.547846, 36.804138, 199.243261, 1097, 163730.0
784, 65.987654, 665.547846, 36.804138, 169.893543, 1113, 166840.0
785, 65.987654, 665.547846, 36.804138, 187.298840, 1113, 166936.0
786, 69.134917, 661.158396, 37.947884, 161.537321, 1114, 166830.0
787, 70.925926, 665.547846, 36.804138, 197.103614, 1096, 163781.0
788, 65.987654, 665.547846, 36.804138, 178.053281, 1116, 167344.0
789, 69.932659, 666.544700, 32.815117, 174.401880, 1115, 167006.0
790, 65.987654, 665.547846, 36.804138, 166.166630, 1124, 169087.0
791, 65.987654, 665.547846, 36.804138, 167.852841, 1116, 167274.0
792, 71.750876, 659.454830, 36.459731, 185.783720, 1116, 168190.0
793, 68.393257, 659.984967, 35.317191, 175.853800, 1116, 167070.0
794, 65.987654, 665.547846, 36.804138, 154.991112, 1117, 167353.0
795, 68.597140, 665.519286, 40.766219, 196.446979, 1112, 166547.0
796, 70.925926, 665.547846, 36.804138, 195.597963, 1107, 166246.0
797, 68.597140, 665.519286, 40.766219, 163.789777, 1113, 168054.0
798, 69.134917, 661.158396, 37.947884, 163.233362, 1120, 167817.0
799, 68.597140, 665.519286, 40.766219, 175.825973, 1116, 167327.0
800, 69.932659, 666.544700, 32.815117, 187.584121, 1113, 166745.0
801, 68.597140, 665.519286, 40.766219, 160.557643, 1120, 170026.0
802, 65.987654, 665.547846, 36.804138, 167.912336, 1120, 167614.0
803, 70.925926, 665.547846, 36.804138, 210.228357, 1085, 161939.0
804, 70.925926, 665.547846, 36.804138, 199.772900, 1097, 165106.0
805, 70.925926, 665.547846, 36.804138, 190.681417, 1109, 166666.0
806, 70.778432, 659.289800, 36.288228, 194.795043, 1119, 168636.0
807, 68.245975, 664.359747, 35.267024, 199.028202, 1106, 166387.0
808, 68.245975, 664.359747, 35.267024, 176.163856, 1118, 168084.0
809, 68.245975, 664.359747, 35.267024, 191.902539, 1109, 167313.0
810, 69.134917, 661.158396, 37.947884, 168.538495, 1120, 168642.0
811, 68.597140, 665.519286, 40.766219, 169.144012, 1121, 169383.0
812, 66.980430, 660.478498, 40.144412, 172.610962, 1118, 167659.0
813, 70.925926, 665.547846, 36.804138, 186.794571, 1095, 163803.0
814, 70.392938, 665.247882, 35.020696, 194.941282, 1117, 167260.0
815, 68.597140, 665.519286, 40.766219, 196.470848, 1120, 167878.0
816, 68.597140, 665.519286, 40.766219, 176.992330, 1118, 175115.0
817, 70.925926, 665.547846, 36.804138, 201.045812, 1094, 162656.0
818, 65.987654, 665.547846, 36.804138, 179.012782, 1118, 167200.0
819, 68.597140, 665.519286, 40.766219, 184.655649, 1115, 166728.0
820, 68.597140, 665.519286, 40.766219, 184.558430, 1120, 167528.0
821, 71.750876, 659.454830, 36.459731, 190.969585, 1108, 165546.0
822, 70.925926, 665.547846, 36.804138, 187.390851, 1109, 165997.0
823, 70.925926, 665.547846, 36.804138, 188.101332, 1100, 164369.0
824, 71.750876, 659.454830, 36.459731, 205.588665, 1105, 165071.0
825, 71.750876, 659.454830, 36.459731, 206.311710, 1105, 164812.0
826, 65.987654, 665.547846, 36.804138, 176.210006, 1116, 167038.0
827, 69.134917, 661.158396, 37.947884, 177.657569, 1113, 166951.0
828, 65.235190, 660.138672, 36.481587, 167.143265, 1112, 166448.0
829, 65.987654, 665.547846, 36.804138, 187.159123, 1116, 166900.0
830, 65.987654, 665.547846, 36.804138, 156.924771, 1123, 167961.0
831, 69.134917, 661.158396, 37.947884, 169.264785, 1114, 166701.0
832, 69.887637, 661.705163, 32.669582, 204.455318, 1118, 167147.0
833, 70.925926, 665.547846, 36.804138, 195.886869, 1109, 168971.0
834, 68.597140, 665.519286, 40.766219, 185.671849, 1116, 168125.0
835, 65.987654, 665.547846, 36.804138, 189.700369, 1112, 167979.0
836, 68.597140, 665.519286, 40.766219, 171.644100, 1117, 168310.0
837, 71.750876, 659.454830, 36.459731, 175.433362, 1105, 174825.0
838, 68.597140, 665.519286, 40.766219, 179.245458, 1109, 168905.0
839, 68.597140, 665.519286, 40.766219, 206.783471, 1105, 166493.0
840, 69.887637, 661.705163, 32.669582, 187.460339, 1119, 168022.0
841, 68.597140, 665.519286, 40.766219, 190.857059, 1116, 167125.0
842, 70.925926, 665.547846, 36.804138, 192.698268, 1089, 162981.0
843, 65.987654, 665.547846, 36.804138, 167.157123, 1120, 167473.0
844, 65.987654, 665.547846, 36.804138, 180.129130, 1118, 167739.0
845, 65.987654, 665.547846, 36.804138, 170.283616, 1110, 166013.0
846, 65.987654, 665.547846, 36.804138, 182.559175, 1113, 166585.0
847, 68.597140, 665.519286, 40.766219, 167.683883, 1121, 168052.0
848, 65.987654, 665.547846, 36.804138, 177.105051, 1113, 166555.0
849, 70.716381, 664.778989, 33.525388, 166.263272, 1111, 166733.0
850, 69.134917, 661.158396, 37.947884, 174.593816, 1115, 169165.0
851, 70.925926, 665.547846, 36.804138, 200.035851, 1111, 166149.0
852, 65.987654, 665.547846, 36.804138, 168.131495, 1121, 167927.0
853, 68.597140, 665.519286, 40.766219, 164.932794, 1119, 167798.0
854, 68.820021, 662.571548, 31.957123, 378.058134, 1112, 166248.0
855, 70.925926, 665.547846, 36.804138, 183.257360, 1095, 164086.0
856, 65.987654, 665.547846, 36.804138, 158.236147, 1110, 170378.0
857, 65.987654, 665.547846, 36.804138, 151.574246, 1113, 176901.0
858, 65.987654, 665.547846, 36.804138, 165.838052, 1116, 166893.0
859, 69.134917, 661.158396, 37.947884, 174.213179, 1114, 166669.0
860, 70.925926, 665.547846, 36.804138, 205.979132, 1087, 162374.0
861, 65.987654, 665.547846, 36.804138, 182.704015, 1125, 168375.0
862, 64.341564, 662.754338, 36.804138, 199.777085, 1112, 166457.0
863, 65.987654, 665.547846, 36.804138, 170.953457, 1117, 167230.0
864, 68.597140, 665.519286, 40.766219, 188.610755, 1116, 167000.0
865, 68.597140, 665.519286, 40.766219, 178.107916, 1116, 168465.0
866, 68.245975, 664.359747, 35.267024, 187.955337, 1107, 165597.0
867, 70.716381, 664.778989, 33.525388, 165.322142, 1110, 166033.0
868, 74.419308, 661.981923, 37.025122, 202.242631, 1087, 174276.0
869, 68.597140, 665.519286, 40.766219, 196.549646, 1110, 166048.0
870, 70.958060, 660.004837, 41.587569, 188.566139, 1116, 167036.0
871, 65.987654, 665.547846, 36.804138, 174.622915, 1121, 167669.0
872, 68.245975, 664.359747, 35.267024, 183.814549, 1104, 165145.0
873, 70.925926, 665.547846, 36.804138, 185.066714, 1092, 163025.0
874, 65.987654, 665.547846, 36.804138, 179.179282, 1123, 167882.0
875, 70.925926, 665.547846, 36.804138, 204.271780, 1087, 161931.0
876, 70.925926, 665.547846, 36.804138, 191.952308, 1096, 166823.0
877, 65.987654, 665.547846, 36.804138, 185.668756, 1114, 166620.0
878, 68.597140, 665.519286, 40.766219, 186.946567, 1116, 167013.0
879, 70.925926, 665.547846, 36.804138, 184.057112, 1101, 169268.0
880, 65.987654, 665.547846, 36.804138, 146.536841, 1115, 166905.0
881, 68.245975, 664.359747, 35.267024, 177.528832, 1111, 166279.0
882, 68.597140, 665.519286, 40.766219, 169.357914, 1112, 166559.0
883, 70.102687, 664.727220, 39.741476, 177.841262, 1116, 166912.0
884, 65.987654, 665.547846, 36.804138, 176.048964, 1115, 166897.0
885, 71.750876, 659.454830, 36.459731, 176.976320, 1106, 165109.0
886, 71.750876, 659.454830, 36.459731, 202.124552, 1103, 164707.0
887, 68.597140, 665.519286, 40.766219, 158.298341, 1120, 179011.0
888, 70.716381, 664.778989, 33.525388, 185.809190, 1121, 167936.0
889, 65.987654, 665.547846, 36.804138, 155.521937, 1117, 167429.0
890, 71.750876, 659.454830, 36.459731, 170.074524, 1111, 166097.0
891, 68.245975, 664.359747, 35.267024, 185.873614, 1111, 165982.0
892, 70.925926, 665.547846, 36.804138, 196.076317, 1114, 166543.0
893, 68.245975, 664.359747, 35.267024, 184.768464, 1107, 165425.0
894, 65.987654, 665.547846, 36.804138, 186.087456, 1118, 167133.0
895, 68.597140, 665.519286, 40.766219, 175.803421, 1122, 167740.0
896, 70.925926, 665.547846, 36.804138, 196.712851, 1092, 162757.0
897, 69.134917, 661.158396, 37.947884, 182.234665, 1113, 171806.0
898, 70.925926, 665.547846, 36.804138, 164.418803, 1099, 175157.0
899, 69.432445, 661.680293, 37.764480, 185.623270, 1114, 167052.0
900, 65.987654, 665.547846, 36.804138, 168.752493, 1113, 166608.0
901, 71.750876, 659.454830, 36.459731, 174.468355, 1112, 166554.0
902, 65.987654, 665.547846, 36.804138, 166.419179, 1112, 166533.0
903, 68.597140, 665.519286, 40.766219, 162.620995, 1119, 171512.0
904, 70.925926, 665.547846, 36.804138, 180.954972, 1103, 165217.0
905, 65.987654, 665.547846, 36.804138, 181.087948, 1113, 166591.0
906, 70.925926, 665.547846, 36.804138, 194.239642, 1087, 162389.0
907, 68.597140, 665.519286, 40.766219, 161.720705, 1107, 165553.0
908, 65.987654, 665.547846, 36.804138, 154.565480, 1115, 166981.0
909, 71.750876, 659.454830, 36.459731, 179.227959, 1115, 166757.0
910, 65.987654, 665.547846, 36.804138, 156.912022, 1116, 167363.0
911, 71.750876, 659.454830, 36.459731, 174.434633, 1118, 167350.0
912, 71.750876, 659.454830, 36.459731, 175.819587, 1115, 167088.0
913, 70.925926, 665.547846, 36.804138, 199.777937, 1086, 162128.0
914, 68.597140, 665.519286, 40.766219, 170.946510, 1116, 167292.0
915, 70.925926, 665.547846, 36.804138, 203.944404, 1094, 163478.0
916, 65.987654, 665.547846, 36.804138, 157.975707, 1124, 168757.0
917, 70.925926, 665.547846, 36.804138, 194.420539, 1086, 162489.0
918, 70.925926, 665.547846, 36.804138, 187.689035, 1106, 165709.0
919, 65.987654, 665.547846, 36.804138, 165.960358, 1118, 167626.0
920, 68.597140, 665.519286, 40.766219, 199.188782, 1108, 166492.0
921, 69.134917, 661.158396, 37.947884, 162.170738, 1112, 166778.0
922, 65.987654, 665.547846, 36.804138, 167.874847, 1114, 167063.0
923, 70.716381, 664.778989, 33.525388, 176.994673, 1116, 167572.0
924, 70.925926, 665.547846, 36.804138, 198.594982, 1100, 164574.0
925, 70.925926, 665.547846, 36.804138, 188.536110, 1079, 183052.0
926, 65.987654, 665.547846, 36.804138, 194.206025, 1120, 167831.0
927, 70.102687, 664.727220, 39.741476, 186.407775, 1111, 166062.0
928, 68.245975, 664.359747, 35.267024, 181.908883, 1111, 166467.0
929, 70.716381, 664.778989, 33.525388, 169.631034, 1121, 168109.0
930, 65.987654, 665.547846, 36.804138, 181.931569, 1114, 166562.0
931, 68.245975, 664.359747, 35.267024, 187.843673, 1104, 165314.0
932, 65.987654, 665.547846, 36.804138, 191.583098, 1117, 167160.0
933, 68.597140, 665.519286, 40.766219, 175.357248, 1109, 165833.0
934, 65.987654, 665.547846, 36.804138, 162.673325, 1114, 166585.0
935, 71.750876, 659.454830, 36.459731, 180.394484, 1106, 165355.0
936, 71.750876, 659.454830, 36.459731, 166.759222, 1114, 166798.0
937, 70.925926, 665.547846, 36.804138, 206.074336, 1082, 161293.0
938, 73.938202, 660.900127, 37.356916, 210.921047, 1073, 160027.0
939, 68.597140, 665.519286, 40.766219, 190.863679, 1118, 167857.0
940, 68.597140, 665.519286, 40.766219, 180.631410, 1112, 170147.0
941, 68.245975, 664.359747, 35.267024, 184.345209, 1113, 166455.0
942, 68.597140, 665.519286, 40.766219, 184.559278, 1110, 165580.0
943, 71.335764, 660.084024, 35.447575, 199.338689, 1101, 164165.0
944, 65.987654, 665.547846, 36.804138, 187.546008, 1114, 166646.0
945, 68.597140, 665.519286, 40.766219, 176.134413, 1115, 166394.0
946, 68.245975, 664.359747, 35.267024, 169.172344, 1107, 165260.0
947, 70.716381, 664.778989, 33.525388, 153.696331, 1115, 166555.0
948, 70.925926, 665.547846, 36.804138, 215.294267, 1088, 174655.0
949, 70.102687, 664.727220, 39.741476, 172.482156, 1113, 165885.0
950, 74.814751, 665.600207, 35.386843, 201.310977, 1072, 159462.0
951, 65.987654, 665.547846, 36.804138, 196.361382, 1111, 166469.0
952, 64.341564, 662.754338, 36.804138, 186.018858, 1115, 166837.0
953, 71.750876, 659.454830, 36.459731, 185.755270, 1105, 165291.0
954, 71.750876, 659.454830, 36.459731, 200.130389, 1108, 165552.0
955, 68.597140, 665.519286, 40.766219, 180.503515, 1115, 166497.0
956, 70.925926, 665.547846, 36.804138, 197.413412, 1086, 161554.0
957, 70.716381, 664.778989, 33.525388, 180.593788, 1116, 166637.0
958, 68.597140, 665.519286, 40.766219, 160.885703, 1116, 166675.0
959, 65.987654, 665.547846, 36.804138, 181.533847, 1123, 178124.0
960, 65.987654, 665.547846, 36.804138, 163.825870, 1114, 166827.0
961, 68.393257, 659.984967, 35.317191, 167.874138, 1119, 179481.0
962, 65.987654, 665.547846, 36.804138, 191.057314, 1117, 167039.0
963, 65.987654, 665.547846, 36.804138, 178.808648, 1121, 167484.0
964, 70.925926, 665.547846, 36.804138, 179.740124, 1106, 164546.0
965, 65.987654, 665.547846, 36.804138, 157.376183, 1109, 165752.0
966, 68.597140, 665.519286, 40.766219, 164.278414, 1109, 165947.0
967, 68.245975, 664.359747, 35.267024, 170.528740, 1117, 166421.0
968, 65.987654, 665.547846, 36.804138, 159.928185, 1112, 165720.0
969, 70.716381, 664.778989, 33.525388, 170.266044, 1121, 167497.0
970, 65.987654, 665.547846, 36.804138, 173.734324, 1121, 167066.0
971, 68.245975, 664.359747, 35.267024, 157.701138, 1118, 167448.0
972, 65.987654, 665.547846, 36.804138, 148.332735, 1119, 167562.0
973, 65.987654, 665.547846, 36.804138, 164.283621, 1119, 167503.0
974, 70.925926, 665.547846, 36.804138, 199.991157, 1112, 166191.0
975, 70.925926, 665.547846, 36.804138, 185.004130, 1112, 166403.0
976, 65.987654, 665.547846, 36.804138, 144.594139, 1112, 166397.0
977, 70.925926, 665.547846, 36.804138, 186.018200, 1099, 164046.0
978, 65.987654, 665.547846, 36.804138, 154.684174, 1121, 167925.0
979, 70.716381, 664.778989, 33.525388, 184.958661, 1115, 166845.0
980, 73.970994, 665.006548, 39.197344, 208.162069, 1072, 159873.0
981, 65.987654, 665.547846, 36.804138, 175.709744, 1116, 172311.0
982, 70.925926, 665.547846, 36.804138, 176.246166, 1106, 165437.0
983, 68.597140, 665.519286, 40.766219, 187.832471, 1111, 166318.0
984, 70.291698, 660.297951, 36.649915, 174.223390, 1101, 164639.0
985, 68.245975, 664.359747, 35.267024, 183.446798, 1109, 165877.0
986, 68.597140, 665.519286, 40.766219, 171.257895, 1116, 167353.0
987, 68.245975, 664.359747, 35.267024, 177.244593, 1105, 165350.0
988, 69.134917, 661.158396, 37.947884, 158.063850, 1117, 167147.0
989, 65.987654, 665.547846, 36.804138, 200.627033, 1116, 166970.0
990, 68.597140, 665.519286, 40.766219, 176.229465, 1117, 167544.0
991, 70.925926, 665.547846, 36.804138, 165.548904, 1110, 166158.0
992, 65.987654, 665.547846, 36.804138, 174.422706, 1113, 166404.0
993, 68.597140, 665.519286, 40.766219, 183.405136, 1110, 166170.0
994, 70.925926, 665.547846, 36.804138, 174.670975, 1106, 165172.0
995, 65.987654, 665.547846, 36.804138, 165.219313, 1120, 167512.0
996, 70.925926, 665.547846, 36.804138, 176.419533, 1109, 165885.0
997, 68.597140, 665.519286, 40.766219, 186.356009, 1109, 166169.0
998, 68.597140, 665.519286, 40.766219, 185.245229, 1122, 168122.0
999, 70.958060, 660.004837, 41.587569, 188.141681, 1097, 164051.0
