#idx, x0, x1, x2, y, f_neval, total_time (us), 
0, 70.925926, 665.547846, 36.804138, 176.914673, 1596, 259130.0
1, 71.811299, 664.865804, 37.004369, 205.814571, 1548, 231178.0
2, 71.448362, 662.546370, 39.029242, 200.651870, 1552, 231812.0
3, 69.245924, 664.117466, 35.976173, 205.808050, 1598, 239034.0
4, 72.642813, 664.669986, 35.849368, 220.080487, 1542, 231144.0
5, 70.820047, 662.070259, 35.625875, 211.380959, 1575, 235169.0
6, 72.401930, 661.785569, 38.725725, 198.443282, 1563, 233247.0
7, 74.607839, 661.641504, 36.783432, 211.859602, 1542, 230220.0
8, 72.397586, 663.979690, 37.414524, 204.911980, 1547, 230439.0
9, 71.811299, 664.865804, 37.004369, 220.813962, 1540, 229208.0
10, 74.658464, 664.255894, 36.441369, 233.078357, 1519, 226455.0
11, 72.481766, 663.467699, 34.869755, 198.506908, 1548, 231025.0
12, 71.331726, 661.798670, 38.048062, 186.676842, 1577, 235693.0
13, 72.400783, 664.570493, 38.371743, 234.959063, 1546, 230040.0
14, 71.660504, 661.642453, 39.177148, 215.436110, 1552, 232489.0
15, 70.609305, 663.052301, 36.469453, 178.167622, 1625, 245996.0
16, 69.245924, 664.117466, 35.976173, 177.358433, 1613, 242418.0
17, 70.925926, 665.547846, 36.804138, 195.503017, 1547, 244422.0
18, 67.451764, 664.871613, 36.706010, 206.314183, 1613, 241820.0
19, 74.576621, 664.874793, 36.358767, 232.638564, 1531, 228209.0
20, 71.866794, 664.353475, 38.055358, 206.418733, 1550, 232672.0
21, 72.851157, 664.647984, 36.012080, 186.670533, 1552, 231703.0
22, 70.323807, 661.947958, 36.905823, 188.117975, 1617, 241837.0
23, 74.129705, 660.691494, 37.609189, 219.357492, 1540, 229553.0
24, 71.448362, 662.546370, 39.029242, 218.745841, 1538, 229343.0
25, 71.373477, 662.478388, 40.708861, 198.606399, 1588, 237149.0
26, 74.404763, 664.743508, 37.787710, 223.548040, 1523, 227300.0
27, 70.925926, 665.547846, 36.804138, 185.899294, 1603, 239557.0
28, 71.362766, 662.010416, 39.838324, 187.990411, 1598, 242027.0
29, 72.851157, 664.647984, 36.012080, 199.386199, 1541, 229913.0
30, 69.072508, 664.859976, 38.874243, 177.596027, 1603, 240456.0
31, 70.629864, 661.834195, 36.899210, 201.354516, 1599, 239118.0
32, 69.072508, 664.859976, 38.874243, 184.594628, 1599, 238932.0
33, 71.120775, 663.543108, 37.912136, 177.607560, 1566, 233811.0
34, 70.674028, 661.044295, 37.192589, 183.147107, 1598, 242408.0
35, 74.709315, 661.969198, 36.928134, 213.614094, 1538, 239005.0
36, 72.566872, 661.667757, 38.302273, 192.827596, 1540, 230019.0
37, 67.910425, 664.028989, 35.922365, 181.003374, 1624, 242735.0
38, 70.482970, 663.767483, 38.299360, 204.268693, 1593, 237967.0
39, 66.754500, 663.780821, 37.835231, 169.240103, 1619, 242172.0
40, 72.533265, 661.923754, 38.433768, 192.302390, 1557, 235213.0
41, 70.925926, 665.547846, 36.804138, 182.004361, 1576, 235900.0
42, 67.080931, 664.236938, 37.709308, 187.121114, 1633, 244228.0
43, 71.643188, 664.590524, 37.340554, 207.617438, 1550, 231456.0
44, 71.736514, 661.695516, 39.960873, 170.237792, 1579, 235675.0
45, 70.169095, 661.628691, 37.025151, 193.285907, 1615, 241592.0
46, 69.243729, 664.192872, 35.937869, 199.149746, 1610, 240824.0
47, 70.925926, 665.547846, 36.804138, 194.042580, 1560, 233231.0
48, 70.649671, 661.685213, 36.675786, 188.796195, 1607, 239682.0
49, 72.626820, 661.359393, 37.510833, 187.811358, 1565, 233313.0
50, 71.924277, 664.875528, 36.716784, 183.995384, 1550, 230858.0
51, 72.101457, 664.873261, 37.174994, 199.657438, 1551, 231040.0
52, 66.835867, 664.510857, 36.927317, 165.701289, 1628, 243143.0
53, 70.653058, 662.358791, 36.760270, 222.915011, 1550, 230927.0
54, 71.331726, 661.798670, 38.048062, 204.064466, 1566, 233780.0
55, 69.741036, 664.793136, 36.372197, 170.175185, 1629, 243436.0
56, 70.925926, 665.547846, 36.804138, 193.101820, 1594, 238231.0
57, 67.440572, 664.667974, 36.804981, 174.913348, 1618, 242486.0
58, 69.245924, 664.117466, 35.976173, 188.436083, 1598, 239100.0
59, 69.843411, 664.294642, 35.515093, 176.069762, 1613, 241129.0
60, 72.475918, 663.590409, 37.288809, 190.676441, 1551, 231674.0
61, 67.376884, 664.695682, 37.225305, 155.459029, 1623, 242947.0
62, 69.109593, 663.861874, 36.373390, 163.732994, 1619, 242247.0
63, 67.376884, 664.695682, 37.225305, 181.396608, 1612, 241181.0
64, 70.925926, 665.547846, 36.804138, 190.127865, 1597, 238752.0
65, 68.402409, 664.303766, 36.321879, 182.206257, 1634, 244106.0
66, 66.789926, 663.885022, 38.580723, 173.884827, 1630, 244147.0
67, 71.927433, 664.522438, 36.228679, 214.517060, 1540, 229439.0
68, 66.338063, 663.688250, 37.645243, 184.306295, 1630, 247134.0
69, 70.570296, 661.824086, 36.941205, 209.152260, 1588, 242102.0
70, 67.409706, 664.610194, 36.076287, 166.429902, 1630, 243529.0
71, 69.496534, 666.431036, 37.074265, 192.697443, 1619, 241366.0
72, 71.335500, 662.062545, 39.864204, 200.966860, 1561, 232698.0
73, 65.621683, 662.429060, 39.474448, 184.357440, 1624, 242190.0
74, 70.629864, 661.834195, 36.899210, 176.567316, 1623, 242171.0
75, 69.004666, 664.848463, 38.922071, 186.939382, 1614, 261550.0
76, 66.835867, 664.510857, 36.927317, 185.945594, 1614, 270419.0
77, 67.135642, 661.313267, 39.607857, 165.352089, 1639, 280856.0
78, 70.629864, 661.834195, 36.899210, 181.949051, 1620, 244354.0
79, 70.414532, 661.307515, 38.062977, 204.782955, 1578, 238059.0
80, 68.420347, 664.539320, 36.190616, 170.106244, 1628, 260418.0
81, 67.333944, 664.467642, 36.171734, 163.154485, 1623, 293809.0
82, 69.629497, 664.405799, 35.494583, 160.917122, 1626, 245082.0
83, 70.925926, 665.547846, 36.804138, 190.587787, 1597, 245517.0
84, 67.256524, 664.256031, 37.169327, 179.392980, 1624, 250224.0
85, 70.925926, 665.547846, 36.804138, 205.091435, 1580, 237946.0
86, 67.127117, 664.651575, 36.372106, 174.726537, 1633, 251027.0
87, 66.885808, 664.211509, 36.403424, 171.335810, 1613, 247585.0
88, 66.835867, 664.510857, 36.927317, 174.620442, 1624, 248729.0
89, 67.561976, 665.077640, 37.082545, 158.539705, 1629, 253893.0
90, 72.193045, 664.065408, 34.706661, 214.983086, 1553, 238257.0
91, 69.664673, 660.843337, 37.613931, 178.077094, 1620, 242609.0
92, 66.575397, 662.158427, 39.497482, 188.283650, 1622, 246146.0
93, 66.564647, 663.872379, 37.323117, 194.619901, 1616, 243974.0
94, 70.207511, 664.333017, 38.019687, 172.464218, 1621, 255449.0
95, 68.150409, 663.271719, 40.142372, 168.578362, 1622, 241771.0
96, 69.906329, 664.270862, 35.152784, 173.713244, 1619, 241259.0
97, 70.629864, 661.834195, 36.899210, 177.265614, 1623, 242847.0
98, 70.570296, 661.824086, 36.941205, 165.403306, 1631, 244007.0
99, 67.564171, 665.002233, 37.120850, 182.138248, 1620, 242332.0
100, 65.757259, 662.289271, 36.467763, 170.957086, 1622, 242584.0
101, 70.717512, 661.696726, 36.627958, 203.927280, 1601, 239256.0
102, 66.575397, 662.158427, 39.497482, 163.219258, 1632, 247150.0
103, 67.896898, 665.330425, 39.298733, 177.428331, 1630, 244229.0
104, 68.952127, 666.323289, 35.762312, 181.763517, 1618, 242187.0
105, 67.409706, 664.610194, 36.076287, 189.128777, 1608, 240410.0
106, 70.925926, 665.547846, 36.804138, 196.072977, 1567, 234065.0
107, 70.673338, 661.674935, 37.725031, 182.054396, 1594, 238187.0
108, 67.409706, 664.610194, 36.076287, 189.355706, 1625, 243174.0
109, 68.942903, 664.913760, 38.925762, 179.240823, 1623, 242733.0
110, 68.942903, 664.913760, 38.925762, 178.510879, 1623, 243033.0
111, 69.072508, 664.859976, 38.874243, 185.137612, 1604, 240062.0
112, 70.717512, 661.696726, 36.627958, 190.171316, 1605, 239918.0
113, 70.570296, 661.824086, 36.941205, 162.656561, 1632, 244217.0
114, 70.925926, 665.547846, 36.804138, 198.738117, 1561, 232797.0
115, 66.575397, 662.158427, 39.497482, 169.574874, 1631, 244009.0
116, 72.530664, 663.476509, 36.695310, 223.998502, 1547, 230385.0
117, 71.009192, 663.697899, 35.243635, 217.830614, 1591, 237608.0
118, 67.317106, 664.134199, 36.401394, 196.504334, 1628, 243504.0
119, 65.920864, 662.253825, 36.652265, 151.803715, 1622, 242875.0
120, 66.919617, 664.212658, 39.580653, 159.410615, 1621, 242826.0
121, 66.987625, 662.442003, 35.873099, 179.146571, 1617, 241870.0
122, 72.501911, 661.617888, 38.178806, 205.748333, 1547, 230474.0
123, 69.072508, 664.859976, 38.874243, 178.973843, 1615, 241104.0
124, 70.919172, 661.634738, 36.500591, 163.765699, 1603, 239854.0
125, 69.664673, 660.843337, 37.613931, 186.229636, 1624, 243104.0
126, 66.979788, 664.329544, 38.156207, 182.740330, 1625, 243260.0
127, 67.293432, 661.949801, 37.654226, 172.201760, 1620, 242183.0
128, 70.722795, 662.940037, 36.828115, 192.268743, 1592, 240404.0
129, 70.919172, 661.634738, 36.500591, 185.094969, 1600, 239460.0
130, 70.385300, 663.575648, 37.320635, 176.443476, 1619, 242256.0
131, 70.962086, 662.769846, 37.108934, 200.366823, 1562, 232993.0
132, 71.840124, 661.497423, 39.862527, 193.875511, 1567, 233915.0
133, 67.254047, 664.530884, 36.656838, 160.279820, 1630, 243938.0
134, 67.922532, 664.828640, 36.762332, 200.002154, 1631, 243907.0
135, 70.925926, 665.547846, 36.804138, 216.246955, 1553, 232700.0
136, 70.572162, 662.048574, 39.150205, 203.554300, 1572, 262448.0
137, 69.245924, 664.117466, 35.976173, 179.817889, 1612, 241835.0
138, 67.330822, 664.453399, 36.704488, 167.764915, 1623, 242531.0
139, 71.192323, 664.076178, 37.446259, 199.780364, 1559, 232437.0
140, 69.571383, 664.219656, 37.689878, 185.570756, 1622, 242390.0
141, 70.477774, 663.970508, 37.914805, 184.442635, 1610, 240369.0
142, 71.204857, 662.452518, 36.747055, 184.161539, 1581, 237393.0
143, 70.649671, 661.685213, 36.675786, 179.124579, 1606, 240383.0
144, 73.675905, 664.338298, 38.544842, 204.522222, 1540, 229641.0
145, 69.278837, 664.170010, 37.896122, 188.796167, 1625, 243177.0
146, 67.564171, 665.002233, 37.120850, 171.975779, 1617, 241774.0
147, 73.588501, 663.432596, 35.301320, 218.509053, 1533, 228335.0
148, 67.762375, 664.655966, 37.058893, 181.379659, 1618, 241743.0
149, 73.225209, 663.567996, 38.868941, 207.494466, 1559, 232659.0
150, 67.477268, 662.035098, 37.722047, 192.160692, 1615, 241154.0
151, 71.149795, 661.467305, 36.851452, 213.148158, 1577, 235241.0
152, 74.038810, 661.450413, 37.843829, 204.514485, 1536, 229139.0
153, 70.288893, 665.036646, 35.854049, 189.565772, 1609, 240670.0
154, 69.004666, 664.848463, 38.922071, 163.933466, 1620, 242660.0
155, 70.102687, 664.727220, 39.741476, 177.510104, 1607, 240714.0
156, 67.956411, 661.924999, 37.901328, 181.225556, 1622, 242226.0
157, 69.664673, 660.843337, 37.613931, 188.966050, 1617, 241873.0
158, 72.533265, 661.923754, 38.433768, 211.141621, 1555, 232209.0
159, 70.717512, 661.696726, 36.627958, 172.136484, 1613, 241284.0
160, 73.248268, 661.275649, 37.581189, 195.833612, 1539, 229875.0
161, 72.189652, 664.782900, 36.978349, 214.797294, 1535, 237540.0
162, 72.338799, 663.146643, 35.356333, 188.495701, 1564, 243379.0
163, 72.626820, 661.359393, 37.510833, 202.147628, 1563, 232942.0
164, 69.004666, 664.848463, 38.922071, 183.586503, 1619, 242021.0
165, 71.450896, 662.729933, 39.073620, 178.593733, 1568, 234094.0
166, 69.741036, 664.793136, 36.372197, 173.026402, 1623, 242611.0
167, 72.058707, 662.533496, 36.544819, 199.178969, 1527, 227628.0
168, 69.698567, 663.021291, 37.177109, 182.521888, 1598, 238603.0
169, 67.185645, 664.777679, 36.364913, 185.664584, 1610, 240837.0
170, 70.925926, 665.547846, 36.804138, 190.587220, 1594, 253761.0
171, 68.709289, 660.454136, 37.973696, 168.239335, 1624, 243026.0
172, 70.629864, 661.834195, 36.899210, 194.121740, 1606, 240917.0
173, 72.527418, 661.696308, 37.958861, 176.649939, 1565, 234522.0
174, 67.451764, 664.871613, 36.706010, 184.503921, 1614, 241943.0
175, 70.011355, 660.749554, 37.912832, 193.839670, 1586, 237104.0
176, 71.192323, 664.076178, 37.446259, 197.349368, 1592, 241259.0
177, 73.870338, 664.592350, 38.172075, 198.124736, 1538, 229453.0
178, 67.131908, 664.632790, 36.435924, 176.565684, 1626, 244604.0
179, 68.942903, 664.913760, 38.925762, 185.738337, 1631, 244295.0
180, 67.922532, 664.828640, 36.762332, 199.562351, 1616, 243513.0
181, 67.229255, 663.554192, 36.130855, 154.447597, 1626, 244843.0
182, 69.894097, 661.266379, 37.462197, 185.605285, 1630, 246074.0
183, 67.131908, 664.632790, 36.435924, 169.962748, 1620, 243086.0
184, 72.310204, 665.068248, 38.482279, 211.640010, 1537, 229984.0
185, 71.049484, 661.642158, 36.520293, 167.087770, 1601, 239440.0
186, 67.428606, 662.154611, 36.060905, 180.921968, 1614, 242333.0
187, 70.649671, 661.685213, 36.675786, 185.151045, 1607, 241518.0
188, 70.919172, 661.634738, 36.500591, 194.441920, 1603, 239321.0
189, 67.511608, 664.638264, 35.653302, 193.119048, 1615, 241042.0
190, 68.797278, 663.640247, 39.145573, 175.591947, 1612, 240794.0
191, 69.070313, 664.935382, 38.835939, 175.727945, 1612, 241013.0
192, 73.248268, 661.275649, 37.581189, 194.813004, 1545, 230762.0
193, 70.662692, 663.783255, 37.724005, 200.051840, 1567, 234774.0
194, 70.856633, 662.862588, 37.131377, 183.501170, 1584, 236826.0
195, 73.248268, 661.275649, 37.581189, 196.166243, 1561, 233293.0
196, 72.584722, 662.894039, 39.376177, 184.575908, 1556, 232588.0
197, 69.245924, 664.117466, 35.976173, 167.900493, 1613, 241788.0
198, 70.533965, 661.569366, 36.772161, 157.315192, 1627, 244043.0
199, 70.925926, 665.547846, 36.804138, 188.564439, 1594, 238834.0
200, 72.453873, 662.500120, 37.142909, 179.566525, 1573, 235357.0
201, 70.867334, 664.070523, 37.123209, 183.322126, 1592, 237157.0
202, 69.004666, 664.848463, 38.922071, 177.095159, 1622, 242805.0
203, 72.748762, 661.807388, 38.647980, 180.901130, 1573, 236889.0
204, 70.574811, 663.666416, 37.556232, 198.781514, 1599, 243161.0
205, 70.609305, 663.052301, 36.469453, 185.278153, 1602, 239867.0
206, 71.322689, 661.990029, 36.306381, 199.784669, 1539, 229545.0
207, 70.812343, 665.304912, 34.636232, 193.894901, 1593, 238162.0
208, 70.532947, 664.109095, 38.591435, 196.718768, 1586, 237233.0
209, 72.383916, 664.999780, 36.954423, 205.734181, 1549, 233691.0
210, 74.402015, 664.890072, 36.399186, 237.508620, 1523, 227050.0
211, 73.034029, 664.742139, 35.398207, 190.991150, 1550, 231235.0
212, 73.474716, 662.981174, 37.595640, 219.309874, 1551, 231294.0
213, 71.678026, 664.653126, 37.233038, 242.963757, 1536, 229151.0
214, 72.282826, 663.277456, 39.057689, 216.654795, 1544, 230193.0
215, 73.141359, 664.971705, 36.033664, 200.285284, 1539, 229538.0
216, 70.067524, 660.337192, 36.836324, 186.669355, 1625, 243679.0
217, 70.919172, 661.634738, 36.500591, 178.481760, 1603, 239808.0
218, 69.241541, 664.055462, 35.729415, 190.080321, 1599, 239403.0
219, 74.914482, 662.210893, 36.604673, 252.246053, 1518, 226859.0
220, 71.822616, 664.376566, 38.130865, 197.092593, 1556, 232745.0
221, 72.716263, 662.440023, 37.452316, 212.726604, 1559, 233370.0
222, 71.005905, 663.135910, 39.185848, 200.044035, 1574, 235370.0
223, 72.138128, 664.237775, 34.990392, 192.823754, 1557, 232476.0
224, 70.649671, 661.685213, 36.675786, 181.653156, 1611, 241152.0
225, 71.000101, 661.628173, 36.843862, 179.080483, 1591, 238124.0
226, 70.570296, 661.824086, 36.941205, 161.967953, 1609, 241030.0
227, 69.239041, 664.141341, 35.685791, 203.662988, 1610, 241023.0
228, 70.925926, 665.547846, 36.804138, 188.774753, 1578, 235736.0
229, 73.057145, 664.795340, 36.066481, 196.144047, 1537, 229523.0
230, 70.071129, 664.280787, 37.964819, 200.235641, 1593, 238651.0
231, 77.589689, 664.848171, 36.430797, 239.335577, 1516, 228160.0
232, 71.718775, 662.407432, 40.110966, 182.247890, 1574, 235521.0
233, 71.335500, 662.062545, 39.864204, 166.145674, 1608, 241438.0
234, 70.570296, 661.824086, 36.941205, 188.646986, 1608, 244576.0
235, 72.533265, 661.923754, 38.433768, 185.272516, 1559, 237146.0
236, 69.802799, 664.727839, 36.368506, 179.455419, 1616, 242020.0
237, 69.004666, 664.848463, 38.922071, 188.742464, 1617, 242403.0
238, 70.717512, 661.696726, 36.627958, 184.605584, 1595, 247941.0
239, 71.880903, 665.014537, 36.815497, 177.672406, 1552, 232595.0
240, 67.732783, 664.288177, 35.826471, 190.523744, 1621, 243141.0
241, 70.629864, 661.834195, 36.899210, 180.427560, 1609, 241633.0
242, 67.245799, 661.764620, 39.272704, 165.831281, 1628, 244858.0
243, 72.327624, 665.108193, 37.087805, 200.725660, 1560, 234120.0
244, 67.922532, 664.828640, 36.762332, 180.065212, 1618, 243968.0
245, 66.436479, 663.703449, 37.536716, 171.386341, 1625, 246922.0
246, 67.168181, 664.371709, 36.343295, 171.100957, 1628, 251365.0
247, 70.207511, 664.333017, 38.019687, 177.323522, 1610, 241435.0
248, 71.893441, 662.273701, 38.504425, 226.069146, 1575, 234767.0
249, 70.359817, 663.643100, 37.017503, 177.868138, 1615, 241765.0
250, 70.950769, 661.937492, 35.793113, 173.532260, 1598, 239151.0
251, 67.807515, 664.534297, 36.788559, 225.702784, 1600, 239239.0
252, 71.919620, 664.850795, 37.555003, 209.631458, 1542, 230168.0
253, 69.070313, 664.935382, 38.835939, 187.836396, 1612, 241172.0
254, 69.072508, 664.859976, 38.874243, 184.693086, 1628, 246478.0
255, 70.717512, 661.696726, 36.627958, 198.190962, 1591, 238218.0
256, 72.012614, 664.670247, 35.979995, 216.912540, 1525, 227574.0
257, 74.034580, 661.442462, 37.845965, 193.916184, 1543, 231018.0
258, 70.570296, 661.824086, 36.941205, 173.378339, 1618, 242477.0
259, 70.570296, 661.824086, 36.941205, 184.168494, 1621, 242743.0
260, 69.072508, 664.859976, 38.874243, 186.426837, 1627, 244126.0
261, 72.355150, 665.142457, 37.050483, 233.832901, 1530, 229387.0
262, 72.501911, 661.617888, 38.178806, 168.528144, 1575, 236446.0
263, 69.241541, 664.055462, 35.729415, 182.305073, 1609, 241009.0
264, 70.448582, 661.213378, 39.836769, 162.928264, 1611, 242040.0
265, 67.293432, 661.949801, 37.654226, 186.057692, 1623, 244365.0
266, 69.072508, 664.859976, 38.874243, 194.656128, 1605, 241076.0
267, 70.649671, 661.685213, 36.675786, 204.499195, 1590, 238011.0
268, 72.525331, 664.682888, 36.847700, 256.293895, 1533, 229969.0
269, 67.119349, 664.564991, 37.131795, 173.574912, 1625, 244781.0
270, 71.221298, 664.076125, 37.471416, 210.731131, 1557, 233843.0
271, 74.334469, 665.027998, 36.448053, 218.827730, 1543, 231481.0
272, 69.245924, 664.117466, 35.976173, 180.740954, 1603, 259726.0
273, 69.072508, 664.859976, 38.874243, 190.088988, 1620, 242711.0
274, 69.810691, 661.357304, 37.814917, 176.586333, 1627, 243372.0
275, 70.925926, 665.547846, 36.804138, 198.398459, 1602, 239291.0
276, 70.629864, 661.834195, 36.899210, 190.489627, 1616, 241314.0
277, 70.925926, 665.547846, 36.804138, 185.884695, 1617, 241693.0
278, 72.003750, 662.528051, 36.750315, 191.506166, 1591, 238270.0
279, 68.709289, 660.454136, 37.973696, 166.173370, 1627, 243340.0
280, 74.728876, 661.980484, 36.831350, 229.447720, 1543, 229926.0
281, 73.248268, 661.275649, 37.581189, 189.337785, 1532, 228390.0
282, 70.919172, 661.634738, 36.500591, 167.758354, 1612, 240983.0
283, 73.996124, 665.647073, 35.184492, 217.930848, 1522, 226283.0
284, 73.093600, 662.224838, 37.804937, 202.632208, 1549, 230963.0
285, 71.362766, 662.010416, 39.838324, 195.291353, 1568, 234081.0
286, 69.004666, 664.848463, 38.922071, 192.740677, 1625, 243207.0
287, 70.570296, 661.824086, 36.941205, 184.717603, 1615, 241548.0
288, 69.245924, 664.117466, 35.976173, 190.295973, 1594, 238512.0
289, 70.080905, 661.047843, 37.574854, 165.440497, 1621, 242482.0
290, 70.925926, 665.547846, 36.804138, 192.773748, 1577, 240786.0
291, 70.589264, 661.346631, 39.798558, 176.645139, 1602, 239568.0
292, 70.925926, 665.547846, 36.804138, 189.282869, 1550, 231047.0
293, 69.070313, 664.935382, 38.835939, 181.883744, 1623, 242616.0
294, 70.829212, 662.390040, 39.776326, 189.800511, 1600, 239356.0
295, 69.068427, 661.664002, 38.138053, 172.951434, 1632, 244138.0
296, 70.323807, 661.947958, 36.905823, 170.553896, 1620, 242440.0
297, 69.991430, 664.860883, 35.650729, 221.880316, 1592, 237742.0
298, 70.570296, 661.824086, 36.941205, 196.786690, 1614, 241430.0
299, 72.530664, 663.476509, 36.695310, 207.634440, 1553, 231272.0
300, 69.914020, 661.742456, 37.539608, 166.282145, 1609, 240275.0
301, 70.925926, 665.547846, 36.804138, 164.750621, 1614, 241585.0
302, 67.730475, 664.432309, 36.910464, 169.400520, 1626, 243371.0
303, 69.004666, 664.848463, 38.922071, 192.688176, 1619, 242223.0
304, 70.749115, 661.707141, 36.543502, 213.091102, 1589, 237457.0
305, 69.072508, 664.859976, 38.874243, 160.911525, 1621, 242536.0
306, 69.245924, 664.117466, 35.976173, 179.735436, 1605, 243012.0
307, 70.925926, 665.547846, 36.804138, 197.707672, 1563, 234449.0
308, 70.207511, 664.333017, 38.019687, 181.669868, 1623, 244254.0
309, 70.207511, 664.333017, 38.019687, 172.270394, 1631, 244318.0
310, 70.902106, 663.148020, 38.419939, 176.687464, 1604, 241195.0
311, 70.460079, 662.052416, 40.261252, 204.365922, 1569, 234232.0
312, 70.516619, 663.999692, 37.371200, 206.540143, 1593, 240029.0
313, 69.029587, 664.160818, 36.015176, 196.828700, 1621, 242787.0
314, 70.925926, 665.547846, 36.804138, 198.389829, 1564, 234259.0
315, 71.373477, 662.478388, 40.708861, 183.747640, 1554, 231632.0
316, 74.404763, 664.743508, 37.787710, 221.192921, 1530, 227995.0
317, 71.811299, 664.865804, 37.004369, 220.414956, 1553, 231835.0
318, 70.925926, 665.547846, 36.804138, 220.075814, 1591, 244467.0
319, 70.717512, 661.696726, 36.627958, 200.434276, 1594, 238183.0
320, 73.473548, 664.961732, 36.961553, 224.200050, 1531, 228153.0
321, 72.634440, 665.813546, 35.309142, 178.365973, 1553, 232054.0
322, 71.335500, 662.062545, 39.864204, 175.966691, 1603, 239852.0
323, 74.940316, 662.687303, 37.231444, 251.937770, 1512, 225565.0
324, 71.678026, 664.653126, 37.233038, 218.868937, 1537, 229238.0
325, 69.072508, 664.859976, 38.874243, 206.812963, 1603, 239289.0
326, 74.279608, 664.703422, 37.828355, 228.068080, 1533, 228288.0
327, 73.238799, 664.098315, 37.292562, 231.371172, 1537, 229381.0
328, 69.004666, 664.848463, 38.922071, 181.701131, 1616, 242161.0
329, 69.241541, 664.055462, 35.729415, 205.458745, 1612, 240900.0
330, 70.925926, 665.547846, 36.804138, 208.593508, 1537, 229354.0
331, 70.925926, 665.547846, 36.804138, 195.426125, 1594, 238232.0
332, 67.762375, 664.655966, 37.058893, 171.462531, 1621, 243159.0
333, 69.072508, 664.859976, 38.874243, 188.261084, 1615, 241128.0
334, 67.158027, 661.629760, 39.163928, 181.862416, 1633, 244078.0
335, 70.323807, 661.947958, 36.905823, 178.320108, 1617, 243895.0
336, 68.150409, 663.271719, 40.142372, 182.928208, 1623, 243185.0
337, 69.802799, 664.727839, 36.368506, 174.747253, 1617, 241660.0
338, 70.962086, 662.769846, 37.108934, 184.892615, 1570, 234401.0
339, 73.316783, 662.550088, 38.461563, 183.271833, 1557, 232508.0
340, 72.250525, 665.016404, 35.602383, 222.862382, 1528, 230988.0
341, 67.993078, 662.013178, 38.022241, 174.996144, 1622, 244478.0
342, 67.910425, 664.028989, 35.922365, 182.725269, 1610, 240666.0
343, 72.369751, 663.344290, 35.036347, 201.504382, 1546, 230675.0
344, 71.864346, 663.550651, 36.515651, 196.247631, 1594, 238397.0
345, 70.925926, 665.547846, 36.804138, 195.696049, 1568, 233406.0
346, 69.072508, 664.859976, 38.874243, 182.305576, 1630, 243554.0
347, 71.451090, 662.396862, 40.577224, 177.628236, 1562, 232814.0
348, 72.530664, 663.476509, 36.695310, 204.006984, 1553, 231471.0
349, 67.451764, 664.871613, 36.706010, 162.940761, 1621, 242280.0
350, 72.383916, 664.999780, 36.954423, 206.451952, 1541, 229842.0
351, 71.054043, 663.431905, 37.766566, 180.010365, 1603, 239594.0
352, 70.570296, 661.824086, 36.941205, 175.636177, 1619, 241962.0
353, 70.629864, 661.834195, 36.899210, 196.463243, 1588, 237179.0
354, 69.843411, 664.294642, 35.515093, 185.536568, 1611, 240772.0
355, 69.004666, 664.848463, 38.922071, 173.934809, 1616, 241652.0
356, 70.629864, 661.834195, 36.899210, 175.816976, 1592, 237750.0
357, 70.570296, 661.824086, 36.941205, 168.788449, 1608, 240163.0
358, 66.835867, 664.510857, 36.927317, 173.286144, 1632, 243705.0
359, 70.962086, 662.769846, 37.108934, 182.785823, 1596, 238427.0
360, 70.621706, 661.685519, 36.633326, 198.572645, 1583, 236790.0
361, 70.717512, 661.696726, 36.627958, 204.178998, 1598, 238653.0
362, 71.695867, 664.744175, 38.057308, 201.881493, 1547, 230889.0
363, 72.036986, 663.534381, 37.177393, 220.354116, 1556, 232028.0
364, 70.609305, 663.052301, 36.469453, 185.626472, 1619, 242526.0
365, 66.904064, 663.267197, 37.465364, 176.912620, 1627, 243428.0
366, 67.762375, 664.655966, 37.058893, 165.073941, 1630, 243931.0
367, 70.207511, 664.333017, 38.019687, 201.949523, 1592, 237716.0
368, 72.501911, 661.617888, 38.178806, 183.496525, 1577, 235629.0
369, 70.717512, 661.696726, 36.627958, 201.615771, 1624, 242973.0
370, 74.070326, 661.508162, 37.822823, 202.190892, 1536, 229096.0
371, 70.925926, 665.547846, 36.804138, 195.951474, 1575, 235096.0
372, 70.717512, 661.696726, 36.627958, 186.312214, 1602, 239449.0
373, 68.322493, 663.093424, 37.979942, 174.314220, 1628, 243316.0
374, 74.146135, 663.853297, 37.553456, 206.704062, 1538, 229917.0
375, 74.376617, 664.782155, 35.935672, 221.867370, 1534, 231627.0
376, 67.564171, 665.002233, 37.120850, 188.831435, 1623, 243035.0
377, 68.770487, 664.628429, 37.056433, 182.328342, 1609, 241300.0
378, 71.811299, 664.865804, 37.004369, 212.800061, 1533, 229010.0
379, 72.768514, 663.089866, 37.456256, 200.356911, 1567, 234551.0
380, 71.192280, 662.193627, 39.829680, 185.945572, 1603, 240250.0
381, 70.570296, 661.824086, 36.941205, 214.521807, 1598, 239420.0
382, 70.962086, 662.769846, 37.108934, 178.876853, 1603, 239866.0
383, 70.907848, 664.237662, 35.397076, 188.903440, 1591, 238068.0
384, 72.420605, 662.404548, 36.985571, 186.564164, 1564, 233846.0
385, 70.925926, 665.547846, 36.804138, 192.740700, 1570, 234778.0
386, 72.286351, 664.919620, 37.084655, 214.042172, 1522, 227195.0
387, 74.019491, 661.378600, 37.732513, 208.486716, 1548, 231467.0
388, 70.717512, 661.696726, 36.627958, 198.842204, 1594, 238902.0
389, 72.398670, 664.732525, 36.866389, 226.772824, 1536, 229584.0
390, 74.070647, 665.206578, 36.529309, 212.153591, 1509, 225427.0
391, 73.414138, 662.901292, 37.990630, 248.128349, 1535, 229330.0
392, 71.000101, 661.628173, 36.843862, 190.252590, 1568, 235212.0
393, 72.525331, 664.682888, 36.847700, 222.653601, 1544, 230724.0
394, 71.431691, 661.575301, 37.018081, 203.032171, 1562, 233450.0
395, 70.134130, 661.322494, 40.151493, 205.630282, 1588, 237761.0
396, 74.167832, 665.329188, 39.245193, 207.347981, 1510, 226054.0
397, 71.558285, 661.295921, 37.316609, 219.355778, 1565, 234401.0
398, 71.678026, 664.653126, 37.233038, 207.116274, 1554, 232154.0
399, 73.096418, 662.881151, 39.027259, 218.068517, 1535, 228710.0
400, 74.019491, 661.378600, 37.732513, 204.451049, 1545, 229898.0
401, 70.207511, 664.333017, 38.019687, 189.558556, 1617, 241627.0
402, 71.336857, 662.476644, 38.990676, 195.072514, 1583, 236061.0
403, 73.274332, 664.964297, 37.225534, 214.147492, 1530, 227838.0
404, 70.925926, 665.547846, 36.804138, 196.631108, 1597, 238497.0
405, 74.340161, 662.543967, 37.596586, 208.609465, 1546, 230626.0
406, 71.120775, 663.543108, 37.912136, 189.232068, 1595, 238487.0
407, 74.563488, 664.941806, 36.407019, 213.892350, 1530, 227447.0
408, 71.335500, 662.062545, 39.864204, 184.090794, 1600, 238570.0
409, 70.925926, 665.547846, 36.804138, 202.038210, 1560, 246488.0
410, 70.629864, 661.834195, 36.899210, 219.482008, 1600, 240542.0
411, 73.096418, 662.881151, 39.027259, 206.959832, 1543, 231832.0
412, 73.246352, 662.901695, 39.233746, 229.000762, 1540, 231284.0
413, 74.281035, 661.237506, 37.665681, 201.431585, 1538, 230793.0
414, 70.968213, 662.798791, 37.478554, 220.716699, 1551, 232754.0
415, 74.802976, 661.990638, 36.933400, 222.930212, 1529, 231090.0
416, 70.717512, 661.696726, 36.627958, 193.105883, 1603, 250281.0
417, 70.979670, 663.011733, 39.348406, 206.981572, 1554, 231873.0
418, 72.304088, 662.260642, 36.911755, 205.631467, 1562, 232999.0
419, 72.897231, 662.506742, 39.127863, 188.491480, 1554, 242955.0
420, 69.072508, 664.859976, 38.874243, 197.671220, 1605, 239900.0
421, 71.415764, 662.636897, 40.772730, 192.775912, 1561, 243892.0
422, 66.964664, 662.679367, 38.884696, 188.416482, 1620, 242293.0
423, 72.768514, 663.089866, 37.456256, 213.223925, 1553, 231655.0
424, 73.248268, 661.275649, 37.581189, 202.435021, 1550, 231304.0
425, 72.310204, 665.068248, 38.482279, 215.896602, 1538, 229183.0
426, 71.082508, 661.598491, 36.561732, 192.757642, 1567, 252536.0
427, 71.429996, 663.552531, 38.734157, 199.486353, 1574, 234949.0
428, 73.248268, 661.275649, 37.581189, 207.559733, 1548, 236993.0
429, 73.536060, 664.626670, 36.175435, 234.476119, 1542, 229627.0
430, 69.245924, 664.117466, 35.976173, 186.651411, 1601, 239606.0
431, 71.686844, 663.504461, 34.645175, 197.947490, 1581, 236404.0
432, 71.647045, 664.752418, 37.303547, 181.789149, 1569, 234289.0
433, 69.894097, 661.266379, 37.462197, 185.818536, 1624, 243933.0
434, 70.940195, 661.709124, 36.760234, 183.389921, 1592, 237690.0
435, 69.639318, 663.333436, 37.005440, 186.982927, 1607, 240311.0
436, 70.902106, 663.148020, 38.419939, 190.029700, 1589, 236914.0
437, 70.925926, 665.547846, 36.804138, 178.166933, 1601, 238966.0
438, 69.224430, 664.604789, 37.315054, 174.625045, 1599, 239350.0
439, 67.376884, 664.695682, 37.225305, 173.612734, 1626, 243443.0
440, 72.533265, 661.923754, 38.433768, 209.702085, 1545, 237157.0
441, 71.177952, 665.931324, 34.825280, 194.996383, 1584, 238486.0
442, 71.005905, 663.135910, 39.185848, 183.696249, 1598, 240856.0
443, 71.149795, 661.467305, 36.851452, 197.918885, 1565, 239529.0
444, 70.674028, 661.044295, 37.192589, 185.141918, 1597, 245901.0
445, 67.080931, 664.236938, 37.709308, 172.761297, 1624, 262541.0
446, 72.193846, 663.086799, 37.061057, 210.170409, 1547, 236062.0
447, 72.073900, 664.726790, 37.137147, 206.223381, 1540, 231074.0
448, 71.034073, 663.092664, 39.157716, 198.314200, 1573, 235950.0
449, 70.925926, 665.547846, 36.804138, 198.501047, 1564, 235275.0
450, 71.577718, 662.367388, 36.873404, 208.155086, 1569, 235691.0
451, 72.501911, 661.617888, 38.178806, 195.915055, 1579, 237432.0
452, 70.432012, 661.082744, 37.275235, 174.667543, 1606, 242087.0
453, 67.220467, 664.115390, 39.353355, 182.008704, 1631, 245683.0
454, 68.709289, 660.454136, 37.973696, 180.774378, 1624, 245120.0
455, 71.503259, 663.516918, 39.145695, 180.636696, 1563, 234819.0
456, 72.434109, 663.805325, 34.883696, 205.148826, 1565, 235095.0
457, 72.989680, 663.425813, 39.419441, 202.548358, 1548, 232119.0
458, 67.333944, 664.467642, 36.171734, 189.846266, 1621, 243541.0
459, 71.365832, 662.476591, 39.015834, 186.578879, 1591, 238576.0
460, 74.265199, 663.709941, 37.077404, 212.820749, 1551, 236642.0
461, 71.910257, 664.301811, 38.530587, 191.441551, 1542, 230385.0
462, 70.919172, 661.634738, 36.500591, 178.398384, 1620, 250124.0
463, 72.175992, 664.779597, 37.061554, 200.306203, 1541, 230181.0
464, 71.863219, 665.043939, 37.147201, 203.347274, 1531, 228606.0
465, 70.523761, 663.996551, 37.424115, 202.737179, 1594, 238830.0
466, 70.183068, 664.046636, 38.829217, 190.054086, 1564, 233134.0
467, 67.564171, 665.002233, 37.120850, 185.653544, 1625, 242656.0
468, 69.802799, 664.727839, 36.368506, 171.468544, 1612, 240796.0
469, 69.239041, 664.141341, 35.685791, 204.097538, 1601, 239215.0
470, 71.332536, 666.269080, 35.178826, 188.662922, 1558, 232394.0
471, 71.108420, 661.661813, 39.936818, 178.371782, 1569, 234218.0
472, 70.649671, 661.685213, 36.675786, 182.940517, 1595, 238458.0
473, 72.015523, 664.802315, 37.384242, 198.690776, 1547, 230810.0
474, 68.923770, 663.728867, 36.671955, 174.872168, 1617, 242282.0
475, 69.932508, 660.935834, 37.310022, 191.026450, 1607, 240896.0
476, 70.062377, 663.229873, 38.844958, 199.477076, 1602, 239873.0
477, 70.570296, 661.824086, 36.941205, 197.683364, 1611, 261706.0
478, 70.919172, 661.634738, 36.500591, 191.833578, 1611, 241015.0
479, 71.612207, 664.689816, 37.411063, 194.059844, 1549, 230955.0
480, 69.245924, 664.117466, 35.976173, 190.861289, 1586, 237302.0
481, 70.649671, 661.685213, 36.675786, 204.380159, 1589, 237656.0
482, 70.749115, 661.707141, 36.543502, 188.110163, 1606, 239352.0
483, 69.070313, 664.935382, 38.835939, 193.504529, 1610, 241068.0
484, 67.080931, 664.236938, 37.709308, 155.158956, 1636, 245086.0
485, 70.669871, 663.465216, 38.003086, 213.329751, 1606, 240458.0
486, 69.004666, 664.848463, 38.922071, 165.519773, 1622, 242660.0
487, 69.070313, 664.935382, 38.835939, 185.514126, 1608, 240570.0
488, 71.204857, 662.452518, 36.747055, 190.551362, 1566, 233892.0
489, 71.365832, 662.476591, 39.015834, 175.961524, 1601, 239315.0
490, 70.218878, 664.016960, 37.978269, 194.761107, 1578, 235894.0
491, 74.166779, 664.821455, 38.130243, 240.101835, 1546, 230741.0
492, 72.093808, 663.876883, 35.301869, 208.507896, 1556, 231971.0
493, 67.149166, 664.433553, 37.628756, 193.588758, 1628, 243503.0
494, 70.884162, 662.774640, 38.897549, 186.418415, 1593, 238035.0
495, 72.533265, 661.923754, 38.433768, 208.202595, 1552, 231589.0
496, 69.894097, 661.266379, 37.462197, 203.242839, 1633, 244586.0
497, 72.814314, 661.672621, 37.793697, 216.150267, 1547, 230900.0
498, 74.334469, 665.027998, 36.448053, 213.047811, 1545, 230467.0
499, 73.536060, 664.626670, 36.175435, 240.069016, 1515, 225555.0
500, 72.621655, 661.370094, 37.590731, 195.248947, 1567, 233995.0
501, 69.109593, 663.861874, 36.373390, 183.481558, 1623, 242823.0
502, 71.812638, 664.326401, 34.410414, 173.285409, 1563, 233533.0
503, 70.291907, 661.724302, 36.757394, 178.874998, 1620, 242426.0
504, 74.458010, 663.936457, 37.258427, 230.039649, 1533, 228178.0
505, 67.564171, 665.002233, 37.120850, 166.949641, 1623, 242985.0
506, 71.811299, 664.865804, 37.004369, 203.691550, 1544, 230431.0
507, 72.714542, 664.663852, 35.684612, 203.425748, 1541, 229768.0
508, 71.129556, 662.665695, 36.854610, 201.978767, 1583, 236489.0
509, 72.240529, 664.259553, 38.647252, 207.742208, 1558, 232836.0
510, 69.036217, 665.325806, 34.983064, 171.319007, 1626, 243210.0
511, 72.381954, 664.547405, 36.273511, 190.419182, 1555, 240690.0
512, 73.251781, 663.232921, 38.393410, 230.950147, 1536, 229274.0
513, 72.508156, 664.672978, 36.932681, 203.531927, 1535, 229064.0
514, 70.925926, 665.547846, 36.804138, 215.184664, 1554, 231588.0
515, 71.448362, 662.546370, 39.029242, 189.618807, 1548, 230897.0
516, 73.533650, 664.650215, 36.941008, 228.748413, 1535, 230119.0
517, 71.021909, 663.772916, 37.612098, 198.942941, 1594, 238985.0
518, 69.629497, 664.405799, 35.494583, 175.599872, 1625, 242864.0
519, 69.278837, 664.170010, 37.896122, 180.902754, 1616, 241815.0
520, 74.231853, 661.305744, 37.967419, 229.701744, 1528, 227653.0
521, 70.629864, 661.834195, 36.899210, 182.276734, 1599, 239003.0
522, 69.245924, 664.117466, 35.976173, 195.835146, 1601, 239615.0
523, 73.426041, 665.923059, 34.617394, 214.471016, 1530, 227973.0
524, 72.603032, 662.823458, 37.456921, 194.014390, 1558, 232243.0
525, 72.533265, 661.923754, 38.433768, 207.620922, 1563, 233598.0
526, 72.280379, 663.240265, 38.187271, 170.630508, 1604, 240028.0
527, 70.925926, 665.547846, 36.804138, 178.961092, 1566, 233903.0
528, 69.062766, 662.522226, 37.693158, 185.811286, 1609, 240667.0
529, 71.414515, 662.894038, 38.534772, 199.007415, 1541, 229631.0
530, 69.774050, 661.858953, 36.532641, 183.084285, 1617, 241688.0
531, 72.212016, 664.786035, 36.112920, 237.079339, 1529, 227890.0
532, 73.016753, 663.411837, 36.866471, 209.444452, 1549, 230571.0
533, 72.522710, 666.242228, 34.882195, 220.278188, 1538, 228547.0
534, 68.322493, 663.093424, 37.979942, 163.057934, 1624, 242899.0
535, 70.919172, 661.634738, 36.500591, 186.041807, 1603, 239483.0
536, 70.570296, 661.824086, 36.941205, 192.167984, 1587, 237106.0
537, 70.803204, 661.418446, 37.995311, 188.355742, 1605, 239989.0
538, 70.649671, 661.685213, 36.675786, 182.255366, 1635, 244848.0
539, 73.854763, 661.714415, 37.992410, 238.808047, 1532, 228501.0
540, 69.004666, 664.848463, 38.922071, 177.199185, 1624, 242762.0
541, 72.621655, 661.370094, 37.590731, 190.093815, 1561, 232968.0
542, 70.570296, 661.824086, 36.941205, 182.703106, 1616, 241681.0
543, 71.703623, 662.769719, 37.728243, 224.328141, 1589, 237417.0
544, 69.606505, 664.672704, 36.317144, 189.516274, 1603, 239906.0
545, 67.564171, 665.002233, 37.120850, 176.396307, 1626, 243300.0
546, 70.717512, 661.696726, 36.627958, 213.990463, 1589, 243254.0
547, 70.962086, 662.769846, 37.108934, 177.659071, 1598, 240392.0
548, 70.523035, 665.504369, 35.034852, 211.770518, 1594, 238794.0
549, 71.576898, 663.954338, 35.383153, 187.795719, 1600, 239724.0
550, 70.180134, 662.077591, 37.023090, 213.139636, 1592, 237624.0
551, 71.047980, 662.670254, 36.626826, 180.240922, 1589, 236993.0
552, 70.570296, 661.824086, 36.941205, 189.945696, 1620, 242415.0
553, 72.768514, 663.089866, 37.456256, 192.424703, 1542, 230019.0
554, 72.533265, 661.923754, 38.433768, 192.705713, 1561, 232648.0
555, 70.148427, 662.487632, 40.574802, 182.533783, 1604, 239840.0
556, 71.046557, 663.859506, 37.429431, 190.072389, 1588, 237548.0
557, 70.629864, 661.834195, 36.899210, 191.301379, 1603, 239665.0
558, 72.003226, 663.597066, 34.800268, 220.944596, 1542, 229874.0
559, 70.925926, 665.547846, 36.804138, 222.656485, 1562, 232603.0
560, 69.070313, 664.935382, 38.835939, 197.702549, 1623, 242536.0
561, 72.053525, 665.236549, 37.132881, 194.195359, 1548, 230995.0
562, 70.717512, 661.696726, 36.627958, 203.792748, 1603, 239542.0
563, 69.241541, 664.055462, 35.729415, 184.663348, 1612, 240898.0
564, 74.388882, 664.957084, 36.447438, 227.573188, 1537, 229424.0
565, 71.708550, 664.595603, 38.767636, 185.850118, 1575, 235315.0
566, 70.629864, 661.834195, 36.899210, 195.062806, 1608, 240399.0
567, 69.034053, 661.475850, 37.955656, 166.503113, 1631, 244268.0
568, 74.820152, 662.000548, 36.848419, 229.369808, 1529, 228059.0
569, 71.192507, 662.003688, 36.871244, 205.025201, 1592, 237872.0
570, 70.902106, 663.148020, 38.419939, 170.038264, 1605, 240069.0
571, 74.227451, 663.474525, 36.310067, 207.500315, 1531, 228128.0
572, 70.680091, 662.485814, 39.424098, 213.031330, 1552, 231429.0
573, 70.102687, 664.727220, 39.741476, 165.529240, 1618, 242037.0
574, 70.919172, 661.634738, 36.500591, 186.273423, 1598, 239104.0
575, 72.401930, 661.785569, 38.725725, 187.346409, 1571, 234757.0
576, 74.684129, 660.738972, 38.372285, 228.780080, 1540, 230056.0
577, 73.231639, 661.222110, 37.606570, 209.134637, 1543, 230257.0
578, 70.794906, 660.886588, 37.386405, 188.642661, 1586, 237281.0
579, 71.149795, 661.467305, 36.851452, 192.131774, 1566, 234122.0
580, 75.576213, 665.828892, 36.319921, 241.572721, 1521, 244688.0
581, 68.942903, 664.913760, 38.925762, 187.049153, 1620, 243161.0
582, 74.353363, 664.313797, 37.288930, 220.574776, 1516, 226528.0
583, 74.314781, 664.946931, 36.345387, 203.946187, 1548, 231586.0
584, 70.623652, 663.965874, 37.482672, 201.326703, 1583, 236966.0
585, 70.629864, 661.834195, 36.899210, 175.521449, 1626, 243788.0
586, 72.621655, 661.370094, 37.590731, 193.662899, 1550, 231561.0
587, 74.402015, 664.890072, 36.399186, 203.925199, 1524, 227928.0
588, 70.925926, 665.547846, 36.804138, 202.917982, 1560, 234002.0
589, 69.810691, 661.357304, 37.814917, 179.753930, 1621, 244230.0
590, 71.149795, 661.467305, 36.851452, 211.891091, 1563, 233737.0
591, 67.451764, 664.871613, 36.706010, 199.184354, 1626, 243329.0
592, 71.647045, 664.752418, 37.303547, 216.342419, 1555, 232303.0
593, 69.072508, 664.859976, 38.874243, 186.458329, 1623, 243336.0
594, 72.569456, 663.983088, 34.681142, 210.826721, 1549, 231165.0
595, 70.570296, 661.824086, 36.941205, 191.445053, 1606, 242077.0
596, 71.828764, 664.971777, 36.436858, 223.299045, 1530, 228174.0
597, 67.376884, 664.695682, 37.225305, 164.388463, 1628, 244245.0
598, 69.875368, 661.464469, 37.736193, 172.750873, 1628, 243500.0
599, 73.521469, 662.610394, 36.600777, 200.177659, 1545, 230401.0
600, 71.362496, 661.984957, 39.400806, 193.753838, 1563, 233943.0
601, 70.769409, 660.674685, 37.213937, 211.525032, 1602, 239725.0
602, 70.902106, 663.148020, 38.419939, 189.842795, 1584, 237185.0
603, 69.605291, 665.211078, 35.190793, 175.442492, 1625, 243542.0
604, 72.101457, 664.873261, 37.174994, 197.997090, 1540, 229765.0
605, 75.582552, 666.290193, 35.234084, 235.974150, 1513, 225402.0
606, 70.649671, 661.685213, 36.675786, 183.096953, 1617, 244317.0
607, 70.925926, 665.547846, 36.804138, 171.374961, 1594, 238149.0
608, 72.124796, 663.558882, 35.052934, 207.091102, 1560, 232903.0
609, 70.962086, 662.769846, 37.108934, 201.711483, 1595, 238976.0
610, 71.578504, 663.941617, 38.015768, 203.930521, 1566, 233664.0
611, 70.741363, 663.495695, 37.697884, 188.765588, 1597, 238822.0
612, 74.404763, 664.743508, 37.787710, 237.134783, 1516, 225891.0
613, 70.698071, 664.326697, 37.005777, 210.656498, 1585, 236994.0
614, 67.516013, 661.972947, 39.239064, 173.964144, 1632, 246607.0
615, 71.660504, 661.642453, 39.177148, 207.380513, 1559, 238373.0
616, 67.161584, 664.646402, 36.269982, 173.684382, 1624, 243642.0
617, 70.925926, 665.547846, 36.804138, 194.793567, 1581, 237171.0
618, 70.925926, 665.547846, 36.804138, 182.327142, 1589, 238612.0
619, 70.195031, 661.124275, 37.797433, 178.869505, 1618, 243575.0
620, 67.956411, 661.924999, 37.901328, 186.468019, 1630, 245419.0
621, 70.962086, 662.769846, 37.108934, 170.414584, 1597, 239297.0
622, 71.087378, 661.440529, 36.316368, 190.560106, 1600, 238367.0
623, 72.342821, 661.541402, 39.450876, 212.772784, 1575, 235420.0
624, 70.649671, 661.685213, 36.675786, 183.744265, 1616, 241767.0
625, 69.894097, 661.266379, 37.462197, 177.700366, 1629, 243665.0
626, 72.183398, 664.714567, 37.097319, 229.313345, 1524, 229861.0
627, 72.175992, 664.779597, 37.061554, 202.796331, 1555, 230790.0
628, 67.376884, 664.695682, 37.225305, 192.175328, 1627, 244559.0
629, 70.925926, 665.547846, 36.804138, 187.815587, 1582, 236472.0
630, 67.451764, 664.871613, 36.706010, 166.605482, 1633, 244623.0
631, 70.570296, 661.824086, 36.941205, 165.241516, 1618, 241937.0
632, 67.427515, 661.079353, 36.937635, 171.763364, 1632, 244415.0
633, 72.963797, 664.951852, 35.242894, 183.325561, 1543, 230523.0
634, 72.533265, 661.923754, 38.433768, 207.308308, 1559, 234271.0
635, 70.649671, 661.685213, 36.675786, 198.432712, 1610, 240730.0
636, 70.722795, 662.940037, 36.828115, 195.152486, 1556, 232011.0
637, 70.649671, 661.685213, 36.675786, 189.421982, 1626, 243494.0
638, 72.636638, 662.596713, 37.848746, 233.747432, 1542, 229934.0
639, 69.070313, 664.935382, 38.835939, 177.139030, 1617, 242207.0
640, 72.043078, 661.766839, 37.944455, 186.518902, 1595, 238845.0
641, 67.376884, 664.695682, 37.225305, 166.541570, 1628, 243938.0
642, 70.570296, 661.824086, 36.941205, 178.573385, 1614, 242862.0
643, 69.034053, 661.475850, 37.955656, 176.670234, 1622, 244124.0
644, 70.789958, 660.804737, 37.831693, 196.332277, 1575, 235278.0
645, 71.227086, 661.363783, 37.698016, 181.416075, 1589, 237426.0
646, 70.080905, 661.047843, 37.574854, 176.423315, 1609, 243797.0
647, 70.717512, 661.696726, 36.627958, 192.094706, 1584, 236548.0
648, 70.649671, 661.685213, 36.675786, 187.550090, 1623, 243520.0
649, 73.500957, 664.705941, 37.086044, 216.593169, 1524, 228333.0
650, 69.072508, 664.859976, 38.874243, 174.098888, 1623, 242732.0
651, 66.835867, 664.510857, 36.927317, 170.002550, 1635, 244648.0
652, 70.207511, 664.333017, 38.019687, 179.380852, 1617, 242009.0
653, 70.291907, 661.724302, 36.757394, 163.734022, 1633, 246841.0
654, 72.211266, 663.635576, 39.437099, 193.484293, 1551, 241243.0
655, 67.069284, 664.701540, 36.887830, 184.893191, 1629, 256091.0
656, 70.984336, 661.649476, 36.821855, 187.684903, 1580, 243913.0
657, 72.475918, 663.590409, 37.288809, 197.833721, 1576, 243115.0
658, 73.024100, 664.687723, 35.669591, 212.317336, 1539, 231275.0
659, 70.649671, 661.685213, 36.675786, 178.350971, 1611, 242883.0
660, 67.564171, 665.002233, 37.120850, 191.206489, 1640, 246982.0
661, 72.989680, 663.425813, 39.419441, 236.223761, 1532, 229947.0
662, 70.925926, 665.547846, 36.804138, 171.098878, 1617, 243436.0
663, 71.708550, 664.595603, 38.767636, 182.750242, 1580, 238419.0
664, 69.004666, 664.848463, 38.922071, 176.013378, 1616, 245465.0
665, 70.570296, 661.824086, 36.941205, 181.646877, 1626, 244003.0
666, 70.629864, 661.834195, 36.899210, 183.790984, 1601, 239656.0
667, 73.498343, 664.353028, 36.126032, 232.070763, 1538, 234718.0
668, 71.335500, 662.062545, 39.864204, 176.605614, 1575, 237086.0
669, 70.609305, 663.052301, 36.469453, 185.003986, 1616, 243023.0
670, 70.472399, 663.293346, 36.516457, 176.858020, 1625, 244155.0
671, 70.925926, 665.547846, 36.804138, 194.243743, 1571, 235042.0
672, 67.564171, 665.002233, 37.120850, 185.393782, 1624, 251195.0
673, 70.472399, 663.293346, 36.516457, 179.089181, 1603, 240316.0
674, 67.158027, 661.629760, 39.163928, 180.350116, 1617, 242074.0
675, 70.925926, 665.547846, 36.804138, 190.617584, 1589, 238221.0
676, 72.473144, 661.273177, 37.731343, 185.233975, 1539, 230316.0
677, 70.896374, 663.085060, 39.032799, 182.943061, 1582, 238814.0
678, 66.564647, 663.872379, 37.323117, 178.147994, 1630, 244829.0
679, 69.334426, 665.585277, 34.303138, 176.470362, 1616, 242452.0
680, 66.564647, 663.872379, 37.323117, 177.389441, 1621, 245104.0
681, 66.323241, 662.034391, 37.269695, 183.628436, 1625, 256485.0
682, 67.293432, 661.949801, 37.654226, 159.404609, 1620, 246657.0
683, 69.245924, 664.117466, 35.976173, 175.320107, 1620, 254882.0
684, 66.835867, 664.510857, 36.927317, 161.084218, 1622, 244770.0
685, 70.629864, 661.834195, 36.899210, 172.885132, 1594, 239157.0
686, 69.266819, 662.806609, 40.171611, 161.160689, 1621, 248490.0
687, 70.629864, 661.834195, 36.899210, 180.869167, 1618, 243276.0
688, 71.079406, 663.247874, 40.026838, 197.368846, 1564, 241260.0
689, 66.835867, 664.510857, 36.927317, 172.127717, 1623, 248264.0
690, 68.916124, 663.408993, 39.002019, 177.755715, 1623, 248374.0
691, 70.649671, 661.685213, 36.675786, 178.933469, 1618, 250958.0
692, 67.527840, 664.747513, 36.951806, 172.988100, 1621, 251053.0
693, 70.629864, 661.834195, 36.899210, 185.323141, 1617, 250697.0
694, 72.533265, 661.923754, 38.433768, 200.312288, 1557, 238642.0
695, 73.021741, 664.910159, 36.137756, 214.325397, 1539, 237256.0
696, 69.072508, 664.859976, 38.874243, 200.186852, 1619, 249121.0
697, 67.730475, 664.432309, 36.910464, 174.266558, 1619, 249384.0
698, 69.241541, 664.055462, 35.729415, 203.295699, 1586, 243582.0
699, 70.925926, 665.547846, 36.804138, 179.465120, 1597, 246697.0
700, 73.430134, 663.430464, 35.359037, 207.661385, 1544, 231372.0
701, 73.196448, 663.156342, 39.417103, 191.593763, 1534, 229876.0
702, 71.488453, 663.646289, 37.329229, 178.642573, 1553, 232160.0
703, 69.109593, 663.861874, 36.373390, 180.740009, 1624, 243900.0
704, 72.175992, 664.779597, 37.061554, 210.298315, 1538, 230305.0
705, 71.074098, 661.559037, 36.598296, 177.007808, 1602, 241344.0
706, 68.952127, 666.323289, 35.762312, 192.398672, 1609, 242322.0
707, 71.335500, 662.062545, 39.864204, 218.624349, 1540, 230665.0
708, 70.919172, 661.634738, 36.500591, 174.655542, 1597, 239655.0
709, 70.629864, 661.834195, 36.899210, 199.549403, 1603, 240614.0
710, 67.069284, 664.701540, 36.887830, 179.706114, 1621, 243356.0
711, 70.629864, 661.834195, 36.899210, 195.026449, 1614, 242344.0
712, 70.102687, 664.727220, 39.741476, 189.309774, 1612, 242280.0
713, 69.072508, 664.859976, 38.874243, 176.053241, 1615, 242195.0
714, 69.072508, 664.859976, 38.874243, 194.698874, 1616, 242595.0
715, 73.430134, 663.430464, 35.359037, 219.400697, 1546, 230778.0
716, 70.925926, 665.547846, 36.804138, 193.564088, 1566, 235544.0
717, 70.570296, 661.824086, 36.941205, 178.674201, 1597, 244155.0
718, 69.363243, 661.784945, 36.736415, 188.094326, 1621, 242962.0
719, 67.135642, 661.313267, 39.607857, 196.352052, 1618, 242650.0
720, 67.527840, 664.747513, 36.951806, 176.812178, 1617, 242274.0
721, 70.925926, 665.547846, 36.804138, 203.772150, 1553, 232373.0
722, 71.000501, 664.161856, 37.409201, 206.902773, 1593, 239274.0
723, 70.789873, 661.664964, 37.883095, 191.975690, 1607, 241224.0
724, 69.489009, 661.951783, 36.433789, 181.706905, 1633, 244790.0
725, 67.835263, 661.752583, 38.045047, 187.104198, 1622, 246057.0
726, 70.533965, 661.569366, 36.772161, 186.586332, 1628, 250217.0
727, 65.836450, 662.122700, 35.467893, 173.369489, 1635, 265261.0
728, 70.570296, 661.824086, 36.941205, 177.126637, 1617, 248459.0
729, 69.070313, 664.935382, 38.835939, 168.265458, 1609, 246992.0
730, 71.687003, 663.954137, 35.478750, 199.916352, 1576, 235275.0
731, 70.902106, 663.148020, 38.419939, 194.782948, 1564, 234863.0
732, 71.468093, 661.696730, 36.792304, 181.962022, 1561, 238645.0
733, 67.732783, 664.288177, 35.826471, 177.207473, 1617, 249563.0
734, 71.900011, 664.906621, 36.223191, 209.310383, 1520, 227174.0
735, 70.533965, 661.569366, 36.772161, 171.714351, 1628, 243502.0
736, 68.327174, 664.660680, 37.461120, 159.046234, 1632, 247328.0
737, 70.629864, 661.834195, 36.899210, 189.680789, 1609, 246782.0
738, 66.990414, 664.818129, 36.198725, 170.771807, 1627, 245433.0
739, 70.629864, 661.834195, 36.899210, 206.344491, 1605, 240406.0
740, 66.835867, 664.510857, 36.927317, 167.738155, 1629, 247483.0
741, 70.207511, 664.333017, 38.019687, 187.415302, 1602, 242411.0
742, 68.017944, 662.711196, 37.754653, 153.812572, 1632, 246505.0
743, 69.245924, 664.117466, 35.976173, 185.445731, 1600, 242942.0
744, 69.402164, 664.180989, 37.221097, 188.194039, 1602, 243839.0
745, 67.732783, 664.288177, 35.826471, 166.460299, 1623, 249766.0
746, 69.245924, 664.117466, 35.976173, 185.702039, 1600, 242016.0
747, 70.629864, 661.834195, 36.899210, 183.205894, 1615, 241896.0
748, 67.451764, 664.871613, 36.706010, 169.444022, 1620, 250416.0
749, 67.087805, 664.602438, 37.448404, 157.422175, 1621, 246255.0
750, 69.875368, 661.464469, 37.736193, 173.286700, 1621, 252748.0
751, 69.741036, 664.793136, 36.372197, 174.473431, 1620, 242928.0
752, 67.712798, 660.800254, 38.830273, 161.613365, 1635, 251460.0
753, 68.717456, 664.051062, 38.919158, 168.792767, 1614, 244532.0
754, 67.897600, 661.496416, 38.146794, 168.345553, 1627, 245472.0
755, 66.835867, 664.510857, 36.927317, 158.444359, 1630, 253791.0
756, 68.709289, 660.454136, 37.973696, 171.487294, 1629, 253156.0
757, 67.959099, 664.076044, 38.486092, 178.558382, 1627, 251341.0
758, 69.014477, 665.899538, 34.419035, 163.866546, 1621, 243682.0
759, 67.937383, 665.062549, 35.639256, 169.701023, 1633, 253405.0
760, 69.278837, 664.170010, 37.896122, 185.911672, 1634, 246789.0
761, 69.020960, 664.485246, 35.040660, 171.119947, 1631, 247281.0
762, 70.207511, 664.333017, 38.019687, 181.898473, 1620, 242614.0
763, 73.039970, 662.029649, 36.712516, 192.819608, 1553, 232633.0
764, 70.323807, 661.947958, 36.905823, 161.439838, 1629, 248960.0
765, 70.925926, 665.547846, 36.804138, 189.938976, 1555, 232215.0
766, 70.717512, 661.696726, 36.627958, 176.433615, 1604, 239889.0
767, 69.379510, 664.230443, 37.561250, 193.042286, 1603, 242308.0
768, 68.942903, 664.913760, 38.925762, 166.957287, 1621, 246449.0
769, 70.523566, 663.832807, 37.291597, 201.220366, 1579, 239780.0
770, 69.733067, 661.872206, 36.591136, 187.138318, 1626, 247792.0
771, 69.363243, 661.784945, 36.736415, 169.832729, 1626, 245200.0
772, 67.915710, 663.519849, 40.156397, 182.798781, 1627, 252710.0
773, 72.518306, 663.526913, 36.562232, 199.070437, 1552, 237898.0
774, 70.717512, 661.696726, 36.627958, 186.664454, 1606, 241349.0
775, 69.134917, 661.158396, 37.947884, 171.992489, 1632, 246342.0
776, 70.609305, 663.052301, 36.469453, 170.985935, 1622, 242700.0
777, 69.939512, 660.903316, 37.510427, 202.435801, 1586, 237498.0
778, 67.527840, 664.747513, 36.951806, 172.457328, 1621, 249012.0
779, 71.547711, 662.354772, 36.946292, 186.842937, 1550, 234432.0
780, 67.762375, 664.655966, 37.058893, 170.793580, 1629, 243349.0
781, 71.336857, 662.476644, 38.990676, 199.300641, 1600, 238815.0
782, 71.311203, 662.562530, 36.680180, 164.998536, 1570, 234521.0
783, 70.925926, 665.547846, 36.804138, 199.243261, 1550, 234273.0
784, 69.034053, 661.475850, 37.955656, 167.772813, 1627, 260649.0
785, 68.549649, 661.059073, 37.844664, 184.053400, 1611, 242775.0
786, 68.322493, 663.093424, 37.979942, 160.198903, 1631, 245613.0
787, 71.082508, 661.598491, 36.561732, 195.794063, 1551, 232551.0
788, 67.409706, 664.610194, 36.076287, 174.093113, 1627, 244776.0
789, 68.707470, 663.814616, 37.755602, 168.645142, 1632, 244825.0
790, 67.376884, 664.695682, 37.225305, 161.343609, 1627, 243398.0
791, 68.530691, 662.681924, 36.944255, 166.831072, 1636, 244450.0
792, 70.649671, 661.685213, 36.675786, 180.983249, 1622, 243096.0
793, 70.067524, 660.337192, 36.836324, 171.004407, 1615, 241656.0
794, 67.477268, 662.035098, 37.722047, 153.991159, 1617, 242162.0
795, 70.570296, 661.824086, 36.941205, 191.628543, 1619, 242203.0
796, 71.075524, 663.892361, 37.677266, 193.835292, 1602, 239297.0
797, 67.564171, 665.002233, 37.120850, 161.068444, 1630, 244166.0
798, 66.802407, 662.030369, 37.167628, 161.574163, 1633, 244258.0
799, 69.072508, 664.859976, 38.874243, 172.746221, 1624, 243952.0
800, 69.216109, 665.233433, 34.976372, 183.203890, 1625, 244958.0
801, 69.802799, 664.727839, 36.368506, 158.212510, 1631, 246249.0
802, 67.293432, 661.949801, 37.654226, 165.522606, 1630, 245213.0
803, 71.811299, 664.865804, 37.004369, 208.428942, 1551, 233987.0
804, 70.925926, 665.547846, 36.804138, 199.772900, 1573, 236544.0
805, 71.000101, 661.628173, 36.843862, 190.102973, 1599, 240560.0
806, 67.330822, 664.453399, 36.704488, 189.748986, 1606, 241980.0
807, 69.239041, 664.141341, 35.685791, 196.269513, 1602, 240693.0
808, 69.245924, 664.117466, 35.976173, 172.706521, 1613, 242621.0
809, 69.245924, 664.117466, 35.976173, 187.969413, 1603, 243903.0
810, 66.557628, 663.875866, 37.392997, 166.052048, 1631, 247085.0
811, 69.741036, 664.793136, 36.372197, 166.959783, 1619, 243850.0
812, 69.894097, 661.266379, 37.462197, 167.012936, 1622, 249214.0
813, 70.912023, 661.781703, 36.553088, 185.739832, 1584, 236602.0
814, 67.991928, 663.201429, 39.023695, 190.427744, 1626, 246025.0
815, 69.004666, 664.848463, 38.922071, 192.758987, 1619, 243476.0
816, 69.004666, 664.848463, 38.922071, 174.037476, 1617, 241574.0
817, 70.925926, 665.547846, 36.804138, 201.045812, 1560, 233385.0
818, 68.186100, 662.105324, 36.959412, 176.939763, 1622, 258994.0
819, 69.072508, 664.859976, 38.874243, 180.698456, 1623, 244882.0
820, 69.004666, 664.848463, 38.922071, 180.894781, 1622, 243852.0
821, 70.717512, 661.696726, 36.627958, 186.110598, 1602, 241601.0
822, 71.450896, 662.729933, 39.073620, 186.611107, 1595, 240446.0
823, 70.962086, 662.769846, 37.108934, 187.293377, 1596, 240856.0
824, 70.418474, 661.026560, 37.352799, 200.766424, 1596, 239956.0
825, 70.649671, 661.685213, 36.675786, 201.359657, 1600, 239977.0
826, 69.034053, 661.475850, 37.955656, 172.360973, 1622, 242733.0
827, 67.067145, 664.521927, 36.427371, 175.588336, 1630, 243278.0
828, 66.028470, 660.852788, 40.233026, 164.507065, 1618, 241223.0
829, 69.363243, 661.784945, 36.736415, 182.195076, 1613, 240350.0
830, 69.810691, 661.357304, 37.814917, 150.804495, 1629, 243959.0
831, 69.134917, 661.158396, 37.947884, 169.264785, 1634, 244890.0
832, 67.732783, 664.288177, 35.826471, 199.711096, 1627, 243244.0
833, 70.876165, 662.604483, 39.417981, 194.602833, 1612, 241073.0
834, 67.564171, 665.002233, 37.120850, 181.132367, 1626, 243176.0
835, 68.647884, 663.020045, 33.947379, 186.228518, 1618, 241891.0
836, 69.004666, 664.848463, 38.922071, 168.057559, 1624, 242610.0
837, 70.717512, 661.696726, 36.627958, 171.092758, 1604, 240830.0
838, 69.004666, 664.848463, 38.922071, 175.132556, 1631, 243742.0
839, 70.629864, 661.834195, 36.899210, 201.289643, 1605, 239964.0
840, 67.732783, 664.288177, 35.826471, 181.838844, 1624, 243025.0
841, 68.770487, 664.628429, 37.056433, 188.386092, 1609, 240958.0
842, 72.652557, 661.798083, 38.305265, 191.493927, 1563, 233437.0
843, 66.408008, 663.848188, 37.495847, 164.797373, 1632, 243661.0
844, 67.301607, 664.666729, 36.068172, 176.134441, 1615, 241371.0
845, 68.219828, 662.149779, 36.903202, 169.149372, 1628, 243335.0
846, 69.664673, 660.843337, 37.613931, 177.854786, 1624, 243131.0
847, 70.570296, 661.824086, 36.941205, 162.986382, 1629, 244013.0
848, 67.333944, 664.467642, 36.171734, 172.857347, 1630, 243607.0
849, 70.533965, 661.569366, 36.772161, 161.530283, 1618, 241864.0
850, 66.885808, 664.211509, 36.403424, 173.312660, 1619, 246719.0
851, 71.753390, 662.873997, 37.694852, 198.745815, 1595, 238638.0
852, 66.835867, 664.510857, 36.927317, 166.619995, 1631, 253781.0
853, 70.629864, 661.834195, 36.899210, 161.098926, 1619, 242516.0
854, 67.239216, 664.422692, 35.928683, 377.320539, 1597, 240287.0
855, 71.543601, 663.283513, 36.246535, 182.910814, 1572, 234718.0
856, 67.449049, 660.824888, 39.696109, 152.280300, 1624, 243030.0
857, 67.383178, 661.831898, 38.471311, 150.212293, 1634, 244666.0
858, 69.034053, 661.475850, 37.955656, 162.194424, 1629, 243855.0
859, 67.230469, 662.103311, 35.961351, 172.450055, 1619, 245026.0
860, 70.296087, 664.613088, 34.492159, 205.435032, 1557, 232046.0
861, 66.835867, 664.510857, 36.927317, 181.317513, 1624, 242819.0
862, 67.514280, 663.115240, 34.851163, 192.181181, 1625, 243093.0
863, 67.135642, 661.313267, 39.607857, 168.559456, 1632, 244085.0
864, 67.564171, 665.002233, 37.120850, 183.538800, 1622, 242886.0
865, 70.570296, 661.824086, 36.941205, 173.346620, 1621, 242604.0
866, 70.930833, 661.530682, 36.253045, 185.179644, 1601, 239328.0
867, 67.730475, 664.432309, 36.910464, 160.284900, 1626, 243472.0
868, 72.175992, 664.779597, 37.061554, 200.255610, 1547, 231309.0
869, 70.570296, 661.824086, 36.941205, 190.897860, 1600, 240981.0
870, 70.574811, 663.666416, 37.556232, 186.273423, 1598, 238493.0
871, 68.633269, 663.617646, 37.103088, 173.134919, 1627, 244089.0
872, 70.919172, 661.634738, 36.500591, 180.053925, 1601, 248504.0
873, 71.362496, 661.984957, 39.400806, 184.909389, 1559, 288416.0
874, 67.596513, 664.579258, 38.862981, 176.859039, 1629, 251758.0
875, 72.626820, 661.359393, 37.510833, 203.212624, 1558, 232438.0
876, 69.934227, 663.796945, 37.475234, 191.935492, 1578, 235952.0
877, 66.835867, 664.510857, 36.927317, 184.556362, 1627, 243528.0
878, 70.629864, 661.834195, 36.899210, 183.332578, 1620, 242339.0
879, 69.774942, 664.258463, 36.713171, 183.325274, 1592, 237199.0
880, 68.284591, 662.260642, 36.911755, 145.147660, 1634, 244332.0
881, 69.241541, 664.055462, 35.729415, 174.804391, 1602, 239356.0
882, 69.741036, 664.793136, 36.372197, 166.690839, 1624, 242803.0
883, 70.207511, 664.333017, 38.019687, 175.825757, 1620, 241934.0
884, 67.038211, 664.805356, 36.018719, 173.424159, 1626, 242860.0
885, 68.728320, 660.505581, 39.895186, 174.673197, 1598, 253645.0
886, 71.074098, 661.559037, 36.598296, 198.200172, 1575, 236062.0
887, 69.004666, 664.848463, 38.922071, 155.194579, 1613, 242505.0
888, 70.533965, 661.569366, 36.772161, 180.237065, 1614, 242373.0
889, 69.184672, 660.715805, 37.224724, 154.073820, 1630, 243438.0
890, 70.649671, 661.685213, 36.675786, 165.233976, 1619, 241789.0
891, 70.429628, 662.844346, 36.277668, 184.891742, 1619, 242223.0
892, 71.323443, 662.466849, 37.734522, 195.195851, 1598, 239007.0
893, 69.245924, 664.117466, 35.976173, 181.217636, 1594, 239395.0
894, 69.664673, 660.843337, 37.613931, 181.535864, 1620, 244058.0
895, 69.875368, 661.464469, 37.736193, 171.414282, 1633, 243473.0
896, 71.149795, 661.467305, 36.851452, 195.884160, 1570, 234440.0
897, 68.297164, 661.898149, 36.910377, 179.625614, 1627, 242851.0
898, 70.902106, 663.148020, 38.419939, 163.942392, 1570, 235280.0
899, 66.703768, 664.066411, 37.451193, 184.023912, 1632, 245606.0
900, 67.293432, 661.949801, 37.654226, 166.952072, 1624, 243729.0
901, 70.067725, 660.811805, 37.483693, 167.995687, 1612, 242824.0
902, 69.034053, 661.475850, 37.955656, 163.868882, 1625, 243257.0
903, 69.802799, 664.727839, 36.368506, 160.967564, 1626, 244654.0
904, 72.710015, 661.361951, 38.807114, 179.702591, 1579, 237468.0
905, 68.549649, 661.059073, 37.844664, 177.337721, 1603, 240950.0
906, 72.475918, 663.590409, 37.288809, 193.609926, 1555, 233176.0
907, 70.629864, 661.834195, 36.899210, 157.014451, 1592, 238912.0
908, 65.384022, 663.211288, 40.069535, 152.638923, 1624, 244748.0
909, 69.985913, 661.151397, 37.976563, 172.054618, 1630, 245502.0
910, 67.037455, 664.912847, 37.027956, 153.391420, 1633, 245994.0
911, 70.717512, 661.696726, 36.627958, 169.768157, 1609, 242016.0
912, 67.910425, 664.028989, 35.922365, 169.690587, 1629, 244091.0
913, 70.925926, 665.547846, 36.804138, 199.777937, 1551, 232890.0
914, 70.570296, 661.824086, 36.941205, 166.774137, 1619, 241753.0
915, 72.501911, 661.617888, 38.178806, 202.814346, 1563, 234224.0
916, 69.291630, 659.886548, 39.752869, 154.599686, 1621, 244245.0
917, 72.967606, 663.265854, 37.049562, 192.946894, 1561, 234210.0
918, 70.962086, 662.769846, 37.108934, 186.107256, 1597, 242261.0
919, 66.933880, 663.605874, 36.688901, 161.750619, 1630, 250103.0
920, 69.004666, 664.848463, 38.922071, 195.056937, 1601, 240382.0
921, 66.428406, 661.479232, 39.276088, 161.293470, 1621, 244241.0
922, 69.363243, 661.784945, 36.736415, 163.322014, 1626, 244936.0
923, 67.527840, 664.747513, 36.951806, 171.993493, 1636, 246164.0
924, 71.392696, 661.903069, 36.364056, 198.573432, 1560, 234479.0
925, 72.385333, 662.942429, 34.540088, 187.516625, 1540, 229829.0
926, 65.100061, 662.672747, 36.193371, 192.711202, 1610, 240598.0
927, 70.207511, 664.333017, 38.019687, 184.209843, 1610, 241062.0
928, 69.245924, 664.117466, 35.976173, 178.525686, 1600, 239144.0
929, 70.291907, 661.724302, 36.757394, 164.509176, 1627, 243742.0
930, 69.629497, 664.405799, 35.494583, 176.454614, 1615, 240579.0
931, 70.071129, 664.280787, 37.964819, 184.975693, 1596, 237487.0
932, 66.582773, 662.249565, 36.938815, 190.889601, 1623, 242144.0
933, 70.570296, 661.824086, 36.941205, 169.823209, 1604, 239587.0
934, 67.222537, 661.737624, 38.399132, 160.977838, 1631, 243733.0
935, 71.074098, 661.559037, 36.598296, 176.310768, 1596, 238801.0
936, 70.080905, 661.047843, 37.574854, 159.973730, 1623, 243005.0
937, 71.970481, 664.565182, 34.343953, 205.507360, 1560, 232535.0
938, 73.450195, 662.408377, 36.460832, 209.035443, 1533, 228337.0
939, 70.570296, 661.824086, 36.941205, 187.327235, 1611, 240935.0
940, 69.004666, 664.848463, 38.922071, 177.292665, 1622, 242888.0
941, 69.245924, 664.117466, 35.976173, 181.363385, 1616, 243053.0
942, 69.072508, 664.859976, 38.874243, 180.292244, 1609, 241747.0
943, 70.662927, 664.423388, 36.465117, 197.083934, 1572, 236620.0
944, 66.988834, 664.752162, 36.343295, 184.541473, 1629, 245637.0
945, 70.629864, 661.834195, 36.899210, 172.140245, 1621, 244035.0
946, 69.748975, 663.892188, 38.660600, 166.521638, 1612, 243009.0
947, 69.843411, 664.294642, 35.515093, 148.022050, 1626, 245003.0
948, 71.082508, 661.598491, 36.561732, 212.674024, 1546, 230689.0
949, 69.243729, 664.192872, 35.937869, 169.717076, 1617, 241657.0
950, 74.334469, 665.027998, 36.448053, 199.497870, 1537, 229505.0
951, 67.409706, 664.610194, 36.076287, 192.281136, 1615, 241885.0
952, 67.514280, 663.115240, 34.851163, 178.684354, 1631, 245307.0
953, 70.649671, 661.685213, 36.675786, 181.407621, 1603, 244980.0
954, 70.717512, 661.696726, 36.627958, 195.332944, 1596, 242610.0
955, 69.004666, 664.848463, 38.922071, 177.132392, 1615, 245180.0
956, 71.934303, 663.847384, 34.492468, 196.767712, 1545, 230128.0
957, 69.843411, 664.294642, 35.515093, 175.893304, 1619, 242277.0
958, 70.570296, 661.824086, 36.941205, 156.796283, 1629, 244895.0
959, 70.193024, 662.758013, 38.427578, 173.950582, 1636, 246055.0
960, 67.106968, 664.848079, 36.775382, 160.174096, 1627, 244825.0
961, 69.109593, 663.861874, 36.373390, 161.225981, 1628, 244864.0
962, 69.720298, 661.656624, 37.906087, 187.132030, 1626, 244668.0
963, 67.376884, 664.695682, 37.225305, 173.599467, 1627, 244740.0
964, 71.149795, 661.467305, 36.851452, 176.918564, 1602, 241351.0
965, 67.228827, 664.288911, 37.447324, 153.553247, 1638, 245130.0
966, 69.802799, 664.727839, 36.368506, 161.466077, 1624, 243164.0
967, 69.245924, 664.117466, 35.976173, 166.769780, 1619, 242178.0
968, 69.810691, 661.357304, 37.814917, 156.272850, 1629, 243569.0
969, 69.843411, 664.294642, 35.515093, 164.473501, 1624, 243056.0
970, 69.363243, 661.784945, 36.736415, 168.815302, 1623, 243130.0
971, 69.245924, 664.117466, 35.976173, 154.676558, 1627, 244015.0
972, 68.322493, 663.093424, 37.979942, 143.954220, 1635, 246804.0
973, 69.810691, 661.357304, 37.814917, 156.806726, 1631, 246016.0
974, 70.523761, 663.996551, 37.424115, 197.210920, 1600, 240614.0
975, 69.641101, 663.365036, 37.992232, 183.230728, 1600, 240961.0
976, 65.959958, 662.256673, 36.598030, 143.594609, 1617, 243395.0
977, 70.979670, 663.011733, 39.348406, 185.328093, 1561, 234194.0
978, 68.322493, 663.093424, 37.979942, 151.135962, 1629, 244474.0
979, 68.655693, 664.116359, 38.922848, 180.449895, 1619, 242308.0
980, 72.383916, 664.999780, 36.954423, 205.765597, 1534, 228402.0
981, 69.894097, 661.266379, 37.462197, 170.363272, 1631, 246545.0
982, 70.472399, 663.293346, 36.516457, 176.040005, 1607, 240541.0
983, 69.072508, 664.859976, 38.874243, 184.425928, 1587, 237262.0
984, 70.523566, 663.832807, 37.291597, 172.587684, 1595, 238295.0
985, 69.062766, 662.522226, 37.693158, 182.356657, 1615, 241785.0
986, 68.942903, 664.913760, 38.925762, 167.657411, 1620, 242055.0
987, 70.102687, 664.727220, 39.741476, 173.419654, 1603, 244006.0
988, 66.704579, 664.252347, 37.983001, 156.906800, 1626, 244067.0
989, 67.010342, 664.278825, 36.284458, 197.448801, 1630, 244043.0
990, 69.004666, 664.848463, 38.922071, 172.547698, 1620, 242463.0
991, 70.902106, 663.148020, 38.419939, 164.925612, 1607, 240933.0
992, 68.608348, 662.422140, 36.925957, 171.355277, 1634, 244447.0
993, 69.070313, 664.935382, 38.835939, 179.607164, 1619, 242345.0
994, 71.335500, 662.062545, 39.864204, 173.927180, 1592, 238283.0
995, 66.835867, 664.510857, 36.927317, 163.072505, 1628, 243600.0
996, 71.204857, 662.452518, 36.747055, 176.387230, 1596, 238612.0
997, 70.570296, 661.824086, 36.941205, 181.136210, 1592, 238182.0
998, 69.004666, 664.848463, 38.922071, 181.504663, 1616, 241746.0
999, 71.120775, 663.543108, 37.912136, 185.483697, 1589, 237623.0
