#idx, x0, x1, x2, y, f_neval, total_time (us), 
0, 70.788439, 665.016986, 36.516378, 176.548147, 2638, 398333.0
1, 72.352121, 663.661135, 37.728483, 205.271081, 2539, 385154.0
2, 72.269912, 663.210947, 36.920526, 199.600540, 2536, 389963.0
3, 70.228128, 663.751280, 36.609178, 204.772250, 2613, 402436.0
4, 71.979924, 664.382844, 36.107883, 219.566667, 2517, 381373.0
5, 70.761890, 663.725433, 36.916966, 210.184958, 2552, 401008.0
6, 71.961345, 663.712534, 38.287909, 197.896091, 2567, 387128.0
7, 73.589347, 662.252832, 37.259935, 210.618840, 2523, 386682.0
8, 72.221337, 664.967146, 36.864448, 204.668520, 2516, 385062.0
9, 72.538229, 663.987466, 36.921544, 220.345597, 2502, 381859.0
10, 75.288172, 663.770891, 36.947428, 232.497264, 2521, 381239.0
11, 72.374062, 663.737126, 36.316870, 197.783834, 2514, 379017.0
12, 71.527122, 663.365113, 38.161228, 185.727793, 2594, 404993.0
13, 72.441373, 664.820876, 36.775879, 234.403547, 2483, 379416.0
14, 72.239522, 662.111857, 37.488846, 214.500359, 2522, 397221.0
15, 70.099699, 664.589615, 37.651800, 177.259207, 2660, 413620.0
16, 70.086001, 663.481495, 37.349464, 175.978964, 2675, 404039.0
17, 71.408362, 665.044540, 36.056856, 194.919993, 2514, 405896.0
18, 68.906662, 662.778823, 36.640452, 204.839020, 2645, 398762.0
19, 73.989276, 663.947441, 37.309210, 231.926367, 2513, 393005.0
20, 72.770519, 663.387506, 37.667377, 205.549025, 2555, 395671.0
21, 72.517959, 663.621931, 36.869760, 185.949603, 2568, 389069.0
22, 68.915053, 664.167696, 36.913225, 186.380578, 2663, 405948.0
23, 73.126297, 661.901915, 38.507008, 218.739923, 2518, 373291.0
24, 72.487988, 662.650907, 37.458717, 217.243840, 2493, 380799.0
25, 70.793538, 663.687343, 39.123398, 197.073733, 2586, 395051.0
26, 74.571195, 664.350090, 36.972935, 223.094984, 2514, 386715.0
27, 70.828645, 664.681384, 36.708720, 185.394416, 2619, 398213.0
28, 71.382729, 662.153561, 37.797766, 187.150773, 2648, 407791.0
29, 72.475428, 663.755509, 36.784139, 198.854264, 2504, 377112.0
30, 70.227384, 663.623664, 37.342731, 176.351318, 2627, 399317.0
31, 69.602480, 663.621907, 37.924080, 200.233287, 2633, 395226.0
32, 69.847886, 663.949377, 37.993442, 183.263397, 2617, 395657.0
33, 70.895513, 661.974832, 38.022200, 176.887147, 2573, 386842.0
34, 70.068390, 662.695493, 37.987223, 182.261696, 2618, 394488.0
35, 73.719595, 663.274965, 37.708829, 212.786856, 2534, 382307.0
36, 71.869121, 662.914544, 38.856866, 192.062903, 2523, 380217.0
37, 68.646079, 662.135208, 37.680163, 179.480505, 2681, 407351.0
38, 70.529506, 664.286136, 36.763469, 203.694956, 2602, 386099.0
39, 68.061345, 662.613630, 37.553502, 166.892772, 2677, 398060.0
40, 71.837262, 662.990207, 37.605150, 191.250461, 2531, 383414.0
41, 71.296700, 664.031049, 36.369837, 181.502928, 2563, 397785.0
42, 68.412044, 662.324303, 38.239266, 185.795620, 2676, 420465.0
43, 72.658807, 662.920099, 37.169755, 206.825957, 2573, 400304.0
44, 71.242674, 663.422955, 38.471345, 169.572569, 2589, 412505.0
45, 69.236338, 662.805515, 38.351502, 191.082199, 2624, 413765.0
46, 69.971624, 664.877134, 36.079501, 198.442283, 2653, 397896.0
47, 71.349674, 663.963772, 36.838128, 193.546173, 2548, 393517.0
48, 69.167820, 663.078678, 37.377919, 187.524045, 2609, 403671.0
49, 72.026275, 662.980362, 36.874176, 186.530338, 2560, 404698.0
50, 72.450411, 664.038667, 36.262507, 183.358796, 2539, 394227.0
51, 72.588296, 664.591090, 37.268287, 199.230636, 2546, 394365.0
52, 66.486902, 663.373738, 36.487775, 165.066723, 2652, 407708.0
53, 70.770713, 663.312956, 37.025652, 222.171727, 2480, 375771.0
54, 71.474117, 663.382572, 38.103328, 203.277313, 2543, 391489.0
55, 68.858478, 664.071764, 37.998754, 168.849775, 2686, 408646.0
56, 70.998085, 663.979827, 38.247870, 192.402550, 2603, 390952.0
57, 68.698355, 662.364547, 36.829513, 173.282935, 2659, 395931.0
58, 70.217600, 663.575069, 38.087266, 187.025486, 2634, 392739.0
59, 68.852016, 663.848772, 38.233753, 174.173848, 2667, 398532.0
60, 71.982294, 664.240212, 37.281243, 190.272556, 2541, 388787.0
61, 69.014322, 663.263913, 37.670502, 153.847616, 2666, 401791.0
62, 68.960502, 662.340442, 38.107483, 162.915788, 2669, 412140.0
63, 68.256564, 663.857362, 36.714495, 179.957880, 2663, 418899.0
64, 70.624327, 664.676587, 37.399976, 189.417501, 2623, 412709.0
65, 67.518079, 663.073782, 36.768986, 180.978854, 2664, 409435.0
66, 68.510352, 662.079723, 37.662666, 171.425750, 2664, 405800.0
67, 72.763672, 663.137444, 36.679109, 214.192681, 2483, 387389.0
68, 66.627128, 662.631751, 37.688822, 183.678443, 2652, 409419.0
69, 69.118515, 663.362386, 37.511930, 207.663286, 2590, 395204.0
70, 68.518937, 663.404248, 36.737161, 165.712189, 2674, 411098.0
71, 69.991910, 664.991290, 36.672400, 191.967514, 2674, 408925.0
72, 71.281096, 663.515042, 37.564195, 199.920555, 2527, 392170.0
73, 64.999405, 663.124639, 36.921710, 183.246571, 2639, 403633.0
74, 69.929574, 663.460862, 36.917121, 175.202535, 2665, 407196.0
75, 70.008933, 663.241870, 38.142545, 185.759447, 2668, 400671.0
76, 67.079384, 663.497477, 36.676152, 185.308357, 2595, 389702.0
77, 67.425024, 663.187749, 37.341427, 163.790222, 2677, 405362.0
78, 70.114231, 662.559866, 37.249896, 181.199262, 2670, 406501.0
79, 70.570574, 662.051240, 38.333091, 204.104547, 2578, 405199.0
80, 67.690738, 663.235736, 37.118721, 168.352667, 2670, 415577.0
81, 68.513235, 663.042479, 38.096086, 161.825886, 2667, 406996.0
82, 68.887027, 663.399341, 36.319658, 159.513668, 2692, 411631.0
83, 71.282485, 664.106250, 36.293931, 190.070531, 2653, 401295.0
84, 68.338264, 661.963087, 37.858821, 178.050001, 2682, 405167.0
85, 70.646523, 665.206508, 36.581867, 204.634952, 2559, 394638.0
86, 68.165337, 663.327156, 37.617109, 173.696932, 2632, 410958.0
87, 67.744859, 663.410064, 36.349656, 170.739376, 2641, 398665.0
88, 67.403032, 663.112757, 37.355729, 174.128973, 2639, 394838.0
89, 68.567690, 664.834593, 36.196289, 156.854055, 2701, 403612.0
90, 72.115697, 663.930291, 35.693506, 214.586913, 2526, 378075.0
91, 68.170446, 662.321444, 38.152826, 176.562452, 2645, 401615.0
92, 67.913627, 662.025623, 38.177848, 187.124264, 2676, 406872.0
93, 67.210737, 662.639967, 37.209656, 193.782384, 2638, 407819.0
94, 70.212660, 664.407414, 36.273382, 171.964317, 2663, 403778.0
95, 69.622894, 662.911922, 38.304111, 166.797346, 2663, 403722.0
96, 68.435556, 664.270595, 36.174173, 172.465179, 2698, 401622.0
97, 69.132674, 664.458160, 36.396334, 175.278371, 2681, 408393.0
98, 69.567247, 662.665428, 37.036638, 164.345680, 2701, 410265.0
99, 68.271634, 664.591135, 37.121143, 181.152968, 2632, 401445.0
100, 66.393415, 662.531838, 37.375746, 170.261092, 2642, 407754.0
101, 69.998302, 663.055831, 36.640129, 202.653537, 2605, 400810.0
102, 67.425925, 662.857869, 37.748607, 162.265814, 2657, 410337.0
103, 68.006850, 663.076766, 38.877470, 174.208505, 2701, 410712.0
104, 69.869667, 664.367221, 35.854904, 180.968089, 2666, 408921.0
105, 68.122082, 663.242423, 37.392996, 188.206057, 2631, 406086.0
106, 71.233976, 664.962091, 36.551706, 195.760588, 2568, 393619.0
107, 70.733074, 662.546700, 38.603554, 181.167673, 2628, 401752.0
108, 68.409259, 663.691840, 37.452167, 188.035480, 2615, 401106.0
109, 69.016862, 663.881716, 37.672785, 177.959760, 2662, 408246.0
110, 68.755685, 664.523726, 37.261860, 177.555059, 2660, 406306.0
111, 69.842148, 663.562583, 37.097166, 184.016730, 2614, 413147.0
112, 69.648573, 662.201933, 38.009363, 189.502717, 2645, 401993.0
113, 69.506046, 663.225611, 38.535748, 161.672803, 2686, 418620.0
114, 71.724605, 664.467533, 36.816113, 198.389591, 2548, 390839.0
115, 67.252059, 662.650656, 38.301651, 168.815334, 2663, 400000.0
116, 72.100021, 664.882373, 36.375331, 223.619428, 2503, 381324.0
117, 70.456692, 664.532292, 35.888627, 217.016331, 2558, 394909.0
118, 68.460657, 663.004956, 38.504444, 193.869149, 2672, 411760.0
119, 66.122881, 663.643625, 37.442086, 150.769706, 2679, 415106.0
120, 66.860553, 663.052053, 37.845556, 158.234109, 2662, 409050.0
121, 66.915867, 663.926286, 36.150148, 178.489034, 2622, 391607.0
122, 71.544103, 662.541320, 37.691182, 205.043210, 2515, 373614.0
123, 69.938575, 663.196401, 38.110683, 177.680806, 2660, 402998.0
124, 70.090317, 662.970349, 37.410199, 163.033848, 2631, 399518.0
125, 68.328642, 662.361299, 38.493936, 184.810380, 2659, 402026.0
126, 68.100275, 662.841581, 38.935256, 180.878397, 2666, 410684.0
127, 66.770611, 662.468533, 37.349149, 171.694493, 2641, 398760.0
128, 70.808460, 664.228257, 36.963585, 191.908468, 2629, 402847.0
129, 69.961696, 663.320444, 36.893940, 184.279429, 2632, 409712.0
130, 69.907833, 664.692496, 36.800620, 175.702189, 2664, 410448.0
131, 70.946449, 663.192481, 38.085904, 199.686577, 2554, 391865.0
132, 71.545726, 662.255701, 38.527006, 193.068593, 2569, 385213.0
133, 68.202486, 664.115868, 36.530989, 159.281716, 2661, 397811.0
134, 69.303225, 664.120364, 35.246122, 198.476554, 2669, 397906.0
135, 71.652995, 664.895832, 36.298004, 215.918970, 2534, 376366.0
136, 71.537333, 662.156458, 37.515599, 202.564115, 2545, 379597.0
137, 69.745080, 663.594750, 36.974743, 179.011744, 2653, 396223.0
138, 68.147662, 662.800553, 36.935650, 166.138354, 2681, 400983.0
139, 71.118137, 663.156903, 37.915863, 199.327341, 2559, 384124.0
140, 69.087269, 664.973563, 35.997294, 184.991996, 2701, 403855.0
141, 70.684805, 663.443937, 35.726363, 183.497844, 2643, 399931.0
142, 71.085017, 663.585005, 38.341683, 183.146972, 2605, 411359.0
143, 69.578700, 662.846342, 37.040271, 178.392673, 2627, 394828.0
144, 73.715885, 663.332583, 37.407419, 203.733229, 2527, 377155.0
145, 68.929361, 664.698014, 36.230005, 188.230392, 2686, 400745.0
146, 68.712957, 664.329729, 36.700925, 170.274901, 2657, 397757.0
147, 73.369072, 664.334731, 36.669231, 217.635493, 2536, 377046.0
148, 69.068014, 662.951578, 36.586496, 179.674956, 2682, 401446.0
149, 73.172540, 662.876194, 37.157954, 206.572289, 2568, 382786.0
150, 66.919219, 662.448758, 37.269880, 191.533146, 2589, 386518.0
151, 71.472541, 662.757322, 36.956686, 211.956207, 2566, 382647.0
152, 72.911707, 662.606155, 38.516012, 203.598527, 2535, 377387.0
153, 70.634981, 663.636664, 37.029788, 189.072560, 2627, 392785.0
154, 68.943604, 664.251836, 37.228507, 162.782983, 2670, 399768.0
155, 70.575588, 663.253939, 37.145012, 175.855413, 2666, 398905.0
156, 67.181211, 662.473155, 36.850513, 180.580708, 2610, 389679.0
157, 68.158915, 661.471458, 37.734980, 187.557525, 2626, 392391.0
158, 72.201834, 662.832612, 37.416861, 210.857865, 2552, 380228.0
159, 70.135461, 662.370310, 37.105260, 171.320110, 2685, 401466.0
160, 72.460560, 662.595688, 37.977706, 195.059852, 2491, 371245.0
161, 72.597878, 664.628698, 37.009846, 214.501006, 2522, 376181.0
162, 71.664672, 663.225513, 36.704769, 187.571393, 2563, 381762.0
163, 71.601364, 663.628772, 37.062801, 201.114339, 2559, 381095.0
164, 69.597560, 663.186268, 37.355043, 182.130470, 2658, 397588.0
165, 71.210786, 663.261626, 37.588342, 177.729160, 2587, 385926.0
166, 69.089404, 664.355239, 37.889249, 172.132707, 2654, 397164.0
167, 71.008654, 663.548431, 36.127756, 198.405364, 2467, 367335.0
168, 70.692227, 662.681355, 38.843062, 181.415163, 2616, 390590.0
169, 68.161293, 663.417037, 36.060967, 185.105246, 2600, 388375.0
170, 70.805896, 664.114327, 36.595693, 190.121642, 2617, 390283.0
171, 67.432283, 662.738744, 38.298668, 166.908386, 2685, 401061.0
172, 69.479141, 662.997816, 37.935524, 193.154425, 2584, 385843.0
173, 71.718397, 662.670029, 37.757773, 175.970859, 2577, 383450.0
174, 68.113201, 663.029559, 38.034021, 182.771387, 2613, 390382.0
175, 70.403172, 661.772618, 38.181666, 192.767855, 2597, 387668.0
176, 71.130593, 662.665405, 37.647265, 196.736828, 2626, 392788.0
177, 73.460346, 663.909893, 37.395149, 197.400059, 2532, 376525.0
178, 67.760317, 662.950131, 37.042626, 175.763108, 2640, 394073.0
179, 69.054958, 663.764443, 37.138115, 184.721207, 2681, 400198.0
180, 69.689263, 663.490340, 36.338562, 197.641428, 2645, 394392.0
181, 68.373955, 663.039211, 35.723640, 153.591725, 2670, 401182.0
182, 68.537382, 661.864945, 37.899416, 184.125141, 2675, 407872.0
183, 68.250607, 662.299393, 37.994012, 168.623262, 2661, 415047.0
184, 72.371700, 663.863537, 36.971327, 210.491881, 2482, 395619.0
185, 71.100064, 661.983548, 37.087771, 166.676112, 2666, 447137.0
186, 68.210502, 662.306207, 37.401978, 179.938876, 2637, 396050.0
187, 69.336932, 662.622790, 37.435831, 183.611748, 2614, 391810.0
188, 70.595201, 663.172501, 37.452556, 193.057229, 2612, 390861.0
189, 68.537659, 664.871542, 34.857326, 192.522688, 2604, 389389.0
190, 69.219514, 662.003686, 37.914561, 173.676046, 2654, 397831.0
191, 69.844265, 664.461268, 37.547686, 174.525767, 2657, 399243.0
192, 72.660772, 662.444515, 37.772737, 193.909851, 2520, 383549.0
193, 70.768573, 662.122564, 38.923881, 199.466128, 2555, 383934.0
194, 70.977059, 663.489467, 37.722229, 182.897932, 2559, 382848.0
195, 72.624136, 661.986574, 38.085408, 195.788208, 2582, 387258.0
196, 73.075967, 661.917033, 37.957237, 183.781881, 2552, 381012.0
197, 70.124784, 664.107755, 37.543665, 166.909302, 2662, 398548.0
198, 69.005527, 663.638937, 38.571716, 155.118156, 2694, 403599.0
199, 70.590180, 664.459876, 36.971601, 187.482005, 2604, 391100.0
200, 71.836135, 663.436522, 38.555395, 178.937865, 2606, 390274.0
201, 71.129745, 661.795482, 36.929997, 182.220553, 2604, 389759.0
202, 69.566314, 662.777752, 38.272611, 175.738127, 2689, 403908.0
203, 71.925445, 662.785169, 39.174205, 180.056379, 2588, 386972.0
204, 70.566584, 661.841412, 38.940906, 197.930281, 2622, 393101.0
205, 70.043889, 664.575756, 37.559534, 184.461934, 2618, 392395.0
206, 71.382710, 662.945360, 36.687541, 198.886257, 2511, 374336.0
207, 70.433166, 664.379532, 35.717092, 192.844742, 2586, 386811.0
208, 70.481670, 663.702290, 36.112430, 195.422494, 2620, 392471.0
209, 73.573613, 664.004182, 36.657355, 205.011440, 2539, 378245.0
210, 74.074114, 664.165952, 37.556974, 236.952376, 2513, 374183.0
211, 72.490876, 664.581921, 36.319523, 190.241319, 2526, 377427.0
212, 73.054648, 664.198534, 37.206693, 218.460256, 2523, 375632.0
213, 72.548533, 663.248186, 38.095551, 241.946129, 2482, 369943.0
214, 73.481577, 663.941374, 38.503643, 215.110961, 2543, 378842.0
215, 72.896735, 664.247199, 36.372785, 199.924994, 2507, 372906.0
216, 69.088776, 662.478440, 37.734971, 185.127185, 2684, 407509.0
217, 70.314420, 663.455231, 36.972240, 177.166797, 2670, 400647.0
218, 69.868407, 663.461328, 36.667938, 189.594439, 2598, 389322.0
219, 74.708543, 663.749492, 36.458401, 251.366167, 2495, 371000.0
220, 72.126424, 663.955236, 38.627081, 196.790259, 2547, 379990.0
221, 72.393349, 662.978230, 37.758029, 212.338879, 2517, 375273.0
222, 70.742734, 663.535182, 37.651575, 199.555099, 2555, 381916.0
223, 71.809424, 664.867532, 36.152005, 192.430395, 2546, 379902.0
224, 69.925579, 662.185472, 38.088489, 180.289162, 2639, 400375.0
225, 71.132420, 662.300130, 37.963687, 177.916755, 2620, 391455.0
226, 69.535069, 662.637116, 38.711630, 160.844805, 2650, 399743.0
227, 69.869268, 664.409881, 35.686297, 202.828686, 2632, 392762.0
228, 71.153672, 664.928438, 37.037584, 188.489910, 2622, 391082.0
229, 72.141930, 664.050952, 36.977326, 195.185442, 2514, 376142.0
230, 70.149719, 663.010076, 36.716732, 199.083156, 2607, 391421.0
231, 76.684973, 664.804586, 36.124436, 238.645799, 2527, 377091.0
232, 71.149526, 663.777216, 37.990156, 181.190164, 2555, 382963.0
233, 71.315278, 662.602402, 37.862494, 165.190383, 2653, 397257.0
234, 69.083041, 663.965130, 36.894035, 186.984511, 2648, 403938.0
235, 71.855639, 663.326949, 38.281609, 184.640495, 2562, 385768.0
236, 69.718036, 663.204041, 38.121090, 177.541739, 2635, 399336.0
237, 69.304423, 664.281550, 37.619256, 187.684620, 2682, 404607.0
238, 69.539615, 662.359125, 38.038834, 183.522464, 2615, 395631.0
239, 72.510955, 664.578302, 36.985136, 177.142184, 2550, 382733.0
240, 69.114662, 662.828679, 36.843997, 188.921420, 2679, 400854.0
241, 69.406800, 662.613063, 38.247837, 179.233917, 2652, 394566.0
242, 68.138036, 662.007316, 38.113757, 164.097922, 2689, 400679.0
243, 71.683057, 664.285748, 37.513871, 199.852408, 2542, 377006.0
244, 69.078156, 664.443277, 36.401463, 178.182494, 2687, 400002.0
245, 67.323609, 661.385922, 37.928215, 170.316794, 2634, 395517.0
246, 68.553011, 662.016290, 36.848189, 169.362643, 2679, 403439.0
247, 70.217826, 664.105231, 36.429380, 176.883267, 2666, 397817.0
248, 71.321067, 663.463793, 36.942633, 225.207647, 2571, 383098.0
249, 70.476345, 664.737123, 37.341821, 177.538283, 2634, 393484.0
250, 70.665398, 663.125650, 36.172027, 172.649813, 2589, 386267.0
251, 69.400335, 662.753296, 36.745924, 223.946106, 2591, 389719.0
252, 71.934724, 664.808552, 36.263165, 209.020500, 2481, 368400.0
253, 69.830585, 664.707434, 36.433939, 186.609450, 2673, 401686.0
254, 69.625653, 664.231175, 36.922714, 183.886482, 2664, 401797.0
255, 69.700387, 663.232089, 37.839848, 197.134263, 2557, 382048.0
256, 72.848414, 663.317376, 35.962176, 216.359143, 2461, 369394.0
257, 72.797038, 662.847631, 38.124296, 193.241408, 2536, 379033.0
258, 69.580760, 662.980150, 36.392774, 172.170299, 2676, 399605.0
259, 69.369350, 662.473055, 38.054156, 181.934599, 2640, 401217.0
260, 69.818419, 663.518695, 37.065450, 185.225428, 2693, 406100.0
261, 73.456686, 664.633554, 37.127304, 233.304525, 2491, 370321.0
262, 71.781508, 662.620592, 37.848161, 167.621159, 2600, 388523.0
263, 70.138993, 664.123597, 36.050593, 181.799257, 2634, 394244.0
264, 70.810651, 662.953315, 37.423455, 161.394897, 2656, 398050.0
265, 66.224046, 663.454119, 37.965346, 184.863034, 2658, 397986.0
266, 69.904541, 663.098380, 38.398631, 193.676574, 2595, 402210.0
267, 69.319139, 663.185820, 37.235537, 203.377209, 2582, 385691.0
268, 73.710069, 663.553797, 36.392770, 255.287214, 2512, 374503.0
269, 68.302574, 662.653149, 37.195104, 172.450693, 2669, 398049.0
270, 71.448304, 663.107022, 37.658970, 210.365394, 2538, 377189.0
271, 73.787273, 664.316798, 37.815152, 217.741196, 2519, 374158.0
272, 69.840186, 663.064515, 38.084334, 179.541407, 2631, 393007.0
273, 69.797387, 663.556659, 37.126695, 188.895038, 2626, 392211.0
274, 68.787324, 662.094363, 38.160563, 175.063077, 2661, 396567.0
275, 70.833900, 664.972441, 35.971435, 198.126956, 2632, 391747.0
276, 69.570579, 664.119183, 37.451623, 189.450006, 2672, 397966.0
277, 71.025534, 664.226136, 36.856282, 185.314456, 2670, 397211.0
278, 70.960214, 662.914065, 36.950935, 190.266290, 2573, 383061.0
279, 68.102695, 661.895336, 38.138354, 164.596940, 2661, 396793.0
280, 73.908689, 662.914551, 37.098825, 228.487493, 2523, 375776.0
281, 72.665372, 662.379988, 38.182892, 188.364101, 2519, 374873.0
282, 70.245242, 662.543025, 37.700632, 166.452662, 2660, 397046.0
283, 73.649767, 665.311430, 36.013343, 217.418925, 2455, 364180.0
284, 72.387365, 662.891872, 37.710215, 201.900080, 2528, 375782.0
285, 71.121461, 662.840921, 37.868285, 194.446421, 2589, 385482.0
286, 69.573569, 663.178356, 37.319608, 191.272377, 2702, 403613.0
287, 69.906651, 662.252820, 38.001369, 183.521581, 2639, 394494.0
288, 70.311856, 663.065864, 36.862564, 189.100133, 2613, 390030.0
289, 68.990055, 662.534879, 38.685804, 164.375052, 2660, 398251.0
290, 71.813743, 663.608627, 38.071464, 191.813651, 2616, 390015.0
291, 70.759527, 663.226676, 37.864772, 175.420256, 2629, 409418.0
292, 71.697749, 663.500631, 36.799772, 188.239281, 2549, 381974.0
293, 69.626246, 664.214299, 36.937394, 181.141619, 2680, 401458.0
294, 70.880431, 662.947373, 37.944838, 188.988799, 2649, 395971.0
295, 67.841334, 662.788586, 37.834037, 171.688684, 2711, 407548.0
296, 69.318698, 663.026951, 37.758774, 168.707442, 2687, 403569.0
297, 70.531680, 664.281299, 36.775184, 221.398183, 2564, 383704.0
298, 69.298417, 663.193497, 35.901254, 195.127547, 2656, 397136.0
299, 72.207022, 664.684548, 36.245773, 207.348006, 2512, 374265.0
300, 70.648739, 662.615009, 37.517035, 165.490033, 2633, 393349.0
301, 70.590407, 664.400489, 37.052451, 163.796718, 2674, 400174.0
302, 68.860951, 663.106907, 37.465922, 167.544730, 2681, 401297.0
303, 69.081419, 663.967371, 36.924465, 191.196143, 2669, 399647.0
304, 69.637011, 664.454161, 35.490205, 211.776480, 2598, 388527.0
305, 69.818419, 663.518695, 37.065450, 159.412937, 2685, 402186.0
306, 70.082510, 663.856069, 37.720037, 178.860270, 2655, 397545.0
307, 71.309377, 663.317630, 36.689242, 196.686940, 2527, 376615.0
308, 70.328775, 663.825957, 36.347824, 181.185107, 2697, 403582.0
309, 70.043270, 664.472790, 36.814968, 171.651385, 2687, 402719.0
310, 70.557290, 663.488428, 37.284884, 176.265904, 2649, 395424.0
311, 70.616798, 662.799294, 39.190994, 203.590771, 2553, 382216.0
312, 70.546654, 663.005725, 37.403638, 206.014933, 2600, 389491.0
313, 67.999106, 663.326145, 36.939551, 194.715252, 2598, 389121.0
314, 71.654869, 664.189846, 37.130486, 197.295149, 2576, 383373.0
315, 71.086977, 663.417402, 38.892116, 182.711139, 2538, 386198.0
316, 74.463914, 664.472096, 36.668487, 220.558149, 2521, 396923.0
317, 72.779535, 663.539050, 37.251290, 219.831758, 2541, 378623.0
318, 71.462313, 664.539862, 36.850986, 219.966886, 2588, 386404.0
319, 69.827044, 663.507246, 35.934017, 199.270660, 2622, 391389.0
320, 74.112853, 664.801645, 36.348565, 223.868062, 2531, 376227.0
321, 72.301325, 665.172855, 36.425012, 177.624639, 2535, 378974.0
322, 71.089935, 662.709732, 38.513287, 175.181835, 2646, 395275.0
323, 74.955814, 664.480410, 36.304111, 251.224043, 2495, 371555.0
324, 72.704762, 663.084647, 37.387343, 217.846094, 2497, 372399.0
325, 69.842148, 663.562583, 37.097166, 205.410948, 2614, 390342.0
326, 74.285846, 664.353402, 36.133395, 227.175904, 2531, 376632.0
327, 74.080342, 663.061244, 37.089585, 230.962207, 2532, 377163.0
328, 69.625612, 663.390399, 37.438402, 180.740025, 2683, 401772.0
329, 69.948287, 664.054616, 36.083773, 205.171701, 2670, 397908.0
330, 71.059923, 665.849881, 35.374041, 207.830210, 2519, 375044.0
331, 70.920480, 664.164284, 36.347432, 195.059225, 2609, 389148.0
332, 69.295436, 662.604651, 38.013995, 169.445477, 2695, 403690.0
333, 69.655247, 664.132906, 37.216405, 187.316468, 2646, 396713.0
334, 68.427307, 662.084545, 38.229043, 180.255029, 2691, 404603.0
335, 69.318698, 663.026951, 37.758774, 176.543765, 2680, 401439.0
336, 69.346780, 663.276657, 38.905520, 181.167056, 2631, 394457.0
337, 69.217292, 664.015239, 37.998873, 173.488913, 2664, 398236.0
338, 71.082734, 664.080349, 37.698417, 184.083027, 2591, 387004.0
339, 72.246794, 663.228489, 38.129687, 181.797225, 2565, 382627.0
340, 73.335839, 665.157830, 35.447927, 222.040813, 2495, 371237.0
341, 67.475932, 663.211868, 37.471117, 174.522557, 2666, 398935.0
342, 69.071354, 661.115767, 37.874233, 180.978721, 2633, 393569.0
343, 71.913488, 663.869062, 36.344404, 200.971437, 2509, 374294.0
344, 71.066570, 663.978447, 36.409511, 195.693179, 2607, 389548.0
345, 71.224715, 664.672643, 36.529541, 195.251070, 2568, 383160.0
346, 69.382553, 664.104469, 37.743841, 181.178479, 2708, 405161.0
347, 71.506829, 662.875865, 38.802533, 176.525156, 2562, 382311.0
348, 72.008398, 664.696671, 36.571816, 203.746980, 2533, 377443.0
349, 68.113201, 663.029559, 38.034021, 161.162056, 2690, 402014.0
350, 73.417445, 663.524684, 37.700040, 205.518915, 2530, 376786.0
351, 70.968209, 662.133362, 38.455065, 179.108224, 2612, 389760.0
352, 68.972451, 662.872088, 38.267271, 174.083208, 2689, 402420.0
353, 70.236404, 662.302849, 39.108471, 195.056956, 2587, 386281.0
354, 69.072584, 663.834220, 37.120927, 183.657361, 2663, 397787.0
355, 69.632551, 663.400438, 37.469698, 173.010168, 2671, 399583.0
356, 70.098752, 663.818312, 39.005075, 173.968740, 2615, 389195.0
357, 69.906651, 662.252820, 38.001369, 167.527717, 2639, 392480.0
358, 67.191471, 662.639801, 37.116173, 172.263028, 2672, 397910.0
359, 70.883072, 663.729028, 38.077880, 182.125221, 2631, 392554.0
360, 69.015801, 662.123749, 37.171815, 197.437248, 2577, 384662.0
361, 70.236096, 663.001550, 38.100876, 203.367341, 2626, 392170.0
362, 72.449862, 664.246389, 38.408829, 201.186097, 2551, 379442.0
363, 71.300458, 664.510113, 36.593154, 219.987899, 2511, 373268.0
364, 70.117256, 664.373673, 37.371385, 184.935171, 2695, 402964.0
365, 67.555563, 662.107056, 38.093353, 175.825130, 2687, 401524.0
366, 68.954675, 664.152223, 36.334992, 163.080019, 2688, 417781.0
367, 70.157751, 664.341172, 36.820610, 201.334803, 2597, 386741.0
368, 71.453629, 663.449768, 37.898144, 182.613556, 2554, 381039.0
369, 69.662446, 663.827705, 36.804783, 200.803816, 2674, 399130.0
370, 73.346394, 663.362306, 36.694880, 201.247626, 2522, 375793.0
371, 71.707985, 664.286068, 36.877149, 195.621507, 2585, 385561.0
372, 70.029958, 663.297942, 36.797554, 184.919094, 2622, 392838.0
373, 68.127256, 662.367897, 36.956385, 173.964780, 2688, 401562.0
374, 73.815572, 665.365670, 37.378177, 206.025364, 2535, 377730.0
375, 73.648376, 664.260102, 36.842727, 221.374535, 2534, 377209.0
376, 68.437340, 664.366923, 37.126473, 187.611781, 2620, 390982.0
377, 69.935565, 664.184738, 37.193443, 181.246293, 2628, 395118.0
378, 72.244455, 663.953901, 36.999331, 212.318962, 2522, 375358.0
379, 72.065937, 663.848748, 37.683623, 200.092097, 2577, 383975.0
380, 70.949909, 662.848024, 38.460217, 185.084077, 2640, 394813.0
381, 68.985127, 663.341401, 38.071998, 213.139591, 2585, 385757.0
382, 70.990408, 663.473158, 38.159835, 178.440628, 2661, 397988.0
383, 70.384551, 663.192780, 37.436920, 187.284185, 2624, 391500.0
384, 71.590771, 663.226159, 37.107864, 186.007120, 2583, 384894.0
385, 71.007755, 663.766831, 37.963247, 192.036414, 2585, 386868.0
386, 73.085345, 664.049191, 36.200848, 213.517555, 2473, 367171.0
387, 72.743426, 662.080106, 38.399033, 207.674226, 2553, 380421.0
388, 69.347109, 663.382655, 37.383579, 197.777486, 2598, 388120.0
389, 73.565100, 664.027586, 36.575348, 226.096167, 2526, 376273.0
390, 75.232152, 664.794095, 37.080530, 211.201826, 2509, 373449.0
391, 73.033301, 664.598767, 36.418878, 247.412997, 2492, 378220.0
392, 71.237858, 662.788465, 37.018316, 189.059441, 2553, 381283.0
393, 73.404051, 663.837333, 36.857065, 221.614405, 2526, 378439.0
394, 71.880427, 662.251311, 37.275083, 202.529107, 2543, 376498.0
395, 70.331239, 661.428931, 38.206789, 204.690887, 2554, 379160.0
396, 74.658975, 664.483470, 37.429786, 206.528845, 2506, 370982.0
397, 71.528639, 663.452618, 36.819779, 218.529427, 2543, 378310.0
398, 72.617112, 662.795178, 37.302549, 206.235066, 2555, 380339.0
399, 73.722147, 663.895733, 37.828536, 216.903804, 2526, 375553.0
400, 73.139844, 661.958845, 37.886043, 203.791598, 2532, 377388.0
401, 70.062680, 664.663947, 36.535601, 189.069907, 2659, 396182.0
402, 71.113856, 662.826411, 37.529190, 194.597459, 2580, 384719.0
403, 73.991072, 664.979228, 37.878490, 213.677532, 2536, 376804.0
404, 71.090233, 664.771784, 38.011600, 196.037196, 2612, 389375.0
405, 73.132221, 663.128643, 38.008209, 207.802956, 2530, 376646.0
406, 70.584979, 662.265709, 38.192329, 188.407807, 2624, 392484.0
407, 74.309002, 663.645922, 37.399760, 213.113224, 2548, 378671.0
408, 70.859876, 662.922277, 38.191889, 183.393327, 2644, 395118.0
409, 71.470695, 665.194875, 37.532057, 201.760394, 2532, 377348.0
410, 69.993578, 664.280576, 36.351797, 217.868279, 2624, 391944.0
411, 73.870230, 663.433911, 38.064139, 206.005520, 2566, 382074.0
412, 73.933586, 663.389797, 38.228250, 227.884608, 2551, 379909.0
413, 73.536092, 661.580151, 39.189098, 200.976815, 2527, 376808.0
414, 71.068372, 663.666903, 38.176749, 219.925077, 2512, 373846.0
415, 74.447609, 663.633973, 37.739634, 222.153893, 2527, 375768.0
416, 69.658400, 662.030668, 36.372848, 192.083298, 2587, 385957.0
417, 71.335045, 663.784334, 37.057615, 205.755046, 2539, 378394.0
418, 71.574243, 663.919998, 36.253355, 205.107996, 2553, 380038.0
419, 73.124631, 660.978188, 38.636219, 187.565625, 2557, 381740.0
420, 69.673457, 664.021519, 37.735253, 196.339246, 2640, 393595.0
421, 71.163283, 663.277671, 39.423490, 192.256518, 2570, 382753.0
422, 67.850381, 662.983223, 38.025666, 187.447727, 2635, 392777.0
423, 72.325132, 663.872626, 37.114859, 212.784189, 2555, 379429.0
424, 71.992252, 663.038773, 37.315368, 201.516794, 2544, 378910.0
425, 72.434187, 663.696192, 37.539681, 215.036679, 2507, 372501.0
426, 71.436037, 662.630906, 36.938715, 191.355264, 2568, 382808.0
427, 71.499007, 664.386564, 37.552711, 199.032811, 2583, 384203.0
428, 72.330793, 663.405757, 37.330833, 206.566777, 2539, 377484.0
429, 74.147762, 664.653833, 36.017935, 233.911777, 2526, 375109.0
430, 70.311856, 663.065864, 36.862564, 185.560434, 2639, 394100.0
431, 71.039229, 664.183330, 36.561497, 196.892272, 2565, 382065.0
432, 72.531470, 663.533696, 37.988480, 181.329877, 2588, 385422.0
433, 68.365699, 662.525894, 37.690219, 184.769145, 2656, 396032.0
434, 70.835704, 663.217208, 36.900400, 182.981285, 2583, 392191.0
435, 70.122872, 663.547988, 37.718191, 186.272935, 2632, 397643.0
436, 71.027936, 663.423383, 36.762713, 189.307620, 2556, 385853.0
437, 70.807879, 663.911937, 37.312964, 177.493040, 2661, 397353.0
438, 70.084329, 663.873255, 36.977490, 173.810611, 2663, 397849.0
439, 69.163024, 663.373777, 37.148401, 171.905759, 2663, 397833.0
440, 71.913184, 663.070597, 37.737636, 209.518537, 2505, 373480.0
441, 71.523080, 663.782775, 35.217497, 194.131142, 2573, 388671.0
442, 70.996710, 663.116956, 37.264243, 183.101580, 2645, 399794.0
443, 71.136065, 663.316513, 37.663455, 196.887944, 2556, 382001.0
444, 69.950900, 662.309365, 38.025103, 184.102106, 2628, 394090.0
445, 68.321355, 662.859335, 38.691578, 171.066581, 2690, 404346.0
446, 71.855995, 663.860432, 36.889748, 209.808794, 2498, 370531.0
447, 73.106103, 663.015490, 37.419581, 205.599899, 2529, 376149.0
448, 71.163017, 663.575403, 37.442606, 197.699944, 2551, 379760.0
449, 71.148515, 665.878443, 35.871444, 198.440776, 2545, 378408.0
450, 71.538306, 663.071856, 37.394158, 207.614314, 2547, 379182.0
451, 71.432898, 663.473017, 37.275183, 195.070939, 2580, 384486.0
452, 69.548599, 662.742806, 37.238230, 174.368550, 2645, 394896.0
453, 67.919899, 663.190630, 36.797542, 179.520757, 2676, 398995.0
454, 67.414053, 662.468155, 38.553718, 179.279567, 2654, 395778.0
455, 71.400819, 663.818353, 37.914908, 180.096188, 2571, 382730.0
456, 72.263294, 663.765119, 36.469886, 204.539703, 2571, 382776.0
457, 73.720285, 663.432811, 38.080033, 201.793344, 2556, 380508.0
458, 68.047147, 663.155602, 37.829836, 188.774005, 2653, 395805.0
459, 71.466801, 662.820846, 38.105162, 186.231071, 2613, 389633.0
460, 73.447748, 664.998093, 37.470985, 211.947392, 2542, 377974.0
461, 71.714910, 664.041642, 37.674150, 190.992626, 2537, 376808.0
462, 70.333713, 662.931822, 36.487990, 177.500202, 2683, 400500.0
463, 72.734946, 664.074668, 37.020127, 199.724189, 2524, 375495.0
464, 72.965520, 665.037028, 36.125641, 202.416698, 2484, 368819.0
465, 70.807073, 662.730228, 37.634959, 202.157054, 2609, 388965.0
466, 70.913053, 662.992455, 38.089301, 188.833388, 2571, 386109.0
467, 68.449772, 664.094992, 36.756849, 184.332413, 2668, 412083.0
468, 69.770507, 663.253079, 37.977544, 169.921665, 2659, 397606.0
469, 69.589987, 664.521623, 36.267673, 203.820803, 2626, 391520.0
470, 71.828121, 664.638620, 36.119918, 188.098419, 2545, 380312.0
471, 71.484064, 662.344555, 38.748931, 177.551364, 2565, 381702.0
472, 69.521405, 661.790445, 37.152415, 181.938640, 2598, 389447.0
473, 72.707971, 663.691476, 37.591995, 198.005192, 2551, 379515.0
474, 70.050711, 662.737621, 37.397374, 173.795692, 2642, 394883.0
475, 68.465480, 663.303776, 36.650153, 189.632283, 2626, 392721.0
476, 70.610551, 661.433690, 38.194201, 198.207365, 2655, 395638.0
477, 69.374294, 663.280167, 37.975203, 196.529435, 2632, 392524.0
478, 70.197479, 663.332493, 37.263928, 191.071054, 2633, 392728.0
479, 72.620142, 663.016798, 37.546207, 193.327995, 2545, 378675.0
480, 70.096755, 663.212428, 37.811088, 189.612020, 2558, 381763.0
481, 70.068807, 662.334207, 37.183544, 203.444002, 2561, 381917.0
482, 69.922224, 662.833030, 36.453833, 187.043246, 2641, 394221.0
483, 69.657974, 664.422735, 36.833149, 192.144061, 2630, 393650.0
484, 68.333260, 663.509109, 38.943060, 153.616251, 2677, 400612.0
485, 70.303713, 661.255107, 38.501732, 212.014706, 2601, 387579.0
486, 69.712434, 663.440755, 37.098999, 163.955225, 2682, 400396.0
487, 69.473557, 664.412918, 36.836443, 184.047194, 2656, 399635.0
488, 71.086156, 664.170347, 37.107322, 189.868349, 2573, 383710.0
489, 71.177966, 663.866332, 37.486205, 175.403467, 2657, 396170.0
490, 71.159189, 663.562955, 37.785188, 194.034133, 2562, 388649.0
491, 74.195030, 664.475793, 37.288612, 239.617573, 2529, 383840.0
492, 71.544134, 663.671392, 37.106220, 207.797552, 2512, 379140.0
493, 68.749422, 662.394798, 37.106566, 191.829368, 2678, 400418.0
494, 70.848720, 664.103851, 37.181237, 185.771999, 2624, 392123.0
495, 72.268587, 662.369073, 37.866838, 207.850995, 2548, 380539.0
496, 68.527469, 661.751193, 37.845250, 201.694740, 2666, 398863.0
497, 71.963418, 662.729884, 37.719525, 215.848026, 2501, 374153.0
498, 73.741712, 664.289453, 36.932548, 212.318344, 2550, 380847.0
499, 74.378624, 664.360366, 36.245635, 239.750409, 2507, 373360.0
500, 71.816106, 663.442482, 37.560351, 194.206745, 2555, 382035.0
501, 68.496281, 663.074955, 37.433611, 182.934949, 2684, 404438.0
502, 71.284852, 664.860971, 35.885937, 172.801424, 2578, 385195.0
503, 69.153021, 663.091148, 37.641017, 176.618059, 2656, 401963.0
504, 74.003545, 665.053847, 36.452750, 229.347984, 2502, 371951.0
505, 69.014283, 664.125094, 37.738920, 165.564347, 2671, 405689.0
506, 72.838798, 663.584034, 37.318654, 202.850116, 2532, 376586.0
507, 72.437946, 666.456309, 34.932998, 202.960656, 2523, 374640.0
508, 70.902152, 663.840954, 37.966239, 201.101502, 2566, 381700.0
509, 72.509939, 663.080379, 37.784659, 206.986004, 2561, 381397.0
510, 68.357299, 664.507661, 37.098407, 170.354143, 2674, 398384.0
511, 71.861355, 663.837622, 36.517514, 189.756440, 2531, 376259.0
512, 73.026286, 662.050583, 37.759384, 230.219871, 2498, 371646.0
513, 73.417830, 663.015961, 37.178090, 202.523781, 2531, 376601.0
514, 71.954643, 664.374754, 36.525022, 214.545167, 2516, 373881.0
515, 72.458267, 662.659222, 37.551666, 188.376071, 2505, 372478.0
516, 74.439896, 663.661938, 36.877300, 228.329889, 2530, 379281.0
517, 70.875555, 662.859935, 37.595621, 198.414487, 2624, 407219.0
518, 69.219151, 663.302377, 37.195603, 173.954388, 2683, 403319.0
519, 68.742192, 664.653219, 36.186970, 180.133011, 2643, 394456.0
520, 73.604465, 662.445088, 38.284131, 228.791536, 2514, 374041.0
521, 69.552926, 663.803427, 37.860064, 180.974132, 2627, 392207.0
522, 69.969629, 663.215181, 37.322500, 194.854786, 2624, 391965.0
523, 72.596878, 665.472900, 35.390575, 213.869235, 2482, 367928.0
524, 71.715587, 663.830095, 37.928929, 193.099268, 2565, 382117.0
525, 72.189053, 663.120403, 37.794497, 207.199919, 2556, 380536.0
526, 71.280567, 663.717491, 37.906179, 170.044551, 2637, 394937.0
527, 71.865239, 664.000021, 37.581041, 177.790197, 2589, 386616.0
528, 69.942717, 663.511292, 36.356893, 184.680149, 2670, 398726.0
529, 72.055347, 664.059683, 37.588315, 197.952015, 2503, 373249.0
530, 68.528904, 663.485775, 36.391008, 181.942686, 2666, 396865.0
531, 73.323631, 664.548592, 35.789372, 236.454291, 2486, 368276.0
532, 72.505794, 664.251159, 37.242771, 208.807179, 2546, 378070.0
533, 72.120388, 665.639581, 35.099970, 219.701958, 2494, 369273.0
534, 68.095964, 664.143284, 36.649182, 162.597088, 2671, 398594.0
535, 70.509128, 662.935886, 36.885517, 184.968868, 2614, 389908.0
536, 70.074446, 661.942153, 38.870309, 191.139074, 2618, 390526.0
537, 70.824404, 662.069892, 38.360830, 187.863589, 2654, 395937.0
538, 69.284682, 662.804041, 37.573581, 180.411879, 2700, 402945.0
539, 73.293028, 662.692560, 37.502394, 238.141356, 2476, 368524.0
540, 69.498420, 663.392300, 37.435545, 175.863336, 2674, 398910.0
541, 71.967410, 662.654810, 38.266970, 188.803362, 2538, 380745.0
542, 69.492744, 662.669026, 38.677135, 181.414980, 2672, 412238.0
543, 71.071528, 663.642101, 36.701061, 223.638027, 2595, 387097.0
544, 70.781780, 663.900735, 38.143503, 188.349546, 2644, 394857.0
545, 68.938454, 662.916304, 37.446961, 174.662494, 2688, 401621.0
546, 69.659334, 662.620535, 36.715680, 212.941981, 2577, 383971.0
547, 70.950086, 663.422199, 37.764672, 177.123841, 2656, 397018.0
548, 69.682269, 664.527387, 36.892467, 210.666821, 2600, 388735.0
549, 71.254108, 664.041139, 36.870755, 187.050217, 2653, 396898.0
550, 70.256824, 662.959809, 37.684535, 212.143257, 2593, 387076.0
551, 70.967060, 664.146815, 37.017943, 179.844531, 2620, 391530.0
552, 69.533491, 663.039802, 37.136829, 188.392999, 2641, 395451.0
553, 72.131916, 664.203395, 37.153247, 192.144292, 2522, 375774.0
554, 72.317646, 662.514220, 38.398509, 192.385155, 2531, 377589.0
555, 70.676056, 663.888129, 37.997298, 181.237151, 2645, 395569.0
556, 70.991115, 662.062501, 37.503649, 189.500586, 2611, 389737.0
557, 69.734750, 664.009686, 37.521617, 190.087038, 2630, 392383.0
558, 71.532822, 664.112794, 36.263493, 220.227183, 2494, 371121.0
559, 71.146543, 664.295768, 37.615532, 222.544733, 2545, 379425.0
560, 69.625373, 665.044044, 36.547344, 196.580187, 2675, 400277.0
561, 72.980205, 665.475996, 36.522138, 193.575588, 2562, 381951.0
562, 70.094114, 662.924881, 38.401776, 202.328522, 2625, 392448.0
563, 69.963832, 663.746899, 36.887073, 184.058268, 2663, 400323.0
564, 74.104772, 663.542621, 37.577043, 226.589342, 2529, 375879.0
565, 71.566238, 663.965254, 38.006998, 185.148262, 2576, 384675.0
566, 69.988383, 662.654355, 38.104833, 194.038692, 2657, 401666.0
567, 67.758565, 663.041192, 38.296769, 165.363234, 2676, 412379.0
568, 74.859986, 662.758404, 36.847885, 228.965394, 2521, 374937.0
569, 71.442197, 662.335446, 38.588045, 204.211676, 2601, 388963.0
570, 70.883556, 663.570146, 36.042047, 169.198119, 2668, 398519.0
571, 73.588987, 665.495641, 35.850264, 206.584785, 2521, 374533.0
572, 71.111126, 662.757883, 38.005971, 212.067276, 2503, 373518.0
573, 70.383541, 663.723258, 37.134066, 164.046659, 2667, 399556.0
574, 70.441285, 663.075627, 36.328005, 185.325104, 2586, 386374.0
575, 71.990336, 663.445216, 38.388508, 186.715641, 2607, 389549.0
576, 74.062900, 662.448399, 38.936233, 227.939777, 2534, 378048.0
577, 72.863919, 661.739430, 38.062067, 208.603979, 2511, 372787.0
578, 70.110197, 662.665341, 37.716732, 187.573020, 2616, 388772.0
579, 71.363737, 662.249839, 37.423196, 191.145973, 2554, 378604.0
580, 75.416073, 665.699268, 35.665439, 241.229896, 2512, 373703.0
581, 69.364231, 664.328591, 36.958301, 185.983895, 2681, 400236.0
582, 74.986906, 663.353974, 37.410864, 219.938675, 2506, 372253.0
583, 73.898986, 664.548233, 36.711027, 203.482189, 2543, 378754.0
584, 70.518525, 662.641305, 38.238714, 200.779244, 2577, 384152.0
585, 69.525967, 663.937812, 36.804058, 174.510601, 2673, 399940.0
586, 72.125827, 663.082084, 37.577770, 192.896802, 2537, 377823.0
587, 74.255122, 663.816007, 37.680149, 203.068894, 2498, 371047.0
588, 71.075255, 664.443571, 37.031770, 202.825254, 2512, 373881.0
589, 68.095124, 662.819512, 37.959509, 178.003691, 2660, 397107.0
590, 71.072291, 661.870262, 37.491481, 211.368704, 2512, 378264.0
591, 68.963276, 662.944844, 37.396207, 197.009927, 2647, 396896.0
592, 72.228141, 663.418157, 37.779592, 215.452461, 2528, 403350.0
593, 69.919248, 663.175505, 38.613714, 185.474117, 2676, 400667.0
594, 72.531812, 663.668853, 36.174301, 210.175946, 2503, 372384.0
595, 69.180995, 662.906924, 38.396841, 190.306099, 2629, 394303.0
596, 72.619057, 664.795133, 35.583954, 222.744693, 2490, 369277.0
597, 69.092555, 662.765614, 38.221448, 161.999733, 2675, 403829.0
598, 69.056757, 662.536390, 37.719010, 171.537107, 2697, 405207.0
599, 73.078906, 663.754362, 36.436268, 199.649556, 2541, 379092.0
600, 71.371124, 663.320064, 37.698276, 192.970955, 2528, 380635.0
601, 69.974763, 662.171825, 37.618595, 210.965471, 2565, 383121.0
602, 71.100253, 663.518538, 37.099922, 189.416894, 2578, 389660.0
603, 68.728149, 664.575746, 36.210319, 174.570140, 2656, 396322.0
604, 73.327013, 663.055014, 37.593866, 196.980615, 2530, 376636.0
605, 76.386724, 665.268037, 35.818105, 235.591323, 2480, 371654.0
606, 69.258139, 662.940509, 37.336536, 181.951811, 2654, 397267.0
607, 70.947226, 664.345454, 35.814151, 170.573537, 2618, 390459.0
608, 71.613091, 664.211137, 36.456281, 206.410600, 2518, 374593.0
609, 70.984207, 663.363951, 38.180448, 201.304725, 2649, 395713.0
610, 72.140705, 662.302828, 38.856662, 203.505134, 2571, 382927.0
611, 70.704664, 664.070374, 36.294808, 188.195830, 2595, 386453.0
612, 74.531471, 664.364931, 36.976758, 236.668565, 2496, 370638.0
613, 70.922029, 663.365397, 36.690982, 210.080432, 2558, 381611.0
614, 68.169134, 662.631294, 38.599261, 172.373607, 2678, 400998.0
615, 71.814606, 662.256237, 37.261284, 206.539404, 2534, 377846.0
616, 68.177990, 663.646290, 36.526717, 173.235750, 2636, 393764.0
617, 71.112692, 663.742816, 37.046682, 194.142388, 2582, 385460.0
618, 71.218277, 663.919162, 37.565500, 181.019765, 2644, 394652.0
619, 69.397959, 662.679530, 38.156574, 178.011694, 2656, 397404.0
620, 67.121562, 663.185654, 37.111982, 185.963974, 2619, 391121.0
621, 70.888904, 663.449496, 37.795458, 169.826748, 2649, 395958.0
622, 70.473518, 662.689325, 36.392712, 189.714326, 2582, 387504.0
623, 71.269225, 663.614030, 37.803466, 211.619719, 2562, 382367.0
624, 69.127934, 662.385813, 37.506904, 182.115476, 2654, 396184.0
625, 69.086606, 662.164511, 38.268951, 176.311039, 2671, 402087.0
626, 72.962443, 663.849237, 37.291336, 228.636108, 2509, 390151.0
627, 72.570390, 664.607344, 37.204706, 202.499498, 2524, 375696.0
628, 68.405284, 663.658187, 38.515434, 190.618974, 2677, 400808.0
629, 71.645539, 664.397825, 36.882155, 186.892188, 2587, 388139.0
630, 68.979422, 662.917272, 37.358543, 164.966401, 2707, 404978.0
631, 69.492744, 662.669026, 38.677135, 164.196752, 2657, 396582.0
632, 67.227330, 662.404996, 37.830328, 169.961244, 2644, 394580.0
633, 72.061539, 664.909104, 35.298017, 182.477691, 2527, 375633.0
634, 71.902645, 663.973156, 38.348604, 206.325362, 2523, 375170.0
635, 68.967168, 663.308381, 37.226646, 197.029094, 2618, 390715.0
636, 70.740414, 664.350579, 36.941580, 194.701990, 2496, 374328.0
637, 70.068807, 662.334207, 37.183544, 188.539297, 2692, 403126.0
638, 72.277173, 663.812850, 37.534384, 233.085415, 2482, 375179.0
639, 69.596501, 664.511346, 37.452297, 176.140276, 2668, 400272.0
640, 70.957836, 662.454221, 38.687888, 185.387524, 2636, 393123.0
641, 68.800044, 663.646737, 37.585616, 165.299398, 2696, 405916.0
642, 69.118515, 663.362386, 37.511930, 177.030257, 2646, 421579.0
643, 67.717869, 662.982607, 37.779455, 175.516389, 2625, 393905.0
644, 71.015705, 661.340485, 38.496920, 195.502685, 2583, 385878.0
645, 70.806689, 663.178038, 38.456560, 180.397922, 2615, 391136.0
646, 69.464217, 661.218135, 39.349075, 175.324759, 2663, 398996.0
647, 69.921673, 662.384940, 36.623341, 191.031150, 2586, 389077.0
648, 68.853228, 662.358388, 37.793294, 185.607932, 2665, 399191.0
649, 74.536588, 663.651153, 37.298930, 215.728109, 2510, 373823.0
650, 69.842148, 663.562583, 37.097166, 173.016191, 2666, 402350.0
651, 66.910311, 663.440683, 37.218780, 169.798736, 2654, 397312.0
652, 70.146298, 664.442220, 36.349958, 178.925550, 2648, 400143.0
653, 68.753976, 663.488016, 38.207229, 161.810327, 2699, 404566.0
654, 72.443694, 662.421592, 38.448924, 192.734560, 2532, 377529.0
655, 67.602339, 663.313229, 36.864629, 183.892366, 2648, 399238.0
656, 71.077780, 662.665043, 37.374708, 186.977048, 2565, 383996.0
657, 71.711162, 664.804581, 37.298163, 197.447787, 2579, 388543.0
658, 72.724471, 664.192714, 36.703366, 211.771927, 2527, 376431.0
659, 70.049469, 662.290737, 37.909061, 177.138763, 2650, 396750.0
660, 68.976275, 663.438999, 36.739338, 189.671751, 2676, 400458.0
661, 74.054547, 663.732998, 38.686010, 234.965448, 2515, 374543.0
662, 70.417454, 665.375920, 36.684416, 170.559611, 2659, 398053.0
663, 71.457281, 664.101409, 37.465773, 181.880900, 2613, 391024.0
664, 70.060341, 662.364401, 39.174400, 174.894830, 2661, 398383.0
665, 69.095971, 663.165495, 38.163159, 179.720332, 2683, 405034.0
666, 69.654485, 662.740533, 36.899021, 182.901668, 2607, 394816.0
667, 74.096232, 664.514288, 35.629442, 231.696709, 2522, 384684.0
668, 71.338952, 663.366534, 37.671490, 175.763623, 2609, 389813.0
669, 70.151274, 664.283611, 37.497447, 184.393799, 2678, 400911.0
670, 70.235555, 664.610048, 36.813012, 176.216382, 2664, 401671.0
671, 71.157365, 664.265865, 36.790544, 193.906958, 2565, 382913.0
672, 69.040077, 663.038853, 37.537656, 183.767186, 2649, 399265.0
673, 70.177528, 664.600151, 36.754226, 178.507404, 2629, 393341.0
674, 68.449016, 662.010207, 37.832803, 178.555711, 2663, 398756.0
675, 71.250295, 663.981453, 37.105266, 190.326599, 2611, 392501.0
676, 71.550443, 663.138930, 37.137244, 184.524741, 2476, 369476.0
677, 70.892283, 663.461530, 37.896438, 182.414040, 2613, 393951.0
678, 67.388137, 662.477714, 37.777730, 177.072548, 2661, 397876.0
679, 68.483806, 664.980722, 35.028228, 175.876489, 2676, 400474.0
680, 67.393983, 662.906532, 37.713453, 176.164609, 2634, 394861.0
681, 66.453351, 663.559098, 37.512282, 182.555699, 2655, 396914.0
682, 66.733840, 662.564957, 37.294500, 158.812070, 2659, 397279.0
683, 69.881022, 664.159699, 36.567142, 174.473894, 2676, 399297.0
684, 66.777589, 663.206230, 37.425021, 160.733225, 2651, 395516.0
685, 70.277182, 662.154303, 39.058123, 171.783493, 2648, 395757.0
686, 69.386140, 662.584494, 38.222706, 160.143527, 2667, 399080.0
687, 70.084243, 662.600932, 37.229802, 180.046607, 2670, 399185.0
688, 71.705879, 663.302877, 38.141787, 196.536318, 2557, 388159.0
689, 66.559457, 663.999040, 36.858246, 171.737300, 2651, 398355.0
690, 68.942709, 662.699210, 38.260654, 177.021210, 2640, 395516.0
691, 69.756897, 662.914591, 36.794824, 177.639565, 2677, 464562.0
692, 68.595534, 664.078200, 37.123483, 171.443222, 2696, 405869.0
693, 69.654485, 662.740533, 36.899021, 184.374095, 2651, 396021.0
694, 71.580644, 663.673994, 37.770037, 199.840294, 2559, 380775.0
695, 72.289814, 663.932516, 36.588828, 213.515572, 2469, 366676.0
696, 69.625653, 664.231175, 36.922714, 199.166511, 2638, 393184.0
697, 68.942481, 662.682051, 36.702808, 172.432464, 2657, 396785.0
698, 70.225606, 662.815795, 36.670701, 202.515251, 2567, 382058.0
699, 70.782165, 664.537932, 36.908538, 179.123164, 2616, 389728.0
700, 73.149701, 663.320371, 37.360048, 206.699628, 2557, 380200.0
701, 73.755336, 663.936265, 38.194494, 190.678711, 2553, 379293.0
702, 72.484737, 661.836466, 38.454292, 177.695256, 2557, 380509.0
703, 68.920370, 663.108104, 37.277106, 179.941719, 2644, 394034.0
704, 72.750861, 663.384175, 38.083298, 209.793162, 2523, 375040.0
705, 70.394718, 662.766286, 37.888438, 176.311589, 2654, 396397.0
706, 69.872650, 664.674739, 35.772051, 191.527547, 2645, 393786.0
707, 71.221051, 662.617368, 38.570464, 217.866985, 2477, 368204.0
708, 70.469646, 662.835853, 37.303664, 173.371455, 2619, 391035.0
709, 69.304858, 664.081428, 36.633932, 198.254700, 2644, 394001.0
710, 68.051226, 663.121098, 37.395904, 179.017117, 2636, 393363.0
711, 69.502994, 664.027245, 36.964052, 193.982713, 2644, 394712.0
712, 70.369980, 663.643242, 37.209832, 187.882395, 2633, 392860.0
713, 69.856558, 663.563557, 37.088947, 174.791373, 2676, 399492.0
714, 69.455413, 664.225902, 37.527185, 193.455384, 2619, 391135.0
715, 73.182723, 663.454265, 37.696248, 218.392364, 2528, 376419.0
716, 71.109403, 663.869523, 36.775282, 193.101855, 2583, 396662.0
717, 70.067930, 662.773187, 38.435586, 176.822918, 2612, 390343.0
718, 68.649543, 662.700175, 36.453440, 187.313284, 2660, 396581.0
719, 67.721248, 662.055951, 37.429167, 194.389114, 2613, 391064.0
720, 68.834880, 663.910499, 37.398793, 175.527527, 2637, 393971.0
721, 71.463489, 663.936695, 37.699795, 203.092996, 2549, 379598.0
722, 70.572004, 663.321843, 37.684907, 206.007379, 2591, 384956.0
723, 70.910398, 662.296068, 38.131802, 191.399408, 2630, 391102.0
724, 68.661245, 663.587538, 36.509975, 180.310148, 2677, 397903.0
725, 66.755590, 662.154096, 38.497646, 186.538133, 2631, 391430.0
726, 69.088073, 662.498158, 36.991985, 184.724605, 2695, 402521.0
727, 66.985405, 662.473358, 37.969449, 168.128753, 2677, 399375.0
728, 69.236500, 662.754271, 38.207035, 175.926411, 2678, 400271.0
729, 69.235837, 664.742472, 38.032995, 167.841774, 2675, 399592.0
730, 71.462681, 662.877396, 36.959095, 199.286900, 2561, 381902.0
731, 70.964622, 663.384034, 36.505683, 194.280015, 2543, 378728.0
732, 71.914346, 662.717202, 37.363631, 180.399607, 2540, 378999.0
733, 69.080692, 662.512576, 36.624029, 175.717547, 2679, 400192.0
734, 72.605641, 664.684048, 36.228342, 208.618340, 2449, 363578.0
735, 68.742705, 663.333256, 37.827648, 169.736973, 2694, 402495.0
736, 67.576408, 663.073478, 38.492562, 157.592826, 2695, 403064.0
737, 69.857887, 663.642592, 37.752527, 188.631106, 2633, 393649.0
738, 67.873901, 663.569455, 36.562628, 170.357321, 2682, 401088.0
739, 69.904882, 663.457494, 36.946427, 204.941411, 2633, 393553.0
740, 67.337696, 664.294900, 36.964612, 167.538829, 2645, 395823.0
741, 69.844388, 664.505871, 36.404125, 186.894390, 2613, 416812.0
742, 67.578633, 663.042807, 37.695579, 153.440926, 2684, 402301.0
743, 70.140774, 663.898834, 37.682852, 184.111210, 2632, 393163.0
744, 70.626994, 663.972691, 36.641124, 187.201419, 2639, 398718.0
745, 69.170084, 662.601113, 38.167954, 164.450829, 2700, 405343.0
746, 70.094141, 663.819264, 37.836704, 184.356247, 2641, 395677.0
747, 69.921293, 663.458604, 36.937066, 181.768608, 2647, 402053.0
748, 68.959814, 662.729718, 37.350424, 168.032136, 2665, 401713.0
749, 67.817815, 663.544520, 37.981059, 156.372594, 2659, 397903.0
750, 68.696776, 663.612030, 38.183772, 171.334826, 2707, 407827.0
751, 69.473963, 663.346135, 37.847862, 172.752093, 2689, 402269.0
752, 67.723838, 662.472580, 37.819170, 160.177865, 2672, 400704.0
753, 69.481778, 663.774481, 36.266500, 167.276771, 2667, 401756.0
754, 66.985441, 661.856898, 38.179766, 167.851958, 2635, 395400.0
755, 67.699040, 662.552829, 37.396266, 157.769771, 2656, 398898.0
756, 68.112721, 661.925932, 37.479034, 170.179762, 2676, 400992.0
757, 68.768230, 662.671525, 37.365374, 177.804260, 2665, 405116.0
758, 68.272849, 664.898035, 36.398841, 163.073814, 2657, 399672.0
759, 67.121314, 664.490118, 36.199457, 168.803410, 2668, 398117.0
760, 69.219858, 664.680786, 36.042722, 185.346476, 2690, 402776.0
761, 68.398877, 662.707639, 36.748354, 168.575146, 2673, 402515.0
762, 70.348380, 664.229192, 37.376387, 181.632292, 2683, 400824.0
763, 72.237796, 664.295862, 37.298356, 191.668221, 2556, 382603.0
764, 68.751202, 663.168310, 38.742626, 159.673813, 2702, 404831.0
765, 71.851832, 665.296374, 36.499802, 189.573153, 2551, 381555.0
766, 69.899553, 662.884719, 38.455716, 175.115078, 2640, 405506.0
767, 70.334760, 664.384100, 37.189401, 192.301869, 2638, 394043.0
768, 68.911519, 663.629487, 37.554709, 165.396896, 2668, 402991.0
769, 70.258850, 662.396539, 37.261636, 200.673633, 2564, 382498.0
770, 68.575984, 663.001100, 38.336147, 185.458763, 2639, 394803.0
771, 68.542110, 663.455392, 36.963477, 168.149545, 2665, 402193.0
772, 68.692629, 663.302188, 38.704291, 181.217146, 2666, 398699.0
773, 71.767044, 664.557726, 36.146741, 198.670839, 2535, 382441.0
774, 70.498639, 662.582661, 37.435279, 185.561745, 2646, 395248.0
775, 68.101720, 662.579169, 39.006224, 170.815741, 2668, 399321.0
776, 69.858471, 664.962467, 37.406631, 169.998136, 2678, 403464.0
777, 70.401534, 662.334655, 37.755253, 201.557374, 2578, 384339.0
778, 68.524907, 663.704090, 36.800810, 170.872264, 2676, 402332.0
779, 71.906952, 662.875770, 37.460558, 186.307330, 2544, 379255.0
780, 69.149212, 663.192329, 37.774740, 169.150770, 2705, 404683.0
781, 71.253790, 663.159539, 37.512510, 198.678622, 2649, 394172.0
782, 71.353115, 663.922593, 37.174116, 164.198820, 2579, 383946.0
783, 71.400606, 664.415874, 37.240339, 198.678134, 2570, 382458.0
784, 67.795333, 662.588789, 38.733058, 165.554789, 2690, 403232.0
785, 68.240439, 662.835249, 36.858095, 182.645148, 2664, 397301.0
786, 68.149726, 662.682150, 37.027368, 159.641901, 2687, 401459.0
787, 71.221477, 662.319273, 37.382302, 194.892063, 2500, 372387.0
788, 68.487369, 664.081450, 37.669995, 172.976673, 2672, 400920.0
789, 68.659627, 663.008774, 37.127753, 168.120341, 2690, 402513.0
790, 68.678254, 663.724830, 37.997372, 160.029499, 2687, 404126.0
791, 67.226869, 664.267229, 36.235594, 165.719993, 2669, 400513.0
792, 69.158747, 662.407960, 37.534384, 179.529132, 2653, 397834.0
793, 69.304641, 661.985030, 37.215492, 169.134524, 2627, 401936.0
794, 66.822374, 662.802686, 37.484929, 153.227006, 2657, 397986.0
795, 69.398282, 662.890226, 38.243034, 190.481425, 2647, 396743.0
796, 70.863533, 663.485533, 37.751953, 193.483631, 2629, 403738.0
797, 68.996354, 663.488992, 37.998577, 159.777632, 2692, 403726.0
798, 67.265325, 662.750928, 38.690575, 160.459704, 2683, 402195.0
799, 69.604483, 664.361868, 37.522539, 171.788545, 2672, 400134.0
800, 68.448907, 663.256559, 36.107398, 181.931840, 2670, 399228.0
801, 69.649043, 663.219612, 37.858869, 156.545258, 2683, 402680.0
802, 66.589607, 662.587687, 36.143928, 164.711161, 2657, 397556.0
803, 72.655664, 663.930682, 37.188756, 208.006460, 2553, 381374.0
804, 71.041643, 664.290813, 36.315639, 199.371187, 2592, 389393.0
805, 71.345602, 663.474132, 37.201616, 189.045583, 2639, 394881.0
806, 68.533334, 663.400168, 37.015324, 188.161243, 2605, 390005.0
807, 70.209239, 664.076792, 35.825435, 195.648448, 2633, 394422.0
808, 70.195281, 664.090744, 37.327072, 171.538323, 2659, 398054.0
809, 70.323898, 664.002093, 37.570498, 186.360692, 2639, 394555.0
810, 67.628237, 662.206974, 38.173428, 165.405348, 2664, 398743.0
811, 69.012276, 664.429304, 37.897661, 165.743332, 2642, 395918.0
812, 69.173830, 662.007919, 37.919189, 165.822616, 2694, 403481.0
813, 71.211610, 662.583128, 37.474775, 184.819652, 2598, 387729.0
814, 68.985843, 662.708064, 37.227592, 189.227793, 2625, 396924.0
815, 69.573569, 663.178356, 37.319608, 191.357647, 2660, 410253.0
816, 69.557278, 664.010569, 37.094989, 173.270995, 2629, 392955.0
817, 71.849058, 663.733583, 38.427790, 200.011188, 2513, 373754.0
818, 67.031222, 663.156979, 37.084770, 176.203490, 2626, 409623.0
819, 69.932508, 664.337935, 36.492188, 179.241079, 2641, 395279.0
820, 69.597560, 663.186268, 37.355043, 179.539950, 2684, 402110.0
821, 70.005693, 662.214459, 38.224619, 184.924328, 2656, 397565.0
822, 71.068090, 662.947009, 37.088302, 185.690106, 2629, 392879.0
823, 70.981987, 663.404711, 37.844060, 186.677188, 2617, 389921.0
824, 69.897804, 661.540439, 38.378759, 199.822036, 2598, 387392.0
825, 69.601903, 662.186423, 38.125846, 200.226245, 2631, 392234.0
826, 68.011896, 661.907417, 38.223301, 171.140754, 2689, 401383.0
827, 67.857745, 663.616916, 36.827140, 175.056547, 2650, 395480.0
828, 66.182486, 661.024002, 37.446127, 163.116999, 2640, 394823.0
829, 68.653884, 662.608345, 36.718184, 181.348710, 2676, 399056.0
830, 68.635805, 662.971748, 39.582264, 149.263940, 2680, 400784.0
831, 67.821988, 662.183298, 38.871788, 168.303335, 2695, 402807.0
832, 68.570726, 663.004459, 36.987567, 197.921410, 2688, 401640.0
833, 70.545447, 663.608399, 37.713872, 194.036822, 2655, 396408.0
834, 68.983965, 663.251009, 37.329061, 179.978606, 2676, 400812.0
835, 67.950858, 663.613929, 36.263350, 184.647972, 2638, 394426.0
836, 69.678436, 662.748631, 37.478680, 166.651209, 2689, 407925.0
837, 69.632076, 662.239518, 38.004667, 170.202323, 2613, 390921.0
838, 69.020987, 663.800304, 36.995365, 173.395771, 2690, 403182.0
839, 69.246816, 664.307022, 36.339626, 199.594481, 2632, 396079.0
840, 69.195354, 662.715871, 37.679299, 179.240635, 2683, 405383.0
841, 70.203693, 664.503104, 37.391701, 186.977818, 2630, 393469.0
842, 72.024280, 662.710700, 38.256396, 190.719585, 2573, 384253.0
843, 66.743753, 662.701514, 37.644030, 164.068397, 2638, 395032.0
844, 68.562294, 663.116618, 36.370967, 175.080012, 2620, 392028.0
845, 67.435566, 662.968876, 37.005191, 168.179371, 2639, 398777.0
846, 68.018913, 662.360689, 38.617325, 176.175958, 2677, 400898.0
847, 69.377560, 663.135679, 37.893258, 161.894176, 2695, 404368.0
848, 68.010502, 663.109806, 37.613186, 171.859424, 2680, 401037.0
849, 69.142186, 662.432398, 36.809099, 159.637060, 2678, 401147.0
850, 67.504795, 663.144355, 37.108997, 172.526011, 2641, 395255.0
851, 70.837837, 662.978625, 37.821587, 197.964863, 2642, 394195.0
852, 67.554040, 663.438437, 36.699185, 166.455683, 2661, 398997.0
853, 70.040338, 662.883896, 38.241518, 159.924303, 2674, 400061.0
854, 67.787326, 663.454263, 34.590550, 375.535911, 2516, 374622.0
855, 71.540025, 664.283650, 36.558704, 182.481308, 2579, 384955.0
856, 67.868836, 661.695819, 38.135117, 151.338254, 2679, 401088.0
857, 66.860328, 662.633060, 37.576603, 149.479023, 2665, 398636.0
858, 67.935569, 663.245002, 37.888968, 161.236982, 2700, 404608.0
859, 67.705040, 662.845731, 37.234534, 171.746474, 2647, 396211.0
860, 70.869073, 664.682304, 35.515324, 204.857921, 2549, 379657.0
861, 67.347288, 663.884610, 37.210253, 181.213433, 2657, 398850.0
862, 66.965887, 662.052251, 38.266224, 188.943574, 2644, 395536.0
863, 67.665829, 662.851816, 37.658613, 167.086326, 2680, 400658.0
864, 68.444660, 663.863387, 36.625171, 182.255952, 2657, 397731.0
865, 69.980003, 662.496841, 37.397599, 172.490073, 2681, 401372.0
866, 70.236633, 662.418418, 36.808026, 184.273743, 2616, 390716.0
867, 69.374631, 662.994554, 37.259470, 158.701029, 2708, 405190.0
868, 72.720078, 664.239477, 38.012700, 199.524517, 2545, 379486.0
869, 69.736223, 663.270095, 36.666847, 189.544839, 2624, 391993.0
870, 70.495869, 662.460424, 38.804739, 185.551937, 2644, 395094.0
871, 67.802473, 664.161141, 36.994370, 172.213624, 2650, 396026.0
872, 70.323063, 663.506789, 37.212122, 179.086724, 2634, 394043.0
873, 71.367064, 663.659758, 37.301491, 183.673645, 2551, 380165.0
874, 67.442167, 663.599682, 37.796672, 175.901247, 2678, 400376.0
875, 72.008329, 662.502206, 37.174307, 202.260592, 2524, 375329.0
876, 71.103133, 663.710045, 37.558972, 190.914937, 2580, 385181.0
877, 66.729374, 663.420480, 37.602657, 184.265500, 2676, 402559.0
878, 69.611429, 663.793437, 37.843704, 182.059784, 2659, 397701.0
879, 70.482782, 664.732018, 36.070673, 182.814657, 2613, 390605.0
880, 67.642663, 663.314087, 36.632621, 144.288461, 2671, 400127.0
881, 69.954593, 663.801109, 36.135287, 174.060981, 2600, 388940.0
882, 69.012276, 664.429304, 37.897661, 165.535018, 2687, 402938.0
883, 70.190496, 664.207988, 37.269564, 175.488239, 2673, 399360.0
884, 67.943652, 664.093303, 35.884339, 172.911600, 2654, 396728.0
885, 70.079658, 661.341085, 37.775850, 172.295466, 2628, 393072.0
886, 70.462091, 662.618362, 36.931424, 197.335033, 2556, 381043.0
887, 69.192818, 663.323027, 38.217658, 154.194382, 2652, 396943.0
888, 69.126687, 663.162759, 38.357323, 178.660044, 2668, 399045.0
889, 68.290162, 662.998319, 37.068167, 151.289271, 2699, 418185.0
890, 69.889027, 662.300266, 37.671261, 164.066669, 2672, 400288.0
891, 69.394938, 664.139022, 35.972258, 183.921350, 2684, 402208.0
892, 71.302860, 663.649062, 37.906714, 194.694267, 2636, 396895.0
893, 70.229096, 664.035206, 37.392625, 179.956108, 2619, 391500.0
894, 68.552113, 661.716167, 37.999137, 179.889500, 2689, 403165.0
895, 68.724389, 662.757121, 38.691333, 170.097023, 2672, 400964.0
896, 71.131676, 662.599093, 37.304987, 194.816655, 2556, 383430.0
897, 67.154220, 661.885928, 36.634226, 178.650458, 2634, 394577.0
898, 70.897260, 663.904361, 36.826929, 163.182886, 2575, 384812.0
899, 68.059340, 663.533935, 37.201503, 183.160062, 2676, 401834.0
900, 66.153967, 662.970282, 37.033380, 166.110087, 2620, 392598.0
901, 69.312473, 661.362373, 38.358268, 166.869737, 2624, 394472.0
902, 67.439916, 663.115232, 37.920324, 162.327199, 2649, 398263.0
903, 69.094597, 663.822436, 38.136322, 159.878034, 2700, 405403.0
904, 71.395418, 662.387945, 38.247875, 178.108236, 2601, 388026.0
905, 68.125780, 662.657183, 36.400883, 176.010384, 2577, 384099.0
906, 72.110093, 664.225020, 37.092923, 193.306754, 2548, 378877.0
907, 69.900966, 663.049819, 38.619896, 156.046474, 2621, 390348.0
908, 65.366595, 663.343355, 37.450563, 151.494006, 2659, 395857.0
909, 68.879761, 662.564243, 39.193153, 171.310630, 2702, 403977.0
910, 68.059500, 663.407039, 38.901518, 151.290743, 2670, 398624.0
911, 69.626412, 662.696924, 37.758709, 168.883355, 2638, 393872.0
912, 68.779697, 662.300846, 37.981338, 167.996721, 2687, 401022.0
913, 71.930670, 663.576289, 37.661506, 198.964999, 2549, 386124.0
914, 69.773886, 663.466044, 38.311742, 165.844782, 2664, 407195.0
915, 71.460566, 663.431406, 37.452931, 202.141742, 2568, 382405.0
916, 67.922898, 662.731236, 38.759042, 152.055324, 2676, 400050.0
917, 72.163496, 664.307114, 37.350307, 192.611801, 2569, 383302.0
918, 71.061480, 663.623914, 37.786051, 185.813333, 2636, 393398.0
919, 67.986731, 662.930178, 36.698379, 160.112023, 2690, 402377.0
920, 69.709942, 663.496939, 37.146151, 193.525280, 2579, 385469.0
921, 67.375338, 661.490027, 37.899328, 159.812081, 2637, 393936.0
922, 68.201820, 663.473700, 37.878898, 162.206332, 2668, 399055.0
923, 68.614691, 664.090374, 36.923013, 170.470993, 2656, 396776.0
924, 71.329026, 663.027651, 36.791507, 197.456896, 2546, 380548.0
925, 72.077856, 663.508178, 36.752424, 185.991952, 2523, 377572.0
926, 65.509845, 663.628641, 35.722276, 192.045807, 2564, 382903.0
927, 70.321039, 663.854726, 36.425101, 183.755598, 2655, 396931.0
928, 70.082510, 663.856069, 37.720037, 177.496039, 2627, 392152.0
929, 68.828577, 663.774983, 36.807177, 162.928023, 2698, 403741.0
930, 69.135946, 663.174257, 37.303924, 174.836837, 2667, 398182.0
931, 70.070172, 663.754120, 36.943020, 184.220255, 2637, 403151.0
932, 67.114228, 662.999286, 37.455093, 189.784611, 2663, 398561.0
933, 69.380320, 662.312125, 37.737744, 168.593264, 2615, 391636.0
934, 66.334036, 663.168273, 38.390201, 160.267900, 2649, 406043.0
935, 70.007838, 662.537601, 38.330430, 175.048143, 2619, 391600.0
936, 69.385053, 661.602826, 37.992263, 158.890578, 2684, 401805.0
937, 71.807303, 664.772440, 35.260107, 205.129121, 2524, 375108.0
938, 72.728721, 664.119667, 36.233098, 208.381004, 2496, 373310.0
939, 69.451128, 663.504019, 38.324273, 185.901252, 2645, 403677.0
940, 69.282595, 664.434250, 37.541872, 176.269219, 2647, 397071.0
941, 70.120072, 663.623259, 37.026454, 180.441264, 2659, 398034.0
942, 69.325581, 664.238654, 36.579337, 178.412642, 2654, 399325.0
943, 70.908546, 662.201798, 36.325014, 196.098431, 2558, 388054.0
944, 68.069700, 663.843643, 36.948201, 183.258724, 2662, 397877.0
945, 69.941309, 663.091279, 38.594681, 170.840059, 2682, 401174.0
946, 69.880467, 663.363593, 37.607166, 165.630999, 2660, 396933.0
947, 68.746785, 663.922059, 38.363587, 145.989021, 2696, 404738.0
948, 71.179279, 662.628565, 37.639211, 212.095206, 2503, 374278.0
949, 69.781280, 664.603145, 36.163897, 168.973199, 2664, 398318.0
950, 73.801936, 664.479177, 37.386110, 198.839026, 2545, 379374.0
951, 68.115542, 663.851265, 36.675306, 191.393107, 2624, 392324.0
952, 66.954530, 662.038795, 38.290974, 176.114176, 2644, 395886.0
953, 70.009209, 661.813900, 37.544002, 180.335515, 2615, 391067.0
954, 69.973733, 663.416646, 37.609853, 194.366918, 2594, 387635.0
955, 69.196286, 663.470538, 38.442355, 176.048691, 2657, 397927.0
956, 71.533152, 664.381763, 36.008211, 196.270292, 2521, 375039.0
957, 68.743240, 663.938836, 36.796561, 174.485645, 2678, 403365.0
958, 69.531741, 663.068931, 37.202721, 155.121598, 2698, 404302.0
959, 68.779016, 662.815646, 39.276464, 172.314285, 2682, 401841.0
960, 68.458871, 663.533811, 36.853969, 158.747576, 2665, 400351.0
961, 69.243815, 662.309640, 37.473889, 160.391673, 2674, 401098.0
962, 68.392248, 662.400971, 37.224425, 185.086381, 2654, 398194.0
963, 68.924075, 663.662756, 37.057765, 172.254888, 2677, 400551.0
964, 71.149025, 662.265798, 38.621558, 176.081115, 2660, 398784.0
965, 67.904270, 662.640576, 37.946623, 152.057934, 2688, 403537.0
966, 69.593599, 663.562016, 37.327503, 160.371733, 2691, 400162.0
967, 70.298392, 664.086636, 37.451065, 165.185113, 2666, 398516.0
968, 68.916705, 662.844406, 37.660064, 154.622459, 2695, 403063.0
969, 68.866970, 663.843521, 38.529792, 162.454233, 2694, 402580.0
970, 68.521241, 663.859895, 37.016859, 167.855946, 2664, 397788.0
971, 69.980008, 663.975734, 37.797765, 153.831579, 2673, 399864.0
972, 67.838716, 663.774030, 38.164729, 143.931528, 2697, 403445.0
973, 68.874666, 662.711996, 38.167234, 155.779226, 2697, 403548.0
974, 70.512318, 662.416326, 38.638890, 196.712712, 2637, 393883.0
975, 70.859619, 662.859268, 37.973794, 182.348298, 2631, 393123.0
976, 66.460962, 663.286081, 36.839069, 142.715611, 2664, 398621.0
977, 71.394032, 663.204945, 38.180768, 184.544968, 2567, 382765.0
978, 67.649726, 663.328487, 37.680760, 150.938051, 2699, 404557.0
979, 68.756673, 663.945143, 36.963007, 178.945167, 2673, 399771.0
980, 73.598414, 663.391286, 36.612552, 204.751664, 2516, 375344.0
981, 68.407181, 662.434806, 38.639781, 168.668048, 2682, 401028.0
982, 70.484670, 664.784974, 36.655909, 175.340352, 2632, 394617.0
983, 70.075296, 663.275994, 37.622235, 183.155495, 2586, 386274.0
984, 70.716140, 661.854626, 37.439146, 171.865792, 2651, 395654.0
985, 69.920595, 663.389555, 36.206959, 181.351846, 2666, 397765.0
986, 69.390326, 664.263733, 36.795232, 166.406878, 2668, 399266.0
987, 70.156697, 663.928703, 38.026994, 171.815994, 2624, 396049.0
988, 67.888553, 662.961726, 37.916259, 155.850301, 2690, 410288.0
989, 68.308440, 664.379005, 36.901985, 195.547533, 2655, 396648.0
990, 69.299789, 662.727237, 37.288516, 170.866533, 2660, 397652.0
991, 71.009466, 663.179483, 36.784351, 164.314504, 2652, 396441.0
992, 68.214757, 663.787170, 36.405601, 170.453797, 2669, 398513.0
993, 70.275644, 664.047602, 36.961741, 178.190818, 2664, 401453.0
994, 71.336543, 663.318495, 37.612670, 172.839965, 2626, 392713.0
995, 67.599651, 663.134139, 37.175016, 162.231032, 2658, 397147.0
996, 70.630868, 664.143165, 37.576555, 175.634626, 2647, 396304.0
997, 69.456225, 663.099665, 37.301066, 179.667107, 2621, 392107.0
998, 69.585654, 663.345588, 37.426780, 180.119672, 2649, 396751.0
999, 70.628627, 662.449874, 38.604468, 184.857595, 2621, 391609.0
