#idx, x0, x1, x2, y, f_neval, total_time (us), 
0, 70.827439, 664.627474, 36.567744, 176.498854, 5698, 844794.0
1, 72.545470, 663.690106, 37.427457, 205.218072, 5452, 804993.0
2, 72.103677, 663.050562, 37.315380, 199.533503, 5494, 813553.0
3, 70.140100, 663.631495, 37.108487, 204.704699, 5586, 828713.0
4, 72.163794, 663.905238, 36.213253, 219.500673, 5487, 805982.0
5, 70.767145, 663.265899, 36.914134, 210.111716, 5445, 801766.0
6, 71.898433, 663.178437, 38.373078, 197.746176, 5541, 817559.0
7, 73.373335, 662.429137, 37.281933, 210.582694, 5466, 805995.0
8, 72.097050, 664.875260, 36.953562, 204.645184, 5292, 778468.0
9, 72.425496, 663.807119, 36.839761, 220.305934, 5385, 792536.0
10, 75.431797, 663.835403, 37.033117, 232.466707, 5468, 859309.0
11, 72.171313, 664.069483, 36.322144, 197.734418, 5368, 794226.0
12, 71.534236, 662.976860, 38.423679, 185.659542, 5523, 824618.0
13, 72.315968, 664.680058, 36.939520, 234.373883, 5256, 781761.0
14, 71.918952, 662.514737, 37.248456, 214.388170, 5337, 789933.0
15, 70.167898, 664.550149, 37.119778, 177.195931, 5606, 833925.0
16, 70.116293, 663.276758, 37.828946, 175.921472, 5672, 844592.0
17, 71.459879, 664.927755, 35.652736, 194.872201, 5327, 791914.0
18, 68.606933, 663.064854, 37.224262, 204.664868, 5551, 822750.0
19, 74.259095, 663.619178, 37.250591, 231.853135, 5399, 793277.0
20, 72.847200, 663.210857, 38.030171, 205.510272, 5495, 812981.0
21, 72.327609, 663.825605, 37.230480, 185.879194, 5523, 816135.0
22, 69.127287, 663.830335, 36.855752, 186.317685, 5637, 835253.0
23, 73.456425, 661.633285, 38.303191, 218.629180, 5390, 796701.0
24, 72.206044, 663.264563, 37.065809, 217.096277, 5314, 787895.0
25, 70.769616, 663.817643, 38.602235, 197.012016, 5453, 808045.0
26, 74.616631, 664.151417, 36.702975, 223.056854, 5392, 798119.0
27, 70.779793, 664.453087, 36.705136, 185.369373, 5566, 825529.0
28, 71.384112, 662.521279, 37.864028, 187.085134, 5684, 842397.0
29, 72.206644, 664.232646, 36.623554, 198.760866, 5356, 790201.0
30, 69.957012, 663.726446, 37.589566, 176.270574, 5592, 832694.0
31, 69.986720, 663.220453, 37.975373, 200.083898, 5533, 823229.0
32, 69.983061, 663.538995, 37.815211, 183.183990, 5534, 820488.0
33, 70.909427, 662.321618, 38.292679, 176.790209, 5346, 791832.0
34, 70.096364, 662.433926, 37.757513, 182.210096, 5521, 818204.0
35, 73.751788, 662.984823, 37.346035, 212.695848, 5484, 808972.0
36, 71.765577, 662.921142, 38.433478, 191.998363, 5367, 792325.0
37, 68.950131, 662.185016, 37.397245, 179.371748, 5744, 851557.0
38, 70.468698, 664.003142, 36.704174, 203.647580, 5567, 855396.0
39, 68.335370, 661.921422, 37.879585, 166.745693, 5684, 847791.0
40, 71.614097, 663.420160, 37.441131, 191.181777, 5416, 800924.0
41, 71.213014, 664.378156, 36.389596, 181.464410, 5470, 809216.0
42, 68.145395, 662.639356, 38.021483, 185.707981, 5593, 830307.0
43, 72.476746, 663.108443, 37.457310, 206.770357, 5537, 817096.0
44, 71.335102, 662.966784, 38.794466, 169.490572, 5565, 824589.0
45, 69.034999, 663.053335, 38.837635, 190.971453, 5474, 813114.0
46, 69.842012, 664.691785, 36.376534, 198.392819, 5646, 838259.0
47, 71.162317, 664.247333, 36.788979, 193.505194, 5386, 801650.0
48, 69.522265, 662.581127, 37.537497, 187.385782, 5550, 822604.0
49, 71.872432, 663.377303, 36.766775, 186.479253, 5524, 819221.0
50, 72.621021, 663.795099, 36.202917, 183.327603, 5496, 813858.0
51, 72.863600, 664.252663, 37.443087, 199.152847, 5461, 810996.0
52, 66.434748, 663.762129, 36.451819, 165.020834, 5509, 820318.0
53, 70.869784, 663.509319, 36.900852, 222.139609, 5164, 765393.0
54, 71.517104, 662.903425, 38.461195, 203.193237, 5391, 802610.0
55, 69.058189, 663.751759, 37.660814, 168.756838, 5681, 848051.0
56, 70.949643, 664.252291, 37.870126, 192.356959, 5482, 816302.0
57, 68.454708, 662.624849, 37.075921, 173.208932, 5604, 838230.0
58, 70.220305, 663.241423, 37.687811, 186.909399, 5600, 835397.0
59, 69.150874, 663.588830, 37.914873, 174.068578, 5579, 828280.0
60, 71.852954, 664.496905, 37.234205, 190.247772, 5405, 799582.0
61, 68.700050, 663.597598, 37.877356, 153.741298, 5679, 843474.0
62, 68.901240, 662.721922, 37.709856, 162.847034, 5643, 838194.0
63, 68.614503, 663.628904, 36.431947, 179.827673, 5621, 834589.0
64, 70.604887, 664.426934, 37.100318, 189.360025, 5545, 828700.0
65, 67.665982, 663.356721, 36.863894, 180.889479, 5625, 855728.0
66, 68.416589, 662.646251, 37.744530, 171.279252, 5625, 860037.0
67, 72.550444, 663.602450, 36.445180, 214.122684, 5294, 780911.0
68, 66.703917, 662.330167, 37.675823, 183.645285, 5429, 805981.0
69, 69.388576, 662.920418, 37.762600, 207.567786, 5426, 802803.0
70, 68.282807, 663.822311, 36.884562, 165.625614, 5631, 837112.0
71, 69.869252, 664.863498, 36.999515, 191.918669, 5730, 849458.0
72, 71.273482, 663.026438, 37.727565, 199.832827, 5362, 794235.0
73, 65.145250, 662.968043, 37.488956, 183.145234, 5404, 802210.0
74, 69.754014, 663.925839, 36.647795, 175.130217, 5655, 841485.0
75, 69.597712, 663.219302, 38.098459, 185.559927, 5715, 850583.0
76, 67.128432, 663.285394, 36.326475, 185.245420, 5321, 789374.0
77, 67.456546, 662.646783, 37.533295, 163.674729, 5700, 850460.0
78, 69.899911, 663.173526, 37.342482, 181.060817, 5621, 834533.0
79, 70.621007, 662.302684, 38.332799, 204.068705, 5420, 805458.0
80, 67.655930, 663.353408, 37.622458, 168.274599, 5637, 857730.0
81, 68.264053, 663.207580, 37.756772, 161.733568, 5632, 836400.0
82, 68.630733, 663.885425, 36.214772, 159.418784, 5766, 854954.0
83, 71.332357, 664.430356, 36.129232, 190.028376, 5780, 855638.0
84, 68.072940, 662.308951, 37.539792, 177.955005, 5620, 833622.0
85, 70.427200, 665.047653, 36.617016, 204.553758, 5344, 789288.0
86, 67.950566, 663.456754, 37.596585, 173.648550, 5453, 808355.0
87, 67.637447, 662.996460, 36.846570, 170.637431, 5574, 826364.0
88, 67.289685, 663.202519, 36.777849, 174.024967, 5528, 819594.0
89, 68.845791, 664.822805, 36.162727, 156.768643, 5780, 857244.0
90, 72.027761, 663.953487, 35.988852, 214.557907, 5375, 792259.0
91, 68.382385, 661.979847, 38.043516, 176.490252, 5594, 830346.0
92, 67.683200, 662.079015, 38.156001, 187.088973, 5831, 865124.0
93, 67.516673, 662.702951, 37.479749, 193.620567, 5492, 814533.0
94, 70.113367, 664.207575, 36.631366, 171.915453, 5697, 845661.0
95, 69.361950, 663.158876, 38.579483, 166.708884, 5673, 843186.0
96, 68.773938, 664.251319, 35.742102, 172.307114, 5811, 860382.0
97, 69.460154, 664.236171, 36.149495, 175.163662, 5681, 842629.0
98, 69.505301, 663.208802, 37.165964, 164.232781, 5843, 867530.0
99, 68.691902, 664.294409, 36.796283, 180.972566, 5491, 814239.0
100, 66.213835, 662.497600, 37.601492, 170.213426, 5448, 808958.0
101, 69.697699, 663.430344, 36.758681, 202.552335, 5465, 809573.0
102, 67.373279, 662.441916, 38.211476, 162.177770, 5586, 830935.0
103, 68.462257, 662.693054, 38.478746, 173.949191, 5700, 846307.0
104, 69.592187, 664.664195, 35.701056, 180.889153, 5582, 828315.0
105, 68.348722, 663.252386, 36.879094, 188.093657, 5531, 820745.0
106, 71.398268, 664.696549, 36.381513, 195.721242, 5525, 817674.0
107, 70.691350, 662.976198, 38.167327, 181.086564, 5577, 851874.0
108, 68.465803, 663.312188, 37.123891, 187.940702, 5365, 795807.0
109, 69.135676, 663.901059, 37.161030, 177.885053, 5601, 831124.0
110, 69.028975, 664.595670, 36.903910, 177.451040, 5665, 841166.0
111, 69.703632, 663.825105, 37.414170, 183.950676, 5371, 801600.0
112, 69.933241, 662.184148, 37.561266, 189.390068, 5707, 851451.0
113, 69.819710, 662.678452, 38.373731, 161.515734, 5743, 853644.0
114, 71.535712, 664.767058, 36.748204, 198.347599, 5453, 803344.0
115, 67.094335, 662.706801, 38.245955, 168.789223, 5616, 834147.0
116, 72.045200, 664.592529, 36.465152, 223.582033, 5343, 789932.0
117, 70.332706, 664.766996, 36.166243, 216.969099, 5295, 787341.0
118, 68.855590, 663.275809, 37.984190, 193.610867, 5629, 838583.0
119, 66.046914, 663.336716, 37.720088, 150.707971, 5619, 834531.0
120, 66.939127, 663.258258, 38.035645, 158.178677, 5577, 827541.0
121, 67.080794, 663.688921, 35.972781, 178.444139, 5327, 788649.0
122, 71.676969, 662.761281, 37.813681, 204.971866, 5313, 784138.0
123, 69.719839, 663.312421, 37.811706, 177.614784, 5688, 855408.0
124, 70.400469, 662.911240, 37.175941, 162.937166, 5665, 851776.0
125, 68.407124, 662.203396, 37.866148, 184.681132, 5715, 859584.0
126, 68.430950, 662.949913, 38.648329, 180.726359, 5633, 837093.0
127, 66.580099, 662.727249, 37.258454, 171.652145, 5444, 815436.0
128, 70.774924, 663.876349, 36.996460, 191.852793, 5629, 837632.0
129, 70.281849, 662.911772, 37.354007, 184.129146, 5684, 852362.0
130, 69.830017, 665.046730, 36.772590, 175.660003, 5686, 852956.0
131, 70.979085, 663.135856, 38.549805, 199.634911, 5287, 791031.0
132, 71.553150, 662.560844, 38.150356, 193.014371, 5497, 818198.0
133, 68.277670, 664.286503, 36.100135, 159.230662, 5595, 841174.0
134, 69.256386, 664.254848, 36.055729, 198.280294, 5546, 827722.0
135, 71.444886, 664.811108, 36.255772, 215.860178, 5403, 827978.0
136, 71.345832, 662.524749, 37.652417, 202.497796, 5367, 804397.0
137, 70.026797, 663.530462, 37.189220, 178.918187, 5601, 832059.0
138, 68.539514, 662.419530, 37.308626, 165.966277, 5677, 847828.0
139, 71.129090, 662.915914, 37.962308, 199.308450, 5448, 812197.0
140, 69.295874, 664.893907, 36.143307, 184.944587, 5869, 880946.0
141, 70.736683, 663.709825, 36.008136, 183.433450, 5657, 845940.0
142, 71.057815, 663.680666, 37.820030, 183.086014, 5595, 836233.0
143, 69.785944, 662.357882, 37.339859, 178.308542, 5649, 841869.0
144, 73.493350, 663.675573, 37.329090, 203.679504, 5438, 808141.0
145, 69.098808, 664.787198, 36.334323, 188.181726, 5715, 848628.0
146, 68.926024, 664.080044, 36.618152, 170.224111, 5659, 844367.0
147, 73.552542, 664.181846, 36.723223, 217.604181, 5534, 814662.0
148, 69.135213, 663.227882, 36.998107, 179.548633, 5683, 843139.0
149, 73.058530, 662.840623, 37.611218, 206.515141, 5530, 832640.0
150, 66.711630, 662.662288, 37.038931, 191.478967, 5261, 780628.0
151, 71.369207, 662.774908, 37.475800, 211.875892, 5456, 807612.0
152, 73.037891, 662.684775, 37.997414, 203.521134, 5520, 814850.0
153, 70.596227, 663.893258, 37.012655, 189.052284, 5590, 828394.0
154, 69.258135, 663.917750, 37.141402, 162.687569, 5708, 848161.0
155, 70.455348, 663.523969, 37.702238, 175.744943, 5773, 858206.0
156, 67.184471, 662.399914, 37.323529, 180.528534, 5409, 802866.0
157, 68.379090, 661.499437, 38.102447, 187.441790, 5577, 842587.0
158, 72.116528, 663.024409, 37.963682, 210.741915, 5476, 813998.0
159, 69.745769, 662.829316, 36.980416, 171.175115, 5737, 852749.0
160, 72.639873, 662.721052, 37.732758, 194.999332, 5270, 783007.0
161, 72.809638, 664.447732, 36.902761, 214.457190, 5405, 800220.0
162, 71.736125, 662.676060, 37.010099, 187.472099, 5486, 813827.0
163, 71.748647, 663.082488, 37.309059, 201.025916, 5472, 809752.0
164, 69.372328, 663.348691, 37.602381, 182.065966, 5606, 832790.0
165, 71.157283, 663.387383, 37.185669, 177.689502, 5506, 814111.0
166, 69.191211, 663.993999, 37.561532, 172.051282, 5555, 824602.0
167, 71.166242, 663.440949, 36.217653, 198.379554, 5215, 768238.0
168, 70.609022, 662.524851, 38.493251, 181.341756, 5532, 820941.0
169, 67.873643, 663.812466, 35.822492, 185.005721, 5351, 793009.0
170, 70.867974, 664.369874, 36.733880, 190.074771, 5635, 845037.0
171, 67.787803, 662.202212, 38.209977, 166.742323, 5505, 824384.0
172, 69.664435, 663.200046, 37.285708, 193.018829, 5528, 830428.0
173, 71.756966, 662.980202, 37.356778, 175.919175, 5510, 814737.0
174, 68.546939, 662.955576, 37.874583, 182.570175, 5443, 811855.0
175, 70.387734, 661.844654, 38.141366, 192.766928, 5452, 810408.0
176, 71.175704, 662.680893, 37.833051, 196.721602, 5625, 845183.0
177, 73.517991, 663.986203, 37.116042, 197.377402, 5496, 821109.0
178, 67.865220, 663.126119, 36.662694, 175.712860, 5411, 803212.0
179, 69.123653, 664.013207, 37.392962, 184.652960, 5644, 839152.0
180, 69.394388, 664.085245, 36.203381, 197.503636, 5575, 826465.0
181, 68.268739, 662.930877, 36.766240, 153.340314, 5743, 855009.0
182, 68.587199, 662.487420, 37.640765, 183.949807, 5581, 828592.0
183, 68.034074, 662.766811, 37.679738, 168.529035, 5544, 824094.0
184, 72.095251, 664.102198, 37.134224, 210.415491, 5349, 789722.0
185, 70.961385, 662.311676, 37.470312, 166.582178, 5808, 861191.0
186, 68.036689, 662.492913, 37.048050, 179.881180, 5602, 831196.0
187, 69.347014, 661.949860, 37.516544, 183.457445, 5472, 810790.0
188, 70.398398, 663.514013, 37.080658, 192.981348, 5537, 818766.0
189, 68.316825, 664.574180, 35.205423, 192.411165, 5414, 801623.0
190, 69.511003, 662.028077, 37.607580, 173.571202, 5736, 859650.0
191, 69.929260, 664.326903, 37.231588, 174.492268, 5666, 842190.0
192, 72.595522, 662.832231, 37.783009, 193.859173, 5429, 802022.0
193, 70.715160, 662.597692, 38.891677, 199.360124, 5335, 789061.0
194, 71.042564, 663.770649, 37.789194, 182.844933, 5299, 783566.0
195, 72.710776, 662.331050, 37.675944, 195.722976, 5602, 828696.0
196, 72.893390, 661.923544, 38.273806, 183.731505, 5515, 815345.0
197, 70.026373, 664.027780, 37.192395, 166.854689, 5674, 842153.0
198, 69.242567, 663.214388, 38.153161, 154.982180, 5698, 846389.0
199, 70.536887, 664.193816, 36.765398, 187.425601, 5495, 813883.0
200, 71.808581, 663.191805, 38.213489, 178.863475, 5613, 835810.0
201, 71.007299, 662.096647, 37.288556, 182.131508, 5612, 835152.0
202, 69.364131, 663.189539, 37.945797, 175.655204, 5798, 861018.0
203, 71.753605, 662.752105, 38.888339, 179.991984, 5615, 832507.0
204, 70.552789, 662.149413, 38.492427, 197.864426, 5661, 878538.0
205, 70.071096, 664.363173, 37.209408, 184.407717, 5491, 814239.0
206, 71.278354, 663.541935, 36.682663, 198.774807, 5335, 820928.0
207, 70.336506, 664.034644, 35.882591, 192.782246, 5457, 815179.0
208, 70.613425, 663.865055, 36.341463, 195.360508, 5519, 817772.0
209, 73.357157, 664.291875, 36.882754, 204.946532, 5517, 813709.0
210, 74.032007, 663.997960, 37.357442, 236.913938, 5406, 810707.0
211, 72.304674, 664.455201, 36.526517, 190.189330, 5435, 803573.0
212, 72.823930, 664.679312, 37.008309, 218.373854, 5392, 799809.0
213, 72.531177, 663.039851, 37.622048, 241.845926, 5239, 781273.0
214, 73.391019, 663.693578, 38.244721, 215.032829, 5495, 811796.0
215, 72.792201, 664.314135, 36.725379, 199.885988, 5349, 789603.0
216, 69.247255, 662.084076, 37.657032, 185.059896, 5703, 846519.0
217, 70.276474, 663.073080, 37.696241, 177.035351, 5714, 849080.0
218, 69.941066, 663.747460, 36.318912, 189.540877, 5479, 812728.0
219, 74.746894, 664.101687, 36.194727, 251.325117, 5358, 793042.0
220, 72.388516, 663.636066, 38.591688, 196.718085, 5466, 808742.0
221, 72.093584, 663.339525, 37.789653, 212.251533, 5397, 798824.0
222, 70.983401, 663.357574, 37.676491, 199.505317, 5440, 806861.0
223, 71.968503, 664.606950, 36.087952, 192.399728, 5455, 805687.0
224, 69.738618, 662.070822, 38.381512, 180.228712, 5709, 847753.0
225, 71.191873, 662.394194, 38.322231, 177.861535, 5580, 826879.0
226, 69.822029, 662.550482, 38.568598, 160.761062, 5722, 850334.0
227, 70.094471, 664.406126, 35.551327, 202.774425, 5415, 801935.0
228, 71.337316, 664.477283, 37.023043, 188.422608, 5551, 821864.0
229, 72.361334, 663.864624, 36.666030, 195.118272, 5387, 794117.0
230, 69.936179, 663.131181, 36.908425, 199.032557, 5503, 815367.0
231, 76.801615, 664.542759, 36.524919, 238.597480, 5614, 823991.0
232, 71.211079, 663.417870, 38.168493, 181.146026, 5431, 833893.0
233, 71.071561, 662.919214, 37.849610, 165.130001, 5755, 853778.0
234, 69.313128, 663.524647, 36.907040, 186.905855, 5655, 839469.0
235, 72.004551, 663.419215, 37.879064, 184.583441, 5539, 819893.0
236, 69.704350, 663.277233, 38.769203, 177.437237, 5627, 836339.0
237, 69.361348, 664.128738, 37.119904, 187.606076, 5767, 862563.0
238, 69.766988, 662.666442, 37.654034, 183.406226, 5591, 829393.0
239, 72.660614, 664.344529, 37.046623, 177.114253, 5507, 811795.0
240, 68.870814, 662.850063, 37.164721, 188.837814, 5677, 841255.0
241, 69.566867, 663.048442, 37.637498, 179.083934, 5603, 830787.0
242, 68.269196, 662.364377, 38.234161, 163.976394, 5735, 851634.0
243, 71.885778, 663.868593, 37.566327, 199.789840, 5448, 804984.0
244, 69.317848, 664.471190, 36.202600, 178.110353, 5725, 848659.0
245, 67.212709, 661.927810, 37.669005, 170.232553, 5436, 806566.0
246, 68.419249, 662.477430, 37.271948, 169.215112, 5648, 855117.0
247, 70.144733, 664.395245, 36.610900, 176.844485, 5743, 851228.0
248, 71.343130, 663.155695, 36.856841, 225.166324, 5452, 805835.0
249, 70.391599, 664.510318, 37.335965, 177.500266, 5634, 862954.0
250, 70.762088, 663.355239, 36.471618, 172.568687, 5535, 823352.0
251, 69.141545, 662.651087, 37.059908, 223.848776, 5446, 837215.0
252, 72.119747, 664.461170, 36.149886, 208.963737, 5280, 780629.0
253, 69.569482, 664.832028, 36.718556, 186.531557, 5612, 835056.0
254, 69.507266, 663.969520, 37.509225, 183.779142, 5658, 843783.0
255, 69.840221, 662.641950, 37.802010, 197.007835, 5356, 797373.0
256, 72.716317, 663.566817, 35.983418, 216.331936, 5272, 778813.0
257, 73.160521, 662.537709, 38.070967, 193.118558, 5493, 818368.0
258, 69.424767, 663.170362, 36.978439, 172.050013, 5733, 855188.0
259, 69.169151, 662.610497, 38.519719, 181.840116, 5529, 825121.0
260, 69.593024, 663.798109, 37.261499, 185.161682, 5742, 876144.0
261, 73.177791, 664.794942, 37.169032, 233.237957, 5302, 785905.0
262, 71.596785, 663.052662, 37.929246, 167.542073, 5603, 833128.0
263, 69.931283, 664.040617, 36.139957, 181.743988, 5494, 823628.0
264, 70.631495, 662.691907, 37.719100, 161.306389, 5668, 844815.0
265, 66.365370, 663.585194, 37.503966, 184.786904, 5650, 846132.0
266, 69.783939, 663.710028, 37.595331, 193.452522, 5410, 807867.0
267, 69.551920, 662.660296, 37.337121, 203.285348, 5488, 818996.0
268, 73.552597, 663.726556, 36.359723, 255.266406, 5388, 797862.0
269, 68.018029, 662.900017, 37.010307, 172.367064, 5680, 846063.0
270, 71.473376, 662.887690, 37.638399, 210.349235, 5460, 814915.0
271, 73.798776, 664.041948, 37.690527, 217.704160, 5496, 816082.0
272, 69.999683, 663.265271, 37.759148, 179.464424, 5586, 830474.0
273, 69.599454, 663.766921, 37.410062, 188.832076, 5518, 824926.0
274, 68.530295, 662.769552, 38.077709, 174.892181, 5565, 832862.0
275, 70.639877, 665.322967, 36.073136, 198.072871, 5669, 840974.0
276, 69.853019, 663.477430, 37.388234, 189.291384, 5719, 849048.0
277, 70.795246, 664.284888, 36.777759, 185.265764, 5723, 849176.0
278, 70.804209, 663.224885, 37.165782, 190.204185, 5478, 813898.0
279, 67.787634, 662.460121, 37.937009, 164.447943, 5612, 835293.0
280, 73.666362, 663.210664, 36.949400, 228.431913, 5500, 813414.0
281, 72.557917, 662.732452, 38.053879, 188.321227, 5482, 811878.0
282, 70.167408, 662.836137, 37.829510, 166.410531, 5737, 854320.0
283, 73.561603, 665.225678, 36.287412, 217.390598, 5207, 766352.0
284, 72.157606, 663.173645, 37.786790, 201.845375, 5395, 797439.0
285, 71.180141, 662.428287, 37.925601, 194.390555, 5577, 826707.0
286, 69.304806, 663.503354, 37.386401, 191.197717, 5753, 854548.0
287, 69.630154, 662.332879, 38.488661, 183.407600, 5612, 834572.0
288, 70.270071, 663.420498, 37.084588, 189.030470, 5493, 814230.0
289, 69.061023, 661.929432, 38.544590, 164.207143, 5559, 830187.0
290, 71.591113, 663.934026, 37.942072, 191.755023, 5605, 831339.0
291, 70.668620, 662.844248, 37.857112, 175.330771, 5610, 833760.0
292, 71.797286, 663.817682, 36.892873, 188.167478, 5486, 811578.0
293, 69.498292, 664.485125, 37.273734, 181.077530, 5774, 861156.0
294, 70.832434, 663.273235, 37.950196, 188.951071, 5674, 841631.0
295, 67.981439, 663.273147, 37.863251, 171.524141, 5719, 852014.0
296, 69.111514, 663.258793, 38.065390, 168.634687, 5700, 859589.0
297, 70.544708, 663.864790, 36.689676, 221.333741, 5432, 806729.0
298, 69.211225, 663.341575, 36.547637, 194.994401, 5599, 831486.0
299, 72.108150, 664.480435, 36.377320, 207.316776, 5346, 791111.0
300, 70.435119, 662.848160, 37.136169, 165.417028, 5586, 830479.0
301, 70.606050, 664.097127, 37.202978, 163.766122, 5809, 864381.0
302, 69.097482, 662.598308, 37.501221, 167.448844, 5744, 856196.0
303, 69.346479, 663.796960, 37.019975, 191.123176, 5608, 834166.0
304, 69.746350, 663.811245, 36.028328, 211.678832, 5414, 802958.0
305, 69.575217, 663.809335, 36.925450, 159.352890, 5750, 856649.0
306, 69.985413, 663.912311, 37.185108, 178.783033, 5660, 842145.0
307, 71.256699, 663.734297, 36.633535, 196.630110, 5361, 795731.0
308, 70.187279, 664.111051, 36.642934, 181.123391, 5777, 861919.0
309, 69.943985, 664.387974, 36.535314, 171.607290, 5788, 861351.0
310, 70.737869, 663.415863, 37.052783, 176.223874, 5682, 844853.0
311, 70.583607, 663.056236, 38.823578, 203.546499, 5459, 812973.0
312, 70.502219, 662.722718, 37.514083, 205.982585, 5493, 814345.0
313, 67.760099, 663.786781, 36.849141, 194.617449, 5389, 798547.0
314, 71.853325, 663.694512, 37.306425, 197.219279, 5549, 820752.0
315, 71.301402, 663.475520, 38.732839, 182.648437, 5280, 802482.0
316, 74.525902, 664.383443, 36.339166, 220.522601, 5486, 809948.0
317, 72.613767, 663.866827, 37.246008, 219.790481, 5503, 818092.0
318, 71.193701, 664.792881, 36.795421, 219.905800, 5437, 811743.0
319, 69.728460, 663.409441, 36.515772, 199.182011, 5582, 829405.0
320, 74.023822, 665.113289, 36.544909, 223.824272, 5424, 804063.0
321, 72.208000, 664.983059, 36.545969, 177.593933, 5452, 811091.0
322, 71.042427, 662.947949, 38.070178, 175.132501, 5753, 859395.0
323, 74.822954, 664.357499, 36.390783, 251.197712, 5368, 794866.0
324, 72.478567, 662.947763, 37.478603, 217.765431, 5390, 800448.0
325, 69.614911, 664.056635, 36.938759, 205.319599, 5377, 800343.0
326, 74.147261, 664.282737, 36.248446, 227.151751, 5427, 803713.0
327, 73.883673, 663.246896, 36.977377, 230.927667, 5499, 821823.0
328, 69.507648, 663.642518, 37.744462, 180.684378, 5741, 857982.0
329, 69.829014, 664.040454, 35.622930, 205.095121, 5608, 832126.0
330, 71.148524, 665.896198, 35.019422, 207.794480, 5318, 786994.0
331, 70.793069, 664.609504, 36.523469, 194.981907, 5542, 823137.0
332, 69.077934, 662.855778, 38.303575, 169.366883, 5674, 845536.0
333, 69.881629, 664.112354, 37.559091, 187.225929, 5632, 837395.0
334, 68.190519, 662.150825, 38.000281, 180.181169, 5765, 860097.0
335, 69.114246, 663.271995, 38.009501, 176.482169, 5700, 849891.0
336, 69.416703, 662.786844, 38.771356, 181.051198, 5534, 824079.0
337, 69.533666, 663.436400, 38.048435, 173.329588, 5643, 840411.0
338, 71.107521, 663.763937, 38.004615, 184.035687, 5518, 818734.0
339, 72.011799, 663.566906, 38.015892, 181.736672, 5572, 824658.0
340, 73.162477, 665.005405, 35.535286, 221.992467, 5347, 788696.0
341, 67.314802, 662.944870, 37.544960, 174.441629, 5719, 850157.0
342, 68.962747, 661.853437, 37.485561, 180.809879, 5539, 821577.0
343, 72.115407, 663.543006, 36.389630, 200.926967, 5397, 825308.0
344, 71.055471, 664.321895, 36.310234, 195.654647, 5558, 825981.0
345, 71.335999, 664.417463, 36.457254, 195.225856, 5493, 815610.0
346, 69.595906, 663.598511, 37.542180, 181.063674, 5821, 866325.0
347, 71.419996, 663.051307, 38.326352, 176.464456, 5505, 820304.0
348, 72.179665, 664.450095, 36.592392, 203.717903, 5412, 800607.0
349, 68.582266, 662.889289, 37.937901, 160.955934, 5712, 851042.0
350, 73.328793, 663.350900, 37.337318, 205.436956, 5481, 814982.0
351, 70.907637, 661.946488, 38.585988, 179.084305, 5526, 823988.0
352, 69.315774, 662.799320, 38.016456, 173.967491, 5750, 857227.0
353, 69.973325, 662.749057, 38.705727, 194.937186, 5491, 816080.0
354, 68.997051, 663.618132, 37.579408, 183.588937, 5675, 845197.0
355, 69.572873, 663.432042, 38.136451, 172.891519, 5680, 846218.0
356, 70.274280, 663.368980, 38.653832, 173.832008, 5547, 824458.0
357, 69.599179, 662.407959, 38.387003, 167.404147, 5611, 835232.0
358, 67.006449, 662.680084, 36.926936, 172.212088, 5571, 827619.0
359, 70.982918, 663.392151, 38.319297, 182.077201, 5677, 843126.0
360, 69.417216, 662.181811, 37.307609, 197.231362, 5469, 819308.0
361, 70.322056, 662.789315, 37.606262, 203.257502, 5598, 840734.0
362, 72.574149, 664.070262, 38.490553, 201.169509, 5541, 820859.0
363, 71.468856, 664.217496, 36.480680, 219.944408, 5383, 796188.0
364, 70.019290, 664.349570, 36.985925, 184.877719, 5871, 874168.0
365, 67.898206, 661.772585, 38.045901, 175.713263, 5652, 841275.0
366, 69.245811, 664.197573, 36.270255, 162.990210, 5712, 850565.0
367, 70.103018, 664.336224, 36.436454, 201.292004, 5488, 813441.0
368, 71.579976, 662.999876, 38.113719, 182.550148, 5490, 813909.0
369, 69.949879, 663.319590, 36.692120, 200.692386, 5668, 842140.0
370, 73.259601, 663.211078, 37.267557, 201.165414, 5459, 806898.0
371, 71.438722, 664.502520, 37.011373, 195.556276, 5516, 817544.0
372, 69.870912, 663.638721, 36.763585, 184.876918, 5542, 822082.0
373, 67.908608, 663.028675, 36.999545, 173.812460, 5635, 836704.0
374, 73.615610, 665.339557, 37.604067, 205.975082, 5479, 808739.0
375, 73.876830, 664.120680, 36.714060, 221.324832, 5525, 815715.0
376, 68.739917, 664.056911, 37.124609, 187.524256, 5469, 811899.0
377, 69.805805, 664.426356, 37.652717, 181.164532, 5495, 817096.0
378, 72.500676, 663.824895, 36.969090, 212.260680, 5475, 808840.0
379, 72.210852, 663.858027, 37.313311, 200.042193, 5538, 818920.0
380, 70.909512, 663.055392, 37.907021, 185.013180, 5713, 848699.0
381, 69.452200, 662.951740, 37.987233, 212.934986, 5389, 798718.0
382, 70.954274, 663.592885, 37.741251, 178.399636, 5719, 850066.0
383, 70.549244, 663.137325, 37.671231, 187.244162, 5628, 835377.0
384, 71.692742, 663.445990, 37.146246, 185.964699, 5511, 820395.0
385, 70.973155, 663.998764, 37.579581, 191.997274, 5405, 802802.0
386, 73.036298, 664.081209, 36.706492, 213.449446, 5345, 791668.0
387, 73.002334, 661.918068, 38.045910, 207.586378, 5519, 817022.0
388, 69.653778, 662.931334, 36.958191, 197.602741, 5438, 807520.0
389, 73.314137, 664.285382, 36.431991, 226.042307, 5493, 813344.0
390, 75.085308, 664.724641, 36.882507, 211.157125, 5492, 810594.0
391, 72.964551, 664.335740, 36.626747, 247.379775, 5344, 792655.0
392, 71.242075, 663.136892, 37.203843, 188.992403, 5427, 805343.0
393, 73.641734, 663.494828, 36.910494, 221.558145, 5481, 813402.0
394, 71.709542, 662.490185, 37.102682, 202.496024, 5402, 803878.0
395, 70.365359, 661.875000, 38.098425, 204.604853, 5382, 802048.0
396, 74.602566, 664.715950, 37.707222, 206.486000, 5487, 813880.0
397, 71.479420, 662.924006, 37.060651, 218.423326, 5409, 805388.0
398, 72.426246, 663.079238, 37.322212, 206.194267, 5485, 814789.0
399, 73.690489, 663.770651, 37.582498, 216.873100, 5394, 800485.0
400, 73.134897, 662.498832, 37.662192, 203.699548, 5522, 818425.0
401, 70.256045, 664.303892, 36.495253, 189.013974, 5687, 846712.0
402, 71.148778, 663.020767, 37.574202, 194.576674, 5525, 820360.0
403, 73.949412, 664.900091, 37.581552, 213.648143, 5484, 808445.0
404, 71.259003, 664.257275, 38.032591, 195.952573, 5613, 834880.0
405, 73.298508, 663.158882, 37.538491, 207.731490, 5481, 813523.0
406, 70.775475, 662.383489, 38.302180, 188.342075, 5647, 838182.0
407, 74.190577, 663.854159, 37.672331, 213.068704, 5478, 807847.0
408, 71.159440, 662.740796, 38.076121, 183.312586, 5742, 854994.0
409, 71.474283, 664.545235, 37.381185, 201.579137, 5355, 793910.0
410, 69.751487, 664.146133, 36.577371, 217.787776, 5536, 823766.0
411, 73.943868, 663.142742, 37.867030, 205.956770, 5554, 828424.0
412, 74.190836, 663.255204, 38.329887, 227.824757, 5564, 827023.0
413, 73.687061, 661.645062, 38.599320, 200.879001, 5478, 813387.0
414, 71.079142, 663.948576, 37.884109, 219.883934, 5330, 789164.0
415, 74.509527, 663.409590, 37.411385, 222.096668, 5417, 799145.0
416, 69.604222, 662.339535, 36.667816, 192.001046, 5429, 804100.0
417, 71.496461, 663.188920, 37.194160, 205.648395, 5387, 797111.0
418, 71.734535, 663.735527, 36.084103, 205.073425, 5458, 806441.0
419, 72.893840, 661.075674, 39.044649, 187.482791, 5544, 821766.0
420, 69.909608, 663.827150, 37.376947, 196.258092, 5530, 819625.0
421, 71.422654, 663.244002, 39.175000, 192.180483, 5497, 813631.0
422, 67.651159, 663.174795, 37.300389, 187.283939, 5488, 817238.0
423, 72.099113, 664.111217, 37.301178, 212.728140, 5408, 798719.0
424, 72.333799, 662.815201, 37.468505, 201.409890, 5502, 813858.0
425, 72.237578, 663.937649, 37.732973, 214.981541, 5331, 787605.0
426, 71.348950, 663.169801, 37.007997, 191.251217, 5505, 815951.0
427, 71.743125, 664.151823, 37.561836, 198.980082, 5558, 822943.0
428, 72.392146, 662.943992, 37.362344, 206.498586, 5500, 814552.0
429, 74.326337, 664.646657, 36.142153, 233.874688, 5519, 812890.0
430, 70.231016, 663.351899, 37.092228, 185.510098, 5662, 841342.0
431, 71.198744, 663.611140, 36.644884, 196.795472, 5486, 812490.0
432, 72.262852, 663.588378, 37.843974, 181.255385, 5580, 828157.0
433, 68.745230, 662.217707, 37.350920, 184.600421, 5522, 821625.0
434, 70.783712, 662.824845, 36.922028, 182.915944, 5532, 819454.0
435, 70.453500, 663.089158, 37.766920, 186.152274, 5665, 840215.0
436, 70.927751, 663.207716, 36.716197, 189.265291, 5427, 804981.0
437, 70.678126, 664.404644, 37.489977, 177.393362, 5682, 843200.0
438, 70.199195, 664.098816, 36.960431, 173.768362, 5719, 849531.0
439, 68.794885, 663.506380, 37.327258, 171.776492, 5634, 837385.0
440, 72.164774, 662.729893, 37.837873, 209.451999, 5336, 793661.0
441, 71.561846, 663.985377, 35.697883, 194.027684, 5563, 831218.0
442, 70.995815, 663.378578, 37.511702, 183.047266, 5677, 845575.0
443, 71.254387, 662.865670, 37.458194, 196.794411, 5454, 809147.0
444, 70.078712, 662.541184, 37.705190, 184.043118, 5492, 816230.0
445, 68.307414, 662.457404, 38.517142, 170.968161, 5646, 841366.0
446, 71.668728, 664.072482, 36.833626, 209.773016, 5216, 772838.0
447, 72.811949, 663.361194, 37.480491, 205.510536, 5432, 804615.0
448, 71.148795, 663.269216, 37.502288, 197.660889, 5388, 800482.0
449, 71.236091, 665.597179, 36.393220, 198.362851, 5364, 794330.0
450, 71.530881, 663.330551, 37.484344, 207.581796, 5407, 803040.0
451, 71.610709, 662.983528, 37.599161, 194.990964, 5492, 815621.0
452, 69.992359, 662.154723, 37.598104, 174.154239, 5687, 846253.0
453, 68.251243, 662.684885, 37.346005, 179.351098, 5574, 830776.0
454, 67.745698, 662.178663, 38.406378, 179.168333, 5575, 832059.0
455, 71.391104, 663.771667, 37.619389, 180.068701, 5460, 813856.0
456, 71.966845, 664.182167, 36.340311, 204.446863, 5542, 828917.0
457, 73.593576, 663.779559, 38.144893, 201.750392, 5571, 832580.0
458, 68.208265, 663.452275, 37.523387, 188.678586, 5566, 829694.0
459, 71.394954, 663.148782, 37.753624, 186.188779, 5618, 835229.0
460, 73.585613, 665.190453, 37.670568, 211.883291, 5544, 824642.0
461, 71.794905, 664.071926, 37.365163, 190.964571, 5401, 799057.0
462, 70.189574, 663.248351, 36.580667, 177.458625, 5736, 854508.0
463, 72.973684, 663.809669, 37.125246, 199.669399, 5427, 804445.0
464, 72.845663, 664.801871, 36.462230, 202.362370, 5342, 789104.0
465, 70.630968, 662.633705, 37.968971, 202.099466, 5631, 837981.0
466, 70.966428, 662.902618, 37.517788, 188.742658, 5485, 815280.0
467, 68.770826, 663.665694, 36.906218, 184.218579, 5580, 830965.0
468, 69.610596, 663.354972, 38.396276, 169.863519, 5606, 836802.0
469, 69.715395, 664.195046, 36.088452, 203.770564, 5413, 804697.0
470, 71.725811, 664.858718, 36.056655, 188.082072, 5448, 807695.0
471, 71.569342, 662.508291, 38.567250, 177.525386, 5451, 810120.0
472, 69.676501, 661.855473, 37.820038, 181.750663, 5442, 808635.0
473, 72.707902, 663.507161, 38.184072, 197.925141, 5514, 815703.0
474, 69.943717, 663.075316, 37.468033, 173.750151, 5649, 840759.0
475, 68.718245, 662.646362, 36.778520, 189.514406, 5551, 827912.0
476, 70.528226, 661.796294, 37.693288, 198.131227, 5784, 860100.0
477, 69.636655, 663.267682, 37.588586, 196.433155, 5520, 820935.0
478, 70.295723, 662.936330, 37.139531, 191.008981, 5644, 837893.0
479, 72.432047, 663.351609, 37.611413, 193.274466, 5493, 813171.0
480, 70.115530, 663.004419, 37.547368, 189.565934, 5363, 796765.0
481, 69.668088, 662.669400, 37.377061, 203.281596, 5394, 799856.0
482, 69.652235, 662.991849, 36.603181, 186.977011, 5685, 847775.0
483, 69.867973, 664.287573, 37.073099, 192.088882, 5555, 828633.0
484, 68.353246, 663.178567, 38.630892, 153.528788, 5741, 856794.0
485, 70.556968, 661.591747, 38.223465, 211.876289, 5528, 832701.0
486, 69.394466, 663.804115, 36.893853, 163.850066, 5746, 858264.0
487, 69.681708, 664.414060, 36.610651, 183.995055, 5637, 844351.0
488, 71.181549, 663.780421, 37.060002, 189.816447, 5452, 807585.0
489, 71.269919, 663.534324, 37.570500, 175.374000, 5690, 845354.0
490, 71.157314, 663.239908, 37.801540, 193.990090, 5410, 803379.0
491, 74.101264, 664.562824, 36.827609, 239.556518, 5401, 799139.0
492, 71.680764, 663.788543, 36.904107, 207.762307, 5398, 799704.0
493, 68.482517, 662.773244, 37.628343, 191.664163, 5648, 840579.0
494, 70.801111, 663.778477, 37.333172, 185.723811, 5717, 848882.0
495, 72.020516, 662.891103, 37.632533, 207.749913, 5482, 813233.0
496, 68.531733, 662.448673, 37.597275, 201.506461, 5586, 830829.0
497, 72.207790, 662.433972, 37.742455, 215.788444, 5315, 790398.0
498, 73.694399, 664.462917, 37.223536, 212.284255, 5507, 814482.0
499, 74.162313, 664.344907, 36.353796, 239.702084, 5371, 791644.0
500, 71.936169, 663.130905, 37.402610, 194.159963, 5450, 809713.0
501, 68.739076, 663.150794, 37.402302, 182.854799, 5690, 847348.0
502, 71.447376, 664.690041, 35.667940, 172.762021, 5525, 819132.0
503, 68.939268, 663.232851, 37.984680, 176.547558, 5608, 835506.0
504, 73.913930, 665.458435, 36.404799, 229.305599, 5411, 797301.0
505, 68.792529, 664.280929, 37.810492, 165.519904, 5618, 836949.0
506, 72.702262, 663.701230, 37.530464, 202.823220, 5523, 817037.0
507, 72.440789, 666.107554, 35.001701, 202.928556, 5363, 791664.0
508, 70.784428, 664.015113, 37.556720, 201.048224, 5315, 788507.0
509, 72.316320, 663.227695, 37.750938, 206.952426, 5506, 816839.0
510, 68.462136, 664.763513, 36.666835, 170.278684, 5688, 858017.0
511, 71.820555, 663.645330, 36.963883, 189.710871, 5431, 811449.0
512, 73.216263, 662.097557, 37.866429, 230.168784, 5313, 792145.0
513, 73.569850, 663.319923, 37.111359, 202.455238, 5491, 816107.0
514, 71.739118, 664.532916, 36.549026, 214.502204, 5271, 779662.0
515, 72.230294, 663.156235, 37.517791, 188.278373, 5321, 789536.0
516, 74.264658, 663.986902, 36.827675, 228.289991, 5441, 808471.0
517, 70.878497, 662.643539, 37.521049, 198.392883, 5556, 825758.0
518, 68.837754, 663.427450, 37.298265, 173.816732, 5664, 842560.0
519, 68.952587, 664.604597, 36.193380, 180.089772, 5592, 831103.0
520, 73.451090, 662.612039, 38.295907, 228.769469, 5394, 798397.0
521, 69.771251, 663.374260, 37.671322, 180.881312, 5575, 828530.0
522, 70.101810, 663.485303, 37.223515, 194.794869, 5631, 836749.0
523, 72.720609, 665.596247, 35.114078, 213.833961, 5223, 769275.0
524, 71.592096, 663.761859, 37.673662, 193.053537, 5537, 832085.0
525, 71.937590, 663.042964, 37.801598, 207.122856, 5468, 812494.0
526, 71.434234, 663.554337, 38.235504, 169.999865, 5687, 849236.0
527, 71.998941, 663.790710, 36.956061, 177.663911, 5604, 831576.0
528, 69.744477, 663.368929, 36.573695, 184.605934, 5678, 842558.0
529, 72.049913, 663.858672, 37.121629, 197.860550, 5328, 789591.0
530, 68.798636, 663.489842, 36.516910, 181.854265, 5588, 830571.0
531, 73.076473, 664.563492, 35.810855, 236.397677, 5418, 798309.0
532, 72.302200, 664.524863, 37.186836, 208.761688, 5432, 803259.0
533, 71.978439, 665.469891, 35.128455, 219.663788, 5306, 782525.0
534, 68.077286, 663.667835, 36.507988, 162.489293, 5678, 845819.0
535, 70.448029, 663.255255, 37.075133, 184.913830, 5604, 832746.0
536, 69.829498, 662.631357, 38.514000, 190.941895, 5540, 833558.0
537, 70.881466, 662.505739, 38.082240, 187.784279, 5617, 846032.0
538, 69.167635, 662.541312, 37.171442, 180.274863, 5762, 858040.0
539, 73.010339, 662.969932, 37.745561, 238.050459, 5283, 780533.0
540, 69.209296, 663.502488, 37.524689, 175.783015, 5714, 850489.0
541, 71.705649, 663.078956, 38.071293, 188.718450, 5463, 810358.0
542, 69.743692, 662.655134, 38.546633, 181.347777, 5713, 850240.0
543, 71.000843, 664.007846, 36.632584, 223.607978, 5508, 818666.0
544, 70.530491, 663.845396, 37.851390, 188.237019, 5654, 842715.0
545, 68.936750, 663.380042, 37.439948, 174.570253, 5661, 846117.0
546, 69.677252, 662.909744, 36.500455, 212.912625, 5355, 794942.0
547, 70.952809, 663.600799, 37.937660, 177.097292, 5767, 859664.0
548, 69.824014, 664.666598, 36.431914, 210.598374, 5505, 817742.0
549, 71.254227, 663.688704, 37.124227, 187.007139, 5769, 859425.0
550, 70.348405, 663.277475, 37.586752, 212.079718, 5450, 810057.0
551, 70.979393, 663.644709, 37.137339, 179.754235, 5605, 832192.0
552, 69.234811, 663.205194, 37.429414, 188.302538, 5672, 871625.0
553, 72.262521, 663.909093, 37.312054, 192.111812, 5311, 788277.0
554, 72.163065, 663.108503, 37.905385, 192.254685, 5418, 807117.0
555, 70.623500, 663.495246, 38.587356, 181.126427, 5626, 839681.0
556, 70.971291, 662.575843, 37.325386, 189.427327, 5633, 837218.0
557, 70.031827, 663.653008, 37.435726, 189.990890, 5635, 841197.0
558, 71.739611, 663.811986, 36.443156, 220.178268, 5325, 790375.0
559, 71.159835, 664.667888, 37.033885, 222.446477, 5410, 802118.0
560, 69.408816, 665.066876, 36.672246, 196.531156, 5716, 851514.0
561, 72.830209, 665.360652, 36.449690, 193.535542, 5532, 818399.0
562, 70.301006, 662.395742, 38.669373, 202.225395, 5577, 828794.0
563, 69.962710, 663.476638, 36.619020, 183.998660, 5754, 854874.0
564, 73.977988, 663.827301, 37.731580, 226.549196, 5458, 805586.0
565, 71.528111, 663.854156, 37.731147, 185.115575, 5560, 824870.0
566, 69.815131, 663.311382, 37.567314, 193.893415, 5706, 868757.0
567, 67.991466, 662.677275, 38.298428, 165.295587, 5620, 837577.0
568, 74.648416, 663.232004, 36.975192, 228.875250, 5512, 813299.0
569, 71.472553, 662.240815, 38.250291, 204.167724, 5605, 833834.0
570, 70.740728, 663.614234, 36.454261, 169.140067, 5838, 867365.0
571, 73.678458, 665.234805, 36.106445, 206.553250, 5452, 802602.0
572, 71.276148, 662.974097, 37.668968, 212.002261, 5202, 771133.0
573, 70.326238, 663.945581, 37.554268, 163.976522, 5659, 842722.0
574, 70.395770, 663.414073, 36.139553, 185.289521, 5451, 808998.0
575, 71.749805, 663.211348, 38.448334, 186.603694, 5600, 832615.0
576, 74.048566, 662.120688, 38.770342, 227.869311, 5383, 797721.0
577, 72.610184, 661.811767, 38.598228, 208.482557, 5440, 806721.0
578, 70.345781, 662.340348, 38.166094, 187.474596, 5579, 829577.0
579, 71.393013, 662.562596, 37.606349, 191.079856, 5438, 806756.0
580, 75.252356, 665.734676, 35.395622, 241.181896, 5493, 809384.0
581, 69.157817, 664.193185, 37.164933, 185.919666, 5692, 846219.0
582, 75.211762, 663.331361, 37.280581, 219.890331, 5444, 801108.0
583, 73.791884, 664.430891, 36.804418, 203.459407, 5532, 819336.0
584, 70.554397, 662.892613, 38.309199, 200.734599, 5422, 805506.0
585, 69.777172, 663.458901, 36.921768, 174.411638, 5726, 851910.0
586, 72.020813, 662.729013, 37.939604, 192.812856, 5413, 814051.0
587, 74.249936, 663.496880, 37.445373, 203.004160, 5392, 800954.0
588, 70.818340, 664.921485, 37.002029, 202.730913, 5242, 775054.0
589, 68.436733, 662.510904, 38.287025, 177.870468, 5516, 822153.0
590, 71.173823, 661.792849, 38.107239, 211.250154, 5231, 776421.0
591, 68.746436, 662.865402, 38.003209, 196.877402, 5598, 832380.0
592, 72.411722, 663.109074, 37.777115, 215.406916, 5490, 813886.0
593, 69.795775, 663.593992, 37.834896, 185.306919, 5772, 859377.0
594, 72.352735, 663.962728, 36.310330, 210.129137, 5388, 825616.0
595, 69.521326, 662.513415, 37.997526, 190.120421, 5497, 815295.0
596, 72.440260, 665.174146, 35.462899, 222.696222, 5231, 768877.0
597, 68.879521, 663.092191, 38.304588, 161.939833, 5627, 837500.0
598, 68.789839, 662.949349, 37.766512, 171.446418, 5754, 857642.0
599, 72.901017, 663.953216, 36.407039, 199.620548, 5470, 808464.0
600, 71.617342, 662.928796, 37.749863, 192.899761, 5367, 795872.0
601, 70.127492, 661.723507, 37.558654, 210.892374, 5410, 803600.0
602, 71.041397, 663.314026, 37.034880, 189.385175, 5450, 810050.0
603, 68.966536, 664.444854, 36.287625, 174.517755, 5603, 834090.0
604, 73.131006, 663.448169, 37.457430, 196.922965, 5505, 813858.0
605, 76.169992, 665.482212, 35.878479, 235.549368, 5457, 803330.0
606, 69.532027, 662.470111, 37.374264, 181.856057, 5627, 836748.0
607, 71.137612, 663.959307, 36.307948, 170.480836, 5668, 838941.0
608, 71.730299, 663.918450, 36.459459, 206.387531, 5335, 789840.0
609, 70.972314, 663.394470, 37.854725, 201.279358, 5710, 849195.0
610, 71.919622, 662.714186, 38.639634, 203.426813, 5516, 818257.0
611, 70.594591, 664.103813, 36.139989, 188.176682, 5403, 801454.0
612, 74.539317, 664.249887, 36.629979, 236.624829, 5278, 776961.0
613, 70.961685, 662.938465, 36.803482, 210.033730, 5463, 809842.0
614, 68.544636, 662.581887, 38.210848, 172.201674, 5689, 846216.0
615, 71.872945, 662.521894, 37.391995, 206.484370, 5396, 799062.0
616, 67.867769, 663.753133, 36.420801, 173.139954, 5470, 811464.0
617, 71.078983, 664.056350, 37.116394, 194.102630, 5548, 821831.0
618, 71.304539, 663.399884, 37.930276, 180.929885, 5694, 845544.0
619, 69.327368, 662.162783, 38.550167, 177.868477, 5697, 848326.0
620, 67.317085, 662.914488, 37.302735, 185.917612, 5383, 799111.0
621, 70.867654, 663.588962, 38.064931, 169.795036, 5689, 845262.0
622, 70.287975, 662.833033, 36.598344, 189.670998, 5492, 832445.0
623, 71.419574, 663.163510, 38.238690, 211.545150, 5458, 813773.0
624, 69.249180, 662.770089, 36.892255, 181.993368, 5574, 828135.0
625, 68.780556, 662.590366, 38.111030, 176.203660, 5616, 835354.0
626, 72.942708, 663.521638, 37.767394, 228.559228, 5432, 801799.0
627, 72.812262, 664.308039, 37.141586, 202.438341, 5375, 794208.0
628, 68.600592, 663.682674, 38.158624, 190.547741, 5592, 830788.0
629, 71.853550, 664.036164, 37.026524, 186.840393, 5586, 826545.0
630, 68.645916, 663.032329, 37.767268, 164.827711, 5786, 861222.0
631, 69.773211, 662.630411, 38.360611, 164.102668, 5657, 840888.0
632, 67.180934, 662.774340, 38.142996, 169.858925, 5504, 818293.0
633, 72.006075, 665.031467, 35.878552, 182.381141, 5458, 806659.0
634, 71.986695, 663.773161, 37.806773, 206.221010, 5401, 799279.0
635, 69.365238, 662.904429, 37.062152, 196.874422, 5558, 826184.0
636, 70.775573, 664.004715, 36.960378, 194.660584, 5234, 773418.0
637, 69.778869, 662.668212, 37.528682, 188.413755, 5689, 847036.0
638, 72.074620, 664.037754, 37.521694, 233.045268, 5283, 780679.0
639, 69.733473, 664.518620, 37.112484, 176.099405, 5585, 832018.0
640, 70.948851, 662.779316, 38.469447, 185.341905, 5635, 836586.0
641, 68.548334, 663.784404, 37.587569, 165.242161, 5752, 857715.0
642, 69.333739, 663.064729, 37.481949, 176.978886, 5621, 836597.0
643, 67.946049, 662.690570, 37.921918, 175.455908, 5427, 805940.0
644, 70.869797, 661.695416, 38.776216, 195.412988, 5541, 821844.0
645, 70.944680, 662.843019, 38.274664, 180.335767, 5569, 826783.0
646, 69.068270, 661.702256, 38.839559, 175.117323, 5667, 843064.0
647, 69.668658, 662.916503, 36.880517, 190.873408, 5385, 798412.0
648, 69.183959, 662.211718, 37.658184, 185.504510, 5738, 853293.0
649, 74.486297, 663.953316, 37.445458, 215.688243, 5477, 808052.0
650, 69.683662, 663.979851, 37.237109, 172.945475, 5685, 861835.0
651, 67.089004, 663.605155, 36.928480, 169.728705, 5567, 827569.0
652, 69.964221, 664.322187, 36.703017, 178.856487, 5640, 839588.0
653, 68.917606, 663.120485, 37.649830, 161.660794, 5755, 856688.0
654, 72.305419, 662.675049, 38.489288, 192.703120, 5444, 807677.0
655, 67.777169, 663.127000, 36.784173, 183.859454, 5490, 819510.0
656, 70.715514, 662.980603, 37.374511, 186.852164, 5349, 795912.0
657, 71.895772, 664.585631, 37.255525, 197.416253, 5529, 824823.0
658, 72.583434, 664.274187, 36.906139, 211.744863, 5476, 810677.0
659, 69.800684, 662.521940, 38.140924, 177.068344, 5634, 842677.0
660, 68.873422, 663.380313, 37.515422, 189.522978, 5648, 841870.0
661, 73.890237, 663.907020, 38.457315, 234.927505, 5477, 812023.0
662, 70.319368, 665.173115, 36.502732, 170.511838, 5705, 851036.0
663, 71.509837, 663.757679, 37.523236, 181.843001, 5645, 841176.0
664, 69.811892, 663.067243, 38.495164, 174.673501, 5651, 843391.0
665, 69.109354, 662.552368, 38.013563, 179.538462, 5694, 846841.0
666, 69.729684, 663.164232, 37.228795, 182.743352, 5591, 829671.0
667, 74.175376, 664.194945, 35.891859, 231.661140, 5435, 801800.0
668, 71.279057, 662.945713, 37.895563, 175.690421, 5596, 830489.0
669, 70.168206, 664.258870, 37.116068, 184.356712, 5767, 857166.0
670, 70.448527, 664.590898, 36.790795, 176.172121, 5718, 851914.0
671, 70.924679, 664.514049, 36.709604, 193.855005, 5511, 817615.0
672, 68.794597, 663.247489, 37.655816, 183.706479, 5526, 822900.0
673, 70.373210, 664.602154, 36.697983, 178.468499, 5633, 836351.0
674, 68.119079, 662.427013, 37.361336, 178.405256, 5529, 822772.0
675, 71.179930, 664.427035, 37.080903, 190.264237, 5606, 835673.0
676, 71.695362, 662.686457, 37.213622, 184.466187, 5197, 773086.0
677, 70.844061, 663.674251, 37.487268, 182.368709, 5611, 836187.0
678, 67.656100, 662.610647, 37.619622, 176.971473, 5516, 820893.0
679, 68.659352, 665.185076, 34.871733, 175.816718, 5720, 850570.0
680, 67.705396, 662.463121, 37.798992, 176.056310, 5535, 824193.0
681, 66.602544, 663.194224, 37.795522, 182.487293, 5584, 831717.0
682, 66.568250, 662.846846, 37.099625, 158.769150, 5579, 830830.0
683, 70.029241, 664.036333, 36.924541, 174.423993, 5767, 857850.0
684, 66.580686, 663.695777, 37.478173, 160.637802, 5536, 823065.0
685, 69.992531, 662.435823, 38.647664, 171.667308, 5683, 845181.0
686, 69.082996, 662.547355, 38.286167, 160.043075, 5711, 850869.0
687, 69.853092, 663.100602, 37.525353, 179.902969, 5722, 849564.0
688, 71.533438, 663.530585, 38.325981, 196.493071, 5411, 801186.0
689, 66.720446, 663.548541, 36.815592, 171.664387, 5576, 828348.0
690, 69.216825, 662.675462, 37.746690, 176.899640, 5616, 834048.0
691, 69.484495, 662.990788, 36.895919, 177.572270, 5705, 869896.0
692, 68.858080, 663.530502, 36.891354, 171.294465, 5757, 855660.0
693, 69.687833, 663.246478, 37.217642, 184.205307, 5653, 841031.0
694, 71.893068, 663.153164, 38.083822, 199.711232, 5533, 820361.0
695, 72.324056, 664.145150, 36.820458, 213.467254, 5268, 778936.0
696, 69.485914, 663.912168, 37.415192, 199.066720, 5517, 819141.0
697, 69.088943, 662.824649, 37.003790, 172.346635, 5645, 839655.0
698, 70.029204, 663.058133, 36.750326, 202.472686, 5413, 803843.0
699, 70.975762, 664.394860, 36.927278, 179.090960, 5591, 831786.0
700, 73.343110, 663.431378, 37.343397, 206.645454, 5556, 818830.0
701, 73.743057, 663.698237, 37.868898, 190.617249, 5577, 821762.0
702, 72.260064, 662.192428, 38.423830, 177.633830, 5557, 822038.0
703, 68.874336, 662.755308, 37.673122, 179.861815, 5568, 827026.0
704, 72.810513, 663.582670, 37.589123, 209.729866, 5402, 797969.0
705, 70.490181, 662.278088, 37.759268, 176.217298, 5689, 844208.0
706, 69.630627, 664.622004, 35.896061, 191.454634, 5642, 834472.0
707, 71.219114, 662.953354, 38.170300, 217.792942, 5180, 764522.0
708, 70.396625, 663.116093, 37.608438, 173.304126, 5618, 833516.0
709, 69.612088, 663.700711, 36.677774, 198.157957, 5585, 826966.0
710, 67.787317, 663.462467, 37.415935, 178.941341, 5451, 805514.0
711, 69.788027, 663.497145, 37.233843, 193.868655, 5627, 835484.0
712, 70.321876, 663.970757, 37.572153, 187.800267, 5603, 832530.0
713, 69.649883, 664.083669, 36.968977, 174.697965, 5767, 883894.0
714, 69.687538, 663.519131, 37.596568, 193.297462, 5523, 819093.0
715, 73.308806, 663.607952, 37.342591, 218.338201, 5496, 809590.0
716, 71.044353, 664.291214, 36.897108, 193.032878, 5581, 828665.0
717, 69.750248, 662.971467, 39.012097, 176.651731, 5582, 828540.0
718, 68.511272, 663.045450, 36.841095, 187.216074, 5564, 827569.0
719, 67.601578, 662.698741, 37.436880, 194.224822, 5400, 830993.0
720, 68.773532, 663.915625, 36.740865, 175.412670, 5573, 825745.0
721, 71.620601, 664.072613, 37.179546, 203.000964, 5395, 797469.0
722, 70.463053, 663.203139, 37.574748, 205.973255, 5491, 821116.0
723, 70.898309, 662.644244, 38.235229, 191.334546, 5647, 843426.0
724, 68.540296, 663.741632, 36.696997, 180.282746, 5726, 855010.0
725, 67.034507, 662.112615, 38.399081, 186.457502, 5450, 812157.0
726, 69.108011, 662.814652, 37.163838, 184.660793, 5716, 853603.0
727, 67.483170, 662.491580, 37.977739, 167.828598, 5604, 835254.0
728, 69.477177, 663.007947, 37.672897, 175.779824, 5737, 856146.0
729, 69.483651, 664.580105, 37.584400, 167.744899, 5614, 837726.0
730, 71.533218, 663.035845, 37.046513, 199.262146, 5358, 798604.0
731, 71.026427, 663.227732, 36.934625, 194.234061, 5316, 788512.0
732, 71.974599, 662.664280, 38.007573, 180.289671, 5492, 817715.0
733, 68.877630, 662.680060, 36.949157, 175.646386, 5697, 846583.0
734, 72.776709, 664.827780, 36.150454, 208.576276, 5227, 776498.0
735, 69.183759, 662.872674, 37.953223, 169.536993, 5794, 903472.0
736, 67.749939, 663.258271, 38.122404, 157.513283, 5787, 901544.0
737, 70.118790, 663.201221, 37.853189, 188.546462, 5582, 828479.0
738, 67.620640, 663.869170, 36.522581, 170.291485, 5647, 838372.0
739, 69.678894, 663.751421, 37.103603, 204.879321, 5555, 823725.0
740, 67.284499, 664.185967, 37.325856, 167.504715, 5654, 841138.0
741, 70.007224, 664.504746, 36.573326, 186.857580, 5472, 813135.0
742, 67.352554, 663.394395, 37.816153, 153.372709, 5685, 844926.0
743, 70.233717, 663.706811, 37.258136, 184.036958, 5636, 836547.0
744, 70.504513, 663.670567, 37.138523, 187.108808, 5683, 843578.0
745, 68.917556, 662.516036, 37.712834, 164.282455, 5822, 865863.0
746, 70.179885, 663.408935, 37.575846, 184.262240, 5694, 849498.0
747, 69.717383, 663.838416, 36.858094, 181.708484, 5578, 838847.0
748, 68.563270, 663.065925, 37.688957, 167.855670, 5625, 840257.0
749, 68.018022, 663.067077, 37.968203, 156.288314, 5597, 834732.0
750, 68.590303, 663.373083, 37.953187, 171.259231, 5723, 850048.0
751, 69.142531, 663.415567, 38.077592, 172.630238, 5748, 851510.0
752, 67.600086, 663.016572, 37.424826, 160.089725, 5538, 820897.0
753, 69.175901, 663.762507, 36.431848, 167.169508, 5638, 836033.0
754, 67.178004, 661.784657, 37.756465, 167.773206, 5494, 812603.0
755, 67.303266, 662.958495, 37.283746, 157.600795, 5610, 834920.0
756, 67.883911, 662.282635, 37.389121, 170.111719, 5669, 840310.0
757, 68.542678, 662.934895, 37.703748, 177.711775, 5615, 831972.0
758, 68.420571, 665.376229, 35.959524, 162.932886, 5664, 839247.0
759, 67.298926, 664.118240, 36.151289, 168.750131, 5562, 824798.0
760, 69.098971, 664.460089, 36.380161, 185.297292, 5696, 868984.0
761, 68.114126, 663.012813, 37.235469, 168.423361, 5692, 846958.0
762, 70.347032, 664.200413, 36.904026, 181.575330, 5774, 857209.0
763, 72.208254, 663.763887, 37.241682, 191.557104, 5455, 814579.0
764, 69.100416, 663.071938, 38.300538, 159.526102, 5795, 869878.0
765, 71.601658, 665.287726, 36.738789, 189.500410, 5520, 836626.0
766, 69.989202, 662.357281, 38.454331, 175.018887, 5662, 849427.0
767, 70.280252, 664.039407, 37.192519, 192.251072, 5663, 852605.0
768, 69.057364, 663.446170, 37.565455, 165.374139, 5630, 870329.0
769, 70.460484, 662.654475, 37.076259, 200.587681, 5451, 810931.0
770, 68.710249, 663.180626, 37.872965, 185.386125, 5552, 821682.0
771, 68.390541, 663.786687, 36.878409, 168.106942, 5617, 836556.0
772, 68.856345, 663.326525, 38.212960, 181.131438, 5596, 831290.0
773, 71.876745, 664.301218, 36.099700, 198.646780, 5423, 800861.0
774, 70.313937, 662.891756, 37.848017, 185.447919, 5653, 837855.0
775, 68.042568, 662.517757, 38.275406, 170.644823, 5680, 847115.0
776, 70.020800, 664.475955, 37.551628, 169.915052, 5695, 845166.0
777, 70.381341, 661.883453, 37.664120, 201.450266, 5472, 810034.0
778, 68.853012, 663.086279, 37.073253, 170.721286, 5633, 835897.0
779, 71.716257, 663.356452, 37.305665, 186.238126, 5479, 809015.0
780, 69.058948, 662.967701, 37.246162, 169.007442, 5772, 857379.0
781, 71.046255, 663.428385, 37.407246, 198.637667, 5662, 838761.0
782, 71.500720, 663.663054, 37.309520, 164.166900, 5579, 824404.0
783, 71.512719, 664.182795, 36.863713, 198.612064, 5498, 810976.0
784, 67.596331, 662.810746, 38.926730, 165.499996, 5700, 846365.0
785, 68.170787, 663.291559, 36.476024, 182.575492, 5565, 826137.0
786, 67.840311, 663.009156, 36.928815, 159.550048, 5713, 859975.0
787, 71.175396, 662.761057, 37.340534, 194.827184, 5279, 779993.0
788, 68.317947, 664.041109, 37.342078, 172.902321, 5597, 844158.0
789, 68.744665, 663.273584, 36.628906, 168.054396, 5663, 843319.0
790, 68.452480, 663.647224, 38.408668, 159.938174, 5728, 851405.0
791, 67.468954, 663.923080, 36.493707, 165.646069, 5568, 826490.0
792, 69.312209, 662.667051, 37.048991, 179.436865, 5711, 849555.0
793, 69.151518, 662.252840, 37.646916, 169.036841, 5571, 830154.0
794, 66.651930, 663.226441, 37.414407, 153.161571, 5530, 826183.0
795, 69.680808, 662.240430, 38.653239, 190.318276, 5645, 841795.0
796, 70.832155, 662.983888, 38.021437, 193.389418, 5614, 835941.0
797, 68.726307, 663.807284, 37.836908, 159.700433, 5754, 858315.0
798, 67.399412, 662.850146, 37.869688, 160.299401, 5688, 853074.0
799, 69.750406, 664.429726, 37.195568, 171.741906, 5739, 850122.0
800, 68.463852, 663.859968, 35.864008, 181.844312, 5726, 846270.0
801, 69.343652, 663.202719, 38.169180, 156.430918, 5787, 858200.0
802, 66.472524, 662.383924, 36.678848, 164.622518, 5588, 826231.0
803, 72.504691, 664.151745, 37.187919, 207.980919, 5435, 812844.0
804, 71.015019, 664.494664, 36.442596, 199.348254, 5515, 814847.0
805, 71.286997, 662.988066, 37.188181, 188.943262, 5741, 850871.0
806, 68.619897, 662.952339, 36.691171, 188.031542, 5465, 810329.0
807, 70.010759, 664.049129, 35.917065, 195.603987, 5579, 825585.0
808, 70.186416, 663.981637, 36.949828, 171.492548, 5691, 844613.0
809, 70.310594, 663.744199, 37.300662, 186.298520, 5609, 834907.0
810, 67.291620, 662.640337, 38.007009, 165.278728, 5519, 823237.0
811, 69.006699, 664.043206, 37.712261, 165.657238, 5594, 840591.0
812, 68.742988, 662.637183, 37.714436, 165.607623, 5802, 872887.0
813, 70.999513, 662.921759, 37.430314, 184.765327, 5497, 823207.0
814, 68.806184, 662.868324, 37.408423, 189.188211, 5422, 813693.0
815, 69.302137, 663.469981, 37.483563, 191.272354, 5506, 841882.0
816, 69.387255, 664.416191, 37.228579, 173.203285, 5576, 832206.0
817, 71.705815, 664.119553, 38.043808, 199.935044, 5314, 784314.0
818, 67.267797, 662.834524, 37.093200, 176.135936, 5467, 812815.0
819, 69.776696, 664.169146, 36.868671, 179.174547, 5545, 823267.0
820, 69.386519, 663.460270, 37.532150, 179.476737, 5693, 848174.0
821, 70.215263, 662.688398, 38.235743, 184.717297, 5639, 838586.0
822, 71.038138, 663.209781, 37.250493, 185.648638, 5684, 848031.0
823, 71.023271, 663.522211, 38.119774, 186.641993, 5638, 837012.0
824, 69.791841, 661.891047, 38.616982, 199.739394, 5431, 810905.0
825, 69.802345, 662.542350, 38.005518, 200.098079, 5439, 810099.0
826, 67.888720, 662.382151, 38.442179, 171.024301, 5637, 842475.0
827, 67.706016, 663.297335, 36.864864, 174.967267, 5445, 811630.0
828, 66.540166, 661.026017, 37.845161, 162.903139, 5502, 821840.0
829, 68.433780, 662.928644, 36.889582, 181.282929, 5630, 856411.0
830, 68.661736, 662.661774, 38.941603, 149.080541, 5689, 847092.0
831, 68.157002, 662.183840, 38.587597, 168.179035, 5745, 855418.0
832, 68.853554, 662.561158, 37.408136, 197.791960, 5715, 848434.0
833, 70.564920, 663.268447, 37.922750, 194.003908, 5634, 836764.0
834, 68.680986, 663.635687, 37.241147, 179.889288, 5627, 836489.0
835, 68.163526, 663.057739, 36.430745, 184.542767, 5457, 808597.0
836, 69.467185, 663.043833, 37.997936, 166.518062, 5818, 865733.0
837, 69.865928, 662.367221, 37.715302, 170.112454, 5596, 830878.0
838, 69.318275, 663.690237, 36.938684, 173.316432, 5717, 849775.0
839, 69.505879, 664.033403, 36.260460, 199.526318, 5510, 816122.0
840, 68.965005, 662.617942, 38.173687, 179.124194, 5676, 844092.0
841, 69.877365, 664.626365, 37.536841, 186.872074, 5511, 817733.0
842, 71.794875, 663.046170, 38.301868, 190.656397, 5529, 818513.0
843, 66.921411, 662.294119, 37.663665, 164.005570, 5451, 810048.0
844, 68.330205, 663.344128, 36.607566, 175.012175, 5578, 827366.0
845, 67.278623, 663.459757, 36.753957, 168.099316, 5540, 822010.0
846, 68.381279, 662.342453, 38.087167, 175.980866, 5642, 840036.0
847, 69.523107, 663.155607, 37.254733, 161.781785, 5769, 857638.0
848, 68.277482, 663.144398, 37.050410, 171.723792, 5636, 836991.0
849, 69.112749, 662.489043, 37.084719, 159.611414, 5751, 854432.0
850, 67.721005, 662.945991, 37.139977, 172.484660, 5449, 809631.0
851, 70.826541, 663.196324, 38.125614, 197.909547, 5632, 835121.0
852, 67.317641, 663.923266, 36.664217, 166.363994, 5613, 834401.0
853, 69.757252, 663.317938, 37.713594, 159.784719, 5729, 852993.0
854, 67.911715, 663.183404, 34.326760, 375.471552, 5012, 740061.0
855, 71.715695, 664.082426, 36.697744, 182.451957, 5613, 841295.0
856, 68.222211, 661.197195, 38.255084, 151.202857, 5735, 857259.0
857, 66.723364, 662.962563, 37.430391, 149.437071, 5572, 830222.0
858, 68.055477, 662.772058, 37.734703, 161.137409, 5737, 852318.0
859, 67.651626, 662.818653, 36.651679, 171.646325, 5608, 831880.0
860, 70.865810, 664.577728, 35.339596, 204.842574, 5370, 791135.0
861, 67.128163, 663.982905, 37.359247, 181.159612, 5500, 817377.0
862, 67.459455, 661.623722, 38.596841, 188.675152, 5496, 815318.0
863, 67.628935, 662.476122, 37.717780, 167.022754, 5641, 839541.0
864, 68.733304, 663.664708, 36.878257, 182.163573, 5614, 834442.0
865, 69.699289, 662.914200, 37.692551, 172.363336, 5794, 862534.0
866, 70.136141, 662.793301, 36.901348, 184.224024, 5590, 829004.0
867, 69.048203, 663.070102, 37.065270, 158.575008, 5774, 858565.0
868, 72.936341, 664.034462, 38.180900, 199.478698, 5502, 813002.0
869, 69.325198, 663.238585, 37.108940, 189.342661, 5473, 813049.0
870, 70.454549, 662.274515, 38.447881, 185.475402, 5643, 855170.0
871, 67.618495, 664.263688, 36.998648, 172.181475, 5584, 832069.0
872, 70.366546, 663.221210, 37.056187, 179.045793, 5680, 843093.0
873, 71.537816, 663.313612, 37.370898, 183.625987, 5459, 808866.0
874, 67.761617, 663.458231, 37.526852, 175.791206, 5601, 832171.0
875, 71.772041, 662.941760, 36.963707, 202.177974, 5383, 795276.0
876, 70.874453, 663.944731, 37.491060, 190.860232, 5488, 813635.0
877, 66.863616, 663.554088, 37.319102, 184.217814, 5651, 840328.0
878, 69.710218, 663.346219, 37.673722, 181.971951, 5532, 821886.0
879, 70.393662, 664.484404, 36.023894, 182.770298, 5493, 813435.0
880, 67.425626, 663.585064, 36.754472, 144.230552, 5650, 841054.0
881, 70.119003, 663.715721, 36.173822, 174.035506, 5555, 827116.0
882, 68.990968, 664.002683, 37.655485, 165.414588, 5726, 852449.0
883, 70.174866, 664.236662, 36.822733, 175.440720, 5726, 851610.0
884, 67.792834, 663.759253, 36.015052, 172.833043, 5529, 822603.0
885, 69.876649, 661.522837, 38.316210, 172.176573, 5567, 828128.0
886, 70.365379, 662.864046, 37.177035, 197.287651, 5289, 783832.0
887, 69.589319, 663.355176, 37.992938, 154.019713, 5657, 844455.0
888, 69.297959, 662.865813, 37.723526, 178.493512, 5601, 834447.0
889, 68.120898, 663.588092, 36.998016, 151.179365, 5797, 864809.0
890, 69.678768, 662.530270, 37.829101, 164.015092, 5755, 860148.0
891, 69.531999, 664.293691, 35.981303, 183.881656, 5641, 837955.0
892, 71.267308, 663.383431, 38.316562, 194.645420, 5664, 842326.0
893, 70.212520, 663.860792, 37.098650, 179.906819, 5598, 831021.0
894, 68.333027, 662.122616, 37.702531, 179.807154, 5693, 847812.0
895, 68.842296, 663.056765, 38.113973, 169.981438, 5685, 847269.0
896, 71.163247, 662.956911, 37.396546, 194.752992, 5474, 813419.0
897, 67.329125, 661.939084, 36.917538, 178.578864, 5392, 801507.0
898, 71.094385, 663.652540, 36.598796, 163.127946, 5533, 848373.0
899, 67.758909, 663.225703, 37.510624, 182.994095, 5643, 841907.0
900, 66.384151, 662.693357, 37.052940, 166.055904, 5330, 792708.0
901, 69.034938, 661.375284, 38.562390, 166.786352, 5573, 830211.0
902, 67.748329, 662.607754, 37.808171, 162.187698, 5559, 825305.0
903, 69.412479, 663.860015, 38.114632, 159.758577, 5749, 855168.0
904, 71.376940, 662.569584, 38.602464, 178.051616, 5559, 825734.0
905, 68.158825, 663.068162, 36.107017, 175.944945, 5322, 789871.0
906, 71.959687, 664.497398, 37.099357, 193.277071, 5447, 804980.0
907, 69.981085, 662.510723, 38.488808, 155.925737, 5534, 821359.0
908, 65.436145, 663.461499, 37.730938, 151.453827, 5448, 808478.0
909, 69.167734, 662.079194, 38.843478, 171.136938, 5819, 868645.0
910, 68.243100, 663.089877, 38.629556, 151.216730, 5641, 840269.0
911, 69.849214, 662.922092, 37.293440, 168.759494, 5673, 843402.0
912, 68.975862, 662.366300, 37.683190, 167.941950, 5681, 844864.0
913, 71.707982, 664.020592, 37.331480, 198.879163, 5424, 803641.0
914, 69.914783, 662.853076, 38.276550, 165.695056, 5713, 849837.0
915, 71.706277, 662.937647, 37.778914, 202.047698, 5497, 815054.0
916, 68.401287, 662.478039, 38.056032, 151.749139, 5748, 855634.0
917, 72.370629, 664.044317, 37.279924, 192.569350, 5489, 830290.0
918, 71.042818, 663.272316, 37.835088, 185.758237, 5673, 843336.0
919, 68.288433, 662.437460, 37.120893, 159.959368, 5660, 840672.0
920, 69.476785, 663.641082, 37.306174, 193.472781, 5371, 797066.0
921, 67.572170, 661.499304, 38.175153, 159.737180, 5496, 818382.0
922, 68.417239, 662.974281, 37.639818, 162.076046, 5577, 832405.0
923, 68.802252, 664.084423, 36.842672, 170.430535, 5556, 825862.0
924, 71.288919, 663.489852, 37.001108, 197.356092, 5384, 798779.0
925, 72.391523, 663.084867, 37.092252, 185.866704, 5487, 818335.0
926, 65.459904, 663.693467, 36.341863, 191.934369, 5169, 773356.0
927, 70.256130, 664.189652, 36.619666, 183.699322, 5716, 848210.0
928, 70.092947, 663.761338, 37.177964, 177.414496, 5492, 814690.0
929, 69.009040, 663.219575, 36.937100, 162.829196, 5770, 857380.0
930, 68.782182, 663.295132, 37.011161, 174.687753, 5653, 839753.0
931, 69.969291, 663.809856, 36.637561, 184.181118, 5603, 830704.0
932, 66.942874, 663.340421, 37.481838, 189.731419, 5618, 835783.0
933, 69.505459, 662.596057, 37.969794, 168.485747, 5541, 826864.0
934, 66.422729, 662.862021, 38.095165, 160.197727, 5511, 820326.0
935, 70.309862, 662.671446, 38.059393, 174.920943, 5590, 830525.0
936, 68.924705, 661.813639, 38.258990, 158.694148, 5774, 860168.0
937, 71.701450, 664.902845, 35.476840, 205.106781, 5368, 792567.0
938, 72.911120, 663.982172, 36.262377, 208.349540, 5388, 794389.0
939, 69.502080, 663.071283, 38.009007, 185.780860, 5515, 823444.0
940, 69.343409, 664.350659, 36.977991, 176.187314, 5543, 829446.0
941, 70.054661, 663.265051, 37.293995, 180.378760, 5717, 854235.0
942, 69.566316, 664.200203, 36.338367, 178.341405, 5653, 846634.0
943, 70.776726, 662.690563, 36.554247, 195.978514, 5438, 809760.0
944, 68.112898, 663.267899, 37.081565, 183.162770, 5622, 839826.0
945, 69.962424, 662.671680, 38.649852, 170.769375, 5743, 858760.0
946, 69.909953, 662.905552, 37.385786, 165.517400, 5695, 847055.0
947, 69.053158, 663.635519, 37.933366, 145.861912, 5799, 865774.0
948, 71.176326, 662.254171, 37.513754, 212.016781, 5292, 785133.0
949, 69.912639, 664.720914, 36.052465, 168.942106, 5757, 856553.0
950, 73.723334, 664.419526, 37.110070, 198.803737, 5472, 809437.0
951, 68.330242, 663.583012, 36.863542, 191.338660, 5452, 810973.0
952, 67.398680, 661.593556, 38.194014, 175.896881, 5453, 811726.0
953, 69.550790, 662.060618, 37.517112, 180.142761, 5446, 810439.0
954, 70.191199, 662.938204, 37.590882, 194.277769, 5473, 813390.0
955, 69.523611, 663.308752, 38.143315, 175.936810, 5647, 841613.0
956, 71.616597, 664.129510, 35.765785, 196.227043, 5413, 801089.0
957, 69.014860, 663.391316, 36.837167, 174.372511, 5775, 856094.0
958, 69.282399, 663.183517, 37.405216, 155.053907, 5748, 856246.0
959, 68.977509, 662.668285, 38.852224, 172.236519, 5670, 846652.0
960, 68.363749, 663.801777, 36.955551, 158.719079, 5626, 837162.0
961, 68.976750, 662.650831, 37.827998, 160.278699, 5725, 854033.0
962, 68.277427, 662.272854, 37.625900, 185.030618, 5559, 835960.0
963, 68.597159, 663.629735, 37.205998, 172.120042, 5568, 838553.0
964, 71.057521, 662.305922, 38.118949, 176.008299, 5777, 861234.0
965, 68.069536, 662.143983, 38.213132, 151.974722, 5733, 855209.0
966, 69.257155, 663.633667, 37.577704, 160.248546, 5785, 861507.0
967, 70.358930, 663.956782, 37.106176, 165.144784, 5765, 879313.0
968, 68.445424, 663.077528, 37.717105, 154.436579, 5791, 863251.0
969, 68.992720, 663.827481, 37.867522, 162.349178, 5719, 850763.0
970, 68.568808, 663.434250, 36.697133, 167.743326, 5539, 823187.0
971, 69.927268, 663.952479, 37.272239, 153.760670, 5729, 862788.0
972, 68.050645, 663.429966, 38.163837, 143.869537, 5674, 849246.0
973, 68.835748, 662.283752, 38.717086, 155.654858, 5759, 866553.0
974, 70.524499, 662.726424, 38.080918, 196.628761, 5682, 845253.0
975, 70.631390, 663.028943, 37.888765, 182.300109, 5642, 839036.0
976, 66.332146, 663.226133, 37.095674, 142.679096, 5552, 826563.0
977, 71.517842, 663.302663, 37.812930, 184.495829, 5466, 810997.0
978, 67.806733, 663.372915, 38.014684, 150.875279, 5827, 866279.0
979, 69.016564, 663.393142, 36.699755, 178.786563, 5673, 842747.0
980, 73.403520, 663.662279, 36.762128, 204.700082, 5484, 808586.0
981, 68.613605, 662.634503, 38.069121, 168.537166, 5607, 855362.0
982, 70.419560, 664.571793, 36.850998, 175.306322, 5629, 835519.0
983, 69.970474, 663.454543, 38.068345, 183.080698, 5391, 800406.0
984, 70.687818, 662.215376, 37.399050, 171.824548, 5707, 846178.0
985, 69.674939, 663.410196, 36.268157, 181.286950, 5686, 844597.0
986, 69.129973, 664.199468, 37.006376, 166.324748, 5678, 845060.0
987, 70.252778, 663.508807, 37.853382, 171.736517, 5536, 824130.0
988, 67.659368, 662.788764, 38.273527, 155.748472, 5661, 842318.0
989, 68.218790, 664.115390, 37.106024, 195.498216, 5518, 820955.0
990, 69.230084, 663.126484, 37.757887, 170.724489, 5635, 838309.0
991, 70.955710, 663.646942, 36.706274, 164.249170, 5710, 849031.0
992, 68.071683, 664.156201, 36.510569, 170.402232, 5680, 844385.0
993, 70.014632, 664.127931, 37.207791, 178.114998, 5700, 847117.0
994, 71.283271, 662.935963, 37.635439, 172.775018, 5653, 850059.0
995, 67.412828, 662.894545, 37.297922, 162.145761, 5585, 835205.0
996, 70.905162, 663.890496, 37.304989, 175.549870, 5711, 851284.0
997, 69.329513, 662.689792, 37.848339, 179.539571, 5444, 813041.0
998, 69.360500, 663.539175, 37.460720, 180.068369, 5567, 835310.0
999, 70.931056, 662.305473, 38.460125, 184.766472, 5575, 829917.0
