#idx, x0, x1, x2, y, f_neval, total_time (us), 
0, 70.925926, 665.547846, 36.804138, 176.914673, 717, 109446.0
1, 70.925926, 665.547846, 36.804138, 207.567704, 722, 108016.0
2, 70.925926, 665.547846, 36.804138, 201.696324, 721, 108156.0
3, 70.925926, 662.143258, 30.000000, 219.240547, 723, 108216.0
4, 70.925926, 665.547846, 36.804138, 221.213255, 720, 107553.0
5, 70.925926, 665.547846, 36.804138, 212.050819, 722, 108212.0
6, 70.925926, 665.547846, 36.804138, 199.851372, 717, 109977.0
7, 70.925926, 665.547846, 36.804138, 215.981927, 718, 107436.0
8, 70.925926, 665.547846, 36.804138, 205.863083, 723, 107955.0
9, 70.925926, 665.547846, 36.804138, 222.490946, 719, 107599.0
10, 77.098765, 660.222721, 37.257747, 236.868760, 719, 107892.0
11, 70.925926, 665.547846, 36.804138, 199.296462, 722, 107854.0
12, 70.925926, 665.547846, 36.804138, 188.133277, 723, 108173.0
13, 70.925926, 665.547846, 36.804138, 235.975424, 725, 107970.0
14, 70.925926, 665.547846, 36.804138, 217.096175, 717, 106683.0
15, 70.925926, 662.143258, 30.000000, 190.984987, 724, 107997.0
16, 70.925926, 662.143258, 30.000000, 190.563799, 723, 107792.0
17, 70.925926, 665.547846, 36.804138, 195.503017, 722, 107372.0
18, 65.987654, 665.547846, 36.804138, 211.115302, 723, 107739.0
19, 75.761317, 666.915501, 33.326468, 240.633650, 718, 106639.0
20, 70.925926, 665.547846, 36.804138, 209.213324, 718, 106776.0
21, 70.925926, 665.547846, 36.804138, 187.710085, 723, 107568.0
22, 65.987654, 665.547846, 36.804138, 195.741527, 724, 109912.0
23, 70.925926, 665.547846, 36.804138, 225.248040, 720, 109921.0
24, 70.925926, 665.547846, 36.804138, 219.309850, 718, 125197.0
25, 70.925926, 665.547846, 36.804138, 198.934757, 731, 108925.0
26, 75.761317, 666.915501, 33.326468, 229.291006, 725, 108155.0
27, 70.925926, 665.547846, 36.804138, 185.899294, 721, 107576.0
28, 70.925926, 665.547846, 36.804138, 189.863134, 722, 107618.0
29, 70.925926, 665.547846, 36.804138, 200.339428, 720, 107456.0
30, 65.987654, 665.547846, 36.804138, 190.539521, 723, 108044.0
31, 65.987654, 665.547846, 36.804138, 215.253464, 726, 108555.0
32, 65.987654, 665.547846, 36.804138, 198.702850, 728, 108914.0
33, 70.925926, 665.547846, 36.804138, 180.989059, 727, 108723.0
34, 70.925926, 662.143258, 30.000000, 196.923678, 722, 108727.0
35, 70.925926, 665.547846, 36.804138, 219.596781, 718, 108467.0
36, 70.925926, 665.547846, 36.804138, 194.281244, 723, 108437.0
37, 65.987654, 665.547846, 36.804138, 187.879465, 727, 112336.0
38, 70.925926, 665.547846, 36.804138, 205.106031, 721, 107927.0
39, 65.987654, 665.547846, 36.804138, 172.969752, 724, 116471.0
40, 70.925926, 665.547846, 36.804138, 192.458462, 724, 112930.0
41, 70.925926, 665.547846, 36.804138, 182.004361, 722, 109553.0
42, 65.987654, 665.547846, 36.804138, 191.189914, 726, 108674.0
43, 70.925926, 665.547846, 36.804138, 209.283452, 723, 108859.0
44, 70.925926, 665.547846, 36.804138, 172.082016, 725, 108567.0
45, 65.987654, 665.547846, 36.804138, 200.683016, 729, 108987.0
46, 70.925926, 662.143258, 30.000000, 212.937728, 722, 108270.0
47, 70.925926, 665.547846, 36.804138, 194.042580, 724, 109428.0
48, 65.987654, 665.547846, 36.804138, 199.147304, 727, 108799.0
49, 70.925926, 665.547846, 36.804138, 188.098621, 723, 108151.0
50, 70.925926, 665.547846, 36.804138, 186.133324, 722, 111328.0
51, 70.925926, 665.547846, 36.804138, 202.359777, 726, 110030.0
52, 65.987654, 665.547846, 36.804138, 166.109988, 724, 109760.0
53, 70.925926, 665.547846, 36.804138, 223.661566, 720, 112011.0
54, 70.925926, 665.547846, 36.804138, 205.297432, 725, 108789.0
55, 65.987654, 665.547846, 36.804138, 177.789748, 723, 108729.0
56, 70.925926, 665.547846, 36.804138, 193.101820, 725, 109263.0
57, 65.987654, 665.547846, 36.804138, 179.497000, 727, 110218.0
58, 70.925926, 662.143258, 30.000000, 202.071944, 726, 108539.0
59, 65.987654, 665.547846, 36.804138, 183.637730, 724, 108316.0
60, 70.925926, 665.547846, 36.804138, 191.085946, 720, 107417.0
61, 65.987654, 665.547846, 36.804138, 160.701572, 723, 108346.0
62, 65.987654, 665.547846, 36.804138, 171.554275, 724, 108720.0
63, 65.987654, 665.547846, 36.804138, 186.090307, 721, 108435.0
64, 70.925926, 665.547846, 36.804138, 190.127865, 726, 108785.0
65, 65.987654, 665.547846, 36.804138, 183.963284, 723, 108780.0
66, 65.987654, 665.547846, 36.804138, 177.498129, 725, 108580.0
67, 70.925926, 665.547846, 36.804138, 216.733772, 715, 106675.0
68, 65.987654, 665.547846, 36.804138, 187.019541, 722, 108101.0
69, 65.987654, 665.547846, 36.804138, 218.271907, 723, 108442.0
70, 65.987654, 665.547846, 36.804138, 170.162595, 723, 108477.0
71, 70.925926, 662.143258, 30.000000, 206.566896, 717, 107498.0
72, 70.925926, 665.547846, 36.804138, 201.726369, 729, 108935.0
73, 65.987654, 665.547846, 36.804138, 188.082330, 727, 109442.0
74, 65.987654, 665.547846, 36.804138, 188.131086, 723, 109596.0
75, 65.987654, 665.547846, 36.804138, 197.774148, 725, 111533.0
76, 65.987654, 665.547846, 36.804138, 187.518938, 724, 108382.0
77, 65.987654, 665.547846, 36.804138, 167.348569, 724, 108887.0
78, 65.987654, 665.547846, 36.804138, 194.811259, 719, 107958.0
79, 70.925926, 665.547846, 36.804138, 207.784423, 725, 108180.0
80, 65.987654, 665.547846, 36.804138, 171.478808, 723, 108589.0
81, 65.987654, 665.547846, 36.804138, 166.995501, 724, 108614.0
82, 65.987654, 665.547846, 36.804138, 166.256405, 717, 107399.0
83, 70.925926, 665.547846, 36.804138, 190.587787, 722, 108027.0
84, 65.987654, 665.547846, 36.804138, 183.450765, 721, 108261.0
85, 70.925926, 665.547846, 36.804138, 205.091435, 723, 108177.0
86, 65.987654, 665.547846, 36.804138, 177.741745, 723, 108181.0
87, 65.987654, 665.547846, 36.804138, 173.970503, 725, 108550.0
88, 65.987654, 665.547846, 36.804138, 176.380889, 718, 113699.0
89, 65.987654, 665.547846, 36.804138, 164.772329, 720, 107928.0
90, 70.925926, 665.547846, 36.804138, 216.074010, 722, 108190.0
91, 65.987654, 665.547846, 36.804138, 183.115667, 726, 108837.0
92, 65.987654, 665.547846, 36.804138, 190.304273, 725, 108770.0
93, 65.987654, 665.547846, 36.804138, 197.118032, 723, 108359.0
94, 70.925926, 662.143258, 30.000000, 185.359873, 719, 107456.0
95, 65.987654, 665.547846, 36.804138, 177.508172, 732, 109878.0
96, 65.987654, 665.547846, 36.804138, 179.841905, 721, 108308.0
97, 65.987654, 665.547846, 36.804138, 186.515352, 720, 107977.0
98, 65.987654, 665.547846, 36.804138, 174.807706, 723, 108415.0
99, 65.987654, 665.547846, 36.804138, 187.745599, 722, 108102.0
100, 65.987654, 665.547846, 36.804138, 173.511283, 723, 108439.0
101, 65.987654, 665.547846, 36.804138, 214.476857, 726, 108909.0
102, 65.987654, 665.547846, 36.804138, 165.594115, 722, 108433.0
103, 65.987654, 665.547846, 36.804138, 181.009489, 721, 107568.0
104, 70.925926, 662.143258, 30.000000, 193.189462, 719, 107200.0
105, 65.987654, 665.547846, 36.804138, 193.306311, 722, 107596.0
106, 70.925926, 665.547846, 36.804138, 196.072977, 724, 107976.0
107, 70.925926, 665.547846, 36.804138, 183.864800, 726, 108221.0
108, 65.987654, 665.547846, 36.804138, 194.197517, 722, 107653.0
109, 65.987654, 665.547846, 36.804138, 187.075713, 721, 107578.0
110, 65.987654, 665.547846, 36.804138, 186.202759, 727, 108386.0
111, 65.987654, 665.547846, 36.804138, 197.050902, 721, 107513.0
112, 65.987654, 665.547846, 36.804138, 202.843465, 726, 108400.0
113, 65.987654, 665.547846, 36.804138, 174.970001, 731, 109015.0
114, 70.925926, 665.547846, 36.804138, 198.738117, 720, 107232.0
115, 65.987654, 665.547846, 36.804138, 171.833511, 721, 107536.0
116, 70.925926, 665.547846, 36.804138, 224.724412, 721, 107254.0
117, 70.925926, 662.143258, 30.000000, 230.543841, 726, 108221.0
118, 65.987654, 665.547846, 36.804138, 201.183210, 725, 108237.0
119, 65.987654, 665.547846, 36.804138, 152.560271, 725, 108183.0
120, 65.987654, 665.547846, 36.804138, 160.317880, 720, 107473.0
121, 65.987654, 665.547846, 36.804138, 180.386918, 721, 107814.0
122, 70.925926, 665.547846, 36.804138, 207.378134, 723, 107570.0
123, 65.987654, 665.547846, 36.804138, 190.370312, 725, 108210.0
124, 70.925926, 662.143258, 30.000000, 175.547919, 724, 108271.0
125, 65.987654, 665.547846, 36.804138, 190.766717, 729, 110779.0
126, 65.987654, 665.547846, 36.804138, 187.084646, 721, 112551.0
127, 65.987654, 665.547846, 36.804138, 174.172803, 721, 108099.0
128, 70.925926, 665.547846, 36.804138, 193.035438, 721, 107599.0
129, 70.925926, 662.143258, 30.000000, 197.593015, 723, 107911.0
130, 70.925926, 662.143258, 30.000000, 190.041405, 716, 106986.0
131, 70.925926, 665.547846, 36.804138, 202.017847, 723, 107940.0
132, 70.925926, 665.547846, 36.804138, 195.845044, 725, 108264.0
133, 65.987654, 665.547846, 36.804138, 164.086146, 719, 107751.0
134, 65.987654, 665.547846, 36.804138, 208.237550, 721, 107876.0
135, 70.925926, 665.547846, 36.804138, 216.246955, 723, 107936.0
136, 70.925926, 665.547846, 36.804138, 204.531658, 729, 108915.0
137, 70.925926, 662.143258, 30.000000, 192.855221, 718, 107793.0
138, 65.987654, 665.547846, 36.804138, 172.486255, 726, 108643.0
139, 70.925926, 665.547846, 36.804138, 201.276703, 720, 107518.0
140, 65.987654, 665.547846, 36.804138, 195.406308, 721, 107963.0
141, 70.925926, 665.547846, 36.804138, 185.200076, 721, 107873.0
142, 70.925926, 665.547846, 36.804138, 184.322131, 724, 108029.0
143, 65.987654, 665.547846, 36.804138, 191.220801, 728, 108763.0
144, 70.925926, 665.547846, 36.804138, 209.417122, 720, 107203.0
145, 65.987654, 665.547846, 36.804138, 197.639771, 722, 108289.0
146, 65.987654, 665.547846, 36.804138, 178.134392, 719, 107409.0
147, 70.925926, 665.547846, 36.804138, 223.659370, 717, 106937.0
148, 65.987654, 665.547846, 36.804138, 188.651739, 725, 108711.0
149, 70.925926, 665.547846, 36.804138, 210.759436, 721, 109072.0
150, 65.987654, 665.547846, 36.804138, 194.371709, 724, 115579.0
151, 70.925926, 665.547846, 36.804138, 213.973551, 724, 108583.0
152, 70.925926, 665.547846, 36.804138, 207.924820, 718, 107185.0
153, 70.925926, 665.547846, 36.804138, 190.288840, 724, 108763.0
154, 65.987654, 665.547846, 36.804138, 172.179756, 715, 108465.0
155, 70.925926, 662.143258, 30.000000, 190.006131, 727, 108557.0
156, 65.987654, 665.547846, 36.804138, 183.944942, 721, 107752.0
157, 65.987654, 665.547846, 36.804138, 194.610269, 725, 112371.0
158, 70.925926, 665.547846, 36.804138, 212.899153, 725, 108191.0
159, 65.987654, 665.547846, 36.804138, 183.510621, 721, 107786.0
160, 70.925926, 665.547846, 36.804138, 198.714253, 719, 107194.0
161, 70.925926, 665.547846, 36.804138, 217.557918, 721, 107571.0
162, 70.925926, 665.547846, 36.804138, 189.938965, 727, 108457.0
163, 70.925926, 665.547846, 36.804138, 202.780122, 724, 108159.0
164, 65.987654, 665.547846, 36.804138, 192.707350, 728, 109392.0
165, 70.925926, 665.547846, 36.804138, 179.193246, 724, 108969.0
166, 65.987654, 665.547846, 36.804138, 181.640275, 720, 107894.0
167, 70.925926, 665.547846, 36.804138, 200.051692, 720, 107482.0
168, 70.925926, 662.143258, 30.000000, 198.511712, 730, 109075.0
169, 65.987654, 665.547846, 36.804138, 188.760107, 724, 108169.0
170, 70.925926, 665.547846, 36.804138, 190.587220, 723, 107961.0
171, 65.987654, 665.547846, 36.804138, 171.601402, 721, 107883.0
172, 65.987654, 665.547846, 36.804138, 204.179574, 726, 108608.0
173, 70.925926, 665.547846, 36.804138, 177.762293, 730, 109026.0
174, 65.987654, 665.547846, 36.804138, 189.259945, 724, 108415.0
175, 70.925926, 665.547846, 36.804138, 198.135396, 724, 108222.0
176, 70.925926, 665.547846, 36.804138, 198.881769, 720, 107534.0
177, 70.925926, 665.547846, 36.804138, 203.117901, 725, 108262.0
178, 65.987654, 665.547846, 36.804138, 179.579113, 722, 113096.0
179, 65.987654, 665.547846, 36.804138, 193.888262, 726, 108854.0
180, 65.987654, 665.547846, 36.804138, 208.422163, 721, 107204.0
181, 65.987654, 665.547846, 36.804138, 158.588871, 722, 107432.0
182, 65.987654, 665.547846, 36.804138, 190.893001, 722, 107447.0
183, 65.987654, 665.547846, 36.804138, 173.074834, 720, 107453.0
184, 70.925926, 665.547846, 36.804138, 211.775916, 720, 107158.0
185, 70.925926, 665.547846, 36.804138, 169.963157, 725, 108029.0
186, 65.987654, 665.547846, 36.804138, 184.781895, 726, 108265.0
187, 65.987654, 665.547846, 36.804138, 193.956236, 730, 109010.0
188, 70.925926, 662.143258, 30.000000, 207.263478, 723, 107722.0
189, 65.987654, 665.547846, 36.804138, 198.123151, 724, 107927.0
190, 65.987654, 665.547846, 36.804138, 185.196476, 727, 108441.0
191, 65.987654, 665.547846, 36.804138, 188.933625, 721, 107544.0
192, 70.925926, 665.547846, 36.804138, 197.199732, 721, 107328.0
193, 70.925926, 665.547846, 36.804138, 203.490292, 726, 108184.0
194, 70.925926, 665.547846, 36.804138, 184.235693, 727, 108473.0
195, 70.925926, 665.547846, 36.804138, 199.443333, 720, 107231.0
196, 70.925926, 665.547846, 36.804138, 188.701270, 721, 107401.0
197, 70.925926, 662.143258, 30.000000, 180.386443, 723, 108232.0
198, 65.987654, 665.547846, 36.804138, 165.057111, 724, 108316.0
199, 70.925926, 665.547846, 36.804138, 188.564439, 722, 107855.0
200, 70.925926, 665.547846, 36.804138, 181.074495, 722, 107579.0
201, 70.925926, 665.547846, 36.804138, 185.674976, 722, 107602.0
202, 65.987654, 665.547846, 36.804138, 186.319517, 728, 108566.0
203, 70.925926, 665.547846, 36.804138, 182.783927, 721, 107253.0
204, 70.925926, 665.547846, 36.804138, 202.761425, 725, 108070.0
205, 70.925926, 662.143258, 30.000000, 200.032431, 723, 108008.0
206, 70.925926, 665.547846, 36.804138, 199.983434, 722, 107505.0
207, 70.925926, 662.143258, 30.000000, 204.203388, 717, 106968.0
208, 70.925926, 665.547846, 36.804138, 196.793650, 717, 117269.0
209, 70.925926, 665.547846, 36.804138, 209.904306, 723, 107602.0
210, 70.925926, 665.547846, 36.804138, 245.491965, 719, 107301.0
211, 70.925926, 665.547846, 36.804138, 191.802880, 724, 107931.0
212, 70.925926, 665.547846, 36.804138, 221.530764, 726, 108241.0
213, 70.925926, 665.547846, 36.804138, 245.047799, 714, 106280.0
214, 70.925926, 665.547846, 36.804138, 220.414749, 717, 106814.0
215, 70.925926, 665.547846, 36.804138, 202.917670, 727, 120610.0
216, 65.987654, 665.547846, 36.804138, 195.370832, 730, 110670.0
217, 70.925926, 662.143258, 30.000000, 192.832063, 723, 107799.0
218, 70.925926, 662.143258, 30.000000, 201.973644, 722, 118562.0
219, 75.761317, 666.915501, 33.326468, 255.817037, 718, 106990.0
220, 70.925926, 665.547846, 36.804138, 199.519016, 726, 108297.0
221, 70.925926, 665.547846, 36.804138, 214.219136, 723, 107720.0
222, 70.925926, 665.547846, 36.804138, 201.262811, 728, 108566.0
223, 70.925926, 665.547846, 36.804138, 193.504633, 719, 108442.0
224, 65.987654, 665.547846, 36.804138, 193.476913, 725, 108185.0
225, 70.925926, 665.547846, 36.804138, 181.344130, 725, 112675.0
226, 65.987654, 665.547846, 36.804138, 174.574056, 728, 108719.0
227, 70.925926, 662.143258, 30.000000, 213.486690, 718, 107442.0
228, 70.925926, 665.547846, 36.804138, 188.774753, 723, 114580.0
229, 70.925926, 665.547846, 36.804138, 197.071699, 717, 107191.0
230, 70.925926, 662.143258, 30.000000, 211.979706, 720, 107457.0
231, 78.333333, 667.642977, 34.082483, 245.087855, 716, 107036.0
232, 70.925926, 665.547846, 36.804138, 182.690570, 726, 108454.0
233, 70.925926, 665.547846, 36.804138, 167.489207, 725, 108399.0
234, 65.987654, 665.547846, 36.804138, 197.075485, 726, 108548.0
235, 70.925926, 665.547846, 36.804138, 186.285823, 728, 108866.0
236, 65.987654, 665.547846, 36.804138, 190.660961, 725, 108456.0
237, 65.987654, 665.547846, 36.804138, 198.523903, 721, 107751.0
238, 65.987654, 665.547846, 36.804138, 195.258124, 726, 108593.0
239, 70.925926, 665.547846, 36.804138, 179.776586, 724, 108048.0
240, 65.987654, 665.547846, 36.804138, 196.947487, 729, 109009.0
241, 65.987654, 665.547846, 36.804138, 191.000897, 721, 107755.0
242, 65.987654, 665.547846, 36.804138, 170.388200, 720, 107611.0
243, 70.925926, 665.547846, 36.804138, 200.970016, 726, 108428.0
244, 65.987654, 665.547846, 36.804138, 188.795717, 721, 107768.0
245, 65.987654, 665.547846, 36.804138, 174.102738, 724, 108188.0
246, 65.987654, 665.547846, 36.804138, 175.342601, 722, 107869.0
247, 70.925926, 662.143258, 30.000000, 189.850178, 720, 107848.0
248, 70.925926, 665.547846, 36.804138, 226.685621, 727, 109550.0
249, 70.925926, 665.547846, 36.804138, 178.426625, 725, 108425.0
250, 70.925926, 665.547846, 36.804138, 174.608165, 723, 108431.0
251, 65.987654, 665.547846, 36.804138, 232.848397, 728, 114286.0
252, 70.925926, 665.547846, 36.804138, 210.402697, 718, 115101.0
253, 65.987654, 665.547846, 36.804138, 199.143141, 717, 107612.0
254, 65.987654, 665.547846, 36.804138, 195.737039, 722, 108499.0
255, 65.987654, 665.547846, 36.804138, 209.825928, 726, 108696.0
256, 70.925926, 665.547846, 36.804138, 219.854538, 721, 115183.0
257, 70.925926, 665.547846, 36.804138, 198.340569, 718, 112797.0
258, 65.987654, 665.547846, 36.804138, 182.806936, 721, 107928.0
259, 65.987654, 665.547846, 36.804138, 191.522032, 721, 107902.0
260, 65.987654, 665.547846, 36.804138, 197.215409, 723, 108608.0
261, 70.925926, 665.547846, 36.804138, 237.801227, 722, 108085.0
262, 70.925926, 665.547846, 36.804138, 169.388020, 723, 108876.0
263, 70.925926, 662.143258, 30.000000, 192.712069, 716, 107426.0
264, 70.925926, 662.143258, 30.000000, 175.172100, 723, 108165.0
265, 65.987654, 665.547846, 36.804138, 186.193528, 724, 108637.0
266, 65.987654, 665.547846, 36.804138, 206.941760, 725, 108389.0
267, 65.987654, 665.547846, 36.804138, 214.313333, 724, 108767.0
268, 70.925926, 665.547846, 36.804138, 261.195811, 714, 106925.0
269, 65.987654, 665.547846, 36.804138, 176.722454, 728, 109248.0
270, 70.925926, 665.547846, 36.804138, 212.073007, 727, 109080.0
271, 70.925926, 665.547846, 36.804138, 225.093963, 718, 107376.0
272, 70.925926, 662.143258, 30.000000, 194.174830, 726, 108914.0
273, 65.987654, 665.547846, 36.804138, 200.424860, 729, 109329.0
274, 65.987654, 665.547846, 36.804138, 181.331985, 721, 108079.0
275, 70.925926, 665.547846, 36.804138, 198.398459, 718, 107899.0
276, 65.987654, 665.547846, 36.804138, 202.524049, 727, 108797.0
277, 70.925926, 665.547846, 36.804138, 185.884695, 718, 107491.0
278, 70.925926, 665.547846, 36.804138, 192.190735, 722, 109522.0
279, 65.987654, 665.547846, 36.804138, 169.084234, 721, 112593.0
280, 70.925926, 665.547846, 36.804138, 234.419830, 716, 108120.0
281, 70.925926, 665.547846, 36.804138, 191.867322, 718, 107224.0
282, 70.925926, 662.143258, 30.000000, 181.684103, 724, 108395.0
283, 70.925926, 665.547846, 36.804138, 224.460831, 721, 108051.0
284, 70.925926, 665.547846, 36.804138, 203.899277, 717, 107562.0
285, 70.925926, 665.547846, 36.804138, 197.361904, 720, 107841.0
286, 65.987654, 665.547846, 36.804138, 201.227087, 730, 109323.0
287, 65.987654, 665.547846, 36.804138, 195.687552, 730, 109054.0
288, 70.925926, 662.143258, 30.000000, 203.683089, 722, 107959.0
289, 65.987654, 665.547846, 36.804138, 173.880991, 731, 109389.0
290, 70.925926, 665.547846, 36.804138, 192.773748, 723, 108415.0
291, 70.925926, 665.547846, 36.804138, 178.158340, 725, 108753.0
292, 70.925926, 665.547846, 36.804138, 189.282869, 727, 110729.0
293, 65.987654, 665.547846, 36.804138, 192.604244, 723, 108396.0
294, 70.925926, 665.547846, 36.804138, 190.844916, 726, 108781.0
295, 65.987654, 665.547846, 36.804138, 175.640099, 721, 107802.0
296, 65.987654, 665.547846, 36.804138, 178.177980, 721, 107787.0
297, 70.925926, 665.547846, 36.804138, 222.740628, 723, 108771.0
298, 65.987654, 665.547846, 36.804138, 204.323952, 719, 107587.0
299, 70.925926, 665.547846, 36.804138, 208.592782, 721, 107755.0
300, 70.925926, 665.547846, 36.804138, 168.296173, 722, 108291.0
301, 70.925926, 665.547846, 36.804138, 164.750621, 723, 108883.0
302, 65.987654, 665.547846, 36.804138, 176.233523, 730, 110442.0
303, 65.987654, 665.547846, 36.804138, 201.876572, 722, 107926.0
304, 65.987654, 665.547846, 36.804138, 224.583296, 726, 108705.0
305, 65.987654, 665.547846, 36.804138, 170.602756, 720, 107782.0
306, 70.925926, 662.143258, 30.000000, 193.133992, 722, 108092.0
307, 70.925926, 665.547846, 36.804138, 197.707672, 726, 108611.0
308, 70.925926, 662.143258, 30.000000, 194.581412, 715, 107204.0
309, 70.925926, 662.143258, 30.000000, 185.619631, 719, 107550.0
310, 70.925926, 665.547846, 36.804138, 177.940370, 720, 107722.0
311, 70.925926, 665.547846, 36.804138, 206.978250, 729, 109323.0
312, 70.925926, 665.547846, 36.804138, 209.075636, 729, 109206.0
313, 65.987654, 665.547846, 36.804138, 197.647770, 721, 107796.0
314, 70.925926, 665.547846, 36.804138, 198.389829, 722, 107932.0
315, 70.925926, 665.547846, 36.804138, 184.643034, 728, 108714.0
316, 75.761317, 666.915501, 33.326468, 225.776095, 723, 107874.0
317, 70.925926, 665.547846, 36.804138, 222.301417, 716, 107085.0
318, 70.925926, 665.547846, 36.804138, 220.075814, 720, 108002.0
319, 65.987654, 665.547846, 36.804138, 211.314018, 721, 107855.0
320, 75.761317, 666.915501, 33.326468, 230.663735, 723, 109386.0
321, 70.925926, 665.547846, 36.804138, 179.049301, 721, 107614.0
322, 70.925926, 665.547846, 36.804138, 177.412642, 726, 110687.0
323, 75.761317, 666.915501, 33.326468, 255.560577, 718, 107205.0
324, 70.925926, 665.547846, 36.804138, 220.819247, 718, 107036.0
325, 65.987654, 665.547846, 36.804138, 217.654502, 725, 108430.0
326, 75.761317, 666.915501, 33.326468, 233.587275, 723, 107830.0
327, 70.925926, 665.547846, 36.804138, 237.866739, 717, 107240.0
328, 65.987654, 665.547846, 36.804138, 191.519048, 725, 108347.0
329, 70.925926, 662.143258, 30.000000, 215.785289, 717, 112077.0
330, 70.925926, 665.547846, 36.804138, 208.593508, 721, 111075.0
331, 70.925926, 665.547846, 36.804138, 195.426125, 722, 108034.0
332, 65.987654, 665.547846, 36.804138, 178.665499, 725, 108425.0
333, 65.987654, 665.547846, 36.804138, 202.088300, 725, 108615.0
334, 65.987654, 665.547846, 36.804138, 186.091267, 730, 109355.0
335, 65.987654, 665.547846, 36.804138, 185.703917, 726, 109402.0
336, 65.987654, 665.547846, 36.804138, 192.616335, 726, 108502.0
337, 65.987654, 665.547846, 36.804138, 185.030513, 723, 108130.0
338, 70.925926, 665.547846, 36.804138, 185.247860, 724, 108263.0
339, 70.925926, 665.547846, 36.804138, 183.602181, 720, 107608.0
340, 70.925926, 665.547846, 36.804138, 227.035950, 720, 107800.0
341, 65.987654, 665.547846, 36.804138, 177.172249, 719, 107687.0
342, 65.987654, 665.547846, 36.804138, 189.948830, 727, 108851.0
343, 70.925926, 665.547846, 36.804138, 202.729845, 721, 107958.0
344, 70.925926, 665.547846, 36.804138, 196.271733, 718, 107558.0
345, 70.925926, 665.547846, 36.804138, 195.696049, 720, 107795.0
346, 65.987654, 665.547846, 36.804138, 192.682243, 727, 108996.0
347, 70.925926, 665.547846, 36.804138, 178.423539, 722, 108010.0
348, 70.925926, 665.547846, 36.804138, 205.058392, 724, 108300.0
349, 65.987654, 665.547846, 36.804138, 167.680013, 723, 111903.0
350, 70.925926, 665.547846, 36.804138, 210.249035, 720, 109934.0
351, 70.925926, 665.547846, 36.804138, 183.428792, 727, 109020.0
352, 65.987654, 665.547846, 36.804138, 183.735403, 724, 108732.0
353, 65.987654, 665.547846, 36.804138, 209.756683, 723, 108207.0
354, 65.987654, 665.547846, 36.804138, 191.717946, 723, 108639.0
355, 65.987654, 665.547846, 36.804138, 185.006345, 722, 108387.0
356, 65.987654, 665.547846, 36.804138, 191.573929, 731, 109600.0
357, 65.987654, 665.547846, 36.804138, 179.660648, 728, 108985.0
358, 65.987654, 665.547846, 36.804138, 174.767545, 724, 108551.0
359, 70.925926, 665.547846, 36.804138, 184.174634, 724, 108280.0
360, 65.987654, 665.547846, 36.804138, 207.588491, 730, 108833.0
361, 65.987654, 665.547846, 36.804138, 218.850242, 724, 108465.0
362, 70.925926, 665.547846, 36.804138, 204.163700, 716, 107012.0
363, 70.925926, 665.547846, 36.804138, 220.593113, 724, 108104.0
364, 70.925926, 662.143258, 30.000000, 200.116470, 720, 107687.0
365, 65.987654, 665.547846, 36.804138, 181.444412, 728, 109595.0
366, 65.987654, 665.547846, 36.804138, 172.433006, 717, 108033.0
367, 70.925926, 662.143258, 30.000000, 214.211714, 723, 108196.0
368, 70.925926, 665.547846, 36.804138, 184.440295, 723, 111446.0
369, 65.987654, 665.547846, 36.804138, 213.425579, 720, 108437.0
370, 70.925926, 665.547846, 36.804138, 205.969204, 718, 107994.0
371, 70.925926, 665.547846, 36.804138, 195.951474, 723, 108401.0
372, 65.987654, 665.547846, 36.804138, 198.359862, 721, 108364.0
373, 65.987654, 665.547846, 36.804138, 177.867441, 727, 109288.0
374, 70.925926, 665.547846, 36.804138, 213.223152, 724, 108469.0
375, 70.925926, 665.547846, 36.804138, 228.787954, 721, 108692.0
376, 65.987654, 665.547846, 36.804138, 194.759787, 724, 109105.0
377, 65.987654, 665.547846, 36.804138, 194.830566, 724, 108556.0
378, 70.925926, 665.547846, 36.804138, 214.612325, 718, 107679.0
379, 70.925926, 665.547846, 36.804138, 201.620138, 726, 108840.0
380, 70.925926, 665.547846, 36.804138, 187.239003, 722, 112435.0
381, 65.987654, 665.547846, 36.804138, 224.070868, 723, 119443.0
382, 70.925926, 665.547846, 36.804138, 179.808640, 719, 108599.0
383, 70.925926, 662.143258, 30.000000, 201.798287, 727, 109980.0
384, 70.925926, 665.547846, 36.804138, 187.339265, 720, 107489.0
385, 70.925926, 665.547846, 36.804138, 192.740700, 719, 107581.0
386, 70.925926, 665.547846, 36.804138, 217.456946, 718, 107491.0
387, 70.925926, 665.547846, 36.804138, 212.826456, 717, 107202.0
388, 65.987654, 665.547846, 36.804138, 210.008455, 724, 108479.0
389, 70.925926, 665.547846, 36.804138, 230.700899, 714, 108256.0
390, 77.098765, 660.222721, 37.257747, 218.375827, 720, 108139.0
391, 70.925926, 665.547846, 36.804138, 250.770246, 715, 106396.0
392, 70.925926, 665.547846, 36.804138, 190.549715, 725, 108014.0
393, 70.925926, 665.547846, 36.804138, 227.749591, 716, 106703.0
394, 70.925926, 665.547846, 36.804138, 204.862022, 725, 108373.0
395, 70.925926, 665.547846, 36.804138, 209.723768, 726, 114109.0
396, 75.761317, 666.915501, 33.326468, 213.603616, 719, 107321.0
397, 70.925926, 665.547846, 36.804138, 220.368889, 726, 108244.0
398, 70.925926, 665.547846, 36.804138, 208.869602, 719, 107464.0
399, 70.925926, 665.547846, 36.804138, 223.597969, 725, 108101.0
400, 70.925926, 665.547846, 36.804138, 208.438869, 717, 107092.0
401, 70.925926, 662.143258, 30.000000, 200.831104, 720, 107447.0
402, 70.925926, 665.547846, 36.804138, 196.219982, 720, 107463.0
403, 70.925926, 665.547846, 36.804138, 222.439806, 730, 109889.0
404, 70.925926, 665.547846, 36.804138, 196.631108, 721, 107588.0
405, 70.925926, 665.547846, 36.804138, 212.341229, 715, 106619.0
406, 70.925926, 665.547846, 36.804138, 192.360416, 726, 108568.0
407, 75.761317, 666.915501, 33.326468, 222.162951, 721, 107421.0
408, 70.925926, 665.547846, 36.804138, 185.948937, 730, 109165.0
409, 70.925926, 665.547846, 36.804138, 202.038210, 723, 108033.0
410, 65.987654, 665.547846, 36.804138, 230.619332, 724, 108215.0
411, 70.925926, 665.547846, 36.804138, 213.661113, 719, 107013.0
412, 70.925926, 665.547846, 36.804138, 236.960360, 719, 107221.0
413, 70.925926, 665.547846, 36.804138, 209.078882, 719, 107050.0
414, 70.925926, 665.547846, 36.804138, 220.760780, 723, 107864.0
415, 75.761317, 666.915501, 33.326468, 230.151127, 723, 107788.0
416, 65.987654, 665.547846, 36.804138, 203.645744, 726, 108535.0
417, 70.925926, 665.547846, 36.804138, 207.282305, 724, 107963.0
418, 70.925926, 665.547846, 36.804138, 206.430498, 720, 111347.0
419, 70.925926, 665.547846, 36.804138, 194.250885, 721, 107859.0
420, 65.987654, 665.547846, 36.804138, 210.095740, 726, 108372.0
421, 70.925926, 665.547846, 36.804138, 194.517567, 724, 108054.0
422, 65.987654, 665.547846, 36.804138, 190.379054, 721, 107780.0
423, 70.925926, 665.547846, 36.804138, 214.081919, 725, 108252.0
424, 70.925926, 665.547846, 36.804138, 203.988692, 719, 107233.0
425, 70.925926, 665.547846, 36.804138, 216.834254, 717, 106799.0
426, 70.925926, 665.547846, 36.804138, 192.870186, 722, 107642.0
427, 70.925926, 665.547846, 36.804138, 199.845831, 721, 107673.0
428, 70.925926, 665.547846, 36.804138, 209.128404, 721, 107524.0
429, 75.761317, 666.915501, 33.326468, 239.353291, 718, 107075.0
430, 70.925926, 662.143258, 30.000000, 200.308951, 723, 108125.0
431, 70.925926, 665.547846, 36.804138, 198.055476, 723, 111463.0
432, 70.925926, 665.547846, 36.804138, 183.242774, 725, 108118.0
433, 65.987654, 665.547846, 36.804138, 192.061317, 728, 109219.0
434, 70.925926, 665.547846, 36.804138, 185.668652, 722, 108498.0
435, 70.925926, 662.143258, 30.000000, 201.970541, 720, 108096.0
436, 70.925926, 665.547846, 36.804138, 191.180544, 721, 108079.0
437, 70.925926, 665.547846, 36.804138, 178.166933, 724, 108716.0
438, 70.925926, 665.547846, 36.804138, 175.437303, 722, 108622.0
439, 65.987654, 665.547846, 36.804138, 178.895951, 722, 108225.0
440, 70.925926, 665.547846, 36.804138, 211.981334, 721, 108332.0
441, 70.925926, 665.547846, 36.804138, 195.378497, 725, 108792.0
442, 70.925926, 665.547846, 36.804138, 184.561871, 719, 107762.0
443, 70.925926, 665.547846, 36.804138, 198.894293, 722, 107484.0
444, 70.925926, 662.143258, 30.000000, 199.436657, 726, 108465.0
445, 65.987654, 665.547846, 36.804138, 177.078566, 718, 107282.0
446, 70.925926, 665.547846, 36.804138, 210.616404, 722, 107412.0
447, 70.925926, 665.547846, 36.804138, 208.858886, 720, 107514.0
448, 70.925926, 665.547846, 36.804138, 199.349500, 723, 108659.0
449, 70.925926, 665.547846, 36.804138, 198.501047, 721, 107616.0
450, 70.925926, 665.547846, 36.804138, 209.040894, 725, 108449.0
451, 70.925926, 665.547846, 36.804138, 196.887309, 726, 108360.0
452, 65.987654, 665.547846, 36.804138, 188.060191, 726, 108889.0
453, 65.987654, 665.547846, 36.804138, 184.617944, 726, 108406.0
454, 65.987654, 665.547846, 36.804138, 184.004104, 723, 108068.0
455, 70.925926, 665.547846, 36.804138, 181.056448, 723, 108169.0
456, 70.925926, 665.547846, 36.804138, 205.597052, 727, 108997.0
457, 70.925926, 665.547846, 36.804138, 208.215515, 716, 107366.0
458, 65.987654, 665.547846, 36.804138, 193.452817, 719, 108013.0
459, 70.925926, 665.547846, 36.804138, 187.609410, 723, 108389.0
460, 70.925926, 665.547846, 36.804138, 218.911704, 725, 108900.0
461, 70.925926, 665.547846, 36.804138, 191.900695, 726, 108592.0
462, 70.925926, 662.143258, 30.000000, 189.378293, 720, 107743.0
463, 70.925926, 665.547846, 36.804138, 203.420544, 719, 107389.0
464, 70.925926, 665.547846, 36.804138, 205.726740, 722, 108682.0
465, 70.925926, 665.547846, 36.804138, 205.623958, 723, 108022.0
466, 70.925926, 665.547846, 36.804138, 191.319316, 725, 121183.0
467, 65.987654, 665.547846, 36.804138, 191.087932, 723, 107988.0
468, 65.987654, 665.547846, 36.804138, 182.336614, 721, 107838.0
469, 70.925926, 662.143258, 30.000000, 216.180844, 718, 107946.0
470, 70.925926, 665.547846, 36.804138, 188.794696, 724, 108583.0
471, 70.925926, 665.547846, 36.804138, 180.219879, 724, 108527.0
472, 65.987654, 665.547846, 36.804138, 194.797238, 729, 109449.0
473, 70.925926, 665.547846, 36.804138, 201.249372, 721, 108008.0
474, 70.925926, 662.143258, 30.000000, 187.669795, 722, 108415.0
475, 65.987654, 665.547846, 36.804138, 196.287924, 723, 108757.0
476, 70.925926, 662.143258, 30.000000, 212.688317, 722, 108344.0
477, 65.987654, 665.547846, 36.804138, 208.183376, 725, 108629.0
478, 70.925926, 662.143258, 30.000000, 205.054931, 727, 108777.0
479, 70.925926, 665.547846, 36.804138, 195.718426, 725, 109789.0
480, 70.925926, 662.143258, 30.000000, 203.657620, 724, 130883.0
481, 65.987654, 665.547846, 36.804138, 215.308404, 724, 108351.0
482, 65.987654, 665.547846, 36.804138, 198.588278, 731, 109446.0
483, 65.987654, 665.547846, 36.804138, 206.287341, 722, 107847.0
484, 65.987654, 665.547846, 36.804138, 159.303742, 722, 108479.0
485, 70.925926, 665.547846, 36.804138, 217.170721, 726, 109019.0
486, 65.987654, 665.547846, 36.804138, 174.346945, 718, 107336.0
487, 65.987654, 665.547846, 36.804138, 196.579388, 720, 131962.0
488, 70.925926, 665.547846, 36.804138, 190.734711, 721, 110652.0
489, 70.925926, 665.547846, 36.804138, 176.431004, 723, 108169.0
490, 70.925926, 665.547846, 36.804138, 195.746338, 724, 120920.0
491, 75.761317, 666.915501, 33.326468, 246.906252, 716, 111209.0
492, 70.925926, 665.547846, 36.804138, 208.790597, 726, 112770.0
493, 65.987654, 665.547846, 36.804138, 198.005088, 727, 113107.0
494, 70.925926, 665.547846, 36.804138, 186.898183, 716, 109974.0
495, 70.925926, 665.547846, 36.804138, 210.020293, 725, 115490.0
496, 65.987654, 665.547846, 36.804138, 207.995707, 730, 110468.0
497, 70.925926, 665.547846, 36.804138, 218.532349, 721, 108904.0
498, 70.925926, 665.547846, 36.804138, 219.174849, 720, 108527.0
499, 75.761317, 666.915501, 33.326468, 246.327908, 719, 117503.0
500, 70.925926, 665.547846, 36.804138, 196.069869, 728, 109164.0
501, 65.987654, 665.547846, 36.804138, 189.977587, 721, 121210.0
502, 70.925926, 665.547846, 36.804138, 173.485815, 724, 124004.0
503, 65.987654, 665.547846, 36.804138, 185.043346, 726, 110114.0
504, 75.761317, 666.915501, 33.326468, 235.692739, 719, 109043.0
505, 65.987654, 665.547846, 36.804138, 172.748602, 720, 109628.0
506, 70.925926, 665.547846, 36.804138, 205.878375, 716, 112855.0
507, 70.925926, 665.547846, 36.804138, 206.001999, 722, 111110.0
508, 70.925926, 665.547846, 36.804138, 202.130349, 722, 108251.0
509, 70.925926, 665.547846, 36.804138, 209.201121, 726, 113466.0
510, 65.987654, 665.547846, 36.804138, 175.964589, 721, 110025.0
511, 70.925926, 665.547846, 36.804138, 190.910112, 721, 110797.0
512, 70.925926, 665.547846, 36.804138, 235.584851, 717, 107462.0
513, 70.925926, 665.547846, 36.804138, 208.456780, 719, 108982.0
514, 70.925926, 665.547846, 36.804138, 215.184664, 722, 107972.0
515, 70.925926, 665.547846, 36.804138, 190.628568, 726, 109218.0
516, 75.761317, 666.915501, 33.326468, 235.951063, 721, 108229.0
517, 70.925926, 665.547846, 36.804138, 200.651207, 725, 108126.0
518, 65.987654, 665.547846, 36.804138, 181.201533, 722, 107955.0
519, 65.987654, 665.547846, 36.804138, 188.599636, 716, 106819.0
520, 70.925926, 665.547846, 36.804138, 235.168613, 720, 107191.0
521, 65.987654, 665.547846, 36.804138, 193.952974, 731, 109088.0
522, 70.925926, 662.143258, 30.000000, 209.369104, 720, 107282.0
523, 70.925926, 665.547846, 36.804138, 217.480413, 719, 106948.0
524, 70.925926, 665.547846, 36.804138, 194.203708, 727, 108294.0
525, 70.925926, 665.547846, 36.804138, 208.978362, 727, 115526.0
526, 70.925926, 665.547846, 36.804138, 171.510472, 726, 108210.0
527, 70.925926, 665.547846, 36.804138, 178.961092, 724, 107763.0
528, 70.925926, 662.143258, 30.000000, 196.333931, 723, 109384.0
529, 70.925926, 665.547846, 36.804138, 199.199498, 721, 107435.0
530, 65.987654, 665.547846, 36.804138, 189.282809, 721, 112741.0
531, 70.925926, 665.547846, 36.804138, 240.533515, 720, 107734.0
532, 70.925926, 665.547846, 36.804138, 210.522377, 721, 107577.0
533, 70.925926, 665.547846, 36.804138, 221.345364, 723, 108051.0
534, 65.987654, 665.547846, 36.804138, 166.444300, 727, 109622.0
535, 70.925926, 662.143258, 30.000000, 198.792162, 723, 109272.0
536, 65.987654, 665.547846, 36.804138, 204.723176, 731, 109259.0
537, 70.925926, 665.547846, 36.804138, 190.496309, 721, 107990.0
538, 65.987654, 665.547846, 36.804138, 189.213644, 730, 110028.0
539, 70.925926, 665.547846, 36.804138, 242.087913, 721, 108483.0
540, 65.987654, 665.547846, 36.804138, 185.068784, 724, 109474.0
541, 70.925926, 665.547846, 36.804138, 190.696907, 726, 114365.0
542, 65.987654, 665.547846, 36.804138, 194.157838, 721, 110226.0
543, 70.925926, 665.547846, 36.804138, 224.376187, 721, 109148.0
544, 70.925926, 662.143258, 30.000000, 204.734858, 731, 115879.0
545, 65.987654, 665.547846, 36.804138, 182.236943, 725, 115228.0
546, 65.987654, 665.547846, 36.804138, 225.154633, 722, 111577.0
547, 70.925926, 665.547846, 36.804138, 178.578689, 725, 113450.0
548, 65.987654, 665.547846, 36.804138, 224.559692, 727, 112586.0
549, 70.925926, 665.547846, 36.804138, 187.928208, 724, 113522.0
550, 70.925926, 665.547846, 36.804138, 214.777261, 725, 110044.0
551, 70.925926, 665.547846, 36.804138, 181.015261, 720, 108610.0
552, 65.987654, 665.547846, 36.804138, 197.010695, 727, 110970.0
553, 70.925926, 665.547846, 36.804138, 193.895213, 723, 108434.0
554, 70.925926, 665.547846, 36.804138, 194.410650, 724, 110341.0
555, 70.925926, 665.547846, 36.804138, 183.135726, 721, 108505.0
556, 70.925926, 665.547846, 36.804138, 191.831160, 720, 107858.0
557, 65.987654, 665.547846, 36.804138, 205.097443, 720, 107896.0
558, 70.925926, 665.547846, 36.804138, 221.357665, 722, 108202.0
559, 70.925926, 665.547846, 36.804138, 222.656485, 724, 108259.0
560, 65.987654, 665.547846, 36.804138, 208.362146, 717, 107242.0
561, 70.925926, 665.547846, 36.804138, 196.869126, 723, 107934.0
562, 65.987654, 665.547846, 36.804138, 218.787475, 724, 108283.0
563, 70.925926, 662.143258, 30.000000, 196.708511, 725, 109806.0
564, 70.925926, 665.547846, 36.804138, 234.406755, 720, 107856.0
565, 70.925926, 665.547846, 36.804138, 186.066207, 723, 112758.0
566, 65.987654, 665.547846, 36.804138, 207.191413, 725, 110764.0
567, 65.987654, 665.547846, 36.804138, 170.223782, 721, 109186.0
568, 75.761317, 666.915501, 33.326468, 235.454228, 723, 108288.0
569, 70.925926, 665.547846, 36.804138, 206.794318, 719, 108070.0
570, 70.925926, 665.547846, 36.804138, 170.803554, 722, 108571.0
571, 70.925926, 665.547846, 36.804138, 213.910955, 724, 109669.0
572, 70.925926, 665.547846, 36.804138, 213.658018, 724, 108349.0
573, 70.925926, 662.143258, 30.000000, 179.244752, 724, 110315.0
574, 70.925926, 662.143258, 30.000000, 195.775827, 723, 108464.0
575, 70.925926, 665.547846, 36.804138, 188.477680, 725, 110894.0
576, 70.925926, 665.547846, 36.804138, 236.773707, 726, 109533.0
577, 70.925926, 665.547846, 36.804138, 213.320402, 726, 108808.0
578, 70.925926, 662.143258, 30.000000, 204.073458, 722, 108533.0
579, 70.925926, 665.547846, 36.804138, 193.537537, 724, 108908.0
580, 72.400549, 667.536281, 35.544113, 247.518802, 730, 111707.0
581, 65.987654, 665.547846, 36.804138, 195.180175, 720, 114888.0
582, 77.098765, 660.222721, 37.257747, 224.281708, 718, 112326.0
583, 70.925926, 665.547846, 36.804138, 210.510704, 719, 107877.0
584, 70.925926, 665.547846, 36.804138, 204.397601, 729, 109842.0
585, 65.987654, 665.547846, 36.804138, 186.828468, 720, 115363.0
586, 70.925926, 665.547846, 36.804138, 195.455228, 721, 114390.0
587, 70.925926, 665.547846, 36.804138, 212.992935, 719, 109791.0
588, 70.925926, 665.547846, 36.804138, 202.917982, 723, 110391.0
589, 65.987654, 665.547846, 36.804138, 184.421459, 724, 111121.0
590, 70.925926, 665.547846, 36.804138, 215.674695, 721, 117274.0
591, 65.987654, 665.547846, 36.804138, 204.488187, 725, 108633.0
592, 70.925926, 665.547846, 36.804138, 217.982359, 723, 108106.0
593, 65.987654, 665.547846, 36.804138, 198.474579, 726, 110448.0
594, 70.925926, 665.547846, 36.804138, 212.164960, 723, 112131.0
595, 65.987654, 665.547846, 36.804138, 202.471231, 725, 111427.0
596, 70.925926, 665.547846, 36.804138, 225.188095, 725, 114305.0
597, 65.987654, 665.547846, 36.804138, 170.183271, 722, 114263.0
598, 65.987654, 665.547846, 36.804138, 178.703327, 727, 110828.0
599, 70.925926, 665.547846, 36.804138, 202.999694, 718, 109654.0
600, 70.925926, 665.547846, 36.804138, 194.870306, 724, 108223.0
601, 70.925926, 662.143258, 30.000000, 225.657486, 728, 109805.0
602, 70.925926, 665.547846, 36.804138, 191.143842, 721, 108558.0
603, 65.987654, 665.547846, 36.804138, 182.353207, 721, 108203.0
604, 70.925926, 665.547846, 36.804138, 201.230070, 720, 107735.0
605, 78.333333, 667.642977, 34.082483, 243.717004, 714, 108901.0
606, 65.987654, 665.547846, 36.804138, 193.138685, 725, 108575.0
607, 70.925926, 665.547846, 36.804138, 171.374961, 720, 107648.0
608, 70.925926, 665.547846, 36.804138, 207.340772, 725, 109649.0
609, 70.925926, 665.547846, 36.804138, 202.973772, 725, 109810.0
610, 70.925926, 665.547846, 36.804138, 206.276855, 726, 109341.0
611, 70.925926, 665.547846, 36.804138, 189.570418, 716, 110333.0
612, 75.761317, 666.915501, 33.326468, 242.832463, 716, 110132.0
613, 70.925926, 665.547846, 36.804138, 212.157032, 724, 110288.0
614, 65.987654, 665.547846, 36.804138, 178.918717, 721, 115594.0
615, 70.925926, 665.547846, 36.804138, 208.976034, 727, 110123.0
616, 65.987654, 665.547846, 36.804138, 176.659621, 724, 109868.0
617, 70.925926, 665.547846, 36.804138, 194.793567, 720, 108215.0
618, 70.925926, 665.547846, 36.804138, 182.327142, 719, 108761.0
619, 65.987654, 665.547846, 36.804138, 188.369576, 724, 110330.0
620, 65.987654, 665.547846, 36.804138, 188.610085, 721, 109029.0
621, 70.925926, 665.547846, 36.804138, 171.289085, 726, 109033.0
622, 70.925926, 662.143258, 30.000000, 201.698362, 721, 109637.0
623, 70.925926, 665.547846, 36.804138, 213.007381, 726, 109470.0
624, 65.987654, 665.547846, 36.804138, 191.452831, 726, 109052.0
625, 65.987654, 665.547846, 36.804138, 184.251901, 722, 107654.0
626, 70.925926, 665.547846, 36.804138, 232.557162, 718, 107231.0
627, 70.925926, 665.547846, 36.804138, 205.568740, 719, 108330.0
628, 65.987654, 665.547846, 36.804138, 197.392932, 723, 109099.0
629, 70.925926, 665.547846, 36.804138, 187.815587, 726, 109019.0
630, 65.987654, 665.547846, 36.804138, 171.423375, 725, 116085.0
631, 65.987654, 665.547846, 36.804138, 177.525842, 727, 121541.0
632, 65.987654, 665.547846, 36.804138, 173.056383, 722, 115073.0
633, 70.925926, 665.547846, 36.804138, 183.579996, 724, 109833.0
634, 70.925926, 665.547846, 36.804138, 207.721578, 724, 108367.0
635, 65.987654, 665.547846, 36.804138, 206.736045, 724, 109309.0
636, 70.925926, 665.547846, 36.804138, 195.654978, 723, 116338.0
637, 65.987654, 665.547846, 36.804138, 201.404750, 724, 114019.0
638, 70.925926, 665.547846, 36.804138, 234.417932, 718, 107197.0
639, 65.987654, 665.547846, 36.804138, 189.715393, 716, 107422.0
640, 70.925926, 665.547846, 36.804138, 188.495587, 723, 109778.0
641, 65.987654, 665.547846, 36.804138, 171.399343, 724, 127133.0
642, 65.987654, 665.547846, 36.804138, 187.277639, 729, 109786.0
643, 65.987654, 665.547846, 36.804138, 180.034893, 723, 111553.0
644, 70.925926, 665.547846, 36.804138, 201.198061, 727, 116132.0
645, 70.925926, 665.547846, 36.804138, 182.933299, 722, 116141.0
646, 65.987654, 665.547846, 36.804138, 185.395290, 727, 109377.0
647, 65.987654, 665.547846, 36.804138, 203.679370, 726, 108875.0
648, 65.987654, 665.547846, 36.804138, 194.637170, 724, 108757.0
649, 75.761317, 666.915501, 33.326468, 224.118900, 720, 114357.0
650, 65.987654, 665.547846, 36.804138, 185.832652, 724, 112245.0
651, 65.987654, 665.547846, 36.804138, 171.440892, 723, 108252.0
652, 70.925926, 662.143258, 30.000000, 192.452690, 721, 107947.0
653, 65.987654, 665.547846, 36.804138, 169.447003, 723, 109978.0
654, 70.925926, 665.547846, 36.804138, 195.864051, 722, 109699.0
655, 65.987654, 665.547846, 36.804138, 187.651155, 725, 109049.0
656, 70.925926, 665.547846, 36.804138, 189.589353, 723, 108702.0
657, 70.925926, 665.547846, 36.804138, 198.274438, 724, 109667.0
658, 70.925926, 665.547846, 36.804138, 214.101844, 719, 107913.0
659, 65.987654, 665.547846, 36.804138, 189.653766, 726, 109127.0
660, 65.987654, 665.547846, 36.804138, 196.842021, 729, 109253.0
661, 70.925926, 665.547846, 36.804138, 243.304607, 714, 106700.0
662, 70.925926, 665.547846, 36.804138, 171.098878, 720, 107645.0
663, 70.925926, 665.547846, 36.804138, 182.866009, 723, 108140.0
664, 65.987654, 665.547846, 36.804138, 187.774254, 733, 109664.0
665, 65.987654, 665.547846, 36.804138, 188.484251, 726, 108616.0
666, 65.987654, 665.547846, 36.804138, 195.784074, 721, 107769.0
667, 75.761317, 666.915501, 33.326468, 238.589172, 720, 108139.0
668, 70.925926, 665.547846, 36.804138, 177.565552, 721, 108281.0
669, 70.925926, 662.143258, 30.000000, 198.817620, 719, 108393.0
670, 70.925926, 665.547846, 36.804138, 176.936665, 721, 107954.0
671, 70.925926, 665.547846, 36.804138, 194.243743, 722, 107953.0
672, 65.987654, 665.547846, 36.804138, 190.988387, 727, 108990.0
673, 70.925926, 665.547846, 36.804138, 179.371914, 725, 108379.0
674, 65.987654, 665.547846, 36.804138, 183.530897, 730, 108986.0
675, 70.925926, 665.547846, 36.804138, 190.617584, 719, 107433.0
676, 70.925926, 665.547846, 36.804138, 186.637546, 722, 107988.0
677, 70.925926, 665.547846, 36.804138, 183.618711, 724, 108089.0
678, 65.987654, 665.547846, 36.804138, 180.583674, 728, 108676.0
679, 65.987654, 665.547846, 36.804138, 183.182250, 721, 107640.0
680, 65.987654, 665.547846, 36.804138, 179.971124, 722, 113923.0
681, 65.987654, 665.547846, 36.804138, 184.676346, 723, 120007.0
682, 65.987654, 665.547846, 36.804138, 161.074527, 720, 108106.0
683, 70.925926, 662.143258, 30.000000, 188.678577, 721, 108667.0
684, 65.987654, 665.547846, 36.804138, 161.789855, 724, 108907.0
685, 65.987654, 665.547846, 36.804138, 186.787288, 724, 108765.0
686, 65.987654, 665.547846, 36.804138, 168.907915, 728, 110066.0
687, 65.987654, 665.547846, 36.804138, 192.857180, 726, 108438.0
688, 70.925926, 665.547846, 36.804138, 198.183961, 727, 108664.0
689, 65.987654, 665.547846, 36.804138, 173.041889, 724, 108490.0
690, 65.987654, 665.547846, 36.804138, 185.947867, 726, 108782.0
691, 65.987654, 665.547846, 36.804138, 188.680387, 717, 107302.0
692, 65.987654, 665.547846, 36.804138, 178.907420, 720, 107806.0
693, 65.987654, 665.547846, 36.804138, 196.525385, 720, 107583.0
694, 70.925926, 665.547846, 36.804138, 201.625463, 724, 108259.0
695, 70.925926, 665.547846, 36.804138, 215.207886, 725, 108158.0
696, 65.987654, 665.547846, 36.804138, 210.469091, 722, 108410.0
697, 65.987654, 665.547846, 36.804138, 181.384640, 720, 107632.0
698, 70.925926, 662.143258, 30.000000, 215.529757, 724, 108376.0
699, 70.925926, 665.547846, 36.804138, 179.465120, 720, 107613.0
700, 70.925926, 665.547846, 36.804138, 211.472187, 716, 107015.0
701, 70.925926, 665.547846, 36.804138, 197.911121, 719, 107757.0
702, 70.925926, 665.547846, 36.804138, 181.570894, 721, 109240.0
703, 65.987654, 665.547846, 36.804138, 187.497140, 725, 108480.0
704, 70.925926, 665.547846, 36.804138, 213.097183, 722, 110591.0
705, 70.925926, 662.143258, 30.000000, 191.135575, 726, 109511.0
706, 70.925926, 662.143258, 30.000000, 203.665281, 716, 107173.0
707, 70.925926, 665.547846, 36.804138, 220.368231, 723, 108459.0
708, 70.925926, 662.143258, 30.000000, 188.372682, 719, 107485.0
709, 65.987654, 665.547846, 36.804138, 210.348360, 722, 108279.0
710, 65.987654, 665.547846, 36.804138, 182.347150, 721, 108422.0
711, 65.987654, 665.547846, 36.804138, 206.079371, 726, 108508.0
712, 70.925926, 662.143258, 30.000000, 203.112373, 722, 108650.0
713, 65.987654, 665.547846, 36.804138, 187.249794, 720, 108099.0
714, 65.987654, 665.547846, 36.804138, 205.309978, 725, 108549.0
715, 70.925926, 665.547846, 36.804138, 223.471693, 718, 107137.0
716, 70.925926, 665.547846, 36.804138, 193.564088, 725, 108494.0
717, 65.987654, 665.547846, 36.804138, 190.441673, 727, 108650.0
718, 65.987654, 665.547846, 36.804138, 193.326642, 724, 108396.0
719, 65.987654, 665.547846, 36.804138, 198.024556, 723, 108284.0
720, 65.987654, 665.547846, 36.804138, 182.421849, 723, 108299.0
721, 70.925926, 665.547846, 36.804138, 203.772150, 719, 107557.0
722, 70.925926, 665.547846, 36.804138, 208.660453, 723, 108313.0
723, 70.925926, 665.547846, 36.804138, 194.037131, 720, 107623.0
724, 65.987654, 665.547846, 36.804138, 186.291958, 721, 108062.0
725, 65.987654, 665.547846, 36.804138, 190.446102, 721, 107818.0
726, 65.987654, 665.547846, 36.804138, 193.642511, 727, 109068.0
727, 64.341564, 662.754338, 36.804138, 179.505645, 724, 110982.0
728, 65.987654, 665.547846, 36.804138, 186.563666, 727, 108847.0
729, 65.987654, 665.547846, 36.804138, 179.398181, 723, 108108.0
730, 70.925926, 665.547846, 36.804138, 200.887214, 723, 111370.0
731, 70.925926, 665.547846, 36.804138, 196.036530, 721, 108849.0
732, 70.925926, 665.547846, 36.804138, 182.617367, 725, 113820.0
733, 65.987654, 665.547846, 36.804138, 183.338895, 722, 107983.0
734, 70.925926, 665.547846, 36.804138, 211.629957, 715, 106981.0
735, 65.987654, 665.547846, 36.804138, 179.589316, 729, 109314.0
736, 65.987654, 665.547846, 36.804138, 160.985077, 719, 107982.0
737, 65.987654, 665.547846, 36.804138, 204.352973, 723, 108561.0
738, 65.987654, 665.547846, 36.804138, 173.019209, 726, 110577.0
739, 65.987654, 665.547846, 36.804138, 216.875046, 724, 111049.0
740, 65.987654, 665.547846, 36.804138, 169.221334, 720, 107923.0
741, 70.925926, 662.143258, 30.000000, 200.391682, 719, 108535.0
742, 65.987654, 665.547846, 36.804138, 155.952416, 720, 107386.0
743, 70.925926, 662.143258, 30.000000, 199.301480, 727, 108368.0
744, 70.925926, 665.547846, 36.804138, 188.850861, 720, 107252.0
745, 65.987654, 665.547846, 36.804138, 172.618112, 726, 108090.0
746, 70.925926, 662.143258, 30.000000, 200.212909, 724, 107670.0
747, 65.987654, 665.547846, 36.804138, 194.664542, 722, 107666.0
748, 65.987654, 665.547846, 36.804138, 174.013644, 721, 107469.0
749, 65.987654, 665.547846, 36.804138, 160.709597, 720, 107348.0
750, 65.987654, 665.547846, 36.804138, 177.716293, 722, 107573.0
751, 65.987654, 665.547846, 36.804138, 182.193651, 723, 108076.0
752, 65.987654, 665.547846, 36.804138, 163.014052, 727, 117757.0
753, 65.987654, 665.547846, 36.804138, 176.915342, 722, 107870.0
754, 65.987654, 665.547846, 36.804138, 171.948164, 724, 108282.0
755, 65.987654, 665.547846, 36.804138, 160.451483, 723, 110685.0
756, 65.987654, 665.547846, 36.804138, 175.267297, 728, 108995.0
757, 65.987654, 665.547846, 36.804138, 183.843251, 718, 107548.0
758, 65.987654, 665.547846, 36.804138, 168.758568, 720, 120875.0
759, 65.987654, 665.547846, 36.804138, 170.624269, 725, 108861.0
760, 65.987654, 665.547846, 36.804138, 194.014740, 723, 108266.0
761, 65.987654, 665.547846, 36.804138, 172.737042, 723, 108264.0
762, 70.925926, 662.143258, 30.000000, 195.393368, 717, 107238.0
763, 70.925926, 665.547846, 36.804138, 193.157648, 721, 107782.0
764, 65.987654, 665.547846, 36.804138, 168.524914, 722, 108166.0
765, 70.925926, 665.547846, 36.804138, 189.938976, 718, 107270.0
766, 65.987654, 665.547846, 36.804138, 189.713600, 725, 108421.0
767, 70.925926, 665.547846, 36.804138, 193.741139, 725, 108495.0
768, 65.987654, 665.547846, 36.804138, 173.974477, 723, 108131.0
769, 70.925926, 665.547846, 36.804138, 204.168285, 724, 108476.0
770, 65.987654, 665.547846, 36.804138, 192.462493, 723, 108032.0
771, 65.987654, 665.547846, 36.804138, 173.539384, 723, 108153.0
772, 65.987654, 665.547846, 36.804138, 189.116950, 723, 108119.0
773, 70.925926, 665.547846, 36.804138, 199.750614, 719, 107351.0
774, 65.987654, 665.547846, 36.804138, 202.012129, 725, 108640.0
775, 65.987654, 665.547846, 36.804138, 175.524862, 727, 108957.0
776, 70.925926, 662.143258, 30.000000, 184.319156, 724, 108361.0
777, 70.925926, 665.547846, 36.804138, 207.013527, 728, 108846.0
778, 65.987654, 665.547846, 36.804138, 177.976855, 726, 108642.0
779, 70.925926, 665.547846, 36.804138, 187.577513, 722, 107860.0
780, 65.987654, 665.547846, 36.804138, 177.796518, 726, 108525.0
781, 70.925926, 665.547846, 36.804138, 199.845851, 721, 107698.0
782, 70.925926, 665.547846, 36.804138, 165.261155, 726, 108694.0
783, 70.925926, 665.547846, 36.804138, 199.243261, 721, 113469.0
784, 65.987654, 665.547846, 36.804138, 169.893543, 722, 108583.0
785, 65.987654, 665.547846, 36.804138, 187.298840, 726, 108973.0
786, 65.987654, 665.547846, 36.804138, 163.271867, 723, 110531.0
787, 70.925926, 665.547846, 36.804138, 197.103614, 725, 108312.0
788, 65.987654, 665.547846, 36.804138, 178.053281, 721, 108314.0
789, 65.987654, 665.547846, 36.804138, 175.185609, 725, 108429.0
790, 65.987654, 665.547846, 36.804138, 166.166630, 716, 107344.0
791, 65.987654, 665.547846, 36.804138, 167.852841, 723, 108378.0
792, 65.987654, 665.547846, 36.804138, 188.806010, 724, 109046.0
793, 65.987654, 665.547846, 36.804138, 178.684730, 724, 109072.0
794, 65.987654, 665.547846, 36.804138, 154.991112, 721, 108702.0
795, 65.987654, 665.547846, 36.804138, 202.306621, 733, 110128.0
796, 70.925926, 665.547846, 36.804138, 195.597963, 722, 108461.0
797, 65.987654, 665.547846, 36.804138, 166.690021, 721, 108031.0
798, 65.987654, 665.547846, 36.804138, 163.335391, 723, 108743.0
799, 65.987654, 665.547846, 36.804138, 184.424957, 716, 107914.0
800, 65.987654, 665.547846, 36.804138, 187.842325, 722, 108319.0
801, 65.987654, 665.547846, 36.804138, 166.499195, 730, 110002.0
802, 65.987654, 665.547846, 36.804138, 167.912336, 724, 108478.0
803, 70.925926, 665.547846, 36.804138, 210.228357, 730, 109794.0
804, 70.925926, 665.547846, 36.804138, 199.772900, 723, 108528.0
805, 70.925926, 665.547846, 36.804138, 190.681417, 723, 108219.0
806, 65.987654, 665.547846, 36.804138, 194.821397, 724, 108880.0
807, 70.925926, 662.143258, 30.000000, 206.826750, 718, 108348.0
808, 70.925926, 662.143258, 30.000000, 185.274885, 720, 108432.0
809, 70.925926, 662.143258, 30.000000, 201.902968, 723, 108572.0
810, 65.987654, 665.547846, 36.804138, 168.541324, 722, 108481.0
811, 65.987654, 665.547846, 36.804138, 173.972756, 723, 108833.0
812, 65.987654, 665.547846, 36.804138, 172.873693, 726, 109525.0
813, 70.925926, 665.547846, 36.804138, 186.794571, 723, 108921.0
814, 65.987654, 665.547846, 36.804138, 196.578904, 728, 109489.0
815, 65.987654, 665.547846, 36.804138, 201.566747, 725, 108827.0
816, 65.987654, 665.547846, 36.804138, 184.560929, 723, 108767.0
817, 70.925926, 665.547846, 36.804138, 201.045812, 724, 108573.0
818, 65.987654, 665.547846, 36.804138, 179.012782, 728, 109780.0
819, 65.987654, 665.547846, 36.804138, 192.060881, 722, 107860.0
820, 65.987654, 665.547846, 36.804138, 190.421267, 726, 109352.0
821, 65.987654, 665.547846, 36.804138, 201.737183, 721, 108768.0
822, 70.925926, 665.547846, 36.804138, 187.390851, 722, 108303.0
823, 70.925926, 665.547846, 36.804138, 188.101332, 726, 108304.0
824, 65.987654, 665.547846, 36.804138, 213.094425, 727, 108415.0
825, 65.987654, 665.547846, 36.804138, 213.023902, 727, 108422.0
826, 65.987654, 665.547846, 36.804138, 176.210006, 718, 107173.0
827, 65.987654, 665.547846, 36.804138, 178.284158, 722, 107821.0
828, 65.987654, 665.547846, 36.804138, 169.007159, 724, 109239.0
829, 65.987654, 665.547846, 36.804138, 187.159123, 723, 108727.0
830, 65.987654, 665.547846, 36.804138, 156.924771, 721, 110599.0
831, 65.987654, 665.547846, 36.804138, 173.805400, 725, 111698.0
832, 65.987654, 665.547846, 36.804138, 205.641720, 728, 113808.0
833, 70.925926, 665.547846, 36.804138, 195.886869, 722, 124135.0
834, 65.987654, 665.547846, 36.804138, 186.396814, 727, 112608.0
835, 65.987654, 665.547846, 36.804138, 189.700369, 723, 108336.0
836, 65.987654, 665.547846, 36.804138, 177.299502, 725, 109376.0
837, 65.987654, 665.547846, 36.804138, 184.129171, 724, 109154.0
838, 65.987654, 665.547846, 36.804138, 183.198319, 723, 109650.0
839, 65.987654, 665.547846, 36.804138, 211.056236, 722, 108566.0
840, 65.987654, 665.547846, 36.804138, 187.692616, 726, 109052.0
841, 65.987654, 665.547846, 36.804138, 202.589861, 728, 109172.0
842, 70.925926, 665.547846, 36.804138, 192.698268, 727, 112249.0
843, 65.987654, 665.547846, 36.804138, 167.157123, 726, 109467.0
844, 65.987654, 665.547846, 36.804138, 180.129130, 727, 109396.0
845, 65.987654, 665.547846, 36.804138, 170.283616, 721, 107923.0
846, 65.987654, 665.547846, 36.804138, 182.559175, 720, 108534.0
847, 65.987654, 665.547846, 36.804138, 173.164798, 721, 108142.0
848, 65.987654, 665.547846, 36.804138, 177.105051, 722, 108385.0
849, 65.987654, 665.547846, 36.804138, 168.927450, 725, 108921.0
850, 65.987654, 665.547846, 36.804138, 175.782230, 725, 109558.0
851, 70.925926, 665.547846, 36.804138, 200.035851, 724, 111046.0
852, 65.987654, 665.547846, 36.804138, 168.131495, 721, 108369.0
853, 65.987654, 665.547846, 36.804138, 172.787201, 727, 114334.0
854, 65.987654, 665.547846, 36.804138, 382.828308, 725, 111148.0
855, 70.925926, 665.547846, 36.804138, 183.257360, 722, 108589.0
856, 65.987654, 665.547846, 36.804138, 158.236147, 728, 109486.0
857, 65.987654, 665.547846, 36.804138, 151.574246, 726, 109182.0
858, 65.987654, 665.547846, 36.804138, 165.838052, 718, 108234.0
859, 65.987654, 665.547846, 36.804138, 175.197324, 722, 108256.0
860, 70.925926, 665.547846, 36.804138, 205.979132, 722, 109679.0
861, 65.987654, 665.547846, 36.804138, 182.704015, 723, 110989.0
862, 64.341564, 662.754338, 36.804138, 199.777085, 722, 110530.0
863, 65.987654, 665.547846, 36.804138, 170.953457, 723, 108674.0
864, 65.987654, 665.547846, 36.804138, 188.910291, 729, 110252.0
865, 65.987654, 665.547846, 36.804138, 184.726502, 726, 109082.0
866, 70.925926, 662.143258, 30.000000, 197.066728, 719, 110582.0
867, 65.987654, 665.547846, 36.804138, 167.348030, 720, 108551.0
868, 70.925926, 665.547846, 36.804138, 203.285620, 720, 108170.0
869, 65.987654, 665.547846, 36.804138, 199.453071, 726, 112327.0
870, 70.925926, 665.547846, 36.804138, 189.972772, 730, 109539.0
871, 65.987654, 665.547846, 36.804138, 174.622915, 719, 107815.0
872, 70.925926, 662.143258, 30.000000, 192.826964, 723, 108514.0
873, 70.925926, 665.547846, 36.804138, 185.066714, 727, 108933.0
874, 65.987654, 665.547846, 36.804138, 179.179282, 721, 108125.0
875, 70.925926, 665.547846, 36.804138, 204.271780, 725, 108755.0
876, 70.925926, 665.547846, 36.804138, 191.952308, 726, 111962.0
877, 65.987654, 665.547846, 36.804138, 185.668756, 724, 108711.0
878, 65.987654, 665.547846, 36.804138, 195.284358, 726, 111460.0
879, 70.925926, 665.547846, 36.804138, 184.057112, 714, 108568.0
880, 65.987654, 665.547846, 36.804138, 146.536841, 719, 107966.0
881, 70.925926, 662.143258, 30.000000, 185.840313, 720, 109103.0
882, 65.987654, 665.547846, 36.804138, 173.737495, 722, 108222.0
883, 70.925926, 662.143258, 30.000000, 189.671188, 721, 109392.0
884, 65.987654, 665.547846, 36.804138, 176.048964, 722, 112494.0
885, 65.987654, 665.547846, 36.804138, 186.922287, 726, 109309.0
886, 70.925926, 662.143258, 30.000000, 210.696428, 725, 109030.0
887, 65.987654, 665.547846, 36.804138, 165.632638, 726, 109436.0
888, 65.987654, 665.547846, 36.804138, 188.573198, 725, 108439.0
889, 65.987654, 665.547846, 36.804138, 155.521937, 722, 108264.0
890, 65.987654, 665.547846, 36.804138, 176.311350, 726, 110876.0
891, 70.925926, 662.143258, 30.000000, 195.853856, 719, 107562.0
892, 70.925926, 665.547846, 36.804138, 196.076317, 721, 108156.0
893, 70.925926, 662.143258, 30.000000, 195.316325, 726, 108878.0
894, 65.987654, 665.547846, 36.804138, 186.087456, 727, 109338.0
895, 65.987654, 665.547846, 36.804138, 177.503839, 726, 109304.0
896, 70.925926, 665.547846, 36.804138, 196.712851, 722, 109630.0
897, 65.987654, 665.547846, 36.804138, 182.944311, 728, 115519.0
898, 70.925926, 665.547846, 36.804138, 164.418803, 727, 112514.0
899, 65.987654, 665.547846, 36.804138, 186.276339, 723, 108364.0
900, 65.987654, 665.547846, 36.804138, 168.752493, 726, 109620.0
901, 65.987654, 665.547846, 36.804138, 177.355211, 726, 108800.0
902, 65.987654, 665.547846, 36.804138, 166.419179, 723, 110041.0
903, 65.987654, 665.547846, 36.804138, 170.866730, 727, 110370.0
904, 70.925926, 665.547846, 36.804138, 180.954972, 721, 108174.0
905, 65.987654, 665.547846, 36.804138, 181.087948, 725, 114134.0
906, 70.925926, 665.547846, 36.804138, 194.239642, 724, 108566.0
907, 65.987654, 665.547846, 36.804138, 171.279270, 723, 108270.0
908, 65.987654, 665.547846, 36.804138, 154.565480, 722, 108914.0
909, 65.987654, 665.547846, 36.804138, 181.232604, 730, 111918.0
910, 65.987654, 665.547846, 36.804138, 156.912022, 723, 109457.0
911, 65.987654, 665.547846, 36.804138, 181.601865, 721, 109338.0
912, 65.987654, 665.547846, 36.804138, 176.106591, 728, 109609.0
913, 70.925926, 665.547846, 36.804138, 199.777937, 725, 108950.0
914, 65.987654, 665.547846, 36.804138, 179.547144, 728, 109195.0
915, 70.925926, 665.547846, 36.804138, 203.944404, 727, 109871.0
916, 65.987654, 665.547846, 36.804138, 157.975707, 726, 111071.0
917, 70.925926, 665.547846, 36.804138, 194.420539, 724, 109272.0
918, 70.925926, 665.547846, 36.804138, 187.689035, 719, 112293.0
919, 65.987654, 665.547846, 36.804138, 165.960358, 725, 110661.0
920, 65.987654, 665.547846, 36.804138, 204.491575, 728, 109180.0
921, 65.987654, 665.547846, 36.804138, 165.058035, 727, 109006.0
922, 65.987654, 665.547846, 36.804138, 167.874847, 722, 108780.0
923, 65.987654, 665.547846, 36.804138, 178.011797, 719, 110276.0
924, 70.925926, 665.547846, 36.804138, 198.594982, 724, 108054.0
925, 70.925926, 665.547846, 36.804138, 188.536110, 722, 108646.0
926, 65.987654, 665.547846, 36.804138, 194.206025, 722, 110809.0
927, 70.925926, 662.143258, 30.000000, 196.974303, 720, 108789.0
928, 70.925926, 662.143258, 30.000000, 191.675177, 719, 109030.0
929, 65.987654, 665.547846, 36.804138, 170.980688, 722, 110258.0
930, 65.987654, 665.547846, 36.804138, 181.931569, 722, 108223.0
931, 70.925926, 662.143258, 30.000000, 198.413462, 722, 110440.0
932, 65.987654, 665.547846, 36.804138, 191.583098, 724, 108805.0
933, 65.987654, 665.547846, 36.804138, 180.321083, 725, 113982.0
934, 65.987654, 665.547846, 36.804138, 162.673325, 726, 122097.0
935, 70.925926, 662.143258, 30.000000, 190.630213, 722, 108709.0
936, 65.987654, 665.547846, 36.804138, 167.561112, 726, 111916.0
937, 70.925926, 665.547846, 36.804138, 206.074336, 723, 108436.0
938, 70.925926, 665.547846, 36.804138, 212.012380, 716, 109728.0
939, 65.987654, 665.547846, 36.804138, 197.625999, 727, 113092.0
940, 65.987654, 665.547846, 36.804138, 186.604773, 723, 109807.0
941, 70.925926, 662.143258, 30.000000, 194.740881, 725, 108957.0
942, 65.987654, 665.547846, 36.804138, 190.820497, 721, 108490.0
943, 70.925926, 665.547846, 36.804138, 199.629611, 725, 109061.0
944, 65.987654, 665.547846, 36.804138, 187.546008, 721, 108880.0
945, 65.987654, 665.547846, 36.804138, 185.275720, 730, 109442.0
946, 70.925926, 662.143258, 30.000000, 179.585020, 723, 108642.0
947, 65.987654, 665.547846, 36.804138, 154.542132, 721, 109879.0
948, 70.925926, 665.547846, 36.804138, 215.294267, 724, 108770.0
949, 70.925926, 662.143258, 30.000000, 181.866271, 718, 107891.0
950, 70.925926, 665.547846, 36.804138, 205.809465, 721, 108068.0
951, 65.987654, 665.547846, 36.804138, 196.361382, 726, 109051.0
952, 64.341564, 662.754338, 36.804138, 186.018858, 729, 109385.0
953, 65.987654, 665.547846, 36.804138, 192.103007, 729, 111087.0
954, 65.987654, 665.547846, 36.804138, 209.925677, 724, 108510.0
955, 65.987654, 665.547846, 36.804138, 187.531911, 728, 112737.0
956, 70.925926, 665.547846, 36.804138, 197.413412, 722, 112285.0
957, 65.987654, 665.547846, 36.804138, 182.642425, 725, 108820.0
958, 65.987654, 665.547846, 36.804138, 165.014281, 727, 109107.0
959, 65.987654, 665.547846, 36.804138, 181.533847, 731, 110519.0
960, 65.987654, 665.547846, 36.804138, 163.825870, 723, 108561.0
961, 65.987654, 665.547846, 36.804138, 168.578405, 728, 113735.0
962, 65.987654, 665.547846, 36.804138, 191.057314, 729, 109634.0
963, 65.987654, 665.547846, 36.804138, 178.808648, 723, 112293.0
964, 70.925926, 665.547846, 36.804138, 179.740124, 725, 111357.0
965, 65.987654, 665.547846, 36.804138, 157.376183, 730, 109249.0
966, 65.987654, 665.547846, 36.804138, 170.104736, 719, 107943.0
967, 70.925926, 662.143258, 30.000000, 178.962317, 720, 107470.0
968, 65.987654, 665.547846, 36.804138, 159.928185, 724, 114129.0
969, 65.987654, 665.547846, 36.804138, 171.136847, 722, 109786.0
970, 65.987654, 665.547846, 36.804138, 173.734324, 722, 110022.0
971, 70.925926, 662.143258, 30.000000, 167.837535, 723, 111931.0
972, 65.987654, 665.547846, 36.804138, 148.332735, 718, 107834.0
973, 65.987654, 665.547846, 36.804138, 164.283621, 723, 109426.0
974, 70.925926, 665.547846, 36.804138, 199.991157, 725, 109925.0
975, 70.925926, 665.547846, 36.804138, 185.004130, 723, 108359.0
976, 65.987654, 665.547846, 36.804138, 144.594139, 722, 108319.0
977, 70.925926, 665.547846, 36.804138, 186.018200, 721, 107774.0
978, 65.987654, 665.547846, 36.804138, 154.684174, 720, 111230.0
979, 65.987654, 665.547846, 36.804138, 187.405951, 721, 108285.0
980, 70.925926, 665.547846, 36.804138, 210.044115, 722, 108106.0
981, 65.987654, 665.547846, 36.804138, 175.709744, 722, 110706.0
982, 70.925926, 665.547846, 36.804138, 176.246166, 726, 108820.0
983, 65.987654, 665.547846, 36.804138, 198.945172, 727, 109079.0
984, 70.925926, 665.547846, 36.804138, 175.495985, 722, 108317.0
985, 70.925926, 662.143258, 30.000000, 193.276477, 720, 113604.0
986, 65.987654, 665.547846, 36.804138, 175.540122, 721, 108153.0
987, 70.925926, 662.143258, 30.000000, 186.587671, 729, 109412.0
988, 65.987654, 665.547846, 36.804138, 159.662333, 720, 107824.0
989, 65.987654, 665.547846, 36.804138, 200.627033, 726, 108326.0
990, 65.987654, 665.547846, 36.804138, 180.719111, 727, 108595.0
991, 70.925926, 665.547846, 36.804138, 165.548904, 720, 109448.0
992, 65.987654, 665.547846, 36.804138, 174.422706, 721, 123607.0
993, 65.987654, 665.547846, 36.804138, 193.016327, 722, 108092.0
994, 70.925926, 665.547846, 36.804138, 174.670975, 724, 108395.0
995, 65.987654, 665.547846, 36.804138, 165.219313, 724, 108971.0
996, 70.925926, 665.547846, 36.804138, 176.419533, 721, 115320.0
997, 65.987654, 665.547846, 36.804138, 189.641890, 726, 109162.0
998, 65.987654, 665.547846, 36.804138, 190.750619, 721, 108045.0
999, 70.925926, 665.547846, 36.804138, 188.485391, 719, 107441.0
