#idx, x0, x1, x2, y, f_neval, total_time (us), 
0, 70.831191, 664.022569, 36.668754, 176.625199, 2029, 305316.0
1, 72.134859, 664.388937, 37.341939, 205.415245, 1953, 296445.0
2, 71.411371, 663.962872, 37.105066, 200.031314, 1954, 294661.0
3, 69.745998, 663.964063, 36.285182, 205.017005, 2022, 305720.0
4, 72.600251, 663.317944, 36.114441, 219.707409, 1943, 304958.0
5, 70.936947, 662.787796, 36.305805, 210.334344, 1976, 302319.0
6, 71.541480, 662.771394, 39.432779, 198.168812, 1981, 296195.0
7, 72.872340, 663.435551, 37.193891, 210.927670, 1948, 293743.0
8, 72.253081, 664.933693, 37.549590, 204.784102, 1953, 291017.0
9, 72.216791, 663.797336, 38.024132, 220.684238, 1940, 292702.0
10, 75.618187, 664.028830, 37.511084, 232.633413, 1927, 286897.0
11, 71.510967, 664.483861, 36.412400, 198.107982, 1949, 294801.0
12, 71.316747, 663.858908, 37.768012, 185.975583, 1993, 297485.0
13, 72.577100, 665.034182, 36.733523, 234.514337, 1934, 290986.0
14, 72.368214, 662.787958, 35.991533, 214.959978, 1955, 291061.0
15, 70.170972, 664.423759, 38.289235, 177.488706, 2060, 311404.0
16, 70.028271, 663.921736, 38.666121, 176.306162, 2062, 308462.0
17, 71.818099, 664.805439, 35.137586, 195.043723, 1947, 294807.0
18, 69.336703, 662.014636, 36.373852, 205.538273, 2048, 311788.0
19, 74.507647, 663.088739, 37.065045, 231.980152, 1923, 298922.0
20, 72.373367, 663.772263, 38.460160, 205.787227, 1966, 293416.0
21, 72.877049, 663.405691, 36.628300, 186.227757, 1978, 295947.0
22, 69.830622, 663.032624, 36.991512, 186.822712, 2065, 308264.0
23, 73.080394, 662.487160, 38.938439, 219.143984, 1941, 289235.0
24, 72.613231, 662.002419, 37.869594, 217.652919, 1925, 286490.0
25, 70.978570, 663.444055, 39.810125, 197.388808, 2007, 299324.0
26, 74.624375, 663.295805, 36.714108, 223.311405, 1925, 286404.0
27, 71.344945, 664.176889, 37.204769, 185.745160, 2019, 301348.0
28, 71.884543, 661.927319, 38.181363, 187.341996, 2021, 301887.0
29, 71.710621, 664.926940, 36.881403, 199.056509, 1932, 286438.0
30, 70.102776, 662.996866, 37.048317, 176.590062, 2026, 302611.0
31, 69.410618, 664.341658, 37.926109, 200.622662, 2038, 304349.0
32, 70.102776, 662.996866, 37.048317, 183.508216, 2030, 302987.0
33, 70.765700, 661.639741, 38.030260, 177.153212, 1991, 296769.0
34, 69.997212, 663.141028, 38.108873, 182.472748, 2029, 302916.0
35, 73.560253, 662.168634, 37.255830, 213.073610, 1932, 287947.0
36, 72.184425, 662.251802, 38.519828, 192.219658, 1945, 289756.0
37, 68.480614, 662.046704, 38.333639, 179.774298, 2065, 310005.0
38, 70.523145, 663.143748, 36.518164, 203.940392, 2015, 300404.0
39, 68.667153, 660.946246, 37.993834, 167.071978, 2056, 307170.0
40, 71.280611, 664.315108, 37.272248, 191.429842, 1963, 293844.0
41, 71.498378, 664.140593, 35.413004, 181.770404, 1985, 297055.0
42, 68.813363, 661.829981, 38.088200, 186.203561, 2068, 311513.0
43, 72.826031, 662.493340, 37.071513, 207.000106, 1966, 293659.0
44, 70.745835, 663.321809, 38.124688, 169.915311, 1994, 298578.0
45, 68.524271, 663.882946, 39.507069, 191.471293, 2040, 306668.0
46, 70.000353, 664.688543, 37.122978, 198.588180, 2044, 304605.0
47, 71.014542, 663.617486, 36.582126, 193.755549, 1973, 293530.0
48, 68.889557, 662.582987, 38.201197, 187.875269, 2024, 305088.0
49, 71.428117, 664.204203, 36.572192, 186.747573, 1975, 294374.0
50, 72.713032, 663.830713, 35.142668, 183.617250, 1955, 291091.0
51, 73.279294, 664.305711, 37.956611, 199.427375, 1959, 291528.0
52, 66.340102, 664.459155, 36.530019, 165.184136, 2063, 308249.0
53, 70.596864, 662.946500, 37.098437, 222.402694, 1942, 288752.0
54, 71.316747, 663.858908, 37.768012, 203.498461, 1972, 293884.0
55, 68.428712, 664.527927, 37.263758, 169.202668, 2072, 310128.0
56, 70.451617, 664.303251, 38.158581, 192.620336, 2010, 300018.0
57, 67.639560, 662.761240, 38.052396, 174.058406, 2051, 306487.0
58, 70.380818, 662.435427, 37.076373, 187.329032, 2028, 302818.0
59, 69.440133, 664.027479, 36.439287, 174.706297, 2054, 306821.0
60, 71.512677, 665.074014, 37.075332, 190.391834, 1959, 291856.0
61, 68.077252, 664.276656, 37.365810, 154.181641, 2051, 306457.0
62, 69.273346, 661.803216, 37.126567, 163.305466, 2061, 308470.0
63, 69.063788, 663.932219, 35.016280, 180.505162, 2059, 307333.0
64, 70.124896, 664.236210, 36.804717, 189.729476, 2023, 302213.0
65, 68.198701, 663.453987, 35.524239, 181.570011, 2055, 306556.0
66, 69.389721, 662.125041, 37.124410, 172.205546, 2072, 310410.0
67, 73.010132, 662.961495, 36.624147, 214.338318, 1922, 286027.0
68, 66.924819, 662.668862, 36.618515, 183.978812, 2062, 308317.0
69, 69.050564, 664.049064, 38.496858, 208.349323, 2018, 301324.0
70, 68.487369, 664.081450, 37.669995, 165.958049, 2068, 308559.0
71, 69.522471, 664.753714, 36.414211, 192.186078, 2063, 308273.0
72, 71.191129, 664.048077, 37.340159, 200.170550, 1952, 290980.0
73, 65.401805, 663.564686, 37.629532, 183.523946, 2045, 305807.0
74, 70.183347, 664.552388, 36.064994, 175.569236, 2050, 306920.0
75, 68.934681, 662.671315, 39.243051, 186.569622, 2055, 307380.0
76, 67.442689, 663.213972, 35.420997, 185.533595, 2030, 302647.0
77, 66.729098, 663.642196, 37.335773, 164.325569, 2070, 316348.0
78, 69.410618, 664.341658, 37.926109, 181.733044, 2065, 314144.0
79, 70.611632, 661.693806, 39.606409, 204.449342, 2001, 299515.0
80, 66.974814, 664.574515, 37.377284, 168.960239, 2068, 311165.0
81, 67.866394, 663.577526, 37.032233, 162.010882, 2069, 309355.0
82, 68.246215, 664.286168, 36.491408, 159.597269, 2073, 310291.0
83, 71.285349, 663.806653, 36.387972, 190.162532, 2025, 303521.0
84, 67.710109, 663.157272, 37.548275, 178.254172, 2071, 310452.0
85, 70.332333, 665.073870, 35.498065, 204.881989, 1981, 298233.0
86, 67.711441, 662.753599, 39.024190, 174.281146, 2056, 308256.0
87, 67.273161, 662.465185, 36.677627, 171.046223, 2037, 305611.0
88, 67.054465, 662.666818, 36.506685, 174.331370, 2040, 305297.0
89, 68.370396, 664.721139, 36.533224, 157.056821, 2074, 309442.0
90, 71.955211, 663.165906, 35.977092, 214.780058, 1960, 291151.0
91, 67.781601, 661.762675, 38.839277, 177.040200, 2048, 305950.0
92, 68.198847, 661.790125, 38.096820, 187.247349, 2055, 306245.0
93, 68.157362, 661.753000, 37.842174, 194.158665, 2052, 306383.0
94, 69.741574, 664.116061, 36.207971, 172.146323, 2058, 307363.0
95, 69.886008, 662.485334, 38.182194, 167.070065, 2070, 334576.0
96, 68.435556, 664.270595, 36.174173, 172.465179, 2075, 311046.0
97, 70.056100, 664.603386, 36.055323, 175.679446, 2073, 310807.0
98, 69.286868, 664.320657, 38.013353, 164.947656, 2068, 310975.0
99, 69.365033, 664.391649, 36.188059, 181.542321, 2060, 317948.0
100, 66.654033, 662.702112, 37.237122, 170.518397, 2044, 308523.0
101, 70.226604, 662.793273, 36.732609, 202.831697, 2017, 300725.0
102, 66.951719, 663.382208, 38.083530, 162.506740, 2060, 311528.0
103, 68.347670, 663.997083, 39.028520, 174.969333, 2082, 315020.0
104, 70.042505, 664.128433, 36.115363, 181.123138, 2054, 306977.0
105, 67.941663, 663.077895, 37.710202, 188.426648, 2038, 303966.0
106, 70.925926, 665.547846, 36.804138, 196.072977, 1975, 295833.0
107, 70.681379, 664.103788, 37.536454, 181.576432, 2028, 304484.0
108, 68.487369, 664.081450, 37.669995, 188.334412, 2042, 305026.0
109, 69.797210, 663.101283, 37.117914, 178.337083, 2068, 309440.0
110, 69.080762, 664.612333, 38.047426, 177.773007, 2058, 307847.0
111, 70.102776, 662.996866, 37.048317, 184.300985, 2036, 304768.0
112, 69.246703, 662.205327, 38.263969, 189.920551, 2033, 304553.0
113, 68.934681, 662.671315, 39.243051, 162.451746, 2064, 309310.0
114, 71.884438, 664.059489, 37.067025, 198.544260, 1972, 294108.0
115, 67.521871, 662.587024, 38.290729, 168.973234, 2059, 308239.0
116, 71.499671, 665.077956, 36.450907, 223.849700, 1939, 288719.0
117, 70.024992, 664.421172, 37.237669, 217.386687, 1999, 298657.0
118, 68.460657, 663.004956, 38.504444, 193.869149, 2078, 310799.0
119, 65.873686, 662.744806, 38.556355, 151.026101, 2068, 309847.0
120, 67.422660, 662.721890, 38.322083, 158.446318, 2060, 308493.0
121, 66.976221, 663.093431, 35.675158, 178.685427, 2042, 305276.0
122, 71.377459, 662.325207, 37.824495, 205.232695, 1943, 289702.0
123, 70.073422, 662.993443, 37.067044, 177.876142, 2052, 306827.0
124, 70.157680, 663.527524, 37.655899, 163.160300, 2026, 305454.0
125, 67.762088, 662.031207, 38.788645, 185.275971, 2050, 306792.0
126, 69.071282, 662.534014, 38.185382, 181.152329, 2067, 309596.0
127, 66.467193, 663.358757, 36.895321, 171.787223, 2056, 307401.0
128, 70.696979, 664.974351, 36.760508, 192.258737, 2012, 300665.0
129, 69.628152, 663.509779, 36.847648, 184.589743, 2036, 304850.0
130, 69.450021, 664.986478, 36.394127, 175.879022, 2055, 307442.0
131, 71.069170, 663.028296, 39.426742, 199.842825, 1972, 294586.0
132, 70.839968, 663.049869, 38.128401, 193.464430, 1971, 294348.0
133, 68.810911, 663.083484, 36.283369, 159.736335, 2066, 308109.0
134, 69.444491, 663.720360, 34.895255, 198.824973, 2057, 307196.0
135, 71.736597, 664.071700, 36.745050, 216.059845, 1954, 290945.0
136, 71.835254, 661.890777, 37.407385, 202.776804, 1979, 307355.0
137, 70.533331, 662.708497, 36.570507, 179.382051, 2052, 307039.0
138, 67.894126, 663.336850, 36.843025, 166.434934, 2050, 307282.0
139, 71.048962, 663.503673, 37.808098, 199.410512, 1981, 296162.0
140, 68.873607, 665.857969, 35.778555, 185.239240, 2067, 309214.0
141, 70.642153, 663.133130, 35.755085, 183.627417, 2039, 306371.0
142, 71.017856, 663.149650, 37.486144, 183.284410, 2004, 299698.0
143, 70.649671, 661.685213, 36.675786, 179.124579, 2027, 303357.0
144, 73.865395, 662.949557, 37.437744, 203.874737, 1935, 288763.0
145, 68.518462, 664.484274, 36.011359, 188.739613, 2072, 309989.0
146, 68.376194, 664.521959, 36.634403, 170.506791, 2046, 305666.0
147, 73.050475, 664.507836, 36.593024, 217.832582, 1941, 289175.0
148, 69.950479, 662.776337, 36.629820, 180.192916, 2054, 307297.0
149, 73.643901, 662.309539, 37.800320, 206.802863, 1967, 293768.0
150, 66.487947, 661.952668, 36.931419, 191.896905, 2032, 303809.0
151, 71.318536, 661.933625, 37.380954, 212.219941, 1984, 295240.0
152, 72.588016, 663.653943, 37.642670, 203.826716, 1946, 289724.0
153, 70.596366, 663.269749, 37.243153, 189.178945, 2023, 302101.0
154, 69.864123, 663.027814, 37.117556, 163.104398, 2067, 309289.0
155, 70.192149, 664.285651, 38.351495, 176.114910, 2060, 308369.0
156, 66.795345, 663.237783, 37.052992, 180.802275, 2033, 304286.0
157, 68.432211, 662.309948, 38.887787, 188.132805, 2041, 305310.0
158, 72.533265, 661.923754, 38.433768, 211.141621, 1965, 293519.0
159, 69.246703, 662.205327, 38.263969, 171.933533, 2057, 307885.0
160, 72.094271, 663.579008, 37.165057, 195.403234, 1936, 288726.0
161, 73.131546, 664.628514, 37.536557, 214.754318, 1937, 288583.0
162, 71.769398, 661.616759, 36.927091, 187.904224, 1966, 293108.0
163, 71.381063, 663.951190, 37.206582, 201.277401, 1976, 294741.0
164, 69.982704, 662.976489, 37.132968, 182.460782, 2054, 307376.0
165, 71.221163, 662.580978, 36.783868, 178.036106, 1997, 299358.0
166, 69.440099, 664.529763, 36.990069, 172.335664, 2060, 311808.0
167, 71.134682, 662.500513, 36.398066, 198.694522, 1924, 286955.0
168, 71.013653, 662.525803, 39.172793, 181.682143, 2020, 304878.0
169, 68.129485, 663.381417, 34.715269, 185.440634, 2030, 304478.0
170, 70.899716, 663.734189, 36.366578, 190.290267, 2027, 303615.0
171, 67.650984, 662.362599, 40.087449, 167.692826, 2072, 311695.0
172, 69.381263, 664.338235, 37.944836, 193.715301, 2007, 300763.0
173, 71.454641, 662.582573, 37.091342, 176.188782, 1981, 296532.0
174, 69.211307, 662.756046, 36.850466, 183.196768, 2036, 304993.0
175, 70.400396, 663.040551, 37.652408, 193.264592, 2007, 300130.0
176, 71.040376, 662.561978, 37.358202, 196.848273, 2029, 304299.0
177, 73.044838, 664.652516, 37.106985, 197.607768, 1940, 289730.0
178, 68.033030, 664.095848, 36.280743, 176.125596, 2050, 306807.0
179, 69.110336, 664.579602, 38.045122, 184.955372, 2075, 310697.0
180, 69.731187, 663.238009, 35.159851, 198.162224, 2065, 309203.0
181, 67.229255, 663.554192, 36.130855, 154.447597, 2074, 310903.0
182, 68.547104, 663.326890, 38.740570, 184.775258, 2072, 310539.0
183, 68.564777, 662.008542, 38.035747, 168.868342, 2058, 309128.0
184, 72.560834, 663.472481, 37.079698, 210.646872, 1924, 286579.0
185, 70.842967, 663.475728, 37.555824, 167.070483, 2033, 304224.0
186, 68.566402, 662.152409, 37.453565, 180.194199, 2041, 305642.0
187, 68.724345, 661.614267, 37.224386, 184.126444, 2031, 303841.0
188, 70.618773, 662.669060, 36.558721, 193.360635, 2021, 302968.0
189, 68.716561, 665.053633, 34.758831, 192.733140, 2047, 306022.0
190, 69.668793, 661.103852, 36.559292, 174.366008, 2044, 306261.0
191, 70.045031, 664.980746, 36.040555, 174.915302, 2045, 306757.0
192, 72.100869, 663.515508, 37.561269, 194.126341, 1951, 291443.0
193, 70.885242, 661.694202, 39.469688, 199.705459, 1986, 297088.0
194, 71.037546, 664.559699, 37.290954, 183.154103, 1978, 295276.0
195, 72.670248, 662.599549, 36.421142, 196.097619, 1981, 303534.0
196, 73.349309, 661.698252, 37.829394, 183.953796, 1963, 294037.0
197, 69.727325, 663.994207, 36.381875, 167.131194, 2063, 309060.0
198, 69.713932, 662.306157, 37.564143, 155.466497, 2074, 311429.0
199, 70.692806, 664.822277, 36.909693, 187.674649, 2007, 299241.0
200, 71.483096, 663.179004, 38.803238, 179.035657, 1985, 296307.0
201, 71.041347, 661.436974, 36.564608, 182.548869, 2007, 299408.0
202, 69.746399, 662.704896, 37.616473, 175.853152, 2067, 308378.0
203, 72.235183, 662.209401, 38.677513, 180.233538, 1992, 296547.0
204, 70.655801, 662.687533, 38.129659, 198.018252, 2024, 301140.0
205, 70.104449, 664.424564, 38.208640, 184.666052, 2029, 302146.0
206, 71.143115, 664.312064, 36.969893, 199.007726, 1936, 287199.0
207, 69.788243, 664.191053, 35.946902, 193.065336, 2001, 297566.0
208, 70.267688, 663.364856, 35.919319, 195.753785, 2027, 302791.0
209, 72.934926, 664.571907, 36.757710, 205.096338, 1953, 292217.0
210, 74.225151, 664.509971, 36.894069, 237.090084, 1927, 286850.0
211, 72.617452, 664.819553, 36.141501, 190.376838, 1960, 291697.0
212, 73.194714, 664.623085, 37.771333, 218.686251, 1949, 290045.0
213, 72.799110, 662.182938, 37.908833, 242.123424, 1913, 284322.0
214, 73.523079, 664.307038, 38.635605, 215.347558, 1945, 289101.0
215, 72.339379, 664.744989, 36.864478, 200.077910, 1931, 286951.0
216, 69.523668, 661.470509, 37.091962, 185.337384, 2060, 307275.0
217, 69.628152, 663.509779, 36.847648, 177.600849, 2033, 303622.0
218, 70.086947, 664.031543, 37.106828, 189.853355, 2021, 301980.0
219, 74.837379, 664.892555, 35.766727, 251.522433, 1913, 284638.0
220, 72.830047, 662.824524, 38.979462, 197.021289, 1970, 298163.0
221, 72.716263, 662.440023, 37.452316, 212.726604, 1949, 290682.0
222, 70.891197, 662.882016, 36.867087, 199.865013, 1988, 297242.0
223, 71.537608, 665.134142, 36.329032, 192.598443, 1968, 293494.0
224, 70.333073, 661.458039, 39.279318, 180.744532, 2037, 305381.0
225, 71.148172, 662.019290, 37.584164, 178.139874, 2017, 302718.0
226, 69.161336, 662.714445, 38.869463, 161.202563, 2040, 305866.0
227, 70.470289, 664.678397, 35.313390, 202.993720, 2038, 305428.0
228, 70.925926, 665.547846, 36.804138, 188.774753, 2005, 300775.0
229, 71.793483, 664.617890, 36.368362, 195.440764, 1948, 292047.0
230, 70.490771, 662.700074, 36.467944, 199.373255, 2011, 301907.0
231, 76.421522, 664.895376, 35.901006, 238.812711, 1925, 288453.0
232, 70.985712, 664.363649, 37.596767, 181.449292, 1981, 297492.0
233, 70.932422, 662.312836, 37.514817, 165.420477, 2044, 307337.0
234, 68.616158, 664.286427, 37.169861, 187.424149, 2030, 305636.0
235, 72.151565, 664.489896, 37.653726, 185.066790, 1976, 296552.0
236, 69.969732, 662.989053, 37.242823, 178.055623, 2049, 306927.0
237, 69.982704, 662.976489, 37.132968, 188.162846, 2072, 309812.0
238, 69.246703, 662.205327, 38.263969, 183.853924, 2021, 303140.0
239, 72.899581, 664.725952, 36.516997, 177.312131, 1955, 291902.0
240, 69.545668, 662.426598, 36.495995, 189.393305, 2066, 309804.0
241, 69.381263, 664.338235, 37.944836, 179.701314, 2048, 308284.0
242, 68.813363, 661.829981, 38.088200, 164.278853, 2068, 311022.0
243, 72.242961, 663.074590, 38.251931, 200.062611, 1955, 292365.0
244, 68.723650, 664.505329, 36.295975, 178.491386, 2059, 308690.0
245, 66.816645, 663.018709, 37.428815, 170.616968, 2053, 307915.0
246, 68.881649, 661.127433, 36.784731, 169.992483, 2060, 308728.0
247, 69.741574, 664.116061, 36.207971, 177.169156, 2056, 308459.0
248, 71.593323, 662.886095, 37.725191, 225.426786, 1989, 297209.0
249, 70.618304, 665.010472, 37.157030, 177.696083, 2039, 305873.0
250, 70.754496, 662.728494, 36.031654, 172.824805, 2005, 300067.0
251, 69.685765, 662.162519, 36.869425, 224.141743, 2009, 300329.0
252, 72.438440, 665.155317, 35.737479, 209.295922, 1923, 286697.0
253, 70.045031, 664.980746, 36.040555, 186.866739, 2061, 308572.0
254, 70.073422, 662.993443, 37.067044, 184.309733, 2069, 314855.0
255, 69.246703, 662.205327, 38.263969, 197.562014, 1990, 304556.0
256, 73.048815, 663.006139, 35.857927, 216.492047, 1906, 284556.0
257, 72.838499, 661.621026, 38.060902, 193.728636, 1949, 292921.0
258, 68.616158, 664.286427, 37.169861, 172.784834, 2056, 307911.0
259, 69.657568, 662.170453, 37.414806, 182.407158, 2051, 305194.0
260, 70.073422, 662.993443, 37.067044, 185.487808, 2073, 308876.0
261, 73.488255, 664.714503, 38.005159, 233.537413, 1920, 285864.0
262, 71.240709, 664.044431, 37.458651, 167.857135, 1999, 298285.0
263, 70.086947, 664.031543, 37.106828, 182.008808, 2040, 304527.0
264, 70.876925, 663.169099, 37.064888, 161.558396, 2049, 306239.0
265, 66.232377, 664.284110, 37.194478, 184.975298, 2057, 307048.0
266, 70.102776, 662.996866, 37.048317, 193.779029, 2024, 302067.0
267, 69.245404, 662.088809, 38.411681, 203.726260, 2003, 310998.0
268, 73.166943, 664.160510, 36.310879, 255.404965, 1943, 294074.0
269, 68.634638, 662.490211, 37.182811, 172.728707, 2067, 349097.0
270, 71.448603, 662.553120, 38.487032, 210.516561, 1962, 293649.0
271, 73.455640, 663.830271, 38.331653, 217.947553, 1941, 290378.0
272, 69.562381, 663.650069, 36.923269, 179.813410, 2032, 305003.0
273, 70.073422, 662.993443, 37.067044, 189.177796, 2043, 312396.0
274, 67.890174, 663.616320, 37.639167, 175.342840, 2064, 308944.0
275, 70.419839, 665.318674, 35.361518, 198.278368, 2031, 303523.0
276, 69.410618, 664.341658, 37.926109, 189.722376, 2051, 308620.0
277, 70.223747, 664.152703, 37.037791, 185.626580, 2056, 307724.0
278, 70.445529, 663.662583, 37.677774, 190.420648, 1997, 298777.0
279, 67.906485, 664.089314, 37.467414, 165.725474, 2056, 307466.0
280, 74.183724, 662.728349, 37.241885, 228.669929, 1948, 290742.0
281, 72.856988, 662.031181, 38.004198, 188.518511, 1945, 291489.0
282, 69.628152, 663.509779, 36.847648, 166.901286, 2037, 305359.0
283, 73.864509, 664.448067, 36.214527, 217.593798, 1900, 283160.0
284, 72.652748, 662.759589, 37.580147, 202.070209, 1950, 299622.0
285, 71.273540, 661.841273, 37.562983, 194.594722, 1993, 298038.0
286, 69.982704, 662.976489, 37.132968, 191.627542, 2059, 308815.0
287, 70.272049, 662.189930, 39.074027, 183.935304, 2042, 305331.0
288, 70.542043, 662.711130, 36.516102, 189.353850, 2023, 315949.0
289, 68.551421, 661.799430, 39.119769, 164.557343, 2062, 309975.0
290, 72.155956, 663.312221, 38.159787, 192.068021, 2004, 299396.0
291, 70.601686, 661.864263, 37.942107, 175.763192, 2022, 306518.0
292, 72.045112, 663.159541, 37.280491, 188.309989, 1973, 296889.0
293, 69.270575, 664.682167, 37.890060, 181.220858, 2069, 310065.0
294, 70.786512, 662.751828, 38.908296, 189.206518, 2031, 304463.0
295, 67.612344, 662.775039, 39.283047, 172.183731, 2080, 312410.0
296, 69.625456, 662.821918, 37.573823, 168.957152, 2066, 309008.0
297, 70.518198, 663.154751, 36.491512, 221.568817, 1995, 298257.0
298, 68.590287, 663.639672, 36.675591, 195.354537, 2049, 306503.0
299, 72.530664, 663.476509, 36.695310, 207.634440, 1947, 290737.0
300, 70.232517, 662.396300, 37.449619, 165.547065, 2040, 305334.0
301, 70.680067, 664.857652, 36.865459, 163.988278, 2052, 307200.0
302, 69.580678, 662.471746, 37.417757, 167.676315, 2071, 309896.0
303, 69.982704, 662.976489, 37.132968, 191.567204, 2071, 309943.0
304, 70.290306, 662.814267, 36.562370, 212.054805, 2008, 300383.0
305, 70.073422, 662.993443, 37.067044, 159.646756, 2060, 308249.0
306, 69.736075, 663.961065, 36.347143, 179.038073, 2045, 305564.0
307, 71.465465, 662.694806, 36.298403, 197.083857, 1965, 293176.0
308, 69.741574, 664.116061, 36.207971, 181.403874, 2063, 308835.0
309, 69.562310, 664.507566, 36.279726, 171.764772, 2058, 308407.0
310, 70.358959, 663.578713, 37.296062, 176.369059, 2046, 305910.0
311, 70.677226, 663.615394, 38.291075, 203.749977, 1982, 296243.0
312, 70.495269, 662.140557, 37.301822, 206.159885, 2011, 300768.0
313, 67.210511, 664.553638, 36.270360, 195.017575, 2036, 307557.0
314, 72.388237, 662.687452, 37.783159, 197.597442, 1978, 310702.0
315, 71.681196, 663.527697, 39.678320, 183.081462, 1978, 295603.0
316, 74.677805, 665.138954, 35.908785, 220.753685, 1935, 289294.0
317, 72.216791, 663.797336, 38.024132, 220.074279, 1942, 290129.0
318, 70.925926, 665.547846, 36.804138, 220.075814, 2005, 299670.0
319, 70.226604, 662.793273, 36.732609, 199.428448, 2017, 304148.0
320, 74.167388, 665.152777, 37.462008, 224.077035, 1931, 288028.0
321, 72.411013, 665.391356, 36.062800, 177.755843, 1959, 293008.0
322, 70.860906, 662.390343, 37.518850, 175.513118, 2029, 307210.0
323, 75.090200, 664.749300, 35.972664, 251.356713, 1909, 284612.0
324, 72.799110, 662.182938, 37.908833, 217.997284, 1932, 292377.0
325, 70.102776, 662.996866, 37.048317, 205.748241, 2030, 304525.0
326, 74.255756, 663.814960, 35.769609, 227.305682, 1942, 291627.0
327, 74.144590, 664.103023, 36.527849, 231.232293, 1938, 288946.0
328, 69.982704, 662.976489, 37.132968, 181.049132, 2057, 312995.0
329, 69.241541, 664.055462, 35.729415, 205.458745, 2050, 306574.0
330, 71.506212, 665.657663, 34.511091, 207.980554, 1945, 290813.0
331, 70.821385, 663.824457, 36.362799, 195.212066, 2017, 301401.0
332, 68.770140, 663.506745, 38.517571, 169.568079, 2068, 310060.0
333, 70.102776, 662.996866, 37.048317, 187.812746, 2047, 307386.0
334, 68.753160, 661.789052, 38.053844, 180.470505, 2075, 310637.0
335, 69.625456, 662.821918, 37.573823, 176.776540, 2063, 308825.0
336, 69.886008, 662.485334, 38.182194, 181.325646, 2049, 306527.0
337, 69.960786, 662.979801, 37.203093, 173.673537, 2057, 308185.0
338, 71.136234, 664.462905, 37.404702, 184.274777, 1989, 297179.0
339, 72.571402, 662.969014, 38.528794, 182.079674, 1965, 293114.0
340, 72.712258, 665.177543, 35.797623, 222.195509, 1920, 285947.0
341, 66.993854, 662.602905, 37.015437, 174.799202, 2050, 306541.0
342, 68.480614, 662.046704, 38.333639, 181.199305, 2028, 303237.0
343, 72.684861, 662.795693, 36.312217, 201.261127, 1932, 288271.0
344, 71.139625, 664.819383, 36.394259, 195.778373, 2012, 300675.0
345, 71.115293, 664.935026, 36.618945, 195.330771, 1982, 295676.0
346, 70.073422, 662.993443, 37.067044, 181.373442, 2073, 310295.0
347, 71.498324, 662.714639, 39.388735, 176.731732, 1979, 295437.0
348, 72.096166, 664.733687, 37.453157, 203.968091, 1958, 292193.0
349, 69.211307, 662.756046, 36.850466, 161.592281, 2075, 310799.0
350, 73.748563, 662.677882, 37.148805, 205.654749, 1949, 290720.0
351, 70.906227, 662.564987, 38.239570, 179.230265, 2019, 301943.0
352, 69.050564, 664.049064, 38.496858, 174.654137, 2063, 308803.0
353, 70.468403, 661.956657, 39.511012, 195.358374, 2019, 301541.0
354, 69.601626, 662.824071, 36.950993, 184.077277, 2052, 307283.0
355, 69.982704, 662.976489, 37.132968, 173.351503, 2053, 307734.0
356, 70.719064, 662.235495, 39.968903, 174.555905, 2017, 302407.0
357, 70.272049, 662.189930, 39.074027, 168.016316, 2034, 304779.0
358, 67.462466, 662.478910, 37.149485, 172.434662, 2056, 307739.0
359, 71.069170, 663.028296, 39.426742, 182.368604, 2024, 302698.0
360, 69.411433, 663.272381, 37.792887, 197.942615, 1991, 297610.0
361, 71.025650, 662.733813, 37.448922, 203.719296, 2027, 303227.0
362, 73.064112, 663.599122, 38.099587, 201.435263, 1956, 291896.0
363, 71.193875, 664.836285, 36.528341, 220.080105, 1951, 290545.0
364, 69.730540, 664.151232, 36.250543, 185.203815, 2065, 309194.0
365, 68.197809, 660.966227, 38.486694, 175.973685, 2060, 308295.0
366, 68.558605, 664.308566, 36.560293, 163.440950, 2064, 308961.0
367, 69.741574, 664.116061, 36.207971, 201.526802, 2007, 299603.0
368, 71.240709, 664.044431, 37.458651, 182.910635, 1981, 296014.0
369, 69.406600, 663.993155, 36.802767, 200.973194, 2054, 307740.0
370, 73.344077, 663.588866, 38.178190, 201.567232, 1938, 289343.0
371, 71.896405, 664.022241, 37.131358, 195.745822, 1991, 297513.0
372, 70.226604, 662.793273, 36.732609, 185.137551, 2030, 306933.0
373, 67.913555, 662.121657, 36.517044, 174.259930, 2071, 328866.0
374, 73.972486, 664.491421, 37.551756, 206.223323, 1949, 291448.0
375, 74.049479, 664.442427, 37.277136, 221.543905, 1947, 290996.0
376, 68.185384, 664.629324, 36.829809, 187.840165, 2048, 306340.0
377, 70.437248, 664.247992, 37.352599, 181.537726, 2031, 304435.0
378, 72.216791, 663.797336, 38.024132, 212.588116, 1933, 288675.0
379, 72.465323, 664.530909, 37.044668, 200.333944, 1971, 294327.0
380, 70.823296, 662.440074, 37.471655, 185.317103, 2038, 304810.0
381, 69.301901, 663.812615, 38.705112, 213.528228, 2010, 300566.0
382, 70.830929, 664.662235, 37.348174, 178.788031, 2039, 305028.0
383, 70.724693, 662.166642, 38.536510, 187.658902, 2012, 300986.0
384, 71.874963, 663.700632, 37.885096, 186.246146, 1978, 295025.0
385, 71.079649, 663.228641, 38.211698, 192.204122, 1992, 297840.0
386, 73.466505, 663.566181, 36.895296, 213.641453, 1912, 284762.0
387, 73.437464, 661.871422, 37.610257, 207.796480, 1956, 292420.0
388, 69.246703, 662.205327, 38.263969, 198.275308, 2007, 299787.0
389, 73.005778, 664.452393, 36.472018, 226.122273, 1948, 290174.0
390, 75.504978, 663.814768, 36.545431, 211.501275, 1929, 287075.0
391, 73.173674, 664.946576, 36.205990, 247.576907, 1928, 292174.0
392, 71.196360, 664.108703, 37.178490, 189.302559, 1979, 295214.0
393, 74.199427, 662.958531, 36.926461, 221.826662, 1942, 289384.0
394, 71.558167, 663.273059, 36.958155, 202.651075, 1964, 292734.0
395, 70.429904, 662.733037, 38.202995, 204.967043, 1991, 297523.0
396, 74.465844, 665.001116, 38.388107, 206.652922, 1929, 287213.0
397, 71.325028, 664.138573, 36.813570, 218.855986, 1968, 293253.0
398, 72.829348, 662.499300, 37.061276, 206.403808, 1955, 291056.0
399, 73.878394, 664.195020, 37.140711, 217.031310, 1939, 288704.0
400, 72.951109, 661.978357, 39.014978, 204.153926, 1952, 290969.0
401, 70.484298, 664.695010, 35.508340, 189.343243, 2049, 305561.0
402, 71.160149, 662.862318, 38.320044, 194.710007, 1991, 298182.0
403, 74.040823, 665.095379, 38.294426, 213.816436, 1936, 291263.0
404, 71.463465, 663.339160, 38.695629, 196.247738, 2027, 303032.0
405, 72.764505, 663.866107, 37.435362, 207.987434, 1945, 291222.0
406, 70.765700, 661.639741, 38.030260, 188.663741, 2027, 304753.0
407, 74.489202, 663.228171, 37.257202, 213.288319, 1938, 288758.0
408, 71.204180, 662.018312, 37.499493, 183.676890, 2035, 304344.0
409, 70.925926, 665.547846, 36.804138, 202.038210, 1966, 293122.0
410, 70.239533, 664.491888, 35.913052, 218.176779, 2027, 302392.0
411, 74.123936, 662.692201, 37.516139, 206.082083, 1961, 292014.0
412, 73.795423, 662.892571, 39.002259, 228.152510, 1942, 288840.0
413, 73.228177, 661.773563, 39.440976, 201.222849, 1948, 289690.0
414, 71.035182, 664.505496, 37.340590, 220.014667, 1944, 288353.0
415, 74.599311, 663.044286, 37.054037, 222.198696, 1947, 288491.0
416, 69.545453, 661.809492, 38.038457, 192.432753, 2017, 299969.0
417, 71.159909, 664.318751, 37.212653, 206.062468, 1955, 293606.0
418, 72.107105, 663.021516, 36.440676, 205.242204, 1973, 299365.0
419, 72.460392, 660.695725, 39.796881, 187.868738, 1964, 293737.0
420, 70.102776, 662.996866, 37.048317, 196.572769, 2053, 307295.0
421, 71.415764, 662.636897, 40.772730, 192.775912, 1982, 296132.0
422, 68.217089, 661.935868, 37.698167, 187.873090, 2052, 306751.0
423, 72.465323, 664.530909, 37.044668, 213.005406, 1975, 294550.0
424, 72.615291, 661.726851, 38.614357, 201.880741, 1954, 291458.0
425, 72.132048, 664.663228, 38.122954, 215.262441, 1938, 289660.0
426, 71.220612, 664.089256, 37.093603, 191.535561, 1988, 296356.0
427, 71.323759, 664.826084, 37.411300, 199.183101, 1993, 298378.0
428, 72.845995, 662.362460, 37.398427, 206.701234, 1961, 293586.0
429, 74.748918, 664.839133, 35.539493, 234.135396, 1938, 289253.0
430, 70.542043, 662.711130, 36.516102, 185.803240, 2036, 304069.0
431, 71.031777, 664.705261, 36.187090, 197.142883, 1991, 297267.0
432, 72.109961, 663.365679, 38.809422, 181.489577, 1989, 302867.0
433, 68.387275, 660.850718, 37.818938, 185.603079, 2053, 310471.0
434, 71.301485, 662.782711, 36.015155, 183.343223, 1999, 297751.0
435, 70.435980, 662.326010, 39.023611, 186.603734, 2040, 304940.0
436, 71.107618, 662.514892, 36.441943, 189.465658, 1988, 297123.0
437, 71.074911, 663.646516, 38.397673, 177.788507, 2034, 304099.0
438, 70.594323, 663.944969, 37.333208, 173.962245, 2041, 304992.0
439, 68.077252, 664.276656, 37.365810, 172.281611, 2072, 309415.0
440, 72.533265, 661.923754, 38.433768, 209.702085, 1941, 289058.0
441, 72.000514, 663.639985, 34.740811, 194.438111, 1990, 296275.0
442, 70.891197, 662.882016, 36.867087, 183.349459, 2033, 303309.0
443, 71.868110, 661.885412, 37.950895, 197.258360, 1969, 293207.0
444, 70.344761, 662.057918, 37.322965, 184.223066, 2021, 302174.0
445, 68.813363, 661.829981, 38.088200, 171.304528, 2075, 310085.0
446, 72.004649, 664.274156, 36.503116, 209.948155, 1929, 286902.0
447, 72.614443, 664.266991, 38.212208, 206.031368, 1958, 291531.0
448, 71.202976, 663.173796, 38.234392, 197.794863, 1975, 294648.0
449, 70.925926, 665.547846, 36.804138, 198.501047, 1976, 294969.0
450, 71.711045, 662.865365, 38.291148, 207.780124, 1973, 294666.0
451, 72.051776, 662.274608, 37.605201, 195.230575, 1992, 298202.0
452, 70.432012, 661.082744, 37.275235, 174.667543, 2050, 307010.0
453, 68.651463, 661.524413, 37.596857, 179.813258, 2062, 308962.0
454, 67.650984, 662.362599, 40.087449, 179.972697, 2066, 308369.0
455, 71.434658, 663.389616, 36.843840, 180.318452, 1987, 297108.0
456, 71.641843, 664.777648, 36.372176, 204.586004, 1971, 294573.0
457, 73.229605, 663.672006, 38.873990, 202.004880, 1957, 292848.0
458, 68.279887, 664.072095, 37.819217, 188.935478, 2051, 307310.0
459, 71.439442, 662.694968, 38.410348, 186.304141, 2017, 301876.0
460, 73.155845, 665.075651, 37.391101, 212.135577, 1951, 290680.0
461, 72.104113, 664.521514, 37.289550, 191.196905, 1952, 293563.0
462, 69.783677, 663.727227, 36.000335, 177.675972, 2061, 319071.0
463, 72.524212, 663.402538, 36.519545, 200.187824, 1945, 290448.0
464, 73.102732, 665.167968, 36.097234, 202.513294, 1921, 286281.0
465, 70.671331, 661.851204, 39.048388, 202.481148, 2006, 300652.0
466, 71.114327, 662.378694, 36.914409, 188.980456, 1993, 298329.0
467, 68.592050, 664.122504, 35.500607, 184.715903, 2072, 310483.0
468, 69.969732, 662.989053, 37.242823, 170.281387, 2057, 309491.0
469, 69.239041, 664.141341, 35.685791, 204.097538, 2034, 304102.0
470, 71.894111, 664.730734, 35.226075, 188.283169, 1976, 295146.0
471, 71.405577, 661.867406, 38.301624, 177.868602, 1977, 295373.0
472, 69.083682, 663.275969, 37.295251, 182.405486, 2014, 301565.0
473, 72.764891, 662.662007, 39.612290, 198.551945, 1962, 293247.0
474, 70.261272, 662.380325, 37.158094, 173.990541, 2043, 306226.0
475, 68.124010, 664.069292, 36.437051, 190.085302, 2026, 304195.0
476, 70.283699, 662.831013, 37.863657, 198.515685, 2030, 305088.0
477, 69.286868, 664.320657, 38.013353, 196.924515, 2042, 305677.0
478, 70.157680, 663.527524, 37.655899, 191.247097, 2026, 303554.0
479, 72.845706, 662.878052, 37.476243, 193.451978, 1964, 292851.0
480, 70.371818, 662.406344, 37.080722, 189.791745, 1986, 301058.0
481, 69.245404, 662.088809, 38.411681, 203.830095, 1990, 300408.0
482, 70.378511, 662.616907, 36.249194, 187.452932, 2040, 307302.0
483, 70.045031, 664.980746, 36.040555, 192.464771, 2049, 306816.0
484, 68.513459, 663.884234, 39.301349, 154.057793, 2064, 310055.0
485, 71.164163, 661.500339, 39.066839, 212.576668, 2003, 299536.0
486, 69.982704, 662.976489, 37.132968, 164.227287, 2061, 310055.0
487, 70.045031, 664.980746, 36.040555, 184.382436, 2046, 305533.0
488, 71.130361, 664.530314, 37.168161, 190.024399, 1990, 296634.0
489, 71.187847, 664.311895, 37.338771, 175.545045, 2041, 306504.0
490, 71.804053, 662.948926, 37.846278, 194.355772, 1987, 296536.0
491, 73.501372, 664.646106, 36.926089, 239.884392, 1949, 299762.0
492, 71.352734, 664.673698, 36.551001, 208.010199, 1944, 289743.0
493, 69.004479, 662.212508, 37.946729, 191.954422, 2073, 309933.0
494, 70.972078, 664.417394, 37.196768, 185.955455, 2014, 300769.0
495, 72.208708, 663.193681, 36.364420, 208.157995, 1974, 294434.0
496, 68.026374, 662.026085, 38.771429, 202.142334, 2060, 307856.0
497, 72.021720, 661.902306, 38.466153, 215.979769, 1944, 289434.0
498, 74.080672, 664.744186, 36.944636, 212.519357, 1959, 291647.0
499, 74.478492, 663.469082, 36.603161, 239.924031, 1923, 286048.0
500, 72.228427, 662.131044, 37.148340, 194.571358, 1968, 293570.0
501, 69.109593, 663.861874, 36.373390, 183.481558, 2075, 309928.0
502, 71.179259, 664.904700, 36.320092, 172.933730, 1982, 295350.0
503, 69.604841, 662.698033, 37.135279, 177.136684, 2061, 307922.0
504, 74.105934, 665.309116, 37.473245, 229.625095, 1924, 285966.0
505, 68.253987, 664.715150, 37.429991, 165.803341, 2060, 308003.0
506, 73.090575, 663.171126, 37.077372, 203.055097, 1941, 290906.0
507, 72.877713, 666.022992, 34.642782, 203.124242, 1931, 287195.0
508, 71.074911, 663.646516, 38.397673, 201.297598, 1989, 305101.0
509, 72.780644, 662.798739, 37.600470, 207.154464, 1983, 295728.0
510, 68.717760, 663.439831, 37.111860, 170.781212, 2067, 316469.0
511, 71.507671, 664.741116, 36.522455, 190.001773, 1953, 291217.0
512, 73.633564, 661.849734, 37.897439, 230.324532, 1926, 293987.0
513, 74.031975, 662.756767, 37.453183, 202.676421, 1938, 288871.0
514, 71.997852, 664.341348, 35.731306, 214.741994, 1949, 295896.0
515, 72.613231, 662.002419, 37.869594, 188.734617, 1945, 289228.0
516, 74.350240, 664.450160, 37.314859, 228.495229, 1935, 288330.0
517, 70.390639, 662.971785, 37.705959, 198.610467, 2026, 302477.0
518, 69.543911, 662.833455, 36.991011, 174.298357, 2061, 308108.0
519, 69.371530, 664.761280, 35.696880, 180.346580, 2044, 304068.0
520, 73.485311, 663.262982, 38.760030, 229.136548, 1937, 290859.0
521, 69.381263, 664.338235, 37.944836, 181.275267, 2025, 311710.0
522, 69.600088, 663.661461, 36.687818, 195.119079, 2022, 302662.0
523, 73.141975, 665.723466, 34.680708, 214.062494, 1921, 285908.0
524, 72.017469, 663.142591, 37.491627, 193.276515, 1980, 295702.0
525, 71.405984, 662.900273, 38.837519, 207.616404, 1977, 295230.0
526, 71.826406, 663.314872, 39.240991, 170.377950, 2027, 305457.0
527, 71.368786, 664.795352, 37.039661, 178.117042, 1994, 298109.0
528, 69.808403, 663.698760, 37.516153, 184.941327, 2052, 306748.0
529, 72.358993, 663.078810, 37.137834, 198.060574, 1941, 289800.0
530, 68.217066, 663.713830, 36.226017, 182.213797, 2059, 307997.0
531, 73.665400, 664.330452, 35.370808, 236.727306, 1931, 287298.0
532, 72.110817, 664.110784, 37.974226, 209.005360, 1947, 290346.0
533, 72.094222, 664.919050, 34.711853, 219.829336, 1933, 287335.0
534, 68.322493, 663.093424, 37.979942, 163.057934, 2064, 309430.0
535, 70.618773, 662.669060, 36.558721, 185.149515, 2025, 303006.0
536, 68.923809, 662.531932, 39.152765, 191.933568, 2019, 301813.0
537, 70.150660, 662.643074, 38.341043, 188.289046, 2031, 303700.0
538, 69.777219, 662.050671, 37.013561, 180.615913, 2063, 308907.0
539, 72.647655, 663.618495, 37.601241, 238.212652, 1923, 287008.0
540, 69.864123, 663.027814, 37.117556, 176.210496, 2069, 309467.0
541, 72.185055, 662.230446, 38.054852, 189.032914, 1957, 291855.0
542, 69.161336, 662.714445, 38.869463, 181.698307, 2052, 307015.0
543, 71.111675, 664.533257, 36.764897, 223.764216, 2015, 300953.0
544, 71.312658, 663.106253, 37.517365, 188.815450, 2037, 304679.0
545, 69.423367, 662.869454, 37.464013, 174.798014, 2071, 310122.0
546, 69.914260, 663.092741, 35.029472, 213.493129, 1993, 297648.0
547, 71.396625, 663.142426, 37.915906, 177.286404, 2040, 305266.0
548, 70.090734, 664.951924, 35.886942, 210.765982, 2017, 301265.0
549, 71.191507, 664.578171, 36.654514, 187.237010, 2034, 304406.0
550, 69.751611, 663.376966, 37.792400, 212.436949, 2008, 299831.0
551, 71.091143, 664.409591, 37.012535, 180.028966, 2019, 301557.0
552, 68.638883, 664.220249, 37.041510, 188.714356, 2040, 305242.0
553, 72.532182, 664.508172, 37.129277, 192.394330, 1948, 290415.0
554, 72.533265, 661.923754, 38.433768, 192.705713, 1963, 292605.0
555, 70.858915, 664.356689, 37.572261, 181.632668, 2031, 304521.0
556, 70.831275, 661.517063, 37.787274, 189.832636, 2011, 300599.0
557, 69.410618, 664.341658, 37.926109, 190.456950, 2035, 304347.0
558, 71.331995, 664.552813, 36.349749, 220.395233, 1933, 288050.0
559, 70.925926, 665.547846, 36.804138, 222.656485, 1972, 294225.0
560, 69.298444, 664.689408, 37.871547, 196.908089, 2067, 309133.0
561, 73.302559, 665.324971, 36.555393, 193.761447, 1962, 292898.0
562, 69.823758, 663.434407, 38.472127, 202.640914, 2029, 303716.0
563, 70.086947, 664.031543, 37.106828, 184.277395, 2047, 306123.0
564, 74.390341, 663.198629, 37.295971, 226.803822, 1939, 289202.0
565, 71.942239, 663.198244, 37.540720, 185.347780, 1999, 298956.0
566, 69.410618, 664.341658, 37.926109, 194.347601, 2056, 307250.0
567, 67.518566, 662.360760, 39.866683, 166.090169, 2064, 308979.0
568, 74.630736, 664.106724, 37.298087, 229.214044, 1931, 287888.0
569, 71.351115, 662.273878, 37.446381, 204.377639, 2007, 300145.0
570, 70.822191, 662.681099, 36.519977, 169.433160, 2049, 306641.0
571, 74.030424, 664.275709, 36.574523, 206.869834, 1941, 288941.0
572, 70.970169, 662.654674, 38.471457, 212.249245, 1949, 290511.0
573, 70.174175, 664.353000, 38.323470, 164.210170, 2054, 307638.0
574, 69.783677, 663.727227, 36.000335, 185.628251, 2024, 302462.0
575, 71.184508, 664.273659, 37.657879, 187.109534, 1992, 297353.0
576, 74.020911, 662.609548, 39.277000, 228.108493, 1957, 292320.0
577, 72.653329, 662.732070, 38.787949, 208.934206, 1942, 290240.0
578, 71.046523, 662.088265, 38.337988, 187.952428, 2013, 300900.0
579, 71.318536, 661.933625, 37.380954, 191.314511, 1971, 294145.0
580, 75.538954, 665.051294, 35.470327, 241.318652, 1927, 298880.0
581, 69.110336, 664.579602, 38.045122, 186.221539, 2072, 309976.0
582, 75.618457, 662.558020, 37.602800, 220.117571, 1921, 285283.0
583, 73.877022, 664.436182, 37.600696, 203.634199, 1951, 290419.0
584, 70.032210, 663.852015, 38.481455, 201.200788, 2012, 299461.0
585, 69.381263, 664.338235, 37.944836, 175.055480, 2059, 307882.0
586, 72.052725, 663.010065, 38.766111, 193.081593, 1956, 290881.0
587, 74.421863, 663.062699, 37.129080, 203.112044, 1922, 285792.0
588, 70.925926, 665.547846, 36.804138, 202.917982, 1961, 291826.0
589, 67.607910, 663.080794, 38.098281, 178.522691, 2066, 308717.0
590, 70.559580, 662.656596, 38.179749, 211.682613, 1964, 292554.0
591, 69.211307, 662.756046, 36.850466, 197.382631, 2050, 306006.0
592, 72.785347, 662.354142, 38.042396, 215.610104, 1948, 290110.0
593, 70.073422, 662.993443, 37.067044, 185.656584, 2047, 306189.0
594, 72.743796, 663.101729, 36.127789, 210.414162, 1942, 288908.0
595, 68.612920, 663.456689, 37.519150, 191.003691, 2040, 304618.0
596, 72.583611, 664.906218, 34.581469, 222.945365, 1927, 286233.0
597, 69.290585, 662.579743, 37.614463, 162.261250, 2073, 310131.0
598, 69.433285, 662.387061, 37.531466, 171.847356, 2078, 310578.0
599, 72.502002, 664.338232, 36.366662, 199.756751, 1951, 290669.0
600, 71.978627, 662.093491, 38.106199, 193.154067, 1944, 289813.0
601, 69.488274, 662.434648, 37.147467, 211.287812, 1996, 297738.0
602, 71.597394, 662.857557, 36.957481, 189.672595, 1995, 297339.0
603, 69.385310, 664.641578, 35.935555, 174.749027, 2059, 307145.0
604, 73.620813, 662.830271, 37.643058, 197.163394, 1947, 289860.0
605, 76.689334, 665.157186, 35.742843, 235.782084, 1927, 287028.0
606, 68.889557, 662.582987, 38.201197, 182.372194, 2045, 305701.0
607, 71.169339, 663.203921, 36.105776, 170.714676, 2019, 301437.0
608, 71.357804, 664.534705, 36.575539, 206.546945, 1947, 290089.0
609, 70.962086, 662.769846, 37.108934, 201.711483, 2027, 303843.0
610, 72.329028, 662.012569, 38.781241, 203.656551, 1985, 299484.0
611, 70.414210, 664.161321, 35.630586, 188.284672, 2013, 300113.0
612, 74.624375, 663.295805, 36.714108, 236.904545, 1908, 284382.0
613, 70.859815, 663.673950, 36.720484, 210.178555, 1990, 297810.0
614, 69.092721, 662.099535, 38.001174, 172.490094, 2070, 310320.0
615, 71.671127, 663.108630, 37.783237, 206.671046, 1957, 294413.0
616, 67.954642, 663.883518, 37.755390, 173.637110, 2064, 308733.0
617, 71.304266, 663.135366, 37.051196, 194.391437, 1994, 297999.0
618, 71.225074, 664.359520, 37.258850, 181.250515, 2029, 303823.0
619, 68.671461, 661.677031, 39.471960, 178.671284, 2058, 308329.0
620, 66.918606, 662.538678, 37.006877, 186.308442, 2044, 305784.0
621, 70.833807, 663.304567, 37.559199, 169.931000, 2037, 304641.0
622, 69.908046, 663.445691, 35.962526, 189.893852, 2007, 299944.0
623, 71.131053, 664.135761, 37.652478, 211.807958, 1978, 296332.0
624, 69.777219, 662.050671, 37.013561, 182.276684, 2038, 306028.0
625, 68.282872, 662.097238, 38.943337, 176.778287, 2072, 310892.0
626, 72.466134, 663.991360, 37.598933, 228.782020, 1932, 288754.0
627, 72.175992, 664.779597, 37.061554, 202.796331, 1945, 290157.0
628, 68.032825, 664.308744, 37.481012, 190.971245, 2065, 309919.0
629, 71.985243, 664.089761, 35.711001, 187.265067, 1994, 298568.0
630, 69.211307, 662.756046, 36.850466, 165.306998, 2082, 311204.0
631, 69.161336, 662.714445, 38.869463, 164.517244, 2044, 304874.0
632, 66.614058, 663.776979, 37.392696, 170.413559, 2059, 307112.0
633, 71.503599, 665.379505, 36.051438, 182.606570, 1955, 291325.0
634, 72.181094, 664.805187, 37.360874, 206.732632, 1952, 290825.0
635, 69.424346, 663.292498, 38.380150, 197.569785, 2014, 301150.0
636, 70.696979, 664.974351, 36.760508, 194.967311, 1948, 289982.0
637, 69.245404, 662.088809, 38.411681, 189.088049, 2068, 309233.0
638, 72.412325, 663.471567, 37.578423, 233.190185, 1928, 286818.0
639, 69.332987, 664.655137, 37.869608, 176.359984, 2066, 309973.0
640, 70.982000, 661.750210, 38.962287, 185.789884, 2024, 306735.0
641, 68.077252, 664.276656, 37.365810, 165.467896, 2077, 311221.0
642, 69.050564, 664.049064, 38.496858, 177.743151, 2032, 306106.0
643, 67.512165, 663.512088, 37.629616, 175.746260, 2045, 305819.0
644, 71.062699, 662.460978, 38.190678, 195.793195, 1991, 297819.0
645, 70.648174, 662.027695, 39.008444, 180.832814, 2013, 300901.0
646, 68.979897, 662.844771, 38.973826, 175.727060, 2046, 306502.0
647, 70.239368, 662.924214, 35.182844, 191.851010, 2013, 301171.0
648, 68.724345, 661.614267, 37.224386, 186.216617, 2043, 306264.0
649, 74.518381, 663.234648, 37.238555, 215.909117, 1919, 286762.0
650, 70.102776, 662.996866, 37.048317, 173.330339, 2052, 307347.0
651, 66.835867, 664.510857, 36.927317, 170.002550, 2063, 309007.0
652, 69.741574, 664.116061, 36.207971, 179.044577, 2047, 306282.0
653, 69.492312, 662.454370, 37.608367, 162.005898, 2076, 311478.0
654, 72.688219, 662.281148, 38.301250, 192.862676, 1951, 291678.0
655, 67.366552, 663.777408, 37.087441, 184.122695, 2055, 307235.0
656, 70.375867, 663.590343, 36.440914, 187.180948, 2001, 299160.0
657, 71.512677, 665.074014, 37.075332, 197.559560, 1985, 296507.0
658, 72.196758, 664.433301, 36.970510, 211.877481, 1941, 291081.0
659, 69.193379, 662.553482, 38.589288, 177.459372, 2036, 304911.0
660, 69.423367, 662.869454, 37.464013, 189.784382, 2067, 311233.0
661, 73.958939, 664.492988, 37.528254, 235.230384, 1940, 289730.0
662, 70.453695, 665.586992, 37.720281, 171.032045, 2041, 306484.0
663, 72.024210, 663.158071, 37.509044, 182.088830, 2005, 309076.0
664, 68.934681, 662.671315, 39.243051, 175.732648, 2048, 314831.0
665, 68.337762, 663.567018, 37.385246, 180.194758, 2063, 309244.0
666, 69.381263, 664.338235, 37.944836, 183.438526, 2018, 302397.0
667, 74.245464, 664.181205, 36.684764, 231.829845, 1942, 289817.0
668, 71.897840, 662.396826, 37.833912, 176.038044, 2009, 301010.0
669, 70.104449, 664.424564, 38.208640, 184.675004, 2062, 323000.0
670, 70.626164, 664.952246, 36.707831, 176.274204, 2054, 308534.0
671, 70.881905, 663.974566, 36.655518, 193.982795, 1992, 297607.0
672, 69.389132, 662.865082, 37.560878, 184.028926, 2056, 311621.0
673, 70.575466, 664.998983, 36.609930, 178.598259, 2020, 302643.0
674, 68.753160, 661.789052, 38.053844, 178.886657, 2048, 307627.0
675, 71.171054, 663.573900, 37.306855, 190.523158, 2008, 300332.0
676, 71.320881, 663.838526, 37.174093, 184.869035, 1939, 295765.0
677, 70.437965, 663.627854, 37.833062, 182.562637, 2008, 299486.0
678, 68.350388, 661.818265, 37.432037, 177.463147, 2067, 308734.0
679, 69.100634, 664.632592, 34.188029, 176.145764, 2052, 306988.0
680, 68.153992, 661.757390, 37.888127, 176.300419, 2042, 305700.0
681, 66.270148, 664.030482, 37.555448, 182.781349, 2063, 308517.0
682, 66.910011, 662.362927, 37.381573, 158.920043, 2059, 307803.0
683, 69.745998, 663.964063, 36.285182, 174.648268, 2052, 306604.0
684, 66.960774, 662.808116, 37.706677, 160.939216, 2053, 307137.0
685, 70.468403, 661.956657, 39.511012, 172.053752, 2027, 302718.0
686, 68.421703, 662.891108, 37.440097, 160.621450, 2055, 307671.0
687, 69.410618, 664.341658, 37.926109, 180.539881, 2058, 307461.0
688, 71.899964, 663.046296, 38.008123, 196.674361, 1987, 296237.0
689, 66.436660, 664.321313, 36.573849, 171.862346, 2062, 307869.0
690, 68.747814, 662.595872, 39.046253, 177.465757, 2036, 304878.0
691, 70.185819, 662.603899, 36.463554, 178.049010, 2063, 308219.0
692, 69.306422, 664.119190, 36.425748, 171.771754, 2068, 309395.0
693, 69.381263, 664.338235, 37.944836, 184.839193, 2042, 305423.0
694, 71.282738, 664.456373, 37.856409, 200.306257, 1967, 293503.0
695, 72.478351, 663.841891, 35.922478, 213.761343, 1920, 285708.0
696, 70.073422, 662.993443, 37.067044, 199.548854, 2048, 306079.0
697, 68.877001, 663.687255, 38.151948, 173.102527, 2051, 306257.0
698, 70.374568, 662.347004, 36.724478, 202.666073, 1999, 307340.0
699, 70.850851, 663.743215, 36.745943, 179.324956, 2021, 308403.0
700, 72.887786, 664.369551, 36.685691, 206.987289, 1962, 291893.0
701, 74.175526, 662.874229, 37.830952, 190.902447, 1947, 291286.0
702, 72.362547, 662.589812, 39.272206, 178.005136, 1973, 293874.0
703, 69.273346, 661.803216, 37.126567, 180.352708, 2051, 306225.0
704, 72.539383, 662.933472, 37.399723, 210.100829, 1943, 289271.0
705, 70.083508, 661.752396, 38.717441, 176.664608, 2035, 303807.0
706, 69.776099, 664.808597, 36.952384, 191.834538, 2044, 306020.0
707, 71.705907, 662.286242, 38.357012, 218.078201, 1925, 286030.0
708, 70.608850, 662.666062, 36.620682, 173.698767, 2018, 301697.0
709, 68.838705, 664.461452, 36.831963, 198.741674, 2043, 304770.0
710, 67.574850, 664.077274, 38.353971, 179.342463, 2059, 307518.0
711, 69.410618, 664.341658, 37.926109, 194.336593, 2040, 304197.0
712, 70.174217, 664.312257, 38.345875, 188.012983, 2041, 304608.0
713, 70.102776, 662.996866, 37.048317, 175.119735, 2066, 308873.0
714, 70.073422, 662.993443, 37.067044, 193.559768, 2028, 301797.0
715, 72.887786, 664.369551, 36.685691, 218.638033, 1949, 288942.0
716, 71.014542, 663.617486, 36.582126, 193.277487, 1989, 295540.0
717, 70.644787, 662.016312, 40.199526, 177.742319, 2031, 302919.0
718, 67.889986, 664.135499, 36.425093, 187.739919, 2071, 308986.0
719, 66.729098, 663.642196, 37.335773, 195.017422, 2038, 304760.0
720, 69.306422, 664.119190, 36.425748, 175.799833, 2050, 305809.0
721, 71.863209, 665.012966, 36.615753, 203.475233, 1967, 292636.0
722, 69.959111, 663.200186, 37.689016, 206.235022, 2021, 303968.0
723, 71.105222, 663.026536, 38.065324, 191.466608, 2031, 306142.0
724, 67.807926, 664.530657, 36.535948, 180.808724, 2068, 310102.0
725, 66.571396, 662.120300, 38.822874, 186.715339, 2040, 317288.0
726, 68.488417, 663.890627, 37.136602, 185.200492, 2068, 336110.0
727, 66.565978, 663.618239, 37.482880, 168.805748, 2072, 310464.0
728, 69.286868, 664.320657, 38.013353, 176.470240, 2061, 309279.0
729, 69.725573, 663.955053, 36.948632, 168.014747, 2067, 313669.0
730, 71.387613, 662.691440, 36.737293, 199.407764, 1985, 300074.0
731, 71.107618, 662.514892, 36.441943, 194.528926, 1976, 298367.0
732, 71.353557, 663.721794, 37.599779, 180.746464, 1963, 295802.0
733, 69.528461, 662.291179, 36.397759, 176.108039, 2058, 307831.0
734, 73.154432, 665.130284, 35.879039, 208.791745, 1902, 282940.0
735, 68.479256, 662.695362, 38.955303, 170.314013, 2070, 311278.0
736, 68.546685, 662.511905, 38.038895, 158.111772, 2069, 309581.0
737, 69.410618, 664.341658, 37.926109, 189.174408, 2037, 305088.0
738, 68.246518, 663.151080, 36.273032, 170.723313, 2067, 309275.0
739, 69.410618, 664.341658, 37.926109, 205.270029, 2028, 309511.0
740, 66.835867, 664.510857, 36.927317, 167.738155, 2048, 306496.0
741, 69.572005, 664.626257, 36.197725, 187.083969, 2028, 303500.0
742, 68.017944, 662.711196, 37.754653, 153.812572, 2072, 312573.0
743, 70.210011, 664.247137, 38.063312, 184.403901, 2023, 303221.0
744, 70.632057, 664.412506, 37.259833, 187.400566, 2038, 305289.0
745, 69.373656, 662.375411, 38.530735, 164.701307, 2072, 310780.0
746, 70.162185, 664.161505, 38.221946, 184.700955, 2041, 305679.0
747, 69.410618, 664.341658, 37.926109, 182.167990, 2043, 305996.0
748, 69.211307, 662.756046, 36.850466, 168.386887, 2064, 309429.0
749, 68.570541, 662.572246, 37.947552, 156.582947, 2056, 308124.0
750, 68.002367, 663.848615, 37.680048, 171.590291, 2078, 310866.0
751, 69.775292, 663.104596, 37.188039, 173.181818, 2067, 310008.0
752, 67.842912, 661.774733, 38.062711, 160.514383, 2077, 311490.0
753, 69.014236, 663.885278, 37.843391, 167.657629, 2052, 307310.0
754, 66.811701, 662.977879, 37.364641, 168.211036, 2049, 307224.0
755, 67.960415, 662.173429, 37.341310, 158.084460, 2053, 307809.0
756, 68.215351, 663.049493, 36.714244, 170.626681, 2072, 310723.0
757, 69.108930, 662.385760, 37.267512, 178.076705, 2057, 325394.0
758, 67.786546, 664.962095, 36.263196, 163.502729, 2061, 308153.0
759, 66.826767, 664.772463, 36.372810, 169.021654, 2055, 306707.0
760, 69.371530, 664.761280, 35.696880, 185.485083, 2070, 309635.0
761, 67.398823, 663.321346, 37.964365, 168.976208, 2062, 308572.0
762, 70.207511, 664.333017, 38.019687, 181.898473, 2053, 307045.0
763, 72.621264, 663.248525, 36.833141, 191.784618, 1963, 293233.0
764, 69.510419, 662.882713, 37.752820, 159.742816, 2084, 312314.0
765, 72.053692, 665.554272, 36.320949, 189.806800, 1971, 294103.0
766, 69.689510, 663.418755, 38.557771, 175.426049, 2039, 305323.0
767, 70.531045, 664.592688, 37.277934, 192.496310, 2029, 303897.0
768, 69.529751, 662.862627, 37.603281, 165.595254, 2071, 309615.0
769, 70.099861, 662.075534, 37.204726, 200.939893, 1981, 302091.0
770, 68.575984, 663.001100, 38.336147, 185.458763, 2050, 306545.0
771, 68.793426, 662.930935, 36.940883, 168.402979, 2066, 312283.0
772, 69.366488, 662.969064, 37.766772, 181.402434, 2068, 309482.0
773, 72.090876, 664.066430, 35.342841, 198.846743, 1954, 294007.0
774, 69.907242, 663.476957, 38.380819, 185.750050, 2038, 304611.0
775, 67.378039, 662.274594, 38.884544, 171.229020, 2069, 313446.0
776, 70.170972, 664.423759, 38.289235, 170.064993, 2059, 308089.0
777, 70.372997, 662.901815, 37.983727, 202.010040, 1989, 300891.0
778, 69.540360, 662.778488, 37.073738, 171.146162, 2072, 309700.0
779, 71.213921, 664.318823, 37.189612, 186.583948, 1956, 302927.0
780, 69.627392, 662.312706, 37.209037, 169.330095, 2066, 308919.0
781, 71.092053, 663.026797, 38.268543, 198.810472, 2030, 311470.0
782, 71.244131, 664.354570, 37.022085, 164.329849, 1988, 296807.0
783, 72.037800, 663.164486, 36.778772, 199.022541, 1969, 296985.0
784, 68.190631, 662.171123, 38.367750, 165.959188, 2070, 309909.0
785, 68.161323, 662.400381, 37.362373, 182.895030, 2057, 307287.0
786, 68.617445, 662.419737, 37.074004, 160.111004, 2062, 310674.0
787, 71.192282, 662.070104, 37.126693, 195.051823, 1942, 294990.0
788, 68.487369, 664.081450, 37.669995, 172.976673, 2068, 318708.0
789, 69.368253, 662.470683, 36.766048, 168.460868, 2066, 313941.0
790, 68.032825, 664.308744, 37.481012, 160.314632, 2067, 312172.0
791, 66.939059, 664.807344, 36.444468, 165.996253, 2069, 319484.0
792, 68.941222, 661.963254, 36.845234, 179.957459, 2047, 312950.0
793, 69.523668, 661.470509, 37.091962, 169.440027, 2031, 310810.0
794, 66.425951, 663.096760, 38.348028, 153.407129, 2057, 311212.0
795, 69.395243, 663.607207, 38.944193, 191.090729, 2039, 332731.0
796, 70.780482, 662.141076, 38.157023, 193.691905, 2018, 303606.0
797, 68.172057, 664.661443, 37.431683, 160.082164, 2077, 311872.0
798, 68.077333, 661.793206, 38.120820, 160.876130, 2066, 313456.0
799, 70.119367, 664.725359, 36.065446, 172.196925, 2059, 314612.0
800, 68.116289, 664.416814, 36.228573, 182.053465, 2058, 312731.0
801, 69.960786, 662.979801, 37.203093, 156.954297, 2067, 312792.0
802, 66.337447, 662.044790, 36.445009, 164.748338, 2063, 312563.0
803, 72.825712, 664.565303, 36.602828, 208.250879, 1961, 298108.0
804, 71.275739, 664.594137, 35.782771, 199.510531, 2003, 302130.0
805, 71.191129, 664.048077, 37.340159, 189.339376, 2022, 308165.0
806, 67.970258, 663.983582, 36.640144, 188.556298, 2033, 307813.0
807, 69.717942, 664.021849, 35.928909, 195.705388, 2038, 307944.0
808, 69.745961, 663.999837, 36.265509, 171.848970, 2055, 308251.0
809, 70.210011, 664.247137, 38.063312, 186.605438, 2038, 309497.0
810, 68.035574, 661.692780, 37.983114, 165.898615, 2079, 315698.0
811, 68.335852, 664.697721, 37.300198, 166.105076, 2057, 311060.0
812, 68.122440, 662.277519, 38.886285, 166.338782, 2074, 319512.0
813, 70.994954, 662.499476, 38.628013, 185.099543, 1997, 298707.0
814, 69.371496, 662.505648, 37.110823, 189.498446, 2045, 314155.0
815, 69.982704, 662.976489, 37.132968, 191.738653, 2059, 312711.0
816, 68.690261, 664.371595, 37.018239, 173.796667, 2042, 314597.0
817, 72.132153, 663.202841, 38.530396, 200.291331, 1953, 293274.0
818, 67.044613, 662.446927, 36.638484, 176.415199, 2035, 305721.0
819, 70.183347, 664.552388, 36.064994, 179.555934, 2057, 307191.0
820, 69.982704, 662.976489, 37.132968, 179.862680, 2063, 312127.0
821, 69.852362, 663.880413, 37.940616, 185.144224, 2040, 313610.0
822, 70.964406, 662.681533, 36.799333, 185.901982, 2035, 305971.0
823, 70.856193, 663.279185, 37.591589, 186.820200, 2025, 312740.0
824, 69.527999, 663.002430, 38.828953, 200.317964, 2019, 303932.0
825, 69.245404, 662.088809, 38.411681, 200.626074, 2028, 311367.0
826, 67.190910, 662.831069, 39.334936, 171.663898, 2066, 309494.0
827, 67.067145, 664.521927, 36.427371, 175.588336, 2059, 316073.0
828, 65.854113, 660.793861, 37.515554, 163.645550, 2055, 312249.0
829, 67.889986, 664.135499, 36.425093, 181.814072, 2069, 314988.0
830, 69.225815, 661.900620, 38.812796, 149.455377, 2073, 317562.0
831, 67.953258, 662.657147, 39.597290, 168.627065, 2073, 311688.0
832, 69.432466, 662.222896, 38.425620, 198.379506, 2072, 319147.0
833, 70.689783, 662.667761, 37.339643, 194.292092, 2039, 318010.0
834, 67.963738, 664.193273, 37.500034, 180.371945, 2055, 311088.0
835, 67.804846, 663.757941, 37.484294, 185.136559, 2055, 315468.0
836, 69.997736, 662.468448, 37.824727, 166.800622, 2064, 318255.0
837, 69.246703, 662.205327, 38.263969, 170.616398, 2030, 308027.0
838, 69.982704, 662.976489, 37.132968, 173.747352, 2064, 347678.0
839, 68.877219, 664.408035, 36.678678, 199.929728, 2036, 309647.0
840, 69.805464, 661.872052, 39.242384, 180.047440, 2080, 373346.0
841, 70.437248, 664.247992, 37.352599, 187.173083, 2040, 327352.0
842, 71.715644, 662.297650, 39.497883, 191.092414, 1971, 299821.0
843, 66.959439, 662.730871, 36.464364, 164.342683, 2044, 331582.0
844, 68.883162, 662.701105, 36.215314, 175.375992, 2035, 370017.0
845, 66.676535, 664.357947, 36.409799, 168.534460, 2045, 348841.0
846, 67.738308, 662.239440, 38.825432, 176.560672, 2073, 343260.0
847, 69.286868, 664.320657, 38.013353, 162.493562, 2076, 354896.0
848, 68.625659, 662.792326, 36.771596, 171.879444, 2066, 325146.0
849, 68.546458, 663.854375, 36.934189, 160.226980, 2065, 337527.0
850, 67.793816, 662.899400, 38.439719, 172.948257, 2052, 319551.0
851, 70.337114, 663.220576, 38.055211, 198.175478, 2029, 307877.0
852, 66.835867, 664.510857, 36.927317, 166.619995, 2056, 363628.0
853, 69.381263, 664.338235, 37.944836, 160.205701, 2051, 349586.0
854, 67.713486, 663.444958, 35.283348, 375.814223, 1987, 302259.0
855, 71.373391, 664.701911, 36.474119, 182.591400, 1982, 297673.0
856, 69.029949, 660.335750, 38.405974, 151.828470, 2071, 335624.0
857, 67.029429, 662.361500, 37.877155, 149.614969, 2075, 336868.0
858, 67.715243, 663.946098, 37.589959, 161.604404, 2072, 317293.0
859, 67.254273, 662.468249, 37.367430, 171.966456, 2053, 308675.0
860, 70.877792, 664.948989, 35.849801, 204.991528, 1964, 323469.0
861, 66.835867, 664.510857, 36.927317, 181.317513, 2063, 332680.0
862, 66.402536, 662.816857, 37.971710, 189.946193, 2074, 317305.0
863, 68.041692, 661.113651, 37.929414, 167.675743, 2076, 311789.0
864, 69.361607, 662.532935, 37.202648, 182.691893, 2052, 310779.0
865, 69.286868, 664.320657, 38.013353, 173.123612, 2065, 353755.0
866, 70.088692, 663.382560, 37.383429, 184.460390, 2022, 324987.0
867, 69.789318, 662.670516, 36.952769, 159.097177, 2070, 313093.0
868, 73.091133, 664.298816, 38.863102, 199.701043, 1955, 309229.0
869, 68.702514, 664.034950, 36.682125, 189.760228, 2028, 323001.0
870, 70.655801, 662.687533, 38.129659, 185.622140, 2037, 316275.0
871, 67.347149, 663.793224, 36.309751, 172.585850, 2053, 327916.0
872, 70.618773, 662.669060, 36.558721, 179.252071, 2027, 304525.0
873, 71.235230, 664.048396, 37.410955, 183.826677, 1968, 298492.0
874, 67.465936, 663.091535, 36.874777, 176.176437, 2077, 314760.0
875, 71.388947, 663.836255, 37.087527, 202.479948, 1949, 293030.0
876, 70.749927, 664.601864, 37.207708, 191.012624, 1997, 299852.0
877, 67.407903, 663.097728, 37.441778, 184.494489, 2060, 310754.0
878, 69.381263, 664.338235, 37.944836, 182.371389, 2057, 312030.0
879, 70.552460, 664.982734, 36.252122, 182.957383, 2015, 305750.0
880, 67.830073, 664.039145, 36.537312, 144.572322, 2059, 313106.0
881, 70.519382, 662.706645, 36.461491, 174.339637, 2025, 307397.0
882, 68.335852, 664.697721, 37.300198, 165.847660, 2075, 314276.0
883, 69.741574, 664.116061, 36.207971, 175.805623, 2051, 308567.0
884, 68.048077, 664.294545, 35.599985, 173.044756, 2052, 311794.0
885, 70.541173, 660.843533, 37.430604, 172.861966, 2036, 309239.0
886, 70.239893, 663.423360, 37.687347, 197.504778, 1979, 299270.0
887, 69.982704, 662.976489, 37.132968, 154.341129, 2045, 307304.0
888, 68.831967, 662.539922, 38.914083, 179.083409, 2063, 309721.0
889, 68.151741, 664.668560, 37.009374, 151.652998, 2072, 328695.0
890, 69.193379, 662.553482, 38.589288, 164.363376, 2052, 344707.0
891, 69.096381, 664.157226, 35.804836, 184.145020, 2056, 310026.0
892, 71.248252, 664.151949, 37.629170, 194.870867, 2026, 304180.0
893, 70.210011, 664.247137, 38.063312, 180.293849, 2030, 332310.0
894, 67.719572, 662.019922, 38.806030, 180.440835, 2063, 338145.0
895, 69.131481, 664.001061, 37.402067, 170.603285, 2060, 320730.0
896, 71.003344, 662.238081, 37.353825, 195.045662, 1981, 315134.0
897, 66.865160, 661.774325, 36.717122, 178.899247, 2048, 314636.0
898, 71.094660, 664.398070, 36.969298, 163.418866, 1984, 352414.0
899, 68.370000, 663.616056, 36.740187, 183.572869, 2064, 313447.0
900, 66.229794, 661.974731, 36.928992, 166.388046, 2039, 305972.0
901, 69.795928, 660.651790, 39.129174, 167.393565, 2031, 305524.0
902, 67.229694, 661.960112, 37.505009, 162.965996, 2052, 308560.0
903, 69.960786, 662.979801, 37.203093, 160.340363, 2072, 312217.0
904, 70.792783, 662.945403, 38.354734, 178.370787, 2004, 301699.0
905, 68.182289, 663.489725, 34.815516, 176.324049, 2017, 302627.0
906, 72.304773, 664.758818, 37.099240, 193.467466, 1959, 297716.0
907, 70.468403, 661.956657, 39.511012, 156.386509, 2019, 303513.0
908, 65.331053, 663.360265, 38.926342, 151.771397, 2052, 309200.0
909, 69.985913, 661.151397, 37.976563, 172.054618, 2076, 313505.0
910, 68.425281, 662.809336, 37.600777, 151.544928, 2067, 312528.0
911, 69.494299, 664.107063, 37.857846, 169.382738, 2037, 306581.0
912, 68.480614, 662.046704, 38.333639, 168.324846, 2066, 314573.0
913, 72.166179, 663.150681, 38.073994, 199.253503, 1969, 296166.0
914, 69.618895, 664.176947, 38.056507, 166.326070, 2053, 313832.0
915, 71.377459, 662.325207, 37.824495, 202.412264, 1974, 299674.0
916, 67.650702, 663.507139, 38.886988, 152.618270, 2054, 311899.0
917, 72.057034, 664.088162, 38.099883, 192.802272, 1976, 297686.0
918, 70.962086, 662.769846, 37.108934, 186.107256, 2025, 308439.0
919, 68.840753, 661.597066, 36.682439, 160.421468, 2072, 340451.0
920, 69.982704, 662.976489, 37.132968, 193.763547, 2016, 334904.0
921, 68.044644, 661.605834, 38.036422, 160.011110, 2046, 316327.0
922, 68.019852, 664.221944, 37.810445, 162.672696, 2070, 312860.0
923, 69.306422, 664.119190, 36.425748, 170.739764, 2059, 341504.0
924, 71.157681, 664.252545, 37.176401, 197.580988, 1964, 334769.0
925, 72.719533, 663.242495, 38.245551, 186.420971, 1950, 326629.0
926, 65.956101, 663.595139, 36.811707, 192.283939, 2019, 306146.0
927, 69.741574, 664.116061, 36.207971, 184.086809, 2048, 313700.0
928, 69.736075, 663.961065, 36.347143, 177.719950, 2031, 358460.0
929, 68.373152, 664.167721, 37.037398, 163.306489, 2071, 355065.0
930, 69.543911, 662.833455, 36.991011, 175.218161, 2050, 309373.0
931, 69.718241, 663.931398, 36.113316, 184.320896, 2022, 310562.0
932, 67.447074, 662.539121, 37.197042, 190.132948, 2057, 311955.0
933, 69.301901, 663.812615, 38.705112, 169.399307, 2031, 306471.0
934, 66.842660, 662.178989, 38.203753, 160.442268, 2050, 319208.0
935, 69.741622, 662.294293, 38.929319, 175.502384, 2022, 358137.0
936, 68.899137, 662.680315, 39.030651, 159.312986, 2056, 314401.0
937, 72.071720, 664.456251, 35.879736, 205.266294, 1962, 319220.0
938, 72.508830, 664.263234, 36.335409, 208.499479, 1925, 368550.0
939, 68.934681, 662.671315, 39.243051, 186.555778, 2049, 357906.0
940, 68.602473, 664.550609, 37.021674, 176.705521, 2062, 334543.0
941, 69.600088, 663.661461, 36.687818, 180.650812, 2051, 319058.0
942, 70.183347, 664.552388, 36.064994, 178.898507, 2043, 366489.0
943, 71.557260, 662.014184, 36.788515, 196.537295, 1986, 323141.0
944, 68.168011, 662.501987, 37.418588, 183.339372, 2073, 313822.0
945, 70.468403, 661.956657, 39.511012, 171.193611, 2049, 314958.0
946, 70.222466, 662.348488, 37.102765, 165.707099, 2036, 361583.0
947, 68.534447, 664.049088, 39.199196, 146.455882, 2075, 314351.0
948, 71.103044, 663.200241, 37.603314, 212.377704, 1942, 294056.0
949, 70.000353, 664.688543, 37.122978, 169.242740, 2042, 323399.0
950, 74.080672, 664.744186, 36.944636, 199.023960, 1948, 294220.0
951, 67.941663, 663.077895, 37.710202, 191.771822, 2035, 313044.0
952, 66.402536, 662.816857, 37.971710, 177.009485, 2061, 307911.0
953, 69.304223, 662.162753, 38.477471, 180.432922, 2021, 304512.0
954, 70.902070, 662.863899, 36.850240, 194.857602, 2013, 302465.0
955, 69.982704, 662.976489, 37.132968, 176.391451, 2056, 315876.0
956, 71.327685, 664.612065, 36.206216, 196.403745, 1950, 291636.0
957, 68.373152, 664.167721, 37.037398, 174.807417, 2069, 315550.0
958, 68.616158, 664.286427, 37.169861, 155.589574, 2069, 311696.0
959, 69.384778, 661.345339, 39.565136, 172.928323, 2071, 312220.0
960, 68.693274, 663.006804, 36.890831, 158.950149, 2071, 326521.0
961, 68.611180, 663.105947, 39.085304, 160.862681, 2071, 376429.0
962, 68.006170, 663.335127, 38.563460, 185.874209, 2059, 311807.0
963, 68.077252, 664.276656, 37.365810, 172.431108, 2067, 314819.0
964, 70.954757, 663.288493, 37.909658, 176.360519, 2044, 374799.0
965, 67.959950, 661.689267, 37.101619, 152.593789, 2055, 325589.0
966, 68.596913, 664.289335, 37.231434, 160.685828, 2065, 378376.0
967, 70.210011, 664.247137, 38.063312, 165.423477, 2049, 312816.0
968, 67.890174, 663.616320, 37.639167, 154.717235, 2071, 312137.0
969, 68.534447, 664.049088, 39.199196, 162.917209, 2075, 354420.0
970, 67.946339, 664.165995, 36.404359, 168.130229, 2056, 344787.0
971, 69.602556, 663.383698, 37.705755, 154.097643, 2056, 309952.0
972, 68.322493, 663.093424, 37.979942, 143.954220, 2066, 312053.0
973, 68.516454, 662.918294, 39.993662, 156.332376, 2075, 314640.0
974, 70.671331, 661.851204, 39.048388, 196.981049, 2034, 308616.0
975, 70.516312, 662.365991, 37.334681, 182.699908, 2023, 311350.0
976, 66.137617, 662.675320, 37.003468, 142.925541, 2070, 313401.0
977, 71.663511, 663.619632, 38.564587, 184.782762, 1986, 300636.0
978, 68.322493, 663.093424, 37.979942, 151.135962, 2072, 343779.0
979, 68.401791, 664.172019, 36.955228, 179.234455, 2064, 355314.0
980, 73.841243, 662.708609, 36.581642, 205.049307, 1933, 293614.0
981, 68.035794, 662.413565, 38.790892, 169.048544, 2070, 324216.0
982, 70.626164, 664.952246, 36.707831, 175.453305, 2025, 365016.0
983, 70.102776, 662.996866, 37.048317, 183.482146, 2006, 334812.0
984, 70.711975, 662.898515, 37.294650, 171.981389, 2031, 306372.0
985, 68.984189, 663.715096, 36.150009, 181.745147, 2037, 382624.0
986, 69.110336, 664.579602, 38.045122, 166.729076, 2060, 389240.0
987, 70.174217, 664.312257, 38.345875, 172.094541, 2020, 318594.0
988, 67.077850, 663.310757, 38.134894, 156.088288, 2061, 311592.0
989, 67.694052, 663.631997, 37.880633, 196.130181, 2052, 308720.0
990, 69.746399, 662.704896, 37.616473, 170.977205, 2062, 310499.0
991, 71.094660, 664.398070, 36.969298, 164.586864, 2030, 307918.0
992, 68.247624, 664.826900, 36.036570, 170.664526, 2064, 311212.0
993, 70.164824, 663.163669, 36.858746, 178.517555, 2052, 309156.0
994, 71.260930, 662.097699, 37.432262, 173.107114, 2012, 303665.0
995, 67.980469, 662.029488, 37.234828, 162.566878, 2055, 328477.0
996, 70.971049, 663.733654, 38.654697, 175.986121, 2030, 321279.0
997, 69.179076, 661.810746, 37.306262, 180.188787, 2029, 311830.0
998, 69.982704, 662.976489, 37.132968, 180.478422, 2073, 339742.0
999, 70.966221, 661.421370, 39.267143, 185.115831, 2009, 305450.0
