#idx, x0, x1, x2, y, f_neval, total_time (us), 
0, 70.734720, 664.713442, 36.640057, 176.508278, 3491, 519384.0
1, 72.596446, 663.590870, 37.349646, 205.224703, 3341, 495566.0
2, 72.138686, 662.928416, 37.288336, 199.538802, 3356, 498930.0
3, 70.135516, 663.761723, 37.217899, 204.716518, 3456, 514206.0
4, 72.099492, 664.029596, 36.215305, 219.505767, 3349, 497186.0
5, 70.808461, 663.112915, 36.880908, 210.120809, 3364, 499767.0
6, 71.845987, 663.308521, 38.305276, 197.752848, 3397, 504676.0
7, 73.285240, 662.558356, 37.242704, 210.591016, 3338, 495929.0
8, 72.068768, 664.905153, 36.928678, 204.646230, 3293, 488480.0
9, 72.360538, 663.886672, 36.906744, 220.311953, 3309, 490895.0
10, 75.494655, 663.887135, 37.076199, 232.474990, 3343, 495849.0
11, 72.255052, 663.984150, 36.326719, 197.741297, 3313, 492175.0
12, 71.516509, 663.174263, 38.297742, 185.675381, 3425, 510153.0
13, 72.345754, 664.691306, 36.904324, 234.375145, 3263, 483788.0
14, 71.952884, 662.393356, 37.189754, 214.395905, 3319, 494012.0
15, 70.140299, 664.490439, 36.999266, 177.204306, 3498, 524429.0
16, 70.107668, 663.353039, 37.900041, 175.926009, 3523, 527115.0
17, 71.519326, 664.887684, 35.589269, 194.875987, 3308, 503639.0
18, 68.722754, 662.918110, 37.153341, 204.680760, 3458, 556085.0
19, 74.295746, 663.555374, 37.205245, 231.855975, 3311, 490397.0
20, 72.909301, 663.106932, 38.165293, 205.517944, 3380, 503382.0
21, 72.250777, 663.860370, 37.324488, 185.886573, 3386, 503687.0
22, 69.018211, 664.032704, 36.818552, 186.336193, 3503, 523254.0
23, 73.556087, 661.599875, 38.211717, 218.638546, 3315, 492771.0
24, 72.316293, 663.051712, 37.151563, 217.112532, 3280, 485555.0
25, 70.749267, 663.780031, 38.833994, 197.023919, 3388, 503756.0
26, 74.604862, 664.262339, 36.588800, 223.061980, 3319, 492505.0
27, 70.741261, 664.625483, 36.575492, 185.378584, 3446, 514552.0
28, 71.355571, 662.649469, 37.901241, 187.092004, 3510, 523327.0
29, 72.140427, 664.388781, 36.740772, 198.774417, 3300, 490552.0
30, 69.962803, 663.584347, 37.590928, 176.278601, 3460, 518769.0
31, 70.124380, 663.124466, 37.933956, 200.100170, 3442, 513690.0
32, 70.050825, 663.601953, 37.607158, 183.201006, 3449, 515864.0
33, 70.812780, 662.353419, 38.301741, 176.800002, 3359, 501054.0
34, 70.169279, 662.412024, 37.803019, 182.215625, 3447, 514308.0
35, 73.669648, 663.073282, 37.346918, 212.702529, 3356, 499118.0
36, 71.808188, 662.816103, 38.499412, 192.003090, 3328, 494677.0
37, 69.011027, 662.151586, 37.329034, 179.376956, 3543, 528966.0
38, 70.394199, 664.010590, 36.587721, 203.657778, 3449, 532951.0
39, 68.399819, 661.930415, 37.632389, 166.763848, 3519, 523368.0
40, 71.665805, 663.525578, 37.339165, 191.191651, 3339, 496625.0
41, 71.236970, 664.461568, 36.378940, 181.468722, 3373, 499623.0
42, 68.053124, 662.728380, 38.096822, 185.717633, 3502, 521490.0
43, 72.564572, 663.121512, 37.391953, 206.778702, 3411, 514243.0
44, 71.363016, 662.824081, 38.893632, 169.498278, 3418, 508233.0
45, 68.972878, 663.157569, 38.974898, 190.980764, 3422, 509055.0
46, 69.793643, 664.687017, 36.262188, 198.399088, 3492, 530959.0
47, 71.236044, 664.142372, 36.795980, 193.511168, 3334, 505891.0
48, 69.573127, 662.415238, 37.612541, 187.395990, 3435, 510801.0
49, 71.890385, 663.308570, 36.973524, 186.489833, 3381, 500896.0
50, 72.675902, 663.660478, 36.253632, 183.333301, 3357, 510810.0
51, 72.917704, 664.304970, 37.321830, 199.159742, 3358, 511329.0
52, 66.523614, 663.629063, 36.466152, 165.030565, 3455, 513684.0
53, 70.901145, 663.393733, 36.824157, 222.148253, 3235, 479109.0
54, 71.570984, 662.756030, 38.611528, 203.201950, 3339, 501139.0
55, 69.134146, 663.613744, 37.564537, 168.767668, 3520, 530603.0
56, 70.928966, 664.380626, 37.748496, 192.365070, 3414, 507562.0
57, 68.569654, 662.580533, 36.884758, 173.227044, 3483, 524898.0
58, 70.245472, 663.201040, 37.551836, 186.914656, 3469, 519167.0
59, 69.241145, 663.531592, 37.915451, 174.077051, 3484, 523873.0
60, 71.818250, 664.556976, 37.243031, 190.249339, 3343, 495877.0
61, 68.592118, 663.747864, 37.838509, 153.755721, 3513, 528135.0
62, 68.838272, 662.761296, 37.811140, 162.853609, 3512, 522917.0
63, 68.697844, 663.533192, 36.516135, 179.836361, 3494, 520164.0
64, 70.569603, 664.355399, 37.153230, 189.365249, 3449, 513685.0
65, 67.592143, 663.475266, 36.770356, 180.898601, 3503, 531168.0
66, 68.517668, 662.555472, 37.622516, 171.291459, 3501, 528795.0
67, 72.465755, 663.654782, 36.456883, 214.128487, 3266, 483619.0
68, 66.673528, 662.470065, 37.623547, 183.651517, 3442, 512314.0
69, 69.367819, 662.892665, 37.764165, 207.568591, 3386, 508278.0
70, 68.353405, 663.683630, 36.878007, 165.633313, 3502, 526187.0
71, 69.897975, 664.870401, 37.095690, 191.921608, 3532, 525736.0
72, 71.198150, 663.000293, 37.822372, 199.841884, 3325, 494418.0
73, 65.188709, 663.043443, 37.532040, 183.153889, 3425, 513369.0
74, 69.674142, 664.006769, 36.777651, 175.140291, 3505, 525816.0
75, 69.664963, 663.083433, 38.043284, 185.569225, 3523, 525285.0
76, 67.085177, 663.375801, 36.304046, 185.248768, 3382, 504446.0
77, 67.454004, 662.703681, 37.699275, 163.684975, 3526, 529265.0
78, 69.898517, 663.429990, 37.114417, 181.090905, 3504, 553575.0
79, 70.608166, 662.207037, 38.262794, 204.076408, 3380, 515452.0
80, 67.581152, 663.494482, 37.587173, 168.283513, 3506, 596854.0
81, 68.318639, 663.023288, 37.711160, 161.746901, 3515, 530466.0
82, 68.725243, 663.718910, 36.204998, 159.429597, 3563, 535100.0
83, 71.349219, 664.401691, 36.063984, 190.029956, 3516, 524264.0
84, 68.106477, 662.193936, 37.388999, 177.969748, 3521, 525717.0
85, 70.483241, 665.069993, 36.710498, 204.562226, 3339, 510948.0
86, 68.059175, 663.400886, 37.627717, 173.661920, 3430, 516185.0
87, 67.572080, 663.164402, 36.764631, 170.645496, 3461, 518360.0
88, 67.232131, 663.357351, 36.771509, 174.032179, 3460, 517330.0
89, 68.899985, 664.934036, 36.098017, 156.777644, 3570, 538931.0
90, 72.020121, 664.016058, 36.048121, 214.560279, 3326, 498559.0
91, 68.285521, 662.064524, 38.167275, 176.505119, 3470, 518774.0
92, 67.763136, 662.068190, 38.173346, 187.093447, 3558, 531055.0
93, 67.417771, 662.621566, 37.401612, 193.644173, 3431, 520651.0
94, 70.160610, 664.221019, 36.698998, 171.920434, 3512, 521234.0
95, 69.431705, 663.094839, 38.484630, 166.716745, 3513, 522266.0
96, 68.878731, 664.282159, 35.614740, 172.321226, 3568, 530660.0
97, 69.341028, 664.308386, 36.252189, 175.179871, 3517, 523445.0
98, 69.423170, 663.390506, 37.109975, 164.242815, 3592, 540225.0
99, 68.769525, 664.270495, 36.792870, 180.979376, 3439, 511507.0
100, 66.155357, 662.501661, 37.680799, 170.219200, 3437, 511397.0
101, 69.755237, 663.341371, 36.726337, 202.557328, 3414, 511382.0
102, 67.273185, 662.464284, 38.339048, 162.190355, 3489, 526878.0
103, 68.352395, 662.790128, 38.539509, 173.964504, 3544, 528255.0
104, 69.625306, 664.681938, 35.837289, 180.897343, 3490, 519477.0
105, 68.290296, 663.194620, 37.071355, 188.107691, 3441, 521234.0
106, 71.341603, 664.832057, 36.466593, 195.729027, 3388, 515422.0
107, 70.697824, 663.047516, 38.129918, 181.089199, 3473, 516512.0
108, 68.462550, 663.491695, 36.910424, 187.956211, 3386, 503475.0
109, 69.213952, 663.785404, 37.233142, 177.892276, 3485, 523141.0
110, 69.111793, 664.603408, 36.909980, 177.459458, 3509, 532734.0
111, 69.721425, 663.706436, 37.611423, 183.961924, 3396, 504966.0
112, 69.857619, 662.214215, 37.707503, 189.399383, 3490, 520080.0
113, 69.910284, 662.511109, 38.223064, 161.536234, 3551, 540294.0
114, 71.456452, 664.839055, 36.708956, 198.354168, 3363, 502146.0
115, 67.165276, 662.715989, 38.242172, 168.795770, 3499, 521708.0
116, 72.096220, 664.685818, 36.422251, 223.589306, 3296, 487543.0
117, 70.359951, 664.648215, 36.034718, 216.979207, 3335, 500922.0
118, 68.754848, 663.363795, 37.865502, 193.622974, 3511, 539708.0
119, 66.047730, 663.480072, 37.633344, 150.716373, 3518, 526310.0
120, 66.929301, 663.200076, 38.204874, 158.185725, 3496, 521969.0
121, 67.019480, 663.756890, 36.035940, 178.449693, 3382, 513629.0
122, 71.630755, 662.691824, 37.910520, 204.977686, 3305, 500939.0
123, 69.633913, 663.406809, 37.869217, 177.623001, 3521, 543448.0
124, 70.317467, 663.042458, 37.284573, 162.948568, 3494, 521993.0
125, 68.332737, 662.300211, 37.958969, 184.689028, 3514, 525391.0
126, 68.507737, 662.854937, 38.480563, 180.743701, 3505, 521905.0
127, 66.566043, 662.831033, 37.177114, 171.655926, 3445, 511531.0
128, 70.774956, 663.743337, 37.004682, 191.859137, 3468, 514645.0
129, 70.352803, 662.781701, 37.212926, 184.142019, 3490, 519771.0
130, 69.804630, 664.979429, 36.734027, 175.664309, 3522, 524674.0
131, 70.999562, 663.024344, 38.616647, 199.639880, 3322, 492734.0
132, 71.542689, 662.670516, 38.152750, 193.019783, 3399, 505482.0
133, 68.366531, 664.287664, 36.083587, 159.240071, 3490, 519378.0
134, 69.386849, 664.229205, 35.923182, 198.302012, 3488, 519336.0
135, 71.492860, 664.688521, 36.304440, 215.864986, 3321, 491533.0
136, 71.272501, 662.480861, 37.773219, 202.506218, 3328, 495543.0
137, 70.012122, 663.589790, 37.288527, 178.922019, 3484, 519252.0
138, 68.655651, 662.585709, 37.159687, 165.996922, 3506, 525626.0
139, 71.134256, 663.019086, 37.935409, 199.312160, 3381, 523300.0
140, 69.294479, 664.847856, 36.311539, 184.950520, 3587, 534934.0
141, 70.760471, 663.652091, 35.916301, 183.436228, 3501, 520702.0
142, 70.985539, 663.789408, 37.703526, 183.094818, 3456, 515162.0
143, 69.820087, 662.458499, 37.395862, 178.317568, 3481, 519193.0
144, 73.574275, 663.611445, 37.411239, 203.686264, 3355, 496901.0
145, 69.112078, 664.869813, 36.187099, 188.186969, 3546, 527712.0
146, 68.765055, 664.095966, 36.595610, 170.252896, 3503, 520602.0
147, 73.599667, 664.223379, 36.638949, 217.608425, 3367, 499517.0
148, 69.058979, 663.255543, 37.176931, 179.559636, 3524, 525105.0
149, 73.003509, 662.836235, 37.716017, 206.520508, 3398, 504940.0
150, 66.732859, 662.539391, 37.020740, 191.484683, 3344, 497468.0
151, 71.333136, 662.956000, 37.452695, 211.885252, 3388, 503319.0
152, 72.992933, 662.698079, 38.112206, 203.526655, 3368, 499727.0
153, 70.605089, 663.777722, 37.041094, 189.056515, 3466, 515725.0
154, 69.211827, 663.920577, 37.348675, 162.698695, 3530, 526099.0
155, 70.377446, 663.473255, 37.782017, 175.756756, 3535, 526325.0
156, 67.107495, 662.527014, 37.247625, 180.536432, 3391, 504905.0
157, 68.451609, 661.316672, 38.192868, 187.452337, 3454, 514725.0
158, 72.169285, 662.877446, 37.915703, 210.751789, 3376, 501205.0
159, 69.840650, 662.744805, 36.841282, 171.187119, 3538, 526813.0
160, 72.688290, 662.802344, 37.683696, 195.005568, 3267, 484925.0
161, 72.715545, 664.535927, 36.901814, 214.465511, 3331, 493285.0
162, 71.782429, 662.823324, 36.931374, 187.485645, 3380, 501172.0
163, 71.748067, 662.934346, 37.508938, 201.038126, 3373, 511990.0
164, 69.442999, 663.251433, 37.428657, 182.082890, 3484, 526654.0
165, 71.157286, 663.483109, 37.246702, 177.694760, 3411, 509443.0
166, 69.244877, 663.968296, 37.453026, 172.057072, 3469, 531183.0
167, 71.142470, 663.507825, 36.252556, 198.382008, 3236, 482936.0
168, 70.522505, 662.601189, 38.290656, 181.356877, 3432, 511249.0
169, 67.792488, 663.974662, 35.922564, 185.021241, 3374, 501474.0
170, 70.837900, 664.282668, 36.695532, 190.080266, 3478, 517605.0
171, 67.718688, 662.521875, 37.994445, 166.776880, 3490, 529164.0
172, 69.621760, 663.420507, 37.138859, 193.032396, 3410, 512401.0
173, 71.820308, 662.846014, 37.413062, 175.924818, 3412, 506630.0
174, 68.643834, 662.998396, 37.726009, 182.585348, 3413, 508212.0
175, 70.403172, 661.772618, 38.181666, 192.767855, 3407, 506982.0
176, 71.166369, 662.699515, 37.747942, 196.723549, 3472, 516788.0
177, 73.576790, 663.944374, 37.066420, 197.380626, 3355, 497449.0
178, 67.817624, 663.018682, 36.814643, 175.723640, 3425, 510202.0
179, 69.130408, 664.096169, 37.497687, 184.661258, 3509, 542210.0
180, 69.514159, 664.042332, 36.173024, 197.518573, 3469, 516702.0
181, 68.219608, 663.222269, 36.657220, 153.371022, 3531, 525908.0
182, 68.499683, 662.559912, 37.850368, 183.970830, 3491, 520439.0
183, 68.059323, 662.853882, 37.828496, 168.543723, 3480, 528815.0
184, 72.171002, 664.063808, 37.094681, 210.420933, 3283, 486239.0
185, 70.989275, 662.253352, 37.713800, 166.596998, 3539, 530419.0
186, 67.948440, 662.571547, 37.063724, 179.889197, 3473, 521980.0
187, 69.422834, 662.023104, 37.391045, 183.468130, 3422, 509878.0
188, 70.390758, 663.529827, 37.237742, 192.988927, 3439, 512645.0
189, 68.392851, 664.588552, 35.114799, 192.418138, 3398, 514366.0
190, 69.384700, 662.207512, 37.664714, 173.590158, 3521, 524288.0
191, 69.884170, 664.395877, 37.336792, 174.497092, 3509, 522328.0
192, 72.601333, 662.693979, 37.758504, 193.866849, 3334, 494571.0
193, 70.678119, 662.774729, 38.860694, 199.371831, 3340, 496553.0
194, 71.039791, 663.887239, 37.733833, 182.851845, 3345, 497003.0
195, 72.658005, 662.421048, 37.590852, 195.727137, 3411, 507031.0
196, 72.959495, 661.810245, 38.221904, 183.738231, 3371, 504255.0
197, 70.088433, 663.945584, 37.052594, 166.863109, 3511, 523375.0
198, 69.103310, 663.245627, 38.366596, 155.011935, 3534, 536416.0
199, 70.589373, 664.245232, 36.628573, 187.433596, 3434, 513738.0
200, 71.865133, 663.231047, 38.120396, 178.870601, 3456, 527878.0
201, 70.899407, 662.159797, 37.379709, 182.142526, 3448, 517170.0
202, 69.422860, 663.049727, 37.948045, 175.663095, 3562, 532368.0
203, 71.728432, 662.883291, 38.767788, 179.998526, 3435, 512087.0
204, 70.641865, 662.110050, 38.557271, 197.872819, 3476, 517919.0
205, 70.046962, 664.501823, 37.308778, 184.417739, 3434, 512307.0
206, 71.292245, 663.671802, 36.674456, 198.780932, 3292, 494739.0
207, 70.360370, 664.106393, 35.844960, 192.785443, 3393, 504810.0
208, 70.539174, 663.849150, 36.288440, 195.368585, 3443, 519087.0
209, 73.370650, 664.367965, 37.019402, 204.955145, 3354, 500794.0
210, 74.084676, 663.925377, 37.337209, 236.916801, 3326, 498899.0
211, 72.380348, 664.431104, 36.489143, 190.194911, 3347, 496495.0
212, 72.794313, 664.815346, 37.019024, 218.379291, 3327, 496050.0
213, 72.654321, 662.819638, 37.727625, 241.869499, 3274, 487376.0
214, 73.331585, 663.696254, 38.196501, 215.037353, 3382, 501112.0
215, 72.850941, 664.252407, 36.760300, 199.889466, 3289, 487506.0
216, 69.280524, 661.946931, 37.743238, 185.065473, 3532, 532942.0
217, 70.149219, 663.002363, 37.839397, 177.060328, 3528, 525657.0
218, 69.986027, 663.746725, 36.461287, 189.550101, 3407, 506970.0
219, 74.800867, 664.055888, 36.124292, 251.329139, 3291, 486969.0
220, 72.301338, 663.727113, 38.555986, 196.726203, 3362, 518800.0
221, 72.005353, 663.497007, 37.861597, 212.265323, 3317, 492734.0
222, 71.055195, 663.387113, 37.720254, 199.514270, 3366, 501371.0
223, 72.015423, 664.547442, 36.021061, 192.403730, 3361, 498721.0
224, 69.674820, 662.034190, 38.322043, 180.237346, 3496, 521631.0
225, 71.282338, 662.322160, 38.321614, 177.868921, 3453, 513820.0
226, 69.899838, 662.556031, 38.596918, 160.768094, 3509, 522677.0
227, 70.100814, 664.522087, 35.453354, 202.780276, 3430, 509387.0
228, 71.344540, 664.574382, 37.109801, 188.430025, 3444, 511721.0
229, 72.262029, 664.042495, 36.614174, 195.129585, 3308, 490889.0
230, 69.862364, 663.159767, 36.852695, 199.038774, 3430, 510695.0
231, 76.732725, 664.491665, 36.596981, 238.603864, 3392, 501977.0
232, 71.198674, 663.548462, 38.125261, 181.152322, 3365, 500341.0
233, 71.039535, 663.095387, 37.837744, 165.140176, 3516, 523930.0
234, 69.308328, 663.541984, 37.074282, 186.914882, 3502, 523934.0
235, 71.951506, 663.565283, 37.745677, 184.593305, 3393, 504442.0
236, 69.587988, 663.266666, 38.793768, 177.453508, 3475, 517396.0
237, 69.430256, 664.176218, 37.083974, 187.612836, 3549, 528970.0
238, 69.820365, 662.619885, 37.564790, 183.412175, 3448, 514858.0
239, 72.735653, 664.298378, 37.056544, 177.118880, 3376, 507476.0
240, 68.924359, 662.663052, 37.116617, 188.852431, 3526, 524463.0
241, 69.503622, 662.968580, 37.794629, 179.095887, 3480, 517664.0
242, 68.176163, 662.526930, 38.257608, 163.990931, 3539, 528964.0
243, 71.827826, 663.955963, 37.533144, 199.793791, 3353, 497999.0
244, 69.423032, 664.501085, 36.153320, 178.122687, 3531, 526587.0
245, 67.160063, 662.062785, 37.613937, 170.238996, 3423, 510676.0
246, 68.367266, 662.731222, 37.303803, 169.233826, 3519, 523800.0
247, 70.149054, 664.401013, 36.701013, 176.846837, 3521, 530945.0
248, 71.379959, 663.210465, 36.843531, 225.169927, 3383, 502328.0
249, 70.406495, 664.613747, 37.299818, 177.505398, 3476, 518057.0
250, 70.749004, 663.277038, 36.614518, 172.574926, 3416, 508826.0
251, 69.044723, 662.782784, 36.999578, 223.858157, 3398, 506828.0
252, 72.075359, 664.558741, 36.114759, 208.967222, 3251, 481656.0
253, 69.500665, 664.702906, 36.736455, 186.546013, 3516, 523226.0
254, 69.557135, 663.920347, 37.378896, 183.786752, 3492, 520711.0
255, 69.800330, 662.488553, 37.852904, 197.020499, 3340, 497128.0
256, 72.672826, 663.528598, 35.946232, 216.336089, 3250, 480613.0
257, 73.238875, 662.536918, 37.748096, 193.148594, 3356, 499146.0
258, 69.531068, 663.119570, 37.035073, 172.061158, 3530, 526559.0
259, 69.281575, 662.571517, 38.349708, 181.858642, 3457, 515347.0
260, 69.666010, 663.698105, 37.160771, 185.169962, 3547, 532337.0
261, 73.059993, 664.883812, 37.080380, 233.251823, 3268, 494894.0
262, 71.635032, 662.937236, 37.939540, 167.547224, 3432, 511599.0
263, 69.985979, 664.080601, 36.091122, 181.748591, 3441, 512002.0
264, 70.733276, 662.619251, 37.733828, 161.314679, 3499, 521370.0
265, 66.430559, 663.420301, 37.541280, 184.796655, 3492, 527340.0
266, 69.841344, 663.650093, 37.531178, 193.457733, 3390, 509149.0
267, 69.528817, 662.856008, 37.377461, 203.299101, 3396, 510507.0
268, 73.635617, 663.658550, 36.324996, 255.271899, 3315, 493058.0
269, 67.993494, 662.997493, 37.061738, 172.371589, 3522, 527607.0
270, 71.475463, 662.984731, 37.635068, 210.352568, 3359, 499900.0
271, 73.798291, 664.140584, 37.596281, 217.708735, 3343, 496377.0
272, 70.085833, 663.257474, 37.715785, 179.471634, 3475, 518145.0
273, 69.545203, 663.951225, 37.363706, 188.841272, 3442, 513765.0
274, 68.448096, 662.710181, 38.232083, 174.905714, 3477, 518741.0
275, 70.694215, 665.335012, 36.137715, 198.077924, 3488, 520180.0
276, 69.767401, 663.584038, 37.401659, 189.299692, 3526, 525366.0
277, 70.759983, 664.434727, 36.794519, 185.272554, 3528, 525503.0
278, 70.776418, 663.304437, 37.225220, 190.207582, 3401, 506335.0
279, 67.659162, 662.568531, 37.986988, 164.466269, 3492, 520640.0
280, 73.616057, 663.264030, 36.967899, 228.433705, 3359, 499063.0
281, 72.492093, 662.929314, 38.076294, 188.335635, 3338, 504839.0
282, 70.224901, 662.707540, 37.740519, 166.421764, 3534, 526665.0
283, 73.581619, 665.215634, 36.392130, 217.393431, 3216, 476482.0
284, 72.148715, 663.093965, 37.895417, 201.849517, 3334, 495814.0
285, 71.105804, 662.526239, 37.956534, 194.396453, 3430, 510760.0
286, 69.433620, 663.377741, 37.381895, 191.212533, 3560, 529078.0
287, 69.551794, 662.359959, 38.454196, 183.415152, 3467, 516125.0
288, 70.236494, 663.572741, 37.102629, 189.038898, 3437, 510077.0
289, 69.166330, 661.931942, 38.457187, 164.221126, 3475, 518309.0
290, 71.641543, 663.853320, 38.027418, 191.759792, 3460, 514372.0
291, 70.625871, 662.678333, 37.923356, 175.346257, 3474, 517640.0
292, 71.862201, 663.658098, 36.931827, 188.175099, 3364, 498792.0
293, 69.458006, 664.510842, 37.372785, 181.081641, 3557, 530141.0
294, 70.887038, 663.293161, 37.839514, 188.956235, 3500, 521269.0
295, 67.901209, 663.424842, 37.819271, 171.532717, 3570, 532052.0
296, 69.238544, 663.253351, 38.020597, 168.653364, 3537, 526771.0
297, 70.493396, 664.003821, 36.552675, 221.341795, 3366, 500667.0
298, 69.129565, 663.398623, 36.540219, 195.001460, 3484, 518651.0
299, 72.159019, 664.387620, 36.407643, 207.320156, 3298, 488639.0
300, 70.373927, 662.790329, 37.250827, 165.423479, 3462, 515124.0
301, 70.583644, 664.215252, 37.149969, 163.770798, 3543, 529550.0
302, 69.161218, 662.566796, 37.514879, 167.453476, 3551, 530120.0
303, 69.460222, 663.674154, 37.010455, 191.134900, 3494, 520259.0
304, 69.717678, 663.642867, 36.090787, 211.687939, 3392, 504321.0
305, 69.492482, 663.950330, 36.896244, 159.361129, 3541, 528489.0
306, 70.071983, 663.780720, 37.154866, 178.791333, 3510, 522709.0
307, 71.245601, 663.566138, 36.669808, 196.642077, 3323, 492789.0
308, 70.143133, 664.175658, 36.781799, 181.130393, 3562, 531029.0
309, 69.999538, 664.376135, 36.693894, 171.617028, 3560, 530535.0
310, 70.728182, 663.344131, 37.010344, 176.227896, 3512, 536100.0
311, 70.584791, 662.979221, 38.737003, 203.553129, 3364, 500645.0
312, 70.498246, 662.788237, 37.579606, 205.985799, 3427, 521281.0
313, 67.760736, 663.961257, 36.733450, 194.631689, 3407, 506941.0
314, 71.727716, 663.889385, 37.240831, 197.238010, 3407, 506455.0
315, 71.332413, 663.337068, 38.848395, 182.658326, 3310, 494378.0
316, 74.534871, 664.285685, 36.352769, 220.525008, 3347, 498405.0
317, 72.558110, 663.835310, 37.374024, 219.797430, 3367, 499462.0
318, 71.167564, 664.684941, 36.977778, 219.918451, 3387, 503690.0
319, 69.656053, 663.593486, 36.514615, 199.192136, 3455, 513441.0
320, 74.082113, 665.163978, 36.510121, 223.829184, 3335, 492951.0
321, 72.165107, 664.915759, 36.468964, 177.600811, 3352, 499712.0
322, 71.036502, 663.057549, 38.029617, 175.137390, 3519, 545177.0
323, 74.768708, 664.293397, 36.471597, 251.204217, 3290, 487564.0
324, 72.378220, 663.038606, 37.468906, 217.773941, 3297, 490690.0
325, 69.547025, 664.087423, 36.972785, 205.323837, 3401, 509076.0
326, 74.177175, 664.196897, 36.194885, 227.155187, 3341, 495427.0
327, 73.892939, 663.221608, 36.885896, 230.931061, 3363, 499423.0
328, 69.596474, 663.502583, 37.610764, 180.700402, 3535, 528257.0
329, 69.859966, 663.990256, 35.820784, 205.104050, 3486, 518502.0
330, 71.144947, 665.994677, 34.912621, 207.798021, 3304, 490633.0
331, 70.796425, 664.562522, 36.599870, 194.983080, 3433, 510268.0
332, 68.968687, 662.865410, 38.457093, 169.381959, 3537, 536514.0
333, 69.986377, 664.006617, 37.551870, 187.237872, 3489, 520106.0
334, 68.287335, 662.210907, 38.034634, 180.197516, 3554, 529428.0
335, 69.078431, 663.354997, 38.120577, 176.490341, 3537, 526200.0
336, 69.350437, 662.860317, 38.855599, 181.058316, 3442, 511350.0
337, 69.635872, 663.167130, 38.040307, 173.355305, 3518, 523457.0
338, 71.164505, 663.712838, 37.982200, 184.039238, 3422, 509102.0
339, 72.045444, 663.546653, 37.800363, 181.747770, 3404, 504897.0
340, 73.213559, 664.910908, 35.543002, 221.995611, 3284, 485406.0
341, 67.417955, 662.896331, 37.515093, 174.452436, 3519, 524548.0
342, 69.078878, 661.768860, 37.368566, 180.828395, 3458, 515870.0
343, 72.201838, 663.444113, 36.406178, 200.934132, 3304, 490215.0
344, 71.021540, 664.444405, 36.266070, 195.658620, 3436, 511156.0
345, 71.364005, 664.354113, 36.503413, 195.227550, 3384, 502053.0
346, 69.660201, 663.460943, 37.505791, 181.072043, 3582, 538867.0
347, 71.396699, 663.015047, 38.232407, 176.469012, 3389, 505351.0
348, 72.162216, 664.475548, 36.428740, 203.724301, 3331, 493904.0
349, 68.701726, 662.843892, 37.763457, 160.978527, 3550, 529258.0
350, 73.270151, 663.466014, 37.371889, 205.443397, 3365, 498763.0
351, 70.930811, 662.026729, 38.577468, 179.089462, 3430, 509827.0
352, 69.317279, 662.942302, 38.018528, 173.976392, 3545, 529478.0
353, 69.965966, 662.880506, 38.651945, 194.944318, 3393, 509287.0
354, 69.047995, 663.570990, 37.470403, 183.593308, 3505, 522231.0
355, 69.605543, 663.378564, 38.380480, 172.904974, 3520, 528274.0
356, 70.119632, 663.538712, 38.556018, 173.862661, 3442, 515255.0
357, 69.516362, 662.403056, 38.454290, 167.411468, 3484, 517974.0
358, 66.970549, 662.683477, 36.839772, 172.215243, 3486, 517295.0
359, 70.991492, 663.362429, 38.216613, 182.080916, 3479, 517918.0
360, 69.312221, 662.245359, 37.429456, 197.246460, 3403, 506129.0
361, 70.447211, 662.648523, 37.679751, 203.270484, 3467, 516303.0
362, 72.519509, 664.155770, 38.470425, 201.172628, 3386, 508803.0
363, 71.433728, 664.171280, 36.412303, 219.949129, 3300, 495670.0
364, 69.996088, 664.341451, 36.865214, 184.882410, 3582, 534535.0
365, 67.945748, 661.912032, 37.824438, 175.732401, 3518, 526365.0
366, 69.321083, 664.233303, 36.268880, 162.998516, 3548, 539402.0
367, 70.115793, 664.380318, 36.539228, 201.296499, 3425, 508609.0
368, 71.503637, 663.168396, 38.049122, 182.561012, 3377, 501780.0
369, 69.918780, 663.562801, 36.698862, 200.711854, 3517, 535027.0
370, 73.299915, 663.071562, 37.213137, 201.174140, 3344, 500608.0
371, 71.359234, 664.486577, 37.073884, 195.564481, 3420, 507898.0
372, 69.847725, 663.674786, 36.920751, 184.884825, 3435, 510132.0
373, 67.953365, 662.878477, 36.858870, 173.826100, 3511, 533402.0
374, 73.667250, 665.401990, 37.523179, 205.981576, 3347, 506409.0
375, 73.946017, 664.131250, 36.664721, 221.329643, 3361, 503532.0
376, 68.787751, 663.952437, 36.951853, 187.539974, 3428, 509498.0
377, 69.889023, 664.419204, 37.553518, 181.172423, 3433, 521828.0
378, 72.545215, 663.846295, 37.030133, 212.265025, 3336, 498489.0
379, 72.254877, 663.753027, 37.320084, 200.046058, 3402, 505556.0
380, 70.893817, 663.174081, 37.846085, 185.018523, 3505, 523672.0
381, 69.379339, 663.127146, 38.055040, 212.951222, 3373, 502368.0
382, 70.971743, 663.695201, 37.731918, 178.405846, 3524, 532862.0
383, 70.588673, 663.137045, 37.807438, 187.251052, 3468, 521430.0
384, 71.737543, 663.391468, 36.978254, 185.973881, 3403, 502621.0
385, 70.955086, 663.914350, 37.509178, 192.002970, 3382, 511737.0
386, 72.965987, 664.209260, 36.616649, 213.455913, 3277, 484136.0
387, 72.893351, 661.903519, 38.038540, 207.598263, 3387, 502495.0
388, 69.697109, 662.627589, 37.071269, 197.630806, 3403, 505562.0
389, 73.399525, 664.254937, 36.423639, 226.047673, 3356, 501219.0
390, 75.124863, 664.772550, 36.778526, 211.161939, 3350, 496896.0
391, 72.979223, 664.223442, 36.675052, 247.382490, 3283, 487747.0
392, 71.275161, 663.096557, 37.422353, 189.006154, 3372, 510068.0
393, 73.601923, 663.615146, 37.045318, 221.570155, 3363, 500770.0
394, 71.765265, 662.388583, 37.146618, 202.500041, 3344, 496008.0
395, 70.397528, 661.964577, 38.112015, 204.610593, 3359, 498841.0
396, 74.569521, 664.796941, 37.533104, 206.493989, 3338, 494497.0
397, 71.371705, 663.009466, 36.934647, 218.438710, 3354, 497138.0
398, 72.452782, 663.161206, 37.187413, 206.201453, 3378, 501211.0
399, 73.630016, 663.827017, 37.586782, 216.876280, 3338, 504386.0
400, 73.147294, 662.670165, 37.586281, 203.709507, 3365, 509504.0
401, 70.251658, 664.299283, 36.655807, 189.020744, 3515, 522612.0
402, 71.129617, 663.110597, 37.575954, 194.579442, 3396, 504765.0
403, 73.983808, 664.923255, 37.682158, 213.652697, 3358, 495180.0
404, 71.319627, 664.171936, 38.083656, 195.956301, 3455, 513431.0
405, 73.352827, 663.100146, 37.578167, 207.734232, 3341, 494869.0
406, 70.786971, 662.465366, 38.433618, 188.353634, 3472, 516054.0
407, 74.111032, 663.909391, 37.736191, 213.074624, 3370, 498604.0
408, 71.126802, 662.879586, 37.989952, 183.320295, 3512, 523198.0
409, 71.584709, 664.472657, 37.438008, 201.590824, 3325, 493203.0
410, 69.837100, 664.037878, 36.492103, 217.797126, 3451, 511760.0
411, 73.957482, 662.970205, 37.837949, 205.968336, 3399, 504702.0
412, 74.175251, 663.335774, 38.367999, 227.828401, 3387, 502244.0
413, 73.753596, 661.577002, 38.519128, 200.886150, 3350, 495804.0
414, 71.040174, 664.052618, 37.927430, 219.888693, 3306, 490252.0
415, 74.547697, 663.265223, 37.385357, 222.104365, 3321, 491609.0
416, 69.546739, 662.493667, 36.705339, 192.009298, 3385, 501936.0
417, 71.565573, 663.099262, 37.179667, 205.653639, 3326, 492325.0
418, 71.703774, 663.645852, 36.125931, 205.077068, 3352, 496974.0
419, 72.948658, 661.062242, 38.912363, 187.488741, 3393, 504354.0
420, 69.830525, 663.878505, 37.540289, 196.269000, 3467, 515226.0
421, 71.379585, 663.139438, 39.400223, 192.195639, 3385, 502577.0
422, 67.769506, 663.075773, 37.531359, 187.308824, 3439, 511236.0
423, 72.188512, 664.049711, 37.228777, 212.735640, 3366, 501018.0
424, 72.324216, 662.968283, 37.351060, 201.417030, 3373, 511025.0
425, 72.195401, 663.872165, 37.700192, 214.987236, 3302, 489133.0
426, 71.408339, 663.126176, 36.956940, 191.254953, 3391, 505218.0
427, 71.786556, 664.051616, 37.585169, 198.983871, 3407, 505362.0
428, 72.417129, 662.838394, 37.594607, 206.510555, 3368, 499604.0
429, 74.249943, 664.674906, 36.083058, 233.880942, 3353, 495800.0
430, 70.199887, 663.470046, 37.188779, 185.519530, 3483, 517912.0
431, 71.221869, 663.479873, 36.633617, 196.801625, 3393, 504024.0
432, 72.292010, 663.488659, 37.926715, 181.258714, 3412, 506812.0
433, 68.817763, 662.151672, 37.202225, 184.612010, 3458, 513780.0
434, 70.742534, 662.911293, 36.719608, 182.926614, 3415, 506790.0
435, 70.515256, 663.084798, 37.934134, 186.164702, 3486, 525575.0
436, 70.923471, 663.146628, 36.601670, 189.271552, 3363, 505805.0
437, 70.700152, 664.523877, 37.451382, 177.401039, 3518, 522592.0
438, 70.142335, 664.126685, 36.846041, 173.774635, 3526, 524837.0
439, 68.729512, 663.685795, 37.379209, 171.790926, 3500, 527598.0
440, 72.259655, 662.762587, 37.796490, 209.462718, 3294, 495579.0
441, 71.661337, 663.938335, 35.636688, 194.036695, 3408, 506146.0
442, 70.970571, 663.321944, 37.403948, 183.054897, 3501, 522295.0
443, 71.300625, 662.845165, 37.267447, 196.804237, 3375, 501248.0
444, 70.003145, 662.568790, 37.681598, 184.048952, 3448, 528722.0
445, 68.323328, 662.547855, 38.595288, 170.976354, 3516, 526399.0
446, 71.714052, 664.016126, 36.818579, 209.775488, 3250, 494533.0
447, 72.703865, 663.478156, 37.524705, 205.521443, 3360, 510521.0
448, 71.161318, 663.192506, 37.458685, 197.663712, 3358, 499003.0
449, 71.332378, 665.529668, 36.376834, 198.369952, 3344, 495634.0
450, 71.539695, 663.290056, 37.603966, 207.585854, 3353, 497603.0
451, 71.692714, 662.886217, 37.772885, 195.005505, 3400, 505545.0
452, 69.908835, 662.262546, 37.735440, 174.166331, 3498, 521018.0
453, 68.329090, 662.530511, 37.239293, 179.367866, 3489, 519675.0
454, 67.811269, 662.010490, 38.461553, 179.178456, 3477, 518220.0
455, 71.407684, 663.723396, 37.522324, 180.072034, 3385, 504259.0
456, 71.863853, 664.271623, 36.313828, 204.456272, 3401, 505073.0
457, 73.526589, 663.863952, 38.118158, 201.755178, 3401, 505145.0
458, 68.218303, 663.374034, 37.410251, 188.686504, 3467, 529037.0
459, 71.384946, 663.222818, 37.617988, 186.192981, 3468, 514811.0
460, 73.561461, 665.150040, 37.648159, 211.885561, 3383, 501172.0
461, 71.849614, 664.021472, 37.328181, 190.967387, 3326, 492733.0
462, 70.163875, 663.333086, 36.623310, 177.461749, 3539, 526831.0
463, 73.038395, 663.763249, 37.147592, 199.673812, 3340, 495386.0
464, 72.883028, 664.618788, 36.545879, 202.371869, 3281, 491413.0
465, 70.657963, 662.491170, 37.995832, 202.106653, 3452, 518966.0
466, 70.944883, 663.036678, 37.661391, 188.756928, 3379, 502734.0
467, 68.901228, 663.569366, 36.980976, 184.233966, 3490, 520278.0
468, 69.551970, 663.328985, 38.561230, 169.873589, 3480, 519460.0
469, 69.765746, 664.247786, 36.054978, 203.774672, 3408, 506416.0
470, 71.751132, 664.876867, 35.971235, 188.084538, 3358, 498665.0
471, 71.631689, 662.637523, 38.475662, 177.538689, 3373, 501316.0
472, 69.552970, 662.030231, 37.797052, 181.767339, 3399, 505735.0
473, 72.814175, 663.425816, 38.254060, 197.936842, 3380, 501285.0
474, 69.982634, 662.989315, 37.616154, 173.757045, 3506, 522440.0
475, 68.811383, 662.576509, 36.848166, 189.523572, 3465, 516141.0
476, 70.499323, 661.869072, 37.794341, 198.136650, 3528, 524529.0
477, 69.564703, 663.351423, 37.384956, 196.446967, 3447, 518275.0
478, 70.348197, 662.802500, 37.045378, 191.018240, 3471, 530840.0
479, 72.416599, 663.244140, 37.574806, 193.281732, 3364, 502605.0
480, 70.050906, 662.948538, 37.655333, 189.575290, 3349, 503272.0
481, 69.539345, 662.795001, 37.366867, 203.295510, 3363, 501586.0
482, 69.751403, 662.907553, 36.499396, 186.988639, 3497, 520410.0
483, 69.902386, 664.223120, 36.891229, 192.099677, 3457, 514148.0
484, 68.409638, 663.103449, 38.533909, 153.535080, 3538, 531107.0
485, 70.590324, 661.351366, 38.220041, 211.898468, 3429, 539844.0
486, 69.468730, 663.745931, 36.738654, 163.861176, 3540, 533235.0
487, 69.755073, 664.373407, 36.524807, 184.001709, 3500, 521257.0
488, 71.143197, 663.956448, 37.027533, 189.826457, 3380, 505772.0
489, 71.335879, 663.453682, 37.589078, 175.378421, 3524, 523224.0
490, 71.144464, 663.206325, 37.754772, 193.992281, 3359, 499028.0
491, 74.125674, 664.452797, 36.752346, 239.562167, 3328, 492933.0
492, 71.605746, 663.886500, 36.868005, 207.767816, 3314, 491364.0
493, 68.390463, 662.717663, 37.769675, 191.678842, 3519, 523404.0
494, 70.818829, 663.860085, 37.297920, 185.727654, 3487, 518137.0
495, 71.970969, 663.079861, 37.498754, 207.762112, 3353, 499763.0
496, 68.590733, 662.338673, 37.560697, 201.513437, 3489, 520012.0
497, 72.141808, 662.402333, 37.743930, 215.794479, 3283, 487167.0
498, 73.614865, 664.529547, 37.243735, 212.289835, 3374, 500448.0
499, 74.232018, 664.365694, 36.376064, 239.708311, 3307, 487606.0
500, 71.939923, 663.017198, 37.385582, 194.166329, 3360, 498014.0
501, 68.794979, 663.180627, 37.291733, 182.860961, 3531, 525350.0
502, 71.380540, 664.673521, 35.779005, 172.769723, 3398, 507925.0
503, 69.036527, 663.164587, 37.893507, 176.558888, 3480, 520343.0
504, 73.879340, 665.545009, 36.411302, 229.308219, 3309, 490423.0
505, 68.874353, 664.242451, 37.832139, 165.526407, 3503, 534552.0
506, 72.629450, 663.795484, 37.642570, 202.833935, 3374, 503890.0
507, 72.441619, 666.216632, 34.987051, 202.931892, 3309, 492058.0
508, 70.719694, 664.070010, 37.558126, 201.052057, 3343, 496806.0
509, 72.236243, 663.316118, 37.771539, 206.958258, 3390, 502747.0
510, 68.395872, 664.706971, 36.835099, 170.292149, 3527, 523959.0
511, 71.879079, 663.552198, 36.953107, 189.714594, 3346, 495465.0
512, 73.292940, 662.056738, 37.831554, 230.174697, 3296, 488666.0
513, 73.652827, 663.158111, 37.091307, 202.465278, 3350, 496876.0
514, 71.829368, 664.491386, 36.470872, 214.511795, 3291, 487541.0
515, 72.152154, 663.292213, 37.554171, 188.286355, 3287, 486812.0
516, 74.196650, 664.122800, 36.786329, 228.295803, 3340, 494858.0
517, 70.857741, 662.770681, 37.534340, 198.397842, 3447, 516841.0
518, 68.807982, 663.342682, 37.177641, 173.827582, 3514, 534312.0
519, 68.874748, 664.597016, 36.135862, 180.097583, 3467, 519236.0
520, 73.430267, 662.686954, 38.313742, 228.772691, 3318, 492055.0
521, 69.819095, 663.187005, 37.616102, 180.898195, 3456, 525610.0
522, 70.051174, 663.405318, 37.318044, 194.802160, 3481, 522482.0
523, 72.771720, 665.640359, 35.138831, 213.838752, 3242, 479553.0
524, 71.563945, 663.685433, 37.661255, 193.057627, 3398, 505269.0
525, 71.853536, 663.154153, 37.745265, 207.129218, 3380, 510006.0
526, 71.450130, 663.670494, 38.069497, 170.009966, 3498, 550302.0
527, 71.979705, 663.939949, 36.985006, 177.671115, 3429, 518867.0
528, 69.765874, 663.350077, 36.421126, 184.612256, 3530, 524264.0
529, 71.985530, 664.058891, 37.096710, 197.870466, 3281, 504315.0
530, 68.855677, 663.335389, 36.475430, 181.864450, 3488, 527097.0
531, 73.171742, 664.558129, 35.754114, 236.405728, 3293, 495619.0
532, 72.353908, 664.450369, 37.198511, 208.764823, 3342, 495980.0
533, 72.011253, 665.410021, 35.061436, 219.666527, 3280, 489114.0
534, 68.069359, 663.539183, 36.491572, 162.497220, 3515, 527651.0
535, 70.428604, 663.373562, 36.956862, 184.918676, 3467, 516441.0
536, 69.951115, 662.469025, 38.445530, 190.963061, 3439, 514585.0
537, 70.877677, 662.645732, 38.088722, 187.791243, 3491, 520383.0
538, 69.177103, 662.453427, 37.040076, 180.284431, 3562, 531280.0
539, 73.084122, 662.835665, 37.871968, 238.059636, 3265, 484531.0
540, 69.302641, 663.470841, 37.469981, 175.792665, 3523, 524040.0
541, 71.730634, 662.930773, 38.056525, 188.726343, 3354, 497834.0
542, 69.743309, 662.770975, 38.585462, 181.355596, 3523, 524790.0
543, 71.057826, 664.065175, 36.652316, 223.614791, 3423, 510117.0
544, 70.498146, 663.822428, 37.735223, 188.242445, 3482, 522616.0
545, 68.927533, 663.143798, 37.543249, 174.592927, 3530, 526167.0
546, 69.687191, 662.774766, 36.603299, 212.918236, 3353, 497647.0
547, 70.960070, 663.714081, 37.864096, 177.102942, 3541, 527152.0
548, 69.865578, 664.753859, 36.342871, 210.605163, 3425, 508761.0
549, 71.264938, 663.631175, 37.020255, 187.012145, 3526, 525856.0
550, 70.317329, 663.297177, 37.436400, 212.087152, 3395, 504784.0
551, 71.023676, 663.688338, 36.985935, 179.762108, 3463, 515583.0
552, 69.105059, 663.224734, 37.509865, 188.319196, 3492, 520265.0
553, 72.329768, 663.847739, 37.235819, 192.118010, 3299, 488714.0
554, 72.101265, 663.395632, 37.750505, 192.277826, 3355, 497768.0
555, 70.593092, 663.588976, 38.443648, 181.131661, 3491, 519434.0
556, 70.974179, 662.469695, 37.324558, 189.431252, 3452, 513822.0
557, 70.136875, 663.581026, 37.361877, 190.000934, 3483, 517558.0
558, 71.767328, 663.982458, 36.363634, 220.190737, 3281, 485830.0
559, 71.118847, 664.821110, 36.852468, 222.457130, 3367, 499202.0
560, 69.506069, 665.086901, 36.638872, 196.542256, 3534, 525873.0
561, 72.909407, 665.328984, 36.553549, 193.544806, 3394, 502834.0
562, 70.239218, 662.558529, 38.622323, 202.235567, 3457, 514514.0
563, 70.010450, 663.435983, 36.596181, 184.000794, 3526, 524751.0
564, 73.939306, 663.989056, 37.771336, 226.557800, 3346, 495706.0
565, 71.571095, 663.771800, 37.731611, 185.118678, 3415, 507301.0
566, 69.750667, 663.371294, 37.634781, 193.899330, 3524, 528930.0
567, 68.096682, 662.472415, 38.289060, 165.316287, 3493, 525089.0
568, 74.696203, 663.126834, 36.950289, 228.879818, 3358, 498703.0
569, 71.464957, 662.255962, 38.148726, 204.170407, 3439, 522869.0
570, 70.724073, 663.499568, 36.471500, 169.145922, 3554, 528387.0
571, 73.649171, 665.160826, 36.254051, 206.561312, 3327, 490809.0
572, 71.224594, 662.919200, 37.738936, 212.007350, 3265, 483450.0
573, 70.346424, 663.930176, 37.687591, 163.980971, 3502, 521486.0
574, 70.357961, 663.560823, 36.069604, 185.297103, 3405, 505792.0
575, 71.699302, 663.350833, 38.441577, 186.610982, 3449, 512702.0
576, 74.070277, 662.030846, 38.750351, 227.873286, 3334, 495190.0
577, 72.737161, 661.693663, 38.619018, 208.495938, 3323, 492964.0
578, 70.268435, 662.422439, 38.052914, 187.483172, 3454, 512897.0
579, 71.465318, 662.438508, 37.629629, 191.085910, 3368, 497959.0
580, 75.285250, 665.674487, 35.558319, 241.189954, 3350, 495096.0
581, 69.093598, 664.221891, 37.209780, 185.924290, 3534, 525828.0
582, 75.260139, 663.194030, 37.308344, 219.895719, 3322, 490578.0
583, 73.852249, 664.451884, 36.730885, 203.465006, 3378, 500907.0
584, 70.505833, 662.840785, 38.356488, 200.740359, 3384, 503110.0
585, 69.865578, 663.238142, 36.851329, 174.430192, 3531, 525480.0
586, 72.061488, 662.641803, 37.944676, 192.816559, 3344, 495475.0
587, 74.279591, 663.367234, 37.395485, 203.011512, 3295, 509943.0
588, 70.767077, 664.954606, 37.108903, 202.736459, 3280, 488711.0
589, 68.568569, 662.435801, 38.301040, 177.888012, 3454, 514618.0
590, 71.221189, 661.864178, 38.112759, 211.256373, 3256, 483475.0
591, 68.646199, 662.986393, 37.989879, 196.886853, 3472, 517195.0
592, 72.327894, 663.196417, 37.824766, 215.415320, 3355, 498633.0
593, 69.748412, 663.777194, 37.913782, 185.323036, 3538, 528392.0
594, 72.313316, 663.900264, 36.410525, 210.133946, 3311, 490842.0
595, 69.369447, 662.517482, 38.076089, 190.147451, 3443, 511183.0
596, 72.391234, 665.138651, 35.535766, 222.700661, 3253, 483626.0
597, 68.901807, 663.168606, 38.412316, 161.947839, 3495, 527229.0
598, 68.714026, 663.082256, 37.706058, 171.453865, 3561, 535238.0
599, 72.815336, 664.083696, 36.345745, 199.628068, 3358, 500096.0
600, 71.622656, 662.951275, 37.613637, 192.904462, 3318, 493094.0
601, 70.093766, 661.838227, 37.639848, 210.900387, 3370, 501569.0
602, 70.985460, 663.411541, 37.082927, 189.389927, 3389, 503648.0
603, 69.031757, 664.494616, 36.261096, 174.523844, 3482, 518428.0
604, 73.084148, 663.347454, 37.428960, 196.932435, 3349, 496174.0
605, 76.108137, 665.509735, 35.805530, 235.554567, 3297, 514206.0
606, 69.538010, 662.323131, 37.259796, 181.873487, 3496, 525199.0
607, 71.157359, 663.823852, 36.223401, 170.491350, 3473, 515206.0
608, 71.657529, 664.026090, 36.516919, 206.393705, 3299, 488191.0
609, 70.947768, 663.356792, 37.778779, 201.284234, 3502, 520026.0
610, 71.997688, 662.770502, 38.604875, 203.436919, 3389, 502141.0
611, 70.546347, 664.173068, 36.189591, 188.180104, 3392, 503377.0
612, 74.510710, 664.380042, 36.549250, 236.630660, 3283, 484959.0
613, 70.952405, 663.068873, 36.762903, 210.038173, 3370, 501168.0
614, 68.633344, 662.504387, 38.224775, 172.208470, 3520, 524494.0
615, 71.955987, 662.429489, 37.385186, 206.491401, 3326, 492940.0
616, 67.770655, 663.779871, 36.345989, 173.152803, 3453, 514044.0
617, 71.047731, 664.270107, 37.073453, 194.116228, 3417, 506449.0
618, 71.344622, 663.315361, 38.076590, 180.937227, 3501, 520588.0
619, 69.220798, 662.126658, 38.637637, 177.883040, 3516, 523297.0
620, 67.382608, 662.787157, 37.330586, 185.925058, 3398, 505217.0
621, 70.864720, 663.562416, 37.936564, 169.800125, 3501, 521567.0
622, 70.320713, 662.730395, 36.744861, 189.677328, 3392, 505740.0
623, 71.435135, 663.177873, 38.073872, 211.551836, 3374, 501286.0
624, 69.361312, 662.815259, 36.917144, 182.009292, 3470, 515414.0
625, 68.846422, 662.483661, 38.120923, 176.208494, 3494, 519341.0
626, 72.945852, 663.349014, 37.869834, 228.572148, 3312, 489059.0
627, 72.770711, 664.241562, 37.268660, 202.444967, 3315, 493795.0
628, 68.678139, 663.723806, 37.979280, 190.560489, 3493, 540782.0
629, 71.924153, 663.944079, 37.001675, 186.846502, 3425, 509716.0
630, 68.731739, 662.970939, 37.691592, 164.836623, 3568, 532786.0
631, 69.675712, 662.737161, 38.424354, 164.112313, 3494, 522194.0
632, 67.273109, 662.669880, 38.085373, 169.870258, 3449, 514056.0
633, 72.011537, 665.002384, 35.947305, 182.381922, 3331, 504793.0
634, 72.057865, 663.653206, 37.816263, 206.226418, 3317, 501035.0
635, 69.278507, 662.986744, 37.095700, 196.881100, 3444, 512546.0
636, 70.863029, 663.826115, 37.064118, 194.673210, 3262, 482815.0
637, 69.812031, 662.519819, 37.705853, 188.427069, 3540, 530327.0
638, 72.007561, 664.157056, 37.503489, 233.050458, 3250, 487119.0
639, 69.694275, 664.491797, 37.260300, 176.105461, 3490, 521431.0
640, 70.995213, 662.609999, 38.588234, 185.352837, 3485, 519418.0
641, 68.658277, 663.718489, 37.489272, 165.254453, 3550, 534542.0
642, 69.248222, 663.180049, 37.424173, 176.986473, 3495, 520519.0
643, 68.032186, 662.754343, 37.813654, 175.467939, 3411, 507810.0
644, 70.921420, 661.726212, 38.679816, 195.417675, 3403, 506100.0
645, 70.958034, 662.695902, 38.198122, 180.347921, 3448, 513001.0
646, 69.190839, 661.612986, 38.984440, 175.135088, 3509, 522107.0
647, 69.535086, 663.117654, 36.875793, 190.894455, 3383, 500873.0
648, 69.141883, 662.089533, 37.819479, 185.516043, 3505, 522126.0
649, 74.465851, 664.063357, 37.532521, 215.696004, 3329, 492433.0
650, 69.674533, 663.880896, 37.337703, 172.951107, 3512, 522206.0
651, 67.069686, 663.714034, 37.041102, 169.737641, 3478, 517404.0
652, 69.896502, 664.304991, 36.766463, 178.862860, 3491, 518034.0
653, 68.848189, 663.276125, 37.669699, 161.669509, 3567, 532157.0
654, 72.238882, 662.783400, 38.515415, 192.708823, 3348, 509635.0
655, 67.850814, 663.047244, 36.801983, 183.866027, 3445, 512309.0
656, 70.727697, 662.830329, 37.375412, 186.859716, 3354, 498928.0
657, 71.945841, 664.595106, 37.256272, 197.419356, 3408, 507068.0
658, 72.548434, 664.321930, 36.922260, 211.746295, 3346, 495977.0
659, 69.695998, 662.586080, 38.139464, 177.078354, 3479, 518770.0
660, 68.771649, 663.551220, 37.331379, 189.542075, 3519, 524078.0
661, 73.956034, 663.833909, 38.552890, 234.934061, 3343, 494306.0
662, 70.302529, 665.053891, 36.519043, 170.517441, 3519, 523073.0
663, 71.505345, 663.862631, 37.546577, 181.847503, 3457, 513773.0
664, 69.660367, 663.095759, 38.654941, 174.696522, 3507, 522327.0
665, 69.216806, 662.528944, 37.864134, 179.552517, 3530, 525171.0
666, 69.787120, 663.104262, 37.131203, 182.750604, 3447, 512548.0
667, 74.172461, 664.157751, 36.008718, 231.664150, 3330, 492698.0
668, 71.296670, 662.834055, 38.085044, 175.699936, 3444, 535494.0
669, 70.159421, 664.241831, 37.248236, 184.361032, 3555, 527619.0
670, 70.501639, 664.627363, 36.764563, 176.175789, 3522, 523077.0
671, 70.867784, 664.643434, 36.617304, 193.861638, 3394, 503126.0
672, 68.891791, 663.206444, 37.647277, 183.715395, 3461, 525896.0
673, 70.354010, 664.519586, 36.667869, 178.472741, 3472, 515660.0
674, 68.217161, 662.413104, 37.402348, 178.415052, 3477, 516650.0
675, 71.193394, 664.334957, 37.086166, 190.267136, 3461, 514167.0
676, 71.642128, 662.865933, 37.119320, 184.474737, 3252, 482171.0
677, 70.830108, 663.555034, 37.461193, 182.375559, 3445, 512065.0
678, 67.691389, 662.587724, 37.739646, 176.975851, 3463, 517292.0
679, 68.597439, 665.309826, 34.948458, 175.824230, 3531, 525064.0
680, 67.678947, 662.413969, 37.627833, 176.071493, 3447, 513444.0
681, 66.682598, 663.029490, 37.783127, 182.499168, 3499, 520718.0
682, 66.527007, 662.916655, 37.101912, 158.771682, 3482, 518332.0
683, 70.062119, 664.086946, 36.979969, 174.428039, 3549, 527836.0
684, 66.667169, 663.527481, 37.441951, 160.651374, 3471, 516286.0
685, 70.050761, 662.375912, 38.532046, 171.675500, 3495, 520463.0
686, 69.183569, 662.462432, 38.470292, 160.058951, 3516, 524440.0
687, 69.922991, 662.971164, 37.456542, 179.913559, 3504, 521780.0
688, 71.500401, 663.609892, 38.328016, 196.495433, 3353, 501476.0
689, 66.756385, 663.460982, 36.853543, 171.667511, 3482, 520222.0
690, 69.152281, 662.685694, 37.846000, 176.904875, 3475, 519455.0
691, 69.634804, 662.837026, 36.881892, 177.592355, 3547, 528974.0
692, 68.824815, 663.469673, 36.934742, 171.297742, 3554, 530024.0
693, 69.783040, 663.138101, 37.139216, 184.217325, 3508, 522165.0
694, 71.800158, 663.081283, 38.239480, 199.729524, 3398, 504618.0
695, 72.256656, 664.263780, 36.779188, 213.472254, 3243, 480130.0
696, 69.576765, 663.898949, 37.314306, 199.075405, 3444, 512376.0
697, 69.199678, 662.850021, 37.020598, 172.360434, 3512, 523340.0
698, 69.959586, 663.116622, 36.720449, 202.477419, 3376, 500377.0
699, 70.937449, 664.542793, 36.910370, 179.096177, 3450, 511786.0
700, 73.264792, 663.364196, 37.391256, 206.656288, 3408, 503593.0
701, 73.681428, 663.735330, 37.885638, 190.621300, 3400, 502054.0
702, 72.203705, 662.273914, 38.410725, 177.638048, 3393, 503523.0
703, 68.820582, 662.803646, 37.767467, 179.867601, 3478, 517022.0
704, 72.747903, 663.491836, 37.669031, 209.738924, 3320, 492235.0
705, 70.475814, 662.381312, 37.891978, 176.227676, 3501, 520892.0
706, 69.541146, 664.625989, 35.928840, 191.462860, 3481, 516854.0
707, 71.209577, 662.864009, 38.313789, 217.800890, 3240, 485330.0
708, 70.363612, 663.189639, 37.773609, 173.313408, 3465, 516301.0
709, 69.509833, 663.660381, 36.805088, 198.172011, 3476, 518977.0
710, 67.784688, 663.312773, 37.447171, 178.951924, 3430, 510907.0
711, 69.867091, 663.539441, 37.054027, 193.881354, 3474, 517567.0
712, 70.355758, 664.003722, 37.684656, 187.806501, 3462, 515822.0
713, 69.712377, 664.120102, 36.930710, 174.704404, 3554, 529090.0
714, 69.772698, 663.270676, 37.692526, 193.314135, 3415, 511361.0
715, 73.255804, 663.574920, 37.483018, 218.346353, 3356, 496836.0
716, 70.980294, 664.352487, 36.951956, 193.037426, 3425, 508672.0
717, 69.696805, 662.858985, 39.168714, 176.664836, 3448, 513012.0
718, 68.425783, 663.029340, 36.900652, 187.224483, 3473, 516664.0
719, 67.601449, 662.601317, 37.101755, 194.260994, 3412, 508134.0
720, 68.664204, 663.947572, 36.761669, 175.422596, 3456, 514120.0
721, 71.689945, 663.950237, 37.251048, 203.008816, 3338, 495006.0
722, 70.425600, 663.158923, 37.516003, 205.978577, 3404, 515986.0
723, 70.916595, 662.725659, 38.153629, 191.337804, 3485, 518485.0
724, 68.581987, 663.679279, 36.587369, 180.288900, 3538, 578284.0
725, 67.030228, 661.987447, 38.353638, 186.467117, 3427, 530578.0
726, 69.053506, 662.936435, 37.172828, 184.667257, 3556, 530758.0
727, 67.277448, 662.726527, 38.173552, 167.889356, 3508, 521950.0
728, 69.407205, 662.952432, 37.904561, 175.796917, 3527, 525369.0
729, 69.524024, 664.487518, 37.467326, 167.752176, 3505, 538097.0
730, 71.534877, 663.118218, 37.035072, 199.264654, 3347, 500601.0
731, 71.113160, 663.157537, 36.946913, 194.241072, 3327, 495910.0
732, 71.997752, 662.552801, 38.019125, 180.293336, 3368, 503371.0
733, 68.796905, 662.735632, 37.093030, 175.655868, 3538, 526320.0
734, 72.730452, 664.917279, 35.996436, 208.583862, 3216, 474712.0
735, 69.256508, 662.719668, 37.744459, 169.558603, 3562, 530820.0
736, 67.803010, 663.254302, 37.912725, 157.524709, 3566, 530597.0
737, 70.201634, 663.274004, 37.690157, 188.562507, 3475, 516460.0
738, 67.714221, 663.690695, 36.534833, 170.304073, 3516, 522398.0
739, 69.754270, 663.638578, 37.047259, 204.886872, 3458, 523928.0
740, 67.335476, 664.071737, 37.289548, 167.510366, 3494, 519512.0
741, 70.049745, 664.540395, 36.478618, 186.862189, 3421, 507616.0
742, 67.436292, 663.264600, 37.793135, 153.380778, 3533, 525425.0
743, 70.213184, 663.817547, 37.390767, 184.049043, 3497, 519234.0
744, 70.485891, 663.631528, 37.351731, 187.119592, 3496, 519928.0
745, 69.015179, 662.511165, 37.605734, 164.295017, 3576, 532767.0
746, 70.092507, 663.537831, 37.299562, 184.286634, 3504, 521287.0
747, 69.620522, 663.937516, 36.845072, 181.716795, 3485, 517409.0
748, 68.435972, 663.255542, 37.615256, 167.872403, 3492, 520204.0
749, 68.075893, 663.024776, 37.807213, 156.298092, 3489, 540066.0
750, 68.498345, 663.448951, 37.968729, 171.266133, 3560, 531036.0
751, 69.034627, 663.415249, 38.251842, 172.646054, 3548, 532871.0
752, 67.527820, 663.171791, 37.354381, 160.097443, 3483, 520267.0
753, 69.067684, 663.741789, 36.540332, 167.186127, 3495, 519771.0
754, 67.235552, 661.737129, 37.880864, 167.779966, 3445, 513242.0
755, 67.344629, 662.990382, 37.008172, 157.619690, 3490, 519556.0
756, 67.829719, 662.256048, 37.631564, 170.128388, 3534, 525556.0
757, 68.427035, 663.169468, 37.707300, 177.733679, 3491, 517112.0
758, 68.487872, 665.296628, 36.026008, 162.937803, 3507, 520840.0
759, 67.232410, 664.276814, 36.121548, 168.758044, 3483, 517447.0
760, 69.042943, 664.447053, 36.303606, 185.302990, 3535, 525729.0
761, 68.192116, 662.904464, 37.274343, 168.430701, 3527, 525018.0
762, 70.319759, 664.263145, 37.100722, 181.587443, 3557, 528381.0
763, 72.127482, 663.779340, 37.372744, 191.565897, 3364, 498619.0
764, 69.103641, 663.130946, 38.484243, 159.537329, 3575, 533189.0
765, 71.569589, 665.260617, 36.918963, 189.508998, 3368, 505715.0
766, 70.069376, 662.377241, 38.327132, 175.029017, 3488, 524389.0
767, 70.186286, 664.114634, 37.259069, 192.260684, 3498, 524216.0
768, 68.987224, 663.353572, 37.708474, 165.388226, 3503, 522335.0
769, 70.537526, 662.520954, 37.039651, 200.595953, 3381, 522375.0
770, 68.729492, 663.231068, 37.705042, 185.392297, 3454, 514566.0
771, 68.460768, 663.641448, 36.964039, 168.115931, 3495, 523486.0
772, 68.977385, 663.203078, 38.189557, 181.144010, 3500, 522478.0
773, 71.828278, 664.385108, 36.093596, 198.649943, 3340, 496329.0
774, 70.228355, 662.979258, 37.724098, 185.458249, 3498, 522095.0
775, 67.932010, 662.700479, 38.199354, 170.660667, 3518, 525198.0
776, 70.032881, 664.502830, 37.676991, 169.920127, 3517, 524524.0
777, 70.433317, 661.807299, 37.500162, 201.464487, 3394, 504440.0
778, 68.985316, 662.986783, 37.125342, 170.737236, 3511, 523719.0
779, 71.703919, 663.232475, 37.346021, 186.243132, 3349, 497709.0
780, 69.219123, 662.957173, 37.149016, 169.032767, 3572, 532918.0
781, 71.052659, 663.329254, 37.402823, 198.640736, 3509, 522138.0
782, 71.557890, 663.548637, 37.326740, 164.171641, 3413, 506998.0
783, 71.530321, 664.023277, 36.906934, 198.619005, 3377, 501094.0
784, 67.661943, 662.738713, 38.865592, 165.506300, 3534, 527276.0
785, 68.188010, 663.115741, 36.614606, 182.585759, 3478, 518567.0
786, 67.710297, 663.097857, 36.807126, 159.571365, 3537, 528993.0
787, 71.167191, 662.876612, 37.382581, 194.833635, 3280, 486922.0
788, 68.422290, 664.143283, 37.244972, 172.925478, 3496, 521416.0
789, 68.809669, 663.169869, 36.705313, 168.060467, 3546, 528086.0
790, 68.452567, 663.766340, 38.194496, 159.949936, 3538, 527764.0
791, 67.384562, 664.057925, 36.418099, 165.654631, 3475, 517584.0
792, 69.234164, 662.711784, 37.128380, 179.444129, 3510, 524451.0
793, 69.190257, 662.100844, 37.863729, 169.051299, 3447, 513939.0
794, 66.649490, 663.245974, 37.240605, 153.168388, 3470, 517972.0
795, 69.716265, 662.299070, 38.311018, 190.344104, 3480, 518979.0
796, 70.813659, 662.866106, 38.025018, 193.396767, 3471, 515921.0
797, 68.607832, 663.751819, 37.825586, 159.721140, 3558, 530717.0
798, 67.288029, 662.985566, 37.858314, 160.312321, 3522, 524792.0
799, 69.700532, 664.421304, 37.360797, 171.750295, 3541, 526253.0
800, 68.550102, 663.711656, 35.941100, 181.853182, 3529, 523856.0
801, 69.230473, 663.195163, 38.274955, 156.444290, 3556, 529270.0
802, 66.480509, 662.396882, 36.816624, 164.627611, 3498, 519373.0
803, 72.565844, 664.050310, 37.247792, 207.985781, 3362, 497475.0
804, 71.044307, 664.486467, 36.545044, 199.352138, 3407, 504969.0
805, 71.287724, 662.823754, 37.178690, 188.954257, 3511, 521537.0
806, 68.684222, 662.917895, 36.745289, 188.037407, 3412, 507746.0
807, 69.927792, 664.062858, 35.956769, 195.611802, 3458, 513716.0
808, 70.229381, 663.840757, 36.939276, 171.500353, 3516, 523295.0
809, 70.250653, 663.717992, 37.388204, 186.304176, 3480, 519097.0
810, 67.161932, 662.752294, 37.951585, 165.296842, 3465, 526750.0
811, 68.942624, 664.019825, 37.790756, 165.664012, 3476, 517487.0
812, 68.891497, 662.533672, 37.601655, 165.630522, 3570, 531672.0
813, 70.967498, 662.840746, 37.422612, 184.770536, 3427, 513809.0
814, 68.859879, 662.798575, 37.314095, 189.193961, 3416, 507457.0
815, 69.394610, 663.363509, 37.438435, 191.282835, 3458, 513653.0
816, 69.367454, 664.371463, 37.379202, 173.209204, 3458, 514598.0
817, 71.776002, 664.070369, 37.995459, 199.940546, 3303, 489340.0
818, 67.312962, 662.848256, 36.875066, 176.148299, 3416, 508792.0
819, 69.830336, 664.229395, 36.703767, 179.183929, 3450, 514736.0
820, 69.454706, 663.346577, 37.452384, 179.486409, 3536, 526185.0
821, 70.266025, 662.957727, 38.166161, 184.751805, 3505, 520399.0
822, 71.033350, 663.098550, 37.213853, 185.655894, 3480, 516045.0
823, 71.040425, 663.491064, 38.234163, 186.645538, 3467, 514351.0
824, 69.852822, 661.721102, 38.828193, 199.756313, 3403, 504185.0
825, 69.884810, 662.338491, 38.063562, 200.111649, 3433, 509170.0
826, 67.993132, 662.308849, 38.313874, 171.039810, 3511, 521335.0
827, 67.587659, 663.378347, 36.987610, 174.982645, 3452, 511756.0
828, 66.499542, 660.855102, 37.941221, 162.917206, 3456, 513206.0
829, 68.515101, 662.758394, 36.806264, 181.296118, 3500, 519170.0
830, 68.593995, 662.728077, 39.056719, 149.089777, 3519, 531098.0
831, 68.281701, 662.080320, 38.510372, 168.195622, 3551, 531105.0
832, 68.749185, 662.609986, 37.550457, 197.806098, 3549, 531094.0
833, 70.561928, 663.238576, 38.035187, 194.007111, 3507, 531944.0
834, 68.757871, 663.600860, 36.994291, 179.907730, 3506, 522926.0
835, 68.239650, 662.872795, 36.513359, 184.554228, 3438, 511227.0
836, 69.532304, 663.141701, 37.854532, 166.530988, 3563, 531980.0
837, 69.937065, 662.402939, 37.522739, 170.124613, 3459, 515030.0
838, 69.201315, 663.748288, 36.996605, 173.328484, 3560, 530639.0
839, 69.475801, 664.225998, 36.365193, 199.542516, 3442, 511364.0
840, 68.807175, 662.725416, 38.089864, 179.148381, 3539, 528372.0
841, 69.972175, 664.607593, 37.601636, 186.883284, 3443, 511921.0
842, 71.835568, 662.956347, 38.343371, 190.659664, 3399, 505518.0
843, 66.898202, 662.263487, 37.809865, 164.010902, 3433, 535423.0
844, 68.263408, 663.339394, 36.772046, 175.022417, 3451, 515615.0
845, 67.339173, 663.271810, 36.837093, 168.111563, 3450, 514464.0
846, 68.318753, 662.258805, 38.087489, 175.993334, 3519, 524627.0
847, 69.582602, 663.020468, 37.288977, 161.787800, 3566, 532581.0
848, 68.178415, 663.064272, 37.274343, 171.745468, 3510, 523570.0
849, 69.079415, 662.655488, 36.931778, 159.620768, 3545, 528168.0
850, 67.777057, 662.985673, 37.009771, 172.492134, 3449, 513370.0
851, 70.811564, 663.126778, 38.216045, 197.913303, 3482, 514903.0
852, 67.259137, 664.047007, 36.562364, 166.370637, 3495, 518234.0
853, 69.842355, 663.178113, 37.615831, 159.796468, 3544, 525933.0
854, 67.899964, 663.031348, 34.218210, 375.490800, 3229, 476168.0
855, 71.640231, 664.197301, 36.631360, 182.457758, 3421, 509377.0
856, 68.248029, 661.253658, 38.257010, 151.206279, 3544, 537404.0
857, 66.682189, 663.085156, 37.422105, 149.442299, 3486, 519517.0
858, 68.183701, 662.681997, 37.859907, 161.157055, 3571, 532383.0
859, 67.639174, 662.883521, 36.500512, 171.652246, 3486, 525181.0
860, 70.872082, 664.446748, 35.289367, 204.849240, 3339, 494846.0
861, 67.210936, 663.961412, 37.212478, 181.172382, 3469, 515522.0
862, 67.322999, 661.700820, 38.473829, 188.697054, 3454, 513769.0
863, 67.628252, 662.323597, 37.702774, 167.033984, 3512, 525738.0
864, 68.600979, 663.703096, 36.824553, 182.181280, 3493, 543401.0
865, 69.776087, 662.727592, 37.579553, 172.383370, 3567, 532071.0
866, 70.181996, 662.694105, 36.991803, 184.228364, 3461, 514888.0
867, 69.183654, 662.999688, 36.996790, 158.593869, 3571, 531056.0
868, 72.884056, 664.120192, 38.165904, 199.481839, 3373, 499828.0
869, 69.442000, 663.190743, 37.017775, 189.355746, 3427, 509151.0
870, 70.501548, 662.320107, 38.414739, 185.479333, 3488, 524300.0
871, 67.527125, 664.409250, 36.987263, 172.192238, 3468, 516013.0
872, 70.450525, 663.279074, 37.024900, 179.056658, 3487, 520306.0
873, 71.537593, 663.328879, 37.174701, 183.635007, 3366, 499346.0
874, 67.830573, 663.358015, 37.470596, 175.798663, 3509, 522367.0
875, 71.763683, 662.841104, 37.176819, 202.189433, 3321, 492544.0
876, 70.879960, 664.058428, 37.401083, 190.866813, 3409, 505539.0
877, 66.920392, 663.492073, 37.330459, 184.220589, 3524, 524484.0
878, 69.711384, 663.453078, 37.745021, 181.979496, 3456, 513733.0
879, 70.337886, 664.438276, 36.017931, 182.775635, 3418, 513417.0
880, 67.333062, 663.699373, 36.764408, 144.238801, 3508, 522311.0
881, 70.054418, 663.717784, 36.143476, 174.040858, 3426, 508824.0
882, 68.946584, 663.952216, 37.762753, 165.420086, 3563, 530504.0
883, 70.180481, 664.190420, 36.994173, 175.446895, 3538, 526863.0
884, 67.861657, 663.687757, 36.080005, 172.838781, 3468, 516161.0
885, 69.940953, 661.344548, 38.529652, 172.193236, 3461, 514863.0
886, 70.318141, 662.799170, 37.256718, 197.293894, 3346, 496297.0
887, 69.657265, 663.155478, 38.014968, 154.032236, 3495, 526963.0
888, 69.296258, 663.039442, 37.631044, 178.505956, 3506, 521647.0
889, 68.044095, 663.677141, 37.158485, 151.192678, 3567, 531139.0
890, 69.752184, 662.431597, 37.777918, 164.022150, 3544, 538110.0
891, 69.476344, 664.235273, 36.020937, 183.887865, 3521, 521668.0
892, 71.244284, 663.491527, 38.214785, 194.649551, 3494, 519052.0
893, 70.216246, 663.958907, 37.194942, 179.915783, 3469, 515161.0
894, 68.331605, 661.929873, 37.804410, 179.821350, 3528, 528238.0
895, 68.743786, 663.203254, 38.034467, 169.994436, 3522, 524884.0
896, 71.166355, 663.064658, 37.475543, 194.761907, 3383, 502170.0
897, 67.422059, 661.952901, 36.938591, 178.591333, 3431, 509660.0
898, 71.098417, 663.589557, 36.515808, 163.131671, 3396, 504236.0
899, 67.734626, 663.158113, 37.466452, 182.998491, 3513, 523069.0
900, 66.360731, 662.560532, 37.008588, 166.066977, 3390, 503844.0
901, 68.907154, 661.408274, 38.635508, 166.803982, 3445, 514063.0
902, 67.841790, 662.526523, 37.934046, 162.201369, 3474, 516279.0
903, 69.436919, 663.792920, 37.941967, 159.766302, 3546, 528714.0
904, 71.367744, 662.715288, 38.459059, 178.060238, 3436, 511470.0
905, 68.157147, 662.846359, 36.184546, 175.962238, 3359, 499948.0
906, 71.992198, 664.407220, 37.086073, 193.279773, 3335, 494935.0
907, 70.089497, 662.448451, 38.653025, 155.942596, 3446, 513021.0
908, 65.431145, 663.575391, 37.685393, 151.460094, 3455, 513795.0
909, 69.179447, 662.191672, 38.686456, 171.145953, 3578, 534248.0
910, 68.131154, 663.129698, 38.672275, 151.229044, 3513, 525258.0
911, 69.831505, 663.121825, 37.213177, 168.771036, 3491, 522942.0
912, 68.867443, 662.421592, 37.771463, 167.952476, 3531, 524922.0
913, 71.645155, 664.202096, 37.244548, 198.890715, 3354, 497628.0
914, 69.897998, 662.671355, 38.290284, 165.710864, 3510, 524050.0
915, 71.727718, 663.060918, 37.830775, 202.057491, 3384, 504145.0
916, 68.435635, 662.222780, 38.075466, 151.774396, 3551, 529670.0
917, 72.313526, 664.080470, 37.334586, 192.572443, 3396, 503860.0
918, 71.031032, 663.406482, 37.839475, 185.764910, 3482, 517729.0
919, 68.264263, 662.490263, 37.261041, 159.965257, 3534, 525033.0
920, 69.416778, 663.695453, 37.284491, 193.476401, 3362, 499512.0
921, 67.496379, 661.421791, 38.164191, 159.749891, 3439, 511795.0
922, 68.356975, 663.110875, 37.684153, 162.085016, 3488, 519535.0
923, 68.891303, 664.116200, 36.719674, 170.442167, 3478, 517375.0
924, 71.249584, 663.620252, 36.812075, 197.367144, 3339, 496674.0
925, 72.459277, 662.934432, 37.116845, 185.873873, 3351, 496789.0
926, 65.537515, 663.711674, 36.335156, 191.941733, 3304, 490721.0
927, 70.258239, 664.212421, 36.402782, 183.711147, 3510, 521868.0
928, 70.180067, 663.756523, 37.243610, 177.424083, 3436, 510863.0
929, 68.976914, 663.211877, 37.064606, 162.833309, 3564, 531440.0
930, 68.739530, 663.217575, 37.243005, 174.702641, 3513, 527920.0
931, 69.935689, 663.746441, 36.515701, 184.190493, 3471, 547524.0
932, 67.034931, 663.230807, 37.441212, 189.741617, 3490, 542389.0
933, 69.598473, 662.518720, 37.931800, 168.493791, 3435, 512437.0
934, 66.376925, 663.000484, 38.091149, 160.204390, 3458, 516486.0
935, 70.245027, 662.804521, 38.156913, 174.931233, 3462, 516588.0
936, 69.089208, 661.746204, 38.281005, 158.716432, 3554, 531295.0
937, 71.659988, 664.910067, 35.580288, 205.111132, 3319, 492973.0
938, 72.962850, 663.891789, 36.303620, 208.352391, 3294, 488573.0
939, 69.395790, 663.135000, 37.973036, 185.793032, 3461, 529014.0
940, 69.266123, 664.385345, 37.083581, 176.194233, 3462, 517523.0
941, 70.032542, 663.381387, 37.327188, 180.384619, 3526, 528052.0
942, 69.466651, 664.188245, 36.412274, 178.354299, 3500, 521149.0
943, 70.759671, 662.739205, 36.759439, 195.991027, 3365, 501148.0
944, 68.092215, 663.150925, 37.155627, 183.169206, 3495, 523006.0
945, 69.978588, 662.815897, 38.618649, 170.780030, 3535, 527689.0
946, 69.893354, 662.969295, 37.471624, 165.521486, 3518, 524694.0
947, 69.026847, 663.731333, 38.091469, 145.871671, 3563, 533085.0
948, 71.103571, 662.280127, 37.652046, 212.026608, 3293, 490481.0
949, 69.847711, 664.705560, 36.026199, 168.948127, 3530, 527433.0
950, 73.799099, 664.426929, 37.102959, 198.810598, 3358, 500587.0
951, 68.424339, 663.447922, 36.830232, 191.349260, 3427, 530381.0
952, 67.571094, 661.359563, 38.070682, 175.935362, 3430, 511533.0
953, 69.648102, 661.705140, 37.642693, 180.176112, 3413, 508934.0
954, 70.254069, 662.750113, 37.574734, 194.291074, 3408, 505337.0
955, 69.604790, 663.310068, 37.932919, 175.953540, 3510, 523989.0
956, 71.665998, 664.052418, 35.682409, 196.232702, 3335, 493482.0
957, 68.988339, 663.344697, 36.706241, 174.380534, 3548, 528606.0
958, 69.128358, 663.377215, 37.385599, 155.076529, 3551, 529683.0
959, 68.984870, 662.531838, 38.968214, 172.244768, 3527, 525887.0
960, 68.405369, 663.652762, 37.102589, 158.728616, 3499, 521493.0
961, 68.910084, 662.715381, 37.982719, 160.290134, 3528, 528447.0
962, 68.341913, 662.277900, 37.474694, 185.040963, 3471, 517230.0
963, 68.512148, 663.710929, 37.343038, 172.131642, 3504, 521502.0
964, 71.077880, 662.266272, 38.034767, 176.011781, 3539, 527448.0
965, 68.032241, 662.139322, 38.336248, 151.978862, 3542, 528682.0
966, 69.358770, 663.516888, 37.461360, 160.263345, 3558, 529308.0
967, 70.317949, 664.021646, 37.202508, 165.150064, 3547, 527988.0
968, 68.485439, 663.048605, 37.912844, 154.447417, 3568, 532420.0
969, 69.015217, 663.832429, 38.021123, 162.354248, 3556, 529086.0
970, 68.495560, 663.586285, 36.721339, 167.752378, 3491, 519468.0
971, 69.982008, 663.831268, 37.250449, 153.766812, 3523, 544138.0
972, 67.962630, 663.626919, 38.077704, 143.886983, 3541, 527238.0
973, 68.855550, 662.184454, 38.533567, 155.671708, 3560, 530500.0
974, 70.508335, 662.646561, 38.067751, 196.632463, 3503, 521056.0
975, 70.657516, 663.099301, 37.862283, 182.303624, 3476, 517228.0
976, 66.273150, 663.312427, 37.036045, 142.684267, 3499, 521208.0
977, 71.455939, 663.414860, 37.745278, 184.502311, 3369, 500051.0
978, 67.874438, 663.369125, 38.051566, 150.881783, 3579, 533520.0
979, 68.978449, 663.320853, 36.817125, 178.793756, 3515, 523713.0
980, 73.327009, 663.805373, 36.777196, 204.707346, 3338, 494034.0
981, 68.594674, 662.448302, 38.173646, 168.553620, 3514, 523502.0
982, 70.419487, 664.697512, 36.810312, 175.312977, 3465, 515818.0
983, 69.979519, 663.406591, 38.274559, 183.089454, 3374, 502528.0
984, 70.662411, 662.361477, 37.484075, 171.834607, 3496, 520329.0
985, 69.755939, 663.382410, 36.260016, 181.293966, 3531, 524950.0
986, 69.206683, 664.186494, 36.887624, 166.332399, 3532, 526035.0
987, 70.279026, 663.406400, 37.798343, 171.741683, 3443, 512577.0
988, 67.717644, 662.723883, 38.278549, 155.751370, 3535, 526857.0
989, 68.258677, 664.230016, 37.051541, 195.506777, 3467, 536495.0
990, 69.139329, 663.058579, 37.882385, 170.740867, 3500, 533212.0
991, 70.893970, 663.728316, 36.821043, 164.257920, 3514, 523285.0
992, 68.038474, 664.243623, 36.608875, 170.408281, 3507, 522495.0
993, 70.042702, 664.004189, 37.134299, 178.123046, 3517, 535076.0
994, 71.299233, 663.054557, 37.724753, 172.785297, 3480, 528978.0
995, 67.368577, 662.852255, 37.468207, 162.154721, 3480, 527281.0
996, 70.889548, 663.764261, 37.309386, 175.557521, 3497, 522004.0
997, 69.408569, 662.729190, 37.977951, 179.558253, 3409, 538475.0
998, 69.275509, 663.704152, 37.396666, 180.078556, 3473, 520656.0
999, 70.991780, 662.382808, 38.398749, 184.774386, 3442, 511910.0
